59.6745,0
59.7814,0
59.8883,83
59.9952,29
60.1021,15
60.209,0
60.3159,1
60.4228,16
60.5296,0
60.6365,0
60.7434,23
60.8503,10
60.9572,7
61.0641,11
61.171,12
61.2779,0
61.3848,3
61.4917,33
61.5986,7
61.7055,0
61.8124,0
61.9193,0
62.0261,0
62.133,13
62.2399,0
62.3468,20
62.4537,1
62.5606,1
62.6675,0
62.7744,28
62.8813,12
62.9882,25
63.0951,0
63.202,0
63.3089,16
63.4158,15
63.5226,25
63.6295,0
63.7364,10
63.8433,9
63.9502,0
64.0571,10
64.164,0
64.2709,0
64.3778,0
64.4847,6
64.5916,0
64.6985,12
64.8054,0
64.9123,0
65.0192,10
65.1261,8
65.2329,0
65.3398,0
65.4467,5
65.5536,5
65.6605,9
65.7674,7
65.8743,0
65.9812,0
66.0881,17
66.195,0
66.3019,0
66.4088,2
66.5157,39
66.6226,20
66.7295,9
66.8364,16
66.9433,0
67.0502,0
67.157,15
67.2639,14
67.3708,0
67.4777,0
67.5846,0
67.6915,29
67.7984,18
67.9053,7
68.0122,0
68.1191,5
68.226,2
68.3329,28
68.4398,2
68.5467,0
68.6536,5
68.7605,7
68.8674,9
68.9743,0
69.0812,0
69.1881,0
69.295,5
69.4018,0
69.5087,8
69.6156,8
69.7225,12
69.8294,0
69.9363,8
70.0432,0
70.1501,0
70.257,0
70.3639,0
70.4708,0
70.5777,32
70.6846,27
70.7915,5
70.8984,7
71.0053,0
71.1122,2
71.2191,11
71.326,25
71.4329,19
71.5398,0
71.6467,0
71.7536,10
71.8605,14
71.9674,0
72.0742,23
72.1811,0
72.288,18
72.3949,0
72.5018,8
72.6087,2
72.7156,2
72.8225,10
72.9294,0
73.0363,1
73.1432,0
73.2501,4
73.357,0
73.4639,15
73.5708,0
73.6777,0
73.7846,0
73.8915,0
73.9984,19
74.1053,25
74.2122,6
74.3191,0
74.426,0
74.5329,8
74.6398,16
74.7467,6
74.8536,26
74.9605,0
75.0674,37
75.1743,0
75.2812,0
75.3881,0
75.495,0
75.6019,8
75.7088,0
75.8157,0
75.9225,0
76.0294,19
76.1363,25
76.2432,34
76.3501,32
76.457,29
76.5639,15
76.6708,0
76.7777,25
76.8846,24
76.9915,6
77.0984,6
77.2053,18
77.3122,0
77.4191,0
77.526,19
77.6329,17
77.7398,11
77.8467,42
77.9536,0
78.0605,26
78.1674,17
78.2743,0
78.3812,0
78.4881,22
78.595,0
78.7019,0
78.8088,0
78.9157,14
79.0226,0
79.1295,0
79.2364,2
79.3433,2
79.4502,10
79.5571,32
79.664,10
79.7709,5
79.8778,16
79.9847,2
80.0916,0
80.1985,1
80.3054,11
80.4123,8
80.5192,4
80.6261,0
80.733,5
80.8399,2
80.9468,8
81.0537,0
81.1606,0
81.2675,26
81.3744,28
81.4813,0
81.5882,2
81.6951,7
81.802,0
81.9089,9
82.0158,10
82.1227,15
82.2296,0
82.3365,0
82.4434,17
82.5503,10
82.6572,0
82.7641,12
82.871,0
82.9779,0
83.0848,11
83.1917,0
83.2986,0
83.4055,1
83.5124,0
83.6193,0
83.7262,5
83.8331,0
83.94,0
84.0469,19
84.1538,9
84.2607,3
84.3676,6
84.4745,7
84.5814,7
84.6883,15
84.7952,1
84.9021,0
85.009,0
85.1159,3
85.2228,0
85.3297,0
85.4366,0
85.5435,1
85.6504,0
85.7573,0
85.8642,6
85.9711,24
86.078,0
86.1849,9
86.2918,0
86.3987,8
86.5056,35
86.6125,0
86.7194,16
86.8263,5
86.9332,26
87.0401,0
87.147,0
87.2539,0
87.3608,51
87.4677,6
87.5746,2
87.6815,11
87.7884,0
87.8953,18
88.0022,0
88.1091,0
88.216,14
88.3229,26
88.4298,29
88.5367,0
88.6436,0
88.7505,0
88.8574,30
88.9643,0
89.0712,4
89.1781,22
89.285,1
89.3919,8
89.4988,28
89.6057,23
89.7126,0
89.8195,0
89.9264,0
90.0334,1
90.1403,0
90.2472,0
90.3541,15
90.461,17
90.5679,2
90.6748,3
90.7817,20
90.8886,0
90.9955,0
91.1024,14
91.2093,20
91.3162,7
91.4231,0
91.53,12
91.6369,29
91.7438,0
91.8507,0
91.9576,48
92.0645,21
92.1714,16
92.2783,11
92.3852,0
92.4921,0
92.599,0
92.7059,25
92.8128,22
92.9197,0
93.0266,1
93.1335,18
93.2404,14
93.3473,0
93.4542,14
93.5611,4
93.668,17
93.7749,14
93.8818,0
93.9887,3
94.0956,15
94.2025,16
94.3095,1
94.4164,0
94.5233,0
94.6302,26
94.7371,5
94.844,0
94.9509,13
95.0578,0
95.1647,0
95.2716,0
95.3785,0
95.4854,10
95.5923,19
95.6992,0
95.8061,16
95.913,22
96.0199,22
96.1268,4
96.2337,0
96.3406,7
96.4475,1
96.5544,12
96.6613,0
96.7682,0
96.8751,20
96.982,17
97.0889,0
97.1958,0
97.3027,0
97.4097,0
97.5166,0
97.6235,14
97.7304,0
97.8373,0
97.9442,0
98.0511,18
98.158,15
98.2649,0
98.3718,1
98.4787,0
98.5856,0
98.6925,10
98.7994,0
98.9063,0
99.0132,26
99.1201,12
99.227,0
99.3339,0
99.4408,22
99.5477,7
99.6546,18
99.7615,14
99.8684,0
99.9753,0
100.082,24
100.189,0
100.296,0
100.403,0
100.51,17
100.617,13
100.724,0
100.831,0
100.937,17
101.044,5
101.151,21
101.258,0
101.365,6
101.472,0
101.579,4
101.686,9
101.793,28
101.9,7
102.007,5
102.113,2
102.22,15
102.327,18
102.434,0
102.541,0
102.648,75
102.755,27
102.862,0
102.969,0
103.076,0
103.182,8
103.289,28
103.396,0
103.503,0
103.61,0
103.717,0
103.824,16
103.931,19
104.038,0
104.145,4
104.252,11
104.358,19
104.465,0
104.572,4
104.679,0
104.786,0
104.893,0
105,9
105.107,12
105.214,0
105.321,18
105.427,3
105.534,6
105.641,24
105.748,1
105.855,25
105.962,0
106.069,17
106.176,16
106.283,0
106.39,8
106.497,0
106.603,0
106.71,0
106.817,7
106.924,11
107.031,0
107.138,0
107.245,8
107.352,14
107.459,20
107.566,0
107.673,20
107.779,17
107.886,5
107.993,3
108.1,0
108.207,17
108.314,0
108.421,1
108.528,4
108.635,1
108.742,0
108.848,0
108.955,11
109.062,0
109.169,0
109.276,5
109.383,3
109.49,24
109.597,8
109.704,0
109.811,0
109.918,16
110.024,22
110.131,9
110.238,0
110.345,1
110.452,4
110.559,19
110.666,8
110.773,3
110.88,0
110.987,0
111.094,6
111.2,4
111.307,5
111.414,6
111.521,0
111.628,0
111.735,4
111.842,6
111.949,0
112.056,0
112.163,24
112.269,0
112.376,11
112.483,0
112.59,0
112.697,0
112.804,13
112.911,0
113.018,2
113.125,0
113.232,0
113.339,13
113.445,34
113.552,17
113.659,0
113.766,0
113.873,0
113.98,19
114.087,19
114.194,0
114.301,0
114.408,10
114.515,25
114.621,0
114.728,0
114.835,12
114.942,3
115.049,12
115.156,0
115.263,21
115.37,4
115.477,19
115.584,3
115.69,13
115.797,0
115.904,0
116.011,18
116.118,16
116.225,6
116.332,24
116.439,0
116.546,0
116.653,9
116.76,16
116.866,0
116.973,21
117.08,26
117.187,15
117.294,27
117.401,37
117.508,20
117.615,0
117.722,10
117.829,0
117.936,4
118.042,0
118.149,0
118.256,0
118.363,0
118.47,5
118.577,12
118.684,0
118.791,0
118.898,13
119.005,28
119.112,2
119.218,6
119.325,24
119.432,0
119.539,0
119.646,0
119.753,0
119.86,34
119.967,12
120.074,0
120.181,0
120.287,44
120.394,19
120.501,5
120.608,0
120.715,2
120.822,12
120.929,31
121.036,0
121.143,0
121.25,4
121.357,16
121.463,15
121.57,12
121.677,11
121.784,23
121.891,20
121.998,0
122.105,17
122.212,5
122.319,29
122.426,0
122.533,9
122.639,30
122.746,11
122.853,9
122.96,0
123.067,0
123.174,13
123.281,0
123.388,0
123.495,6
123.602,14
123.709,0
123.815,13
123.922,15
124.029,17
124.136,18
124.243,1
124.35,0
124.457,0
124.564,0
124.671,0
124.778,0
124.885,0
124.991,15
125.098,14
125.205,13
125.312,2
125.419,8
125.526,19
125.633,17
125.74,0
125.847,0
125.954,0
126.061,4
126.167,3
126.274,15
126.381,0
126.488,3
126.595,0
126.702,0
126.809,29
126.916,6
127.023,0
127.13,30
127.236,11
127.343,0
127.45,0
127.557,0
127.664,24
127.771,0
127.878,0
127.985,3
128.092,18
128.199,12
128.306,15
128.412,0
128.519,45
128.626,0
128.733,24
128.84,4
128.947,15
129.054,0
129.161,0
129.268,18
129.375,0
129.482,11
129.588,8
129.695,51
129.802,5
129.909,0
130.016,17
130.123,16
130.23,19
130.337,22
130.444,6
130.551,0
130.658,11
130.764,0
130.871,33
130.978,0
131.085,0
131.192,0
131.299,16
131.406,10
131.513,0
131.62,10
131.727,24
131.834,0
131.94,0
132.047,10
132.154,35
132.261,10
132.368,19
132.475,1
132.582,0
132.689,0
132.796,2
132.903,0
133.01,10
133.116,9
133.223,8
133.33,17
133.437,21
133.544,0
133.651,19
133.758,0
133.865,1
133.972,8
134.079,0
134.186,0
134.292,0
134.399,0
134.506,0
134.613,0
134.72,34
134.827,26
134.934,0
135.041,0
135.148,0
135.255,0
135.362,6
135.468,17
135.575,9
135.682,0
135.789,0
135.896,11
136.003,24
136.11,3
136.217,2
136.324,35
136.431,34
136.538,7
136.644,0
136.751,27
136.858,12
136.965,15
137.072,29
137.179,26
137.286,0
137.393,0
137.5,17
137.607,8
137.714,0
137.82,0
137.927,0
138.034,14
138.141,24
138.248,0
138.355,5
138.462,13
138.569,2
138.676,2
138.783,21
138.89,0
138.996,0
139.103,12
139.21,3
139.317,10
139.424,8
139.531,0
139.638,29
139.745,16
139.852,13
139.959,21
140.065,0
140.172,5
140.279,0
140.386,0
140.493,0
140.6,0
140.707,20
140.814,0
140.921,7
141.028,7
141.135,1
141.241,4
141.348,14
141.455,9
141.562,0
141.669,21
141.776,6
141.883,24
141.99,12
142.097,8
142.204,6
142.311,0
142.417,0
142.524,26
142.631,2
142.738,0
142.845,14
142.952,16
143.059,2
143.166,20
143.273,2
143.38,34
143.487,9
143.593,14
143.7,0
143.807,11
143.914,0
144.021,0
144.128,8
144.235,0
144.342,0
144.449,19
144.556,9
144.663,2
144.769,0
144.876,17
144.983,0
145.09,0
145.197,0
145.304,0
145.411,28
145.518,26
145.625,31
145.732,3
145.839,0
145.945,0
146.052,4
146.159,6
146.266,11
146.373,0
146.48,13
146.587,8
146.694,1
146.801,14
146.908,20
147.015,0
147.121,0
147.228,8
147.335,6
147.442,15
147.549,17
147.656,1
147.763,26
147.87,14
147.977,26
148.084,0
148.191,0
148.297,0
148.404,0
148.511,2
148.618,0
148.725,20
148.832,14
148.939,0
149.046,0
149.153,0
149.26,22
149.367,32
149.473,2
149.58,6
149.687,27
149.794,17
149.901,25
150.008,1
150.115,0
150.222,0
150.329,0
150.436,0
150.543,21
150.649,4
150.756,0
150.863,0
150.97,28
151.077,9
151.184,4
151.291,0
151.398,2
151.505,8
151.612,4
151.719,18
151.825,0
151.932,14
152.039,10
152.146,7
152.253,24
152.36,0
152.467,15
152.574,0
152.681,7
152.788,7
152.894,0
153.001,30
153.108,0
153.215,14
153.322,1
153.429,4
153.536,10
153.643,16
153.75,0
153.857,0
153.964,0
154.07,33
154.177,3
154.284,6
154.391,0
154.498,2
154.605,8
154.712,11
154.819,18
154.926,6
155.033,8
155.14,25
155.246,2
155.353,10
155.46,5
155.567,0
155.674,29
155.781,5
155.888,0
155.995,0
156.102,16
156.209,22
156.316,11
156.422,0
156.529,0
156.636,15
156.743,7
156.85,0
156.957,0
157.064,30
157.171,0
157.278,0
157.385,9
157.492,16
157.598,5
157.705,3
157.812,4
157.919,0
158.026,7
158.133,15
158.24,0
158.347,2
158.454,0
158.561,0
158.668,6
158.774,0
158.881,0
158.988,25
159.095,18
159.202,25
159.309,11
159.416,31
159.523,15
159.63,0
159.737,0
159.844,0
159.95,0
160.057,0
160.164,0
160.271,0
160.378,11
160.485,0
160.592,0
160.699,6
160.806,13
160.913,7
161.019,12
161.126,0
161.233,4
161.34,0
161.447,10
161.554,10
161.661,0
161.768,0
161.875,0
161.982,0
162.089,2
162.195,0
162.302,2
162.409,0
162.516,14
162.623,1
162.73,8
162.837,7
162.944,9
163.051,23
163.158,22
163.265,0
163.371,9
163.478,21
163.585,0
163.692,0
163.799,3
163.906,17
164.013,9
164.12,2
164.227,0
164.334,22
164.441,11
164.547,6
164.654,1
164.761,11
164.868,7
164.975,8
165.082,21
165.189,14
165.296,25
165.403,14
165.51,0
165.616,0
165.723,8
165.83,12
165.937,0
166.044,10
166.151,22
166.258,15
166.365,0
166.472,0
166.579,0
166.686,0
166.792,17
166.899,21
167.006,0
167.113,0
167.22,19
167.327,0
167.434,0
167.541,10
167.648,0
167.755,3
167.862,17
167.968,0
168.075,0
168.182,23
168.289,2
168.396,6
168.503,3
168.61,0
168.717,0
168.824,5
168.931,0
169.037,0
169.144,0
169.251,7
169.358,5
169.465,20
169.572,9
169.679,29
169.786,0
169.893,0
170,0
170.107,20
170.213,0
170.32,0
170.427,6
170.534,6
170.641,0
170.748,28
170.855,11
170.962,13
171.069,24
171.176,0
171.283,0
171.389,0
171.496,25
171.603,22
171.71,0
171.817,0
171.924,0
172.031,16
172.138,2
172.245,0
172.352,21
172.458,0
172.565,21
172.672,6
172.779,7
172.886,19
172.993,11
173.1,0
173.207,3
173.314,3
173.421,0
173.528,0
173.634,0
173.741,16
173.848,0
173.955,0
174.062,39
174.169,0
174.276,5
174.383,36
174.49,19
174.597,2
174.704,0
174.81,3
174.917,7
175.024,0
175.131,14
175.238,18
175.345,22
175.452,0
175.559,14
175.666,24
175.773,10
175.879,21
175.986,0
176.093,9
176.2,33
176.307,11
176.414,11
176.521,19
176.628,3
176.735,0
176.842,0
176.949,0
177.055,0
177.162,0
177.269,0
177.376,0
177.483,16
177.59,6
177.697,0
177.804,0
177.911,0
178.018,0
178.124,0
178.231,0
178.338,23
178.445,28
178.552,0
178.659,1
178.766,25
178.873,13
178.98,0
179.087,21
179.194,15
179.3,8
179.407,0
179.514,16
179.621,9
179.728,0
179.835,10
179.942,0
180.049,0
180.156,0
180.263,21
180.369,2
180.476,0
180.583,8
180.69,19
180.797,0
180.904,0
181.011,0
181.118,22
181.225,9
181.332,0
181.439,0
181.545,37
181.652,5
181.759,24
181.866,0
181.973,25
182.08,17
182.187,0
182.294,9
182.401,5
182.508,25
182.614,0
182.721,1
182.828,0
182.935,0
183.042,0
183.149,9
183.256,0
183.363,0
183.47,6
183.577,5
183.683,24
183.79,0
183.897,6
184.004,0
184.111,0
184.218,0
184.325,0
184.432,1
184.539,40
184.646,0
184.753,0
184.859,0
184.966,19
185.073,8
185.18,0
185.287,0
185.394,33
185.501,0
185.608,0
185.715,0
185.822,0
185.928,33
186.035,0
186.142,26
186.249,13
186.356,0
186.463,37
186.57,35
186.677,4
186.784,0
186.891,5
186.997,11
187.104,23
187.211,13
187.318,0
187.425,6
187.532,21
187.639,0
187.746,0
187.853,13
187.96,0
188.067,0
188.173,52
188.28,45
188.387,0
188.494,0
188.601,7
188.708,0
188.815,14
188.922,1
189.029,5
189.136,0
189.242,29
189.349,2
189.456,0
189.563,0
189.67,8
189.777,0
189.884,0
189.991,10
190.098,0
190.205,0
190.311,10
190.418,22
190.525,29
190.632,17
190.739,7
190.846,0
190.953,4
191.06,26
191.167,0
191.274,0
191.38,0
191.487,0
191.594,0
191.701,0
191.808,0
191.915,0
192.022,14
192.129,19
192.236,13
192.343,24
192.45,0
192.556,18
192.663,0
192.77,0
192.877,0
192.984,36
193.091,102
193.198,66
193.305,21
193.412,0
193.519,39
193.625,17
193.732,0
193.839,8
193.946,0
194.053,0
194.16,11
194.267,21
194.374,17
194.481,4
194.588,0
194.694,0
194.801,12
194.908,15
195.015,0
195.122,0
195.229,5
195.336,26
195.443,17
195.55,0
195.657,9
195.763,0
195.87,0
195.977,0
196.084,3
196.191,0
196.298,0
196.405,0
196.512,5
196.619,0
196.726,3
196.832,46
196.939,0
197.046,0
197.153,16
197.26,0
197.367,0
197.474,10
197.581,0
197.688,32
197.795,0
197.901,0
198.008,28
198.115,0
198.222,15
198.329,0
198.436,15
198.543,12
198.65,0
198.757,0
198.864,35
198.97,14
199.077,2
199.184,0
199.291,0
199.398,3
199.505,14
199.612,19
199.719,14
199.826,0
199.933,12
200.039,24
200.146,0
200.253,15
200.36,33
200.467,10
200.574,0
200.681,2
200.788,0
200.895,0
201.002,6
201.108,11
201.215,6
201.322,9
201.429,0
201.536,16
201.643,0
201.75,5
201.857,0
201.964,0
202.071,14
202.177,3
202.284,0
202.391,4
202.498,0
202.605,0
202.712,0
202.819,0
202.926,17
203.033,8
203.14,18
203.246,12
203.353,24
203.46,37
203.567,2
203.674,0
203.781,15
203.888,0
203.995,0
204.102,0
204.208,32
204.315,30
204.422,14
204.529,0
204.636,0
204.743,25
204.85,16
204.957,11
205.064,20
205.171,1
205.277,0
205.384,0
205.491,12
205.598,0
205.705,0
205.812,13
205.919,4
206.026,10
206.133,22
206.24,17
206.346,1
206.453,20
206.56,9
206.667,5
206.774,40
206.881,0
206.988,2
207.095,11
207.202,2
207.309,0
207.415,10
207.522,1
207.629,0
207.736,0
207.843,0
207.95,0
208.057,12
208.164,0
208.271,0
208.377,0
208.484,14
208.591,0
208.698,0
208.805,10
208.912,2
209.019,1
209.126,0
209.233,0
209.34,6
209.446,0
209.553,34
209.66,52
209.767,14
209.874,0
209.981,4
210.088,0
210.195,0
210.302,0
210.409,0
210.515,0
210.622,0
210.729,0
210.836,15
210.943,0
211.05,0
211.157,32
211.264,25
211.371,29
211.477,0
211.584,16
211.691,0
211.798,23
211.905,0
212.012,1
212.119,4
212.226,4
212.333,0
212.44,5
212.546,12
212.653,0
212.76,17
212.867,19
212.974,0
213.081,2
213.188,41
213.295,23
213.402,0
213.508,0
213.615,1
213.722,13
213.829,19
213.936,8
214.043,17
214.15,22
214.257,0
214.364,0
214.471,0
214.577,21
214.684,20
214.791,3
214.898,14
215.005,32
215.112,0
215.219,13
215.326,0
215.433,10
215.539,14
215.646,0
215.753,0
215.86,0
215.967,12
216.074,11
216.181,0
216.288,0
216.395,26
216.502,0
216.608,17
216.715,0
216.822,10
216.929,0
217.036,0
217.143,0
217.25,1
217.357,5
217.464,7
217.57,27
217.677,0
217.784,0
217.891,0
217.998,13
218.105,0
218.212,0
218.319,0
218.426,13
218.532,0
218.639,0
218.746,0
218.853,0
218.96,0
219.067,9
219.174,8
219.281,2
219.388,0
219.495,16
219.601,13
219.708,0
219.815,11
219.922,23
220.029,0
220.136,3
220.243,31
220.35,11
220.457,2
220.563,17
220.67,0
220.777,0
220.884,0
220.991,0
221.098,0
221.205,22
221.312,0
221.419,0
221.525,8
221.632,0
221.739,0
221.846,6
221.953,0
222.06,0
222.167,0
222.274,0
222.381,0
222.488,0
222.594,13
222.701,0
222.808,12
222.915,0
223.022,0
223.129,25
223.236,0
223.343,0
223.45,0
223.556,3
223.663,0
223.77,10
223.877,15
223.984,24
224.091,0
224.198,0
224.305,19
224.412,2
224.518,0
224.625,4
224.732,0
224.839,14
224.946,6
225.053,0
225.16,0
225.267,15
225.374,0
225.48,7
225.587,9
225.694,0
225.801,0
225.908,7
226.015,0
226.122,17
226.229,25
226.336,0
226.442,25
226.549,22
226.656,0
226.763,0
226.87,0
226.977,0
227.084,0
227.191,0
227.298,0
227.404,0
227.511,11
227.618,0
227.725,14
227.832,24
227.939,0
228.046,0
228.153,4
228.26,10
228.366,0
228.473,0
228.58,0
228.687,13
228.794,0
228.901,145
229.008,188
229.115,97
229.222,16
229.328,1
229.435,0
229.542,0
229.649,4
229.756,2
229.863,0
229.97,0
230.077,4
230.184,0
230.29,0
230.397,0
230.504,0
230.611,2
230.718,0
230.825,0
230.932,56
231.039,16
231.146,4
231.252,16
231.359,0
231.466,4
231.573,32
231.68,0
231.787,0
231.894,0
232.001,1
232.108,19
232.214,38
232.321,0
232.428,24
232.535,18
232.642,0
232.749,0
232.856,30
232.963,0
233.07,0
233.176,2
233.283,25
233.39,0
233.497,0
233.604,0
233.711,15
233.818,0
233.925,0
234.031,0
234.138,0
234.245,0
234.352,7
234.459,15
234.566,8
234.673,6
234.78,3
234.887,0
234.993,5
235.1,5
235.207,0
235.314,2
235.421,0
235.528,17
235.635,17
235.742,15
235.849,0
235.955,12
236.062,17
236.169,10
236.276,0
236.383,21
236.49,0
236.597,2
236.704,0
236.81,0
236.917,0
237.024,11
237.131,0
237.238,5
237.345,5
237.452,0
237.559,1
237.666,0
237.772,0
237.879,0
237.986,15
238.093,6
238.2,2
238.307,2
238.414,16
238.521,0
238.628,8
238.734,0
238.841,3
238.948,0
239.055,13
239.162,10
239.269,22
239.376,0
239.483,8
239.589,0
239.696,6
239.803,0
239.91,5
240.017,0
240.124,0
240.231,0
240.338,0
240.445,20
240.551,0
240.658,0
240.765,0
240.872,2
240.979,0
241.086,0
241.193,9
241.3,0
241.406,0
241.513,0
241.62,15
241.727,9
241.834,0
241.941,0
242.048,0
242.155,0
242.262,16
242.368,14
242.475,16
242.582,0
242.689,16
242.796,15
242.903,16
243.01,0
243.117,0
243.223,0
243.33,21
243.437,0
243.544,0
243.651,9
243.758,18
243.865,0
243.972,0
244.079,0
244.185,5
244.292,7
244.399,0
244.506,0
244.613,0
244.72,8
244.827,0
244.934,0
245.04,0
245.147,0
245.254,0
245.361,0
245.468,0
245.575,0
245.682,11
245.789,0
245.896,1
246.002,24
246.109,32
246.216,17
246.323,0
246.43,0
246.537,14
246.644,0
246.751,0
246.857,16
246.964,7
247.071,0
247.178,0
247.285,3
247.392,0
247.499,14
247.606,12
247.712,0
247.819,0
247.926,18
248.033,16
248.14,0
248.247,0
248.354,6
248.461,0
248.567,2
248.674,34
248.781,0
248.888,0
248.995,0
249.102,13
249.209,0
249.316,14
249.423,18
249.529,0
249.636,1
249.743,0
249.85,0
249.957,0
250.064,1
250.171,27
250.278,0
250.384,25
250.491,5
250.598,10
250.705,21
250.812,10
250.919,6
251.026,0
251.133,0
251.239,6
251.346,1
251.453,9
251.56,0
251.667,13
251.774,0
251.881,0
251.988,9
252.094,2
252.201,0
252.308,27
252.415,10
252.522,9
252.629,0
252.736,0
252.843,0
252.949,0
253.056,0
253.163,9
253.27,0
253.377,0
253.484,14
253.591,11
253.698,0
253.804,15
253.911,20
254.018,0
254.125,0
254.232,0
254.339,0
254.446,4
254.553,0
254.659,0
254.766,13
254.873,24
254.98,0
255.087,0
255.194,13
255.301,14
255.408,1
255.514,32
255.621,22
255.728,0
255.835,4
255.942,0
256.049,1
256.156,0
256.263,22
256.369,13
256.476,2
256.583,2
256.69,4
256.797,0
256.904,0
257.011,32
257.118,0
257.224,0
257.331,8
257.438,0
257.545,5
257.652,0
257.759,15
257.866,7
257.973,0
258.079,6
258.186,0
258.293,19
258.4,0
258.507,2
258.614,25
258.721,24
258.828,17
258.934,18
259.041,0
259.148,0
259.255,16
259.362,0
259.469,0
259.576,0
259.683,0
259.789,54
259.896,59
260.003,36
260.11,0
260.217,7
260.324,0
260.431,0
260.537,0
260.644,8
260.751,1
260.858,6
260.965,3
261.072,0
261.179,9
261.286,0
261.392,30
261.499,0
261.606,0
261.713,16
261.82,9
261.927,32
262.034,8
262.141,19
262.247,0
262.354,4
262.461,7
262.568,7
262.675,0
262.782,1
262.889,0
262.996,26
263.102,22
263.209,0
263.316,0
263.423,0
263.53,0
263.637,15
263.744,9
263.85,0
263.957,0
264.064,0
264.171,1
264.278,0
264.385,4
264.492,0
264.599,0
264.705,10
264.812,0
264.919,2
265.026,0
265.133,17
265.24,27
265.347,14
265.454,15
265.56,14
265.667,0
265.774,1
265.881,0
265.988,0
266.095,4
266.202,0
266.308,11
266.415,6
266.522,0
266.629,22
266.736,13
266.843,7
266.95,0
267.057,0
267.163,0
267.27,0
267.377,5
267.484,10
267.591,5
267.698,0
267.805,3
267.911,13
268.018,19
268.125,40
268.232,10
268.339,16
268.446,0
268.553,3
268.66,0
268.766,0
268.873,0
268.98,3
269.087,0
269.194,16
269.301,0
269.408,0
269.514,0
269.621,16
269.728,10
269.835,0
269.942,0
270.049,0
270.156,5
270.263,24
270.369,0
270.476,5
270.583,17
270.69,20
270.797,0
270.904,4
271.011,0
271.117,0
271.224,0
271.331,10
271.438,0
271.545,0
271.652,6
271.759,21
271.866,9
271.972,22
272.079,1
272.186,26
272.293,11
272.4,0
272.507,0
272.614,0
272.72,1
272.827,3
272.934,3
273.041,3
273.148,0
273.255,9
273.362,17
273.468,0
273.575,0
273.682,67
273.789,27
273.896,0
274.003,0
274.11,0
274.217,3
274.323,0
274.43,14
274.537,8
274.644,20
274.751,0
274.858,78
274.965,98
275.071,66
275.178,15
275.285,0
275.392,0
275.499,5
275.606,0
275.713,11
275.819,3
275.926,0
276.033,34
276.14,2
276.247,0
276.354,1
276.461,27
276.567,18
276.674,0
276.781,36
276.888,0
276.995,0
277.102,21
277.209,3
277.315,0
277.422,0
277.529,13
277.636,0
277.743,0
277.85,0
277.957,13
278.064,5
278.17,33
278.277,71
278.384,48
278.491,13
278.598,10
278.705,17
278.812,0
278.918,19
279.025,7
279.132,9
279.239,0
279.346,0
279.453,0
279.56,20
279.666,0
279.773,0
279.88,0
279.987,19
280.094,0
280.201,5
280.308,0
280.414,26
280.521,0
280.628,0
280.735,0
280.842,5
280.949,0
281.056,0
281.162,11
281.269,32
281.376,8
281.483,16
281.59,0
281.697,14
281.804,0
281.91,9
282.017,4
282.124,3
282.231,14
282.338,5
282.445,18
282.552,6
282.658,16
282.765,15
282.872,0
282.979,6
283.086,8
283.193,3
283.3,0
283.406,0
283.513,19
283.62,0
283.727,0
283.834,0
283.941,0
284.048,15
284.154,0
284.261,3
284.368,80
284.475,81
284.582,0
284.689,4
284.796,0
284.902,0
285.009,10
285.116,9
285.223,0
285.33,0
285.437,4
285.544,22
285.65,15
285.757,0
285.864,0
285.971,8
286.078,0
286.185,0
286.292,0
286.398,0
286.505,7
286.612,0
286.719,11
286.826,28
286.933,16
287.039,19
287.146,0
287.253,23
287.36,0
287.467,0
287.574,17
287.681,0
287.787,0
287.894,0
288.001,24
288.108,11
288.215,0
288.322,0
288.429,0
288.535,11
288.642,0
288.749,0
288.856,8
288.963,17
289.07,0
289.177,1
289.283,25
289.39,0
289.497,13
289.604,6
289.711,6
289.818,10
289.924,0
290.031,4
290.138,2
290.245,0
290.352,0
290.459,0
290.566,8
290.672,41
290.779,258
290.886,353
290.993,173
291.1,45
291.207,0
291.314,0
291.42,0
291.527,15
291.634,24
291.741,6
291.848,0
291.955,0
292.062,0
292.168,25
292.275,22
292.382,0
292.489,0
292.596,3
292.703,11
292.809,0
292.916,39
293.023,5
293.13,31
293.237,10
293.344,29
293.451,21
293.557,0
293.664,0
293.771,4
293.878,0
293.985,0
294.092,5
294.198,0
294.305,10
294.412,0
294.519,0
294.626,6
294.733,0
294.84,4
294.946,0
295.053,38
295.16,36
295.267,1
295.374,0
295.481,0
295.588,12
295.694,16
295.801,0
295.908,0
296.015,5
296.122,9
296.229,0
296.335,0
296.442,7
296.549,0
296.656,9
296.763,1
296.87,6
296.977,2
297.083,0
297.19,0
297.297,0
297.404,0
297.511,0
297.618,6
297.724,0
297.831,4
297.938,0
298.045,0
298.152,32
298.259,0
298.365,0
298.472,0
298.579,0
298.686,0
298.793,0
298.9,28
299.007,14
299.113,0
299.22,0
299.327,24
299.434,21
299.541,9
299.648,10
299.754,16
299.861,0
299.968,0
300.075,0
300.182,0
300.289,0
300.396,0
300.502,15
300.609,0
300.716,12
300.823,26
300.93,0
301.037,6
301.143,16
301.25,1
301.357,7
301.464,5
301.571,9
301.678,0
301.784,1
301.891,14
301.998,10
302.105,5
302.212,14
302.319,5
302.426,0
302.532,3
302.639,0
302.746,0
302.853,0
302.96,6
303.067,0
303.173,0
303.28,17
303.387,21
303.494,0
303.601,0
303.708,9
303.814,10
303.921,0
304.028,26
304.135,25
304.242,0
304.349,0
304.456,0
304.562,14
304.669,0
304.776,0
304.883,21
304.99,13
305.097,0
305.203,18
305.31,0
305.417,0
305.524,0
305.631,0
305.738,30
305.844,40
305.951,21
306.058,0
306.165,0
306.272,10
306.379,21
306.485,0
306.592,0
306.699,8
306.806,0
306.913,0
307.02,10
307.126,0
307.233,0
307.34,0
307.447,0
307.554,0
307.661,13
307.767,9
307.874,8
307.981,0
308.088,24
308.195,0
308.302,0
308.409,7
308.515,19
308.622,0
308.729,0
308.836,6
308.943,0
309.05,27
309.156,14
309.263,0
309.37,19
309.477,8
309.584,0
309.691,0
309.797,5
309.904,0
310.011,1
310.118,0
310.225,0
310.332,0
310.438,0
310.545,13
310.652,2
310.759,10
310.866,0
310.973,0
311.079,0
311.186,8
311.293,3
311.4,0
311.507,0
311.614,9
311.72,13
311.827,0
311.934,2
312.041,15
312.148,6
312.255,0
312.361,0
312.468,12
312.575,11
312.682,0
312.789,17
312.896,0
313.002,11
313.109,0
313.216,1
313.323,0
313.43,18
313.537,1
313.643,11
313.75,0
313.857,2
313.964,19
314.071,14
314.178,1
314.284,2
314.391,34
314.498,45
314.605,0
314.712,11
314.819,0
314.925,0
315.032,0
315.139,6
315.246,0
315.353,0
315.46,0
315.566,0
315.673,12
315.78,8
315.887,0
315.994,14
316.1,2
316.207,0
316.314,0
316.421,6
316.528,45
316.635,0
316.741,0
316.848,0
316.955,2
317.062,3
317.169,0
317.276,0
317.382,0
317.489,0
317.596,14
317.703,9
317.81,3
317.917,0
318.023,0
318.13,18
318.237,0
318.344,0
318.451,20
318.558,46
318.664,25
318.771,0
318.878,0
318.985,0
319.092,17
319.199,0
319.305,2
319.412,0
319.519,8
319.626,9
319.733,12
319.839,0
319.946,8
320.053,23
320.16,0
320.267,10
320.374,10
320.48,30
320.587,7
320.694,1
320.801,0
320.908,29
321.015,52
321.121,63
321.228,54
321.335,11
321.442,0
321.549,3
321.655,24
321.762,9
321.869,0
321.976,15
322.083,0
322.19,30
322.296,16
322.403,0
322.51,0
322.617,8
322.724,19
322.831,0
322.937,32
323.044,4
323.151,0
323.258,0
323.365,18
323.472,32
323.578,6
323.685,1
323.792,0
323.899,0
324.006,11
324.112,0
324.219,0
324.326,0
324.433,0
324.54,17
324.647,0
324.753,3
324.86,10
324.967,0
325.074,4
325.181,9
325.287,11
325.394,29
325.501,9
325.608,21
325.715,30
325.822,0
325.928,0
326.035,10
326.142,8
326.249,0
326.356,0
326.463,0
326.569,0
326.676,0
326.783,7
326.89,0
326.997,0
327.103,35
327.21,26
327.317,0
327.424,0
327.531,0
327.638,0
327.744,0
327.851,0
327.958,13
328.065,0
328.172,17
328.278,2
328.385,11
328.492,11
328.599,8
328.706,0
328.813,8
328.919,0
329.026,0
329.133,4
329.24,11
329.347,0
329.453,0
329.56,0
329.667,23
329.774,2
329.881,0
329.988,28
330.094,5
330.201,0
330.308,0
330.415,5
330.522,3
330.628,0
330.735,2
330.842,0
330.949,6
331.056,0
331.162,9
331.269,0
331.376,0
331.483,0
331.59,11
331.697,0
331.803,0
331.91,2
332.017,0
332.124,0
332.231,0
332.337,12
332.444,13
332.551,14
332.658,4
332.765,11
332.872,2
332.978,0
333.085,7
333.192,0
333.299,0
333.406,0
333.512,0
333.619,0
333.726,8
333.833,0
333.94,0
334.046,0
334.153,0
334.26,12
334.367,8
334.474,13
334.581,0
334.687,0
334.794,24
334.901,0
335.008,27
335.115,24
335.221,11
335.328,10
335.435,0
335.542,20
335.649,18
335.755,0
335.862,6
335.969,0
336.076,15
336.183,15
336.29,0
336.396,0
336.503,5
336.61,16
336.717,17
336.824,0
336.93,0
337.037,25
337.144,0
337.251,0
337.358,0
337.464,7
337.571,0
337.678,0
337.785,25
337.892,46
337.998,16
338.105,0
338.212,5
338.319,0
338.426,8
338.533,22
338.639,21
338.746,0
338.853,2
338.96,27
339.067,8
339.173,14
339.28,22
339.387,0
339.494,0
339.601,0
339.707,0
339.814,5
339.921,33
340.028,0
340.135,5
340.241,16
340.348,13
340.455,3
340.562,19
340.669,4
340.775,0
340.882,4
340.989,0
341.096,0
341.203,3
341.309,0
341.416,17
341.523,20
341.63,0
341.737,8
341.844,45
341.95,19
342.057,4
342.164,19
342.271,0
342.378,0
342.484,0
342.591,0
342.698,0
342.805,0
342.912,0
343.018,0
343.125,0
343.232,6
343.339,40
343.446,33
343.552,0
343.659,32
343.766,9
343.873,0
343.98,0
344.086,0
344.193,3
344.3,0
344.407,22
344.514,0
344.62,7
344.727,13
344.834,0
344.941,0
345.048,4
345.154,1
345.261,7
345.368,17
345.475,8
345.582,0
345.688,0
345.795,4
345.902,0
346.009,14
346.116,4
346.222,0
346.329,7
346.436,12
346.543,15
346.65,18
346.756,5
346.863,10
346.97,0
347.077,25
347.184,19
347.29,10
347.397,4
347.504,0
347.611,6
347.718,1
347.824,0
347.931,9
348.038,20
348.145,10
348.252,0
348.358,0
348.465,51
348.572,22
348.679,0
348.786,2
348.892,25
348.999,0
349.106,0
349.213,18
349.32,41
349.426,0
349.533,12
349.64,28
349.747,0
349.854,28
349.96,2
350.067,10
350.174,1
350.281,0
350.388,14
350.494,19
350.601,0
350.708,3
350.815,0
350.922,9
351.028,4
351.135,22
351.242,0
351.349,2
351.456,0
351.562,1
351.669,5
351.776,12
351.883,0
351.989,0
352.096,27
352.203,18
352.31,0
352.417,3
352.523,0
352.63,0
352.737,7
352.844,25
352.951,0
353.057,6
353.164,0
353.271,2
353.378,7
353.485,17
353.591,0
353.698,0
353.805,30
353.912,13
354.019,7
354.125,20
354.232,25
354.339,19
354.446,0
354.553,10
354.659,5
354.766,2
354.873,10
354.98,20
355.086,0
355.193,0
355.3,0
355.407,7
355.514,4
355.62,4
355.727,1
355.834,18
355.941,0
356.048,2
356.154,11
356.261,0
356.368,22
356.475,21
356.582,0
356.688,10
356.795,9
356.902,0
357.009,0
357.115,15
357.222,1
357.329,0
357.436,24
357.543,24
357.649,13
357.756,8
357.863,6
357.97,7
358.077,7
358.183,7
358.29,0
358.397,6
358.504,0
358.61,0
358.717,21
358.824,5
358.931,0
359.038,0
359.144,50
359.251,23
359.358,0
359.465,0
359.572,6
359.678,3
359.785,8
359.892,16
359.999,13
360.105,0
360.212,0
360.319,22
360.426,6
360.533,0
360.639,0
360.746,34
360.853,30
360.96,6
361.067,13
361.173,0
361.28,3
361.387,25
361.494,35
361.6,21
361.707,0
361.814,2
361.921,0
362.028,0
362.134,0
362.241,3
362.348,5
362.455,0
362.562,1
362.668,1
362.775,9
362.882,8
362.989,14
363.095,11
363.202,0
363.309,8
363.416,16
363.523,13
363.629,0
363.736,0
363.843,0
363.95,26
364.056,0
364.163,11
364.27,17
364.377,0
364.484,11
364.59,11
364.697,19
364.804,17
364.911,4
365.017,0
365.124,6
365.231,0
365.338,6
365.445,0
365.551,19
365.658,28
365.765,24
365.872,3
365.979,2
366.085,4
366.192,30
366.299,30
366.406,3
366.512,0
366.619,5
366.726,5
366.833,8
366.94,0
367.046,0
367.153,5
367.26,0
367.367,0
367.473,19
367.58,23
367.687,16
367.794,0
367.9,7
368.007,0
368.114,0
368.221,0
368.328,9
368.434,0
368.541,3
368.648,25
368.755,16
368.861,0
368.968,0
369.075,22
369.182,0
369.289,0
369.395,37
369.502,0
369.609,0
369.716,0
369.822,45
369.929,19
370.036,0
370.143,0
370.25,39
370.356,0
370.463,0
370.57,12
370.677,10
370.783,45
370.89,2
370.997,30
371.104,30
371.211,14
371.317,17
371.424,2
371.531,11
371.638,0
371.744,1
371.851,18
371.958,2
372.065,0
372.171,24
372.278,19
372.385,0
372.492,0
372.599,26
372.705,12
372.812,26
372.919,0
373.026,5
373.132,6
373.239,0
373.346,0
373.453,0
373.559,20
373.666,18
373.773,21
373.88,20
373.987,0
374.093,32
374.2,0
374.307,8
374.414,14
374.52,0
374.627,0
374.734,0
374.841,15
374.947,21
375.054,0
375.161,2
375.268,0
375.375,12
375.481,14
375.588,0
375.695,4
375.802,0
375.908,0
376.015,3
376.122,25
376.229,26
376.335,0
376.442,0
376.549,24
376.656,17
376.763,2
376.869,6
376.976,17
377.083,16
377.19,0
377.296,8
377.403,17
377.51,30
377.617,0
377.723,9
377.83,0
377.937,0
378.044,0
378.15,10
378.257,0
378.364,0
378.471,0
378.578,20
378.684,0
378.791,0
378.898,5
379.005,0
379.111,10
379.218,22
379.325,14
379.432,0
379.538,22
379.645,8
379.752,10
379.859,9
379.965,5
380.072,1
380.179,3
380.286,0
380.392,0
380.499,33
380.606,38
380.713,6
380.82,0
380.926,0
381.033,5
381.14,0
381.247,0
381.353,0
381.46,9
381.567,0
381.674,0
381.78,0
381.887,0
381.994,7
382.101,23
382.207,0
382.314,14
382.421,24
382.528,51
382.634,58
382.741,44
382.848,0
382.955,0
383.061,10
383.168,1
383.275,0
383.382,0
383.488,24
383.595,21
383.702,15
383.809,0
383.916,2
384.022,15
384.129,30
384.236,11
384.343,16
384.449,6
384.556,19
384.663,1
384.77,0
384.876,5
384.983,4
385.09,10
385.197,1
385.303,1
385.41,0
385.517,6
385.624,11
385.73,0
385.837,4
385.944,0
386.051,6
386.157,0
386.264,0
386.371,0
386.478,6
386.584,26
386.691,11
386.798,0
386.905,3
387.011,11
387.118,15
387.225,11
387.332,7
387.438,0
387.545,0
387.652,9
387.759,5
387.865,3
387.972,0
388.079,8
388.186,0
388.292,0
388.399,7
388.506,0
388.613,0
388.719,25
388.826,45
388.933,14
389.04,0
389.146,0
389.253,11
389.36,2
389.467,0
389.573,7
389.68,3
389.787,10
389.894,27
390,4
390.107,0
390.214,17
390.321,39
390.427,13
390.534,0
390.641,19
390.748,2
390.854,39
390.961,0
391.068,0
391.175,51
391.281,43
391.388,0
391.495,0
391.602,2
391.708,0
391.815,15
391.922,18
392.029,7
392.135,0
392.242,1
392.349,4
392.456,3
392.562,2
392.669,0
392.776,0
392.883,23
392.989,0
393.096,0
393.203,0
393.31,20
393.416,20
393.523,14
393.63,6
393.737,0
393.843,0
393.95,16
394.057,0
394.164,0
394.27,1
394.377,0
394.484,0
394.591,12
394.697,5
394.804,0
394.911,0
395.018,25
395.124,34
395.231,36
395.338,4
395.445,0
395.551,17
395.658,7
395.765,0
395.871,0
395.978,24
396.085,0
396.192,0
396.298,9
396.405,4
396.512,0
396.619,1
396.725,0
396.832,4
396.939,64
397.046,55
397.152,11
397.259,0
397.366,1
397.473,1
397.579,4
397.686,0
397.793,7
397.9,6
398.006,0
398.113,15
398.22,0
398.327,6
398.433,0
398.54,0
398.647,16
398.753,8
398.86,9
398.967,0
399.074,0
399.18,15
399.287,24
399.394,25
399.501,18
399.607,10
399.714,0
399.821,23
399.928,22
400.034,38
400.141,17
400.248,3
400.355,0
400.461,17
400.568,0
400.675,14
400.781,0
400.888,0
400.995,8
401.102,7
401.208,0
401.315,0
401.422,29
401.529,0
401.635,36
401.742,0
401.849,45
401.956,19
402.062,0
402.169,0
402.276,16
402.382,15
402.489,0
402.596,0
402.703,0
402.809,12
402.916,11
403.023,0
403.13,0
403.236,0
403.343,24
403.45,8
403.557,0
403.663,0
403.77,0
403.877,20
403.983,14
404.09,4
404.197,8
404.304,0
404.41,0
404.517,26
404.624,17
404.731,0
404.837,19
404.944,19
405.051,0
405.158,0
405.264,32
405.371,12
405.478,2
405.584,14
405.691,45
405.798,10
405.905,14
406.011,24
406.118,14
406.225,2
406.332,40
406.438,16
406.545,15
406.652,21
406.758,0
406.865,0
406.972,29
407.079,8
407.185,0
407.292,0
407.399,0
407.506,0
407.612,6
407.719,0
407.826,2
407.932,19
408.039,26
408.146,0
408.253,16
408.359,7
408.466,11
408.573,0
408.68,0
408.786,12
408.893,0
409,1
409.106,13
409.213,0
409.32,0
409.427,10
409.533,0
409.64,21
409.747,0
409.853,14
409.96,0
410.067,0
410.174,0
410.28,0
410.387,5
410.494,30
410.601,45
410.707,33
410.814,43
410.921,0
411.027,0
411.134,19
411.241,0
411.348,0
411.454,6
411.561,27
411.668,0
411.774,12
411.881,44
411.988,2
412.095,0
412.201,0
412.308,0
412.415,0
412.522,16
412.628,29
412.735,0
412.842,0
412.948,0
413.055,7
413.162,19
413.269,0
413.375,13
413.482,24
413.589,0
413.695,0
413.802,9
413.909,20
414.016,0
414.122,23
414.229,0
414.336,0
414.442,56
414.549,43
414.656,16
414.763,10
414.869,0
414.976,0
415.083,2
415.189,10
415.296,7
415.403,25
415.51,72
415.616,56
415.723,10
415.83,0
415.936,24
416.043,16
416.15,0
416.257,8
416.363,0
416.47,5
416.577,0
416.683,5
416.79,0
416.897,8
417.004,21
417.11,14
417.217,37
417.324,22
417.43,0
417.537,0
417.644,26
417.751,16
417.857,13
417.964,18
418.071,0
418.177,33
418.284,10
418.391,27
418.498,55
418.604,32
418.711,32
418.818,88
418.924,212
419.031,142
419.138,51
419.245,15
419.351,4
419.458,0
419.565,0
419.671,21
419.778,6
419.885,0
419.992,0
420.098,15
420.205,0
420.312,12
420.418,10
420.525,0
420.632,9
420.738,0
420.845,0
420.952,23
421.059,17
421.165,3
421.272,4
421.379,46
421.485,45
421.592,10
421.699,7
421.806,36
421.912,73
422.019,25
422.126,17
422.232,42
422.339,71
422.446,78
422.552,76
422.659,28
422.766,87
422.873,149
422.979,62
423.086,47
423.193,1
423.299,0
423.406,6
423.513,10
423.62,0
423.726,0
423.833,0
423.94,8
424.046,13
424.153,2
424.26,0
424.366,4
424.473,29
424.58,0
424.687,14
424.793,11
424.9,0
425.007,5
425.113,17
425.22,19
425.327,9
425.433,0
425.54,6
425.647,5
425.754,4
425.86,6
425.967,0
426.074,0
426.18,15
426.287,51
426.394,0
426.5,1
426.607,21
426.714,0
426.821,0
426.927,19
427.034,24
427.141,0
427.247,0
427.354,16
427.461,19
427.567,11
427.674,0
427.781,0
427.888,0
427.994,9
428.101,6
428.208,15
428.314,7
428.421,4
428.528,0
428.634,61
428.741,76
428.848,10
428.955,0
429.061,0
429.168,21
429.275,14
429.381,0
429.488,0
429.595,28
429.701,10
429.808,0
429.915,13
430.021,12
430.128,10
430.235,11
430.342,0
430.448,0
430.555,0
430.662,0
430.768,0
430.875,0
430.982,13
431.088,0
431.195,3
431.302,17
431.409,19
431.515,0
431.622,0
431.729,22
431.835,0
431.942,0
432.049,24
432.155,0
432.262,0
432.369,2
432.475,0
432.582,0
432.689,14
432.796,17
432.902,37
433.009,6
433.116,17
433.222,6
433.329,23
433.436,7
433.542,0
433.649,0
433.756,0
433.862,31
433.969,83
434.076,64
434.182,28
434.289,2
434.396,13
434.503,14
434.609,26
434.716,5
434.823,0
434.929,0
435.036,0
435.143,0
435.249,14
435.356,158
435.463,147
435.569,40
435.676,0
435.783,0
435.889,5
435.996,96
436.103,105
436.21,20
436.316,0
436.423,0
436.53,28
436.636,0
436.743,0
436.85,0
436.956,85
437.063,109
437.17,63
437.276,0
437.383,0
437.49,21
437.596,0
437.703,20
437.81,144
437.916,83
438.023,13
438.13,0
438.237,0
438.343,17
438.45,8
438.557,0
438.663,0
438.77,0
438.877,48
438.983,10
439.09,0
439.197,52
439.303,122
439.41,100
439.517,55
439.623,7
439.73,0
439.837,13
439.943,26
440.05,0
440.157,2
440.263,0
440.37,0
440.477,0
440.583,0
440.69,19
440.797,0
440.904,37
441.01,9
441.117,2
441.224,0
441.33,0
441.437,0
441.544,0
441.65,9
441.757,0
441.864,0
441.97,0
442.077,2
442.184,20
442.29,0
442.397,0
442.504,9
442.61,3
442.717,0
442.824,22
442.93,13
443.037,0
443.144,0
443.25,4
443.357,8
443.464,0
443.57,0
443.677,5
443.784,32
443.89,42
443.997,99
444.104,101
444.21,63
444.317,0
444.424,0
444.53,28
444.637,35
444.744,5
444.851,0
444.957,0
445.064,9
445.171,26
445.277,8
445.384,0
445.491,7
445.597,18
445.704,5
445.811,17
445.917,27
446.024,0
446.131,12
446.237,0
446.344,27
446.451,20
446.557,8
446.664,0
446.771,0
446.877,22
446.984,0
447.091,0
447.197,17
447.304,7
447.411,0
447.517,0
447.624,0
447.731,12
447.837,0
447.944,14
448.051,0
448.157,9
448.264,0
448.371,19
448.477,1
448.584,0
448.691,0
448.797,28
448.904,0
449.011,0
449.117,0
449.224,14
449.331,1
449.437,0
449.544,16
449.651,155
449.757,109
449.864,29
449.971,0
450.077,9
450.184,0
450.291,6
450.397,20
450.504,0
450.611,0
450.717,0
450.824,0
450.931,10
451.037,23
451.144,19
451.251,21
451.357,27
451.464,15
451.571,107
451.677,178
451.784,70
451.891,18
451.997,0
452.104,0
452.21,0
452.317,0
452.424,0
452.53,9
452.637,16
452.744,2
452.85,0
452.957,0
453.064,0
453.17,2
453.277,30
453.384,8
453.49,0
453.597,6
453.704,2
453.81,16
453.917,0
454.024,18
454.13,0
454.237,0
454.344,2
454.45,0
454.557,15
454.664,3
454.77,0
454.877,0
454.984,0
455.09,0
455.197,38
455.304,27
455.41,1
455.517,0
455.624,3
455.73,17
455.837,29
455.944,0
456.05,0
456.157,0
456.263,4
456.37,7
456.477,0
456.583,6
456.69,21
456.797,13
456.903,4
457.01,0
457.117,32
457.223,19
457.33,0
457.437,21
457.543,0
457.65,0
457.757,24
457.863,0
457.97,0
458.077,0
458.183,4
458.29,13
458.397,2
458.503,16
458.61,10
458.716,21
458.823,22
458.93,20
459.036,6
459.143,0
459.25,15
459.356,9
459.463,0
459.57,20
459.676,10
459.783,0
459.89,29
459.996,106
460.103,56
460.21,6
460.316,0
460.423,0
460.53,8
460.636,3
460.743,0
460.849,0
460.956,8
461.063,0
461.169,0
461.276,19
461.383,0
461.489,0
461.596,0
461.703,16
461.809,1
461.916,4
462.023,0
462.129,13
462.236,7
462.342,0
462.449,7
462.556,9
462.662,20
462.769,1
462.876,0
462.982,0
463.089,6
463.196,13
463.302,0
463.409,0
463.516,4
463.622,0
463.729,0
463.835,0
463.942,3
464.049,5
464.155,0
464.262,0
464.369,0
464.475,13
464.582,2
464.689,0
464.795,16
464.902,10
465.009,0
465.115,0
465.222,4
465.328,0
465.435,0
465.542,24
465.648,18
465.755,55
465.862,56
465.968,0
466.075,0
466.182,0
466.288,0
466.395,0
466.501,0
466.608,32
466.715,12
466.821,13
466.928,2
467.035,0
467.141,0
467.248,5
467.355,0
467.461,5
467.568,0
467.674,6
467.781,0
467.888,11
467.994,2
468.101,0
468.208,0
468.314,26
468.421,13
468.528,4
468.634,0
468.741,1
468.847,22
468.954,0
469.061,5
469.167,0
469.274,5
469.381,0
469.487,0
469.594,14
469.701,0
469.807,0
469.914,7
470.02,34
470.127,11
470.234,0
470.34,8
470.447,4
470.554,19
470.66,34
470.767,109
470.873,84
470.98,17
471.087,0
471.193,0
471.3,0
471.407,0
471.513,0
471.62,7
471.727,0
471.833,0
471.94,15
472.046,10
472.153,2
472.26,0
472.366,19
472.473,16
472.58,0
472.686,0
472.793,8
472.899,0
473.006,0
473.113,7
473.219,17
473.326,0
473.433,0
473.539,0
473.646,3
473.752,8
473.859,0
473.966,0
474.072,0
474.179,34
474.286,178
474.392,145
474.499,50
474.605,29
474.712,2
474.819,53
474.925,120
475.032,85
475.139,28
475.245,69
475.352,9
475.458,8
475.565,4
475.672,0
475.778,0
475.885,0
475.992,26
476.098,0
476.205,0
476.311,0
476.418,0
476.525,32
476.631,24
476.738,5
476.844,0
476.951,0
477.058,0
477.164,0
477.271,0
477.378,0
477.484,0
477.591,3
477.697,54
477.804,34
477.911,18
478.017,0
478.124,12
478.231,27
478.337,0
478.444,0
478.55,5
478.657,10
478.764,0
478.87,0
478.977,11
479.083,0
479.19,5
479.297,19
479.403,32
479.51,0
479.617,9
479.723,22
479.83,24
479.936,8
480.043,6
480.15,0
480.256,0
480.363,0
480.469,7
480.576,0
480.683,0
480.789,0
480.896,21
481.003,0
481.109,39
481.216,0
481.322,19
481.429,25
481.536,1
481.642,0
481.749,4
481.855,18
481.962,0
482.069,6
482.175,0
482.282,0
482.388,3
482.495,0
482.602,0
482.708,21
482.815,6
482.922,0
483.028,3
483.135,0
483.241,0
483.348,0
483.455,16
483.561,0
483.668,0
483.774,2
483.881,4
483.988,1
484.094,15
484.201,0
484.307,2
484.414,20
484.521,23
484.627,2
484.734,12
484.84,0
484.947,8
485.054,0
485.16,2
485.267,2
485.373,10
485.48,2
485.587,0
485.693,0
485.8,0
485.907,2
486.013,0
486.12,12
486.226,0
486.333,18
486.44,20
486.546,0
486.653,0
486.759,20
486.866,26
486.973,0
487.079,0
487.186,22
487.292,17
487.399,0
487.506,7
487.612,6
487.719,7
487.825,8
487.932,29
488.039,6
488.145,26
488.252,43
488.358,9
488.465,15
488.572,6
488.678,0
488.785,0
488.891,4
488.998,0
489.105,0
489.211,0
489.318,0
489.424,15
489.531,0
489.638,0
489.744,5
489.851,13
489.957,0
490.064,26
490.171,17
490.277,0
490.384,10
490.49,0
490.597,0
490.704,0
490.81,18
490.917,0
491.023,3
491.13,10
491.237,14
491.343,0
491.45,29
491.556,2
491.663,0
491.769,0
491.876,0
491.983,0
492.089,0
492.196,17
492.302,23
492.409,0
492.516,0
492.622,0
492.729,13
492.835,10
492.942,17
493.049,6
493.155,0
493.262,17
493.368,12
493.475,0
493.582,0
493.688,0
493.795,0
493.901,0
494.008,0
494.114,27
494.221,0
494.328,24
494.434,26
494.541,32
494.647,10
494.754,0
494.861,21
494.967,0
495.074,1
495.18,6
495.287,45
495.394,0
495.5,13
495.607,8
495.713,10
495.82,25
495.926,17
496.033,4
496.14,9
496.246,4
496.353,7
496.459,13
496.566,0
496.673,0
496.779,3
496.886,0
496.992,0
497.099,22
497.206,0
497.312,20
497.419,21
497.525,27
497.632,0
497.738,0
497.845,29
497.952,0
498.058,19
498.165,0
498.271,0
498.378,0
498.485,18
498.591,68
498.698,91
498.804,12
498.911,26
499.017,0
499.124,17
499.231,15
499.337,10
499.444,0
499.55,13
499.657,29
499.763,0
499.87,0
499.977,39
500.083,12
500.19,0
500.296,5
500.403,3
500.51,8
500.616,12
500.723,0
500.829,0
500.936,24
501.042,19
501.149,0
501.256,0
501.362,0
501.469,26
501.575,8
501.682,0
501.788,40
501.895,20
502.002,0
502.108,16
502.215,10
502.321,3
502.428,11
502.534,8
502.641,0
502.748,0
502.854,0
502.961,0
503.067,0
503.174,0
503.281,0
503.387,0
503.494,33
503.6,0
503.707,8
503.813,8
503.92,21
504.027,99
504.133,99
504.24,14
504.346,0
504.453,0
504.559,2
504.666,0
504.773,0
504.879,1
504.986,0
505.092,3
505.199,7
505.305,0
505.412,0
505.518,0
505.625,0
505.732,0
505.838,19
505.945,0
506.051,0
506.158,0
506.264,25
506.371,9
506.478,8
506.584,0
506.691,18
506.797,0
506.904,0
507.01,10
507.117,42
507.224,42
507.33,32
507.437,12
507.543,7
507.65,0
507.756,15
507.863,0
507.97,0
508.076,2
508.183,18
508.289,0
508.396,0
508.502,39
508.609,30
508.715,6
508.822,0
508.929,0
509.035,0
509.142,8
509.248,7
509.355,1
509.461,0
509.568,2
509.675,16
509.781,0
509.888,0
509.994,4
510.101,5
510.207,0
510.314,0
510.42,2
510.527,22
510.634,3
510.74,23
510.847,13
510.953,2
511.06,16
511.166,9
511.273,14
511.379,0
511.486,0
511.593,5
511.699,33
511.806,0
511.912,13
512.019,0
512.125,0
512.232,0
512.339,12
512.445,18
512.552,0
512.658,0
512.765,0
512.871,6
512.978,0
513.084,0
513.191,4
513.298,0
513.404,0
513.511,0
513.617,5
513.724,7
513.83,0
513.937,0
514.043,13
514.15,6
514.256,8
514.363,9
514.47,17
514.576,0
514.683,0
514.789,0
514.896,0
515.002,0
515.109,0
515.215,0
515.322,20
515.429,22
515.535,26
515.642,42
515.748,11
515.855,0
515.961,1
516.068,19
516.174,0
516.281,5
516.388,3
516.494,0
516.601,0
516.707,0
516.814,17
516.92,12
517.027,0
517.133,21
517.24,13
517.346,0
517.453,0
517.56,12
517.666,17
517.773,9
517.879,0
517.986,0
518.092,6
518.199,14
518.305,11
518.412,2
518.518,5
518.625,10
518.732,22
518.838,0
518.945,13
519.051,0
519.158,13
519.264,0
519.371,0
519.477,0
519.584,0
519.69,0
519.797,0
519.903,0
520.01,3
520.117,30
520.223,4
520.33,24
520.436,0
520.543,0
520.649,0
520.756,0
520.862,2
520.969,0
521.075,0
521.182,0
521.289,1
521.395,13
521.502,0
521.608,15
521.715,0
521.821,0
521.928,24
522.034,17
522.141,0
522.247,12
522.354,19
522.46,0
522.567,17
522.674,0
522.78,0
522.887,0
522.993,13
523.1,29
523.206,0
523.313,23
523.419,13
523.526,9
523.632,8
523.739,13
523.845,0
523.952,2
524.058,9
524.165,0
524.272,0
524.378,0
524.485,0
524.591,0
524.698,2
524.804,3
524.911,6
525.017,0
525.124,37
525.23,14
525.337,17
525.443,0
525.55,0
525.656,0
525.763,2
525.87,38
525.976,20
526.083,0
526.189,0
526.296,0
526.402,5
526.509,0
526.615,3
526.722,35
526.828,5
526.935,2
527.041,0
527.148,0
527.254,16
527.361,0
527.467,15
527.574,13
527.68,26
527.787,0
527.894,4
528,10
528.107,0
528.213,0
528.32,0
528.426,0
528.533,17
528.639,0
528.746,13
528.852,6
528.959,0
529.065,0
529.172,0
529.278,0
529.385,0
529.491,6
529.598,14
529.704,0
529.811,25
529.918,50
530.024,8
530.131,0
530.237,0
530.344,8
530.45,2
530.557,0
530.663,6
530.77,0
530.876,0
530.983,33
531.089,3
531.196,0
531.302,1
531.409,0
531.515,0
531.622,0
531.728,3
531.835,27
531.941,9
532.048,21
532.154,0
532.261,11
532.367,12
532.474,0
532.581,0
532.687,0
532.794,0
532.9,12
533.007,0
533.113,0
533.22,14
533.326,11
533.433,0
533.539,0
533.646,8
533.752,0
533.859,7
533.965,0
534.072,0
534.178,12
534.285,18
534.391,0
534.498,0
534.604,0
534.711,0
534.817,20
534.924,30
535.03,0
535.137,14
535.243,0
535.35,0
535.456,0
535.563,26
535.669,0
535.776,0
535.882,0
535.989,15
536.095,59
536.202,17
536.308,40
536.415,35
536.521,17
536.628,0
536.735,0
536.841,15
536.948,0
537.054,0
537.161,0
537.267,0
537.374,14
537.48,0
537.587,0
537.693,38
537.8,44
537.906,62
538.013,46
538.119,24
538.226,37
538.332,0
538.439,11
538.545,0
538.652,38
538.758,0
538.865,8
538.971,16
539.078,13
539.184,7
539.291,0
539.397,0
539.504,6
539.61,0
539.717,0
539.823,6
539.93,2
540.036,0
540.143,7
540.249,0
540.356,0
540.462,35
540.569,44
540.675,8
540.782,0
540.888,18
540.995,14
541.101,0
541.208,0
541.314,4
541.421,0
541.527,0
541.634,17
541.74,0
541.847,2
541.953,6
542.06,0
542.166,0
542.273,0
542.379,0
542.486,12
542.592,0
542.699,3
542.805,0
542.912,0
543.018,0
543.125,7
543.231,8
543.338,0
543.444,0
543.551,0
543.657,8
543.764,0
543.87,0
543.977,13
544.083,0
544.19,0
544.296,29
544.403,15
544.509,15
544.616,0
544.722,11
544.829,36
544.935,8
545.042,4
545.148,6
545.255,5
545.361,2
545.467,0
545.574,12
545.68,30
545.787,9
545.893,6
546,0
546.106,0
546.213,67
546.319,146
546.426,84
546.532,21
546.639,0
546.745,0
546.852,16
546.958,0
547.065,19
547.171,0
547.278,0
547.384,0
547.491,0
547.597,0
547.704,28
547.81,14
547.917,21
548.023,1
548.13,13
548.236,3
548.343,10
548.449,10
548.556,13
548.662,27
548.769,28
548.875,0
548.982,3
549.088,10
549.195,0
549.301,9
549.408,10
549.514,0
549.62,0
549.727,5
549.833,15
549.94,0
550.046,0
550.153,19
550.259,4
550.366,0
550.472,1
550.579,1
550.685,6
550.792,29
550.898,0
551.005,0
551.111,37
551.218,12
551.324,0
551.431,9
551.537,0
551.644,0
551.75,23
551.857,0
551.963,17
552.07,13
552.176,4
552.282,20
552.389,19
552.495,4
552.602,14
552.708,20
552.815,0
552.921,5
553.028,0
553.134,2
553.241,2
553.347,6
553.454,0
553.56,2
553.667,0
553.773,8
553.88,24
553.986,0
554.093,0
554.199,0
554.305,1
554.412,0
554.518,3
554.625,8
554.731,5
554.838,20
554.944,16
555.051,0
555.157,0
555.264,33
555.37,0
555.477,0
555.583,12
555.69,0
555.796,7
555.903,12
556.009,0
556.115,2
556.222,10
556.328,36
556.435,13
556.541,14
556.648,3
556.754,0
556.861,28
556.967,0
557.074,0
557.18,0
557.287,1
557.393,0
557.5,0
557.606,14
557.713,18
557.819,0
557.925,0
558.032,0
558.138,17
558.245,4
558.351,0
558.458,1
558.564,15
558.671,0
558.777,0
558.884,8
558.99,0
559.097,11
559.203,27
559.309,0
559.416,5
559.522,8
559.629,15
559.735,7
559.842,14
559.948,0
560.055,15
560.161,0
560.268,0
560.374,1
560.481,0
560.587,15
560.693,11
560.8,0
560.906,18
561.013,15
561.119,32
561.226,0
561.332,0
561.439,5
561.545,0
561.652,6
561.758,32
561.864,39
561.971,0
562.077,0
562.184,3
562.29,0
562.397,0
562.503,33
562.61,0
562.716,8
562.823,23
562.929,0
563.035,18
563.142,0
563.248,0
563.355,0
563.461,8
563.568,6
563.674,3
563.781,22
563.887,0
563.994,0
564.1,18
564.206,13
564.313,0
564.419,0
564.526,22
564.632,0
564.739,0
564.845,4
564.952,9
565.058,20
565.165,4
565.271,14
565.377,17
565.484,18
565.59,18
565.697,0
565.803,0
565.91,0
566.016,12
566.123,10
566.229,8
566.335,18
566.442,5
566.548,23
566.655,0
566.761,0
566.868,15
566.974,20
567.081,21
567.187,3
567.293,2
567.4,17
567.506,23
567.613,3
567.719,13
567.826,12
567.932,16
568.039,21
568.145,0
568.251,0
568.358,10
568.464,14
568.571,11
568.677,0
568.784,3
568.89,34
568.997,24
569.103,0
569.209,12
569.316,29
569.422,0
569.529,0
569.635,0
569.742,0
569.848,0
569.955,1
570.061,0
570.167,0
570.274,33
570.38,0
570.487,0
570.593,0
570.7,3
570.806,0
570.912,0
571.019,19
571.125,20
571.232,0
571.338,23
571.445,6
571.551,0
571.658,20
571.764,18
571.87,33
571.977,0
572.083,0
572.19,0
572.296,0
572.403,36
572.509,33
572.615,9
572.722,0
572.828,0
572.935,23
573.041,0
573.148,1
573.254,0
573.36,4
573.467,33
573.573,23
573.68,29
573.786,2
573.893,0
573.999,14
574.105,0
574.212,8
574.318,0
574.425,6
574.531,0
574.638,8
574.744,0
574.85,1
574.957,12
575.063,0
575.17,0
575.276,0
575.383,3
575.489,23
575.595,56
575.702,95
575.808,41
575.915,30
576.021,0
576.128,0
576.234,3
576.34,7
576.447,7
576.553,4
576.66,15
576.766,0
576.873,3
576.979,11
577.085,6
577.192,14
577.298,0
577.405,0
577.511,14
577.618,8
577.724,8
577.83,0
577.937,0
578.043,0
578.15,21
578.256,0
578.363,2
578.469,13
578.575,28
578.682,10
578.788,0
578.895,19
579.001,26
579.107,0
579.214,0
579.32,9
579.427,0
579.533,0
579.64,43
579.746,89
579.852,59
579.959,1
580.065,8
580.172,31
580.278,21
580.384,20
580.491,8
580.597,7
580.704,21
580.81,0
580.917,24
581.023,29
581.129,0
581.236,0
581.342,0
581.449,35
581.555,26
581.661,0
581.768,3
581.874,9
581.981,0
582.087,0
582.193,0
582.3,4
582.406,2
582.513,44
582.619,38
582.726,0
582.832,15
582.938,0
583.045,34
583.151,44
583.258,10
583.364,11
583.47,0
583.577,0
583.683,21
583.79,9
583.896,0
584.002,0
584.109,0
584.215,0
584.322,6
584.428,0
584.535,0
584.641,5
584.747,22
584.854,0
584.96,11
585.067,23
585.173,0
585.279,13
585.386,10
585.492,23
585.599,11
585.705,0
585.811,0
585.918,0
586.024,8
586.131,23
586.237,1
586.343,0
586.45,49
586.556,88
586.663,61
586.769,13
586.875,0
586.982,2
587.088,4
587.195,21
587.301,0
587.407,0
587.514,16
587.62,0
587.727,0
587.833,14
587.939,3
588.046,0
588.152,31
588.259,0
588.365,0
588.471,0
588.578,0
588.684,0
588.791,0
588.897,18
589.003,16
589.11,16
589.216,7
589.323,0
589.429,16
589.535,0
589.642,21
589.748,11
589.855,0
589.961,12
590.067,0
590.174,0
590.28,37
590.387,7
590.493,2
590.599,0
590.706,1
590.812,0
590.918,0
591.025,0
591.131,1
591.238,18
591.344,13
591.45,0
591.557,0
591.663,36
591.77,0
591.876,14
591.982,7
592.089,6
592.195,8
592.302,0
592.408,26
592.514,0
592.621,0
592.727,0
592.834,0
592.94,0
593.046,6
593.153,16
593.259,0
593.365,5
593.472,15
593.578,0
593.685,32
593.791,30
593.897,7
594.004,0
594.11,0
594.217,34
594.323,0
594.429,0
594.536,8
594.642,24
594.748,0
594.855,18
594.961,29
595.068,28
595.174,13
595.28,0
595.387,10
595.493,3
595.6,0
595.706,0
595.812,5
595.919,9
596.025,0
596.131,0
596.238,0
596.344,2
596.451,21
596.557,18
596.663,0
596.77,4
596.876,5
596.982,0
597.089,0
597.195,6
597.302,0
597.408,0
597.514,0
597.621,0
597.727,0
597.833,6
597.94,0
598.046,25
598.153,8
598.259,0
598.365,0
598.472,10
598.578,9
598.685,14
598.791,0
598.897,0
599.004,0
599.11,0
599.216,0
599.323,0
599.429,11
599.535,5
599.642,0
599.748,11
599.855,0
599.961,4
600.067,18
600.174,0
600.28,0
600.386,0
600.493,21
600.599,20
600.706,0
600.812,6
600.918,0
601.025,0
601.131,0
601.237,20
601.344,12
601.45,35
601.557,36
601.663,5
601.769,0
601.876,0
601.982,5
602.088,0
602.195,0
602.301,0
602.407,0
602.514,0
602.62,26
602.727,0
602.833,0
602.939,12
603.046,26
603.152,0
603.258,28
603.365,0
603.471,9
603.577,0
603.684,1
603.79,0
603.897,0
604.003,0
604.109,0
604.216,0
604.322,48
604.428,40
604.535,10
604.641,6
604.747,0
604.854,0
604.96,19
605.067,0
605.173,0
605.279,0
605.386,5
605.492,4
605.598,3
605.705,6
605.811,16
605.917,0
606.024,17
606.13,17
606.236,8
606.343,9
606.449,5
606.556,0
606.662,0
606.768,0
606.875,15
606.981,12
607.087,20
607.194,11
607.3,0
607.406,6
607.513,7
607.619,0
607.725,4
607.832,28
607.938,0
608.045,0
608.151,26
608.257,0
608.364,0
608.47,6
608.576,0
608.683,5
608.789,4
608.895,0
609.002,0
609.108,2
609.214,8
609.321,15
609.427,13
609.533,0
609.64,0
609.746,15
609.852,0
609.959,12
610.065,0
610.172,0
610.278,6
610.384,6
610.491,12
610.597,0
610.703,0
610.81,43
610.916,15
611.022,8
611.129,0
611.235,24
611.341,15
611.448,7
611.554,0
611.66,0
611.767,13
611.873,3
611.979,0
612.086,17
612.192,0
612.298,8
612.405,13
612.511,12
612.617,0
612.724,0
612.83,0
612.936,94
613.043,128
613.149,64
613.255,22
613.362,0
613.468,10
613.575,0
613.681,0
613.787,1
613.894,0
614,8
614.106,0
614.213,0
614.319,15
614.425,0
614.532,3
614.638,18
614.744,0
614.851,0
614.957,44
615.063,5
615.17,7
615.276,0
615.382,25
615.489,8
615.595,0
615.701,12
615.808,17
615.914,6
616.02,35
616.127,56
616.233,71
616.339,29
616.446,10
616.552,28
616.658,3
616.765,0
616.871,0
616.977,0
617.084,10
617.19,3
617.296,25
617.403,27
617.509,5
617.615,18
617.722,4
617.828,0
617.934,0
618.041,28
618.147,16
618.253,0
618.36,0
618.466,0
618.572,4
618.679,8
618.785,0
618.891,15
618.998,0
619.104,0
619.21,0
619.316,15
619.423,1
619.529,0
619.635,3
619.742,2
619.848,0
619.954,13
620.061,0
620.167,0
620.273,0
620.38,20
620.486,0
620.592,0
620.699,13
620.805,2
620.911,15
621.018,6
621.124,0
621.23,2
621.337,13
621.443,4
621.549,61
621.656,24
621.762,0
621.868,0
621.975,0
622.081,0
622.187,20
622.294,0
622.4,8
622.506,0
622.612,6
622.719,27
622.825,0
622.931,14
623.038,0
623.144,0
623.25,4
623.357,6
623.463,7
623.569,6
623.676,9
623.782,50
623.888,60
623.995,60
624.101,0
624.207,2
624.314,0
624.42,0
624.526,0
624.632,0
624.739,0
624.845,12
624.951,1
625.058,11
625.164,7
625.27,5
625.377,0
625.483,0
625.589,48
625.696,22
625.802,5
625.908,6
626.015,0
626.121,3
626.227,8
626.333,40
626.44,31
626.546,28
626.652,0
626.759,14
626.865,2
626.971,0
627.078,23
627.184,29
627.29,0
627.397,0
627.503,0
627.609,40
627.715,7
627.822,0
627.928,0
628.034,0
628.141,14
628.247,0
628.353,0
628.46,0
628.566,0
628.672,15
628.778,5
628.885,3
628.991,0
629.097,0
629.204,26
629.31,0
629.416,1
629.523,0
629.629,0
629.735,19
629.841,0
629.948,10
630.054,25
630.16,17
630.267,13
630.373,0
630.479,13
630.586,25
630.692,4
630.798,0
630.904,21
631.011,12
631.117,0
631.223,0
631.33,3
631.436,0
631.542,18
631.649,0
631.755,0
631.861,0
631.967,0
632.074,32
632.18,41
632.286,0
632.393,0
632.499,0
632.605,7
632.711,19
632.818,0
632.924,0
633.03,0
633.137,15
633.243,8
633.349,5
633.456,14
633.562,1
633.668,10
633.774,0
633.881,8
633.987,0
634.093,11
634.2,0
634.306,0
634.412,0
634.518,0
634.625,11
634.731,0
634.837,0
634.944,0
635.05,23
635.156,0
635.262,8
635.369,17
635.475,0
635.581,17
635.688,0
635.794,0
635.9,8
636.006,0
636.113,0
636.219,48
636.325,30
636.432,0
636.538,0
636.644,0
636.75,11
636.857,0
636.963,0
637.069,56
637.176,64
637.282,25
637.388,0
637.494,0
637.601,19
637.707,28
637.813,40
637.92,11
638.026,3
638.132,0
638.238,0
638.345,19
638.451,0
638.557,4
638.663,0
638.77,0
638.876,35
638.982,19
639.089,0
639.195,0
639.301,7
639.407,11
639.514,0
639.62,0
639.726,21
639.833,59
639.939,51
640.045,0
640.151,15
640.258,7
640.364,11
640.47,0
640.576,0
640.683,48
640.789,0
640.895,7
641.002,5
641.108,10
641.214,25
641.32,25
641.427,9
641.533,9
641.639,0
641.745,14
641.852,14
641.958,3
642.064,1
642.171,9
642.277,7
642.383,7
642.489,2
642.596,18
642.702,34
642.808,25
642.914,25
643.021,0
643.127,0
643.233,26
643.339,0
643.446,13
643.552,4
643.658,0
643.765,3
643.871,16
643.977,11
644.083,0
644.19,7
644.296,0
644.402,15
644.508,8
644.615,7
644.721,2
644.827,3
644.933,21
645.04,9
645.146,0
645.252,0
645.358,32
645.465,105
645.571,174
645.677,135
645.784,27
645.89,0
645.996,0
646.102,21
646.209,20
646.315,22
646.421,0
646.527,0
646.634,6
646.74,0
646.846,18
646.952,34
647.059,2
647.165,0
647.271,0
647.377,0
647.484,0
647.59,0
647.696,10
647.802,0
647.909,13
648.015,0
648.121,19
648.227,0
648.334,9
648.44,0
648.546,0
648.652,15
648.759,3
648.865,0
648.971,0
649.077,1
649.184,14
649.29,0
649.396,12
649.502,22
649.609,22
649.715,0
649.821,0
649.927,0
650.034,24
650.14,0
650.246,193
650.352,251
650.459,156
650.565,0
650.671,0
650.777,0
650.884,54
650.99,67
651.096,58
651.202,18
651.309,21
651.415,15
651.521,19
651.627,0
651.734,32
651.84,15
651.946,22
652.052,12
652.159,0
652.265,13
652.371,0
652.477,0
652.584,42
652.69,0
652.796,0
652.902,6
653.009,0
653.115,10
653.221,13
653.327,0
653.434,4
653.54,2
653.646,5
653.752,0
653.858,0
653.965,14
654.071,3
654.177,0
654.283,0
654.39,0
654.496,9
654.602,38
654.708,4
654.815,0
654.921,46
655.027,140
655.133,49
655.24,11
655.346,0
655.452,3
655.558,3
655.665,1
655.771,4
655.877,25
655.983,24
656.089,0
656.196,18
656.302,0
656.408,0
656.514,86
656.621,128
656.727,55
656.833,7
656.939,0
657.046,0
657.152,9
657.258,0
657.364,0
657.47,33
657.577,24
657.683,17
657.789,0
657.895,0
658.002,0
658.108,8
658.214,23
658.32,24
658.427,12
658.533,3
658.639,4
658.745,15
658.851,0
658.958,0
659.064,0
659.17,0
659.276,0
659.383,63
659.489,132
659.595,81
659.701,29
659.807,0
659.914,0
660.02,1
660.126,0
660.232,14
660.339,4
660.445,20
660.551,140
660.657,140
660.763,61
660.87,3
660.976,0
661.082,0
661.188,0
661.295,9
661.401,29
661.507,0
661.613,0
661.719,0
661.826,0
661.932,0
662.038,0
662.144,0
662.251,10
662.357,56
662.463,40
662.569,29
662.675,18
662.782,26
662.888,25
662.994,0
663.1,96
663.206,120
663.313,127
663.419,56
663.525,4
663.631,8
663.738,0
663.844,6
663.95,70
664.056,28
664.162,20
664.269,0
664.375,0
664.481,0
664.587,0
664.693,11
664.8,0
664.906,5
665.012,41
665.118,262
665.225,300
665.331,134
665.437,0
665.543,0
665.649,0
665.756,0
665.862,3
665.968,1
666.074,0
666.18,3
666.287,0
666.393,24
666.499,11
666.605,0
666.711,2
666.818,27
666.924,179
667.03,164
667.136,93
667.242,0
667.349,0
667.455,6
667.561,0
667.667,0
667.773,0
667.88,0
667.986,0
668.092,27
668.198,130
668.304,258
668.411,180
668.517,55
668.623,0
668.729,0
668.835,0
668.942,0
669.048,0
669.154,11
669.26,0
669.366,1
669.473,0
669.579,0
669.685,0
669.791,0
669.897,12
670.004,0
670.11,41
670.216,85
670.322,44
670.428,25
670.535,0
670.641,0
670.747,29
670.853,0
670.959,0
671.066,0
671.172,25
671.278,0
671.384,0
671.49,0
671.597,25
671.703,41
671.809,45
671.915,1
672.021,0
672.128,0
672.234,32
672.34,35
672.446,60
672.552,61
672.658,64
672.765,38
672.871,0
672.977,0
673.083,0
673.189,0
673.296,4
673.402,7
673.508,0
673.614,0
673.72,19
673.827,32
673.933,30
674.039,61
674.145,26
674.251,4
674.357,6
674.464,11
674.57,9
674.676,0
674.782,17
674.888,11
674.995,0
675.101,8
675.207,0
675.313,0
675.419,16
675.526,19
675.632,15
675.738,27
675.844,24
675.95,0
676.056,0
676.163,0
676.269,3
676.375,0
676.481,0
676.587,28
676.693,0
676.8,0
676.906,0
677.012,0
677.118,30
677.224,0
677.331,0
677.437,16
677.543,0
677.649,0
677.755,0
677.861,4
677.968,13
678.074,0
678.18,0
678.286,0
678.392,73
678.498,0
678.605,0
678.711,20
678.817,37
678.923,38
679.029,0
679.136,0
679.242,0
679.348,16
679.454,8
679.56,0
679.666,8
679.773,0
679.879,0
679.985,5
680.091,12
680.197,21
680.303,0
680.41,3
680.516,0
680.622,0
680.728,0
680.834,0
680.94,0
681.047,0
681.153,15
681.259,7
681.365,0
681.471,0
681.577,3
681.684,0
681.79,4
681.896,0
682.002,6
682.108,29
682.214,26
682.321,0
682.427,0
682.533,21
682.639,0
682.745,0
682.851,5
682.958,0
683.064,0
683.17,0
683.276,0
683.382,0
683.488,0
683.595,0
683.701,2
683.807,0
683.913,4
684.019,0
684.125,0
684.231,12
684.338,14
684.444,0
684.55,0
684.656,20
684.762,0
684.868,0
684.975,12
685.081,0
685.187,6
685.293,1
685.399,0
685.505,5
685.611,20
685.718,4
685.824,0
685.93,20
686.036,15
686.142,0
686.248,0
686.355,5
686.461,8
686.567,0
686.673,12
686.779,0
686.885,8
686.991,6
687.098,0
687.204,6
687.31,1
687.416,0
687.522,20
687.628,8
687.735,0
687.841,0
687.947,0
688.053,3
688.159,0
688.265,2
688.371,6
688.478,27
688.584,23
688.69,0
688.796,0
688.902,23
689.008,0
689.114,0
689.221,0
689.327,40
689.433,52
689.539,0
689.645,0
689.751,0
689.857,33
689.964,38
690.07,8
690.176,0
690.282,7
690.388,0
690.494,0
690.6,6
690.707,0
690.813,0
690.919,8
691.025,0
691.131,0
691.237,12
691.343,0
691.45,0
691.556,0
691.662,24
691.768,22
691.874,13
691.98,1
692.086,16
692.193,24
692.299,9
692.405,0
692.511,28
692.617,0
692.723,6
692.829,0
692.935,4
693.042,9
693.148,0
693.254,0
693.36,9
693.466,27
693.572,0
693.678,0
693.785,8
693.891,7
693.997,1
694.103,8
694.209,0
694.315,0
694.421,17
694.527,19
694.634,0
694.74,0
694.846,0
694.952,10
695.058,28
695.164,11
695.27,0
695.376,0
695.483,0
695.589,12
695.695,0
695.801,0
695.907,8
696.013,9
696.119,11
696.225,0
696.332,0
696.438,16
696.544,22
696.65,17
696.756,6
696.862,19
696.968,0
697.074,10
697.181,0
697.287,0
697.393,0
697.499,7
697.605,0
697.711,0
697.817,5
697.923,0
698.03,0
698.136,0
698.242,0
698.348,29
698.454,4
698.56,0
698.666,0
698.772,0
698.879,7
698.985,8
699.091,0
699.197,0
699.303,12
699.409,10
699.515,5
