39.5139,0
39.7161,1
39.918,50
40.1196,20
40.3209,0
40.5218,0
40.7224,6
40.9227,10
41.1227,0
41.3224,9
41.5217,32
41.7208,10
41.9195,0
42.1179,5
42.316,12
42.5138,0
42.7113,32
42.9084,12
43.1053,28
43.3019,21
43.4982,0
43.6941,6
43.8898,19
44.0852,7
44.2803,35
44.4751,0
44.6696,0
44.8638,36
45.0577,0
45.2514,1
45.4447,0
45.6378,0
45.8306,9
46.0231,22
46.2153,0
46.4072,0
46.5989,16
46.7903,28
46.9814,3
47.1722,6
47.3628,0
47.5531,11
47.7431,0
47.9329,14
48.1223,19
48.3116,24
48.5005,0
48.6892,5
48.8776,26
49.0658,21
49.2537,0
49.4414,11
49.6288,4
49.8159,1
50.0028,4
50.1894,0
50.3757,0
50.5619,0
50.7477,0
50.9333,21
51.1187,0
51.3038,20
51.4887,24
51.6733,12
51.8577,43
52.0418,4
52.2257,6
52.4094,18
52.5928,12
52.7759,4
52.9589,0
53.1416,0
53.324,21
53.5062,0
53.6882,9
53.87,0
54.0515,0
54.2328,5
54.4138,10
54.5947,5
54.7753,22
54.9556,0
55.1358,5
55.3157,17
55.4954,0
55.6748,21
55.8541,2
56.0331,0
56.2119,8
56.3905,0
56.5688,7
56.747,13
56.9249,0
57.1026,0
57.2801,10
57.4574,18
57.6344,0
57.8113,0
57.9879,7
58.1643,2
58.3406,0
58.5166,0
58.6923,44
58.8679,40
59.0433,16
59.2185,0
59.3934,10
59.5682,0
59.7427,4
59.9171,16
60.0912,0
60.2652,0
60.4389,0
60.6125,13
60.7858,0
60.9589,8
61.1319,1
61.3046,0
61.4772,2
61.6495,28
61.8217,23
61.9936,0
62.1654,2
62.337,3
62.5084,41
62.6795,0
62.8505,0
63.0213,9
63.192,0
63.3624,0
63.5326,1
63.7027,17
63.8725,0
64.0422,0
64.2117,10
64.381,6
64.5502,17
64.7191,22
64.8878,21
65.0564,0
65.2248,18
65.393,0
65.5611,0
65.7289,10
65.8966,6
66.0641,16
66.2314,18
66.3985,0
66.5655,22
66.7323,0
66.8989,0
67.0653,0
67.2316,0
67.3977,4
67.5636,9
67.7293,1
67.8949,0
68.0603,0
68.2255,18
68.3906,22
68.5554,0
68.7202,30
68.8847,10
69.0491,0
69.2133,10
69.3774,15
69.5412,8
69.705,0
69.8685,4
70.0319,12
70.1951,0
70.3582,8
70.5211,10
70.6838,0
70.8464,12
71.0088,4
71.171,9
71.3331,0
71.4951,8
71.6568,8
71.8185,5
71.9799,0
72.1412,0
72.3023,0
72.4633,17
72.6242,12
72.7848,8
72.9453,0
73.1057,0
73.2659,11
73.426,14
73.5859,0
73.7456,0
73.9052,4
74.0647,18
74.224,26
74.3831,10
74.5421,0
74.7009,0
74.8596,6
75.0182,0
75.1766,0
75.3348,24
75.4929,39
75.6509,0
75.8087,0
75.9664,8
76.1239,22
76.2813,21
76.4385,14
76.5956,13
76.7525,0
76.9093,0
77.066,9
77.2225,0
77.3788,18
77.5351,32
77.6911,0
77.8471,5
78.0029,2
78.1586,0
78.3141,0
78.4695,0
78.6247,0
78.7798,31
78.9348,10
79.0896,0
79.2443,34
79.3989,0
79.5533,16
79.7076,16
79.8618,0
80.0158,0
80.1697,0
80.3234,6
80.477,29
80.6305,13
80.7838,0
80.9371,0
81.0901,9
81.2431,18
81.3959,15
81.5486,4
81.7012,0
81.8536,10
82.0059,10
82.1581,0
82.3101,0
82.462,5
82.6138,2
82.7654,0
82.917,7
83.0684,0
83.2196,9
83.3708,0
83.5218,33
83.6727,1
83.8234,0
83.9741,13
84.1246,12
84.275,0
84.4253,7
84.5754,16
84.7254,30
84.8753,20
85.0251,25
85.1747,9
85.3243,27
85.4737,0
85.623,16
85.7721,0
85.9212,4
86.0701,0
86.2189,2
86.3676,20
86.5161,7
86.6646,40
86.8129,0
86.9611,26
87.1092,0
87.2572,0
87.405,21
87.5527,10
87.7004,34
87.8479,7
87.9952,15
88.1425,12
88.2897,0
88.4367,0
88.5836,0
88.7304,12
88.8771,0
89.0237,0
89.1701,20
89.3165,2
89.4627,0
89.6089,0
89.7549,19
89.9008,11
90.0465,11
90.1922,0
90.3378,0
90.4832,45
90.6286,6
90.7738,0
90.9189,0
91.0639,0
91.2088,0
91.3536,23
91.4983,8
91.6429,0
91.7873,0
91.9317,18
92.0759,7
92.2201,23
92.3641,0
92.508,15
92.6518,12
92.7955,10
92.9391,0
93.0826,0
93.226,16
93.3693,2
93.5125,11
93.6555,0
93.7985,0
93.9414,12
94.0841,22
94.2268,6
94.3693,0
94.5118,1
94.6541,0
94.7964,15
94.9385,0
95.0805,5
95.2225,0
95.3643,0
95.506,0
95.6476,0
95.7892,0
95.9306,0
96.0719,0
96.2131,23
96.3543,26
96.4953,0
96.6362,0
96.777,7
96.9177,4
97.0584,14
97.1989,2
97.3393,13
97.4796,11
97.6199,0
97.76,3
97.9,0
98.04,0
98.1798,14
98.3195,6
98.4592,11
98.5987,8
98.7382,31
98.8775,16
99.0168,0
99.1559,0
99.295,0
99.434,12
99.5729,0
99.7116,0
99.8503,0
99.9889,22
100.127,1
100.266,4
100.404,1
100.542,7
100.68,9
100.818,0
100.956,11
101.094,38
101.232,0
101.37,6
101.507,25
101.645,0
101.782,0
101.919,28
102.057,0
102.194,0
102.331,6
102.468,23
102.605,0
102.741,11
102.878,4
103.014,0
103.151,0
103.287,30
103.424,10
103.56,0
103.696,18
103.832,2
103.968,11
104.104,6
104.24,0
104.375,8
104.511,45
104.646,66
104.782,4
104.917,0
105.052,15
105.188,20
105.323,0
105.458,0
105.592,0
105.727,18
105.862,6
105.997,0
106.131,8
106.266,25
106.4,1
106.534,0
106.669,0
106.803,26
106.937,22
107.071,0
107.205,11
107.338,1
107.472,0
107.606,9
107.739,17
107.873,10
108.006,21
108.139,0
108.273,0
108.406,26
108.539,0
108.672,19
108.805,0
108.938,23
109.07,28
109.203,14
109.336,7
109.468,12
109.6,17
109.733,13
109.865,16
109.997,4
110.129,5
110.261,0
110.393,18
110.525,20
110.657,8
110.788,18
110.92,24
111.052,5
111.183,7
111.314,0
111.446,14
111.577,4
111.708,2
111.839,0
111.97,0
112.101,12
112.232,8
112.363,17
112.493,13
112.624,10
112.754,6
112.885,9
113.015,9
113.145,0
113.276,4
113.406,35
113.536,36
113.666,12
113.796,0
113.926,25
114.055,0
114.185,8
114.315,9
114.444,0
114.574,0
114.703,16
114.832,0
114.962,5
115.091,5
115.22,15
115.349,0
115.478,9
115.607,0
115.735,2
115.864,0
115.993,0
116.121,0
116.25,0
116.378,0
116.507,0
116.635,4
116.763,0
116.891,1
117.019,6
117.147,17
117.275,8
117.403,0
117.531,0
117.659,19
117.786,0
117.914,0
118.041,9
118.169,4
118.296,0
118.423,11
118.551,0
118.678,4
118.805,34
118.932,13
119.059,8
119.186,10
119.312,24
119.439,14
119.566,0
119.692,0
119.819,15
119.945,15
120.072,0
120.198,10
120.324,0
120.451,10
120.577,6
120.703,1
120.829,0
120.955,3
121.08,17
121.206,0
121.332,0
121.458,19
121.583,2
121.709,15
121.834,8
121.959,9
122.085,17
122.21,21
122.335,32
122.46,26
122.585,0
122.71,14
122.835,44
122.96,11
123.085,14
123.209,13
123.334,0
123.459,0
123.583,12
123.708,1
123.832,14
123.956,0
124.081,0
124.205,0
124.329,4
124.453,5
124.577,0
124.701,12
124.825,29
124.949,0
125.072,0
125.196,28
125.32,0
125.443,0
125.567,0
125.69,0
125.814,95
125.937,85
126.06,8
126.183,0
126.306,18
126.429,36
126.552,4
126.675,0
126.798,0
126.921,10
127.044,0
127.166,6
127.289,11
127.412,5
127.534,0
127.657,12
127.779,12
127.901,0
128.023,0
128.146,18
128.268,35
128.39,0
128.512,0
128.634,27
128.756,20
128.878,28
128.999,0
129.121,0
129.243,14
129.364,15
129.486,0
129.607,0
129.729,9
129.85,0
129.971,0
130.092,61
130.214,14
130.335,0
130.456,26
130.577,7
130.698,5
130.819,1
130.939,0
131.06,0
131.181,8
131.302,4
131.422,0
131.543,17
131.663,11
131.784,0
131.904,0
132.024,19
132.144,0
132.265,24
132.385,0
132.505,5
132.625,0
132.745,0
132.865,11
132.985,0
133.104,0
133.224,36
133.344,6
133.463,22
133.583,0
133.702,21
133.822,11
133.941,0
134.061,0
134.18,13
134.299,9
134.418,3
134.537,0
134.656,1
134.775,17
134.894,8
135.013,0
135.132,9
135.251,6
135.369,11
135.488,24
135.607,10
135.725,0
135.844,4
135.962,0
136.081,20
136.199,36
136.317,9
136.436,0
136.554,0
136.672,0
136.79,28
136.908,7
137.026,0
137.144,0
137.262,34
137.379,11
137.497,8
137.615,0
137.733,13
137.85,0
137.968,10
138.085,28
138.203,12
138.32,0
138.437,4
138.555,0
138.672,1
138.789,0
138.906,11
139.023,0
139.14,16
139.257,5
139.374,0
139.491,0
139.608,0
139.724,13
139.841,0
139.958,0
140.074,0
140.191,17
140.307,3
140.424,0
140.54,0
140.657,42
140.773,0
140.889,0
141.005,11
141.121,0
141.237,5
141.353,21
141.469,1
141.585,0
141.701,0
141.817,0
141.933,30
142.049,22
142.164,0
142.28,0
142.396,0
142.511,6
142.627,0
142.742,0
142.857,18
142.973,0
143.088,5
143.203,6
143.318,30
143.434,2
143.549,9
143.664,6
143.779,9
143.894,0
144.008,0
144.123,7
144.238,20
144.353,4
144.468,2
144.582,0
144.697,34
144.811,30
144.926,0
145.04,0
145.155,3
145.269,21
145.383,0
145.498,0
145.612,0
145.726,42
145.84,0
145.954,11
146.068,12
146.182,2
146.296,9
146.41,23
146.524,25
146.638,0
146.751,0
146.865,18
146.979,14
147.092,0
147.206,0
147.319,0
147.433,6
147.546,11
147.66,21
147.773,0
147.886,0
148,4
148.113,44
148.226,0
148.339,0
148.452,7
148.565,3
148.678,0
148.791,5
148.904,26
149.016,28
149.129,4
149.242,2
149.355,0
149.467,6
149.58,10
149.692,9
149.805,0
149.917,10
150.03,4
150.142,23
150.254,0
150.367,21
150.479,28
150.591,0
150.703,0
150.815,0
150.927,5
151.039,3
151.151,5
151.263,0
151.375,13
151.487,32
151.599,13
151.711,15
151.822,0
151.934,7
152.045,3
152.157,0
152.269,0
152.38,28
152.491,32
152.603,8
152.714,0
152.825,1
152.937,0
153.048,0
153.159,0
153.27,26
153.381,44
153.492,0
153.603,0
153.714,0
153.825,3
153.936,9
154.047,5
154.158,0
154.268,0
154.379,0
154.49,0
154.6,0
154.711,0
154.822,28
154.932,0
155.042,0
155.153,0
155.263,23
155.374,17
155.484,3
155.594,0
155.704,0
155.814,0
155.924,0
156.035,9
156.145,0
156.255,1
156.364,28
156.474,15
156.584,0
156.694,5
156.804,26
156.914,0
157.023,0
157.133,15
157.243,18
157.352,0
157.462,34
157.571,0
157.681,4
157.79,0
157.899,6
158.009,21
158.118,12
158.227,7
158.336,0
158.446,0
158.555,3
158.664,6
158.773,0
158.882,3
158.991,6
159.1,21
159.209,0
159.317,11
159.426,0
159.535,0
159.644,32
159.752,6
159.861,0
159.97,0
160.078,4
160.187,17
160.295,0
160.404,0
160.512,5
160.62,0
160.729,0
160.837,0
160.945,0
161.053,0
161.162,0
161.27,23
161.378,7
161.486,4
161.594,7
161.702,0
161.81,0
161.918,4
162.026,0
162.133,10
162.241,3
162.349,0
162.457,0
162.564,0
162.672,15
162.779,0
162.887,0
162.994,2
163.102,0
163.209,21
163.317,35
163.424,6
163.531,0
163.639,2
163.746,0
163.853,3
163.96,0
164.067,0
164.175,43
164.282,24
164.389,0
164.496,0
164.603,12
164.709,0
164.816,1
164.923,0
165.03,15
165.137,0
165.243,0
165.35,0
165.457,0
165.563,13
165.67,0
165.776,0
165.883,5
165.989,31
166.096,0
166.202,0
166.309,0
166.415,24
166.521,4
166.627,0
166.734,2
166.84,0
166.946,0
167.052,2
167.158,10
167.264,19
167.37,0
167.476,2
167.582,0
167.688,0
167.794,0
167.899,5
168.005,0
168.111,0
168.217,0
168.322,15
168.428,3
168.533,17
168.639,0
168.745,16
168.85,6
168.955,0
169.061,0
169.166,6
169.272,2
169.377,1
169.482,0
169.587,5
169.693,12
169.798,0
169.903,0
170.008,2
170.113,24
170.218,0
170.323,15
170.428,0
170.533,0
170.638,8
170.743,16
170.847,11
170.952,0
171.057,3
171.162,1
171.266,0
171.371,0
171.476,0
171.58,15
171.685,0
171.789,0
171.894,0
171.998,0
172.102,13
172.207,0
172.311,5
172.415,0
172.52,16
172.624,16
172.728,41
172.832,8
172.936,13
173.04,0
173.145,0
173.249,0
173.353,1
173.457,0
173.56,24
173.664,0
173.768,0
173.872,14
173.976,0
174.08,0
174.183,8
174.287,0
174.391,0
174.494,0
174.598,0
174.701,14
174.805,14
174.908,0
175.012,0
175.115,3
175.219,0
175.322,26
175.425,0
175.529,12
175.632,4
175.735,0
175.838,0
175.941,20
176.045,7
176.148,0
176.251,0
176.354,19
176.457,0
176.56,0
176.663,7
176.766,0
176.868,6
176.971,7
177.074,82
177.177,95
177.28,39
177.382,0
177.485,0
177.588,13
177.69,0
177.793,10
177.895,0
177.998,0
178.1,2
178.203,28
178.305,0
178.408,0
178.51,0
178.612,18
178.714,0
178.817,0
178.919,19
179.021,13
179.123,8
179.225,20
179.328,6
179.43,15
179.532,0
179.634,0
179.736,1
179.838,15
179.939,4
180.041,0
180.143,8
180.245,1
180.347,0
180.449,5
180.55,25
180.652,4
180.754,7
180.855,0
180.957,18
181.058,20
181.16,11
181.262,0
181.363,0
181.464,0
181.566,20
181.667,18
181.769,0
181.87,0
181.971,0
182.072,28
182.174,12
182.275,0
182.376,0
182.477,0
182.578,16
182.679,0
182.78,0
182.881,0
182.982,0
183.083,0
183.184,1
183.285,5
183.386,22
183.487,3
183.588,0
183.689,0
183.789,4
183.89,3
183.991,25
184.091,0
184.192,15
184.293,5
184.393,0
184.494,0
184.594,6
184.695,0
184.795,2
184.896,29
184.996,34
185.096,0
185.197,10
185.297,0
185.397,0
185.498,0
185.598,2
185.698,0
185.798,0
185.898,0
185.998,25
186.098,14
186.198,0
186.298,0
186.398,0
186.498,39
186.598,0
186.698,0
186.798,6
186.898,5
186.998,0
187.098,35
187.197,5
187.297,0
187.397,0
187.496,0
187.596,0
187.696,0
187.795,0
187.895,3
187.994,0
188.094,0
188.193,13
188.293,18
188.392,0
188.491,0
188.591,0
188.69,5
188.789,0
188.889,0
188.988,2
189.087,14
189.186,0
189.285,14
189.385,22
189.484,34
189.583,0
189.682,0
189.781,2
189.88,0
189.979,0
190.078,0
190.177,8
190.276,0
190.374,4
190.473,4
190.572,15
190.671,23
190.769,0
190.868,2
190.967,8
191.066,0
191.164,23
191.263,0
191.361,0
191.46,42
191.558,5
191.657,0
191.755,0
191.854,9
191.952,3
192.051,15
192.149,7
192.247,0
192.346,7
192.444,12
192.542,6
192.64,0
192.738,13
192.837,12
192.935,0
193.033,23
193.131,10
193.229,0
193.327,18
193.425,10
193.523,0
193.621,0
193.719,0
193.817,0
193.915,9
194.012,10
194.11,4
194.208,0
194.306,21
194.404,0
194.501,0
194.599,13
194.697,0
194.794,6
194.892,2
194.989,11
195.087,0
195.185,10
195.282,12
195.379,0
195.477,0
195.574,13
195.672,2
195.769,26
195.866,14
195.964,0
196.061,8
196.158,2
196.256,36
196.353,3
196.45,0
196.547,8
196.644,14
196.741,0
196.838,29
196.935,9
197.032,1
197.129,33
197.226,26
197.323,5
197.42,0
197.517,15
197.614,3
197.711,24
197.808,22
197.905,0
198.001,16
198.098,0
198.195,0
198.292,1
198.388,0
198.485,0
198.581,3
198.678,11
198.775,0
198.871,0
198.968,15
199.064,44
199.161,1
199.257,18
199.353,0
199.45,24
199.546,4
199.643,0
199.739,39
199.835,38
199.931,0
200.028,24
200.124,0
200.22,29
200.316,0
200.412,0
200.509,0
200.605,0
200.701,0
200.797,10
200.893,0
200.989,17
201.085,0
201.181,6
201.277,6
201.372,0
201.468,7
201.564,0
201.66,0
201.756,0
201.852,22
201.947,0
202.043,10
202.139,13
202.234,0
202.33,0
202.426,0
202.521,23
202.617,0
202.712,4
202.808,0
202.903,6
202.999,17
203.094,0
203.19,10
203.285,0
203.381,1
203.476,2
203.571,2
203.667,0
203.762,2
203.857,6
203.952,19
204.048,0
204.143,0
204.238,16
204.333,0
204.428,34
204.523,10
204.618,0
204.713,0
204.808,24
204.903,0
204.998,0
205.093,0
205.188,0
205.283,27
205.378,0
205.473,0
205.568,24
205.663,56
205.757,26
205.852,28
205.947,0
206.042,0
206.136,17
206.231,38
206.326,17
206.42,0
206.515,4
206.609,5
206.704,0
206.798,0
206.893,0
206.987,21
207.082,1
207.176,15
207.271,10
207.365,0
207.459,6
207.554,12
207.648,29
207.742,0
207.837,0
207.931,8
208.025,33
208.119,60
208.214,37
208.308,27
208.402,14
208.496,8
208.59,12
208.684,22
208.778,3
208.872,0
208.966,0
209.06,7
209.154,12
209.248,0
209.342,0
209.436,8
209.53,0
209.624,3
209.717,6
209.811,0
209.905,0
209.999,2
210.092,20
210.186,16
210.28,2
210.374,20
210.467,0
210.561,0
210.654,3
210.748,22
210.842,4
210.935,0
211.029,0
211.122,0
211.215,0
211.309,3
211.402,0
211.496,2
211.589,0
211.682,3
211.776,26
211.869,15
211.962,2
212.056,19
212.149,0
212.242,6
212.335,15
212.428,0
212.522,14
212.615,4
212.708,7
212.801,0
212.894,3
212.987,0
213.08,17
213.173,4
213.266,0
213.359,0
213.452,9
213.545,0
213.638,0
213.731,0
213.823,49
213.916,31
214.009,0
214.102,0
214.195,0
214.287,7
214.38,0
214.473,17
214.565,0
214.658,10
214.751,0
214.843,4
214.936,6
215.028,1
215.121,0
215.214,0
215.306,16
215.399,13
215.491,0
215.583,0
215.676,22
215.768,15
215.861,0
215.953,0
216.045,18
216.138,0
216.23,0
216.322,23
216.414,0
216.507,0
216.599,0
216.691,17
216.783,25
216.875,18
216.968,0
217.06,0
217.152,0
217.244,22
217.336,10
217.428,0
217.52,7
217.612,18
217.704,0
217.796,56
217.888,109
217.98,46
218.071,0
218.163,0
218.255,22
218.347,14
218.439,11
218.53,10
218.622,13
218.714,8
218.806,0
218.897,5
218.989,8
219.081,13
219.172,0
219.264,0
219.355,15
219.447,25
219.539,0
219.63,5
219.722,15
219.813,7
219.905,0
219.996,26
220.087,7
220.179,13
220.27,4
220.362,0
220.453,7
220.544,0
220.636,0
220.727,0
220.818,0
220.909,0
221.001,9
221.092,8
221.183,0
221.274,0
221.365,0
221.456,22
221.547,22
221.638,0
221.73,7
221.821,19
221.912,11
222.003,19
222.094,17
222.185,10
222.276,0
222.366,0
222.457,0
222.548,0
222.639,8
222.73,24
222.821,0
222.912,0
223.002,49
223.093,30
223.184,0
223.275,0
223.365,19
223.456,16
223.547,14
223.637,4
223.728,10
223.818,25
223.909,23
224,0
224.09,0
224.181,6
224.271,9
224.362,6
224.452,0
224.543,8
224.633,0
224.723,0
224.814,0
224.904,0
224.995,0
225.085,0
225.175,6
225.266,3
225.356,19
225.446,26
225.536,0
225.627,0
225.717,7
225.807,15
225.897,0
225.987,0
226.077,35
226.167,17
226.258,6
226.348,0
226.438,0
226.528,12
226.618,7
226.708,0
226.798,0
226.888,11
226.978,15
227.067,3
227.157,0
227.247,0
227.337,14
227.427,3
227.517,0
227.607,0
227.696,8
227.786,0
227.876,18
227.966,0
228.055,11
228.145,12
228.235,0
228.324,7
228.414,12
228.504,0
228.593,0
228.683,1
228.772,13
228.862,0
228.951,7
229.041,1
229.13,0
229.22,22
229.309,18
229.399,9
229.488,12
229.577,0
229.667,15
229.756,11
229.845,0
229.935,10
230.024,20
230.113,0
230.203,25
230.292,0
230.381,0
230.47,12
230.559,6
230.649,20
230.738,8
230.827,0
230.916,17
231.005,7
231.094,0
231.183,0
231.272,1
231.361,16
231.45,21
231.539,0
231.628,0
231.717,9
231.806,0
231.895,0
231.984,45
232.073,33
232.162,15
232.251,0
232.339,9
232.428,26
232.517,27
232.606,20
232.695,6
232.783,20
232.872,0
232.961,11
233.049,0
233.138,1
233.227,0
233.315,0
233.404,2
233.493,6
233.581,4
233.67,0
233.758,0
233.847,0
233.935,8
234.024,10
234.112,1
234.201,16
234.289,5
234.378,0
234.466,14
234.554,10
234.643,0
234.731,0
234.819,0
234.908,4
234.996,0
235.084,0
235.172,0
235.261,7
235.349,7
235.437,8
235.525,0
235.613,0
235.702,28
235.79,18
235.878,17
235.966,0
236.054,1
236.142,2
236.23,27
236.318,10
236.406,20
236.494,11
236.582,0
236.67,0
236.758,0
236.846,0
236.934,12
237.022,8
237.11,24
237.198,0
237.285,1
237.373,0
237.461,9
237.549,29
237.637,0
237.724,10
237.812,0
237.9,0
237.988,0
238.075,15
238.163,2
238.251,12
238.338,8
238.426,1
238.513,12
238.601,21
238.689,1
238.776,3
238.864,9
238.951,5
239.039,3
239.126,2
239.214,6
239.301,5
239.389,7
239.476,2
239.563,0
239.651,24
239.738,28
239.826,4
239.913,0
240,30
240.087,0
240.175,0
240.262,23
240.349,10
240.437,34
240.524,0
240.611,0
240.698,0
240.785,17
240.872,36
240.96,1
241.047,0
241.134,0
241.221,0
241.308,0
241.395,0
241.482,8
241.569,22
241.656,0
241.743,18
241.83,24
241.917,0
242.004,0
242.091,0
242.178,11
242.265,11
242.352,0
242.438,11
242.525,8
242.612,13
242.699,15
242.786,2
242.872,13
242.959,29
243.046,4
243.133,2
243.219,0
243.306,13
243.393,0
243.479,6
243.566,0
243.653,23
243.739,23
243.826,0
243.912,2
243.999,16
244.086,11
244.172,42
244.259,0
244.345,3
244.432,13
244.518,21
244.605,0
244.691,0
244.777,29
244.864,17
244.95,0
245.037,0
245.123,21
245.209,0
245.296,1
245.382,13
245.468,17
245.554,24
245.641,0
245.727,41
245.813,11
245.899,0
245.986,0
246.072,21
246.158,20
246.244,0
246.33,0
246.416,15
246.502,15
246.589,0
246.675,0
246.761,15
246.847,8
246.933,0
247.019,19
247.105,22
247.191,5
247.277,4
247.363,0
247.449,0
247.534,2
247.62,0
247.706,0
247.792,8
247.878,0
247.964,0
248.05,0
248.135,3
248.221,0
248.307,15
248.393,0
248.479,2
248.564,0
248.65,3
248.736,0
248.821,0
248.907,0
248.993,30
249.078,0
249.164,21
249.25,84
249.335,62
249.421,50
249.506,22
249.592,0
249.677,0
249.763,0
249.848,3
249.934,0
250.019,0
250.105,26
250.19,0
250.276,0
250.361,0
250.446,6
250.532,0
250.617,0
250.703,10
250.788,35
250.873,9
250.959,0
251.044,0
251.129,1
251.214,0
251.3,0
251.385,8
251.47,11
251.555,0
251.64,4
251.726,7
251.811,9
251.896,0
251.981,8
252.066,20
252.151,0
252.236,0
252.321,6
252.406,14
252.491,0
252.576,0
252.661,0
252.746,0
252.831,0
252.916,0
253.001,14
253.086,0
253.171,0
253.256,0
253.341,0
253.426,18
253.511,28
253.596,0
253.68,9
253.765,0
253.85,19
253.935,0
254.02,0
254.104,0
254.189,2
254.274,41
254.358,1
254.443,20
254.528,0
254.613,0
254.697,4
254.782,24
254.866,6
254.951,0
255.036,8
255.12,0
255.205,9
255.289,0
255.374,9
255.458,15
255.543,7
255.627,12
255.712,0
255.796,22
255.881,24
255.965,0
256.05,0
256.134,22
256.218,25
256.303,12
256.387,20
256.472,17
256.556,16
256.64,9
256.724,20
256.809,24
256.893,0
256.977,2
257.062,7
257.146,0
257.23,11
257.314,1
257.398,3
257.483,7
257.567,0
257.651,0
257.735,133
257.819,73
257.903,23
257.987,0
258.071,1
258.156,5
258.24,29
258.324,0
258.408,23
258.492,29
258.576,0
258.66,0
258.744,8
258.828,2
258.911,0
258.995,0
259.079,0
259.163,0
259.247,0
259.331,0
259.415,3
259.499,7
259.582,0
259.666,31
259.75,16
259.834,4
259.918,0
260.001,0
260.085,0
260.169,19
260.253,10
260.336,10
260.42,28
260.504,0
260.587,30
260.671,29
260.755,43
260.838,4
260.922,0
261.005,2
261.089,20
261.173,0
261.256,3
261.34,71
261.423,33
261.507,0
261.59,0
261.674,0
261.757,0
261.841,34
261.924,0
262.007,0
262.091,26
262.174,71
262.258,116
262.341,58
262.424,32
262.508,0
262.591,0
262.674,0
262.758,15
262.841,0
262.924,0
263.008,0
263.091,1
263.174,15
263.257,0
263.34,16
263.424,11
263.507,37
263.59,33
263.673,0
263.756,18
263.839,25
263.923,0
264.006,0
264.089,0
264.172,18
264.255,0
264.338,0
264.421,22
264.504,9
264.587,0
264.67,14
264.753,4
264.836,14
264.919,32
265.002,6
265.085,30
265.168,22
265.251,0
265.333,0
265.416,9
265.499,17
265.582,0
265.665,0
265.748,32
265.831,4
265.913,25
265.996,0
266.079,5
266.162,0
266.244,32
266.327,43
266.41,18
266.493,0
266.575,0
266.658,0
266.741,0
266.823,2
266.906,7
266.989,0
267.071,0
267.154,2
267.236,5
267.319,0
267.402,5
267.484,0
267.567,0
267.649,0
267.732,0
267.814,0
267.897,0
267.979,0
268.062,0
268.144,28
268.226,15
268.309,0
268.391,13
268.474,15
268.556,9
268.638,0
268.721,30
268.803,8
268.885,0
268.968,5
269.05,14
269.132,15
269.215,11
269.297,3
269.379,0
269.461,0
269.544,10
269.626,10
269.708,8
269.79,16
269.872,8
269.955,6
270.037,31
270.119,4
270.201,21
270.283,0
270.365,0
270.447,15
270.529,0
270.611,2
270.694,6
270.776,10
270.858,15
270.94,0
271.022,0
271.104,7
271.186,11
271.268,0
271.349,0
271.431,12
271.513,1
271.595,0
271.677,0
271.759,0
271.841,0
271.923,6
272.005,0
272.086,9
272.168,0
272.25,17
272.332,0
272.414,0
272.495,8
272.577,0
272.659,0
272.741,0
272.822,0
272.904,0
272.986,8
273.068,0
273.149,30
273.231,23
273.313,0
273.394,12
273.476,0
273.557,0
273.639,9
273.721,1
273.802,0
273.884,20
273.965,0
274.047,29
274.128,15
274.21,7
274.291,0
274.373,0
274.454,16
274.536,23
274.617,2
274.699,0
274.78,0
274.862,20
274.943,44
275.024,23
275.106,10
275.187,0
275.269,0
275.35,38
275.431,0
275.513,0
275.594,0
275.675,0
275.756,0
275.838,0
275.919,23
276,58
276.082,80
276.163,28
276.244,12
276.325,4
276.406,0
276.488,0
276.569,10
276.65,11
276.731,11
276.812,0
276.893,0
276.974,14
277.055,0
277.137,0
277.218,0
277.299,42
277.38,4
277.461,6
277.542,0
277.623,15
277.704,36
277.785,12
277.866,4
277.947,0
278.028,21
278.109,8
278.19,3
278.27,3
278.351,8
278.432,9
278.513,5
278.594,3
278.675,8
278.756,8
278.837,18
278.917,9
278.998,0
279.079,37
279.16,0
279.241,0
279.321,12
279.402,3
279.483,0
279.564,0
279.644,12
279.725,7
279.806,0
279.886,10
279.967,0
280.048,13
280.128,8
280.209,14
280.29,12
280.37,0
280.451,0
280.531,0
280.612,0
280.693,0
280.773,0
280.854,1
280.934,29
281.015,11
281.095,0
281.176,0
281.256,20
281.337,0
281.417,0
281.498,0
281.578,0
281.659,8
281.739,28
281.819,4
281.9,0
281.98,52
282.061,27
282.141,2
282.221,25
282.302,0
282.382,0
282.462,0
282.543,20
282.623,12
282.703,0
282.783,0
282.864,0
282.944,0
283.024,1
283.104,0
283.185,22
283.265,5
283.345,7
283.425,26
283.505,0
283.585,0
283.666,0
283.746,12
283.826,0
283.906,2
283.986,17
284.066,0
284.146,0
284.226,0
284.306,2
284.386,3
284.466,0
284.546,0
284.626,1
284.706,22
284.786,8
284.866,15
284.946,11
285.026,21
285.106,61
285.186,80
285.266,32
285.346,53
285.426,0
285.506,0
285.586,15
285.666,0
285.745,0
285.825,17
285.905,3
285.985,10
286.065,24
286.145,12
286.224,2
286.304,16
286.384,20
286.464,11
286.543,0
286.623,0
286.703,9
286.783,14
286.862,0
286.942,0
287.022,0
287.101,8
287.181,7
287.261,0
287.34,0
287.42,8
287.5,6
287.579,9
287.659,0
287.738,121
287.818,143
287.897,65
287.977,17
288.057,0
288.136,4
288.216,10
288.295,23
288.375,0
288.454,0
288.534,9
288.613,16
288.692,0
288.772,0
288.851,13
288.931,0
289.01,10
289.09,17
289.169,30
289.248,4
289.328,13
289.407,25
289.486,0
289.566,3
289.645,4
289.724,0
289.804,28
289.883,17
289.962,4
290.042,0
290.121,24
290.2,58
290.279,50
290.359,0
290.438,0
290.517,39
290.596,29
290.675,18
290.755,0
290.834,6
290.913,13
290.992,0
291.071,0
291.15,28
291.229,0
291.308,7
291.388,14
291.467,0
291.546,17
291.625,0
291.704,29
291.783,18
291.862,9
291.941,16
292.02,0
292.099,0
292.178,10
292.257,11
292.336,8
292.415,0
292.494,0
292.573,0
292.652,3
292.73,30
292.809,0
292.888,19
292.967,18
293.046,0
293.125,0
293.204,18
293.283,35
293.361,0
293.44,5
293.519,8
293.598,17
293.677,0
293.755,1
293.834,63
293.913,32
293.992,45
294.07,34
294.149,0
294.228,21
294.307,0
294.385,7
294.464,3
294.543,0
294.621,0
294.7,8
294.779,0
294.857,0
294.936,0
295.014,10
295.093,20
295.172,2
295.25,0
295.329,0
295.407,0
295.486,10
295.564,26
295.643,2
295.722,16
295.8,9
295.879,9
295.957,3
296.036,0
296.114,35
296.192,1
296.271,14
296.349,11
296.428,13
296.506,12
296.585,2
296.663,12
296.741,30
296.82,0
296.898,3
296.977,3
297.055,0
297.133,0
297.212,2
297.29,0
297.368,0
297.446,0
297.525,0
297.603,0
297.681,6
297.76,3
297.838,0
297.916,3
297.994,5
298.073,12
298.151,11
298.229,0
298.307,0
298.385,43
298.463,32
298.542,0
298.62,25
298.698,17
298.776,0
298.854,0
298.932,3
299.01,1
299.088,7
299.167,11
299.245,9
299.323,0
299.401,0
299.479,15
299.557,10
299.635,0
299.713,8
299.791,0
299.869,0
299.947,24
300.025,7
300.103,0
300.181,8
300.259,13
300.337,7
300.415,14
300.492,9
300.57,1
300.648,0
300.726,10
300.804,0
300.882,0
300.96,0
301.038,39
301.115,9
301.193,19
301.271,0
301.349,4
301.427,11
301.504,1
301.582,7
301.66,15
301.738,14
301.816,13
301.893,0
301.971,4
302.049,0
302.126,9
302.204,1
302.282,17
302.36,0
302.437,0
302.515,17
302.593,0
302.67,25
302.748,6
302.825,22
302.903,0
302.981,0
303.058,7
303.136,0
303.213,0
303.291,10
303.369,24
303.446,2
303.524,18
303.601,19
303.679,4
303.756,5
303.834,18
303.911,0
303.989,13
304.066,3
304.144,24
304.221,30
304.299,7
304.376,1
304.453,2
304.531,0
304.608,0
304.686,0
304.763,0
304.84,15
304.918,6
304.995,0
305.072,0
305.15,20
305.227,32
305.304,18
305.382,5
305.459,32
305.536,0
305.614,0
305.691,3
305.768,30
305.845,0
305.923,0
306,0
306.077,0
306.154,65
306.232,30
306.309,0
306.386,0
306.463,25
306.54,19
306.618,13
306.695,0
306.772,0
306.849,10
306.926,0
307.003,20
307.08,0
307.157,6
307.234,12
307.312,7
307.389,15
307.466,0
307.543,0
307.62,22
307.697,4
307.774,0
307.851,19
307.928,13
308.005,0
308.082,0
308.159,11
308.236,21
308.313,18
308.39,21
308.467,0
308.544,34
308.621,0
308.697,60
308.774,78
308.851,63
308.928,8
309.005,0
309.082,20
309.159,21
309.236,0
309.312,8
309.389,23
309.466,25
309.543,2
309.62,10
309.697,18
309.773,28
309.85,17
309.927,24
310.004,11
310.08,0
310.157,0
310.234,0
310.311,15
310.387,0
310.464,0
310.541,14
310.617,14
310.694,0
310.771,0
310.847,35
310.924,0
311.001,0
311.077,24
311.154,38
311.231,0
311.307,0
311.384,23
311.46,0
311.537,20
311.614,0
311.69,0
311.767,0
311.843,7
311.92,0
311.996,0
312.073,2
312.149,34
312.226,20
312.302,8
312.379,22
312.455,20
312.532,7
312.608,5
312.685,0
312.761,0
312.838,8
312.914,0
312.99,2
313.067,15
313.143,25
313.22,0
313.296,4
313.372,0
313.449,0
313.525,0
313.601,0
313.678,17
313.754,0
313.83,16
313.907,4
313.983,11
314.059,0
314.136,0
314.212,0
314.288,10
314.364,14
314.441,0
314.517,20
314.593,22
314.669,13
314.746,0
314.822,2
314.898,25
314.974,0
315.05,2
315.127,0
315.203,0
315.279,10
315.355,7
315.431,0
315.507,18
315.583,0
315.66,34
315.736,0
315.812,0
315.888,0
315.964,0
316.04,0
316.116,10
316.192,0
316.268,32
316.344,8
316.42,0
316.496,0
316.572,0
316.648,0
316.724,13
316.8,0
316.876,9
316.952,7
317.028,14
317.104,0
317.18,0
317.256,0
317.332,4
317.408,0
317.484,9
317.56,0
317.635,14
317.711,3
317.787,20
317.863,6
317.939,7
318.015,0
318.091,9
318.166,15
318.242,0
318.318,19
318.394,0
318.47,2
318.546,0
318.621,4
318.697,21
318.773,0
318.849,0
318.924,23
319,0
319.076,7
319.152,0
319.227,0
319.303,33
319.379,28
319.454,0
319.53,23
319.606,14
319.681,0
319.757,17
319.833,34
319.908,5
319.984,12
320.06,0
320.135,13
320.211,0
320.286,0
320.362,19
320.438,0
320.513,0
320.589,3
320.664,0
320.74,1
320.815,0
320.891,0
320.966,13
321.042,9
321.117,2
321.193,11
321.268,0
321.344,0
321.419,60
321.495,17
321.57,0
321.646,0
321.721,30
321.797,0
321.872,0
321.947,0
322.023,1
322.098,0
322.174,6
322.249,5
322.324,0
322.4,11
322.475,22
322.55,15
322.626,0
322.701,0
322.776,15
322.852,12
322.927,0
323.002,0
323.078,0
323.153,0
323.228,0
323.304,13
323.379,0
323.454,0
323.529,22
323.605,0
323.68,0
323.755,0
323.83,0
323.905,0
323.981,0
324.056,22
324.131,0
324.206,0
324.281,8
324.356,38
324.432,135
324.507,103
324.582,49
324.657,0
324.732,11
324.807,1
324.882,0
324.957,0
325.033,13
325.108,7
325.183,0
325.258,3
325.333,26
325.408,14
325.483,0
325.558,0
325.633,0
325.708,43
325.783,0
325.858,0
325.933,21
326.008,16
326.083,0
326.158,0
326.233,0
326.308,11
326.383,0
326.458,0
326.533,0
326.608,3
326.682,24
326.757,0
326.832,0
326.907,0
326.982,7
327.057,5
327.132,11
327.207,2
327.281,0
327.356,0
327.431,3
327.506,31
327.581,0
327.656,0
327.73,6
327.805,3
327.88,9
327.955,0
328.03,18
328.104,22
328.179,0
328.254,24
328.329,2
328.403,0
328.478,0
328.553,0
328.627,0
328.702,12
328.777,0
328.852,0
328.926,61
329.001,40
329.076,0
329.15,0
329.225,2
329.3,0
329.374,0
329.449,2
329.523,2
329.598,0
329.673,0
329.747,15
329.822,10
329.896,9
329.971,7
330.045,0
330.12,3
330.195,0
330.269,8
330.344,15
330.418,0
330.493,0
330.567,25
330.642,0
330.716,6
330.791,0
330.865,15
330.94,18
331.014,0
331.089,0
331.163,1
331.237,172
331.312,263
331.386,139
331.461,32
331.535,0
331.61,5
331.684,0
331.758,12
331.833,4
331.907,0
331.981,0
332.056,7
332.13,13
332.205,51
332.279,17
332.353,10
332.428,30
332.502,0
332.576,4
332.65,0
332.725,9
332.799,0
332.873,0
332.948,11
333.022,11
333.096,0
333.17,5
333.245,21
333.319,6
333.393,0
333.467,0
333.541,1
333.616,0
333.69,3
333.764,0
333.838,0
333.912,25
333.987,2
334.061,0
334.135,7
334.209,17
334.283,0
334.357,0
334.431,11
334.506,0
334.58,0
334.654,0
334.728,12
334.802,5
334.876,14
334.95,0
335.024,0
335.098,21
335.172,3
335.246,0
335.32,16
335.394,0
335.468,0
335.542,0
335.616,3
335.69,0
335.764,4
335.838,5
335.912,29
335.986,7
336.06,0
336.134,0
336.208,0
336.282,0
336.356,56
336.43,25
336.504,0
336.578,0
336.652,0
336.726,0
336.799,0
336.873,22
336.947,6
337.021,1
337.095,0
337.169,14
337.243,9
337.316,0
337.39,0
337.464,0
337.538,7
337.612,10
337.686,0
337.759,4
337.833,16
337.907,132
337.981,105
338.054,37
338.128,0
338.202,0
338.276,93
338.349,219
338.423,200
338.497,80
338.571,1
338.644,0
338.718,0
338.792,0
338.865,8
338.939,4
339.013,0
339.086,0
339.16,0
339.234,7
339.307,21
339.381,0
339.455,20
339.528,19
339.602,30
339.675,10
339.749,10
339.823,0
339.896,0
339.97,0
340.043,0
340.117,0
340.191,0
340.264,11
340.338,0
340.411,0
340.485,2
340.558,24
340.632,0
340.705,8
340.779,0
340.852,0
340.926,12
340.999,0
341.073,0
341.146,11
341.22,0
341.293,7
341.367,0
341.44,0
341.513,85
341.587,95
341.66,59
341.734,8
341.807,2
341.88,0
341.954,9
342.027,0
342.101,11
342.174,75
342.247,80
342.321,95
342.394,17
342.467,0
342.541,0
342.614,0
342.687,31
342.761,65
342.834,52
342.907,80
342.981,129
343.054,195
343.127,90
343.2,2
343.274,24
343.347,87
343.42,29
343.494,42
343.567,16
343.64,0
343.713,47
343.786,158
343.86,141
343.933,62
344.006,0
344.079,1
344.152,0
344.226,0
344.299,0
344.372,0
344.445,0
344.518,8
344.591,0
344.665,0
344.738,0
344.811,18
344.884,0
344.957,0
345.03,24
345.103,6
345.176,13
345.249,10
345.322,5
345.396,0
345.469,22
345.542,2
345.615,1
345.688,0
345.761,14
345.834,19
345.907,0
345.98,0
346.053,10
346.126,1
346.199,6
346.272,0
346.345,10
346.418,5
346.491,0
346.564,16
346.637,4
346.71,12
346.783,0
346.856,0
346.929,26
347.001,2
347.074,19
347.147,0
347.22,0
347.293,0
347.366,0
347.439,0
347.512,0
347.585,9
347.657,48
347.73,25
347.803,13
347.876,2
347.949,19
348.022,15
348.094,15
348.167,0
348.24,0
348.313,0
348.386,0
348.458,7
348.531,0
348.604,0
348.677,0
348.75,17
348.822,0
348.895,0
348.968,0
349.041,0
349.113,0
349.186,0
349.259,14
349.331,19
349.404,0
349.477,44
349.55,21
349.622,12
349.695,2
349.768,0
349.84,3
349.913,11
349.986,10
350.058,18
350.131,26
350.204,80
350.276,43
350.349,51
350.421,0
350.494,0
350.567,0
350.639,0
350.712,0
350.784,11
350.857,0
350.929,0
351.002,23
351.075,23
351.147,0
351.22,0
351.292,0
351.365,29
351.437,2
351.51,2
351.582,1
351.655,29
351.727,22
351.8,0
351.872,0
351.945,0
352.017,0
352.09,4
352.162,0
352.235,14
352.307,0
352.38,0
352.452,24
352.524,17
352.597,17
352.669,0
352.742,4
352.814,16
352.886,0
352.959,5
353.031,3
353.104,0
353.176,0
353.248,10
353.321,2
353.393,0
353.465,0
353.538,7
353.61,3
353.682,0
353.755,19
353.827,26
353.899,8
353.972,0
354.044,0
354.116,0
354.188,72
354.261,107
354.333,30
354.405,4
354.478,0
354.55,1
354.622,0
354.694,7
354.767,0
354.839,0
354.911,18
354.983,34
355.055,43
355.128,48
355.2,37
355.272,14
355.344,0
355.416,2
355.489,18
355.561,0
355.633,16
355.705,0
355.777,21
355.849,4
355.921,19
355.994,0
356.066,7
356.138,16
356.21,0
356.282,14
356.354,5
356.426,0
356.498,17
356.57,13
356.642,0
356.714,0
356.787,38
356.859,2
356.931,44
357.003,64
357.075,6
357.147,13
357.219,0
357.291,0
357.363,14
357.435,0
357.507,1
357.579,8
357.651,0
357.723,12
357.795,0
357.867,0
357.939,0
358.011,0
358.083,0
358.154,0
358.226,35
358.298,38
358.37,0
358.442,4
358.514,27
358.586,15
358.658,0
358.73,0
358.802,6
358.874,0
358.945,5
359.017,0
359.089,0
359.161,6
359.233,34
359.305,39
359.377,48
359.448,41
359.52,14
359.592,19
359.664,0
359.736,20
359.807,18
359.879,14
359.951,0
360.023,21
360.095,50
360.166,46
360.238,44
360.31,18
360.382,36
360.453,9
360.525,7
360.597,0
360.669,0
360.74,0
360.812,8
360.884,16
360.956,3
361.027,7
361.099,7
361.171,17
361.242,0
361.314,17
361.386,5
361.457,21
361.529,8
361.601,5
361.672,4
361.744,15
361.816,0
361.887,9
361.959,8
362.03,10
362.102,0
362.174,0
362.245,2
362.317,0
362.388,3
362.46,14
362.532,6
362.603,10
362.675,39
362.746,0
362.818,16
362.889,0
362.961,0
363.032,0
363.104,0
363.176,11
363.247,0
363.319,0
363.39,0
363.462,0
363.533,4
363.605,19
363.676,0
363.748,6
363.819,2
363.89,43
363.962,11
364.033,0
364.105,0
364.176,11
364.248,8
364.319,0
364.391,0
364.462,0
364.533,0
364.605,13
364.676,11
364.748,0
364.819,1
364.89,0
364.962,23
365.033,0
365.104,5
365.176,1
365.247,0
365.319,0
365.39,44
365.461,0
365.533,0
365.604,11
365.675,0
365.747,19
365.818,0
365.889,0
365.96,0
366.032,0
366.103,0
366.174,0
366.246,9
366.317,19
366.388,4
366.459,23
366.531,33
366.602,34
366.673,119
366.744,101
366.816,31
366.887,0
366.958,17
367.029,0
367.1,88
367.172,141
367.243,132
367.314,47
367.385,0
367.456,0
367.528,0
367.599,45
367.67,5
367.741,0
367.812,20
367.883,5
367.955,6
368.026,27
368.097,0
368.168,16
368.239,27
368.31,0
368.381,0
368.452,2
368.523,20
368.595,0
368.666,0
368.737,8
368.808,9
368.879,4
368.95,20
369.021,8
369.092,0
369.163,0
369.234,0
369.305,0
369.376,10
369.447,0
369.518,0
369.589,25
369.66,13
369.731,9
369.802,0
369.873,0
369.944,0
370.015,13
370.086,24
370.157,0
370.228,7
370.299,24
370.37,77
370.441,77
370.512,0
370.583,0
370.654,9
370.725,0
370.796,9
370.866,115
370.937,104
371.008,122
371.079,98
371.15,33
371.221,16
371.292,8
371.363,4
371.434,16
371.504,0
371.575,16
371.646,0
371.717,5
371.788,76
371.859,209
371.93,152
372,43
372.071,0
372.142,0
372.213,33
372.284,12
372.354,0
372.425,0
372.496,30
372.567,28
372.638,0
372.708,0
372.779,0
372.85,11
372.921,0
372.991,33
373.062,90
373.133,53
373.204,51
373.274,61
373.345,12
373.416,31
373.486,0
373.557,2
373.628,32
373.699,0
373.769,0
373.84,2
373.911,16
373.981,3
374.052,16
374.123,0
374.193,27
374.264,0
374.335,0
374.405,31
374.476,11
374.546,20
374.617,12
374.688,12
374.758,0
374.829,7
374.9,34
374.97,11
375.041,0
375.111,0
375.182,0
375.252,0
375.323,15
375.394,7
375.464,0
375.535,0
375.605,16
375.676,0
375.746,6
375.817,20
375.887,0
375.958,0
376.028,3
376.099,17
376.17,6
376.24,0
376.311,25
376.381,14
376.451,7
376.522,0
376.592,3
376.663,11
376.733,8
376.804,32
376.874,0
376.945,0
377.015,6
377.086,0
377.156,0
377.227,0
377.297,0
377.367,34
377.438,22
377.508,14
377.579,0
377.649,21
377.719,2
377.79,0
377.86,5
377.931,0
378.001,0
378.071,10
378.142,1
378.212,0
378.282,0
378.353,38
378.423,4
378.493,17
378.564,0
378.634,3
378.704,15
378.775,13
378.845,45
378.915,91
378.986,44
379.056,30
379.126,0
379.196,0
379.267,34
379.337,62
379.407,0
379.478,0
379.548,39
379.618,10
379.688,0
379.759,8
379.829,22
379.899,0
379.969,0
380.04,32
380.11,0
380.18,0
380.25,11
380.32,8
380.391,0
380.461,4
380.531,4
380.601,20
380.671,45
380.741,12
380.812,0
380.882,0
380.952,9
381.022,17
381.092,6
381.162,11
381.233,7
381.303,2
381.373,14
381.443,0
381.513,0
381.583,0
381.653,30
381.723,24
381.793,19
381.864,0
381.934,0
382.004,17
382.074,0
382.144,0
382.214,43
382.284,18
382.354,17
382.424,19
382.494,2
382.564,0
382.634,17
382.704,0
382.774,0
382.844,0
382.914,3
382.984,0
383.054,31
383.124,0
383.194,0
383.264,13
383.334,11
383.404,0
383.474,0
383.544,7
383.614,17
383.684,0
383.754,9
383.824,15
383.894,0
383.964,9
384.034,16
384.104,13
384.174,0
384.244,0
384.314,0
384.384,16
384.453,9
384.523,0
384.593,17
384.663,0
384.733,0
384.803,15
384.873,6
384.943,0
385.013,24
385.082,26
385.152,18
385.222,62
385.292,52
385.362,10
385.432,11
385.502,8
385.571,0
385.641,0
385.711,0
385.781,0
385.851,0
385.92,3
385.99,24
386.06,0
386.13,0
386.2,12
386.269,32
386.339,20
386.409,0
386.479,0
386.548,14
386.618,30
386.688,0
386.758,0
386.827,0
386.897,12
386.967,0
387.037,24
387.106,25
387.176,3
387.246,5
387.316,0
387.385,10
387.455,0
387.525,0
387.594,0
387.664,18
387.734,0
387.803,0
387.873,13
387.943,43
388.012,0
388.082,0
388.152,1
388.221,14
388.291,33
388.361,13
388.43,13
388.5,2
388.569,28
388.639,27
388.709,7
388.778,0
388.848,8
388.918,0
388.987,0
389.057,9
389.126,6
389.196,0
389.265,11
389.335,4
389.405,0
389.474,0
389.544,0
389.613,8
389.683,0
389.752,13
389.822,8
389.891,0
389.961,0
390.03,0
390.1,0
390.169,2
390.239,0
390.309,0
390.378,0
390.448,20
390.517,0
390.586,23
390.656,0
390.725,0
390.795,2
390.864,8
390.934,0
391.003,0
391.073,2
391.142,3
391.212,6
391.281,43
391.351,44
391.42,20
391.489,0
391.559,0
391.628,16
391.698,14
391.767,2
391.836,0
391.906,0
391.975,0
392.045,1
392.114,0
392.183,0
392.253,17
392.322,3
392.391,4
392.461,27
392.53,11
392.6,8
392.669,5
392.738,8
392.808,5
392.877,0
392.946,0
393.016,24
393.085,0
393.154,0
393.224,0
393.293,9
393.362,0
393.431,0
393.501,32
393.57,25
393.639,4
393.709,0
393.778,2
393.847,1
393.916,12
393.986,20
394.055,0
394.124,9
394.193,18
394.263,3
394.332,0
394.401,0
394.47,7
394.54,0
394.609,0
394.678,2
394.747,0
394.816,6
394.886,26
394.955,11
395.024,0
395.093,0
395.162,4
395.232,28
395.301,0
395.37,4
395.439,39
395.508,16
395.577,4
395.647,0
395.716,13
395.785,0
395.854,0
395.923,3
395.992,0
396.061,1
396.13,0
396.2,12
396.269,21
396.338,3
396.407,0
396.476,0
396.545,0
396.614,16
396.683,10
396.752,0
396.821,3
396.89,13
396.96,8
397.029,15
397.098,5
397.167,0
397.236,18
397.305,0
397.374,22
397.443,7
397.512,0
397.581,13
397.65,6
397.719,3
397.788,0
397.857,0
397.926,0
397.995,29
398.064,4
398.133,0
398.202,15
398.271,1
398.34,0
398.409,0
398.478,0
398.547,1
398.616,4
398.685,0
398.754,0
398.823,0
398.892,18
398.961,0
399.029,0
399.098,9
399.167,0
399.236,5
399.305,5
399.374,0
399.443,15
399.512,14
399.581,0
399.65,0
399.719,34
399.787,13
399.856,0
399.925,11
399.994,13
400.063,2
400.132,0
400.201,0
400.27,0
400.338,0
400.407,36
400.476,25
400.545,0
400.614,0
400.683,0
400.751,0
400.82,13
400.889,0
400.958,13
401.027,0
401.096,0
401.164,0
401.233,3
401.302,0
401.371,4
401.439,0
401.508,0
401.577,15
401.646,1
401.715,0
401.783,8
401.852,3
401.921,16
401.99,0
402.058,14
402.127,21
402.196,41
402.265,0
402.333,0
402.402,4
402.471,0
402.539,4
402.608,0
402.677,4
402.746,2
402.814,25
402.883,15
402.952,0
403.02,31
403.089,0
403.158,0
403.226,0
403.295,2
403.364,0
403.432,0
403.501,0
403.57,9
403.638,20
403.707,0
403.776,17
403.844,0
403.913,7
403.981,1
404.05,7
404.119,36
404.187,20
404.256,4
404.325,12
404.393,24
404.462,0
404.53,0
404.599,0
404.667,0
404.736,13
404.805,0
404.873,0
404.942,5
405.01,6
405.079,0
405.147,13
405.216,26
405.285,0
405.353,0
405.422,11
405.49,6
405.559,0
405.627,7
405.696,0
405.764,0
405.833,3
405.901,2
405.97,0
406.038,0
406.107,8
406.175,15
406.244,0
406.312,2
406.381,7
406.449,10
406.518,21
406.586,0
406.655,6
406.723,0
406.792,0
406.86,15
406.928,0
406.997,11
407.065,27
407.134,0
407.202,0
407.271,36
407.339,70
407.407,54
407.476,6
407.544,0
407.613,9
407.681,0
407.75,0
407.818,0
407.886,5
407.955,16
408.023,4
408.091,15
408.16,3
408.228,3
408.297,2
408.365,10
408.433,20
408.502,32
408.57,8
408.638,0
408.707,0
408.775,14
408.843,0
408.912,0
408.98,0
409.048,0
409.117,4
409.185,0
409.253,16
409.322,30
409.39,25
409.458,6
409.527,0
409.595,5
409.663,7
409.731,0
409.8,0
409.868,9
409.936,3
410.004,0
410.073,16
410.141,16
410.209,10
410.277,27
410.346,0
410.414,5
410.482,0
410.55,0
410.619,0
410.687,0
410.755,0
410.823,10
410.892,1
410.96,4
411.028,9
411.096,15
411.164,19
411.233,0
411.301,0
411.369,35
411.437,0
411.505,0
411.574,21
411.642,39
411.71,70
411.778,24
411.846,8
411.914,0
411.982,14
412.051,58
412.119,73
412.187,75
412.255,28
412.323,0
412.391,0
412.459,12
412.528,0
412.596,10
412.664,64
412.732,20
412.8,7
412.868,0
412.936,22
413.004,0
413.072,0
413.14,17
413.209,18
413.277,0
413.345,8
413.413,24
413.481,4
413.549,3
413.617,0
413.685,19
413.753,0
413.821,7
413.889,2
413.957,0
414.025,0
414.093,47
414.161,20
414.229,0
414.297,0
414.365,0
414.433,29
414.501,0
414.569,0
414.637,15
414.705,61
414.773,32
414.841,25
414.909,0
414.977,0
415.045,32
415.113,39
415.181,110
415.249,65
415.317,0
415.385,0
415.453,15
415.521,5
415.589,0
415.657,11
415.725,40
415.793,18
415.861,22
415.929,13
415.997,0
416.065,0
416.132,0
416.2,0
416.268,0
416.336,7
416.404,13
416.472,0
416.54,8
416.608,4
416.676,0
416.744,0
416.811,8
416.879,16
416.947,0
417.015,0
417.083,0
417.151,0
417.219,18
417.287,0
417.354,4
417.422,29
417.49,28
417.558,3
417.626,2
417.694,11
417.761,50
417.829,14
417.897,0
417.965,8
418.033,0
418.1,0
418.168,0
418.236,0
418.304,0
418.372,0
418.439,0
418.507,21
418.575,7
418.643,53
418.711,10
418.778,11
418.846,0
418.914,13
418.982,24
419.049,0
419.117,0
419.185,0
419.253,0
419.32,6
419.388,31
419.456,0
419.524,0
419.591,5
419.659,13
419.727,3
419.795,1
419.862,4
419.93,20
419.998,15
420.065,6
420.133,12
420.201,14
420.268,0
420.336,0
420.404,0
420.471,0
420.539,0
420.607,8
420.674,9
420.742,0
420.81,0
420.877,115
420.945,124
421.013,20
421.08,4
421.148,10
421.216,0
421.283,0
421.351,0
421.419,0
421.486,8
421.554,0
421.621,0
421.689,23
421.757,20
421.824,0
421.892,15
421.96,0
422.027,11
422.095,0
422.162,0
422.23,0
422.297,0
422.365,6
422.433,0
422.5,90
422.568,42
422.635,30
422.703,25
422.77,0
422.838,0
422.906,25
422.973,9
423.041,39
423.108,0
423.176,1
423.243,6
423.311,9
423.378,0
423.446,59
423.513,83
423.581,50
423.648,22
423.716,7
423.783,0
423.851,0
423.918,13
423.986,5
424.053,0
424.121,11
424.188,13
424.256,0
424.323,3
424.391,33
424.458,11
424.526,0
424.593,1
424.661,0
424.728,8
424.796,2
424.863,0
424.93,0
424.998,0
425.065,0
425.133,6
425.2,0
425.268,20
425.335,9
425.402,9
425.47,40
425.537,0
425.605,17
425.672,0
425.74,23
425.807,4
425.874,0
425.942,4
426.009,0
426.076,6
426.144,17
426.211,0
426.279,0
426.346,13
426.413,12
426.481,5
426.548,3
426.615,6
426.683,44
426.75,0
426.817,9
426.885,9
426.952,15
427.02,0
427.087,0
427.154,16
427.222,0
427.289,0
427.356,0
427.423,0
427.491,0
427.558,17
427.625,55
427.693,19
427.76,3
427.827,0
427.895,14
427.962,0
428.029,0
428.096,12
428.164,8
428.231,4
428.298,0
428.366,0
428.433,24
428.5,123
428.567,96
428.635,50
428.702,0
428.769,2
428.836,12
428.904,0
428.971,0
429.038,15
429.105,0
429.173,1
429.24,0
429.307,17
429.374,0
429.441,0
429.509,0
429.576,0
429.643,14
429.71,0
429.777,0
429.845,13
429.912,3
429.979,0
430.046,0
430.113,1
430.181,0
430.248,6
430.315,0
430.382,0
430.449,0
430.516,61
430.584,31
430.651,0
430.718,0
430.785,0
430.852,17
430.919,0
430.986,8
431.054,8
431.121,0
431.188,26
431.255,16
431.322,0
431.389,0
431.456,6
431.523,0
431.59,0
431.658,25
431.725,0
431.792,7
431.859,4
431.926,0
431.993,0
432.06,4
432.127,21
432.194,28
432.261,8
432.328,0
432.396,13
432.463,27
432.53,0
432.597,0
432.664,12
432.731,6
432.798,0
432.865,0
432.932,2
432.999,23
433.066,16
433.133,0
433.2,0
433.267,20
433.334,12
433.401,0
433.468,0
433.535,0
433.602,0
433.669,2
433.736,10
433.803,27
433.87,11
433.937,22
434.004,16
434.071,0
434.138,0
434.205,0
434.272,0
434.339,21
434.406,15
434.473,0
434.54,0
434.607,0
434.674,3
434.741,14
434.808,0
434.875,7
434.942,32
435.009,0
435.076,0
435.143,5
435.209,18
435.276,0
435.343,7
435.41,10
435.477,23
435.544,9
435.611,0
435.678,3
435.745,21
435.812,16
435.879,2
435.946,0
436.012,0
436.079,0
436.146,11
436.213,13
436.28,0
436.347,4
436.414,10
436.481,0
436.547,10
436.614,7
436.681,8
436.748,20
436.815,8
436.882,5
436.949,0
437.015,18
437.082,0
437.149,33
437.216,5
437.283,0
437.35,0
437.417,8
437.483,13
437.55,2
437.617,0
437.684,40
437.751,22
437.817,0
437.884,0
437.951,0
438.018,0
438.085,3
438.151,0
438.218,2
438.285,21
438.352,17
438.419,0
438.485,0
438.552,0
438.619,1
438.686,0
438.752,0
438.819,0
438.886,27
438.953,0
439.019,44
439.086,25
439.153,26
439.22,0
439.286,17
439.353,28
439.42,0
439.487,5
439.553,0
439.62,1
439.687,0
439.754,0
439.82,7
439.887,0
439.954,23
440.02,27
440.087,0
440.154,21
440.22,0
440.287,0
440.354,19
440.421,2
440.487,13
440.554,0
440.621,5
440.687,0
440.754,20
440.821,14
440.887,0
440.954,0
441.021,296
441.087,306
441.154,100
441.221,0
441.287,0
441.354,3
441.421,2
441.487,0
441.554,0
441.62,30
441.687,2
441.754,0
441.82,0
441.887,11
441.954,18
442.02,0
442.087,25
442.153,55
442.22,68
442.287,31
442.353,24
442.42,0
442.486,1
442.553,0
442.62,0
442.686,8
442.753,1
442.819,10
442.886,0
442.953,24
443.019,7
443.086,32
443.152,12
443.219,0
443.285,0
443.352,0
443.418,2
443.485,13
443.552,17
443.618,0
443.685,0
443.751,12
443.818,0
443.884,9
443.951,0
444.017,0
444.084,18
444.15,0
444.217,0
444.283,8
444.35,15
444.416,46
444.483,50
444.549,29
444.616,10
444.682,9
444.749,89
444.815,69
444.882,20
444.948,0
445.015,0
445.081,0
445.148,0
445.214,66
445.281,101
445.347,46
445.414,7
445.48,53
445.547,95
445.613,68
445.68,13
445.746,0
445.812,3
445.879,0
445.945,5
446.012,0
446.078,0
446.145,7
446.211,0
446.278,3
446.344,0
446.41,0
446.477,0
446.543,11
446.61,5
446.676,2
446.742,30
446.809,4
446.875,4
446.942,18
447.008,0
447.074,11
447.141,34
447.207,0
447.274,18
447.34,6
447.406,0
447.473,35
447.539,0
447.606,0
447.672,39
447.738,30
447.805,0
447.871,0
447.937,0
448.004,0
448.07,6
448.136,0
448.203,1
448.269,7
448.335,27
448.402,13
448.468,0
448.534,0
448.601,0
448.667,22
448.733,2
448.8,0
448.866,5
448.932,12
448.999,39
449.065,0
449.131,0
449.198,10
449.264,13
449.33,10
449.396,0
449.463,0
449.529,0
449.595,6
449.662,0
449.728,0
449.794,10
449.86,0
449.927,0
449.993,2
450.059,4
450.126,0
450.192,19
450.258,8
450.324,7
450.391,4
450.457,31
450.523,0
450.589,0
450.656,16
450.722,0
450.788,0
450.854,3
450.921,7
450.987,0
451.053,7
451.119,7
451.185,8
451.252,0
451.318,0
451.384,1
451.45,26
451.516,0
451.583,0
451.649,0
451.715,0
451.781,10
451.847,11
451.914,0
451.98,7
452.046,0
452.112,18
452.178,9
452.245,22
452.311,0
452.377,0
452.443,7
452.509,0
452.575,0
452.642,0
452.708,0
452.774,0
452.84,0
452.906,0
452.972,10
453.038,0
453.105,10
453.171,0
453.237,0
453.303,25
453.369,0
453.435,14
453.501,0
453.568,10
453.634,0
453.7,0
453.766,0
453.832,0
453.898,0
453.964,23
454.03,25
454.096,0
454.162,0
454.229,0
454.295,30
454.361,5
454.427,5
454.493,5
454.559,0
454.625,7
454.691,8
454.757,0
454.823,6
454.889,6
454.955,3
455.022,36
455.088,37
455.154,15
455.22,0
455.286,0
455.352,13
455.418,0
455.484,0
455.55,0
455.616,4
455.682,1
455.748,3
455.814,0
455.88,6
455.946,33
456.012,5
456.078,7
456.144,1
456.21,0
456.276,0
456.342,0
456.408,13
456.474,0
456.54,0
456.606,7
456.672,12
456.738,6
456.804,0
456.87,3
456.936,9
457.002,0
457.068,31
457.134,9
457.2,8
457.266,10
457.332,0
457.398,16
457.464,0
457.53,0
457.596,0
457.662,0
457.728,0
457.794,0
457.86,0
457.926,0
457.992,20
458.058,0
458.124,4
458.19,6
458.255,2
458.321,0
458.387,0
458.453,12
458.519,4
458.585,2
458.651,0
458.717,3
458.783,0
458.849,0
458.915,5
458.981,2
459.046,3
459.112,6
459.178,8
459.244,8
459.31,21
459.376,16
459.442,0
459.508,0
459.574,9
459.64,6
459.705,0
459.771,14
459.837,6
459.903,0
459.969,6
460.035,21
460.101,28
460.166,0
460.232,10
460.298,0
460.364,4
460.43,26
460.496,23
460.562,0
460.627,0
460.693,5
460.759,0
460.825,0
460.891,37
460.957,16
461.022,24
461.088,0
461.154,0
461.22,2
461.286,9
461.352,0
461.417,0
461.483,11
461.549,11
461.615,0
461.681,8
461.746,0
461.812,4
461.878,0
461.944,0
462.01,21
462.075,9
462.141,9
462.207,19
462.273,13
462.339,4
462.404,0
462.47,19
462.536,5
462.602,0
462.667,0
462.733,8
462.799,21
462.865,0
462.93,8
462.996,21
463.062,8
463.128,11
463.193,21
463.259,0
463.325,15
463.391,0
463.456,0
463.522,0
463.588,6
463.654,0
463.719,0
463.785,15
463.851,0
463.917,3
463.982,5
464.048,6
464.114,0
464.179,40
464.245,5
464.311,15
464.377,0
464.442,0
464.508,21
464.574,0
464.639,0
464.705,0
464.771,0
464.836,4
464.902,0
464.968,23
465.033,0
465.099,0
465.165,8
465.23,0
465.296,11
465.362,0
465.427,0
465.493,25
465.559,23
465.624,0
465.69,0
465.756,20
465.821,22
465.887,4
465.953,0
466.018,10
466.084,0
466.15,7
466.215,0
466.281,0
466.347,11
466.412,25
466.478,0
466.543,5
466.609,11
466.675,10
466.74,0
466.806,0
466.872,0
466.937,0
467.003,0
467.068,6
467.134,26
467.2,2
467.265,13
467.331,0
467.396,0
467.462,36
467.528,44
467.593,0
467.659,0
467.724,5
467.79,0
467.855,23
467.921,12
467.987,0
468.052,0
468.118,0
468.183,22
468.249,0
468.314,7
468.38,0
468.446,12
468.511,0
468.577,0
468.642,0
468.708,18
468.773,19
468.839,2
468.904,12
468.97,9
469.035,0
469.101,2
469.167,1
469.232,14
469.298,0
469.363,7
469.429,0
469.494,16
469.56,0
469.625,5
469.691,9
469.756,0
469.822,10
469.887,0
469.953,0
470.018,0
470.084,0
470.149,0
470.215,0
470.28,0
470.346,0
470.411,0
470.477,0
470.542,0
470.608,0
470.673,0
470.739,13
470.804,0
470.87,0
470.935,0
471.001,0
471.066,14
471.131,19
471.197,0
471.262,0
471.328,0
471.393,0
471.459,5
471.524,0
471.59,18
471.655,19
471.721,0
471.786,0
471.851,1
471.917,0
471.982,28
472.048,0
472.113,0
472.179,21
472.244,4
472.309,0
472.375,0
472.44,0
472.506,0
472.571,17
472.637,0
472.702,9
472.767,0
472.833,0
472.898,29
472.964,0
473.029,0
473.094,1
473.16,2
473.225,3
473.291,0
473.356,10
473.421,0
473.487,0
473.552,4
473.617,0
473.683,6
473.748,12
473.814,14
473.879,0
473.944,0
474.01,41
474.075,38
474.14,0
474.206,0
474.271,0
474.337,0
474.402,0
474.467,0
474.533,0
474.598,0
474.663,3
474.729,0
474.794,37
474.859,9
474.925,0
474.99,6
475.055,0
475.121,0
475.186,0
475.251,0
475.317,32
475.382,0
475.447,0
475.513,20
475.578,10
475.643,3
475.709,0
475.774,18
475.839,0
475.904,0
475.97,3
476.035,0
476.1,0
476.166,0
476.231,12
476.296,17
476.362,13
476.427,0
476.492,0
476.557,10
476.623,3
476.688,0
476.753,0
476.819,3
476.884,25
476.949,0
477.014,0
477.08,12
477.145,6
477.21,7
477.275,0
477.341,0
477.406,2
477.471,10
477.536,0
477.602,0
477.667,11
477.732,0
477.797,0
477.863,4
477.928,2
477.993,18
478.058,0
478.124,0
478.189,0
478.254,13
478.319,18
478.384,0
478.45,10
478.515,38
478.58,0
478.645,0
478.711,0
478.776,0
478.841,0
478.906,0
478.971,6
479.037,8
479.102,19
479.167,30
479.232,0
479.297,0
479.363,26
479.428,20
479.493,4
479.558,7
479.623,0
479.689,0
479.754,0
479.819,14
479.884,20
479.949,0
480.014,28
480.08,0
480.145,0
480.21,27
480.275,10
480.34,0
480.405,0
480.471,0
480.536,16
480.601,23
480.666,0
480.731,0
480.796,0
480.862,0
480.927,13
480.992,0
481.057,15
481.122,17
481.187,0
481.252,3
481.318,0
481.383,0
481.448,0
481.513,0
481.578,5
481.643,0
481.708,0
481.773,21
481.839,12
481.904,10
481.969,0
482.034,21
482.099,0
482.164,19
482.229,0
482.294,20
482.359,21
482.424,0
482.49,0
482.555,0
482.62,2
482.685,0
482.75,0
482.815,16
482.88,36
482.945,2
483.01,9
483.075,0
483.14,17
483.206,1
483.271,8
483.336,9
483.401,4
483.466,4
483.531,9
483.596,0
483.661,0
483.726,0
483.791,0
483.856,3
483.921,0
483.986,0
484.051,10
484.116,9
484.181,0
484.246,8
484.312,0
484.377,4
484.442,0
484.507,0
484.572,17
484.637,0
484.702,6
484.767,1
484.832,0
484.897,0
484.962,4
485.027,12
485.092,19
485.157,27
485.222,0
485.287,20
485.352,0
485.417,0
485.482,0
485.547,0
485.612,0
485.677,0
485.742,10
485.807,0
485.872,0
485.937,8
486.002,9
486.067,18
486.132,0
486.197,0
486.262,26
486.327,0
486.392,0
486.457,19
486.522,12
486.587,0
486.652,0
486.717,1
486.782,0
486.847,0
486.912,0
486.977,0
487.042,66
487.107,39
487.172,0
487.237,0
487.301,0
487.366,0
487.431,13
487.496,0
487.561,10
487.626,12
487.691,0
487.756,8
487.821,24
487.886,11
487.951,0
488.016,3
488.081,4
488.146,0
488.211,0
488.276,0
488.341,0
488.405,0
488.47,0
488.535,19
488.6,9
488.665,4
488.73,0
488.795,20
488.86,20
488.925,0
488.99,15
489.055,0
489.119,8
489.184,28
489.249,0
489.314,11
489.379,0
489.444,2
489.509,6
489.574,7
489.639,0
489.704,0
489.768,14
489.833,9
489.898,10
489.963,31
490.028,12
490.093,0
490.158,12
490.223,33
490.287,0
490.352,0
490.417,0
490.482,16
490.547,10
490.612,0
490.677,1
490.742,12
490.806,0
490.871,0
490.936,0
491.001,0
491.066,0
491.131,0
491.195,0
491.26,0
491.325,0
491.39,1
491.455,0
491.52,0
491.585,0
491.649,0
491.714,21
491.779,0
491.844,0
491.909,13
491.973,17
492.038,0
492.103,34
492.168,0
492.233,0
492.298,0
492.362,6
492.427,0
492.492,0
492.557,0
492.622,0
492.686,0
492.751,1
492.816,11
492.881,0
492.946,6
493.01,21
493.075,8
493.14,30
493.205,0
493.27,17
493.334,3
493.399,0
493.464,0
493.529,11
493.594,49
493.658,0
493.723,6
493.788,3
493.853,6
493.917,24
493.982,26
494.047,19
494.112,0
494.177,17
494.241,18
494.306,0
494.371,0
494.436,2
494.5,4
494.565,0
494.63,0
494.695,0
494.759,6
494.824,0
494.889,2
494.954,0
495.018,17
495.083,0
495.148,0
495.213,23
495.277,0
495.342,0
495.407,1
495.472,0
495.536,0
495.601,15
495.666,13
495.73,5
495.795,0
495.86,35
495.925,34
495.989,18
496.054,20
496.119,29
496.183,4
496.248,2
496.313,39
496.378,0
496.442,0
496.507,0
496.572,7
496.636,14
496.701,2
496.766,17
496.831,12
496.895,0
496.96,0
497.025,0
497.089,0
497.154,25
497.219,0
497.283,0
497.348,2
497.413,13
497.477,0
497.542,13
497.607,18
497.671,22
497.736,0
497.801,6
497.865,11
497.93,0
497.995,0
498.059,0
498.124,19
498.189,0
498.253,0
498.318,2
498.383,8
498.447,12
498.512,0
498.577,21
498.641,13
498.706,0
498.771,0
498.835,8
498.9,0
498.965,0
499.029,15
499.094,2
499.159,0
499.223,14
499.288,1
499.352,11
499.417,0
499.482,0
499.546,18
499.611,16
499.676,0
499.74,3
