59.6745,0
59.7814,0
59.8883,36
59.9952,15
60.1021,0
60.209,0
60.3159,0
60.4228,51
60.5296,15
60.6365,0
60.7434,0
60.8503,16
60.9572,25
61.0641,17
61.171,0
61.2779,4
61.3848,0
61.4917,21
61.5986,0
61.7055,0
61.8124,13
61.9193,0
62.0261,0
62.133,0
62.2399,5
62.3468,14
62.4537,0
62.5606,27
62.6675,0
62.7744,0
62.8813,0
62.9882,3
63.0951,9
63.202,3
63.3089,14
63.4158,0
63.5226,24
63.6295,0
63.7364,15
63.8433,6
63.9502,0
64.0571,3
64.164,7
64.2709,0
64.3778,2
64.4847,17
64.5916,2
64.6985,26
64.8054,5
64.9123,18
65.0192,23
65.1261,7
65.2329,0
65.3398,6
65.4467,12
65.5536,0
65.6605,0
65.7674,6
65.8743,14
65.9812,11
66.0881,0
66.195,36
66.3019,17
66.4088,0
66.5157,0
66.6226,17
66.7295,26
66.8364,0
66.9433,0
67.0502,31
67.157,3
67.2639,5
67.3708,8
67.4777,0
67.5846,11
67.6915,22
67.7984,4
67.9053,0
68.0122,0
68.1191,5
68.226,0
68.3329,0
68.4398,6
68.5467,0
68.6536,20
68.7605,13
68.8674,1
68.9743,20
69.0812,19
69.1881,0
69.295,0
69.4018,0
69.5087,8
69.6156,0
69.7225,0
69.8294,0
69.9363,22
70.0432,0
70.1501,3
70.257,0
70.3639,0
70.4708,6
70.5777,10
70.6846,48
70.7915,0
70.8984,0
71.0053,3
71.1122,0
71.2191,14
71.326,16
71.4329,8
71.5398,33
71.6467,9
71.7536,7
71.8605,20
71.9674,0
72.0742,0
72.1811,5
72.288,0
72.3949,14
72.5018,23
72.6087,0
72.7156,0
72.8225,0
72.9294,2
73.0363,11
73.1432,0
73.2501,0
73.357,0
73.4639,9
73.5708,20
73.6777,0
73.7846,14
73.8915,0
73.9984,0
74.1053,7
74.2122,0
74.3191,0
74.426,25
74.5329,0
74.6398,14
74.7467,8
74.8536,46
74.9605,0
75.0674,0
75.1743,13
75.2812,0
75.3881,0
75.495,17
75.6019,7
75.7088,6
75.8157,0
75.9225,0
76.0294,16
76.1363,8
76.2432,0
76.3501,2
76.457,18
76.5639,3
76.6708,0
76.7777,8
76.8846,7
76.9915,4
77.0984,16
77.2053,0
77.3122,26
77.4191,16
77.526,0
77.6329,0
77.7398,8
77.8467,0
77.9536,0
78.0605,10
78.1674,28
78.2743,0
78.3812,0
78.4881,2
78.595,23
78.7019,24
78.8088,0
78.9157,26
79.0226,40
79.1295,0
79.2364,3
79.3433,0
79.4502,9
79.5571,0
79.664,0
79.7709,0
79.8778,0
79.9847,20
80.0916,0
80.1985,0
80.3054,22
80.4123,11
80.5192,9
80.6261,17
80.733,8
80.8399,0
80.9468,0
81.0537,0
81.1606,0
81.2675,24
81.3744,33
81.4813,0
81.5882,0
81.6951,0
81.802,0
81.9089,19
82.0158,2
82.1227,0
82.2296,0
82.3365,3
82.4434,0
82.5503,6
82.6572,21
82.7641,0
82.871,0
82.9779,17
83.0848,0
83.1917,8
83.2986,0
83.4055,0
83.5124,10
83.6193,6
83.7262,0
83.8331,11
83.94,0
84.0469,40
84.1538,15
84.2607,0
84.3676,0
84.4745,0
84.5814,0
84.6883,0
84.7952,6
84.9021,3
85.009,16
85.1159,5
85.2228,10
85.3297,11
85.4366,17
85.5435,0
85.6504,6
85.7573,6
85.8642,0
85.9711,12
86.078,0
86.1849,0
86.2918,17
86.3987,0
86.5056,0
86.6125,3
86.7194,10
86.8263,0
86.9332,39
87.0401,0
87.147,1
87.2539,1
87.3608,0
87.4677,29
87.5746,0
87.6815,0
87.7884,0
87.8953,6
88.0022,0
88.1091,0
88.216,0
88.3229,20
88.4298,0
88.5367,0
88.6436,0
88.7505,24
88.8574,0
88.9643,0
89.0712,22
89.1781,5
89.285,10
89.3919,15
89.4988,0
89.6057,0
89.7126,0
89.8195,0
89.9264,0
90.0334,0
90.1403,8
90.2472,0
90.3541,11
90.461,39
90.5679,0
90.6748,3
90.7817,23
90.8886,10
90.9955,0
91.1024,0
91.2093,0
91.3162,0
91.4231,4
91.53,14
91.6369,2
91.7438,0
91.8507,0
91.9576,38
92.0645,2
92.1714,0
92.2783,0
92.3852,0
92.4921,0
92.599,6
92.7059,35
92.8128,0
92.9197,7
93.0266,16
93.1335,0
93.2404,8
93.3473,23
93.4542,10
93.5611,0
93.668,9
93.7749,16
93.8818,0
93.9887,15
94.0956,0
94.2025,0
94.3095,11
94.4164,13
94.5233,7
94.6302,3
94.7371,0
94.844,3
94.9509,3
95.0578,0
95.1647,0
95.2716,9
95.3785,0
95.4854,23
95.5923,0
95.6992,0
95.8061,24
95.913,45
96.0199,1
96.1268,0
96.2337,0
96.3406,0
96.4475,0
96.5544,0
96.6613,10
96.7682,0
96.8751,0
96.982,4
97.0889,0
97.1958,26
97.3027,11
97.4097,21
97.5166,0
97.6235,4
97.7304,0
97.8373,0
97.9442,0
98.0511,0
98.158,8
98.2649,22
98.3718,0
98.4787,0
98.5856,0
98.6925,13
98.7994,0
98.9063,4
99.0132,12
99.1201,21
99.227,15
99.3339,0
99.4408,0
99.5477,0
99.6546,0
99.7615,9
99.8684,0
99.9753,20
100.082,10
100.189,35
100.296,20
100.403,0
100.51,0
100.617,0
100.724,10
100.831,8
100.937,23
101.044,17
101.151,2
101.258,0
101.365,0
101.472,28
101.579,17
101.686,1
101.793,34
101.9,0
102.007,4
102.113,26
102.22,0
102.327,0
102.434,3
102.541,0
102.648,13
102.755,27
102.862,7
102.969,0
103.076,0
103.182,12
103.289,18
103.396,15
103.503,0
103.61,0
103.717,10
103.824,12
103.931,8
104.038,0
104.145,10
104.252,9
104.358,0
104.465,0
104.572,12
104.679,15
104.786,10
104.893,0
105,3
105.107,7
105.214,0
105.321,0
105.427,2
105.534,6
105.641,24
105.748,0
105.855,0
105.962,0
106.069,3
106.176,0
106.283,2
106.39,4
106.497,3
106.603,33
106.71,32
106.817,4
106.924,18
107.031,26
107.138,0
107.245,0
107.352,20
107.459,0
107.566,0
107.673,0
107.779,0
107.886,0
107.993,0
108.1,17
108.207,15
108.314,0
108.421,11
108.528,16
108.635,0
108.742,11
108.848,5
108.955,0
109.062,0
109.169,2
109.276,8
109.383,0
109.49,12
109.597,11
109.704,6
109.811,27
109.918,0
110.024,20
110.131,15
110.238,18
110.345,0
110.452,6
110.559,0
110.666,0
110.773,7
110.88,25
110.987,5
111.094,12
111.2,0
111.307,0
111.414,0
111.521,3
111.628,8
111.735,17
111.842,19
111.949,0
112.056,21
112.163,0
112.269,0
112.376,0
112.483,0
112.59,0
112.697,22
112.804,0
112.911,0
113.018,38
113.125,0
113.232,0
113.339,41
113.445,43
113.552,0
113.659,0
113.766,0
113.873,5
113.98,9
114.087,0
114.194,5
114.301,18
114.408,9
114.515,0
114.621,0
114.728,4
114.835,0
114.942,0
115.049,0
115.156,19
115.263,23
115.37,0
115.477,0
115.584,7
115.69,21
115.797,0
115.904,6
116.011,7
116.118,9
116.225,14
116.332,12
116.439,24
116.546,6
116.653,18
116.76,8
116.866,25
116.973,9
117.08,0
117.187,0
117.294,12
117.401,0
117.508,1
117.615,28
117.722,11
117.829,0
117.936,17
118.042,24
118.149,26
118.256,0
118.363,1
118.47,12
118.577,29
118.684,17
118.791,5
118.898,24
119.005,0
119.112,0
119.218,8
119.325,0
119.432,2
119.539,20
119.646,7
119.753,10
119.86,0
119.967,3
120.074,16
120.181,3
120.287,7
120.394,4
120.501,0
120.608,10
120.715,0
120.822,1
120.929,24
121.036,1
121.143,2
121.25,0
121.357,0
121.463,11
121.57,1
121.677,1
121.784,0
121.891,20
121.998,0
122.105,27
122.212,8
122.319,16
122.426,30
122.533,3
122.639,0
122.746,2
122.853,0
122.96,17
123.067,0
123.174,26
123.281,0
123.388,26
123.495,23
123.602,0
123.709,0
123.815,25
123.922,0
124.029,46
124.136,8
124.243,0
124.35,6
124.457,10
124.564,12
124.671,0
124.778,0
124.885,0
124.991,0
125.098,0
125.205,7
125.312,0
125.419,0
125.526,0
125.633,21
125.74,0
125.847,7
125.954,17
126.061,19
126.167,17
126.274,21
126.381,7
126.488,0
126.595,22
126.702,10
126.809,7
126.916,8
127.023,0
127.13,19
127.236,10
127.343,0
127.45,5
127.557,23
127.664,0
127.771,0
127.878,6
127.985,13
128.092,0
128.199,18
128.306,0
128.412,0
128.519,12
128.626,0
128.733,0
128.84,0
128.947,0
129.054,0
129.161,9
129.268,15
129.375,0
129.482,4
129.588,24
129.695,20
129.802,3
129.909,9
130.016,0
130.123,2
130.23,6
130.337,14
130.444,15
130.551,0
130.658,41
130.764,0
130.871,0
130.978,12
131.085,53
131.192,0
131.299,0
131.406,10
131.513,0
131.62,8
131.727,0
131.834,0
131.94,0
132.047,12
132.154,0
132.261,0
132.368,15
132.475,0
132.582,16
132.689,38
132.796,0
132.903,10
133.01,5
133.116,0
133.223,0
133.33,0
133.437,10
133.544,7
133.651,0
133.758,12
133.865,26
133.972,42
134.079,23
134.186,0
134.292,0
134.399,18
134.506,9
134.613,0
134.72,30
134.827,36
134.934,8
135.041,0
135.148,0
135.255,0
135.362,19
135.468,0
135.575,5
135.682,15
135.789,1
135.896,0
136.003,2
136.11,7
136.217,21
136.324,0
136.431,0
136.538,0
136.644,0
136.751,0
136.858,9
136.965,0
137.072,8
137.179,26
137.286,0
137.393,0
137.5,30
137.607,12
137.714,9
137.82,13
137.927,7
138.034,0
138.141,17
138.248,0
138.355,4
138.462,7
138.569,4
138.676,0
138.783,8
138.89,6
138.996,13
139.103,0
139.21,0
139.317,23
139.424,17
139.531,3
139.638,0
139.745,7
139.852,0
139.959,14
140.065,0
140.172,0
140.279,0
140.386,5
140.493,36
140.6,0
140.707,18
140.814,8
140.921,8
141.028,0
141.135,0
141.241,28
141.348,0
141.455,0
141.562,8
141.669,22
141.776,8
141.883,0
141.99,17
142.097,44
142.204,5
142.311,0
142.417,6
142.524,16
142.631,0
142.738,16
142.845,30
142.952,14
143.059,0
143.166,0
143.273,9
143.38,8
143.487,0
143.593,13
143.7,4
143.807,0
143.914,16
144.021,18
144.128,10
144.235,0
144.342,0
144.449,1
144.556,14
144.663,21
144.769,0
144.876,0
144.983,8
145.09,38
145.197,0
145.304,0
145.411,37
145.518,52
145.625,19
145.732,0
145.839,0
145.945,0
146.052,24
146.159,26
146.266,0
146.373,7
146.48,21
146.587,0
146.694,0
146.801,0
146.908,36
147.015,0
147.121,0
147.228,6
147.335,0
147.442,0
147.549,19
147.656,0
147.763,0
147.87,7
147.977,9
148.084,0
148.191,0
148.297,0
148.404,3
148.511,10
148.618,0
148.725,23
148.832,6
148.939,0
149.046,0
149.153,13
149.26,4
149.367,6
149.473,0
149.58,6
149.687,0
149.794,0
149.901,1
150.008,1
150.115,0
150.222,7
150.329,1
150.436,3
150.543,28
150.649,0
150.756,9
150.863,0
150.97,58
151.077,43
151.184,25
151.291,0
151.398,0
151.505,19
151.612,0
151.719,0
151.825,1
151.932,0
152.039,7
152.146,28
152.253,16
152.36,20
152.467,0
152.574,15
152.681,0
152.788,0
152.894,0
153.001,8
153.108,24
153.215,12
153.322,0
153.429,0
153.536,5
153.643,0
153.75,13
153.857,20
153.964,21
154.07,0
154.177,0
154.284,16
154.391,8
154.498,0
154.605,8
154.712,15
154.819,7
154.926,0
155.033,0
155.14,20
155.246,17
155.353,11
155.46,7
155.567,29
155.674,24
155.781,3
155.888,3
155.995,0
156.102,27
156.209,17
156.316,0
156.422,3
156.529,11
156.636,0
156.743,16
156.85,23
156.957,14
157.064,5
157.171,0
157.278,0
157.385,0
157.492,10
157.598,13
157.705,0
157.812,10
157.919,2
158.026,0
158.133,0
158.24,7
158.347,19
158.454,0
158.561,0
158.668,15
158.774,11
158.881,0
158.988,2
159.095,8
159.202,0
159.309,10
159.416,10
159.523,0
159.63,0
159.737,21
159.844,13
159.95,7
160.057,25
160.164,38
160.271,22
160.378,6
160.485,0
160.592,15
160.699,10
160.806,19
160.913,13
161.019,0
161.126,19
161.233,8
161.34,1
161.447,0
161.554,0
161.661,26
161.768,6
161.875,8
161.982,7
162.089,6
162.195,30
162.302,42
162.409,10
162.516,15
162.623,16
162.73,0
162.837,31
162.944,12
163.051,0
163.158,29
163.265,13
163.371,0
163.478,0
163.585,12
163.692,37
163.799,0
163.906,0
164.013,2
164.12,0
164.227,0
164.334,0
164.441,0
164.547,12
164.654,11
164.761,20
164.868,3
164.975,40
165.082,9
165.189,0
165.296,0
165.403,15
165.51,43
165.616,1
165.723,0
165.83,0
165.937,30
166.044,0
166.151,15
166.258,9
166.365,0
166.472,24
166.579,0
166.686,0
166.792,25
166.899,24
167.006,0
167.113,0
167.22,0
167.327,40
167.434,24
167.541,3
167.648,0
167.755,16
167.862,5
167.968,0
168.075,36
168.182,0
168.289,0
168.396,0
168.503,30
168.61,15
168.717,0
168.824,15
168.931,5
169.037,16
169.144,1
169.251,0
169.358,0
169.465,0
169.572,0
169.679,5
169.786,15
169.893,0
170,9
170.107,30
170.213,7
170.32,24
170.427,16
170.534,0
170.641,0
170.748,6
170.855,4
170.962,0
171.069,2
171.176,9
171.283,0
171.389,4
171.496,0
171.603,29
171.71,36
171.817,10
171.924,6
172.031,32
172.138,19
172.245,0
172.352,8
172.458,0
172.565,22
172.672,6
172.779,13
172.886,0
172.993,26
173.1,0
173.207,4
173.314,19
173.421,0
173.528,6
173.634,24
173.741,7
173.848,0
173.955,5
174.062,0
174.169,8
174.276,7
174.383,0
174.49,29
174.597,0
174.704,0
174.81,11
174.917,0
175.024,8
175.131,4
175.238,1
175.345,0
175.452,19
175.559,12
175.666,0
175.773,0
175.879,0
175.986,0
176.093,0
176.2,2
176.307,21
176.414,4
176.521,14
176.628,11
176.735,0
176.842,0
176.949,9
177.055,0
177.162,2
177.269,0
177.376,0
177.483,7
177.59,31
177.697,14
177.804,0
177.911,0
178.018,38
178.124,0
178.231,6
178.338,3
178.445,0
178.552,21
178.659,0
178.766,11
178.873,0
178.98,15
179.087,13
179.194,0
179.3,21
179.407,0
179.514,0
179.621,26
179.728,0
179.835,13
179.942,49
180.049,0
180.156,9
180.263,22
180.369,0
180.476,0
180.583,0
180.69,8
180.797,0
180.904,0
181.011,2
181.118,14
181.225,0
181.332,44
181.439,49
181.545,37
181.652,3
181.759,0
181.866,0
181.973,13
182.08,0
182.187,0
182.294,0
182.401,0
182.508,1
182.614,16
182.721,21
182.828,0
182.935,0
183.042,30
183.149,0
183.256,0
183.363,12
183.47,0
183.577,9
183.683,22
183.79,14
183.897,5
184.004,11
184.111,31
184.218,0
184.325,0
184.432,20
184.539,19
184.646,0
184.753,17
184.859,12
184.966,12
185.073,29
185.18,11
185.287,0
185.394,0
185.501,11
185.608,1
185.715,0
185.822,8
185.928,0
186.035,2
186.142,0
186.249,5
186.356,0
186.463,0
186.57,42
186.677,15
186.784,23
186.891,0
186.997,19
187.104,8
187.211,0
187.318,0
187.425,0
187.532,7
187.639,10
187.746,0
187.853,21
187.96,0
188.067,10
188.173,28
188.28,18
188.387,0
188.494,0
188.601,0
188.708,0
188.815,35
188.922,9
189.029,0
189.136,3
189.242,19
189.349,1
189.456,2
189.563,4
189.67,41
189.777,9
189.884,14
189.991,0
190.098,0
190.205,2
190.311,0
190.418,22
190.525,0
190.632,0
190.739,48
190.846,150
190.953,108
191.06,51
191.167,15
191.274,0
191.38,10
191.487,26
191.594,20
191.701,23
191.808,17
191.915,0
192.022,11
192.129,15
192.236,0
192.343,14
192.45,16
192.556,3
192.663,4
192.77,0
192.877,10
192.984,0
193.091,19
193.198,1
193.305,0
193.412,0
193.519,0
193.625,0
193.732,12
193.839,2
193.946,0
194.053,27
194.16,6
194.267,0
194.374,38
194.481,6
194.588,22
194.694,0
194.801,4
194.908,0
195.015,17
195.122,0
195.229,0
195.336,0
195.443,7
195.55,0
195.657,0
195.763,0
195.87,17
195.977,0
196.084,36
196.191,16
196.298,15
196.405,0
196.512,0
196.619,42
196.726,0
196.832,0
196.939,0
197.046,8
197.153,6
197.26,0
197.367,9
197.474,17
197.581,0
197.688,0
197.795,5
197.901,0
198.008,0
198.115,6
198.222,0
198.329,6
198.436,15
198.543,0
198.65,4
198.757,0
198.864,2
198.97,29
199.077,11
199.184,0
199.291,0
199.398,31
199.505,13
199.612,0
199.719,0
199.826,0
199.933,0
200.039,0
200.146,4
200.253,10
200.36,0
200.467,0
200.574,12
200.681,40
200.788,45
200.895,12
201.002,29
201.108,2
201.215,8
201.322,18
201.429,2
201.536,2
201.643,0
201.75,0
201.857,0
201.964,4
202.071,24
202.177,0
202.284,1
202.391,0
202.498,20
202.605,10
202.712,12
202.819,2
202.926,15
203.033,6
203.14,0
203.246,0
203.353,0
203.46,0
203.567,13
203.674,3
203.781,0
203.888,0
203.995,0
204.102,29
204.208,0
204.315,0
204.422,2
204.529,10
204.636,1
204.743,15
204.85,0
204.957,0
205.064,5
205.171,15
205.277,4
205.384,0
205.491,2
205.598,0
205.705,0
205.812,0
205.919,0
206.026,24
206.133,1
206.24,25
206.346,21
206.453,8
206.56,0
206.667,3
206.774,12
206.881,0
206.988,12
207.095,19
207.202,0
207.309,0
207.415,5
207.522,3
207.629,42
207.736,4
207.843,30
207.95,0
208.057,16
208.164,0
208.271,0
208.377,0
208.484,0
208.591,4
208.698,0
208.805,9
208.912,24
209.019,39
209.126,0
209.233,0
209.34,0
209.446,0
209.553,25
209.66,13
209.767,0
209.874,0
209.981,13
210.088,0
210.195,0
210.302,6
210.409,0
210.515,1
210.622,25
210.729,6
210.836,8
210.943,22
211.05,38
211.157,0
211.264,0
211.371,0
211.477,26
211.584,0
211.691,0
211.798,0
211.905,0
212.012,18
212.119,29
212.226,9
212.333,10
212.44,0
212.546,17
212.653,16
212.76,2
212.867,14
212.974,27
213.081,15
213.188,0
213.295,0
213.402,24
213.508,24
213.615,2
213.722,1
213.829,0
213.936,2
214.043,17
214.15,12
214.257,10
214.364,0
214.471,22
214.577,0
214.684,4
214.791,6
214.898,6
215.005,26
215.112,45
215.219,27
215.326,3
215.433,9
215.539,3
215.646,17
215.753,0
215.86,5
215.967,0
216.074,0
216.181,0
216.288,16
216.395,34
216.502,0
216.608,3
216.715,4
216.822,45
216.929,9
217.036,0
217.143,0
217.25,0
217.357,5
217.464,0
217.57,0
217.677,0
217.784,0
217.891,0
217.998,0
218.105,8
218.212,24
218.319,33
218.426,24
218.532,2
218.639,0
218.746,23
218.853,1
218.96,0
219.067,24
219.174,21
219.281,0
219.388,14
219.495,0
219.601,4
219.708,22
219.815,11
219.922,0
220.029,0
220.136,0
220.243,28
220.35,34
220.457,0
220.563,0
220.67,0
220.777,9
220.884,0
220.991,0
221.098,13
221.205,7
221.312,0
221.419,3
221.525,6
221.632,22
221.739,15
221.846,0
221.953,21
222.06,0
222.167,0
222.274,19
222.381,0
222.488,0
222.594,0
222.701,2
222.808,0
222.915,16
223.022,22
223.129,0
223.236,0
223.343,14
223.45,0
223.556,29
223.663,12
223.77,0
223.877,20
223.984,1
224.091,0
224.198,5
224.305,0
224.412,10
224.518,3
224.625,8
224.732,23
224.839,15
224.946,5
225.053,11
225.16,12
225.267,0
225.374,22
225.48,0
225.587,0
225.694,0
225.801,0
225.908,0
226.015,15
226.122,20
226.229,0
226.336,0
226.442,2
226.549,16
226.656,9
226.763,0
226.87,1
226.977,26
227.084,14
227.191,18
227.298,3
227.404,15
227.511,23
227.618,0
227.725,19
227.832,0
227.939,16
228.046,10
228.153,0
228.26,2
228.366,10
228.473,6
228.58,14
228.687,0
228.794,0
228.901,28
229.008,20
229.115,7
229.222,28
229.328,0
229.435,0
229.542,0
229.649,26
229.756,2
229.863,0
229.97,32
230.077,19
230.184,24
230.29,8
230.397,0
230.504,16
230.611,0
230.718,0
230.825,0
230.932,60
231.039,30
231.146,0
231.252,0
231.359,10
231.466,0
231.573,13
231.68,0
231.787,9
231.894,25
232.001,32
232.108,0
232.214,0
232.321,5
232.428,0
232.535,4
232.642,0
232.749,13
232.856,8
232.963,6
233.07,0
233.176,0
233.283,23
233.39,10
233.497,2
233.604,7
233.711,0
233.818,9
233.925,20
234.031,9
234.138,7
234.245,0
234.352,2
234.459,0
234.566,16
234.673,19
234.78,0
234.887,0
234.993,0
235.1,6
235.207,35
235.314,7
235.421,22
235.528,17
235.635,9
235.742,0
235.849,0
235.955,0
236.062,1
236.169,19
236.276,20
236.383,4
236.49,20
236.597,12
236.704,0
236.81,4
236.917,28
237.024,10
237.131,0
237.238,8
237.345,9
237.452,0
237.559,0
237.666,8
237.772,29
237.879,16
237.986,11
238.093,0
238.2,13
238.307,3
238.414,14
238.521,4
238.628,0
238.734,12
238.841,0
238.948,0
239.055,13
239.162,9
239.269,28
239.376,11
239.483,27
239.589,26
239.696,0
239.803,0
239.91,30
240.017,15
240.124,16
240.231,15
240.338,30
240.445,17
240.551,0
240.658,7
240.765,19
240.872,13
240.979,16
241.086,14
241.193,25
241.3,0
241.406,0
241.513,0
241.62,42
241.727,13
241.834,1
241.941,13
242.048,0
242.155,28
242.262,15
242.368,0
242.475,0
242.582,0
242.689,6
242.796,9
242.903,9
243.01,0
243.117,7
243.223,0
243.33,16
243.437,29
243.544,4
243.651,0
243.758,0
243.865,0
243.972,11
244.079,26
244.185,0
244.292,0
244.399,2
244.506,0
244.613,0
244.72,0
244.827,36
244.934,0
245.04,0
245.147,0
245.254,0
245.361,11
245.468,0
245.575,0
245.682,14
245.789,0
245.896,20
246.002,32
246.109,0
246.216,26
246.323,0
246.43,0
246.537,8
246.644,0
246.751,14
246.857,29
246.964,0
247.071,1
247.178,12
247.285,13
247.392,3
247.499,0
247.606,0
247.712,19
247.819,17
247.926,0
248.033,15
248.14,15
248.247,0
248.354,46
248.461,7
248.567,7
248.674,8
248.781,0
248.888,0
248.995,11
249.102,0
249.209,7
249.316,0
249.423,2
249.529,8
249.636,22
249.743,17
249.85,9
249.957,30
250.064,13
250.171,20
250.278,6
250.384,0
250.491,9
250.598,4
250.705,7
250.812,0
250.919,8
251.026,12
251.133,0
251.239,0
251.346,0
251.453,0
251.56,9
251.667,10
251.774,33
251.881,177
251.988,152
252.094,0
252.201,0
252.308,38
252.415,9
252.522,22
252.629,0
252.736,0
252.843,23
252.949,4
253.056,0
253.163,12
253.27,4
253.377,0
253.484,24
253.591,0
253.698,8
253.804,0
253.911,0
254.018,17
254.125,16
254.232,0
254.339,21
254.446,16
254.553,35
254.659,1
254.766,0
254.873,0
254.98,0
255.087,1
255.194,10
255.301,0
255.408,0
255.514,4
255.621,0
255.728,22
255.835,1
255.942,13
256.049,0
256.156,24
256.263,0
256.369,34
256.476,29
256.583,0
256.69,5
256.797,25
256.904,0
257.011,0
257.118,0
257.224,0
257.331,5
257.438,11
257.545,7
257.652,0
257.759,0
257.866,0
257.973,16
258.079,4
258.186,0
258.293,0
258.4,6
258.507,0
258.614,17
258.721,23
258.828,0
258.934,7
259.041,0
259.148,11
259.255,19
259.362,0
259.469,29
259.576,0
259.683,0
259.789,21
259.896,7
260.003,0
260.11,7
260.217,8
260.324,0
260.431,0
260.537,4
260.644,24
260.751,0
260.858,0
260.965,0
261.072,27
261.179,14
261.286,0
261.392,0
261.499,0
261.606,28
261.713,0
261.82,0
261.927,10
262.034,0
262.141,0
262.247,10
262.354,0
262.461,0
262.568,0
262.675,9
262.782,3
262.889,0
262.996,28
263.102,23
263.209,0
263.316,0
263.423,0
263.53,0
263.637,0
263.744,12
263.85,0
263.957,1
264.064,20
264.171,7
264.278,18
264.385,0
264.492,1
264.599,2
264.705,17
264.812,45
264.919,12
265.026,0
265.133,0
265.24,15
265.347,0
265.454,0
265.56,0
265.667,19
265.774,12
265.881,0
265.988,0
266.095,0
266.202,14
266.308,0
266.415,4
266.522,0
266.629,0
266.736,10
266.843,2
266.95,18
267.057,0
267.163,14
267.27,32
267.377,13
267.484,10
267.591,0
267.698,9
267.805,7
267.911,7
268.018,0
268.125,0
268.232,0
268.339,0
268.446,0
268.553,0
268.66,0
268.766,0
268.873,0
268.98,22
269.087,14
269.194,0
269.301,0
269.408,23
269.514,0
269.621,0
269.728,0
269.835,0
269.942,0
270.049,0
270.156,0
270.263,0
270.369,14
270.476,0
270.583,30
270.69,0
270.797,10
270.904,22
271.011,32
271.117,16
271.224,0
271.331,11
271.438,0
271.545,92
271.652,97
271.759,47
271.866,25
271.972,0
272.079,0
272.186,9
272.293,10
272.4,27
272.507,18
272.614,23
272.72,17
272.827,6
272.934,1
273.041,0
273.148,0
273.255,0
273.362,0
273.468,0
273.575,0
273.682,42
273.789,33
273.896,24
274.003,0
274.11,0
274.217,10
274.323,12
274.43,0
274.537,0
274.644,0
274.751,0
274.858,1
274.965,7
275.071,0
275.178,0
275.285,18
275.392,15
275.499,0
275.606,23
275.713,19
275.819,20
275.926,0
276.033,0
276.14,0
276.247,0
276.354,23
276.461,1
276.567,20
276.674,0
276.781,0
276.888,0
276.995,3
277.102,1
277.209,9
277.315,0
277.422,2
277.529,23
277.636,13
277.743,0
277.85,27
277.957,27
278.064,0
278.17,0
278.277,0
278.384,0
278.491,0
278.598,0
278.705,0
278.812,3
278.918,7
279.025,4
279.132,22
279.239,8
279.346,0
279.453,0
279.56,0
279.666,20
279.773,12
279.88,0
279.987,2
280.094,0
280.201,0
280.308,2
280.414,0
280.521,2
280.628,0
280.735,1
280.842,1
280.949,4
281.056,0
281.162,0
281.269,5
281.376,0
281.483,0
281.59,0
281.697,13
281.804,0
281.91,10
282.017,0
282.124,0
282.231,7
282.338,0
282.445,0
282.552,0
282.658,7
282.765,0
282.872,0
282.979,2
283.086,0
283.193,13
283.3,0
283.406,0
283.513,0
283.62,0
283.727,12
283.834,0
283.941,0
284.048,14
284.154,0
284.261,0
284.368,17
284.475,18
284.582,0
284.689,0
284.796,0
284.902,3
285.009,2
285.116,0
285.223,77
285.33,49
285.437,19
285.544,0
285.65,0
285.757,0
285.864,0
285.971,30
286.078,0
286.185,0
286.292,8
286.398,0
286.505,1
286.612,5
286.719,0
286.826,0
286.933,1
287.039,7
287.146,0
287.253,8
287.36,8
287.467,7
287.574,0
287.681,1
287.787,11
287.894,0
288.001,16
288.108,4
288.215,0
288.322,0
288.429,25
288.535,13
288.642,2
288.749,6
288.856,12
288.963,0
289.07,12
289.177,0
289.283,0
289.39,19
289.497,2
289.604,1
289.711,0
289.818,8
289.924,86
290.031,134
290.138,74
290.245,59
290.352,101
290.459,181
290.566,178
290.672,121
290.779,114
290.886,242
290.993,165
291.1,60
291.207,27
291.314,116
291.42,125
291.527,70
291.634,15
291.741,41
291.848,28
291.955,35
292.062,0
292.168,0
292.275,23
292.382,0
292.489,6
292.596,0
292.703,13
292.809,0
292.916,0
293.023,0
293.13,24
293.237,0
293.344,9
293.451,21
293.557,0
293.664,0
293.771,0
293.878,18
293.985,0
294.092,0
294.198,0
294.305,0
294.412,15
294.519,0
294.626,0
294.733,6
294.84,0
294.946,0
295.053,40
295.16,0
295.267,25
295.374,0
295.481,0
295.588,0
295.694,0
295.801,20
295.908,19
296.015,0
296.122,5
296.229,11
296.335,15
296.442,15
296.549,0
296.656,27
296.763,5
296.87,0
296.977,0
297.083,8
297.19,0
297.297,0
297.404,0
297.511,0
297.618,5
297.724,10
297.831,0
297.938,0
298.045,11
298.152,0
298.259,15
298.365,3
298.472,0
298.579,0
298.686,0
298.793,0
298.9,0
299.007,0
299.113,0
299.22,4
299.327,11
299.434,0
299.541,5
299.648,11
299.754,12
299.861,0
299.968,12
300.075,27
300.182,0
300.289,0
300.396,21
300.502,0
300.609,0
300.716,20
300.823,9
300.93,7
301.037,0
301.143,0
301.25,8
301.357,0
301.464,15
301.571,26
301.678,10
301.784,11
301.891,3
301.998,29
302.105,0
302.212,0
302.319,0
302.426,2
302.532,2
302.639,9
302.746,8
302.853,0
302.96,23
303.067,0
303.173,0
303.28,0
303.387,0
303.494,13
303.601,2
303.708,12
303.814,0
303.921,12
304.028,3
304.135,0
304.242,3
304.349,0
304.456,0
304.562,23
304.669,8
304.776,0
304.883,3
304.99,0
305.097,0
305.203,0
305.31,28
305.417,8
305.524,0
305.631,0
305.738,27
305.844,18
305.951,8
306.058,0
306.165,0
306.272,11
306.379,3
306.485,1
306.592,2
306.699,0
306.806,0
306.913,0
307.02,11
307.126,9
307.233,0
307.34,0
307.447,3
307.554,0
307.661,7
307.767,12
307.874,0
307.981,0
308.088,8
308.195,39
308.302,21
308.409,0
308.515,12
308.622,0
308.729,0
308.836,2
308.943,0
309.05,4
309.156,14
309.263,12
309.37,4
309.477,0
309.584,0
309.691,10
309.797,22
309.904,4
310.011,0
310.118,0
310.225,13
310.332,0
310.438,0
310.545,0
310.652,29
310.759,3
310.866,13
310.973,10
311.079,15
311.186,8
311.293,0
311.4,0
311.507,14
311.614,0
311.72,0
311.827,11
311.934,6
312.041,0
312.148,20
312.255,18
312.361,10
312.468,0
312.575,4
312.682,0
312.789,0
312.896,9
313.002,0
313.109,0
313.216,0
313.323,33
313.43,2
313.537,0
313.643,0
313.75,0
313.857,8
313.964,0
314.071,0
314.178,4
314.284,0
314.391,0
314.498,0
314.605,13
314.712,9
314.819,0
314.925,14
315.032,0
315.139,8
315.246,2
315.353,0
315.46,0
315.566,25
315.673,14
315.78,2
315.887,21
315.994,0
316.1,10
316.207,0
316.314,0
316.421,34
316.528,27
316.635,0
316.741,18
316.848,0
316.955,0
317.062,27
317.169,0
317.276,0
317.382,0
317.489,9
317.596,15
317.703,0
317.81,0
317.917,10
318.023,18
318.13,9
318.237,0
318.344,22
318.451,0
318.558,0
318.664,0
318.771,26
318.878,0
318.985,0
319.092,20
319.199,8
319.305,0
319.412,1
319.519,3
319.626,2
319.733,9
319.839,23
319.946,26
320.053,0
320.16,0
320.267,13
320.374,0
320.48,3
320.587,0
320.694,0
320.801,0
320.908,11
321.015,3
321.121,4
321.228,5
321.335,0
321.442,17
321.549,0
321.655,0
321.762,0
321.869,0
321.976,0
322.083,0
322.19,0
322.296,0
322.403,10
322.51,8
322.617,55
322.724,53
322.831,4
322.937,3
323.044,3
323.151,0
323.258,0
323.365,9
323.472,0
323.578,0
323.685,6
323.792,0
323.899,21
324.006,10
324.112,33
324.219,16
324.326,16
324.433,11
324.54,0
324.647,0
324.753,0
324.86,6
324.967,0
325.074,14
325.181,2
325.287,0
325.394,0
325.501,16
325.608,17
325.715,2
325.822,16
325.928,77
326.035,73
326.142,15
326.249,2
326.356,4
326.463,14
326.569,13
326.676,0
326.783,0
326.89,56
326.997,11
327.103,34
327.21,24
327.317,27
327.424,0
327.531,0
327.638,14
327.744,0
327.851,0
327.958,13
328.065,11
328.172,37
328.278,56
328.385,40
328.492,0
328.599,9
328.706,0
328.813,0
328.919,0
329.026,19
329.133,36
329.24,0
329.347,0
329.453,3
329.56,18
329.667,11
329.774,14
329.881,20
329.988,4
330.094,0
330.201,0
330.308,34
330.415,9
330.522,0
330.628,18
330.735,0
330.842,0
330.949,0
331.056,0
331.162,16
331.269,0
331.376,4
331.483,0
331.59,21
331.697,24
331.803,0
331.91,10
332.017,0
332.124,17
332.231,3
332.337,8
332.444,48
332.551,16
332.658,0
332.765,23
332.872,20
332.978,0
333.085,0
333.192,0
333.299,0
333.406,8
333.512,2
333.619,18
333.726,0
333.833,5
333.94,19
334.046,0
334.153,5
334.26,0
334.367,12
334.474,0
334.581,15
334.687,12
334.794,21
334.901,9
335.008,0
335.115,25
335.221,3
335.328,2
335.435,4
335.542,6
335.649,0
335.755,0
335.862,0
335.969,8
336.076,12
336.183,0
336.29,0
336.396,18
336.503,0
336.61,1
336.717,28
336.824,47
336.93,4
337.037,0
337.144,23
337.251,13
337.358,20
337.464,0
337.571,0
337.678,0
337.785,32
337.892,34
337.998,0
338.105,0
338.212,14
338.319,6
338.426,0
338.533,0
338.639,9
338.746,0
338.853,0
338.96,0
339.067,4
339.173,0
339.28,0
339.387,14
339.494,7
339.601,0
339.707,23
339.814,37
339.921,6
340.028,19
340.135,0
340.241,0
340.348,18
340.455,23
340.562,10
340.669,7
340.775,0
340.882,11
340.989,15
341.096,0
341.203,7
341.309,0
341.416,0
341.523,39
341.63,5
341.737,10
341.844,0
341.95,13
342.057,92
342.164,117
342.271,93
342.378,34
342.484,12
342.591,19
342.698,0
342.805,0
342.912,21
343.018,191
343.125,150
343.232,25
343.339,0
343.446,0
343.552,18
343.659,0
343.766,0
343.873,0
343.98,0
344.086,0
344.193,0
344.3,0
344.407,4
344.514,16
344.62,36
344.727,0
344.834,3
344.941,0
345.048,0
345.154,10
345.261,15
345.368,9
345.475,0
345.582,13
345.688,14
345.795,8
345.902,0
346.009,0
346.116,4
346.222,1
346.329,0
346.436,12
346.543,0
346.65,25
346.756,4
346.863,16
346.97,0
347.077,4
347.184,38
347.29,20
347.397,0
347.504,0
347.611,6
347.718,14
347.824,0
347.931,0
348.038,0
348.145,34
348.252,4
348.358,0
348.465,38
348.572,16
348.679,11
348.786,0
348.892,3
348.999,2
349.106,18
349.213,22
349.32,1
349.426,0
349.533,0
349.64,19
349.747,22
349.854,5
349.96,8
350.067,0
350.174,16
350.281,36
350.388,7
350.494,8
350.601,0
350.708,11
350.815,14
350.922,0
351.028,17
351.135,14
351.242,0
351.349,1
351.456,2
351.562,11
351.669,12
351.776,0
351.883,28
351.989,8
352.096,11
352.203,0
352.31,21
352.417,0
352.523,4
352.63,4
352.737,0
352.844,0
352.951,0
353.057,4
353.164,0
353.271,12
353.378,0
353.485,0
353.591,24
353.698,11
353.805,8
353.912,0
354.019,23
354.125,0
354.232,0
354.339,19
354.446,17
354.553,7
354.659,0
354.766,0
354.873,14
354.98,93
355.086,73
355.193,24
355.3,25
355.407,0
355.514,0
355.62,0
355.727,0
355.834,0
355.941,0
356.048,4
356.154,7
356.261,14
356.368,0
356.475,14
356.582,38
356.688,22
356.795,0
356.902,0
357.009,24
357.115,8
357.222,0
357.329,0
357.436,7
357.543,14
357.649,0
357.756,0
357.863,0
357.97,27
358.077,23
358.183,0
358.29,1
358.397,11
358.504,8
358.61,0
358.717,33
358.824,0
358.931,0
359.038,0
359.144,16
359.251,30
359.358,17
359.465,0
359.572,0
359.678,21
359.785,17
359.892,12
359.999,12
360.105,22
360.212,0
360.319,0
360.426,25
360.533,17
360.639,0
360.746,0
360.853,11
360.96,0
361.067,0
361.173,8
361.28,0
361.387,0
361.494,17
361.6,13
361.707,20
361.814,0
361.921,14
362.028,4
362.134,0
362.241,0
362.348,27
362.455,0
362.562,0
362.668,7
362.775,0
362.882,3
362.989,14
363.095,12
363.202,23
363.309,24
363.416,9
363.523,0
363.629,6
363.736,0
363.843,8
363.95,0
364.056,13
364.163,10
364.27,0
364.377,0
364.484,2
364.59,2
364.697,0
364.804,0
364.911,9
365.017,0
365.124,0
365.231,17
365.338,23
365.445,6
365.551,2
365.658,19
365.765,15
365.872,27
365.979,0
366.085,0
366.192,4
366.299,4
366.406,0
366.512,0
366.619,0
366.726,6
366.833,7
366.94,24
367.046,0
367.153,0
367.26,7
367.367,1
367.473,4
367.58,13
367.687,0
367.794,1
367.9,22
368.007,7
368.114,8
368.221,0
368.328,11
368.434,35
368.541,0
368.648,0
368.755,7
368.861,0
368.968,6
369.075,17
369.182,0
369.289,0
369.395,0
369.502,0
369.609,0
369.716,0
369.822,42
369.929,22
370.036,31
370.143,0
370.25,0
370.356,6
370.463,0
370.57,6
370.677,0
370.783,9
370.89,0
370.997,14
371.104,0
371.211,0
371.317,30
371.424,7
371.531,4
371.638,0
371.744,12
371.851,0
371.958,0
372.065,22
372.171,0
372.278,0
372.385,1
372.492,0
372.599,0
372.705,14
372.812,20
372.919,0
373.026,0
373.132,9
373.239,0
373.346,21
373.453,13
373.559,3
373.666,0
373.773,22
373.88,4
373.987,9
374.093,0
374.2,0
374.307,13
374.414,29
374.52,13
374.627,0
374.734,3
374.841,10
374.947,30
375.054,0
375.161,12
375.268,0
375.375,30
375.481,4
375.588,17
375.695,0
375.802,0
375.908,12
376.015,30
376.122,12
376.229,11
376.335,28
376.442,29
376.549,23
376.656,0
376.763,3
376.869,9
376.976,17
377.083,0
377.19,0
377.296,12
377.403,3
377.51,0
377.617,17
377.723,5
377.83,12
377.937,0
378.044,0
378.15,33
378.257,1
378.364,0
378.471,0
378.578,0
378.684,11
378.791,0
378.898,6
379.005,0
379.111,2
379.218,0
379.325,1
379.432,9
379.538,0
379.645,7
379.752,26
379.859,0
379.965,0
380.072,0
380.179,20
380.286,0
380.392,0
380.499,37
380.606,7
380.713,12
380.82,0
380.926,0
381.033,12
381.14,19
381.247,0
381.353,25
381.46,18
381.567,31
381.674,0
381.78,10
381.887,25
381.994,0
382.101,7
382.207,2
382.314,3
382.421,43
382.528,0
382.634,4
382.741,23
382.848,4
382.955,10
383.061,8
383.168,13
383.275,32
383.382,0
383.488,4
383.595,0
383.702,0
383.809,17
383.916,24
384.022,0
384.129,0
384.236,22
384.343,16
384.449,0
384.556,0
384.663,7
384.77,0
384.876,5
384.983,0
385.09,0
385.197,0
385.303,19
385.41,0
385.517,1
385.624,66
385.73,36
385.837,2
385.944,0
386.051,37
386.157,25
386.264,12
386.371,11
386.478,0
386.584,20
386.691,7
386.798,2
386.905,43
387.011,0
387.118,10
387.225,24
387.332,0
387.438,0
387.545,0
387.652,34
387.759,0
387.865,0
387.972,21
388.079,27
388.186,0
388.292,0
388.399,7
388.506,0
388.613,17
388.719,0
388.826,8
388.933,12
389.04,9
389.146,0
389.253,0
389.36,4
389.467,19
389.573,50
389.68,75
389.787,64
389.894,21
390,0
390.107,24
390.214,2
390.321,3
390.427,0
390.534,0
390.641,0
390.748,13
390.854,0
390.961,0
391.068,0
391.175,23
391.281,16
391.388,2
391.495,1
391.602,0
391.708,0
391.815,0
391.922,38
392.029,9
392.135,0
392.242,0
392.349,42
392.456,6
392.562,0
392.669,2
392.776,0
392.883,0
392.989,28
393.096,6
393.203,0
393.31,16
393.416,0
393.523,1
393.63,0
393.737,21
393.843,0
393.95,0
394.057,14
394.164,2
394.27,33
394.377,19
394.484,16
394.591,0
394.697,5
394.804,10
394.911,11
395.018,0
395.124,27
395.231,25
395.338,0
395.445,17
395.551,0
395.658,3
395.765,7
395.871,40
395.978,31
396.085,0
396.192,28
396.298,15
396.405,0
396.512,14
396.619,0
396.725,8
396.832,14
396.939,0
397.046,0
397.152,10
397.259,0
397.366,12
397.473,35
397.579,83
397.686,95
397.793,56
397.9,4
398.006,0
398.113,6
398.22,0
398.327,0
398.433,0
398.54,0
398.647,0
398.753,0
398.86,0
398.967,0
399.074,8
399.18,0
399.287,2
399.394,14
399.501,5
399.607,7
399.714,17
399.821,14
399.928,5
400.034,0
400.141,1
400.248,19
400.355,0
400.461,9
400.568,0
400.675,0
400.781,28
400.888,2
400.995,0
401.102,0
401.208,0
401.315,8
401.422,33
401.529,0
401.635,0
401.742,0
401.849,28
401.956,32
402.062,16
402.169,0
402.276,9
402.382,2
402.489,0
402.596,0
402.703,0
402.809,0
402.916,14
403.023,0
403.13,0
403.236,27
403.343,10
403.45,0
403.557,0
403.663,22
403.77,1
403.877,10
403.983,0
404.09,0
404.197,0
404.304,0
404.41,0
404.517,12
404.624,28
404.731,0
404.837,19
404.944,0
405.051,7
405.158,14
405.264,38
405.371,14
405.478,0
405.584,26
405.691,29
405.798,6
405.905,17
406.011,7
406.118,13
406.225,0
406.332,2
406.438,7
406.545,0
406.652,0
406.758,17
406.865,13
406.972,0
407.079,0
407.185,12
407.292,13
407.399,0
407.506,0
407.612,26
407.719,0
407.826,6
407.932,6
408.039,12
408.146,0
408.253,0
408.359,0
408.466,33
408.573,10
408.68,1
408.786,0
408.893,4
409,0
409.106,2
409.213,0
409.32,5
409.427,9
409.533,13
409.64,18
409.747,0
409.853,0
409.96,14
410.067,0
410.174,12
410.28,11
410.387,12
410.494,0
410.601,0
410.707,26
410.814,8
410.921,0
411.027,16
411.134,10
411.241,6
411.348,0
411.454,14
411.561,24
411.668,16
411.774,10
411.881,3
411.988,135
412.095,224
412.201,103
412.308,0
412.415,0
412.522,44
412.628,54
412.735,35
412.842,15
412.948,3
413.055,0
413.162,0
413.269,15
413.375,0
413.482,4
413.589,28
413.695,35
413.802,47
413.909,10
414.016,12
414.122,25
414.229,0
414.336,0
414.442,2
414.549,0
414.656,6
414.763,0
414.869,0
414.976,31
415.083,145
415.189,153
415.296,76
415.403,4
415.51,0
415.616,0
415.723,25
415.83,0
415.936,11
416.043,6
416.15,3
416.257,0
416.363,3
416.47,6
416.577,16
416.683,13
416.79,92
416.897,73
417.004,54
417.11,60
417.217,41
417.324,45
417.43,31
417.537,60
417.644,91
417.751,74
417.857,32
417.964,12
418.071,24
418.177,29
418.284,14
418.391,17
418.498,0
418.604,0
418.711,8
418.818,0
418.924,0
419.031,28
419.138,30
419.245,12
419.351,0
419.458,2
419.565,9
419.671,0
419.778,0
419.885,0
419.992,20
420.098,0
420.205,6
420.312,9
420.418,28
420.525,3
420.632,18
420.738,14
420.845,0
420.952,4
421.059,24
421.165,0
421.272,0
421.379,5
421.485,10
421.592,28
421.699,0
421.806,2
421.912,1
422.019,24
422.126,8
422.232,14
422.339,0
422.446,0
422.552,0
422.659,5
422.766,0
422.873,13
422.979,0
423.086,0
423.193,34
423.299,46
423.406,0
423.513,0
423.62,11
423.726,9
423.833,0
423.94,7
424.046,0
424.153,0
424.26,2
424.366,20
424.473,3
424.58,0
424.687,0
424.793,11
424.9,21
425.007,8
425.113,20
425.22,25
425.327,0
425.433,0
425.54,1
425.647,0
425.754,0
425.86,0
425.967,28
426.074,17
426.18,5
426.287,2
426.394,30
426.5,0
426.607,14
426.714,1
426.821,0
426.927,0
427.034,0
427.141,10
427.247,0
427.354,16
427.461,0
427.567,0
427.674,0
427.781,11
427.888,0
427.994,0
428.101,0
428.208,16
428.314,12
428.421,0
428.528,0
428.634,0
428.741,13
428.848,0
428.955,0
429.061,0
429.168,11
429.275,0
429.381,0
429.488,12
429.595,3
429.701,0
429.808,33
429.915,15
430.021,0
430.128,0
430.235,39
430.342,105
430.448,120
430.555,78
430.662,3
430.768,0
430.875,0
430.982,18
431.088,1
431.195,19
431.302,3
431.409,0
431.515,21
431.622,0
431.729,0
431.835,0
431.942,19
432.049,0
432.155,5
432.262,12
432.369,0
432.475,18
432.582,7
432.689,14
432.796,22
432.902,1
433.009,78
433.116,156
433.222,68
433.329,0
433.436,0
433.542,2
433.649,0
433.756,0
433.862,21
433.969,29
434.076,10
434.182,0
434.289,2
434.396,6
434.503,30
434.609,37
434.716,33
434.823,30
434.929,9
435.036,0
435.143,3
435.249,0
435.356,0
435.463,0
435.569,0
435.676,6
435.783,5
435.889,68
435.996,62
436.103,22
436.21,29
436.316,117
436.423,80
436.53,26
436.636,169
436.743,218
436.85,138
436.956,4
437.063,0
437.17,0
437.276,14
437.383,0
437.49,0
437.596,81
437.703,136
437.81,50
437.916,37
438.023,0
438.13,0
438.237,13
438.343,38
438.45,32
438.557,0
438.663,0
438.77,6
438.877,0
438.983,1
439.09,0
439.197,23
439.303,91
439.41,70
439.517,10
439.623,7
439.73,12
439.837,0
439.943,0
440.05,91
440.157,92
440.263,37
440.37,79
440.477,49
440.583,0
440.69,2
440.797,0
440.904,0
441.01,0
441.117,3
441.224,0
441.33,0
441.437,0
441.544,4
441.65,16
441.757,0
441.864,0
441.97,0
442.077,14
442.184,0
442.29,3
442.397,7
442.504,6
442.61,12
442.717,35
442.824,0
442.93,0
443.037,13
443.144,22
443.25,7
443.357,6
443.464,13
443.57,7
443.677,15
443.784,0
443.89,19
443.997,16
444.104,8
444.21,0
444.317,0
444.424,0
444.53,54
444.637,22
444.744,11
444.851,0
444.957,12
445.064,0
445.171,0
445.277,7
445.384,2
445.491,0
445.597,0
445.704,22
445.811,3
445.917,40
446.024,2
446.131,0
446.237,0
446.344,4
446.451,32
446.557,4
446.664,29
446.771,24
446.877,8
446.984,45
447.091,50
447.197,45
447.304,0
447.411,0
447.517,3
447.624,5
447.731,6
447.837,20
447.944,13
448.051,0
448.157,4
448.264,0
448.371,6
448.477,8
448.584,0
448.691,25
448.797,0
448.904,13
449.011,14
449.117,4
449.224,12
449.331,9
449.437,0
449.544,19
449.651,33
449.757,0
449.864,0
449.971,0
450.077,0
450.184,8
450.291,6
450.397,20
450.504,0
450.611,0
450.717,19
450.824,0
450.931,28
451.037,65
451.144,44
451.251,0
451.357,0
451.464,11
451.571,20
451.677,0
451.784,2
451.891,0
451.997,0
452.104,11
452.21,0
452.317,29
452.424,21
452.53,0
452.637,0
452.744,21
452.85,0
452.957,0
453.064,0
453.17,0
453.277,0
453.384,0
453.49,0
453.597,14
453.704,0
453.81,0
453.917,25
454.024,3
454.13,0
454.237,0
454.344,0
454.45,29
454.557,18
454.664,0
454.77,24
454.877,0
454.984,0
455.09,0
455.197,44
455.304,35
455.41,4
455.517,6
455.624,0
455.73,0
455.837,0
455.944,0
456.05,19
456.157,29
456.263,2
456.37,15
456.477,0
456.583,9
456.69,0
456.797,0
456.903,0
457.01,0
457.117,29
457.223,0
457.33,8
457.437,14
457.543,3
457.65,0
457.757,0
457.863,0
457.97,0
458.077,0
458.183,0
458.29,0
458.397,16
458.503,2
458.61,0
458.716,38
458.823,99
458.93,70
459.036,20
459.143,3
459.25,34
459.356,6
459.463,29
459.57,0
459.676,20
459.783,8
459.89,2
459.996,2
460.103,20
460.21,11
460.316,17
460.423,0
460.53,7
460.636,0
460.743,24
460.849,12
460.956,18
461.063,73
461.169,44
461.276,0
461.383,0
461.489,28
461.596,1
461.703,0
461.809,35
461.916,124
462.023,95
462.129,34
462.236,28
462.342,19
462.449,0
462.556,0
462.662,0
462.769,0
462.876,0
462.982,0
463.089,5
463.196,17
463.302,0
463.409,0
463.516,15
463.622,0
463.729,12
463.835,88
463.942,80
464.049,28
464.155,18
464.262,2
464.369,0
464.475,0
464.582,0
464.689,7
464.795,0
464.902,29
465.009,28
465.115,20
465.222,14
465.328,10
465.435,2
465.542,8
465.648,0
465.755,0
465.862,28
465.968,28
466.075,6
466.182,0
466.288,8
466.395,10
466.501,10
466.608,3
466.715,0
466.821,16
466.928,0
467.035,8
467.141,0
467.248,10
467.355,11
467.461,28
467.568,0
467.674,20
467.781,1
467.888,0
467.994,0
468.101,5
468.208,4
468.314,3
468.421,22
468.528,15
468.634,8
468.741,2
468.847,30
468.954,0
469.061,5
469.167,5
469.274,17
469.381,78
469.487,85
469.594,19
469.701,0
469.807,0
469.914,6
470.02,0
470.127,8
470.234,0
470.34,0
470.447,20
470.554,3
470.66,24
470.767,0
470.873,0
470.98,27
471.087,0
471.193,5
471.3,0
471.407,0
471.513,0
471.62,2
471.727,0
471.833,0
471.94,15
472.046,2
472.153,0
472.26,0
472.366,16
472.473,3
472.58,5
472.686,0
472.793,1
472.899,0
473.006,0
473.113,0
473.219,17
473.326,0
473.433,0
473.539,2
473.646,5
473.752,125
473.859,160
473.966,66
474.072,28
474.179,0
474.286,0
474.392,0
474.499,0
474.605,10
474.712,0
474.819,0
474.925,2
475.032,2
475.139,0
475.245,11
475.352,0
475.458,0
475.565,12
475.672,15
475.778,0
475.885,0
475.992,0
476.098,10
476.205,0
476.311,0
476.418,0
476.525,16
476.631,2
476.738,2
476.844,0
476.951,0
477.058,0
477.164,8
477.271,0
477.378,10
477.484,7
477.591,6
477.697,0
477.804,23
477.911,9
478.017,0
478.124,0
478.231,24
478.337,19
478.444,0
478.55,23
478.657,18
478.764,0
478.87,8
478.977,26
479.083,0
479.19,6
479.297,28
479.403,0
479.51,0
479.617,0
479.723,9
479.83,0
479.936,0
480.043,22
480.15,9
480.256,0
480.363,7
480.469,28
480.576,0
480.683,0
480.789,0
480.896,0
481.003,0
481.109,0
481.216,9
481.322,8
481.429,14
481.536,0
481.642,9
481.749,0
481.855,5
481.962,4
482.069,0
482.175,0
482.282,5
482.388,0
482.495,0
482.602,0
482.708,6
482.815,14
482.922,2
483.028,0
483.135,37
483.241,20
483.348,0
483.455,0
483.561,12
483.668,0
483.774,11
483.881,0
483.988,2
484.094,6
484.201,0
484.307,0
484.414,25
484.521,6
484.627,0
484.734,0
484.84,0
484.947,4
485.054,0
485.16,0
485.267,13
485.373,22
485.48,29
485.587,34
485.693,0
485.8,1
485.907,27
486.013,0
486.12,0
486.226,8
486.333,32
486.44,0
486.546,14
486.653,22
486.759,3
486.866,0
486.973,3
487.079,0
487.186,31
487.292,47
487.399,0
487.506,0
487.612,0
487.719,12
487.825,0
487.932,0
488.039,1
488.145,5
488.252,32
488.358,0
488.465,0
488.572,0
488.678,6
488.785,19
488.891,0
488.998,0
489.105,2
489.211,0
489.318,7
489.424,0
489.531,2
489.638,3
489.744,8
489.851,23
489.957,0
490.064,0
490.171,0
490.277,4
490.384,0
490.49,0
490.597,0
490.704,0
490.81,0
490.917,0
491.023,0
491.13,13
491.237,17
491.343,8
491.45,0
491.556,0
491.663,9
491.769,0
491.876,0
491.983,0
492.089,19
492.196,16
492.302,0
492.409,14
492.516,14
492.622,0
492.729,0
492.835,14
492.942,0
493.049,0
493.155,0
493.262,0
493.368,0
493.475,32
493.582,24
493.688,0
493.795,0
493.901,0
494.008,34
494.114,15
494.221,0
494.328,21
494.434,0
494.541,0
494.647,10
494.754,24
494.861,7
494.967,15
495.074,0
495.18,25
495.287,0
495.394,16
495.5,10
495.607,4
495.713,0
495.82,0
495.926,0
496.033,0
496.14,15
496.246,3
496.353,0
496.459,0
496.566,27
496.673,14
496.779,0
496.886,0
496.992,15
497.099,0
497.206,1
497.312,0
497.419,24
497.525,7
497.632,0
497.738,0
497.845,56
497.952,32
498.058,0
498.165,3
498.271,0
498.378,0
498.485,0
498.591,0
498.698,0
498.804,0
498.911,0
499.017,21
499.124,1
499.231,11
499.337,0
499.444,0
499.55,0
499.657,0
499.763,8
499.87,0
499.977,0
500.083,6
500.19,0
500.296,0
500.403,10
500.51,20
500.616,37
500.723,0
500.829,0
500.936,6
501.042,15
501.149,0
501.256,0
501.362,33
501.469,16
501.575,1
501.682,0
501.788,0
501.895,2
502.002,0
502.108,0
502.215,19
502.321,27
502.428,0
502.534,0
502.641,0
502.748,0
502.854,0
502.961,23
503.067,0
503.174,30
503.281,73
503.387,69
503.494,19
503.6,0
503.707,4
503.813,89
503.92,195
504.027,102
504.133,29
504.24,0
504.346,0
504.453,0
504.559,0
504.666,6
504.773,37
504.879,1
504.986,2
505.092,0
505.199,0
505.305,8
505.412,2
505.518,0
505.625,22
505.732,0
505.838,0
505.945,4
506.051,0
506.158,0
506.264,6
506.371,1
506.478,32
506.584,54
506.691,47
506.797,0
506.904,0
507.01,0
507.117,136
507.224,180
507.33,63
507.437,7
507.543,0
507.65,0
507.756,5
507.863,0
507.97,1
508.076,0
508.183,6
508.289,0
508.396,0
508.502,15
508.609,15
508.715,12
508.822,2
508.929,0
509.035,4
509.142,0
509.248,0
509.355,1
509.461,28
509.568,66
509.675,59
509.781,0
509.888,0
509.994,0
510.101,0
510.207,21
510.314,0
510.42,0
510.527,0
510.634,0
510.74,15
510.847,14
510.953,0
511.06,6
511.166,6
511.273,0
511.379,0
511.486,18
511.593,8
511.699,31
511.806,25
511.912,0
512.019,0
512.125,0
512.232,21
512.339,8
512.445,0
512.552,6
512.658,22
512.765,20
512.871,5
512.978,5
513.084,24
513.191,0
513.298,0
513.404,0
513.511,0
513.617,5
513.724,8
513.83,0
513.937,9
514.043,60
514.15,76
514.256,71
514.363,15
514.47,0
514.576,0
514.683,84
514.789,82
514.896,6
515.002,2
515.109,0
515.215,4
515.322,0
515.429,3
515.535,0
515.642,0
515.748,13
515.855,0
515.961,0
516.068,0
516.174,2
516.281,37
516.388,16
516.494,16
516.601,22
516.707,0
516.814,21
516.92,0
517.027,0
517.133,0
517.24,18
517.346,21
517.453,0
517.56,2
517.666,10
517.773,13
517.879,13
517.986,0
518.092,0
518.199,28
518.305,0
518.412,0
518.518,0
518.625,0
518.732,18
518.838,131
518.945,49
519.051,0
519.158,13
519.264,15
519.371,0
519.477,0
519.584,0
519.69,0
519.797,0
519.903,0
520.01,4
520.117,0
520.223,0
520.33,0
520.436,0
520.543,2
520.649,3
520.756,0
520.862,17
520.969,0
521.075,0
521.182,14
521.289,0
521.395,0
521.502,0
521.608,6
521.715,19
521.821,0
521.928,0
522.034,13
522.141,5
522.247,4
522.354,0
522.46,8
522.567,2
522.674,4
522.78,0
522.887,0
522.993,8
523.1,10
523.206,13
523.313,22
523.419,15
523.526,14
523.632,20
523.739,0
523.845,0
523.952,20
524.058,0
524.165,0
524.272,0
524.378,12
524.485,0
524.591,0
524.698,0
524.804,10
524.911,0
525.017,28
525.124,12
525.23,0
525.337,0
525.443,26
525.55,0
525.656,0
525.763,5
525.87,3
525.976,8
526.083,0
526.189,0
526.296,2
526.402,0
526.509,0
526.615,0
526.722,9
526.828,0
526.935,0
527.041,47
527.148,8
527.254,10
527.361,16
527.467,0
527.574,3
527.68,0
527.787,0
527.894,0
528,0
528.107,9
528.213,2
528.32,9
528.426,0
528.533,0
528.639,0
528.746,13
528.852,13
528.959,0
529.065,0
529.172,0
529.278,27
529.385,0
529.491,0
529.598,0
529.704,9
529.811,60
529.918,38
530.024,0
530.131,5
530.237,10
530.344,0
530.45,0
530.557,25
530.663,23
530.77,0
530.876,0
530.983,7
531.089,0
531.196,0
531.302,0
531.409,27
531.515,0
531.622,7
531.728,0
531.835,0
531.941,33
532.048,12
532.154,21
532.261,0
532.367,19
532.474,18
532.581,0
532.687,0
532.794,0
532.9,10
533.007,0
533.113,3
533.22,1
533.326,0
533.433,12
533.539,12
533.646,2
533.752,0
533.859,0
533.965,0
534.072,0
534.178,0
534.285,7
534.391,0
534.498,0
534.604,5
534.711,0
534.817,13
534.924,9
535.03,8
535.137,11
535.243,36
535.35,1
535.456,4
535.563,0
535.669,0
535.776,0
535.882,0
535.989,4
536.095,0
536.202,4
536.308,0
536.415,0
536.521,0
536.628,14
536.735,9
536.841,6
536.948,0
537.054,6
537.161,0
537.267,9
537.374,0
537.48,7
537.587,11
537.693,38
537.8,2
537.906,26
538.013,32
538.119,21
538.226,0
538.332,0
538.439,0
538.545,0
538.652,5
538.758,25
538.865,28
538.971,3
539.078,4
539.184,31
539.291,7
539.397,0
539.504,18
539.61,11
539.717,0
539.823,0
539.93,10
540.036,0
540.143,0
540.249,0
540.356,0
540.462,30
540.569,4
540.675,0
540.782,2
540.888,0
540.995,16
541.101,15
541.208,0
541.314,0
541.421,0
541.527,11
541.634,16
541.74,0
541.847,0
541.953,12
542.06,20
542.166,8
542.273,0
542.379,0
542.486,7
542.592,0
542.699,0
542.805,14
542.912,8
543.018,0
543.125,0
543.231,6
543.338,0
543.444,18
543.551,0
543.657,2
543.764,7
543.87,0
543.977,2
544.083,0
544.19,0
544.296,17
544.403,4
544.509,6
544.616,0
544.722,2
544.829,0
544.935,16
545.042,16
545.148,6
545.255,0
545.361,12
545.467,0
545.574,17
545.68,14
545.787,35
545.893,0
546,0
546.106,6
546.213,0
546.319,8
546.426,24
546.532,5
546.639,14
546.745,0
546.852,0
546.958,33
547.065,0
547.171,18
547.278,0
547.384,0
547.491,0
547.597,0
547.704,0
547.81,0
547.917,0
548.023,2
548.13,21
548.236,8
548.343,19
548.449,0
548.556,0
548.662,0
548.769,20
548.875,0
548.982,0
549.088,0
549.195,23
549.301,18
549.408,0
549.514,2
549.62,42
549.727,78
549.833,58
549.94,32
550.046,22
550.153,0
550.259,0
550.366,0
550.472,10
550.579,0
550.685,33
550.792,13
550.898,0
551.005,0
551.111,54
551.218,21
551.324,6
551.431,24
551.537,1
551.644,7
551.75,4
551.857,0
551.963,18
552.07,0
552.176,9
552.282,0
552.389,0
552.495,0
552.602,21
552.708,13
552.815,0
552.921,0
553.028,21
553.134,35
553.241,0
553.347,23
553.454,0
553.56,0
553.667,0
553.773,0
553.88,0
553.986,0
554.093,0
554.199,1
554.305,25
554.412,0
554.518,15
554.625,0
554.731,0
554.838,15
554.944,0
555.051,12
555.157,0
555.264,26
555.37,1
555.477,19
555.583,0
555.69,0
555.796,0
555.903,11
556.009,0
556.115,0
556.222,5
556.328,0
556.435,0
556.541,0
556.648,13
556.754,13
556.861,21
556.967,37
557.074,22
557.18,0
557.287,0
557.393,17
557.5,25
557.606,5
557.713,0
557.819,0
557.925,0
558.032,0
558.138,4
558.245,1
558.351,29
558.458,0
558.564,0
558.671,13
558.777,5
558.884,0
558.99,0
559.097,0
559.203,24
559.309,0
559.416,0
559.522,0
559.629,0
559.735,21
559.842,0
559.948,4
560.055,0
560.161,0
560.268,0
560.374,0
560.481,0
560.587,0
560.693,10
560.8,3
560.906,0
561.013,0
561.119,11
561.226,3
561.332,0
561.439,6
561.545,0
561.652,0
561.758,43
561.864,2
561.971,48
562.077,0
562.184,18
562.29,0
562.397,0
562.503,19
562.61,15
562.716,6
562.823,12
562.929,0
563.035,19
563.142,0
563.248,0
563.355,0
563.461,0
563.568,0
563.674,15
563.781,0
563.887,4
563.994,0
564.1,4
564.206,0
564.313,0
564.419,2
564.526,0
564.632,9
564.739,5
564.845,0
564.952,0
565.058,17
565.165,0
565.271,0
565.377,5
565.484,24
565.59,5
565.697,16
565.803,41
565.91,6
566.016,16
566.123,25
566.229,0
566.335,0
566.442,2
566.548,10
566.655,0
566.761,0
566.868,0
566.974,17
567.081,0
567.187,0
567.293,8
567.4,66
567.506,67
567.613,43
567.719,0
567.826,0
567.932,6
568.039,13
568.145,0
568.251,0
568.358,0
568.464,2
568.571,16
568.677,0
568.784,0
568.89,2
568.997,27
569.103,18
569.209,0
569.316,7
569.422,28
569.529,0
569.635,0
569.742,10
569.848,0
569.955,0
570.061,0
570.167,8
570.274,0
570.38,0
570.487,0
570.593,0
570.7,8
570.806,9
570.912,2
571.019,0
571.125,0
571.232,26
571.338,15
571.445,0
571.551,7
571.658,0
571.764,0
571.87,15
571.977,28
572.083,0
572.19,8
572.296,0
572.403,16
572.509,22
572.615,9
572.722,0
572.828,0
572.935,8
573.041,0
573.148,21
573.254,11
573.36,0
573.467,0
573.573,0
573.68,0
573.786,11
573.893,0
573.999,6
574.105,14
574.212,0
574.318,9
574.425,20
574.531,0
574.638,0
574.744,0
574.85,0
574.957,0
575.063,11
575.17,3
575.276,4
575.383,2
575.489,18
575.595,0
575.702,0
575.808,0
575.915,0
576.021,0
576.128,22
576.234,5
576.34,0
576.447,10
576.553,0
576.66,0
576.766,5
576.873,0
576.979,16
577.085,18
577.192,18
577.298,0
577.405,2
577.511,21
577.618,0
577.724,0
577.83,14
577.937,0
578.043,0
578.15,4
578.256,0
578.363,0
578.469,0
578.575,2
578.682,13
578.788,0
578.895,1
579.001,2
579.107,1
579.214,27
579.32,0
579.427,26
579.533,38
579.64,0
579.746,0
579.852,0
579.959,0
580.065,0
580.172,0
580.278,6
580.384,0
580.491,19
580.597,0
580.704,14
580.81,0
580.917,24
581.023,3
581.129,31
581.236,10
581.342,0
581.449,25
581.555,6
581.661,0
581.768,4
581.874,0
581.981,0
582.087,9
582.193,12
582.3,0
582.406,0
582.513,0
582.619,4
582.726,2
582.832,0
582.938,0
583.045,9
583.151,9
583.258,0
583.364,0
583.47,0
583.577,6
583.683,0
583.79,4
583.896,38
584.002,0
584.109,0
584.215,0
584.322,10
584.428,0
584.535,0
584.641,13
584.747,3
584.854,11
584.96,14
585.067,29
585.173,9
585.279,7
585.386,4
585.492,0
585.599,0
585.705,22
585.811,18
585.918,1
586.024,0
586.131,10
586.237,0
586.343,0
586.45,0
586.556,4
586.663,53
586.769,2
586.875,0
586.982,0
587.088,11
587.195,15
587.301,15
587.407,11
587.514,16
587.62,36
587.727,0
587.833,2
587.939,0
588.046,16
588.152,17
588.259,5
588.365,0
588.471,0
588.578,3
588.684,28
588.791,0
588.897,4
589.003,0
589.11,5
589.216,11
589.323,0
589.429,2
589.535,11
589.642,12
589.748,28
589.855,2
589.961,0
590.067,9
590.174,28
590.28,4
590.387,29
590.493,32
590.599,14
590.706,3
590.812,0
590.918,0
591.025,12
591.131,22
591.238,10
591.344,0
591.45,14
591.557,24
591.663,17
591.77,13
591.876,0
591.982,8
592.089,0
592.195,0
592.302,12
592.408,0
592.514,0
592.621,25
592.727,10
592.834,0
592.94,9
593.046,13
593.153,14
593.259,17
593.365,0
593.472,0
593.578,0
593.685,33
593.791,24
593.897,15
594.004,27
594.11,0
594.217,1
594.323,32
594.429,8
594.536,21
594.642,0
594.748,0
594.855,14
594.961,0
595.068,0
595.174,22
595.28,0
595.387,0
595.493,8
595.6,1
595.706,0
595.812,0
595.919,0
596.025,10
596.131,3
596.238,31
596.344,0
596.451,26
596.557,28
596.663,11
596.77,0
596.876,29
596.982,0
597.089,2
597.195,0
597.302,0
597.408,0
597.514,0
597.621,7
597.727,4
597.833,0
597.94,0
598.046,9
598.153,17
598.259,0
598.365,10
598.472,45
598.578,0
598.685,0
598.791,18
598.897,37
599.004,0
599.11,0
599.216,0
599.323,0
599.429,6
599.535,6
599.642,9
599.748,17
599.855,12
599.961,0
600.067,8
600.174,0
600.28,0
600.386,0
600.493,3
600.599,11
600.706,0
600.812,0
600.918,10
601.025,37
601.131,10
601.237,6
601.344,14
601.45,8
601.557,0
601.663,34
601.769,2
601.876,0
601.982,4
602.088,20
602.195,32
602.301,0
602.407,0
602.514,0
602.62,7
602.727,0
602.833,13
602.939,8
603.046,0
603.152,0
603.258,28
603.365,0
603.471,0
603.577,25
603.684,0
603.79,3
603.897,0
604.003,16
604.109,0
604.216,0
604.322,50
604.428,24
604.535,1
604.641,0
604.747,6
604.854,17
604.96,9
605.067,8
605.173,3
605.279,3
605.386,13
605.492,6
605.598,5
605.705,21
605.811,0
605.917,0
606.024,0
606.13,18
606.236,0
606.343,8
606.449,8
606.556,15
606.662,0
606.768,11
606.875,20
606.981,5
607.087,13
607.194,0
607.3,0
607.406,13
607.513,15
607.619,0
607.725,0
607.832,26
607.938,0
608.045,8
608.151,0
608.257,0
608.364,5
608.47,7
608.576,0
608.683,11
608.789,0
608.895,0
609.002,0
609.108,0
609.214,0
609.321,15
609.427,23
609.533,0
609.64,15
609.746,21
609.852,0
609.959,0
610.065,11
610.172,0
610.278,0
610.384,0
610.491,12
610.597,12
610.703,7
610.81,0
610.916,20
611.022,0
611.129,0
611.235,0
611.341,0
611.448,0
611.554,0
611.66,22
611.767,1
611.873,0
611.979,35
612.086,5
612.192,0
612.298,0
612.405,21
612.511,0
612.617,0
612.724,20
612.83,1
612.936,0
613.043,0
613.149,8
613.255,10
613.362,35
613.468,5
613.575,0
613.681,9
613.787,28
613.894,0
614,0
614.106,0
614.213,34
614.319,28
614.425,18
614.532,36
614.638,65
614.744,23
614.851,0
614.957,45
615.063,35
615.17,13
615.276,0
615.382,0
615.489,0
615.595,27
615.701,4
615.808,0
615.914,12
616.02,48
616.127,15
616.233,5
616.339,6
616.446,32
616.552,20
616.658,0
616.765,0
616.871,5
616.977,0
617.084,12
617.19,0
617.296,0
617.403,12
617.509,12
617.615,6
617.722,0
617.828,56
617.934,36
618.041,32
618.147,0
618.253,8
618.36,0
618.466,0
618.572,0
618.679,4
618.785,34
618.891,15
618.998,8
619.104,8
619.21,0
619.316,0
619.423,0
619.529,12
619.635,27
619.742,0
619.848,2
619.954,0
620.061,8
620.167,8
620.273,13
620.38,25
620.486,0
620.592,0
620.699,6
620.805,0
620.911,0
621.018,21
621.124,0
621.23,0
621.337,25
621.443,0
621.549,0
621.656,0
621.762,17
621.868,0
621.975,8
622.081,0
622.187,20
622.294,43
622.4,12
622.506,17
622.612,0
622.719,5
622.825,22
622.931,7
623.038,51
623.144,34
623.25,17
623.357,33
623.463,36
623.569,10
623.676,0
623.782,0
623.888,21
623.995,0
624.101,0
624.207,3
624.314,8
624.42,14
624.526,68
624.632,59
624.739,30
624.845,0
624.951,0
625.058,0
625.164,0
625.27,4
625.377,0
625.483,0
625.589,55
625.696,28
625.802,0
625.908,6
626.015,6
626.121,4
626.227,13
626.333,30
626.44,0
626.546,7
626.652,3
626.759,8
626.865,10
626.971,2
627.078,2
627.184,14
627.29,15
627.397,21
627.503,0
627.609,22
627.715,5
627.822,0
627.928,25
628.034,28
628.141,16
628.247,2
628.353,4
628.46,16
628.566,6
628.672,16
628.778,11
628.885,16
628.991,41
629.097,40
629.204,5
629.31,22
629.416,0
629.523,8
629.629,4
629.735,20
629.841,16
629.948,5
630.054,3
630.16,19
630.267,24
630.373,15
630.479,2
630.586,58
630.692,47
630.798,22
630.904,0
631.011,0
631.117,0
631.223,0
631.33,15
631.436,0
631.542,0
631.649,20
631.755,5
631.861,14
631.967,0
632.074,0
632.18,19
632.286,14
632.393,0
632.499,0
632.605,14
632.711,12
632.818,0
632.924,3
633.03,0
633.137,0
633.243,29
633.349,17
633.456,0
633.562,2
633.668,23
633.774,12
633.881,0
633.987,0
634.093,5
634.2,0
634.306,0
634.412,0
634.518,0
634.625,43
634.731,2
634.837,70
634.944,76
635.05,14
635.156,0
635.262,0
635.369,1
635.475,11
635.581,6
635.688,10
635.794,0
635.9,23
636.006,0
636.113,0
636.219,32
636.325,16
636.432,0
636.538,18
636.644,7
636.75,0
636.857,0
636.963,0
637.069,2
637.176,11
637.282,0
637.388,0
637.494,37
637.601,10
637.707,0
637.813,0
637.92,0
638.026,13
638.132,8
638.238,0
638.345,2
638.451,35
638.557,3
638.663,0
638.77,3
638.876,36
638.982,24
639.089,0
639.195,7
639.301,0
639.407,0
639.514,0
639.62,12
639.726,16
639.833,30
639.939,0
640.045,7
640.151,26
640.258,28
640.364,11
640.47,0
640.576,11
640.683,20
640.789,0
640.895,1
641.002,4
641.108,0
641.214,18
641.32,0
641.427,3
641.533,10
641.639,10
641.745,0
641.852,17
641.958,6
642.064,12
642.171,16
642.277,3
642.383,6
642.489,17
642.596,7
642.702,1
642.808,16
642.914,3
643.021,0
643.127,0
643.233,0
643.339,11
643.446,1
643.552,0
643.658,11
643.765,0
643.871,14
643.977,6
644.083,0
644.19,5
644.296,0
644.402,15
644.508,8
644.615,0
644.721,88
644.827,65
644.933,41
645.04,20
645.146,0
645.252,0
645.358,8
645.465,0
645.571,2
645.677,4
645.784,23
645.89,0
645.996,0
646.102,2
646.209,17
646.315,0
646.421,0
646.527,0
646.634,0
646.74,0
646.846,52
646.952,20
647.059,26
647.165,0
647.271,0
647.377,17
647.484,9
647.59,8
647.696,0
647.802,0
647.909,0
648.015,8
648.121,17
648.227,5
648.334,3
648.44,0
648.546,31
648.652,3
648.759,6
648.865,0
648.971,0
649.077,30
649.184,17
649.29,0
649.396,22
649.502,0
649.609,4
649.715,28
649.821,46
649.927,2
650.034,0
650.14,0
650.246,7
650.352,3
650.459,3
650.565,11
650.671,0
650.777,7
650.884,4
650.99,1
651.096,0
651.202,9
651.309,0
651.415,0
651.521,9
651.627,21
651.734,7
651.84,14
651.946,0
652.052,11
652.159,4
652.265,2
652.371,6
652.477,0
652.584,0
652.69,17
652.796,0
652.902,0
653.009,10
653.115,0
653.221,0
653.327,28
653.434,21
653.54,7
653.646,4
653.752,0
653.858,0
653.965,13
654.071,25
654.177,0
654.283,0
654.39,2
654.496,0
654.602,14
654.708,0
654.815,0
654.921,26
655.027,1
655.133,0
655.24,8
655.346,6
655.452,0
655.558,19
655.665,4
655.771,4
655.877,17
655.983,35
656.089,4
656.196,19
656.302,12
656.408,0
656.514,1
656.621,15
656.727,30
656.833,0
656.939,23
657.046,0
657.152,0
657.258,0
657.364,0
657.47,18
657.577,59
657.683,0
657.789,0
657.895,0
658.002,14
658.108,8
658.214,0
658.32,7
658.427,0
658.533,6
658.639,24
658.745,0
658.851,0
658.958,0
659.064,9
659.17,28
659.276,28
659.383,25
659.489,4
659.595,6
659.701,0
659.807,1
659.914,0
660.02,21
660.126,0
660.232,0
660.339,2
660.445,32
660.551,36
660.657,19
660.763,35
660.87,1
660.976,58
661.082,77
661.188,45
661.295,0
661.401,0
661.507,6
661.613,16
661.719,0
661.826,0
661.932,27
662.038,91
662.144,74
662.251,31
662.357,13
662.463,0
662.569,16
662.675,35
662.782,0
662.888,2
662.994,10
663.1,22
663.206,20
663.313,25
663.419,30
663.525,33
663.631,27
663.738,15
663.844,6
663.95,26
664.056,10
664.162,11
664.269,0
664.375,0
664.481,0
664.587,0
664.693,19
664.8,19
664.906,0
665.012,82
665.118,155
665.225,85
665.331,8
665.437,0
665.543,0
665.649,0
665.756,16
665.862,10
665.968,13
666.074,40
666.18,116
666.287,165
666.393,94
666.499,16
666.605,37
666.711,24
666.818,11
666.924,0
667.03,3
667.136,5
667.242,0
667.349,1
667.455,0
667.561,23
667.667,4
667.773,4
667.88,0
667.986,0
668.092,21
668.198,36
668.304,1
668.411,29
668.517,29
668.623,0
668.729,4
668.835,0
668.942,10
669.048,12
669.154,17
669.26,0
669.366,0
669.473,6
669.579,37
669.685,0
669.791,0
669.897,0
670.004,13
670.11,2
670.216,18
670.322,22
670.428,0
670.535,14
670.641,0
670.747,0
670.853,0
670.959,12
671.066,16
671.172,0
671.278,18
671.384,0
671.49,0
671.597,0
671.703,36
671.809,83
671.915,9
672.021,23
672.128,137
672.234,173
672.34,184
672.446,98
672.552,35
672.658,16
672.765,0
672.871,0
672.977,0
673.083,13
673.189,6
673.296,10
673.402,16
673.508,0
673.614,0
673.72,0
673.827,20
673.933,166
674.039,131
674.145,45
674.251,3
674.357,0
674.464,0
674.57,0
674.676,0
674.782,14
674.888,29
674.995,10
675.101,0
675.207,0
675.313,23
675.419,0
675.526,8
675.632,14
675.738,16
675.844,140
675.95,209
676.056,128
676.163,34
676.269,0
676.375,0
676.481,0
676.587,0
676.693,53
676.8,107
676.906,23
677.012,40
677.118,10
677.224,9
677.331,0
677.437,24
677.543,0
677.649,2
677.755,4
677.861,8
677.968,0
678.074,0
678.18,7
678.286,17
678.392,6
678.498,0
678.605,0
678.711,38
678.817,5
678.923,0
679.029,0
679.136,22
679.242,14
679.348,0
679.454,0
679.56,16
679.666,6
679.773,0
679.879,0
679.985,8
680.091,22
680.197,0
680.303,10
680.41,9
680.516,45
680.622,85
680.728,41
680.834,30
680.94,8
681.047,66
681.153,30
681.259,3
681.365,30
681.471,0
681.577,20
681.684,0
681.79,0
681.896,2
682.002,20
682.108,0
682.214,3
682.321,12
682.427,23
682.533,5
682.639,0
682.745,9
682.851,13
682.958,0
683.064,18
683.17,10
683.276,0
683.382,0
683.488,3
683.595,0
683.701,17
683.807,0
683.913,29
684.019,13
684.125,8
684.231,38
684.338,0
684.444,3
684.55,8
684.656,9
684.762,7
684.868,0
684.975,13
685.081,3
685.187,0
685.293,2
685.399,0
685.505,0
685.611,11
685.718,23
685.824,14
685.93,6
686.036,2
686.142,9
686.248,5
686.355,0
686.461,17
686.567,27
686.673,0
686.779,0
686.885,0
686.991,0
687.098,0
687.204,9
687.31,0
687.416,11
687.522,0
687.628,3
687.735,0
687.841,0
687.947,0
688.053,0
688.159,0
688.265,0
688.371,0
688.478,10
688.584,16
688.69,38
688.796,24
688.902,30
689.008,0
689.114,0
689.221,0
689.327,30
689.433,0
689.539,61
689.645,224
689.751,166
689.857,128
689.964,52
690.07,7
690.176,0
690.282,0
690.388,0
690.494,11
690.6,4
690.707,0
690.813,0
690.919,0
691.025,17
691.131,0
691.237,0
691.343,6
691.45,17
691.556,0
691.662,8
691.768,10
691.874,0
691.98,0
692.086,0
692.193,0
692.299,0
692.405,0
692.511,0
692.617,19
692.723,11
692.829,0
692.935,1
693.042,0
693.148,28
693.254,10
693.36,0
693.466,0
693.572,10
693.678,25
693.785,10
693.891,6
693.997,15
694.103,0
694.209,0
694.315,0
694.421,21
694.527,0
694.634,6
694.74,10
694.846,0
694.952,3
695.058,5
695.164,8
695.27,23
695.376,10
695.483,256
695.589,257
695.695,104
695.801,2
695.907,0
696.013,0
696.119,0
696.225,0
696.332,0
696.438,14
696.544,1
696.65,0
696.756,0
696.862,23
696.968,0
697.074,0
697.181,18
697.287,20
697.393,19
697.499,16
697.605,0
697.711,30
697.817,0
697.923,13
698.03,0
698.136,0
698.242,0
698.348,16
698.454,0
698.56,0
698.666,4
698.772,0
698.879,0
698.985,13
699.091,0
699.197,0
699.303,0
699.409,0
699.515,0
