59.6745,24
59.7814,0
59.8883,36
59.9952,20
60.1021,11
60.209,13
60.3159,0
60.4228,30
60.5296,26
60.6365,12
60.7434,10
60.8503,0
60.9572,14
61.0641,5
61.171,2
61.2779,4
61.3848,11
61.4917,0
61.5986,17
61.7055,18
61.8124,0
61.9193,0
62.0261,0
62.133,19
62.2399,18
62.3468,14
62.4537,0
62.5606,5
62.6675,3
62.7744,1
62.8813,6
62.9882,8
63.0951,0
63.202,32
63.3089,32
63.4158,20
63.5226,9
63.6295,0
63.7364,15
63.8433,0
63.9502,0
64.0571,34
64.164,35
64.2709,11
64.3778,0
64.4847,18
64.5916,42
64.6985,7
64.8054,0
64.9123,0
65.0192,2
65.1261,23
65.2329,5
65.3398,12
65.4467,35
65.5536,31
65.6605,14
65.7674,0
65.8743,24
65.9812,7
66.0881,0
66.195,0
66.3019,18
66.4088,0
66.5157,23
66.6226,0
66.7295,4
66.8364,2
66.9433,5
67.0502,0
67.157,14
67.2639,29
67.3708,15
67.4777,12
67.5846,30
67.6915,12
67.7984,0
67.9053,0
68.0122,0
68.1191,17
68.226,0
68.3329,0
68.4398,10
68.5467,27
68.6536,12
68.7605,5
68.8674,29
68.9743,16
69.0812,0
69.1881,20
69.295,0
69.4018,0
69.5087,0
69.6156,5
69.7225,9
69.8294,4
69.9363,1
70.0432,0
70.1501,26
70.257,3
70.3639,0
70.4708,0
70.5777,13
70.6846,31
70.7915,0
70.8984,0
71.0053,0
71.1122,4
71.2191,20
71.326,0
71.4329,0
71.5398,17
71.6467,25
71.7536,26
71.8605,8
71.9674,0
72.0742,12
72.1811,4
72.288,8
72.3949,0
72.5018,0
72.6087,0
72.7156,0
72.8225,0
72.9294,13
73.0363,0
73.1432,12
73.2501,21
73.357,12
73.4639,0
73.5708,0
73.6777,0
73.7846,0
73.8915,0
73.9984,4
74.1053,0
74.2122,0
74.3191,0
74.426,1
74.5329,26
74.6398,0
74.7467,20
74.8536,16
74.9605,0
75.0674,7
75.1743,38
75.2812,0
75.3881,0
75.495,32
75.6019,18
75.7088,0
75.8157,3
75.9225,18
76.0294,0
76.1363,0
76.2432,7
76.3501,0
76.457,0
76.5639,19
76.6708,31
76.7777,0
76.8846,26
76.9915,0
77.0984,2
77.2053,12
77.3122,0
77.4191,29
77.526,2
77.6329,9
77.7398,14
77.8467,13
77.9536,0
78.0605,8
78.1674,0
78.2743,3
78.3812,0
78.4881,12
78.595,6
78.7019,0
78.8088,6
78.9157,0
79.0226,0
79.1295,0
79.2364,11
79.3433,5
79.4502,26
79.5571,46
79.664,16
79.7709,10
79.8778,0
79.9847,4
80.0916,0
80.1985,4
80.3054,0
80.4123,11
80.5192,15
80.6261,0
80.733,26
80.8399,28
80.9468,2
81.0537,0
81.1606,0
81.2675,53
81.3744,35
81.4813,0
81.5882,0
81.6951,0
81.802,13
81.9089,26
82.0158,28
82.1227,0
82.2296,2
82.3365,15
82.4434,0
82.5503,4
82.6572,24
82.7641,12
82.871,17
82.9779,19
83.0848,0
83.1917,2
83.2986,8
83.4055,14
83.5124,12
83.6193,6
83.7262,13
83.8331,0
83.94,16
84.0469,1
84.1538,5
84.2607,1
84.3676,15
84.4745,0
84.5814,0
84.6883,19
84.7952,0
84.9021,0
85.009,10
85.1159,0
85.2228,4
85.3297,0
85.4366,6
85.5435,15
85.6504,0
85.7573,0
85.8642,1
85.9711,12
86.078,0
86.1849,0
86.2918,15
86.3987,2
86.5056,32
86.6125,22
86.7194,17
86.8263,0
86.9332,0
87.0401,10
87.147,0
87.2539,0
87.3608,22
87.4677,8
87.5746,0
87.6815,0
87.7884,0
87.8953,18
88.0022,21
88.1091,3
88.216,2
88.3229,1
88.4298,9
88.5367,15
88.6436,0
88.7505,0
88.8574,3
88.9643,1
89.0712,0
89.1781,2
89.285,5
89.3919,0
89.4988,16
89.6057,29
89.7126,21
89.8195,0
89.9264,12
90.0334,2
90.1403,16
90.2472,1
90.3541,0
90.461,11
90.5679,0
90.6748,0
90.7817,13
90.8886,6
90.9955,3
91.1024,0
91.2093,0
91.3162,20
91.4231,14
91.53,0
91.6369,0
91.7438,10
91.8507,0
91.9576,51
92.0645,29
92.1714,0
92.2783,18
92.3852,0
92.4921,1
92.599,0
92.7059,0
92.8128,21
92.9197,20
93.0266,0
93.1335,7
93.2404,18
93.3473,8
93.4542,0
93.5611,0
93.668,17
93.7749,0
93.8818,0
93.9887,0
94.0956,22
94.2025,39
94.3095,0
94.4164,12
94.5233,23
94.6302,6
94.7371,23
94.844,0
94.9509,0
95.0578,0
95.1647,0
95.2716,0
95.3785,4
95.4854,0
95.5923,26
95.6992,32
95.8061,0
95.913,9
96.0199,21
96.1268,9
96.2337,2
96.3406,4
96.4475,15
96.5544,3
96.6613,3
96.7682,6
96.8751,0
96.982,33
97.0889,0
97.1958,10
97.3027,4
97.4097,4
97.5166,0
97.6235,9
97.7304,21
97.8373,0
97.9442,18
98.0511,29
98.158,60
98.2649,0
98.3718,0
98.4787,17
98.5856,9
98.6925,0
98.7994,0
98.9063,0
99.0132,12
99.1201,0
99.227,2
99.3339,0
99.4408,20
99.5477,29
99.6546,12
99.7615,0
99.8684,14
99.9753,5
100.082,0
100.189,18
100.296,3
100.403,0
100.51,17
100.617,0
100.724,5
100.831,9
100.937,0
101.044,7
101.151,2
101.258,32
101.365,0
101.472,7
101.579,2
101.686,2
101.793,2
101.9,5
102.007,17
102.113,25
102.22,21
102.327,0
102.434,5
102.541,0
102.648,29
102.755,34
102.862,7
102.969,0
103.076,21
103.182,15
103.289,0
103.396,0
103.503,0
103.61,18
103.717,25
103.824,0
103.931,0
104.038,0
104.145,21
104.252,11
104.358,32
104.465,14
104.572,8
104.679,8
104.786,14
104.893,0
105,0
105.107,18
105.214,0
105.321,0
105.427,0
105.534,3
105.641,0
105.748,21
105.855,12
105.962,15
106.069,40
106.176,0
106.283,21
106.39,0
106.497,7
106.603,0
106.71,14
106.817,12
106.924,0
107.031,0
107.138,0
107.245,10
107.352,17
107.459,0
107.566,0
107.673,29
107.779,21
107.886,0
107.993,23
108.1,0
108.207,0
108.314,44
108.421,8
108.528,7
108.635,0
108.742,0
108.848,0
108.955,2
109.062,19
109.169,0
109.276,25
109.383,17
109.49,19
109.597,0
109.704,25
109.811,19
109.918,19
110.024,5
110.131,7
110.238,1
110.345,0
110.452,23
110.559,11
110.666,0
110.773,0
110.88,3
110.987,12
111.094,6
111.2,4
111.307,0
111.414,21
111.521,13
111.628,0
111.735,0
111.842,16
111.949,6
112.056,27
112.163,13
112.269,0
112.376,16
112.483,24
112.59,26
112.697,0
112.804,3
112.911,0
113.018,0
113.125,0
113.232,0
113.339,33
113.445,32
113.552,0
113.659,0
113.766,4
113.873,12
113.98,21
114.087,0
114.194,0
114.301,13
114.408,4
114.515,0
114.621,23
114.728,3
114.835,4
114.942,0
115.049,8
115.156,24
115.263,2
115.37,0
115.477,14
115.584,11
115.69,25
115.797,2
115.904,32
116.011,13
116.118,0
116.225,13
116.332,0
116.439,0
116.546,13
116.653,0
116.76,0
116.866,0
116.973,0
117.08,22
117.187,6
117.294,16
117.401,16
117.508,4
117.615,4
117.722,7
117.829,0
117.936,13
118.042,0
118.149,6
118.256,17
118.363,19
118.47,0
118.577,6
118.684,0
118.791,28
118.898,0
119.005,6
119.112,35
119.218,0
119.325,0
119.432,18
119.539,3
119.646,9
119.753,0
119.86,0
119.967,8
120.074,3
120.181,2
120.287,6
120.394,0
120.501,0
120.608,0
120.715,45
120.822,36
120.929,0
121.036,0
121.143,0
121.25,21
121.357,16
121.463,26
121.57,23
121.677,4
121.784,0
121.891,0
121.998,8
122.105,11
122.212,27
122.319,8
122.426,22
122.533,0
122.639,0
122.746,18
122.853,16
122.96,8
123.067,0
123.174,4
123.281,8
123.388,4
123.495,0
123.602,0
123.709,0
123.815,11
123.922,9
124.029,27
124.136,41
124.243,17
124.35,0
124.457,0
124.564,0
124.671,0
124.778,26
124.885,36
124.991,0
125.098,22
125.205,0
125.312,7
125.419,0
125.526,8
125.633,8
125.74,0
125.847,0
125.954,0
126.061,0
126.167,4
126.274,52
126.381,13
126.488,0
126.595,0
126.702,3
126.809,0
126.916,0
127.023,25
127.13,14
127.236,0
127.343,2
127.45,2
127.557,11
127.664,7
127.771,20
127.878,0
127.985,0
128.092,11
128.199,7
128.306,0
128.412,0
128.519,13
128.626,22
128.733,25
128.84,0
128.947,0
129.054,0
129.161,0
129.268,0
129.375,22
129.482,0
129.588,3
129.695,0
129.802,0
129.909,6
130.016,6
130.123,0
130.23,16
130.337,7
130.444,0
130.551,9
130.658,24
130.764,0
130.871,0
130.978,1
131.085,17
131.192,14
131.299,0
131.406,8
131.513,0
131.62,18
131.727,32
131.834,9
131.94,0
132.047,19
132.154,0
132.261,9
132.368,14
132.475,0
132.582,0
132.689,0
132.796,17
132.903,15
133.01,0
133.116,0
133.223,0
133.33,3
133.437,18
133.544,0
133.651,0
133.758,17
133.865,10
133.972,26
134.079,14
134.186,0
134.292,0
134.399,26
134.506,0
134.613,0
134.72,43
134.827,39
134.934,0
135.041,12
135.148,6
135.255,0
135.362,2
135.468,22
135.575,0
135.682,0
135.789,3
135.896,1
136.003,8
136.11,1
136.217,15
136.324,0
136.431,0
136.538,0
136.644,7
136.751,7
136.858,0
136.965,0
137.072,22
137.179,22
137.286,8
137.393,0
137.5,13
137.607,0
137.714,0
137.82,13
137.927,5
138.034,0
138.141,6
138.248,6
138.355,0
138.462,41
138.569,24
138.676,0
138.783,3
138.89,15
138.996,0
139.103,21
139.21,0
139.317,11
139.424,0
139.531,0
139.638,0
139.745,0
139.852,18
139.959,0
140.065,5
140.172,9
140.279,23
140.386,1
140.493,0
140.6,41
140.707,9
140.814,0
140.921,17
141.028,7
141.135,0
141.241,0
141.348,9
141.455,0
141.562,0
141.669,13
141.776,12
141.883,24
141.99,11
142.097,28
142.204,24
142.311,0
142.417,21
142.524,0
142.631,0
142.738,1
142.845,0
142.952,11
143.059,0
143.166,19
143.273,0
143.38,0
143.487,18
143.593,0
143.7,10
143.807,0
143.914,10
144.021,15
144.128,0
144.235,0
144.342,14
144.449,23
144.556,6
144.663,0
144.769,4
144.876,4
144.983,9
145.09,8
145.197,0
145.304,0
145.411,55
145.518,32
145.625,0
145.732,0
145.839,0
145.945,0
146.052,3
146.159,19
146.266,16
146.373,6
146.48,9
146.587,1
146.694,27
146.801,10
146.908,19
147.015,8
147.121,33
147.228,0
147.335,0
147.442,9
147.549,23
147.656,30
147.763,0
147.87,20
147.977,28
148.084,1
148.191,11
148.297,22
148.404,3
148.511,8
148.618,1
148.725,19
148.832,2
148.939,22
149.046,0
149.153,0
149.26,7
149.367,5
149.473,0
149.58,2
149.687,0
149.794,23
149.901,0
150.008,0
150.115,23
150.222,22
150.329,0
150.436,14
150.543,0
150.649,17
150.756,12
150.863,21
150.97,0
151.077,9
151.184,8
151.291,8
151.398,0
151.505,0
151.612,21
151.719,0
151.825,20
151.932,9
152.039,4
152.146,4
152.253,0
152.36,0
152.467,20
152.574,17
152.681,0
152.788,20
152.894,26
153.001,0
153.108,0
153.215,1
153.322,0
153.429,5
153.536,2
153.643,40
153.75,0
153.857,15
153.964,9
154.07,0
154.177,0
154.284,16
154.391,28
154.498,39
154.605,0
154.712,0
154.819,13
154.926,14
155.033,0
155.14,0
155.246,20
155.353,0
155.46,0
155.567,0
155.674,0
155.781,2
155.888,0
155.995,0
156.102,56
156.209,28
156.316,14
156.422,0
156.529,14
156.636,0
156.743,1
156.85,9
156.957,12
157.064,7
157.171,0
157.278,0
157.385,32
157.492,9
157.598,4
157.705,0
157.812,0
157.919,25
158.026,26
158.133,0
158.24,13
158.347,0
158.454,0
158.561,0
158.668,2
158.774,0
158.881,0
158.988,4
159.095,26
159.202,14
159.309,0
159.416,18
159.523,5
159.63,16
159.737,14
159.844,0
159.95,13
160.057,1
160.164,8
160.271,5
160.378,0
160.485,0
160.592,2
160.699,6
160.806,2
160.913,32
161.019,0
161.126,6
161.233,22
161.34,37
161.447,0
161.554,4
161.661,34
161.768,12
161.875,6
161.982,0
162.089,5
162.195,0
162.302,0
162.409,0
162.516,0
162.623,14
162.73,2
162.837,0
162.944,23
163.051,16
163.158,0
163.265,26
163.371,0
163.478,4
163.585,6
163.692,6
163.799,9
163.906,16
164.013,3
164.12,0
164.227,0
164.334,2
164.441,2
164.547,3
164.654,0
164.761,0
164.868,8
164.975,20
165.082,1
165.189,6
165.296,19
165.403,0
165.51,0
165.616,16
165.723,0
165.83,0
165.937,4
166.044,6
166.151,25
166.258,0
166.365,0
166.472,31
166.579,0
166.686,0
166.792,22
166.899,26
167.006,0
167.113,4
167.22,12
167.327,4
167.434,15
167.541,13
167.648,7
167.755,0
167.862,2
167.968,0
168.075,13
168.182,3
168.289,15
168.396,0
168.503,5
168.61,9
168.717,18
168.824,0
168.931,0
169.037,5
169.144,13
169.251,4
169.358,0
169.465,14
169.572,0
169.679,7
169.786,10
169.893,24
170,3
170.107,0
170.213,11
170.32,7
170.427,0
170.534,0
170.641,0
170.748,11
170.855,10
170.962,0
171.069,0
171.176,1
171.283,0
171.389,0
171.496,0
171.603,6
171.71,0
171.817,0
171.924,0
172.031,0
172.138,7
172.245,0
172.352,0
172.458,30
172.565,1
172.672,11
172.779,4
172.886,0
172.993,16
173.1,0
173.207,7
173.314,32
173.421,0
173.528,15
173.634,36
173.741,0
173.848,13
173.955,0
174.062,7
174.169,10
174.276,18
174.383,0
174.49,0
174.597,0
174.704,0
174.81,10
174.917,0
175.024,6
175.131,0
175.238,0
175.345,0
175.452,11
175.559,0
175.666,0
175.773,12
175.879,4
175.986,0
176.093,24
176.2,0
176.307,0
176.414,8
176.521,11
176.628,0
176.735,3
176.842,18
176.949,27
177.055,0
177.162,0
177.269,0
177.376,6
177.483,19
177.59,32
177.697,9
177.804,9
177.911,10
178.018,0
178.124,0
178.231,0
178.338,0
178.445,0
178.552,3
178.659,7
178.766,0
178.873,0
178.98,48
179.087,2
179.194,0
179.3,0
179.407,2
179.514,28
179.621,0
179.728,0
179.835,13
179.942,19
180.049,0
180.156,10
180.263,21
180.369,20
180.476,10
180.583,0
180.69,20
180.797,0
180.904,16
181.011,10
181.118,0
181.225,2
181.332,4
181.439,36
181.545,69
181.652,39
181.759,2
181.866,0
181.973,6
182.08,14
182.187,0
182.294,0
182.401,0
182.508,0
182.614,0
182.721,10
182.828,0
182.935,0
183.042,0
183.149,4
183.256,17
183.363,14
183.47,0
183.577,0
183.683,6
183.79,3
183.897,9
184.004,36
184.111,9
184.218,3
184.325,13
184.432,16
184.539,0
184.646,36
184.753,22
184.859,54
184.966,42
185.073,0
185.18,1
185.287,9
185.394,2
185.501,52
185.608,65
185.715,11
185.822,0
185.928,0
186.035,0
186.142,14
186.249,0
186.356,0
186.463,0
186.57,2
186.677,2
186.784,0
186.891,0
186.997,7
187.104,27
187.211,17
187.318,36
187.425,0
187.532,0
187.639,2
187.746,15
187.853,0
187.96,6
188.067,0
188.173,42
188.28,6
188.387,7
188.494,0
188.601,0
188.708,13
188.815,32
188.922,0
189.029,12
189.136,8
189.242,23
189.349,0
189.456,10
189.563,13
189.67,0
189.777,0
189.884,0
189.991,10
190.098,0
190.205,0
190.311,0
190.418,0
190.525,0
190.632,18
190.739,44
190.846,114
190.953,86
191.06,33
191.167,0
191.274,2
191.38,14
191.487,0
191.594,0
191.701,3
191.808,18
191.915,2
192.022,0
192.129,3
192.236,11
192.343,21
192.45,10
192.556,0
192.663,0
192.77,0
192.877,0
192.984,5
193.091,0
193.198,0
193.305,0
193.412,4
193.519,19
193.625,23
193.732,0
193.839,0
193.946,8
194.053,0
194.16,0
194.267,20
194.374,0
194.481,0
194.588,13
194.694,0
194.801,8
194.908,0
195.015,11
195.122,34
195.229,9
195.336,0
195.443,0
195.55,8
195.657,0
195.763,9
195.87,0
195.977,4
196.084,7
196.191,7
196.298,0
196.405,1
196.512,6
196.619,45
196.726,0
196.832,4
196.939,13
197.046,4
197.153,5
197.26,0
197.367,4
197.474,24
197.581,33
197.688,0
197.795,0
197.901,0
198.008,0
198.115,13
198.222,14
198.329,10
198.436,0
198.543,22
198.65,0
198.757,0
198.864,43
198.97,46
199.077,0
199.184,0
199.291,0
199.398,21
199.505,0
199.612,0
199.719,6
199.826,23
199.933,0
200.039,10
200.146,15
200.253,0
200.36,9
200.467,0
200.574,10
200.681,0
200.788,22
200.895,2
201.002,5
201.108,0
201.215,0
201.322,2
201.429,9
201.536,4
201.643,0
201.75,13
201.857,0
201.964,25
202.071,0
202.177,24
202.284,6
202.391,0
202.498,0
202.605,8
202.712,9
202.819,4
202.926,0
203.033,0
203.14,19
203.246,5
203.353,0
203.46,26
203.567,6
203.674,1
203.781,15
203.888,26
203.995,0
204.102,0
204.208,0
204.315,0
204.422,4
204.529,0
204.636,0
204.743,0
204.85,0
204.957,6
205.064,67
205.171,33
205.277,0
205.384,7
205.491,0
205.598,0
205.705,0
205.812,0
205.919,2
206.026,0
206.133,0
206.24,0
206.346,21
206.453,0
206.56,0
206.667,26
206.774,2
206.881,19
206.988,0
207.095,11
207.202,6
207.309,0
207.415,12
207.522,0
207.629,0
207.736,5
207.843,0
207.95,4
208.057,0
208.164,19
208.271,1
208.377,0
208.484,6
208.591,5
208.698,0
208.805,1
208.912,0
209.019,22
209.126,13
209.233,2
209.34,0
209.446,0
209.553,26
209.66,29
209.767,1
209.874,0
209.981,11
210.088,39
210.195,0
210.302,0
210.409,15
210.515,0
210.622,0
210.729,0
210.836,13
210.943,0
211.05,20
211.157,30
211.264,0
211.371,0
211.477,6
211.584,18
211.691,21
211.798,0
211.905,18
212.012,6
212.119,0
212.226,0
212.333,0
212.44,0
212.546,3
212.653,19
212.76,0
212.867,0
212.974,0
213.081,0
213.188,0
213.295,0
213.402,5
213.508,0
213.615,0
213.722,21
213.829,13
213.936,0
214.043,0
214.15,0
214.257,0
214.364,0
214.471,0
214.577,3
214.684,2
214.791,19
214.898,9
215.005,13
215.112,0
215.219,24
215.326,25
215.433,17
215.539,0
215.646,0
215.753,9
215.86,26
215.967,0
216.074,0
216.181,0
216.288,34
216.395,1
216.502,0
216.608,8
216.715,0
216.822,9
216.929,6
217.036,0
217.143,0
217.25,11
217.357,17
217.464,16
217.57,0
217.677,0
217.784,0
217.891,0
217.998,25
218.105,0
218.212,0
218.319,2
218.426,0
218.532,0
218.639,2
218.746,0
218.853,5
218.96,32
219.067,0
219.174,19
219.281,2
219.388,10
219.495,0
219.601,0
219.708,0
219.815,3
219.922,21
220.029,0
220.136,0
220.243,55
220.35,57
220.457,0
220.563,0
220.67,0
220.777,19
220.884,5
220.991,0
221.098,2
221.205,7
221.312,1
221.419,0
221.525,0
221.632,2
221.739,1
221.846,0
221.953,0
222.06,35
222.167,0
222.274,0
222.381,0
222.488,4
222.594,18
222.701,25
222.808,16
222.915,26
223.022,5
223.129,0
223.236,0
223.343,21
223.45,4
223.556,4
223.663,15
223.77,14
223.877,0
223.984,0
224.091,10
224.198,0
224.305,0
224.412,0
224.518,0
224.625,7
224.732,1
224.839,13
224.946,21
225.053,9
225.16,9
225.267,9
225.374,8
225.48,0
225.587,0
225.694,0
225.801,0
225.908,2
226.015,0
226.122,16
226.229,4
226.336,0
226.442,0
226.549,4
226.656,24
226.763,7
226.87,0
226.977,5
227.084,22
227.191,0
227.298,0
227.404,1
227.511,9
227.618,0
227.725,16
227.832,0
227.939,0
228.046,16
228.153,0
228.26,4
228.366,0
228.473,25
228.58,0
228.687,0
228.794,0
228.901,2
229.008,43
229.115,48
229.222,10
229.328,0
229.435,7
229.542,26
229.649,0
229.756,0
229.863,0
229.97,0
230.077,6
230.184,24
230.29,2
230.397,7
230.504,0
230.611,0
230.718,0
230.825,0
230.932,63
231.039,48
231.146,0
231.252,1
231.359,0
231.466,2
231.573,0
231.68,3
231.787,32
231.894,26
232.001,0
232.108,6
232.214,4
232.321,0
232.428,0
232.535,2
232.642,3
232.749,8
232.856,13
232.963,0
233.07,18
233.176,10
233.283,13
233.39,0
233.497,20
233.604,2
233.711,0
233.818,0
233.925,5
234.031,0
234.138,0
234.245,2
234.352,32
234.459,70
234.566,23
234.673,28
234.78,0
234.887,0
234.993,0
235.1,0
235.207,22
235.314,0
235.421,0
235.528,23
235.635,0
235.742,8
235.849,0
235.955,0
236.062,2
236.169,4
236.276,1
236.383,7
236.49,0
236.597,0
236.704,0
236.81,0
236.917,0
237.024,2
237.131,0
237.238,0
237.345,0
237.452,0
237.559,8
237.666,0
237.772,16
237.879,1
237.986,14
238.093,7
238.2,0
238.307,0
238.414,5
238.521,13
238.628,94
238.734,139
238.841,77
238.948,16
239.055,9
239.162,19
239.269,12
239.376,8
239.483,24
239.589,24
239.696,2
239.803,0
239.91,0
240.017,0
240.124,19
240.231,0
240.338,0
240.445,0
240.551,14
240.658,34
240.765,0
240.872,26
240.979,1
241.086,5
241.193,2
241.3,3
241.406,0
241.513,0
241.62,33
241.727,6
241.834,4
241.941,0
242.048,0
242.155,10
242.262,23
242.368,2
242.475,13
242.582,2
242.689,42
242.796,8
242.903,0
243.01,0
243.117,24
243.223,8
243.33,0
243.437,0
243.544,0
243.651,0
243.758,0
243.865,11
243.972,26
244.079,8
244.185,6
244.292,5
244.399,31
244.506,0
244.613,11
244.72,13
244.827,0
244.934,0
245.04,34
245.147,0
245.254,0
245.361,2
245.468,16
245.575,0
245.682,24
245.789,0
245.896,22
246.002,13
246.109,0
246.216,17
246.323,2
246.43,0
246.537,0
246.644,32
246.751,12
246.857,32
246.964,0
247.071,0
247.178,20
247.285,33
247.392,0
247.499,30
247.606,0
247.712,4
247.819,2
247.926,0
248.033,2
248.14,0
248.247,30
248.354,8
248.461,7
248.567,0
248.674,21
248.781,19
248.888,0
248.995,3
249.102,11
249.209,14
249.316,0
249.423,12
249.529,0
249.636,0
249.743,13
249.85,23
249.957,0
250.064,9
250.171,1
250.278,0
250.384,0
250.491,0
250.598,14
250.705,0
250.812,0
250.919,6
251.026,32
251.133,12
251.239,0
251.346,0
251.453,11
251.56,11
251.667,25
251.774,38
251.881,138
251.988,113
252.094,0
252.201,0
252.308,28
252.415,40
252.522,31
252.629,6
252.736,0
252.843,29
252.949,5
253.056,0
253.163,0
253.27,2
253.377,12
253.484,5
253.591,14
253.698,0
253.804,26
253.911,8
254.018,19
254.125,4
254.232,0
254.339,15
254.446,0
254.553,3
254.659,30
254.766,22
254.873,15
254.98,0
255.087,0
255.194,9
255.301,10
255.408,101
255.514,100
255.621,19
255.728,4
255.835,0
255.942,5
256.049,0
256.156,14
256.263,7
256.369,2
256.476,1
256.583,26
256.69,0
256.797,0
256.904,0
257.011,16
257.118,19
257.224,6
257.331,13
257.438,39
257.545,32
257.652,16
257.759,11
257.866,0
257.973,0
258.079,0
258.186,12
258.293,12
258.4,0
258.507,0
258.614,0
258.721,13
258.828,0
258.934,8
259.041,14
259.148,18
259.255,5
259.362,0
259.469,0
259.576,18
259.683,0
259.789,0
259.896,0
260.003,0
260.11,14
260.217,0
260.324,0
260.431,14
260.537,1
260.644,0
260.751,0
260.858,29
260.965,0
261.072,0
261.179,0
261.286,15
261.392,3
261.499,0
261.606,0
261.713,0
261.82,15
261.927,0
262.034,0
262.141,7
262.247,20
262.354,13
262.461,15
262.568,8
262.675,6
262.782,0
262.889,0
262.996,0
263.102,33
263.209,17
263.316,14
263.423,30
263.53,14
263.637,1
263.744,0
263.85,7
263.957,11
264.064,0
264.171,0
264.278,21
264.385,0
264.492,0
264.599,7
264.705,0
264.812,0
264.919,41
265.026,13
265.133,0
265.24,0
265.347,36
265.454,0
265.56,0
265.667,30
265.774,0
265.881,11
265.988,0
266.095,37
266.202,35
266.308,0
266.415,3
266.522,8
266.629,8
266.736,0
266.843,0
266.95,22
267.057,21
267.163,0
267.27,0
267.377,0
267.484,7
267.591,7
267.698,17
267.805,15
267.911,0
268.018,0
268.125,3
268.232,9
268.339,0
268.446,0
268.553,0
268.66,0
268.766,28
268.873,50
268.98,9
269.087,0
269.194,0
269.301,4
269.408,0
269.514,3
269.621,15
269.728,0
269.835,0
269.942,0
270.049,49
270.156,0
270.263,0
270.369,0
270.476,2
270.583,7
270.69,0
270.797,0
270.904,17
271.011,11
271.117,5
271.224,0
271.331,29
271.438,0
271.545,12
271.652,0
271.759,12
271.866,11
271.972,1
272.079,6
272.186,3
272.293,10
272.4,16
272.507,16
272.614,0
272.72,0
272.827,0
272.934,1
273.041,0
273.148,0
273.255,6
273.362,0
273.468,21
273.575,0
273.682,45
273.789,25
273.896,1
274.003,0
274.11,0
274.217,0
274.323,11
274.43,0
274.537,15
274.644,2
274.751,0
274.858,28
274.965,0
275.071,0
275.178,6
275.285,0
275.392,14
275.499,0
275.606,16
275.713,26
275.819,5
275.926,0
276.033,1
276.14,25
276.247,0
276.354,7
276.461,0
276.567,13
276.674,4
276.781,0
276.888,13
276.995,0
277.102,0
277.209,39
277.315,5
277.422,14
277.529,0
277.636,15
277.743,0
277.85,8
277.957,0
278.064,0
278.17,0
278.277,6
278.384,19
278.491,24
278.598,0
278.705,5
278.812,21
278.918,6
279.025,5
279.132,0
279.239,0
279.346,24
279.453,18
279.56,22
279.666,0
279.773,0
279.88,6
279.987,4
280.094,0
280.201,13
280.308,1
280.414,0
280.521,25
280.628,11
280.735,16
280.842,0
280.949,0
281.056,8
281.162,14
281.269,0
281.376,13
281.483,17
281.59,0
281.697,0
281.804,4
281.91,6
282.017,13
282.124,16
282.231,0
282.338,0
282.445,20
282.552,0
282.658,1
282.765,0
282.872,0
282.979,2
283.086,2
283.193,0
283.3,0
283.406,0
283.513,0
283.62,28
283.727,0
283.834,40
283.941,6
284.048,0
284.154,0
284.261,0
284.368,22
284.475,28
284.582,0
284.689,0
284.796,9
284.902,8
285.009,5
285.116,24
285.223,0
285.33,0
285.437,5
285.544,3
285.65,9
285.757,11
285.864,0
285.971,0
286.078,13
286.185,6
286.292,8
286.398,0
286.505,2
286.612,15
286.719,8
286.826,2
286.933,38
287.039,17
287.146,9
287.253,13
287.36,1
287.467,0
287.574,7
287.681,0
287.787,7
287.894,0
288.001,25
288.108,2
288.215,30
288.322,0
288.429,0
288.535,14
288.642,0
288.749,11
288.856,18
288.963,14
289.07,0
289.177,8
289.283,0
289.39,13
289.497,0
289.604,0
289.711,7
289.818,0
289.924,0
290.031,21
290.138,25
290.245,7
290.352,41
290.459,82
290.566,147
290.672,107
290.779,67
290.886,21
290.993,9
291.1,7
291.207,25
291.314,26
291.42,19
291.527,6
291.634,22
291.741,16
291.848,0
291.955,3
292.062,10
292.168,0
292.275,0
292.382,1
292.489,20
292.596,13
292.703,0
292.809,33
292.916,17
293.023,19
293.13,25
293.237,0
293.344,15
293.451,13
293.557,0
293.664,22
293.771,22
293.878,21
293.985,8
294.092,0
294.198,17
294.305,29
294.412,17
294.519,22
294.626,18
294.733,5
294.84,0
294.946,0
295.053,7
295.16,24
295.267,9
295.374,0
295.481,0
295.588,0
295.694,2
295.801,2
295.908,14
296.015,0
296.122,4
296.229,0
296.335,11
296.442,15
296.549,4
296.656,0
296.763,0
296.87,0
296.977,2
297.083,8
297.19,0
297.297,0
297.404,0
297.511,0
297.618,14
297.724,0
297.831,0
297.938,19
298.045,7
298.152,0
298.259,11
298.365,0
298.472,0
298.579,1
298.686,0
298.793,27
298.9,6
299.007,0
299.113,24
299.22,25
299.327,10
299.434,5
299.541,2
299.648,0
299.754,0
299.861,34
299.968,12
300.075,8
300.182,7
300.289,16
300.396,0
300.502,0
300.609,6
300.716,0
300.823,16
300.93,31
301.037,0
301.143,0
301.25,0
301.357,10
301.464,0
301.571,24
301.678,0
301.784,8
301.891,12
301.998,0
302.105,0
302.212,16
302.319,30
302.426,9
302.532,23
302.639,8
302.746,15
302.853,33
302.96,0
303.067,9
303.173,4
303.28,4
303.387,0
303.494,14
303.601,0
303.708,0
303.814,0
303.921,1
304.028,0
304.135,0
304.242,20
304.349,0
304.456,13
304.562,23
304.669,0
304.776,0
304.883,8
304.99,7
305.097,0
305.203,0
305.31,0
305.417,12
305.524,0
305.631,0
305.738,106
305.844,99
305.951,13
306.058,0
306.165,11
306.272,21
306.379,13
306.485,23
306.592,0
306.699,13
306.806,0
306.913,7
307.02,0
307.126,14
307.233,12
307.34,6
307.447,8
307.554,0
307.661,26
307.767,8
307.874,8
307.981,11
308.088,0
308.195,12
308.302,0
308.409,11
308.515,0
308.622,2
308.729,38
308.836,0
308.943,31
309.05,0
309.156,20
309.263,14
309.37,0
309.477,13
309.584,16
309.691,0
309.797,19
309.904,0
310.011,3
310.118,0
310.225,18
310.332,0
310.438,0
310.545,0
310.652,8
310.759,16
310.866,0
310.973,13
311.079,28
311.186,40
311.293,8
311.4,0
311.507,17
311.614,28
311.72,0
311.827,8
311.934,0
312.041,24
312.148,19
312.255,0
312.361,4
312.468,16
312.575,10
312.682,19
312.789,2
312.896,14
313.002,8
313.109,4
313.216,5
313.323,5
313.43,0
313.537,24
313.643,16
313.75,0
313.857,33
313.964,0
314.071,23
314.178,17
314.284,8
314.391,17
314.498,16
314.605,1
314.712,0
314.819,13
314.925,0
315.032,0
315.139,0
315.246,15
315.353,1
315.46,2
315.566,0
315.673,0
315.78,9
315.887,46
315.994,12
316.1,25
316.207,8
316.314,0
316.421,42
316.528,11
316.635,0
316.741,0
316.848,10
316.955,0
317.062,12
317.169,0
317.276,15
317.382,0
317.489,24
317.596,12
317.703,8
317.81,2
317.917,9
318.023,7
318.13,0
318.237,34
318.344,10
318.451,8
318.558,3
318.664,6
318.771,16
318.878,0
318.985,21
319.092,4
319.199,0
319.305,9
319.412,28
319.519,0
319.626,0
319.733,0
319.839,0
319.946,0
320.053,0
320.16,0
320.267,10
320.374,0
320.48,22
320.587,13
320.694,4
320.801,1
320.908,24
321.015,0
321.121,30
321.228,0
321.335,0
321.442,0
321.549,4
321.655,0
321.762,0
321.869,0
321.976,0
322.083,7
322.19,24
322.296,0
322.403,0
322.51,9
322.617,0
322.724,4
322.831,17
322.937,26
323.044,9
323.151,7
323.258,5
323.365,27
323.472,1
323.578,0
323.685,8
323.792,9
323.899,21
324.006,1
324.112,0
324.219,22
324.326,3
324.433,8
324.54,0
324.647,2
324.753,0
324.86,0
324.967,8
325.074,88
325.181,53
325.287,28
325.394,12
325.501,12
325.608,0
325.715,1
325.822,11
325.928,0
326.035,4
326.142,0
326.249,59
326.356,44
326.463,0
326.569,0
326.676,11
326.783,13
326.89,0
326.997,0
327.103,34
327.21,21
327.317,0
327.424,0
327.531,0
327.638,34
327.744,0
327.851,0
327.958,0
328.065,16
328.172,11
328.278,13
328.385,2
328.492,6
328.599,9
328.706,0
328.813,0
328.919,6
329.026,0
329.133,0
329.24,0
329.347,35
329.453,16
329.56,0
329.667,0
329.774,0
329.881,12
329.988,0
330.094,18
330.201,8
330.308,17
330.415,0
330.522,0
330.628,0
330.735,20
330.842,10
330.949,1
331.056,0
331.162,0
331.269,0
331.376,0
331.483,7
331.59,0
331.697,11
331.803,16
331.91,30
332.017,5
332.124,0
332.231,8
332.337,15
332.444,13
332.551,0
332.658,0
332.765,13
332.872,36
332.978,0
333.085,6
333.192,0
333.299,12
333.406,2
333.512,0
333.619,16
333.726,0
333.833,0
333.94,0
334.046,25
334.153,7
334.26,15
334.367,15
334.474,24
334.581,11
334.687,15
334.794,0
334.901,2
335.008,11
335.115,2
335.221,0
335.328,0
335.435,4
335.542,24
335.649,0
335.755,21
335.862,8
335.969,0
336.076,20
336.183,12
336.29,20
336.396,21
336.503,17
336.61,13
336.717,18
336.824,1
336.93,2
337.037,14
337.144,0
337.251,0
337.358,5
337.464,0
337.571,4
337.678,0
337.785,36
337.892,24
337.998,0
338.105,0
338.212,23
338.319,22
338.426,0
338.533,0
338.639,6
338.746,13
338.853,0
338.96,4
339.067,24
339.173,0
339.28,0
339.387,0
339.494,0
339.601,0
339.707,18
339.814,0
339.921,19
340.028,0
340.135,17
340.241,21
340.348,4
340.455,15
340.562,15
340.669,4
340.775,33
340.882,0
340.989,0
341.096,0
341.203,7
341.309,0
341.416,0
341.523,26
341.63,0
341.737,10
341.844,13
341.95,1
342.057,0
342.164,0
342.271,0
342.378,8
342.484,0
342.591,0
342.698,34
342.805,78
342.912,47
343.018,0
343.125,4
343.232,27
343.339,19
343.446,0
343.552,0
343.659,64
343.766,72
343.873,28
343.98,14
344.086,0
344.193,2
344.3,0
344.407,1
344.514,17
344.62,8
344.727,8
344.834,23
344.941,12
345.048,0
345.154,39
345.261,15
345.368,0
345.475,4
345.582,14
345.688,0
345.795,0
345.902,0
346.009,0
346.116,4
346.222,0
346.329,0
346.436,25
346.543,29
346.65,0
346.756,34
346.863,6
346.97,7
347.077,0
347.184,0
347.29,7
347.397,10
347.504,0
347.611,0
347.718,14
347.824,5
347.931,4
348.038,19
348.145,0
348.252,0
348.358,0
348.465,31
348.572,27
348.679,0
348.786,0
348.892,4
348.999,0
349.106,0
349.213,0
349.32,0
349.426,0
349.533,0
349.64,6
349.747,39
349.854,11
349.96,0
350.067,22
350.174,0
350.281,25
350.388,2
350.494,0
350.601,5
350.708,14
350.815,32
350.922,23
351.028,0
351.135,2
351.242,0
351.349,18
351.456,10
351.562,37
351.669,3
351.776,4
351.883,0
351.989,0
352.096,18
352.203,0
352.31,10
352.417,23
352.523,0
352.63,0
352.737,27
352.844,14
352.951,23
353.057,13
353.164,24
353.271,15
353.378,0
353.485,0
353.591,6
353.698,6
353.805,2
353.912,5
354.019,0
354.125,0
354.232,0
354.339,0
354.446,17
354.553,0
354.659,8
354.766,0
354.873,0
354.98,0
355.086,0
355.193,6
355.3,0
355.407,0
355.514,0
355.62,8
355.727,8
355.834,2
355.941,0
356.048,16
356.154,41
356.261,8
356.368,0
356.475,0
356.582,14
356.688,0
356.795,0
356.902,12
357.009,8
357.115,0
357.222,7
357.329,6
357.436,0
357.543,0
357.649,40
357.756,0
357.863,17
357.97,0
358.077,0
358.183,8
358.29,2
358.397,3
358.504,0
358.61,10
358.717,19
358.824,14
358.931,0
359.038,0
359.144,53
359.251,11
359.358,19
359.465,0
359.572,57
359.678,43
359.785,18
359.892,0
359.999,2
360.105,0
360.212,0
360.319,0
360.426,7
360.533,0
360.639,0
360.746,0
360.853,54
360.96,18
361.067,0
361.173,0
361.28,14
361.387,0
361.494,0
361.6,1
361.707,4
361.814,0
361.921,13
362.028,0
362.134,0
362.241,27
362.348,0
362.455,0
362.562,18
362.668,2
362.775,10
362.882,11
362.989,0
363.095,2
363.202,20
363.309,14
363.416,0
363.523,0
363.629,12
363.736,1
363.843,0
363.95,0
364.056,0
364.163,20
364.27,0
364.377,0
364.484,0
364.59,12
364.697,0
364.804,0
364.911,10
365.017,32
365.124,14
365.231,30
365.338,13
365.445,0
365.551,0
365.658,0
365.765,24
365.872,11
365.979,0
366.085,0
366.192,21
366.299,0
366.406,0
366.512,12
366.619,17
366.726,2
366.833,0
366.94,0
367.046,0
367.153,0
367.26,0
367.367,5
367.473,15
367.58,4
367.687,0
367.794,28
367.9,3
368.007,8
368.114,0
368.221,3
368.328,0
368.434,0
368.541,14
368.648,0
368.755,0
368.861,4
368.968,0
369.075,14
369.182,10
369.289,32
369.395,0
369.502,17
369.609,0
369.716,0
369.822,30
369.929,28
370.036,0
370.143,0
370.25,8
370.356,0
370.463,0
370.57,18
370.677,54
370.783,64
370.89,20
370.997,0
371.104,0
371.211,28
371.317,14
371.424,13
371.531,32
371.638,0
371.744,10
371.851,0
371.958,8
372.065,10
372.171,16
372.278,4
372.385,9
372.492,0
372.599,0
372.705,12
372.812,0
372.919,0
373.026,8
373.132,10
373.239,11
373.346,0
373.453,0
373.559,6
373.666,0
373.773,7
373.88,0
373.987,14
374.093,15
374.2,31
374.307,5
374.414,14
374.52,0
374.627,31
374.734,26
374.841,0
374.947,6
375.054,15
375.161,23
375.268,8
375.375,0
375.481,30
375.588,15
375.695,10
375.802,0
375.908,0
376.015,97
376.122,91
376.229,44
376.335,0
376.442,8
376.549,2
376.656,0
376.763,0
376.869,12
376.976,17
377.083,0
377.19,0
377.296,0
377.403,30
377.51,11
377.617,18
377.723,15
377.83,10
377.937,0
378.044,28
378.15,8
378.257,7
378.364,0
378.471,8
378.578,2
378.684,8
378.791,27
378.898,15
379.005,17
379.111,24
379.218,43
379.325,8
379.432,4
379.538,17
379.645,0
379.752,4
379.859,7
379.965,0
380.072,0
380.179,10
380.286,19
380.392,0
380.499,39
380.606,30
380.713,3
380.82,6
380.926,17
381.033,1
381.14,0
381.247,5
381.353,3
381.46,0
381.567,0
381.674,0
381.78,8
381.887,4
381.994,9
382.101,12
382.207,0
382.314,2
382.421,13
382.528,0
382.634,0
382.741,45
382.848,8
382.955,25
383.061,0
383.168,0
383.275,0
383.382,0
383.488,13
383.595,7
383.702,1
383.809,0
383.916,15
384.022,0
384.129,10
384.236,0
384.343,16
384.449,17
384.556,6
384.663,24
384.77,0
384.876,0
384.983,26
385.09,0
385.197,0
385.303,14
385.41,2
385.517,0
385.624,20
385.73,24
385.837,18
385.944,15
386.051,16
386.157,0
386.264,6
386.371,6
386.478,0
386.584,0
386.691,17
386.798,65
386.905,51
387.011,24
387.118,4
387.225,7
387.332,0
387.438,0
387.545,0
387.652,0
387.759,0
387.865,0
387.972,6
388.079,0
388.186,0
388.292,0
388.399,0
388.506,21
388.613,32
388.719,20
388.826,19
388.933,0
389.04,8
389.146,6
389.253,22
389.36,0
389.467,23
389.573,12
389.68,3
389.787,0
389.894,0
390,0
390.107,0
390.214,18
390.321,20
390.427,44
390.534,55
390.641,54
390.748,22
390.854,4
390.961,147
391.068,143
391.175,77
391.281,30
391.388,0
391.495,0
391.602,19
391.708,5
391.815,0
391.922,14
392.029,22
392.135,15
392.242,0
392.349,19
392.456,32
392.562,6
392.669,5
392.776,8
392.883,0
392.989,6
393.096,0
393.203,1
393.31,2
393.416,3
393.523,0
393.63,0
393.737,0
393.843,0
393.95,3
394.057,21
394.164,2
394.27,0
394.377,20
394.484,0
394.591,0
394.697,0
394.804,16
394.911,3
395.018,0
395.124,8
395.231,148
395.338,116
395.445,60
395.551,7
395.658,0
395.765,0
395.871,20
395.978,0
396.085,0
396.192,9
396.298,14
396.405,125
396.512,132
396.619,70
396.725,0
396.832,0
396.939,0
397.046,0
397.152,20
397.259,9
397.366,0
397.473,0
397.579,17
397.686,40
397.793,0
397.9,0
398.006,27
398.113,5
398.22,0
398.327,0
398.433,0
398.54,1
398.647,0
398.753,0
398.86,0
398.967,0
399.074,9
399.18,0
399.287,1
399.394,23
399.501,0
399.607,0
399.714,0
399.821,19
399.928,2
400.034,0
400.141,17
400.248,10
400.355,12
400.461,0
400.568,7
400.675,0
400.781,0
400.888,0
400.995,0
401.102,0
401.208,0
401.315,0
401.422,37
401.529,17
401.635,0
401.742,0
401.849,40
401.956,21
402.062,13
402.169,0
402.276,0
402.382,3
402.489,63
402.596,78
402.703,82
402.809,0
402.916,13
403.023,0
403.13,17
403.236,0
403.343,23
403.45,0
403.557,0
403.663,10
403.77,21
403.877,0
403.983,0
404.09,0
404.197,0
404.304,0
404.41,0
404.517,7
404.624,10
404.731,11
404.837,0
404.944,0
405.051,12
405.158,14
405.264,0
405.371,10
405.478,0
405.584,0
405.691,29
405.798,0
405.905,13
406.011,21
406.118,26
406.225,19
406.332,12
406.438,0
406.545,0
406.652,20
406.758,0
406.865,0
406.972,0
407.079,7
407.185,5
407.292,9
407.399,26
407.506,0
407.612,0
407.719,9
407.826,8
407.932,0
408.039,0
408.146,0
408.253,2
408.359,0
408.466,0
408.573,0
408.68,0
408.786,0
408.893,22
409,11
409.106,0
409.213,0
409.32,17
409.427,16
409.533,0
409.64,0
409.747,0
409.853,4
409.96,0
410.067,2
410.174,0
410.28,4
410.387,4
410.494,0
410.601,0
410.707,9
410.814,14
410.921,0
411.027,0
411.134,0
411.241,0
411.348,24
411.454,2
411.561,13
411.668,92
411.774,81
411.881,69
411.988,1
412.095,0
412.201,0
412.308,0
412.415,0
412.522,31
412.628,21
412.735,0
412.842,0
412.948,19
413.055,0
413.162,61
413.269,60
413.375,30
413.482,7
413.589,0
413.695,0
413.802,13
413.909,8
414.016,0
414.122,0
414.229,0
414.336,0
414.442,0
414.549,6
414.656,54
414.763,51
414.869,30
414.976,15
415.083,0
415.189,15
415.296,8
415.403,18
415.51,9
415.616,6
415.723,0
415.83,15
415.936,0
416.043,11
416.15,0
416.257,28
416.363,0
416.47,27
416.577,7
416.683,7
416.79,14
416.897,0
417.004,12
417.11,0
417.217,13
417.324,0
417.43,0
417.537,4
417.644,0
417.751,0
417.857,0
417.964,13
418.071,46
418.177,42
418.284,47
418.391,15
418.498,10
418.604,11
418.711,0
418.818,0
418.924,0
419.031,4
419.138,0
419.245,0
419.351,11
419.458,2
419.565,7
419.671,0
419.778,0
419.885,2
419.992,8
420.098,0
420.205,0
420.312,0
420.418,11
420.525,13
420.632,0
420.738,0
420.845,0
420.952,0
421.059,0
421.165,0
421.272,16
421.379,24
421.485,0
421.592,2
421.699,37
421.806,30
421.912,14
422.019,0
422.126,0
422.232,11
422.339,18
422.446,20
422.552,0
422.659,42
422.766,32
422.873,4
422.979,0
423.086,0
423.193,39
423.299,18
423.406,0
423.513,0
423.62,7
423.726,0
423.833,0
423.94,0
424.046,13
424.153,0
424.26,93
424.366,91
424.473,89
424.58,67
424.687,32
424.793,10
424.9,0
425.007,7
425.113,11
425.22,0
425.327,0
425.433,0
425.54,0
425.647,0
425.754,0
425.86,10
425.967,0
426.074,0
426.18,0
426.287,9
426.394,41
426.5,99
426.607,80
426.714,48
426.821,0
426.927,0
427.034,8
427.141,0
427.247,0
427.354,13
427.461,0
427.567,0
427.674,0
427.781,26
427.888,1
427.994,5
428.101,23
428.208,19
428.314,13
428.421,0
428.528,10
428.634,0
428.741,0
428.848,29
428.955,8
429.061,0
429.168,10
429.275,11
429.381,0
429.488,16
429.595,136
429.701,163
429.808,100
429.915,46
430.021,4
430.128,0
430.235,0
430.342,0
430.448,0
430.555,0
430.662,0
430.768,13
430.875,13
430.982,0
431.088,0
431.195,9
431.302,14
431.409,0
431.515,49
431.622,40
431.729,36
431.835,5
431.942,0
432.049,0
432.155,0
432.262,6
432.369,0
432.475,0
432.582,0
432.689,30
432.796,0
432.902,0
433.009,17
433.116,0
433.222,0
433.329,44
433.436,0
433.542,25
433.649,0
433.756,0
433.862,58
433.969,110
434.076,97
434.182,34
434.289,2
434.396,0
434.503,0
434.609,3
434.716,3
434.823,4
434.929,10
435.036,24
435.143,0
435.249,111
435.356,146
435.463,54
435.569,0
435.676,6
435.783,0
435.889,7
435.996,14
436.103,22
436.21,30
436.316,0
436.423,7
436.53,24
436.636,16
436.743,0
436.85,2
436.956,166
437.063,250
437.17,123
437.276,24
437.383,0
437.49,21
437.596,9
437.703,6
437.81,133
437.916,195
438.023,106
438.13,10
438.237,0
438.343,0
438.45,53
438.557,177
438.663,152
438.77,68
438.877,86
438.983,119
439.09,156
439.197,113
439.303,34
439.41,6
439.517,0
439.623,0
439.73,0
439.837,54
439.943,22
440.05,0
440.157,7
440.263,7
440.37,12
440.477,4
440.583,0
440.69,7
440.797,15
440.904,8
441.01,0
441.117,0
441.224,2
441.33,0
441.437,0
441.544,14
441.65,0
441.757,0
441.864,0
441.97,3
442.077,3
442.184,5
442.29,0
442.397,0
442.504,0
442.61,13
442.717,87
442.824,96
442.93,42
443.037,18
443.144,20
443.25,13
443.357,0
443.464,0
443.57,0
443.677,0
443.784,0
443.89,16
443.997,0
444.104,2
444.21,8
444.317,32
444.424,19
444.53,38
444.637,4
444.744,0
444.851,0
444.957,7
445.064,0
445.171,0
445.277,8
445.384,34
445.491,4
445.597,0
445.704,0
445.811,28
445.917,4
446.024,1
446.131,7
446.237,0
446.344,0
446.451,0
446.557,1
446.664,0
446.771,0
446.877,4
446.984,2
447.091,0
447.197,21
447.304,14
447.411,8
447.517,28
447.624,17
447.731,0
447.837,0
447.944,3
448.051,0
448.157,0
448.264,18
448.371,1
448.477,0
448.584,17
448.691,0
448.797,9
448.904,10
449.011,0
449.117,8
449.224,10
449.331,4
449.437,13
449.544,0
449.651,0
449.757,4
449.864,0
449.971,0
450.077,23
450.184,5
450.291,0
450.397,5
450.504,0
450.611,21
450.717,36
450.824,17
450.931,2
451.037,11
451.144,0
451.251,9
451.357,0
451.464,0
451.571,0
451.677,24
451.784,29
451.891,14
451.997,11
452.104,0
452.21,0
452.317,19
452.424,6
452.53,0
452.637,24
452.744,16
452.85,27
452.957,8
453.064,13
453.17,0
453.277,0
453.384,11
453.49,0
453.597,4
453.704,14
453.81,19
453.917,16
454.024,0
454.13,0
454.237,6
454.344,0
454.45,0
454.557,0
454.664,36
454.77,82
454.877,58
454.984,0
455.09,0
455.197,5
455.304,1
455.41,0
455.517,0
455.624,0
455.73,0
455.837,27
455.944,13
456.05,4
456.157,0
456.263,0
456.37,0
456.477,0
456.583,4
456.69,2
456.797,0
456.903,17
457.01,0
457.117,8
457.223,40
457.33,0
457.437,15
457.543,25
457.65,0
457.757,2
457.863,15
457.97,0
458.077,0
458.183,0
458.29,24
458.397,4
458.503,7
458.61,0
458.716,16
458.823,41
458.93,15
459.036,27
459.143,0
459.25,121
459.356,239
459.463,136
459.57,26
459.676,0
459.783,0
459.89,1
459.996,19
460.103,16
460.21,4
460.316,10
460.423,28
460.53,30
460.636,10
460.743,4
460.849,0
460.956,0
461.063,0
461.169,0
461.276,0
461.383,31
461.489,0
461.596,1
461.703,0
461.809,22
461.916,0
462.023,0
462.129,0
462.236,10
462.342,12
462.449,0
462.556,0
462.662,6
462.769,0
462.876,26
462.982,0
463.089,0
463.196,7
463.302,16
463.409,4
463.516,10
463.622,24
463.729,56
463.835,47
463.942,0
464.049,0
464.155,4
464.262,4
464.369,0
464.475,0
464.582,0
464.689,0
464.795,8
464.902,0
465.009,0
465.115,0
465.222,29
465.328,20
465.435,0
465.542,21
465.648,9
465.755,32
465.862,37
465.968,33
466.075,0
466.182,0
466.288,0
466.395,17
466.501,3
466.608,0
466.715,4
466.821,11
466.928,0
467.035,10
467.141,27
467.248,0
467.355,1
467.461,7
467.568,6
467.674,0
467.781,14
467.888,43
467.994,33
468.101,26
468.208,64
468.314,81
468.421,52
468.528,42
468.634,0
468.741,3
468.847,0
468.954,0
469.061,0
469.167,2
469.274,5
469.381,2
469.487,0
469.594,5
469.701,6
469.807,0
469.914,11
470.02,13
470.127,7
470.234,0
470.34,13
470.447,16
470.554,9
470.66,28
470.767,27
470.873,0
470.98,4
471.087,20
471.193,0
471.3,2
471.407,0
471.513,27
471.62,3
471.727,0
471.833,11
471.94,9
472.046,7
472.153,27
472.26,8
472.366,0
472.473,0
472.58,2
472.686,0
472.793,0
472.899,10
473.006,0
473.113,0
473.219,0
473.326,0
473.433,0
473.539,12
473.646,0
473.752,0
473.859,10
473.966,11
474.072,0
474.179,27
474.286,25
474.392,18
474.499,0
474.605,0
474.712,12
474.819,10
474.925,0
475.032,0
475.139,0
475.245,14
475.352,0
475.458,28
475.565,19
475.672,4
475.778,0
475.885,0
475.992,0
476.098,18
476.205,0
476.311,0
476.418,0
476.525,61
476.631,32
476.738,0
476.844,26
476.951,0
477.058,17
477.164,5
477.271,0
477.378,19
477.484,0
477.591,4
477.697,8
477.804,0
477.911,67
478.017,130
478.124,38
478.231,19
478.337,7
478.444,0
478.55,0
478.657,0
478.764,5
478.87,0
478.977,0
479.083,0
479.19,0
479.297,6
479.403,0
479.51,70
479.617,66
479.723,35
479.83,5
479.936,9
480.043,0
480.15,0
480.256,19
480.363,21
480.469,0
480.576,8
480.683,0
480.789,63
480.896,28
481.003,3
481.109,2
481.216,0
481.322,0
481.429,6
481.536,0
481.642,0
481.749,0
481.855,0
481.962,0
482.069,0
482.175,11
482.282,7
482.388,0
482.495,0
482.602,17
482.708,13
482.815,27
482.922,2
483.028,8
483.135,112
483.241,117
483.348,37
483.455,0
483.561,0
483.668,19
483.774,0
483.881,0
483.988,29
484.094,0
484.201,18
484.307,9
484.414,0
484.521,11
484.627,17
484.734,2
484.84,1
484.947,21
485.054,14
485.16,0
485.267,3
485.373,0
485.48,0
485.587,8
485.693,11
485.8,0
485.907,10
486.013,22
486.12,20
486.226,0
486.333,0
486.44,9
486.546,29
486.653,2
486.759,6
486.866,0
486.973,0
487.079,0
487.186,25
487.292,34
487.399,0
487.506,0
487.612,0
487.719,0
487.825,0
487.932,4
488.039,0
488.145,17
488.252,81
488.358,38
488.465,0
488.572,0
488.678,0
488.785,10
488.891,0
488.998,2
489.105,9
489.211,0
489.318,0
489.424,23
489.531,20
489.638,4
489.744,2
489.851,37
489.957,2
490.064,14
490.171,0
490.277,0
490.384,0
490.49,0
490.597,0
490.704,0
490.81,0
490.917,13
491.023,26
491.13,7
491.237,0
491.343,4
491.45,14
491.556,15
491.663,11
491.769,0
491.876,0
491.983,4
492.089,16
492.196,23
492.302,0
492.409,25
492.516,16
492.622,11
492.729,35
492.835,27
492.942,0
493.049,0
493.155,18
493.262,6
493.368,11
493.475,0
493.582,6
493.688,22
493.795,0
493.901,1
494.008,23
494.114,1
494.221,63
494.328,73
494.434,54
494.541,0
494.647,0
494.754,0
494.861,17
494.967,0
495.074,0
495.18,17
495.287,0
495.394,15
495.5,16
495.607,1
495.713,10
495.82,23
495.926,0
496.033,7
496.14,0
496.246,5
496.353,4
496.459,0
496.566,5
496.673,14
496.779,0
496.886,7
496.992,0
497.099,0
497.206,5
497.312,20
497.419,0
497.525,5
497.632,0
497.738,0
497.845,20
497.952,32
498.058,3
498.165,0
498.271,14
498.378,5
498.485,2
498.591,2
498.698,9
498.804,6
498.911,0
499.017,0
499.124,8
499.231,0
499.337,20
499.444,31
499.55,3
499.657,0
499.763,0
499.87,0
499.977,0
500.083,2
500.19,0
500.296,0
500.403,0
500.51,6
500.616,0
500.723,0
500.829,25
500.936,7
501.042,10
501.149,0
501.256,12
501.362,0
501.469,0
501.575,0
501.682,0
501.788,18
501.895,0
502.002,4
502.108,9
502.215,34
502.321,19
502.428,0
502.534,0
502.641,3
502.748,16
502.854,0
502.961,0
503.067,24
503.174,0
503.281,0
503.387,0
503.494,0
503.6,0
503.707,12
503.813,0
503.92,0
504.027,2
504.133,0
504.24,5
504.346,0
504.453,0
504.559,18
504.666,0
504.773,0
504.879,13
504.986,0
505.092,0
505.199,13
505.305,2
505.412,0
505.518,0
505.625,19
505.732,7
505.838,0
505.945,1
506.051,37
506.158,14
506.264,30
506.371,3
506.478,4
506.584,0
506.691,4
506.797,0
506.904,5
507.01,2
507.117,4
507.224,5
507.33,22
507.437,0
507.543,0
507.65,0
507.756,31
507.863,5
507.97,11
508.076,0
508.183,10
508.289,0
508.396,0
508.502,28
508.609,42
508.715,8
508.822,0
508.929,8
509.035,0
509.142,0
509.248,0
509.355,22
509.461,7
509.568,10
509.675,0
509.781,0
509.888,6
509.994,0
510.101,2
510.207,23
510.314,0
510.42,0
510.527,29
510.634,0
510.74,10
510.847,0
510.953,0
511.06,103
511.166,102
511.273,37
511.379,0
511.486,7
511.593,0
511.699,5
511.806,1
511.912,13
512.019,10
512.125,1
512.232,11
512.339,3
512.445,0
512.552,19
512.658,0
512.765,0
512.871,58
512.978,18
513.084,20
513.191,0
513.298,0
513.404,10
513.511,11
513.617,8
513.724,11
513.83,9
513.937,0
514.043,4
514.15,24
514.256,16
514.363,0
514.47,0
514.576,0
514.683,2
514.789,16
514.896,0
515.002,0
515.109,28
515.215,0
515.322,6
515.429,6
515.535,8
515.642,7
515.748,0
515.855,3
515.961,1
516.068,11
516.174,16
516.281,0
516.388,0
516.494,2
516.601,2
516.707,14
516.814,7
516.92,16
517.027,0
517.133,27
517.24,0
517.346,2
517.453,126
517.56,139
517.666,33
517.773,5
517.879,0
517.986,0
518.092,8
518.199,21
518.305,0
518.412,0
518.518,0
518.625,13
518.732,94
518.838,100
518.945,11
519.051,0
519.158,29
519.264,14
519.371,0
519.477,0
519.584,0
519.69,15
519.797,0
519.903,0
520.01,0
520.117,29
520.223,14
520.33,0
520.436,9
520.543,19
520.649,29
520.756,0
520.862,1
520.969,4
521.075,12
521.182,3
521.289,0
521.395,0
521.502,17
521.608,20
521.715,9
521.821,0
521.928,0
522.034,0
522.141,25
522.247,16
522.354,0
522.46,18
522.567,0
522.674,2
522.78,2
522.887,0
522.993,0
523.1,17
523.206,19
523.313,8
523.419,3
523.526,12
523.632,0
523.739,22
523.845,5
523.952,0
524.058,0
524.165,10
524.272,7
524.378,9
524.485,24
524.591,0
524.698,0
524.804,20
524.911,2
525.017,7
525.124,0
525.23,0
525.337,14
525.443,11
525.55,0
525.656,0
525.763,13
525.87,0
525.976,0
526.083,21
526.189,27
526.296,0
526.402,0
526.509,6
526.615,9
526.722,0
526.828,0
526.935,0
527.041,17
527.148,8
527.254,8
527.361,16
527.467,29
527.574,0
527.68,8
527.787,12
527.894,0
528,0
528.107,2
528.213,29
528.32,0
528.426,19
528.533,8
528.639,17
528.746,14
528.852,19
528.959,4
529.065,0
529.172,10
529.278,22
529.385,0
529.491,24
529.598,0
529.704,0
529.811,26
529.918,37
530.024,23
530.131,0
530.237,0
530.344,20
530.45,8
530.557,0
530.663,0
530.77,0
530.876,0
530.983,23
531.089,0
531.196,0
531.302,17
531.409,24
531.515,7
531.622,0
531.728,3
531.835,6
531.941,3
532.048,15
532.154,11
532.261,0
532.367,2
532.474,0
532.581,5
532.687,0
532.794,0
532.9,11
533.007,0
533.113,21
533.22,6
533.326,13
533.433,40
533.539,5
533.646,7
533.752,11
533.859,0
533.965,0
534.072,21
534.178,17
534.285,17
534.391,0
534.498,0
534.604,5
534.711,15
534.817,7
534.924,0
535.03,47
535.137,17
535.243,0
535.35,10
535.456,2
535.563,24
535.669,0
535.776,0
535.882,23
535.989,0
536.095,0
536.202,17
536.308,9
536.415,21
536.521,0
536.628,3
536.735,2
536.841,0
536.948,4
537.054,44
537.161,0
537.267,5
537.374,9
537.48,0
537.587,0
537.693,22
537.8,0
537.906,0
538.013,0
538.119,14
538.226,0
538.332,0
538.439,13
538.545,24
538.652,24
538.758,0
538.865,17
538.971,0
539.078,0
539.184,16
539.291,9
539.397,10
539.504,0
539.61,16
539.717,6
539.823,0
539.93,13
540.036,0
540.143,19
540.249,0
540.356,6
540.462,30
540.569,36
540.675,15
540.782,8
540.888,7
540.995,0
541.101,17
541.208,0
541.314,2
541.421,0
541.527,10
541.634,0
541.74,0
541.847,24
541.953,0
542.06,7
542.166,10
542.273,0
542.379,1
542.486,30
542.592,6
542.699,0
542.805,16
542.912,39
543.018,159
543.125,93
543.231,58
543.338,19
543.444,0
543.551,0
543.657,14
543.764,0
543.87,5
543.977,7
544.083,8
544.19,0
544.296,0
544.403,29
544.509,41
544.616,0
544.722,8
544.829,17
544.935,14
545.042,12
545.148,23
545.255,0
545.361,0
545.467,0
545.574,0
545.68,0
545.787,14
545.893,1
546,6
546.106,16
546.213,29
546.319,18
546.426,28
546.532,1
546.639,17
546.745,0
546.852,13
546.958,18
547.065,0
547.171,25
547.278,15
547.384,0
547.491,0
547.597,10
547.704,4
547.81,8
547.917,0
548.023,12
548.13,36
548.236,16
548.343,17
548.449,0
548.556,0
548.662,0
548.769,0
548.875,8
548.982,7
549.088,0
549.195,0
549.301,0
549.408,0
549.514,8
549.62,13
549.727,0
549.833,2
549.94,11
550.046,1
550.153,2
550.259,27
550.366,6
550.472,8
550.579,8
550.685,0
550.792,0
550.898,6
551.005,0
551.111,18
551.218,48
551.324,6
551.431,0
551.537,4
551.644,16
551.75,4
551.857,0
551.963,0
552.07,5
552.176,9
552.282,0
552.389,89
552.495,98
552.602,18
552.708,0
552.815,0
552.921,6
553.028,0
553.134,0
553.241,10
553.347,0
553.454,19
553.56,7
553.667,0
553.773,0
553.88,11
553.986,0
554.093,1
554.199,0
554.305,0
554.412,0
554.518,0
554.625,0
554.731,36
554.838,15
554.944,0
555.051,0
555.157,11
555.264,5
555.37,0
555.477,19
555.583,0
555.69,11
555.796,8
555.903,4
556.009,13
556.115,0
556.222,12
556.328,28
556.435,0
556.541,9
556.648,23
556.754,10
556.861,0
556.967,0
557.074,0
557.18,0
557.287,4
557.393,21
557.5,30
557.606,19
557.713,7
557.819,5
557.925,11
558.032,0
558.138,36
558.245,0
558.351,10
558.458,0
558.564,0
558.671,0
558.777,11
558.884,28
558.99,1
559.097,19
559.203,0
559.309,2
559.416,18
559.522,0
559.629,32
559.735,0
559.842,9
559.948,5
560.055,0
560.161,0
560.268,0
560.374,13
560.481,0
560.587,13
560.693,26
560.8,19
560.906,7
561.013,8
561.119,0
561.226,10
561.332,12
561.439,26
561.545,0
561.652,0
561.758,42
561.864,24
561.971,0
562.077,0
562.184,0
562.29,0
562.397,0
562.503,0
562.61,8
562.716,9
562.823,19
562.929,0
563.035,31
563.142,6
563.248,0
563.355,12
563.461,0
563.568,0
563.674,10
563.781,0
563.887,18
563.994,24
564.1,0
564.206,0
564.313,1
564.419,34
564.526,3
564.632,6
564.739,0
564.845,1
564.952,7
565.058,0
565.165,4
565.271,0
565.377,1
565.484,6
565.59,0
565.697,6
565.803,15
565.91,31
566.016,0
566.123,2
566.229,0
566.335,20
566.442,0
566.548,0
566.655,0
566.761,0
566.868,6
566.974,0
567.081,0
567.187,12
567.293,6
567.4,3
567.506,0
567.613,21
567.719,0
567.826,10
567.932,0
568.039,0
568.145,0
568.251,9
568.358,25
568.464,0
568.571,3
568.677,6
568.784,8
568.89,42
568.997,13
569.103,0
569.209,0
569.316,1
569.422,5
569.529,0
569.635,10
569.742,19
569.848,0
569.955,0
570.061,11
570.167,9
570.274,0
570.38,12
570.487,0
570.593,0
570.7,27
570.806,0
570.912,9
571.019,25
571.125,0
571.232,7
571.338,0
571.445,0
571.551,0
571.658,0
571.764,0
571.87,13
571.977,0
572.083,4
572.19,0
572.296,0
572.403,16
572.509,42
572.615,0
572.722,0
572.828,24
572.935,23
573.041,0
573.148,1
573.254,0
573.36,0
573.467,0
573.573,0
573.68,0
573.786,7
573.893,21
573.999,4
574.105,10
574.212,0
574.318,1
574.425,0
574.531,5
574.638,5
574.744,0
574.85,0
574.957,0
575.063,8
575.17,14
575.276,14
575.383,9
575.489,0
575.595,7
575.702,25
575.808,3
575.915,0
576.021,0
576.128,6
576.234,0
576.34,0
576.447,0
576.553,4
576.66,0
576.766,2
576.873,0
576.979,0
577.085,0
577.192,4
577.298,33
577.405,1
577.511,0
577.618,3
577.724,25
577.83,0
577.937,0
578.043,8
578.15,0
578.256,0
578.363,19
578.469,15
578.575,9
578.682,0
578.788,30
578.895,12
579.001,9
579.107,6
579.214,9
579.32,0
579.427,15
579.533,0
579.64,0
579.746,0
579.852,17
579.959,0
580.065,14
580.172,5
580.278,8
580.384,0
580.491,29
580.597,0
580.704,0
580.81,13
580.917,0
581.023,0
581.129,12
581.236,1
581.342,18
581.449,0
581.555,0
581.661,0
581.768,25
581.874,30
581.981,0
582.087,9
582.193,0
582.3,0
582.406,0
582.513,0
582.619,0
582.726,20
582.832,0
582.938,0
583.045,23
583.151,0
583.258,0
583.364,0
583.47,7
583.577,0
583.683,7
583.79,11
583.896,4
584.002,22
584.109,0
584.215,30
584.322,0
584.428,8
584.535,30
584.641,6
584.747,0
584.854,0
584.96,0
585.067,0
585.173,6
585.279,20
585.386,0
585.492,2
585.599,0
585.705,10
585.811,3
585.918,15
586.024,0
586.131,0
586.237,13
586.343,0
586.45,8
586.556,16
586.663,0
586.769,18
586.875,18
586.982,5
587.088,0
587.195,0
587.301,0
587.407,3
587.514,0
587.62,0
587.727,0
587.833,0
587.939,8
588.046,8
588.152,28
588.259,0
588.365,0
588.471,18
588.578,0
588.684,0
588.791,0
588.897,0
589.003,21
589.11,0
589.216,0
589.323,5
589.429,33
589.535,53
589.642,10
589.748,0
589.855,19
589.961,0
590.067,16
590.174,7
590.28,14
590.387,0
590.493,0
590.599,0
590.706,0
590.812,14
590.918,14
591.025,4
591.131,0
591.238,12
591.344,17
591.45,0
591.557,0
591.663,18
591.77,23
591.876,2
591.982,0
592.089,10
592.195,0
592.302,3
592.408,16
592.514,9
592.621,0
592.727,0
592.834,9
592.94,10
593.046,0
593.153,0
593.259,26
593.365,23
593.472,0
593.578,0
593.685,44
593.791,16
593.897,0
594.004,0
594.11,6
594.217,0
594.323,10
594.429,6
594.536,32
594.642,3
594.748,0
594.855,3
594.961,0
595.068,0
595.174,0
595.28,16
595.387,14
595.493,0
595.6,3
595.706,6
595.812,0
595.919,15
596.025,8
596.131,23
596.238,16
596.344,39
596.451,0
596.557,15
596.663,16
596.77,4
596.876,0
596.982,0
597.089,8
597.195,22
597.302,0
597.408,3
597.514,0
597.621,15
597.727,1
597.833,0
597.94,30
598.046,0
598.153,5
598.259,0
598.365,0
598.472,14
598.578,0
598.685,0
598.791,0
598.897,24
599.004,0
599.11,1
599.216,0
599.323,12
599.429,2
599.535,0
599.642,1
599.748,12
599.855,18
599.961,1
600.067,71
600.174,118
600.28,74
600.386,0
600.493,0
600.599,0
600.706,4
600.812,22
600.918,0
601.025,0
601.131,3
601.237,18
601.344,20
601.45,4
601.557,19
601.663,0
601.769,16
601.876,28
601.982,0
602.088,4
602.195,221
602.301,163
602.407,51
602.514,0
602.62,0
602.727,9
602.833,0
602.939,0
603.046,7
603.152,31
603.258,14
603.365,0
603.471,38
603.577,69
603.684,64
603.79,0
603.897,0
604.003,6
604.109,0
604.216,0
604.322,33
604.428,30
604.535,24
604.641,0
604.747,0
604.854,15
604.96,0
605.067,22
605.173,0
605.279,13
605.386,21
605.492,4
605.598,22
605.705,3
605.811,0
605.917,0
606.024,25
606.13,0
606.236,9
606.343,51
606.449,0
606.556,0
606.662,33
606.768,69
606.875,36
606.981,0
607.087,10
607.194,0
607.3,0
607.406,25
607.513,15
607.619,0
607.725,3
607.832,32
607.938,8
608.045,8
608.151,0
608.257,12
608.364,0
608.47,2
608.576,5
608.683,18
608.789,0
608.895,3
609.002,0
609.108,4
609.214,0
609.321,10
609.427,27
609.533,4
609.64,0
609.746,0
609.852,0
609.959,0
610.065,26
610.172,1
610.278,8
610.384,0
610.491,17
610.597,13
610.703,0
610.81,0
610.916,26
611.022,18
611.129,0
611.235,0
611.341,4
611.448,27
611.554,11
611.66,0
611.767,12
611.873,2
611.979,0
612.086,9
612.192,0
612.298,0
612.405,0
612.511,4
612.617,0
612.724,4
612.83,18
612.936,9
613.043,13
613.149,0
613.255,0
613.362,7
613.468,0
613.575,0
613.681,0
613.787,0
613.894,0
614,0
614.106,0
614.213,0
614.319,0
614.425,0
614.532,10
614.638,1
614.744,0
614.851,0
614.957,62
615.063,14
615.17,0
615.276,2
615.382,32
615.489,0
615.595,17
615.701,34
615.808,17
615.914,16
616.02,0
616.127,0
616.233,18
616.339,38
616.446,3
616.552,9
616.658,3
616.765,10
616.871,0
616.977,0
617.084,0
617.19,6
617.296,0
617.403,0
617.509,0
617.615,21
617.722,0
617.828,0
617.934,16
618.041,33
618.147,2
618.253,0
618.36,0
618.466,0
618.572,28
618.679,0
618.785,0
618.891,0
618.998,15
619.104,19
619.21,19
619.316,28
619.423,19
619.529,0
619.635,0
619.742,46
619.848,48
619.954,1
620.061,10
620.167,11
620.273,0
620.38,3
620.486,8
620.592,0
620.699,24
620.805,18
620.911,0
621.018,0
621.124,3
621.23,7
621.337,6
621.443,0
621.549,0
621.656,2
621.762,0
621.868,1
621.975,0
622.081,3
622.187,28
622.294,1
622.4,0
622.506,0
622.612,0
622.719,1
622.825,12
622.931,0
623.038,0
623.144,0
623.25,31
623.357,0
623.463,0
623.569,4
623.676,0
623.782,2
623.888,18
623.995,0
624.101,3
624.207,10
624.314,0
624.42,24
624.526,4
624.632,0
624.739,0
624.845,19
624.951,8
625.058,0
625.164,0
625.27,4
625.377,0
625.483,0
625.589,37
625.696,29
625.802,11
625.908,0
626.015,0
626.121,0
626.227,4
626.333,0
626.44,0
626.546,0
626.652,0
626.759,15
626.865,16
626.971,15
627.078,0
627.184,28
627.29,0
627.397,20
627.503,19
627.609,0
627.715,4
627.822,10
627.928,0
628.034,11
628.141,0
628.247,0
628.353,0
628.46,0
628.566,0
628.672,8
628.778,0
628.885,0
628.991,0
629.097,22
629.204,1
629.31,8
629.416,9
629.523,0
629.629,0
629.735,0
629.841,0
629.948,0
630.054,0
630.16,10
630.267,0
630.373,0
630.479,0
630.586,14
630.692,0
630.798,0
630.904,7
631.011,0
631.117,0
631.223,7
631.33,4
631.436,0
631.542,6
631.649,2
631.755,0
631.861,0
631.967,0
632.074,9
632.18,21
632.286,11
632.393,0
632.499,0
632.605,19
632.711,13
632.818,0
632.924,0
633.03,5
633.137,0
633.243,17
633.349,0
633.456,0
633.562,0
633.668,2
633.774,0
633.881,0
633.987,0
634.093,0
634.2,0
634.306,0
634.412,14
634.518,34
634.625,0
634.731,115
634.837,127
634.944,77
635.05,19
635.156,0
635.262,0
635.369,1
635.475,0
635.581,0
635.688,0
635.794,19
635.9,0
636.006,0
636.113,0
636.219,29
636.325,34
636.432,5
636.538,15
636.644,0
636.75,1
636.857,14
636.963,11
637.069,8
637.176,0
637.282,10
637.388,2
637.494,13
637.601,0
637.707,9
637.813,2
637.92,0
638.026,12
638.132,0
638.238,0
638.345,0
638.451,0
638.557,11
638.663,0
638.77,0
638.876,14
638.982,0
639.089,0
639.195,0
639.301,0
639.407,0
639.514,6
639.62,0
639.726,0
639.833,0
639.939,0
640.045,0
640.151,5
640.258,27
640.364,0
640.47,0
640.576,25
640.683,15
640.789,1
640.895,0
641.002,7
641.108,0
641.214,0
641.32,7
641.427,5
641.533,3
641.639,0
641.745,0
641.852,12
641.958,25
642.064,8
642.171,5
642.277,0
642.383,0
642.489,0
642.596,4
642.702,0
642.808,10
642.914,0
643.021,0
643.127,0
643.233,34
643.339,9
643.446,12
643.552,0
643.658,13
643.765,2
643.871,8
643.977,17
644.083,0
644.19,0
644.296,0
644.402,0
644.508,0
644.615,24
644.721,4
644.827,0
644.933,14
645.04,11
645.146,25
645.252,7
645.358,0
645.465,23
645.571,15
645.677,0
645.784,0
645.89,9
645.996,0
646.102,0
646.209,15
646.315,15
646.421,0
646.527,13
646.634,0
646.74,0
646.846,56
646.952,48
647.059,14
647.165,0
647.271,0
647.377,0
647.484,9
647.59,0
647.696,0
647.802,0
647.909,24
648.015,0
648.121,0
648.227,10
648.334,0
648.44,11
648.546,11
648.652,0
648.759,0
648.865,30
648.971,0
649.077,0
649.184,8
649.29,0
649.396,4
649.502,0
649.609,0
649.715,4
649.821,16
649.927,14
650.034,0
650.14,0
650.246,22
650.352,1
650.459,6
650.565,0
650.671,0
650.777,0
650.884,0
650.99,21
651.096,6
651.202,0
651.309,0
651.415,3
651.521,0
651.627,0
651.734,16
651.84,12
651.946,2
652.052,151
652.159,142
652.265,63
652.371,3
652.477,0
652.584,0
652.69,0
652.796,3
652.902,0
653.009,0
653.115,87
653.221,58
653.327,0
653.434,52
653.54,9
653.646,0
653.752,0
653.858,0
653.965,35
654.071,2
654.177,0
654.283,9
654.39,19
654.496,74
654.602,24
654.708,13
654.815,14
654.921,6
655.027,7
655.133,34
655.24,0
655.346,0
655.452,24
655.558,37
655.665,0
655.771,0
655.877,10
655.983,48
656.089,5
656.196,10
656.302,51
656.408,47
656.514,8
656.621,6
656.727,36
656.833,0
656.939,0
657.046,0
657.152,0
657.258,0
657.364,0
657.47,22
657.577,19
657.683,6
657.789,0
657.895,17
658.002,0
658.108,6
658.214,0
658.32,0
658.427,23
658.533,5
658.639,9
658.745,10
658.851,4
658.958,0
659.064,0
659.17,0
659.276,5
659.383,7
659.489,5
659.595,11
659.701,66
659.807,166
659.914,278
660.02,236
660.126,76
660.232,0
660.339,0
660.445,0
660.551,17
660.657,132
660.763,106
660.87,33
660.976,0
661.082,13
661.188,0
661.295,8
661.401,5
661.507,26
661.613,2
661.719,67
661.826,97
661.932,58
662.038,2
662.144,0
662.251,0
662.357,0
662.463,0
662.569,33
662.675,82
662.782,26
662.888,9
662.994,0
663.1,0
663.206,0
663.313,0
663.419,0
663.525,37
663.631,0
663.738,0
663.844,0
663.95,0
664.056,18
664.162,0
664.269,0
664.375,9
664.481,49
664.587,9
664.693,0
664.8,0
664.906,17
665.012,16
665.118,32
665.225,0
665.331,0
665.437,21
665.543,0
665.649,24
665.756,0
665.862,0
665.968,20
666.074,40
666.18,84
666.287,142
666.393,66
666.499,16
666.605,11
666.711,0
666.818,0
666.924,4
667.03,1
667.136,22
667.242,19
667.349,50
667.455,13
667.561,0
667.667,28
667.773,34
667.88,0
667.986,0
668.092,26
668.198,33
668.304,0
668.411,7
668.517,0
668.623,0
668.729,2
668.835,11
668.942,16
669.048,0
669.154,0
669.26,90
669.366,74
669.473,104
669.579,58
669.685,0
669.791,0
669.897,6
670.004,0
670.11,5
670.216,4
670.322,60
670.428,85
670.535,15
670.641,35
670.747,17
670.853,15
670.959,18
671.066,2
671.172,0
671.278,0
671.384,3
671.49,21
671.597,41
671.703,0
671.809,2
671.915,0
672.021,30
672.128,13
672.234,27
672.34,192
672.446,227
672.552,119
672.658,12
672.765,0
672.871,0
672.977,2
673.083,82
673.189,54
673.296,59
673.402,6
673.508,0
673.614,0
673.72,24
673.827,37
673.933,26
674.039,24
674.145,0
674.251,0
674.357,0
674.464,2
674.57,0
674.676,5
674.782,0
674.888,0
674.995,12
675.101,10
675.207,39
675.313,127
675.419,90
675.526,30
675.632,30
675.738,0
675.844,0
675.95,0
676.056,20
676.163,2
676.269,0
676.375,0
676.481,0
676.587,10
676.693,0
676.8,13
676.906,8
677.012,7
677.118,0
677.224,20
677.331,0
677.437,0
677.543,7
677.649,0
677.755,0
677.861,0
677.968,24
678.074,12
678.18,0
678.286,0
678.392,0
678.498,0
678.605,0
678.711,30
678.817,71
678.923,36
679.029,18
679.136,0
679.242,62
679.348,130
679.454,48
679.56,0
679.666,0
679.773,0
679.879,0
679.985,10
680.091,5
680.197,0
680.303,3
680.41,0
680.516,21
680.622,0
680.728,0
680.834,0
680.94,0
681.047,0
681.153,0
681.259,0
681.365,18
681.471,0
681.577,24
681.684,18
681.79,22
681.896,0
682.002,11
682.108,0
682.214,5
682.321,0
682.427,0
682.533,0
682.639,0
682.745,0
682.851,0
682.958,2
683.064,0
683.17,0
683.276,0
683.382,0
683.488,4
683.595,46
683.701,34
683.807,30
683.913,9
684.019,0
684.125,6
684.231,10
684.338,0
684.444,17
684.55,13
684.656,0
684.762,14
684.868,5
684.975,34
685.081,9
685.187,0
685.293,7
685.399,7
685.505,0
685.611,0
685.718,18
685.824,0
685.93,0
686.036,0
686.142,0
686.248,0
686.355,0
686.461,7
686.567,0
686.673,0
686.779,0
686.885,11
686.991,0
687.098,6
687.204,0
687.31,0
687.416,23
687.522,2
687.628,0
687.735,3
687.841,18
687.947,20
688.053,9
688.159,0
688.265,22
688.371,4
688.478,0
688.584,6
688.69,19
688.796,17
688.902,0
689.008,3
689.114,0
689.221,0
689.327,29
689.433,38
689.539,0
689.645,0
689.751,26
689.857,18
689.964,0
690.07,13
690.176,0
690.282,21
690.388,18
690.494,6
690.6,17
690.707,14
690.813,2
690.919,0
691.025,5
691.131,0
691.237,0
691.343,0
691.45,10
691.556,0
691.662,0
691.768,0
691.874,18
691.98,0
692.086,12
692.193,5
692.299,4
692.405,0
692.511,0
692.617,17
692.723,4
692.829,0
692.935,6
693.042,0
693.148,0
693.254,0
693.36,4
693.466,19
693.572,22
693.678,0
693.785,28
693.891,33
693.997,0
694.103,7
694.209,0
694.315,13
694.421,23
694.527,0
694.634,0
694.74,16
694.846,12
694.952,0
695.058,0
695.164,0
695.27,10
695.376,0
695.483,0
695.589,8
695.695,0
695.801,9
695.907,1
696.013,0
696.119,0
696.225,32
696.332,65
696.438,135
696.544,80
696.65,11
696.756,5
696.862,0
696.968,0
697.074,31
697.181,43
697.287,56
697.393,40
697.499,12
697.605,9
697.711,0
697.817,0
697.923,0
698.03,8
698.136,13
698.242,49
698.348,50
698.454,12
698.56,21
698.666,2
698.772,8
698.879,0
698.985,19
699.091,0
699.197,0
699.303,16
699.409,18
699.515,1
