39.5139,0
39.7161,0
39.918,39
40.1196,46
40.3209,12
40.5218,4
40.7224,0
40.9227,5
41.1227,16
41.3224,0
41.5217,18
41.7208,10
41.9195,0
42.1179,0
42.316,25
42.5138,15
42.7113,0
42.9084,0
43.1053,32
43.3019,0
43.4982,14
43.6941,0
43.8898,6
44.0852,3
44.2803,22
44.4751,0
44.6696,3
44.8638,8
45.0577,20
45.2514,13
45.4447,14
45.6378,0
45.8306,0
46.0231,14
46.2153,31
46.4072,3
46.5989,0
46.7903,35
46.9814,11
47.1722,0
47.3628,25
47.5531,14
47.7431,0
47.9329,3
48.1223,0
48.3116,0
48.5005,21
48.6892,12
48.8776,3
49.0658,8
49.2537,19
49.4414,0
49.6288,14
49.8159,5
50.0028,20
50.1894,2
50.3757,29
50.5619,31
50.7477,0
50.9333,5
51.1187,11
51.3038,6
51.4887,4
51.6733,0
51.8577,0
52.0418,0
52.2257,0
52.4094,2
52.5928,0
52.7759,0
52.9589,0
53.1416,10
53.324,6
53.5062,0
53.6882,12
53.87,35
54.0515,0
54.2328,22
54.4138,0
54.5947,0
54.7753,0
54.9556,8
55.1358,6
55.3157,6
55.4954,0
55.6748,0
55.8541,25
56.0331,0
56.2119,11
56.3905,5
56.5688,4
56.747,20
56.9249,18
57.1026,17
57.2801,12
57.4574,8
57.6344,20
57.8113,0
57.9879,0
58.1643,15
58.3406,0
58.5166,6
58.6923,21
58.8679,21
59.0433,0
59.2185,0
59.3934,13
59.5682,13
59.7427,17
59.9171,25
60.0912,3
60.2652,11
60.4389,6
60.6125,0
60.7858,17
60.9589,7
61.1319,4
61.3046,19
61.4772,11
61.6495,6
61.8217,0
61.9936,10
62.1654,17
62.337,12
62.5084,38
62.6795,4
62.8505,0
63.0213,27
63.192,10
63.3624,0
63.5326,9
63.7027,17
63.8725,29
64.0422,0
64.2117,11
64.381,8
64.5502,0
64.7191,0
64.8878,17
65.0564,3
65.2248,0
65.393,5
65.5611,20
65.7289,0
65.8966,14
66.0641,0
66.2314,0
66.3985,8
66.5655,15
66.7323,0
66.8989,0
67.0653,6
67.2316,13
67.3977,7
67.5636,0
67.7293,31
67.8949,41
68.0603,8
68.2255,0
68.3906,0
68.5554,29
68.7202,0
68.8847,0
69.0491,4
69.2133,8
69.3774,4
69.5412,17
69.705,32
69.8685,19
70.0319,0
70.1951,0
70.3582,18
70.5211,10
70.6838,0
70.8464,23
71.0088,24
71.171,11
71.3331,11
71.4951,15
71.6568,8
71.8185,12
71.9799,0
72.1412,0
72.3023,8
72.4633,5
72.6242,15
72.7848,0
72.9453,0
73.1057,0
73.2659,10
73.426,0
73.5859,0
73.7456,23
73.9052,0
74.0647,0
74.224,16
74.3831,0
74.5421,2
74.7009,18
74.8596,15
75.0182,0
75.1766,0
75.3348,15
75.4929,30
75.6509,0
75.8087,0
75.9664,0
76.1239,12
76.2813,9
76.4385,2
76.5956,0
76.7525,0
76.9093,19
77.066,21
77.2225,12
77.3788,26
77.5351,0
77.6911,4
77.8471,0
78.0029,5
78.1586,0
78.3141,5
78.4695,6
78.6247,0
78.7798,20
78.9348,0
79.0896,27
79.2443,0
79.3989,1
79.5533,48
79.7076,11
79.8618,10
80.0158,0
80.1697,0
80.3234,0
80.477,0
80.6305,24
80.7838,0
80.9371,0
81.0901,13
81.2431,0
81.3959,38
81.5486,0
81.7012,0
81.8536,2
82.0059,13
82.1581,35
82.3101,16
82.462,0
82.6138,14
82.7654,0
82.917,0
83.0684,0
83.2196,2
83.3708,0
83.5218,26
83.6727,0
83.8234,3
83.9741,4
84.1246,12
84.275,12
84.4253,0
84.5754,0
84.7254,25
84.8753,38
85.0251,0
85.1747,11
85.3243,10
85.4737,10
85.623,0
85.7721,2
85.9212,5
86.0701,17
86.2189,0
86.3676,13
86.5161,0
86.6646,0
86.8129,0
86.9611,8
87.1092,0
87.2572,59
87.405,62
87.5527,34
87.7004,19
87.8479,0
87.9952,6
88.1425,0
88.2897,22
88.4367,28
88.5836,0
88.7304,0
88.8771,0
89.0237,11
89.1701,6
89.3165,12
89.4627,0
89.6089,0
89.7549,10
89.9008,0
90.0465,0
90.1922,0
90.3378,0
90.4832,27
90.6286,18
90.7738,0
90.9189,0
91.0639,0
91.2088,0
91.3536,8
91.4983,8
91.6429,14
91.7873,0
91.9317,3
92.0759,0
92.2201,0
92.3641,29
92.508,24
92.6518,0
92.7955,8
92.9391,3
93.0826,0
93.226,12
93.3693,14
93.5125,11
93.6555,0
93.7985,0
93.9414,12
94.0841,13
94.2268,7
94.3693,0
94.5118,8
94.6541,16
94.7964,11
94.9385,7
95.0805,0
95.2225,19
95.3643,0
95.506,26
95.6476,21
95.7892,19
95.9306,0
96.0719,22
96.2131,21
96.3543,9
96.4953,0
96.6362,0
96.777,0
96.9177,6
97.0584,0
97.1989,0
97.3393,30
97.4796,0
97.6199,14
97.76,5
97.9,0
98.04,21
98.1798,24
98.3195,23
98.4592,16
98.5987,11
98.7382,6
98.8775,8
99.0168,4
99.1559,14
99.295,31
99.434,7
99.5729,0
99.7116,9
99.8503,29
99.9889,0
100.127,0
100.266,6
100.404,7
100.542,2
100.68,6
100.818,40
100.956,11
101.094,26
101.232,0
101.37,14
101.507,4
101.645,6
101.782,11
101.919,0
102.057,0
102.194,0
102.331,0
102.468,0
102.605,1
102.741,16
102.878,0
103.014,7
103.151,18
103.287,0
103.424,0
103.56,33
103.696,3
103.832,24
103.968,0
104.104,0
104.24,0
104.375,0
104.511,25
104.646,6
104.782,0
104.917,16
105.052,4
105.188,21
105.323,6
105.458,3
105.592,20
105.727,0
105.862,32
105.997,26
106.131,5
106.266,0
106.4,0
106.534,28
106.669,20
106.803,0
106.937,0
107.071,6
107.205,0
107.338,18
107.472,0
107.606,15
107.739,14
107.873,21
108.006,0
108.139,0
108.273,0
108.406,0
108.539,0
108.672,0
108.805,30
108.938,0
109.07,2
109.203,27
109.336,16
109.468,0
109.6,0
109.733,2
109.865,21
109.997,0
110.129,0
110.261,0
110.393,0
110.525,21
110.657,0
110.788,2
110.92,1
111.052,0
111.183,0
111.314,0
111.446,4
111.577,11
111.708,18
111.839,12
111.97,24
112.101,26
112.232,0
112.363,2
112.493,14
112.624,6
112.754,2
112.885,20
113.015,8
113.145,19
113.276,3
113.406,6
113.536,31
113.666,11
113.796,0
113.926,49
114.055,10
114.185,0
114.315,21
114.444,8
114.574,0
114.703,15
114.832,32
114.962,21
115.091,22
115.22,2
115.349,0
115.478,9
115.607,0
115.735,0
115.864,11
115.993,21
116.121,0
116.25,0
116.378,9
116.507,14
116.635,0
116.763,0
116.891,13
117.019,5
117.147,0
117.275,0
117.403,0
117.531,5
117.659,35
117.786,32
117.914,5
118.041,25
118.169,0
118.296,7
118.423,24
118.551,78
118.678,165
118.805,98
118.932,19
119.059,0
119.186,0
119.312,14
119.439,10
119.566,0
119.692,20
119.819,9
119.945,14
120.072,0
120.198,6
120.324,0
120.451,0
120.577,0
120.703,24
120.829,12
120.955,0
121.08,0
121.206,1
121.332,27
121.458,0
121.583,0
121.709,2
121.834,0
121.959,0
122.085,32
122.21,0
122.335,6
122.46,7
122.585,0
122.71,13
122.835,16
122.96,0
123.085,0
123.209,9
123.334,33
123.459,4
123.583,0
123.708,0
123.832,2
123.956,36
124.081,24
124.205,15
124.329,9
124.453,0
124.577,13
124.701,51
124.825,0
124.949,5
125.072,24
125.196,0
125.32,13
125.443,33
125.567,12
125.69,0
125.814,0
125.937,0
126.06,15
126.183,2
126.306,40
126.429,0
126.552,0
126.675,20
126.798,16
126.921,0
127.044,9
127.166,0
127.289,25
127.412,0
127.534,0
127.657,2
127.779,7
127.901,6
128.023,0
128.146,0
128.268,6
128.39,28
128.512,0
128.634,13
128.756,0
128.878,0
128.999,8
129.121,5
129.243,1
129.364,8
129.486,13
129.607,15
129.729,0
129.85,0
129.971,0
130.092,24
130.214,22
130.335,2
130.456,0
130.577,7
130.698,0
130.819,7
130.939,0
131.06,24
131.181,1
131.302,0
131.422,22
131.543,0
131.663,12
131.784,0
131.904,18
132.024,15
132.144,3
132.265,4
132.385,21
132.505,16
132.625,11
132.745,5
132.865,15
132.985,0
133.104,5
133.224,15
133.344,0
133.463,0
133.583,6
133.702,7
133.822,21
133.941,0
134.061,0
134.18,26
134.299,23
134.418,6
134.537,1
134.656,26
134.775,27
134.894,0
135.013,0
135.132,5
135.251,0
135.369,0
135.488,10
135.607,1
135.725,15
135.844,0
135.962,16
136.081,25
136.199,7
136.317,0
136.436,0
136.554,0
136.672,8
136.79,8
136.908,0
137.026,0
137.144,0
137.262,0
137.379,0
137.497,8
137.615,4
137.733,7
137.85,22
137.968,6
138.085,17
138.203,29
138.32,7
138.437,0
138.555,16
138.672,13
138.789,1
138.906,22
139.023,0
139.14,16
139.257,0
139.374,0
139.491,25
139.608,6
139.724,0
139.841,0
139.958,0
140.074,0
140.191,4
140.307,5
140.424,17
140.54,0
140.657,0
140.773,0
140.889,0
141.005,4
141.121,0
141.237,15
141.353,4
141.469,17
141.585,15
141.701,0
141.817,0
141.933,16
142.049,20
142.164,0
142.28,0
142.396,0
142.511,0
142.627,0
142.742,0
142.857,10
142.973,19
143.088,5
143.203,32
143.318,17
143.434,7
143.549,16
143.664,27
143.779,0
143.894,8
144.008,1
144.123,0
144.238,6
144.353,0
144.468,0
144.582,0
144.697,8
144.811,16
144.926,8
145.04,9
145.155,0
145.269,0
145.383,7
145.498,0
145.612,3
145.726,18
145.84,78
145.954,126
146.068,51
146.182,18
146.296,26
146.41,2
146.524,4
146.638,18
146.751,19
146.865,6
146.979,0
147.092,35
147.206,26
147.319,0
147.433,18
147.546,8
147.66,15
147.773,6
147.886,0
148,0
148.113,0
148.226,20
148.339,0
148.452,0
148.565,17
148.678,28
148.791,0
148.904,34
149.016,14
149.129,0
149.242,8
149.355,1
149.467,0
149.58,0
149.692,13
149.805,0
149.917,9
150.03,14
150.142,77
150.254,76
150.367,52
150.479,19
150.591,21
150.703,0
150.815,0
150.927,18
151.039,0
151.151,0
151.263,0
151.375,25
151.487,0
151.599,0
151.711,0
151.822,0
151.934,9
152.045,1
152.157,0
152.269,18
152.38,26
152.491,0
152.603,3
152.714,14
152.825,3
152.937,7
153.048,0
153.159,0
153.27,9
153.381,49
153.492,0
153.603,4
153.714,7
153.825,0
153.936,0
154.047,0
154.158,15
154.268,0
154.379,0
154.49,24
154.6,44
154.711,25
154.822,7
154.932,9
155.042,0
155.153,10
155.263,12
155.374,0
155.484,0
155.594,20
155.704,10
155.814,0
155.924,18
156.035,9
156.145,4
156.255,0
156.364,22
156.474,13
156.584,0
156.694,0
156.804,9
156.914,34
157.023,0
157.133,0
157.243,0
157.352,0
157.462,0
157.571,0
157.681,7
157.79,0
157.899,0
158.009,0
158.118,8
158.227,2
158.336,0
158.446,0
158.555,10
158.664,0
158.773,0
158.882,9
158.991,29
159.1,13
159.209,4
159.317,6
159.426,0
159.535,24
159.644,11
159.752,0
159.861,0
159.97,6
160.078,17
160.187,0
160.295,0
160.404,7
160.512,7
160.62,0
160.729,0
160.837,0
160.945,9
161.053,7
161.162,9
161.27,7
161.378,0
161.486,0
161.594,8
161.702,0
161.81,0
161.918,9
162.026,22
162.133,18
162.241,0
162.349,17
162.457,0
162.564,0
162.672,15
162.779,0
162.887,0
162.994,0
163.102,22
163.209,10
163.317,0
163.424,14
163.531,5
163.639,2
163.746,0
163.853,0
163.96,5
164.067,0
164.175,13
164.282,36
164.389,0
164.496,3
164.603,31
164.709,6
164.816,23
164.923,21
165.03,8
165.137,13
165.243,16
165.35,11
165.457,20
165.563,0
165.67,13
165.776,12
165.883,0
165.989,0
166.096,8
166.202,4
166.309,0
166.415,12
166.521,6
166.627,3
166.734,0
166.84,1
166.946,26
167.052,14
167.158,0
167.264,0
167.37,24
167.476,16
167.582,0
167.688,0
167.794,6
167.899,0
168.005,0
168.111,8
168.217,28
168.322,4
168.428,0
168.533,23
168.639,38
168.745,2
168.85,0
168.955,0
169.061,14
169.166,6
169.272,0
169.377,7
169.482,36
169.587,15
169.693,21
169.798,0
169.903,0
170.008,6
170.113,0
170.218,0
170.323,19
170.428,20
170.533,0
170.638,3
170.743,0
170.847,8
170.952,0
171.057,0
171.162,14
171.266,8
171.371,0
171.476,25
171.58,10
171.685,2
171.789,0
171.894,0
171.998,10
172.102,12
172.207,16
172.311,0
172.415,0
172.52,11
172.624,1
172.728,28
172.832,0
172.936,8
173.04,0
173.145,9
173.249,0
173.353,19
173.457,6
173.56,6
173.664,0
173.768,0
173.872,10
173.976,10
174.08,4
174.183,0
174.287,0
174.391,7
174.494,0
174.598,0
174.701,58
174.805,47
174.908,0
175.012,0
175.115,27
175.219,0
175.322,0
175.425,0
175.529,0
175.632,18
175.735,0
175.838,14
175.941,13
176.045,18
176.148,0
176.251,5
176.354,44
176.457,3
176.56,0
176.663,12
176.766,14
176.868,53
176.971,306
177.074,232
177.177,85
177.28,0
177.382,0
177.485,0
177.588,0
177.69,8
177.793,0
177.895,7
177.998,0
178.1,2
178.203,19
178.305,15
178.408,0
178.51,0
178.612,8
178.714,0
178.817,0
178.919,0
179.021,8
179.123,24
179.225,0
179.328,0
179.43,0
179.532,4
179.634,38
179.736,0
179.838,0
179.939,0
180.041,58
180.143,50
180.245,28
180.347,2
180.449,0
180.55,0
180.652,29
180.754,0
180.855,45
180.957,78
181.058,68
181.16,37
181.262,0
181.363,0
181.464,8
181.566,0
181.667,15
181.769,7
181.87,4
181.971,23
182.072,9
182.174,1
182.275,0
182.376,0
182.477,14
182.578,30
182.679,0
182.78,0
182.881,17
182.982,14
183.083,10
183.184,8
183.285,1
183.386,8
183.487,0
183.588,5
183.689,0
183.789,0
183.89,8
183.991,11
184.091,17
184.192,8
184.293,0
184.393,26
184.494,23
184.594,10
184.695,0
184.795,0
184.896,26
184.996,36
185.096,0
185.197,10
185.297,0
185.397,13
185.498,0
185.598,44
185.698,70
185.798,51
185.898,0
185.998,8
186.098,0
186.198,5
186.298,26
186.398,0
186.498,0
186.598,0
186.698,0
186.798,0
186.898,0
186.998,22
187.098,0
187.197,0
187.297,0
187.397,1
187.496,10
187.596,0
187.696,0
187.795,0
187.895,0
187.994,0
188.094,0
188.193,0
188.293,10
188.392,22
188.491,6
188.591,28
188.69,18
188.789,0
188.889,13
188.988,6
189.087,21
189.186,4
189.285,0
189.385,0
189.484,11
189.583,2
189.682,0
189.781,0
189.88,4
189.979,25
190.078,0
190.177,0
190.276,1
190.374,0
190.473,0
190.572,0
190.671,10
190.769,2
190.868,4
190.967,0
191.066,0
191.164,15
191.263,7
191.361,0
191.46,0
191.558,13
191.657,0
191.755,0
191.854,0
191.952,0
192.051,6
192.149,0
192.247,0
192.346,3
192.444,20
192.542,0
192.64,0
192.738,9
192.837,9
192.935,0
193.033,8
193.131,13
193.229,4
193.327,6
193.425,27
193.523,7
193.621,12
193.719,2
193.817,6
193.915,0
194.012,0
194.11,0
194.208,14
194.306,7
194.404,5
194.501,0
194.599,0
194.697,0
194.794,13
194.892,14
194.989,4
195.087,0
195.185,0
195.282,0
195.379,0
195.477,5
195.574,3
195.672,12
195.769,8
195.866,0
195.964,2
196.061,0
196.158,33
196.256,15
196.353,4
196.45,1
196.547,12
196.644,12
196.741,0
196.838,0
196.935,0
197.032,0
197.129,12
197.226,0
197.323,0
197.42,19
197.517,0
197.614,12
197.711,4
197.808,19
197.905,0
198.001,0
198.098,10
198.195,0
198.292,0
198.388,0
198.485,0
198.581,4
198.678,9
198.775,5
198.871,37
198.968,25
199.064,0
199.161,7
199.257,11
199.353,7
199.45,0
199.546,0
199.643,0
199.739,7
199.835,0
199.931,0
200.028,11
200.124,0
200.22,0
200.316,8
200.412,6
200.509,7
200.605,0
200.701,6
200.797,6
200.893,0
200.989,0
201.085,0
201.181,3
201.277,16
201.372,0
201.468,1
201.564,0
201.66,0
201.756,0
201.852,0
201.947,0
202.043,32
202.139,0
202.234,17
202.33,0
202.426,12
202.521,0
202.617,0
202.712,12
202.808,4
202.903,0
202.999,0
203.094,10
203.19,10
203.285,0
203.381,0
203.476,0
203.571,15
203.667,0
203.762,6
203.857,0
203.952,15
204.048,0
204.143,0
204.238,0
204.333,0
204.428,32
204.523,29
204.618,0
204.713,11
204.808,0
204.903,23
204.998,50
205.093,18
205.188,2
205.283,2
205.378,12
205.473,0
205.568,0
205.663,0
205.757,18
205.852,21
205.947,0
206.042,7
206.136,19
206.231,0
206.326,20
206.42,20
206.515,10
206.609,4
206.704,1
206.798,19
206.893,1
206.987,152
207.082,151
207.176,63
207.271,0
207.365,0
207.459,0
207.554,4
207.648,4
207.742,0
207.837,4
207.931,7
208.025,0
208.119,8
208.214,0
208.308,0
208.402,0
208.496,0
208.59,0
208.684,1
208.778,3
208.872,0
208.966,21
209.06,18
209.154,0
209.248,23
209.342,13
209.436,0
209.53,0
209.624,7
209.717,11
209.811,0
209.905,0
209.999,0
210.092,0
210.186,0
210.28,0
210.374,12
210.467,2
210.561,0
210.654,0
210.748,8
210.842,0
210.935,0
211.029,2
211.122,0
211.215,0
211.309,1
211.402,0
211.496,2
211.589,3
211.682,0
211.776,0
211.869,2
211.962,0
212.056,0
212.149,12
212.242,12
212.335,14
212.428,0
212.522,0
212.615,13
212.708,18
212.801,18
212.894,0
212.987,0
213.08,0
213.173,0
213.266,0
213.359,0
213.452,0
213.545,9
213.638,0
213.731,0
213.823,38
213.916,1
214.009,0
214.102,0
214.195,0
214.287,15
214.38,0
214.473,0
214.565,6
214.658,32
214.751,17
214.843,2
214.936,0
215.028,17
215.121,0
215.214,0
215.306,21
215.399,0
215.491,0
215.583,30
215.676,16
215.768,0
215.861,0
215.953,21
216.045,0
216.138,0
216.23,8
216.322,0
216.414,26
216.507,23
216.599,10
216.691,0
216.783,0
216.875,13
216.968,4
217.06,0
217.152,0
217.244,2
217.336,16
217.428,0
217.52,7
217.612,0
217.704,0
217.796,34
217.888,12
217.98,0
218.071,0
218.163,0
218.255,0
218.347,0
218.439,18
218.53,12
218.622,0
218.714,0
218.806,14
218.897,0
218.989,0
219.081,34
219.172,29
219.264,1
219.355,0
219.447,11
219.539,18
219.63,2
219.722,13
219.813,0
219.905,0
219.996,4
220.087,1
220.179,0
220.27,0
220.362,0
220.453,0
220.544,0
220.636,0
220.727,6
220.818,12
220.909,7
221.001,0
221.092,0
221.183,0
221.274,26
221.365,0
221.456,0
221.547,0
221.638,14
221.73,0
221.821,0
221.912,17
222.003,8
222.094,17
222.185,18
222.276,0
222.366,0
222.457,0
222.548,7
222.639,0
222.73,0
222.821,0
222.912,0
223.002,33
223.093,29
223.184,25
223.275,0
223.365,2
223.456,12
223.547,0
223.637,0
223.728,19
223.818,24
223.909,6
224,0
224.09,0
224.181,0
224.271,20
224.362,6
224.452,0
224.543,8
224.633,0
224.723,5
224.814,0
224.904,0
224.995,0
225.085,11
225.175,22
225.266,0
225.356,0
225.446,0
225.536,30
225.627,15
225.717,0
225.807,0
225.897,6
225.987,24
226.077,28
226.167,1
226.258,0
226.348,10
226.438,4
226.528,0
226.618,4
226.708,0
226.798,0
226.888,12
226.978,0
227.067,0
227.157,0
227.247,0
227.337,12
227.427,3
227.517,11
227.607,27
227.696,0
227.786,0
227.876,0
227.966,7
228.055,0
228.145,15
228.235,23
228.324,0
228.414,21
228.504,0
228.593,7
228.683,0
228.772,1
228.862,13
228.951,3
229.041,10
229.13,14
229.22,10
229.309,7
229.399,0
229.488,0
229.577,8
229.667,0
229.756,1
229.845,2
229.935,0
230.024,11
230.113,18
230.203,0
230.292,15
230.381,15
230.47,12
230.559,5
230.649,1
230.738,0
230.827,14
230.916,0
231.005,14
231.094,0
231.183,0
231.272,0
231.361,0
231.45,36
231.539,16
231.628,0
231.717,2
231.806,0
231.895,0
231.984,20
232.073,35
232.162,1
232.251,0
232.339,0
232.428,0
232.517,26
232.606,0
232.695,0
232.783,17
232.872,29
232.961,0
233.049,10
233.138,0
233.227,31
233.315,10
233.404,0
233.493,0
233.581,0
233.67,35
233.758,0
233.847,0
233.935,28
234.024,17
234.112,34
234.201,31
234.289,0
234.378,19
234.466,24
234.554,0
234.643,0
234.731,1
234.819,4
234.908,7
234.996,0
235.084,0
235.172,0
235.261,16
235.349,8
235.437,8
235.525,19
235.613,0
235.702,0
235.79,6
235.878,15
235.966,8
236.054,0
236.142,4
236.23,0
236.318,0
236.406,0
236.494,7
236.582,10
236.67,25
236.758,1
236.846,0
236.934,10
237.022,0
237.11,4
237.198,0
237.285,16
237.373,0
237.461,0
237.549,0
237.637,15
237.724,0
237.812,0
237.9,0
237.988,3
238.075,21
238.163,0
238.251,11
238.338,4
238.426,22
238.513,29
238.601,0
238.689,0
238.776,16
238.864,0
238.951,0
239.039,0
239.126,0
239.214,10
239.301,0
239.389,0
239.476,22
239.563,0
239.651,22
239.738,27
239.826,11
239.913,10
240,20
240.087,0
240.175,0
240.262,29
240.349,0
240.437,0
240.524,7
240.611,0
240.698,0
240.785,32
240.872,25
240.96,0
241.047,0
241.134,0
241.221,10
241.308,6
241.395,2
241.482,0
241.569,2
241.656,24
241.743,0
241.83,4
241.917,10
242.004,23
242.091,0
242.178,0
242.265,0
242.352,0
242.438,13
242.525,0
242.612,0
242.699,0
242.786,0
242.872,0
242.959,0
243.046,0
243.133,0
243.219,0
243.306,0
243.393,32
243.479,4
243.566,18
243.653,5
243.739,14
243.826,0
243.912,0
243.999,0
244.086,3
244.172,15
244.259,1
244.345,7
244.432,14
244.518,0
244.605,0
244.691,0
244.777,15
244.864,8
244.95,15
245.037,5
245.123,0
245.209,0
245.296,5
245.382,0
245.468,6
245.554,0
245.641,31
245.727,0
245.813,0
245.899,24
245.986,15
246.072,0
246.158,0
246.244,10
246.33,0
246.416,0
246.502,0
246.589,2
246.675,0
246.761,0
246.847,4
246.933,0
247.019,11
247.105,19
247.191,5
247.277,0
247.363,3
247.449,21
247.534,14
247.62,1
247.706,0
247.792,4
247.878,20
247.964,8
248.05,0
248.135,0
248.221,1
248.307,0
248.393,0
248.479,0
248.564,0
248.65,17
248.736,36
248.821,5
248.907,8
248.993,10
249.078,0
249.164,0
249.25,0
249.335,0
249.421,24
249.506,1
249.592,13
249.677,0
249.763,0
249.848,0
249.934,5
250.019,79
250.105,373
250.19,284
250.276,121
250.361,0
250.446,4
250.532,0
250.617,0
250.703,13
250.788,0
250.873,0
250.959,6
251.044,1
251.129,0
251.214,14
251.3,13
251.385,0
251.47,29
251.555,0
251.64,0
251.726,0
251.811,0
251.896,0
251.981,0
252.066,17
252.151,5
252.236,0
252.321,0
252.406,0
252.491,0
252.576,1
252.661,0
252.746,0
252.831,0
252.916,12
253.001,0
253.086,0
253.171,4
253.256,15
253.341,0
253.426,0
253.511,7
253.596,5
253.68,0
253.765,0
253.85,0
253.935,0
254.02,11
254.104,0
254.189,0
254.274,38
254.358,0
254.443,5
254.528,0
254.613,0
254.697,3
254.782,15
254.866,21
254.951,13
255.036,0
255.12,0
255.205,27
255.289,2
255.374,3
255.458,21
255.543,0
255.627,0
255.712,8
255.796,11
255.881,0
255.965,0
256.05,0
256.134,0
256.218,1
256.303,1
256.387,0
256.472,20
256.556,4
256.64,18
256.724,0
256.809,0
256.893,0
256.977,40
257.062,42
257.146,0
257.23,0
257.314,5
257.398,0
257.483,0
257.567,19
257.651,0
257.735,0
257.819,0
257.903,32
257.987,18
258.071,0
258.156,7
258.24,16
258.324,20
258.408,0
258.492,0
258.576,0
258.66,13
258.744,8
258.828,6
258.911,0
258.995,0
259.079,10
259.163,17
259.247,0
259.331,0
259.415,8
259.499,0
259.582,0
259.666,0
259.75,3
259.834,5
259.918,0
260.001,0
260.085,1
260.169,12
260.253,17
260.336,6
260.42,10
260.504,16
260.587,17
260.671,3
260.755,13
260.838,0
260.922,0
261.005,23
261.089,43
261.173,196
261.256,152
261.34,69
261.423,9
261.507,8
261.59,2
261.674,7
261.757,0
261.841,56
261.924,142
262.007,82
262.091,10
262.174,0
262.258,0
262.341,0
262.424,6
262.508,0
262.591,104
262.674,119
262.758,67
262.841,48
262.924,29
263.008,26
263.091,7
263.174,0
263.257,8
263.34,1
263.424,0
263.507,43
263.59,12
263.673,0
263.756,2
263.839,22
263.923,0
264.006,0
264.089,8
264.172,0
264.255,11
264.338,24
264.421,31
264.504,22
264.587,17
264.67,10
264.753,0
264.836,13
264.919,0
265.002,0
265.085,0
265.168,16
265.251,18
265.333,21
265.416,5
265.499,0
265.582,14
265.665,26
265.748,0
265.831,0
265.913,0
265.996,10
266.079,0
266.162,0
266.244,52
266.327,41
266.41,19
266.493,0
266.575,0
266.658,22
266.741,0
266.823,16
266.906,22
266.989,0
267.071,0
267.154,0
267.236,5
267.319,6
267.402,0
267.484,0
267.567,0
267.649,24
267.732,21
267.814,0
267.897,8
267.979,0
268.062,8
268.144,26
268.226,0
268.309,0
268.391,4
268.474,20
268.556,0
268.638,16
268.721,6
268.803,6
268.885,13
268.968,39
269.05,53
269.132,10
269.215,0
269.297,29
269.379,12
269.461,17
269.544,24
269.626,3
269.708,11
269.79,0
269.872,0
269.955,0
270.037,1
270.119,0
270.201,13
270.283,25
270.365,0
270.447,27
270.529,56
270.611,8
270.694,0
270.776,2
270.858,0
270.94,0
271.022,0
271.104,18
271.186,0
271.268,4
271.349,3
271.431,16
271.513,30
271.595,34
271.677,0
271.759,11
271.841,32
271.923,2
272.005,0
272.086,6
272.168,0
272.25,10
272.332,2
272.414,0
272.495,18
272.577,0
272.659,0
272.741,3
272.822,9
272.904,9
272.986,9
273.068,0
273.149,0
273.231,0
273.313,0
273.394,0
273.476,0
273.557,25
273.639,0
273.721,0
273.802,0
273.884,8
273.965,11
274.047,31
274.128,2
274.21,4
274.291,16
274.373,0
274.454,30
274.536,30
274.617,0
274.699,0
274.78,0
274.862,2
274.943,27
275.024,1
275.106,138
275.187,192
275.269,65
275.35,15
275.431,0
275.513,0
275.594,0
275.675,0
275.756,0
275.838,0
275.919,2
276,0
276.082,14
276.163,7
276.244,10
276.325,16
276.406,5
276.488,0
276.569,12
276.65,15
276.731,0
276.812,18
276.893,6
276.974,0
277.055,1
277.137,1
277.218,9
277.299,8
277.38,0
277.461,0
277.542,18
277.623,0
277.704,1
277.785,17
277.866,36
277.947,18
278.028,0
278.109,27
278.19,0
278.27,0
278.351,0
278.432,9
278.513,0
278.594,0
278.675,4
278.756,0
278.837,0
278.917,2
278.998,13
279.079,6
279.16,0
279.241,11
279.321,0
279.402,6
279.483,5
279.564,0
279.644,0
279.725,12
279.806,5
279.886,8
279.967,42
280.048,15
280.128,0
280.209,0
280.29,4
280.37,1
280.451,2
280.531,15
280.612,0
280.693,36
280.773,3
280.854,0
280.934,20
281.015,0
281.095,0
281.176,0
281.256,16
281.337,24
281.417,14
281.498,19
281.578,23
281.659,0
281.739,20
281.819,25
281.9,9
281.98,0
282.061,80
282.141,91
282.221,20
282.302,0
282.382,4
282.462,0
282.543,36
282.623,8
282.703,0
282.783,0
282.864,15
282.944,0
283.024,6
283.104,17
283.185,1
283.265,0
283.345,0
283.425,14
283.505,0
283.585,0
283.666,0
283.746,35
283.826,16
283.906,23
283.986,0
284.066,0
284.146,41
284.226,26
284.306,0
284.386,2
284.466,5
284.546,12
284.626,4
284.706,0
284.786,12
284.866,14
284.946,0
285.026,13
285.106,0
285.186,6
285.266,0
285.346,0
285.426,45
285.506,0
285.586,0
285.666,0
285.745,3
285.825,0
285.905,0
285.985,0
286.065,19
286.145,30
286.224,2
286.304,26
286.384,6
286.464,0
286.543,0
286.623,15
286.703,0
286.783,11
286.862,51
286.942,0
287.022,0
287.101,0
287.181,1
287.261,0
287.34,6
287.42,22
287.5,28
287.579,14
287.659,6
287.738,14
287.818,21
287.897,2
287.977,12
288.057,8
288.136,7
288.216,8
288.295,41
288.375,12
288.454,17
288.534,1
288.613,0
288.692,1
288.772,32
288.851,17
288.931,0
289.01,12
289.09,26
289.169,4
289.248,0
289.328,0
289.407,0
289.486,9
289.566,0
289.645,0
289.724,34
289.804,13
289.883,5
289.962,0
290.042,0
290.121,9
290.2,29
290.279,0
290.359,0
290.438,0
290.517,28
290.596,19
290.675,0
290.755,0
290.834,11
290.913,0
290.992,32
291.071,22
291.15,0
291.229,4
291.308,5
291.388,16
291.467,0
291.546,0
291.625,12
291.704,0
291.783,31
291.862,0
291.941,0
292.02,10
292.099,21
292.178,29
292.257,60
292.336,67
292.415,66
292.494,1
292.573,0
292.652,30
292.73,19
292.809,10
292.888,7
292.967,10
293.046,0
293.125,0
293.204,0
293.283,0
293.361,15
293.44,0
293.519,0
293.598,0
293.677,9
293.755,18
293.834,36
293.913,4
293.992,2
294.07,4
294.149,10
294.228,0
294.307,20
294.385,0
294.464,5
294.543,6
294.621,6
294.7,25
294.779,15
294.857,0
294.936,19
295.014,23
295.093,26
295.172,23
295.25,13
295.329,2
295.407,22
295.486,14
295.564,0
295.643,12
295.722,7
295.8,18
295.879,2
295.957,8
296.036,0
296.114,0
296.192,17
296.271,0
296.349,0
296.428,4
296.506,8
296.585,0
296.663,0
296.741,0
296.82,1
296.898,0
296.977,0
297.055,6
297.133,0
297.212,22
297.29,0
297.368,17
297.446,0
297.525,0
297.603,9
297.681,11
297.76,0
297.838,23
297.916,39
297.994,36
298.073,64
298.151,39
298.229,0
298.307,0
298.385,73
298.463,17
298.542,2
298.62,0
298.698,0
298.776,0
298.854,0
298.932,2
299.01,24
299.088,19
299.167,21
299.245,28
299.323,0
299.401,19
299.479,24
299.557,9
299.635,19
299.713,0
299.791,0
299.869,0
299.947,22
300.025,8
300.103,1
300.181,0
300.259,10
300.337,0
300.415,0
300.492,71
300.57,68
300.648,22
300.726,0
300.804,0
300.882,0
300.96,0
301.038,25
301.115,23
301.193,8
301.271,0
301.349,1
301.427,6
301.504,5
301.582,6
301.66,0
301.738,28
301.816,16
301.893,1
301.971,14
302.049,0
302.126,2
302.204,0
302.282,27
302.36,0
302.437,0
302.515,0
302.593,0
302.67,0
302.748,18
302.825,0
302.903,26
302.981,1
303.058,0
303.136,7
303.213,0
303.291,4
303.369,8
303.446,0
303.524,0
303.601,32
303.679,20
303.756,16
303.834,0
303.911,0
303.989,0
304.066,11
304.144,1
304.221,4
304.299,6
304.376,3
304.453,33
304.531,22
304.608,4
304.686,0
304.763,0
304.84,18
304.918,19
304.995,12
305.072,0
305.15,10
305.227,1
305.304,6
305.382,0
305.459,0
305.536,14
305.614,0
305.691,25
305.768,8
305.845,0
305.923,0
306,0
306.077,0
306.154,21
306.232,31
306.309,0
306.386,0
306.463,0
306.54,7
306.618,10
306.695,4
306.772,0
306.849,0
306.926,0
307.003,0
307.08,5
307.157,11
307.234,0
307.312,15
307.389,0
307.466,4
307.543,20
307.62,7
307.697,10
307.774,0
307.851,20
307.928,6
308.005,11
308.082,0
308.159,9
308.236,0
308.313,21
308.39,4
308.467,18
308.544,0
308.621,4
308.697,40
308.774,13
308.851,24
308.928,0
309.005,0
309.082,0
309.159,20
309.236,4
309.312,20
309.389,0
309.466,0
309.543,0
309.62,10
309.697,25
309.773,9
309.85,0
309.927,18
310.004,14
310.08,10
310.157,6
310.234,0
310.311,4
310.387,30
310.464,0
310.541,0
310.617,0
310.694,6
310.771,10
310.847,0
310.924,0
311.001,0
311.077,39
311.154,6
311.231,9
311.307,1
311.384,0
311.46,20
311.537,12
311.614,2
311.69,0
311.767,4
311.843,19
311.92,29
311.996,22
312.073,20
312.149,0
312.226,23
312.302,16
312.379,0
312.455,20
312.532,5
312.608,4
312.685,0
312.761,0
312.838,16
312.914,44
312.99,96
313.067,83
313.143,34
313.22,0
313.296,0
313.372,0
313.449,9
313.525,0
313.601,0
313.678,0
313.754,0
313.83,45
313.907,51
313.983,0
314.059,0
314.136,0
314.212,3
314.288,0
314.364,0
314.441,0
314.517,11
314.593,3
314.669,13
314.746,0
314.822,3
314.898,0
314.974,0
315.05,10
315.127,0
315.203,3
315.279,4
315.355,0
315.431,0
315.507,19
315.583,0
315.66,0
315.736,4
315.812,13
315.888,14
315.964,8
316.04,7
316.116,7
316.192,16
316.268,12
316.344,17
316.42,0
316.496,0
316.572,0
316.648,0
316.724,0
316.8,0
316.876,4
316.952,25
317.028,3
317.104,14
317.18,0
317.256,0
317.332,23
317.408,0
317.484,14
317.56,0
317.635,0
317.711,0
317.787,0
317.863,0
317.939,10
318.015,37
318.091,0
318.166,0
318.242,0
318.318,0
318.394,8
318.47,0
318.546,9
318.621,0
318.697,0
318.773,0
318.849,0
318.924,0
319,30
319.076,59
319.152,39
319.227,0
319.303,25
319.379,23
319.454,0
319.53,0
319.606,11
319.681,0
319.757,15
319.833,0
319.908,0
319.984,8
320.06,0
320.135,4
320.211,0
320.286,13
320.362,3
320.438,10
320.513,12
320.589,2
320.664,2
320.74,0
320.815,17
320.891,8
320.966,13
321.042,0
321.117,0
321.193,4
321.268,0
321.344,0
321.419,14
321.495,35
321.57,25
321.646,0
321.721,0
321.797,0
321.872,18
321.947,5
322.023,13
322.098,0
322.174,0
322.249,23
322.324,0
322.4,0
322.475,16
322.55,0
322.626,11
322.701,2
322.776,0
322.852,8
322.927,8
323.002,21
323.078,0
323.153,0
323.228,14
323.304,12
323.379,0
323.454,4
323.529,0
323.605,15
323.68,0
323.755,7
323.83,8
323.905,11
323.981,20
324.056,7
324.131,0
324.206,24
324.281,0
324.356,0
324.432,0
324.507,11
324.582,18
324.657,0
324.732,14
324.807,0
324.882,0
324.957,4
325.033,0
325.108,19
325.183,0
325.258,4
325.333,0
325.408,15
325.483,8
325.558,0
325.633,0
325.708,21
325.783,0
325.858,21
325.933,6
326.008,15
326.083,0
326.158,0
326.233,5
326.308,10
326.383,0
326.458,11
326.533,0
326.608,13
326.682,23
326.757,8
326.832,9
326.907,2
326.982,0
327.057,2
327.132,0
327.207,1
327.281,2
327.356,0
327.431,0
327.506,0
327.581,0
327.656,20
327.73,11
327.805,4
327.88,0
327.955,0
328.03,36
328.104,5
328.179,0
328.254,1
328.329,4
328.403,0
328.478,0
328.553,10
328.627,42
328.702,0
328.777,9
328.852,0
328.926,17
329.001,5
329.076,0
329.15,6
329.225,6
329.3,0
329.374,14
329.449,11
329.523,3
329.598,0
329.673,25
329.747,17
329.822,0
329.896,14
329.971,30
330.045,0
330.12,0
330.195,12
330.269,8
330.344,0
330.418,6
330.493,26
330.567,0
330.642,0
330.716,21
330.791,0
330.865,1
330.94,0
331.014,0
331.089,0
331.163,17
331.237,0
331.312,8
331.386,36
331.461,0
331.535,8
331.61,0
331.684,0
331.758,29
331.833,19
331.907,15
331.981,0
332.056,13
332.13,13
332.205,0
332.279,0
332.353,0
332.428,4
332.502,20
332.576,2
332.65,0
332.725,0
332.799,27
332.873,32
332.948,43
333.022,6
333.096,4
333.17,15
333.245,27
333.319,11
333.393,8
333.467,6
333.541,22
333.616,27
333.69,0
333.764,0
333.838,0
333.912,14
333.987,0
334.061,0
334.135,35
334.209,0
334.283,8
334.357,5
334.431,0
334.506,0
334.58,13
334.654,3
334.728,0
334.802,7
334.876,0
334.95,0
335.024,0
335.098,0
335.172,3
335.246,0
335.32,0
335.394,7
335.468,11
335.542,0
335.616,0
335.69,12
335.764,5
335.838,0
335.912,7
335.986,0
336.06,0
336.134,22
336.208,0
336.282,0
336.356,48
336.43,45
336.504,7
336.578,0
336.652,0
336.726,11
336.799,0
336.873,0
336.947,0
337.021,13
337.095,8
337.169,8
337.243,2
337.316,7
337.39,9
337.464,6
337.538,0
337.612,13
337.686,2
337.759,27
337.833,37
337.907,34
337.981,13
338.054,0
338.128,0
338.202,6
338.276,7
338.349,11
338.423,6
338.497,14
338.571,2
338.644,44
338.718,127
338.792,74
338.865,36
338.939,0
339.013,0
339.086,0
339.16,0
339.234,0
339.307,1
339.381,13
339.455,18
339.528,11
339.602,0
339.675,0
339.749,54
339.823,127
339.896,67
339.97,25
340.043,9
340.117,0
340.191,4
340.264,90
340.338,54
340.411,1
340.485,3
340.558,0
340.632,0
340.705,6
340.779,21
340.852,18
340.926,0
340.999,41
341.073,40
341.146,12
341.22,77
341.293,65
341.367,0
341.44,15
341.513,0
341.587,64
341.66,47
341.734,29
341.807,6
341.88,8
341.954,41
342.027,13
342.101,0
342.174,4
342.247,13
342.321,0
342.394,0
342.467,5
342.541,0
342.614,32
342.687,21
342.761,6
342.834,0
342.907,23
342.981,0
343.054,11
343.127,0
343.2,0
343.274,19
343.347,88
343.42,109
343.494,80
343.567,7
343.64,0
343.713,3
343.786,33
343.86,8
343.933,0
344.006,47
344.079,126
344.152,67
344.226,4
344.299,0
344.372,0
344.445,6
344.518,3
344.591,8
344.665,0
344.738,7
344.811,56
344.884,132
344.957,77
345.03,27
345.103,0
345.176,0
345.249,10
345.322,16
345.396,0
345.469,21
345.542,39
345.615,43
345.688,46
345.761,6
345.834,0
345.907,0
345.98,0
346.053,0
346.126,0
346.199,11
346.272,5
346.345,12
346.418,0
346.491,0
346.564,7
346.637,18
346.71,0
346.783,0
346.856,27
346.929,6
347.001,0
347.074,0
347.147,7
347.22,0
347.293,81
347.366,163
347.439,94
347.512,26
347.585,0
347.657,0
347.73,3
347.803,18
347.876,0
347.949,27
348.022,0
348.094,16
348.167,17
348.24,4
348.313,0
348.386,3
348.458,0
348.531,11
348.604,5
348.677,0
348.75,17
348.822,24
348.895,14
348.968,36
349.041,2
349.113,0
349.186,2
349.259,8
349.331,4
349.404,0
349.477,6
349.55,0
349.622,0
349.695,0
349.768,17
349.84,0
349.913,25
349.986,6
350.058,11
350.131,0
350.204,0
350.276,24
350.349,0
350.421,4
350.494,0
350.567,0
350.639,0
350.712,13
350.784,0
350.857,14
350.929,0
351.002,1
351.075,15
351.147,0
351.22,0
351.292,9
351.365,0
351.437,0
351.51,14
351.582,46
351.655,54
351.727,37
351.8,0
351.872,21
351.945,4
352.017,0
352.09,0
352.162,3
352.235,28
352.307,3
352.38,11
352.452,2
352.524,35
352.597,1
352.669,0
352.742,0
352.814,117
352.886,190
352.959,116
353.031,40
353.104,0
353.176,0
353.248,0
353.321,14
353.393,20
353.465,0
353.538,9
353.61,23
353.682,3
353.755,0
353.827,0
353.899,46
353.972,12
354.044,0
354.116,0
354.188,0
354.261,13
354.333,0
354.405,1
354.478,0
354.55,18
354.622,27
354.694,14
354.767,0
354.839,8
354.911,0
354.983,3
355.055,0
355.128,0
355.2,0
355.272,0
355.344,5
355.416,14
355.489,0
355.561,9
355.633,0
355.705,0
355.777,38
355.849,100
355.921,51
355.994,0
356.066,0
356.138,0
356.21,0
356.282,0
356.354,6
356.426,23
356.498,24
356.57,0
356.642,16
356.714,0
356.787,0
356.859,1
356.931,3
357.003,0
357.075,0
357.147,16
357.219,14
357.291,0
357.363,1
357.435,7
357.507,18
357.579,133
357.651,111
357.723,59
357.795,14
357.867,6
357.939,0
358.011,0
358.083,0
358.154,0
358.226,47
358.298,21
358.37,14
358.442,0
358.514,2
358.586,13
358.658,0
358.73,0
358.802,0
358.874,4
358.945,5
359.017,5
359.089,27
359.161,13
359.233,0
359.305,4
359.377,48
359.448,26
359.52,28
359.592,1
359.664,4
359.736,1
359.807,0
359.879,0
359.951,0
360.023,2
360.095,0
360.166,0
360.238,38
360.31,1
360.382,4
360.453,0
360.525,0
360.597,0
360.669,0
360.74,0
360.812,2
360.884,25
360.956,8
361.027,21
361.099,0
361.171,7
361.242,5
361.314,0
361.386,17
361.457,0
361.529,0
361.601,5
361.672,0
361.744,0
361.816,2
361.887,9
361.959,12
362.03,2
362.102,5
362.174,4
362.245,18
362.317,0
362.388,1
362.46,3
362.532,24
362.603,1
362.675,0
362.746,7
362.818,0
362.889,22
362.961,2
363.032,13
363.104,4
363.176,40
363.247,0
363.319,0
363.39,21
363.462,17
363.533,0
363.605,0
363.676,12
363.748,14
363.819,15
363.89,0
363.962,14
364.033,31
364.105,26
364.176,5
364.248,0
364.319,1
364.391,5
364.462,0
364.533,0
364.605,0
364.676,4
364.748,12
364.819,0
364.89,0
364.962,4
365.033,21
365.104,0
365.176,11
365.247,0
365.319,0
365.39,2
365.461,8
365.533,0
365.604,0
365.675,0
365.747,6
365.818,0
365.889,0
365.96,1
366.032,3
366.103,7
366.174,0
366.246,0
366.317,15
366.388,14
366.459,0
366.531,0
366.602,9
366.673,10
366.744,0
366.816,0
366.887,68
366.958,36
367.029,12
367.1,12
367.172,0
367.243,0
367.314,17
367.385,0
367.456,0
367.528,0
367.599,8
367.67,0
367.741,0
367.812,0
367.883,9
367.955,0
368.026,11
368.097,0
368.168,0
368.239,9
368.31,0
368.381,5
368.452,1
368.523,27
368.595,10
368.666,23
368.737,11
368.808,18
368.879,1
368.95,0
369.021,0
369.092,21
369.163,14
369.234,7
369.305,12
369.376,19
369.447,30
369.518,12
369.589,3
369.66,34
369.731,66
369.802,46
369.873,0
369.944,0
370.015,0
370.086,19
370.157,33
370.228,0
370.299,0
370.37,10
370.441,10
370.512,0
370.583,0
370.654,10
370.725,0
370.796,0
370.866,0
370.937,0
371.008,0
371.079,7
371.15,3
371.221,0
371.292,0
371.363,12
371.434,6
371.504,4
371.575,0
371.646,2
371.717,7
371.788,0
371.859,9
371.93,11
372,6
372.071,0
372.142,2
372.213,0
372.284,9
372.354,128
372.425,172
372.496,195
372.567,74
372.638,0
372.708,0
372.779,0
372.85,4
372.921,8
372.991,6
373.062,0
373.133,20
373.204,0
373.274,0
373.345,11
373.416,17
373.486,10
373.557,1
373.628,0
373.699,70
373.769,99
373.84,14
373.911,0
373.981,11
374.052,0
374.123,0
374.193,0
374.264,16
374.335,5
374.405,0
374.476,4
374.546,5
374.617,32
374.688,0
374.758,0
374.829,10
374.9,0
374.97,0
375.041,14
375.111,11
375.182,0
375.252,0
375.323,0
375.394,0
375.464,5
375.535,0
375.605,0
375.676,3
375.746,11
375.817,0
375.887,9
375.958,23
376.028,24
376.099,25
376.17,36
376.24,15
376.311,0
376.381,0
376.451,6
376.522,13
376.592,0
376.663,0
376.733,0
376.804,0
376.874,0
376.945,9
377.015,0
377.086,12
377.156,57
377.227,18
377.297,15
377.367,0
377.438,0
377.508,15
377.579,9
377.649,0
377.719,0
377.79,0
377.86,0
377.931,1
378.001,2
378.071,0
378.142,0
378.212,2
378.282,8
378.353,0
378.423,6
378.493,1
378.564,0
378.634,8
378.704,7
378.775,3
378.845,12
378.915,10
378.986,14
379.056,51
379.126,60
379.196,0
379.267,14
379.337,0
379.407,0
379.478,0
379.548,63
379.618,19
379.688,0
379.759,0
379.829,0
379.899,0
379.969,0
380.04,0
380.11,24
380.18,5
380.25,11
380.32,54
380.391,15
380.461,0
380.531,3
380.601,0
380.671,0
380.741,0
380.812,0
380.882,9
380.952,17
381.022,0
381.092,0
381.162,19
381.233,2
381.303,22
381.373,11
381.443,0
381.513,12
381.583,40
381.653,8
381.723,0
381.793,0
381.864,0
381.934,6
382.004,0
382.074,12
382.144,14
382.214,0
382.284,19
382.354,22
382.424,8
382.494,21
382.564,14
382.634,1
382.704,0
382.774,0
382.844,1
382.914,0
382.984,11
383.054,44
383.124,60
383.194,60
383.264,0
383.334,0
383.404,0
383.474,4
383.544,0
383.614,1
383.684,0
383.754,0
383.824,0
383.894,11
383.964,11
384.034,7
384.104,0
384.174,1
384.244,0
384.314,11
384.384,0
384.453,0
384.523,15
384.593,54
384.663,61
384.733,0
384.803,4
384.873,25
384.943,0
385.013,0
385.082,15
385.152,0
385.222,4
385.292,25
385.362,8
385.432,0
385.502,0
385.571,5
385.641,17
385.711,0
385.781,3
385.851,14
385.92,33
385.99,2
386.06,0
386.13,0
386.2,0
386.269,6
386.339,4
386.409,0
386.479,0
386.548,25
386.618,30
386.688,0
386.758,0
386.827,0
386.897,0
386.967,20
387.037,0
387.106,0
387.176,19
387.246,10
387.316,7
387.385,0
387.455,7
387.525,9
387.594,10
387.664,14
387.734,0
387.803,0
387.873,15
387.943,11
388.012,0
388.082,0
388.152,43
388.221,37
388.291,0
388.361,49
388.43,72
388.5,13
388.569,0
388.639,5
388.709,6
388.778,25
388.848,0
388.918,6
388.987,0
389.057,0
389.126,0
389.196,2
389.265,0
389.335,18
389.405,0
389.474,0
389.544,0
389.613,0
389.683,10
389.752,9
389.822,12
389.891,0
389.961,11
390.03,0
390.1,0
390.169,0
390.239,6
390.309,0
390.378,0
390.448,0
390.517,83
390.586,21
390.656,27
390.725,0
390.795,0
390.864,27
390.934,6
391.003,8
391.073,0
391.142,20
391.212,0
391.281,0
391.351,20
391.42,0
391.489,10
391.559,0
391.628,7
391.698,17
391.767,0
391.836,7
391.906,32
391.975,4
392.045,4
392.114,14
392.183,21
392.253,10
392.322,0
392.391,0
392.461,0
392.53,10
392.6,0
392.669,0
392.738,18
392.808,0
392.877,0
392.946,0
393.016,1
393.085,0
393.154,0
393.224,18
393.293,0
393.362,0
393.431,0
393.501,37
393.57,16
393.639,0
393.709,0
393.778,18
393.847,0
393.916,0
393.986,0
394.055,0
394.124,0
394.193,8
394.263,0
394.332,3
394.401,2
394.47,6
394.54,0
394.609,0
394.678,9
394.747,24
394.816,14
394.886,0
394.955,0
395.024,102
395.093,100
395.162,52
395.232,0
395.301,0
395.37,0
395.439,0
395.508,0
395.577,13
395.647,0
395.716,0
395.785,3
395.854,0
395.923,8
395.992,0
396.061,0
396.13,9
396.2,34
396.269,25
396.338,7
396.407,11
396.476,0
396.545,7
396.614,66
396.683,83
396.752,17
396.821,10
396.89,0
396.96,7
397.029,18
397.098,0
397.167,11
397.236,0
397.305,19
397.374,7
397.443,0
397.512,19
397.581,0
397.65,0
397.719,6
397.788,0
397.857,0
397.926,5
397.995,0
398.064,0
398.133,31
398.202,0
398.271,4
398.34,8
398.409,28
398.478,0
398.547,9
398.616,0
398.685,0
398.754,5
398.823,0
398.892,20
398.961,0
399.029,0
399.098,3
399.167,0
399.236,0
399.305,5
399.374,0
399.443,22
399.512,0
399.581,0
399.65,14
399.719,0
399.787,0
399.856,0
399.925,0
399.994,21
400.063,1
400.132,0
400.201,0
400.27,0
400.338,14
400.407,17
400.476,54
400.545,0
400.614,0
400.683,9
400.751,12
400.82,11
400.889,5
400.958,0
401.027,0
401.096,6
401.164,17
401.233,0
401.302,0
401.371,3
401.439,0
401.508,0
401.577,4
401.646,0
401.715,0
401.783,55
401.852,0
401.921,0
401.99,0
402.058,26
402.127,7
402.196,0
402.265,12
402.333,15
402.402,26
402.471,0
402.539,0
402.608,8
402.677,17
402.746,6
402.814,10
402.883,0
402.952,0
403.02,10
403.089,0
403.158,0
403.226,13
403.295,8
403.364,0
403.432,0
403.501,19
403.57,0
403.638,4
403.707,2
403.776,21
403.844,28
403.913,11
403.981,6
404.05,0
404.119,13
404.187,4
404.256,0
404.325,7
404.393,12
404.462,2
404.53,21
404.599,14
404.667,7
404.736,0
404.805,0
404.873,6
404.942,9
405.01,0
405.079,7
405.147,124
405.216,213
405.285,238
405.353,139
405.422,128
405.49,126
405.559,55
405.627,0
405.696,8
405.764,21
405.833,11
405.901,0
405.97,2
406.038,26
406.107,13
406.175,10
406.244,0
406.312,0
406.381,1
406.449,2
406.518,0
406.586,8
406.655,18
406.723,3
406.792,2
406.86,0
406.928,13
406.997,0
407.065,15
407.134,0
407.202,0
407.271,55
407.339,41
407.407,0
407.476,0
407.544,19
407.613,14
407.681,29
407.75,13
407.818,0
407.886,0
407.955,0
408.023,0
408.091,6
408.16,0
408.228,12
408.297,0
408.365,6
408.433,12
408.502,0
408.57,1
408.638,0
408.707,0
408.775,6
408.843,9
408.912,0
408.98,0
409.048,42
409.117,18
409.185,14
409.253,0
409.322,0
409.39,12
409.458,8
409.527,58
409.595,18
409.663,30
409.731,0
409.8,13
409.868,25
409.936,20
410.004,0
410.073,0
410.141,2
410.209,0
410.277,0
410.346,12
410.414,14
410.482,0
410.55,0
410.619,26
410.687,6
410.755,15
410.823,9
410.892,0
410.96,0
411.028,0
411.096,20
411.164,0
411.233,0
411.301,0
411.369,34
411.437,47
411.505,38
411.574,0
411.642,4
411.71,12
411.778,0
411.846,0
411.914,1
411.982,13
412.051,4
412.119,8
412.187,21
412.255,7
412.323,6
412.391,0
412.459,31
412.528,21
412.596,0
412.664,0
412.732,0
412.8,0
412.868,0
412.936,51
413.004,44
413.072,44
413.14,17
413.209,11
413.277,0
413.345,0
413.413,5
413.481,18
413.549,7
413.617,5
413.685,0
413.753,0
413.821,0
413.889,10
413.957,0
414.025,0
414.093,30
414.161,35
414.229,59
414.297,48
414.365,10
414.433,2
414.501,15
414.569,71
414.637,87
414.705,41
414.773,13
414.841,15
414.909,0
414.977,4
415.045,25
415.113,31
415.181,12
415.249,0
415.317,36
415.385,0
415.453,0
415.521,3
415.589,10
415.657,0
415.725,0
415.793,0
415.861,0
415.929,0
415.997,0
416.065,0
416.132,18
416.2,0
416.268,13
416.336,33
416.404,57
416.472,12
416.54,3
416.608,0
416.676,18
416.744,20
416.811,20
416.879,8
416.947,13
417.015,34
417.083,18
417.151,0
417.219,30
417.287,0
417.354,0
417.422,10
417.49,5
417.558,0
417.626,22
417.694,14
417.761,9
417.829,13
417.897,13
417.965,13
418.033,14
418.1,7
418.168,1
418.236,0
418.304,24
418.372,17
418.439,0
418.507,5
418.575,0
418.643,0
418.711,0
418.778,7
418.846,1
418.914,0
418.982,23
419.049,0
419.117,22
419.185,14
419.253,0
419.32,15
419.388,0
419.456,0
419.524,8
419.591,12
419.659,0
419.727,2
419.795,36
419.862,18
419.93,2
419.998,23
420.065,29
420.133,0
420.201,13
420.268,29
420.336,163
420.404,106
420.471,32
420.539,12
420.607,0
420.674,0
420.742,0
420.81,0
420.877,33
420.945,45
421.013,0
421.08,0
421.148,0
421.216,26
421.283,12
421.351,2
421.419,6
421.486,18
421.554,21
421.621,4
421.689,0
421.757,14
421.824,0
421.892,14
421.96,0
422.027,0
422.095,0
422.162,19
422.23,6
422.297,0
422.365,0
422.433,0
422.5,0
422.568,0
422.635,0
422.703,19
422.77,13
422.838,0
422.906,7
422.973,0
423.041,10
423.108,1
423.176,0
423.243,3
423.311,13
423.378,24
423.446,13
423.513,0
423.581,0
423.648,0
423.716,0
423.783,0
423.851,0
423.918,0
423.986,0
424.053,17
424.121,0
424.188,1
424.256,4
424.323,0
424.391,4
424.458,0
424.526,0
424.593,0
424.661,0
424.728,0
424.796,0
424.863,24
424.93,0
424.998,0
425.065,0
425.133,4
425.2,14
425.268,30
425.335,0
425.402,8
425.47,23
425.537,12
425.605,8
425.672,0
425.74,0
425.807,0
425.874,0
425.942,0
426.009,12
426.076,29
426.144,61
426.211,37
426.279,44
426.346,154
426.413,174
426.481,134
426.548,158
426.615,131
426.683,147
426.75,81
426.817,4
426.885,0
426.952,11
427.02,0
427.087,0
427.154,0
427.222,0
427.289,22
427.356,30
427.423,0
427.491,0
427.558,0
427.625,15
427.693,17
427.76,5
427.827,0
427.895,1
427.962,14
428.029,73
428.096,78
428.164,38
428.231,10
428.298,20
428.366,0
428.433,11
428.5,20
428.567,0
428.635,0
428.702,7
428.769,0
428.836,12
428.904,26
428.971,9
429.038,0
429.105,11
429.173,0
429.24,26
429.307,24
429.374,2
429.441,3
429.509,28
429.576,0
429.643,15
429.71,0
429.777,3
429.845,0
429.912,2
429.979,0
430.046,14
430.113,7
430.181,0
430.248,6
430.315,19
430.382,23
430.449,0
430.516,16
430.584,20
430.651,2
430.718,0
430.785,7
430.852,21
430.919,0
430.986,3
431.054,0
431.121,13
431.188,11
431.255,6
431.322,9
431.389,0
431.456,30
431.523,0
431.59,0
431.658,27
431.725,0
431.792,0
431.859,4
431.926,0
431.993,19
432.06,38
432.127,19
432.194,0
432.261,0
432.328,22
432.396,13
432.463,0
432.53,14
432.597,23
432.664,0
432.731,0
432.798,16
432.865,11
432.932,0
432.999,0
433.066,11
433.133,0
433.2,5
433.267,0
433.334,3
433.401,11
433.468,2
433.535,2
433.602,33
433.669,16
433.736,67
433.803,89
433.87,21
433.937,0
434.004,0
434.071,13
434.138,0
434.205,0
434.272,0
434.339,18
434.406,8
434.473,0
434.54,13
434.607,22
434.674,26
434.741,17
434.808,18
434.875,14
434.942,0
435.009,0
435.076,0
435.143,0
435.209,5
435.276,0
435.343,2
435.41,31
435.477,17
435.544,0
435.611,24
435.678,0
435.745,0
435.812,13
435.879,50
435.946,42
436.012,3
436.079,0
436.146,0
436.213,17
436.28,0
436.347,0
436.414,26
436.481,7
436.547,7
436.614,24
436.681,20
436.748,16
436.815,21
436.882,12
436.949,7
437.015,0
437.082,0
437.149,22
437.216,13
437.283,13
437.35,9
437.417,0
437.483,0
437.55,0
437.617,6
437.684,0
437.751,0
437.817,18
437.884,19
437.951,0
438.018,0
438.085,9
438.151,0
438.218,16
438.285,0
438.352,6
438.419,4
438.485,0
438.552,0
438.619,7
438.686,2
438.752,9
438.819,10
438.886,0
438.953,9
439.019,13
439.086,12
439.153,0
439.22,32
439.286,0
439.353,11
439.42,26
439.487,0
439.553,6
439.62,15
439.687,0
439.754,11
439.82,2
439.887,0
439.954,32
440.02,43
440.087,0
440.154,0
440.22,32
440.287,26
440.354,11
440.421,0
440.487,0
440.554,19
440.621,17
440.687,18
440.754,0
440.821,7
440.887,0
440.954,0
441.021,41
441.087,21
441.154,0
441.221,4
441.287,6
441.354,4
441.421,14
441.487,0
441.554,10
441.62,0
441.687,5
441.754,5
441.82,6
441.887,91
441.954,149
442.02,65
442.087,27
442.153,0
442.22,0
442.287,0
442.353,0
442.42,16
442.486,7
442.553,0
442.62,15
442.686,15
442.753,11
442.819,0
442.886,17
442.953,0
443.019,0
443.086,0
443.152,24
443.219,42
443.285,25
443.352,14
443.418,0
443.485,8
443.552,0
443.618,18
443.685,20
443.751,4
443.818,11
443.884,18
443.951,0
444.017,10
444.084,0
444.15,0
444.217,9
444.283,5
444.35,0
444.416,12
444.483,17
444.549,0
444.616,0
444.682,23
444.749,4
444.815,19
444.882,24
444.948,29
445.015,18
445.081,0
445.148,2
445.214,4
445.281,10
445.347,0
445.414,7
445.48,0
445.547,25
445.613,15
445.68,5
445.746,0
445.812,12
445.879,9
445.945,7
446.012,0
446.078,0
446.145,25
446.211,0
446.278,12
446.344,11
446.41,0
446.477,7
446.543,0
446.61,5
446.676,13
446.742,0
446.809,0
446.875,0
446.942,4
447.008,0
447.074,0
447.141,11
447.207,13
447.274,0
447.34,0
447.406,0
447.473,3
447.539,0
447.606,0
447.672,36
447.738,31
447.805,0
447.871,0
447.937,11
448.004,9
448.07,0
448.136,23
448.203,2
448.269,0
448.335,30
448.402,17
448.468,0
448.534,5
448.601,0
448.667,0
448.733,0
448.8,30
448.866,9
448.932,0
448.999,0
449.065,20
449.131,3
449.198,0
449.264,0
449.33,15
449.396,19
449.463,0
449.529,9
449.595,6
449.662,22
449.728,0
449.794,0
449.86,0
449.927,12
449.993,0
450.059,0
450.126,7
450.192,0
450.258,6
450.324,8
450.391,0
450.457,0
450.523,0
450.589,0
450.656,17
450.722,1
450.788,11
450.854,15
450.921,0
450.987,0
451.053,11
451.119,0
451.185,0
451.252,0
451.318,0
451.384,15
451.45,0
451.516,2
451.583,10
451.649,0
451.715,0
451.781,18
451.847,16
451.914,7
451.98,12
452.046,0
452.112,4
452.178,2
452.245,0
452.311,0
452.377,12
452.443,0
452.509,12
452.575,9
452.642,0
452.708,6
452.774,13
452.84,0
452.906,0
452.972,6
453.038,9
453.105,0
453.171,6
453.237,22
453.303,4
453.369,0
453.435,3
453.501,18
453.568,0
453.634,21
453.7,10
453.766,17
453.832,10
453.898,7
453.964,5
454.03,2
454.096,0
454.162,0
454.229,0
454.295,34
454.361,30
454.427,0
454.493,0
454.559,22
454.625,0
454.691,3
454.757,0
454.823,0
454.889,6
454.955,0
455.022,28
455.088,8
455.154,0
455.22,11
455.286,0
455.352,0
455.418,11
455.484,5
455.55,0
455.616,0
455.682,0
455.748,0
455.814,0
455.88,16
455.946,13
456.012,12
456.078,0
456.144,0
456.21,3
456.276,7
456.342,0
456.408,0
456.474,23
456.54,24
456.606,0
456.672,5
456.738,0
456.804,33
456.87,26
456.936,15
457.002,13
457.068,34
457.134,0
457.2,0
457.266,8
457.332,15
457.398,18
457.464,0
457.53,8
457.596,18
457.662,0
457.728,0
457.794,0
457.86,13
457.926,0
457.992,0
458.058,15
458.124,19
458.19,0
458.255,0
458.321,6
458.387,13
458.453,13
458.519,0
458.585,18
458.651,6
458.717,6
458.783,1
458.849,18
458.915,6
458.981,3
459.046,0
459.112,0
459.178,6
459.244,13
459.31,0
459.376,0
459.442,4
459.508,45
459.574,32
459.64,34
459.705,12
459.771,0
459.837,1
459.903,0
459.969,0
460.035,8
460.101,0
460.166,0
460.232,8
460.298,1
460.364,2
460.43,17
460.496,6
460.562,16
460.627,36
460.693,14
460.759,0
460.825,0
460.891,7
460.957,49
461.022,14
461.088,0
461.154,17
461.22,0
461.286,0
461.352,0
461.417,0
461.483,37
461.549,0
461.615,0
461.681,0
461.746,13
461.812,17
461.878,0
461.944,19
462.01,41
462.075,0
462.141,0
462.207,0
462.273,2
462.339,14
462.404,0
462.47,5
462.536,18
462.602,0
462.667,2
462.733,0
462.799,8
462.865,2
462.93,2
462.996,0
463.062,0
463.128,0
463.193,0
463.259,0
463.325,24
463.391,0
463.456,0
463.522,0
463.588,2
463.654,14
463.719,18
463.785,0
463.851,19
463.917,5
463.982,0
464.048,8
464.114,0
464.179,15
464.245,0
464.311,6
464.377,16
464.442,9
464.508,16
464.574,0
464.639,3
464.705,10
464.771,0
464.836,17
464.902,10
464.968,0
465.033,0
465.099,0
465.165,0
465.23,0
465.296,15
465.362,15
465.427,6
465.493,2
465.559,0
465.624,8
465.69,8
465.756,16
465.821,33
465.887,10
465.953,7
466.018,0
466.084,0
466.15,17
466.215,15
466.281,8
466.347,0
466.412,8
466.478,0
466.543,4
466.609,0
466.675,9
466.74,0
466.806,21
466.872,15
466.937,13
467.003,13
467.068,0
467.134,13
467.2,0
467.265,0
467.331,0
467.396,4
467.462,24
467.528,22
467.593,12
467.659,0
467.724,6
467.79,21
467.855,21
467.921,1
467.987,23
468.052,0
468.118,8
468.183,0
468.249,12
468.314,0
468.38,34
468.446,0
468.511,0
468.577,0
468.642,16
468.708,27
468.773,0
468.839,11
468.904,6
468.97,0
469.035,0
469.101,6
469.167,1
469.232,3
469.298,0
469.363,8
469.429,0
469.494,0
469.56,0
469.625,2
469.691,0
469.756,15
469.822,9
469.887,0
469.953,0
470.018,0
470.084,13
470.149,16
470.215,0
470.28,0
470.346,0
470.411,0
470.477,0
470.542,0
470.608,0
470.673,0
470.739,0
470.804,0
470.87,0
470.935,0
471.001,0
471.066,0
471.131,0
471.197,0
471.262,28
471.328,9
471.393,7
471.459,23
471.524,0
471.59,0
471.655,18
471.721,14
471.786,9
471.851,3
471.917,36
471.982,17
472.048,0
472.113,5
472.179,32
472.244,0
472.309,0
472.375,12
472.44,0
472.506,0
472.571,11
472.637,15
472.702,1
472.767,0
472.833,20
472.898,13
472.964,0
473.029,2
473.094,0
473.16,0
473.225,0
473.291,0
473.356,0
473.421,17
473.487,0
473.552,0
473.617,0
473.683,2
473.748,0
473.814,19
473.879,0
473.944,0
474.01,26
474.075,12
474.14,21
474.206,0
474.271,0
474.337,25
474.402,28
474.467,12
474.533,14
474.598,0
474.663,7
474.729,0
474.794,11
474.859,11
474.925,0
474.99,4
475.055,22
475.121,0
475.186,26
475.251,0
475.317,0
475.382,0
475.447,3
475.513,33
475.578,9
475.643,34
475.709,14
475.774,8
475.839,0
475.904,11
475.97,0
476.035,0
476.1,7
476.166,0
476.231,0
476.296,24
476.362,3
476.427,21
476.492,12
476.557,18
476.623,6
476.688,33
476.753,28
476.819,9
476.884,5
476.949,5
477.014,21
477.08,0
477.145,6
477.21,4
477.275,1
477.341,6
477.406,10
477.471,15
477.536,0
477.602,0
477.667,21
477.732,0
477.797,7
477.863,0
477.928,19
477.993,0
478.058,4
478.124,14
478.189,0
478.254,0
478.319,0
478.384,0
478.45,23
478.515,6
478.58,0
478.645,8
478.711,2
478.776,20
478.841,14
478.906,0
478.971,0
479.037,4
479.102,0
479.167,13
479.232,6
479.297,4
479.363,22
479.428,24
479.493,0
479.558,14
479.623,4
479.689,0
479.754,13
479.819,16
479.884,7
479.949,3
480.014,0
480.08,12
480.145,14
480.21,7
480.275,0
480.34,0
480.405,0
480.471,0
480.536,51
480.601,37
480.666,0
480.731,0
480.796,2
480.862,0
480.927,0
480.992,9
481.057,8
481.122,0
481.187,0
481.252,0
481.318,8
481.383,25
481.448,0
481.513,12
481.578,0
481.643,22
481.708,8
481.773,3
481.839,16
481.904,3
481.969,3
482.034,0
482.099,1
482.164,0
482.229,0
482.294,0
482.359,0
482.424,2
482.49,13
482.555,15
482.62,8
482.685,0
482.75,5
482.815,0
482.88,0
482.945,0
483.01,0
483.075,9
483.14,28
483.206,0
483.271,11
483.336,11
483.401,0
483.466,8
483.531,0
483.596,10
483.661,6
483.726,0
483.791,3
483.856,0
483.921,1
483.986,0
484.051,0
484.116,4
484.181,0
484.246,0
484.312,6
484.377,0
484.442,26
484.507,0
484.572,0
484.637,19
484.702,12
484.767,0
484.832,0
484.897,2
484.962,0
485.027,0
485.092,0
485.157,0
485.222,22
485.287,7
485.352,0
485.417,10
485.482,1
485.547,0
485.612,36
485.677,18
485.742,0
485.807,0
485.872,0
485.937,0
486.002,0
486.067,0
486.132,0
486.197,1
486.262,0
486.327,0
486.392,0
486.457,0
486.522,2
486.587,0
486.652,14
486.717,17
486.782,6
486.847,31
486.912,0
486.977,0
487.042,41
487.107,26
487.172,0
487.237,0
487.301,0
487.366,26
487.431,0
487.496,1
487.561,0
487.626,5
487.691,0
487.756,7
487.821,24
487.886,0
487.951,1
488.016,0
488.081,0
488.146,0
488.211,15
488.276,0
488.341,30
488.405,20
488.47,0
488.535,8
488.6,0
488.665,12
488.73,25
488.795,0
488.86,0
488.925,21
488.99,21
489.055,0
489.119,10
489.184,19
489.249,9
489.314,0
489.379,17
489.444,7
489.509,0
489.574,23
489.639,0
489.704,0
489.768,6
489.833,34
489.898,0
489.963,0
490.028,13
490.093,5
490.158,0
490.223,0
490.287,15
490.352,8
490.417,0
490.482,0
490.547,0
490.612,24
490.677,0
490.742,0
490.806,0
490.871,9
490.936,0
491.001,0
491.066,41
491.131,8
491.195,7
491.26,17
491.325,0
491.39,0
491.455,35
491.52,32
491.585,0
491.649,0
491.714,3
491.779,0
491.844,0
491.909,0
491.973,19
492.038,0
492.103,12
492.168,0
492.233,2
492.298,24
492.362,22
492.427,0
492.492,2
492.557,0
492.622,0
492.686,0
492.751,7
492.816,6
492.881,4
492.946,5
493.01,0
493.075,0
493.14,26
493.205,0
493.27,5
493.334,0
493.399,0
493.464,0
493.529,17
493.594,35
493.658,7
493.723,0
493.788,0
493.853,0
493.917,0
493.982,3
494.047,17
494.112,0
494.177,0
494.241,0
494.306,31
494.371,6
494.436,0
494.5,0
494.565,20
494.63,16
494.695,0
494.759,0
494.824,0
494.889,0
494.954,0
495.018,5
495.083,0
495.148,7
495.213,26
495.277,1
495.342,8
495.407,0
495.472,0
495.536,0
495.601,9
495.666,12
495.73,9
495.795,0
495.86,12
495.925,0
495.989,5
496.054,7
496.119,0
496.183,25
496.248,0
496.313,8
496.378,1
496.442,0
496.507,0
496.572,14
496.636,0
496.701,9
496.766,0
496.831,10
496.895,1
496.96,0
497.025,10
497.089,0
497.154,0
497.219,0
497.283,0
497.348,6
497.413,0
497.477,3
497.542,0
497.607,21
497.671,13
497.736,0
497.801,0
497.865,10
497.93,0
497.995,0
498.059,2
498.124,12
498.189,0
498.253,0
498.318,2
498.383,0
498.447,0
498.512,20
498.577,26
498.641,0
498.706,0
498.771,0
498.835,24
498.9,0
498.965,0
499.029,0
499.094,11
499.159,0
499.223,2
499.288,0
499.352,14
499.417,13
499.482,2
499.546,5
499.611,0
499.676,0
499.74,0
