59.6745,0
59.7814,0
59.8883,39
59.9952,5
60.1021,13
60.209,0
60.3159,0
60.4228,3
60.5296,14
60.6365,11
60.7434,12
60.8503,6
60.9572,7
61.0641,0
61.171,11
61.2779,0
61.3848,10
61.4917,6
61.5986,0
61.7055,3
61.8124,10
61.9193,2
62.0261,0
62.133,4
62.2399,0
62.3468,0
62.4537,10
62.5606,9
62.6675,0
62.7744,8
62.8813,9
62.9882,16
63.0951,3
63.202,34
63.3089,0
63.4158,15
63.5226,0
63.6295,0
63.7364,26
63.8433,8
63.9502,0
64.0571,0
64.164,36
64.2709,17
64.3778,0
64.4847,6
64.5916,4
64.6985,10
64.8054,0
64.9123,6
65.0192,13
65.1261,0
65.2329,29
65.3398,19
65.4467,12
65.5536,0
65.6605,8
65.7674,0
65.8743,19
65.9812,18
66.0881,6
66.195,14
66.3019,14
66.4088,26
66.5157,9
66.6226,5
66.7295,17
66.8364,12
66.9433,0
67.0502,0
67.157,0
67.2639,0
67.3708,0
67.4777,32
67.5846,13
67.6915,0
67.7984,14
67.9053,21
68.0122,0
68.1191,14
68.226,0
68.3329,0
68.4398,22
68.5467,6
68.6536,5
68.7605,0
68.8674,0
68.9743,11
69.0812,0
69.1881,1
69.295,5
69.4018,10
69.5087,19
69.6156,21
69.7225,23
69.8294,5
69.9363,21
70.0432,18
70.1501,0
70.257,0
70.3639,0
70.4708,0
70.5777,50
70.6846,17
70.7915,0
70.8984,6
71.0053,7
71.1122,0
71.2191,0
71.326,0
71.4329,31
71.5398,0
71.6467,0
71.7536,4
71.8605,14
71.9674,0
72.0742,0
72.1811,8
72.288,20
72.3949,0
72.5018,0
72.6087,24
72.7156,6
72.8225,20
72.9294,8
73.0363,1
73.1432,7
73.2501,26
73.357,13
73.4639,22
73.5708,17
73.6777,0
73.7846,0
73.8915,14
73.9984,36
74.1053,17
74.2122,0
74.3191,0
74.426,25
74.5329,16
74.6398,16
74.7467,0
74.8536,3
74.9605,0
75.0674,29
75.1743,24
75.2812,4
75.3881,5
75.495,14
75.6019,20
75.7088,14
75.8157,0
75.9225,2
76.0294,11
76.1363,30
76.2432,33
76.3501,11
76.457,30
76.5639,7
76.6708,0
76.7777,35
76.8846,35
76.9915,0
77.0984,0
77.2053,29
77.3122,20
77.4191,0
77.526,0
77.6329,14
77.7398,0
77.8467,24
77.9536,4
78.0605,10
78.1674,12
78.2743,0
78.3812,6
78.4881,31
78.595,26
78.7019,0
78.8088,4
78.9157,26
79.0226,5
79.1295,9
79.2364,0
79.3433,0
79.4502,7
79.5571,0
79.664,0
79.7709,0
79.8778,2
79.9847,0
80.0916,0
80.1985,0
80.3054,5
80.4123,20
80.5192,0
80.6261,19
80.733,7
80.8399,0
80.9468,29
81.0537,13
81.1606,0
81.2675,53
81.3744,28
81.4813,0
81.5882,4
81.6951,29
81.802,18
81.9089,8
82.0158,3
82.1227,15
82.2296,29
82.3365,0
82.4434,7
82.5503,24
82.6572,8
82.7641,29
82.871,8
82.9779,0
83.0848,15
83.1917,14
83.2986,9
83.4055,11
83.5124,0
83.6193,0
83.7262,4
83.8331,21
83.94,0
84.0469,0
84.1538,8
84.2607,0
84.3676,23
84.4745,28
84.5814,7
84.6883,16
84.7952,7
84.9021,8
85.009,13
85.1159,0
85.2228,3
85.3297,20
85.4366,0
85.5435,0
85.6504,33
85.7573,49
85.8642,0
85.9711,0
86.078,0
86.1849,12
86.2918,0
86.3987,0
86.5056,0
86.6125,25
86.7194,6
86.8263,1
86.9332,0
87.0401,28
87.147,2
87.2539,26
87.3608,10
87.4677,10
87.5746,0
87.6815,8
87.7884,21
87.8953,6
88.0022,17
88.1091,0
88.216,6
88.3229,18
88.4298,0
88.5367,0
88.6436,16
88.7505,8
88.8574,0
88.9643,0
89.0712,0
89.1781,0
89.285,17
89.3919,15
89.4988,23
89.6057,0
89.7126,22
89.8195,8
89.9264,0
90.0334,0
90.1403,18
90.2472,10
90.3541,0
90.461,11
90.5679,21
90.6748,5
90.7817,32
90.8886,19
90.9955,11
91.1024,0
91.2093,26
91.3162,0
91.4231,0
91.53,16
91.6369,0
91.7438,0
91.8507,0
91.9576,31
92.0645,43
92.1714,0
92.2783,0
92.3852,0
92.4921,35
92.599,24
92.7059,0
92.8128,0
92.9197,15
93.0266,20
93.1335,2
93.2404,0
93.3473,3
93.4542,5
93.5611,0
93.668,0
93.7749,0
93.8818,0
93.9887,0
94.0956,18
94.2025,0
94.3095,23
94.4164,0
94.5233,18
94.6302,10
94.7371,0
94.844,0
94.9509,0
95.0578,14
95.1647,0
95.2716,16
95.3785,0
95.4854,10
95.5923,5
95.6992,6
95.8061,0
95.913,6
96.0199,0
96.1268,6
96.2337,0
96.3406,1
96.4475,26
96.5544,0
96.6613,26
96.7682,10
96.8751,0
96.982,0
97.0889,0
97.1958,17
97.3027,36
97.4097,22
97.5166,1
97.6235,0
97.7304,0
97.8373,30
97.9442,0
98.0511,3
98.158,23
98.2649,0
98.3718,1
98.4787,1
98.5856,0
98.6925,0
98.7994,0
98.9063,25
99.0132,4
99.1201,6
99.227,30
99.3339,0
99.4408,0
99.5477,6
99.6546,9
99.7615,7
99.8684,2
99.9753,3
100.082,0
100.189,17
100.296,0
100.403,5
100.51,14
100.617,14
100.724,0
100.831,0
100.937,14
101.044,32
101.151,0
101.258,14
101.365,5
101.472,0
101.579,0
101.686,4
101.793,25
101.9,8
102.007,10
102.113,0
102.22,9
102.327,23
102.434,0
102.541,0
102.648,40
102.755,0
102.862,6
102.969,0
103.076,4
103.182,13
103.289,3
103.396,0
103.503,22
103.61,0
103.717,0
103.824,18
103.931,7
104.038,6
104.145,0
104.252,29
104.358,0
104.465,9
104.572,29
104.679,0
104.786,0
104.893,0
105,9
105.107,0
105.214,0
105.321,10
105.427,1
105.534,17
105.641,12
105.748,9
105.855,0
105.962,0
106.069,0
106.176,3
106.283,11
106.39,0
106.497,0
106.603,12
106.71,0
106.817,0
106.924,32
107.031,20
107.138,8
107.245,19
107.352,38
107.459,12
107.566,25
107.673,22
107.779,25
107.886,5
107.993,0
108.1,0
108.207,47
108.314,15
108.421,1
108.528,0
108.635,0
108.742,24
108.848,0
108.955,0
109.062,0
109.169,22
109.276,3
109.383,0
109.49,18
109.597,3
109.704,16
109.811,0
109.918,10
110.024,8
110.131,0
110.238,0
110.345,3
110.452,12
110.559,10
110.666,0
110.773,3
110.88,6
110.987,13
111.094,0
111.2,7
111.307,7
111.414,1
111.521,14
111.628,0
111.735,18
111.842,0
111.949,0
112.056,0
112.163,0
112.269,0
112.376,3
112.483,14
112.59,0
112.697,19
112.804,40
112.911,0
113.018,0
113.125,3
113.232,0
113.339,9
113.445,26
113.552,0
113.659,0
113.766,12
113.873,21
113.98,4
114.087,0
114.194,7
114.301,0
114.408,26
114.515,12
114.621,14
114.728,15
114.835,12
114.942,4
115.049,24
115.156,3
115.263,0
115.37,3
115.477,5
115.584,0
115.69,0
115.797,2
115.904,0
116.011,7
116.118,0
116.225,0
116.332,33
116.439,14
116.546,0
116.653,3
116.76,10
116.866,15
116.973,23
117.08,35
117.187,0
117.294,22
117.401,22
117.508,0
117.615,2
117.722,0
117.829,3
117.936,34
118.042,27
118.149,30
118.256,7
118.363,0
118.47,18
118.577,15
118.684,6
118.791,7
118.898,0
119.005,1
119.112,33
119.218,0
119.325,14
119.432,0
119.539,18
119.646,12
119.753,3
119.86,30
119.967,0
120.074,23
120.181,6
120.287,0
120.394,12
120.501,0
120.608,6
120.715,8
120.822,7
120.929,0
121.036,0
121.143,5
121.25,0
121.357,0
121.463,18
121.57,0
121.677,17
121.784,1
121.891,16
121.998,0
122.105,43
122.212,0
122.319,0
122.426,5
122.533,5
122.639,0
122.746,1
122.853,2
122.96,0
123.067,0
123.174,5
123.281,15
123.388,0
123.495,19
123.602,0
123.709,4
123.815,0
123.922,0
124.029,9
124.136,14
124.243,0
124.35,0
124.457,6
124.564,20
124.671,6
124.778,0
124.885,7
124.991,0
125.098,1
125.205,0
125.312,8
125.419,10
125.526,0
125.633,2
125.74,8
125.847,12
125.954,0
126.061,52
126.167,15
126.274,12
126.381,19
126.488,16
126.595,1
126.702,0
126.809,8
126.916,0
127.023,45
127.13,0
127.236,0
127.343,6
127.45,0
127.557,18
127.664,18
127.771,5
127.878,0
127.985,22
128.092,0
128.199,6
128.306,7
128.412,19
128.519,15
128.626,21
128.733,3
128.84,16
128.947,6
129.054,5
129.161,0
129.268,0
129.375,16
129.482,31
129.588,0
129.695,6
129.802,2
129.909,0
130.016,20
130.123,5
130.23,0
130.337,0
130.444,0
130.551,3
130.658,0
130.764,0
130.871,8
130.978,18
131.085,18
131.192,6
131.299,0
131.406,24
131.513,1
131.62,25
131.727,0
131.834,0
131.94,11
132.047,0
132.154,0
132.261,0
132.368,7
132.475,0
132.582,0
132.689,5
132.796,24
132.903,26
133.01,7
133.116,7
133.223,15
133.33,16
133.437,1
133.544,3
133.651,0
133.758,0
133.865,0
133.972,0
134.079,27
134.186,4
134.292,5
134.399,0
134.506,0
134.613,0
134.72,45
134.827,34
134.934,0
135.041,0
135.148,0
135.255,17
135.362,16
135.468,0
135.575,0
135.682,0
135.789,0
135.896,16
136.003,0
136.11,0
136.217,37
136.324,22
136.431,1
136.538,12
136.644,30
136.751,2
136.858,16
136.965,1
137.072,0
137.179,0
137.286,11
137.393,0
137.5,1
137.607,1
137.714,0
137.82,3
137.927,0
138.034,19
138.141,38
138.248,7
138.355,0
138.462,13
138.569,23
138.676,0
138.783,0
138.89,14
138.996,6
139.103,17
139.21,14
139.317,26
139.424,34
139.531,0
139.638,13
139.745,0
139.852,6
139.959,15
140.065,0
140.172,5
140.279,12
140.386,0
140.493,1
140.6,0
140.707,0
140.814,26
140.921,0
141.028,5
141.135,0
141.241,17
141.348,0
141.455,0
141.562,22
141.669,14
141.776,16
141.883,28
141.99,11
142.097,1
142.204,0
142.311,22
142.417,0
142.524,0
142.631,11
142.738,2
142.845,6
142.952,7
143.059,0
143.166,11
143.273,0
143.38,0
143.487,10
143.593,0
143.7,17
143.807,11
143.914,0
144.021,10
144.128,0
144.235,0
144.342,20
144.449,42
144.556,0
144.663,5
144.769,0
144.876,0
144.983,0
145.09,0
145.197,0
145.304,0
145.411,18
145.518,29
145.625,2
145.732,5
145.839,0
145.945,11
146.052,0
146.159,0
146.266,8
146.373,15
146.48,1
146.587,6
146.694,0
146.801,10
146.908,0
147.015,0
147.121,6
147.228,0
147.335,19
147.442,41
147.549,0
147.656,0
147.763,10
147.87,38
147.977,20
148.084,6
148.191,0
148.297,6
148.404,0
148.511,3
148.618,0
148.725,0
148.832,21
148.939,0
149.046,0
149.153,0
149.26,0
149.367,26
149.473,0
149.58,5
149.687,0
149.794,0
149.901,21
150.008,8
150.115,0
150.222,20
150.329,27
150.436,13
150.543,0
150.649,0
150.756,0
150.863,7
150.97,1
151.077,0
151.184,18
151.291,12
151.398,2
151.505,0
151.612,0
151.719,5
151.825,30
151.932,11
152.039,13
152.146,9
152.253,11
152.36,0
152.467,14
152.574,0
152.681,0
152.788,0
152.894,16
153.001,0
153.108,11
153.215,21
153.322,0
153.429,3
153.536,26
153.643,7
153.75,15
153.857,8
153.964,1
154.07,14
154.177,3
154.284,0
154.391,22
154.498,3
154.605,12
154.712,0
154.819,14
154.926,14
155.033,0
155.14,0
155.246,22
155.353,8
155.46,0
155.567,16
155.674,11
155.781,0
155.888,0
155.995,0
156.102,35
156.209,31
156.316,0
156.422,10
156.529,0
156.636,12
156.743,18
156.85,24
156.957,0
157.064,19
157.171,0
157.278,2
157.385,18
157.492,24
157.598,0
157.705,5
157.812,11
157.919,0
158.026,0
158.133,7
158.24,7
158.347,0
158.454,0
158.561,14
158.668,0
158.774,8
158.881,0
158.988,4
159.095,26
159.202,0
159.309,2
159.416,0
159.523,31
159.63,8
159.737,4
159.844,0
159.95,0
160.057,6
160.164,0
160.271,0
160.378,3
160.485,31
160.592,28
160.699,16
160.806,0
160.913,0
161.019,7
161.126,0
161.233,0
161.34,0
161.447,0
161.554,10
161.661,10
161.768,0
161.875,0
161.982,11
162.089,11
162.195,0
162.302,0
162.409,14
162.516,26
162.623,21
162.73,0
162.837,10
162.944,0
163.051,0
163.158,24
163.265,0
163.371,2
163.478,8
163.585,8
163.692,0
163.799,11
163.906,0
164.013,0
164.12,22
164.227,13
164.334,0
164.441,0
164.547,0
164.654,1
164.761,0
164.868,0
164.975,17
165.082,0
165.189,0
165.296,0
165.403,9
165.51,5
165.616,0
165.723,20
165.83,3
165.937,5
166.044,0
166.151,2
166.258,22
166.365,0
166.472,0
166.579,0
166.686,0
166.792,47
166.899,40
167.006,0
167.113,2
167.22,0
167.327,0
167.434,6
167.541,31
167.648,0
167.755,0
167.862,17
167.968,42
168.075,0
168.182,0
168.289,22
168.396,0
168.503,30
168.61,0
168.717,0
168.824,0
168.931,17
169.037,0
169.144,0
169.251,1
169.358,0
169.465,8
169.572,13
169.679,21
169.786,0
169.893,0
170,0
170.107,18
170.213,22
170.32,0
170.427,0
170.534,42
170.641,26
170.748,10
170.855,0
170.962,0
171.069,0
171.176,0
171.283,21
171.389,0
171.496,13
171.603,0
171.71,7
171.817,14
171.924,14
172.031,0
172.138,0
172.245,19
172.352,0
172.458,0
172.565,15
172.672,5
172.779,0
172.886,0
172.993,11
173.1,1
173.207,0
173.314,5
173.421,0
173.528,20
173.634,11
173.741,7
173.848,0
173.955,24
174.062,11
174.169,0
174.276,2
174.383,10
174.49,22
174.597,3
174.704,0
174.81,0
174.917,20
175.024,1
175.131,11
175.238,0
175.345,13
175.452,15
175.559,1
175.666,13
175.773,13
175.879,6
175.986,14
176.093,0
176.2,6
176.307,2
176.414,19
176.521,0
176.628,29
176.735,0
176.842,20
176.949,0
177.055,19
177.162,0
177.269,0
177.376,0
177.483,46
177.59,28
177.697,6
177.804,0
177.911,0
178.018,8
178.124,16
178.231,32
178.338,24
178.445,0
178.552,0
178.659,11
178.766,1
178.873,10
178.98,18
179.087,0
179.194,0
179.3,0
179.407,0
179.514,0
179.621,0
179.728,44
179.835,12
179.942,0
180.049,34
180.156,48
180.263,22
180.369,0
180.476,0
180.583,0
180.69,19
180.797,6
180.904,0
181.011,15
181.118,8
181.225,0
181.332,25
181.439,0
181.545,0
181.652,0
181.759,2
181.866,10
181.973,0
182.08,0
182.187,25
182.294,22
182.401,0
182.508,0
182.614,12
182.721,2
182.828,0
182.935,10
183.042,0
183.149,10
183.256,0
183.363,0
183.47,27
183.577,7
183.683,15
183.79,2
183.897,9
184.004,37
184.111,5
184.218,4
184.325,0
184.432,6
184.539,11
184.646,0
184.753,0
184.859,22
184.966,22
185.073,10
185.18,0
185.287,6
185.394,20
185.501,0
185.608,10
185.715,14
185.822,0
185.928,6
186.035,0
186.142,3
186.249,31
186.356,20
186.463,27
186.57,28
186.677,18
186.784,7
186.891,1
186.997,13
187.104,0
187.211,13
187.318,15
187.425,0
187.532,0
187.639,0
187.746,4
187.853,0
187.96,0
188.067,0
188.173,45
188.28,24
188.387,0
188.494,0
188.601,0
188.708,26
188.815,0
188.922,3
189.029,0
189.136,0
189.242,0
189.349,0
189.456,0
189.563,0
189.67,15
189.777,0
189.884,1
189.991,14
190.098,3
190.205,12
190.311,0
190.418,0
190.525,0
190.632,35
190.739,0
190.846,17
190.953,0
191.06,8
191.167,0
191.274,0
191.38,8
191.487,9
191.594,7
191.701,0
191.808,0
191.915,6
192.022,7
192.129,0
192.236,0
192.343,4
192.45,7
192.556,14
192.663,0
192.77,0
192.877,0
192.984,39
193.091,8
193.198,0
193.305,17
193.412,8
193.519,0
193.625,25
193.732,0
193.839,0
193.946,14
194.053,4
194.16,1
194.267,8
194.374,2
194.481,0
194.588,22
194.694,0
194.801,9
194.908,26
195.015,0
195.122,0
195.229,0
195.336,0
195.443,0
195.55,7
195.657,0
195.763,0
195.87,0
195.977,2
196.084,0
196.191,20
196.298,33
196.405,0
196.512,17
196.619,0
196.726,10
196.832,0
196.939,4
197.046,0
197.153,0
197.26,20
197.367,0
197.474,35
197.581,11
197.688,1
197.795,15
197.901,11
198.008,14
198.115,13
198.222,0
198.329,0
198.436,0
198.543,0
198.65,0
198.757,0
198.864,29
198.97,22
199.077,3
199.184,0
199.291,0
199.398,30
199.505,8
199.612,6
199.719,0
199.826,0
199.933,18
200.039,13
200.146,0
200.253,0
200.36,0
200.467,0
200.574,0
200.681,0
200.788,11
200.895,34
201.002,0
201.108,16
201.215,5
201.322,5
201.429,21
201.536,11
201.643,0
201.75,0
201.857,25
201.964,0
202.071,0
202.177,3
202.284,5
202.391,0
202.498,9
202.605,6
202.712,3
202.819,8
202.926,2
203.033,1
203.14,0
203.246,0
203.353,3
203.46,4
203.567,0
203.674,21
203.781,0
203.888,12
203.995,8
204.102,20
204.208,3
204.315,0
204.422,0
204.529,5
204.636,0
204.743,16
204.85,10
204.957,0
205.064,11
205.171,6
205.277,1
205.384,14
205.491,17
205.598,2
205.705,26
205.812,4
205.919,19
206.026,0
206.133,3
206.24,3
206.346,22
206.453,21
206.56,24
206.667,17
206.774,0
206.881,16
206.988,0
207.095,0
207.202,0
207.309,1
207.415,20
207.522,10
207.629,0
207.736,6
207.843,3
207.95,19
208.057,30
208.164,0
208.271,0
208.377,3
208.484,1
208.591,0
208.698,18
208.805,13
208.912,2
209.019,0
209.126,6
209.233,0
209.34,0
209.446,0
209.553,19
209.66,21
209.767,10
209.874,1
209.981,0
210.088,11
210.195,4
210.302,7
210.409,19
210.515,31
210.622,0
210.729,0
210.836,8
210.943,12
211.05,24
211.157,20
211.264,30
211.371,1
211.477,0
211.584,8
211.691,10
211.798,0
211.905,0
212.012,0
212.119,0
212.226,0
212.333,13
212.44,26
212.546,0
212.653,20
212.76,18
212.867,0
212.974,0
213.081,4
213.188,28
213.295,9
213.402,7
213.508,0
213.615,12
213.722,3
213.829,0
213.936,4
214.043,1
214.15,32
214.257,0
214.364,0
214.471,4
214.577,0
214.684,0
214.791,0
214.898,0
215.005,0
215.112,6
215.219,0
215.326,7
215.433,0
215.539,0
215.646,26
215.753,5
215.86,0
215.967,0
216.074,23
216.181,17
216.288,0
216.395,16
216.502,9
216.608,0
216.715,13
216.822,0
216.929,3
217.036,0
217.143,0
217.25,0
217.357,36
217.464,5
217.57,22
217.677,8
217.784,4
217.891,2
217.998,0
218.105,0
218.212,9
218.319,0
218.426,0
218.532,0
218.639,0
218.746,18
218.853,12
218.96,0
219.067,19
219.174,13
219.281,32
219.388,1
219.495,4
219.601,31
219.708,0
219.815,0
219.922,0
220.029,0
220.136,0
220.243,27
220.35,27
220.457,0
220.563,0
220.67,0
220.777,21
220.884,5
220.991,0
221.098,0
221.205,11
221.312,0
221.419,6
221.525,0
221.632,8
221.739,0
221.846,4
221.953,2
222.06,20
222.167,0
222.274,7
222.381,3
222.488,2
222.594,15
222.701,17
222.808,14
222.915,22
223.022,6
223.129,21
223.236,6
223.343,0
223.45,0
223.556,30
223.663,0
223.77,3
223.877,19
223.984,23
224.091,0
224.198,0
224.305,12
224.412,19
224.518,19
224.625,0
224.732,0
224.839,0
224.946,24
225.053,6
225.16,0
225.267,2
225.374,15
225.48,13
225.587,0
225.694,6
225.801,5
225.908,0
226.015,0
226.122,12
226.229,29
226.336,6
226.442,0
226.549,0
226.656,20
226.763,0
226.87,0
226.977,26
227.084,0
227.191,2
227.298,2
227.404,0
227.511,0
227.618,0
227.725,0
227.832,36
227.939,5
228.046,9
228.153,0
228.26,0
228.366,0
228.473,4
228.58,10
228.687,24
228.794,0
228.901,0
229.008,24
229.115,26
229.222,8
229.328,0
229.435,18
229.542,20
229.649,0
229.756,0
229.863,16
229.97,2
230.077,0
230.184,14
230.29,4
230.397,1
230.504,0
230.611,17
230.718,0
230.825,0
230.932,25
231.039,17
231.146,0
231.252,0
231.359,0
231.466,2
231.573,0
231.68,0
231.787,0
231.894,1
232.001,1
232.108,11
232.214,4
232.321,0
232.428,0
232.535,0
232.642,21
232.749,28
232.856,0
232.963,2
233.07,0
233.176,0
233.283,0
233.39,2
233.497,1
233.604,0
233.711,2
233.818,8
233.925,11
234.031,20
234.138,21
234.245,6
234.352,25
234.459,0
234.566,0
234.673,10
234.78,0
234.887,0
234.993,7
235.1,0
235.207,0
235.314,1
235.421,0
235.528,0
235.635,38
235.742,25
235.849,0
235.955,0
236.062,6
236.169,0
236.276,2
236.383,0
236.49,2
236.597,0
236.704,27
236.81,0
236.917,0
237.024,8
237.131,28
237.238,5
237.345,11
237.452,6
237.559,0
237.666,29
237.772,33
237.879,17
237.986,8
238.093,0
238.2,0
238.307,0
238.414,2
238.521,10
238.628,8
238.734,13
238.841,1
238.948,0
239.055,0
239.162,0
239.269,0
239.376,4
239.483,0
239.589,19
239.696,0
239.803,8
239.91,0
240.017,27
240.124,2
240.231,13
240.338,0
240.445,9
240.551,14
240.658,26
240.765,2
240.872,0
240.979,0
241.086,0
241.193,0
241.3,10
241.406,0
241.513,0
241.62,50
241.727,16
241.834,8
241.941,0
242.048,0
242.155,0
242.262,20
242.368,17
242.475,4
242.582,20
242.689,0
242.796,0
242.903,0
243.01,0
243.117,0
243.223,0
243.33,0
243.437,3
243.544,9
243.651,1
243.758,0
243.865,6
243.972,0
244.079,0
244.185,0
244.292,0
244.399,0
244.506,0
244.613,4
244.72,38
244.827,0
244.934,0
245.04,11
245.147,11
245.254,5
245.361,8
245.468,10
245.575,0
245.682,1
245.789,0
245.896,0
246.002,0
246.109,0
246.216,11
246.323,24
246.43,4
246.537,8
246.644,0
246.751,12
246.857,3
246.964,21
247.071,10
247.178,13
247.285,6
247.392,0
247.499,9
247.606,18
247.712,0
247.819,0
247.926,0
248.033,2
248.14,0
248.247,7
248.354,0
248.461,14
248.567,22
248.674,19
248.781,22
248.888,0
248.995,25
249.102,17
249.209,27
249.316,7
249.423,0
249.529,13
249.636,9
249.743,12
249.85,11
249.957,0
250.064,0
250.171,37
250.278,0
250.384,0
250.491,0
250.598,2
250.705,0
250.812,0
250.919,0
251.026,5
251.133,8
251.239,13
251.346,0
251.453,0
251.56,30
251.667,11
251.774,6
251.881,0
251.988,13
252.094,0
252.201,0
252.308,80
252.415,19
252.522,0
252.629,0
252.736,0
252.843,103
252.949,161
253.056,100
253.163,35
253.27,0
253.377,0
253.484,0
253.591,0
253.698,2
253.804,0
253.911,0
254.018,17
254.125,0
254.232,12
254.339,0
254.446,0
254.553,0
254.659,24
254.766,12
254.873,0
254.98,0
255.087,10
255.194,0
255.301,0
255.408,6
255.514,21
255.621,0
255.728,0
255.835,0
255.942,22
256.049,18
256.156,0
256.263,0
256.369,0
256.476,14
256.583,9
256.69,9
256.797,8
256.904,0
257.011,0
257.118,0
257.224,12
257.331,0
257.438,28
257.545,7
257.652,13
257.759,0
257.866,21
257.973,7
258.079,0
258.186,33
258.293,18
258.4,20
258.507,5
258.614,1
258.721,12
258.828,0
258.934,1
259.041,14
259.148,14
259.255,6
259.362,0
259.469,33
259.576,0
259.683,3
259.789,13
259.896,12
260.003,0
260.11,5
260.217,24
260.324,2
260.431,0
260.537,0
260.644,0
260.751,0
260.858,8
260.965,0
261.072,10
261.179,0
261.286,0
261.392,22
261.499,14
261.606,0
261.713,0
261.82,6
261.927,14
262.034,0
262.141,7
262.247,0
262.354,0
262.461,0
262.568,0
262.675,17
262.782,0
262.889,11
262.996,42
263.102,18
263.209,0
263.316,20
263.423,3
263.53,0
263.637,3
263.744,7
263.85,7
263.957,12
264.064,0
264.171,21
264.278,2
264.385,32
264.492,10
264.599,0
264.705,0
264.812,0
264.919,1
265.026,13
265.133,0
265.24,6
265.347,25
265.454,0
265.56,5
265.667,0
265.774,0
265.881,9
265.988,30
266.095,7
266.202,2
266.308,0
266.415,26
266.522,35
266.629,3
266.736,0
266.843,12
266.95,19
267.057,9
267.163,3
267.27,0
267.377,0
267.484,49
267.591,115
267.698,78
267.805,9
267.911,0
268.018,4
268.125,32
268.232,0
268.339,0
268.446,24
268.553,0
268.66,14
268.766,15
268.873,0
268.98,0
269.087,7
269.194,8
269.301,0
269.408,0
269.514,0
269.621,0
269.728,30
269.835,0
269.942,0
270.049,12
270.156,21
270.263,0
270.369,9
270.476,3
270.583,0
270.69,11
270.797,0
270.904,0
271.011,0
271.117,17
271.224,0
271.331,11
271.438,0
271.545,61
271.652,129
271.759,72
271.866,32
271.972,0
272.079,0
272.186,0
272.293,29
272.4,0
272.507,15
272.614,0
272.72,0
272.827,26
272.934,13
273.041,10
273.148,11
273.255,19
273.362,0
273.468,7
273.575,0
273.682,29
273.789,13
273.896,1
274.003,2
274.11,4
274.217,8
274.323,3
274.43,1
274.537,0
274.644,12
274.751,6
274.858,0
274.965,15
275.071,14
275.178,18
275.285,0
275.392,0
275.499,3
275.606,0
275.713,4
275.819,0
275.926,47
276.033,23
276.14,21
276.247,51
276.354,0
276.461,3
276.567,0
276.674,8
276.781,1
276.888,0
276.995,0
277.102,41
277.209,11
277.315,0
277.422,0
277.529,13
277.636,21
277.743,7
277.85,0
277.957,0
278.064,0
278.17,24
278.277,21
278.384,0
278.491,0
278.598,0
278.705,13
278.812,11
278.918,0
279.025,2
279.132,0
279.239,5
279.346,0
279.453,0
279.56,26
279.666,15
279.773,0
279.88,0
279.987,11
280.094,4
280.201,15
280.308,3
280.414,0
280.521,14
280.628,8
280.735,3
280.842,41
280.949,10
281.056,6
281.162,7
281.269,14
281.376,16
281.483,2
281.59,1
281.697,24
281.804,0
281.91,30
282.017,19
282.124,6
282.231,10
282.338,11
282.445,0
282.552,6
282.658,29
282.765,2
282.872,24
282.979,16
283.086,0
283.193,19
283.3,13
283.406,0
283.513,0
283.62,0
283.727,0
283.834,0
283.941,2
284.048,6
284.154,1
284.261,0
284.368,45
284.475,14
284.582,0
284.689,0
284.796,5
284.902,17
285.009,0
285.116,0
285.223,3
285.33,10
285.437,11
285.544,27
285.65,27
285.757,10
285.864,12
285.971,24
286.078,5
286.185,0
286.292,0
286.398,22
286.505,16
286.612,2
286.719,15
286.826,11
286.933,1
287.039,0
287.146,8
287.253,28
287.36,8
287.467,8
287.574,28
287.681,17
287.787,21
287.894,141
288.001,98
288.108,2
288.215,9
288.322,3
288.429,0
288.535,8
288.642,17
288.749,2
288.856,41
288.963,21
289.07,30
289.177,8
289.283,0
289.39,25
289.497,2
289.604,5
289.711,1
289.818,0
289.924,15
290.031,10
290.138,19
290.245,1
290.352,0
290.459,13
290.566,75
290.672,92
290.779,24
290.886,0
290.993,9
291.1,15
291.207,0
291.314,0
291.42,0
291.527,23
291.634,0
291.741,0
291.848,23
291.955,30
292.062,0
292.168,0
292.275,6
292.382,26
292.489,0
292.596,0
292.703,8
292.809,4
292.916,14
293.023,0
293.13,21
293.237,8
293.344,0
293.451,13
293.557,12
293.664,10
293.771,6
293.878,0
293.985,43
294.092,7
294.198,0
294.305,5
294.412,0
294.519,0
294.626,0
294.733,0
294.84,0
294.946,0
295.053,4
295.16,29
295.267,0
295.374,22
295.481,11
295.588,0
295.694,6
295.801,18
295.908,24
296.015,30
296.122,6
296.229,11
296.335,0
296.442,0
296.549,11
296.656,0
296.763,0
296.87,15
296.977,10
297.083,11
297.19,0
297.297,1
297.404,18
297.511,23
297.618,22
297.724,0
297.831,6
297.938,7
298.045,3
298.152,0
298.259,6
298.365,28
298.472,10
298.579,0
298.686,0
298.793,22
298.9,0
299.007,5
299.113,19
299.22,0
299.327,22
299.434,6
299.541,2
299.648,0
299.754,0
299.861,0
299.968,19
300.075,0
300.182,0
300.289,26
300.396,26
300.502,9
300.609,4
300.716,12
300.823,4
300.93,12
301.037,0
301.143,0
301.25,0
301.357,15
301.464,1
301.571,0
301.678,24
301.784,0
301.891,0
301.998,0
302.105,0
302.212,4
302.319,17
302.426,0
302.532,0
302.639,19
302.746,0
302.853,0
302.96,8
303.067,16
303.173,11
303.28,0
303.387,4
303.494,0
303.601,21
303.708,0
303.814,0
303.921,34
304.028,21
304.135,13
304.242,0
304.349,21
304.456,4
304.562,11
304.669,3
304.776,0
304.883,0
304.99,0
305.097,0
305.203,5
305.31,0
305.417,0
305.524,0
305.631,0
305.738,25
305.844,38
305.951,0
306.058,0
306.165,7
306.272,0
306.379,0
306.485,22
306.592,0
306.699,23
306.806,0
306.913,0
307.02,19
307.126,20
307.233,0
307.34,0
307.447,26
307.554,23
307.661,5
307.767,0
307.874,0
307.981,0
308.088,7
308.195,10
308.302,6
308.409,7
308.515,16
308.622,11
308.729,12
308.836,9
308.943,0
309.05,30
309.156,18
309.263,12
309.37,0
309.477,18
309.584,0
309.691,0
309.797,8
309.904,19
310.011,0
310.118,0
310.225,32
310.332,4
310.438,0
310.545,8
310.652,1
310.759,3
310.866,0
310.973,0
311.079,0
311.186,7
311.293,23
311.4,43
311.507,0
311.614,0
311.72,38
311.827,21
311.934,0
312.041,0
312.148,22
312.255,12
312.361,2
312.468,0
312.575,0
312.682,0
312.789,17
312.896,28
313.002,22
313.109,18
313.216,0
313.323,0
313.43,0
313.537,34
313.643,17
313.75,0
313.857,18
313.964,0
314.071,11
314.178,0
314.284,4
314.391,0
314.498,0
314.605,0
314.712,0
314.819,5
314.925,5
315.032,1
315.139,5
315.246,0
315.353,31
315.46,8
315.566,0
315.673,0
315.78,0
315.887,12
315.994,0
316.1,0
316.207,0
316.314,0
316.421,17
316.528,36
316.635,15
316.741,0
316.848,0
316.955,13
317.062,3
317.169,5
317.276,0
317.382,8
317.489,14
317.596,12
317.703,0
317.81,4
317.917,7
318.023,15
318.13,16
318.237,9
318.344,0
318.451,0
318.558,14
318.664,5
318.771,1
318.878,1
318.985,26
319.092,0
319.199,5
319.305,17
319.412,8
319.519,8
319.626,12
319.733,10
319.839,13
319.946,0
320.053,0
320.16,34
320.267,8
320.374,5
320.48,22
320.587,24
320.694,0
320.801,0
320.908,8
321.015,3
321.121,0
321.228,0
321.335,0
321.442,13
321.549,25
321.655,14
321.762,2
321.869,0
321.976,40
322.083,24
322.19,12
322.296,0
322.403,6
322.51,0
322.617,0
322.724,9
322.831,5
322.937,7
323.044,0
323.151,0
323.258,28
323.365,2
323.472,19
323.578,0
323.685,24
323.792,5
323.899,9
324.006,14
324.112,0
324.219,0
324.326,0
324.433,24
324.54,0
324.647,6
324.753,29
324.86,0
324.967,16
325.074,26
325.181,13
325.287,0
325.394,0
325.501,0
325.608,4
325.715,30
325.822,26
325.928,34
326.035,7
326.142,22
326.249,8
326.356,0
326.463,33
326.569,21
326.676,6
326.783,0
326.89,0
326.997,0
327.103,25
327.21,42
327.317,0
327.424,0
327.531,9
327.638,0
327.744,0
327.851,6
327.958,5
328.065,37
328.172,3
328.278,11
328.385,0
328.492,6
328.599,12
328.706,0
328.813,0
328.919,1
329.026,0
329.133,0
329.24,0
329.347,32
329.453,0
329.56,0
329.667,24
329.774,2
329.881,0
329.988,16
330.094,0
330.201,0
330.308,0
330.415,0
330.522,0
330.628,18
330.735,40
330.842,0
330.949,4
331.056,0
331.162,0
331.269,1
331.376,28
331.483,6
331.59,0
331.697,0
331.803,9
331.91,28
332.017,0
332.124,7
332.231,0
332.337,0
332.444,15
332.551,0
332.658,14
332.765,18
332.872,0
332.978,0
333.085,7
333.192,0
333.299,0
333.406,0
333.512,13
333.619,0
333.726,0
333.833,5
333.94,16
334.046,14
334.153,0
334.26,0
334.367,16
334.474,24
334.581,0
334.687,1
334.794,0
334.901,0
335.008,23
335.115,8
335.221,8
335.328,0
335.435,11
335.542,11
335.649,0
335.755,26
335.862,0
335.969,0
336.076,23
336.183,17
336.29,0
336.396,4
336.503,6
336.61,0
336.717,5
336.824,12
336.93,0
337.037,0
337.144,36
337.251,0
337.358,6
337.464,0
337.571,0
337.678,0
337.785,37
337.892,30
337.998,1
338.105,0
338.212,5
338.319,0
338.426,0
338.533,0
338.639,0
338.746,0
338.853,4
338.96,15
339.067,0
339.173,0
339.28,32
339.387,9
339.494,0
339.601,20
339.707,0
339.814,1
339.921,0
340.028,0
340.135,4
340.241,0
340.348,4
340.455,7
340.562,3
340.669,12
340.775,19
340.882,5
340.989,51
341.096,104
341.203,49
341.309,20
341.416,4
341.523,0
341.63,0
341.737,6
341.844,0
341.95,0
342.057,56
342.164,68
342.271,53
342.378,34
342.484,44
342.591,0
342.698,4
342.805,0
342.912,8
343.018,24
343.125,71
343.232,33
343.339,0
343.446,0
343.552,11
343.659,1
343.766,0
343.873,5
343.98,0
344.086,37
344.193,23
344.3,0
344.407,36
344.514,14
344.62,1
344.727,20
344.834,41
344.941,12
345.048,0
345.154,0
345.261,8
345.368,0
345.475,6
345.582,3
345.688,1
345.795,0
345.902,0
346.009,0
346.116,26
346.222,34
346.329,35
346.436,8
346.543,17
346.65,10
346.756,11
346.863,38
346.97,0
347.077,0
347.184,0
347.29,0
347.397,27
347.504,10
347.611,0
347.718,3
347.824,20
347.931,4
348.038,0
348.145,0
348.252,0
348.358,0
348.465,30
348.572,5
348.679,0
348.786,0
348.892,0
348.999,11
349.106,49
349.213,85
349.32,64
349.426,30
349.533,10
349.64,12
349.747,0
349.854,8
349.96,5
350.067,0
350.174,2
350.281,14
350.388,0
350.494,0
350.601,17
350.708,0
350.815,14
350.922,0
351.028,13
351.135,32
351.242,14
351.349,0
351.456,3
351.562,11
351.669,0
351.776,28
351.883,8
351.989,0
352.096,0
352.203,5
352.31,19
352.417,6
352.523,6
352.63,0
352.737,0
352.844,29
352.951,11
353.057,0
353.164,0
353.271,0
353.378,17
353.485,0
353.591,0
353.698,0
353.805,5
353.912,0
354.019,6
354.125,20
354.232,23
354.339,3
354.446,20
354.553,12
354.659,6
354.766,9
354.873,0
354.98,6
355.086,14
355.193,9
355.3,0
355.407,21
355.514,32
355.62,1
355.727,0
355.834,22
355.941,16
356.048,24
356.154,23
356.261,0
356.368,22
356.475,49
356.582,0
356.688,0
356.795,41
356.902,0
357.009,14
357.115,13
357.222,7
357.329,0
357.436,5
357.543,0
357.649,31
357.756,11
357.863,28
357.97,12
358.077,23
358.183,12
358.29,0
358.397,0
358.504,15
358.61,18
358.717,4
358.824,6
358.931,0
359.038,0
359.144,49
359.251,39
359.358,0
359.465,11
359.572,17
359.678,12
359.785,5
359.892,17
359.999,0
360.105,9
360.212,0
360.319,74
360.426,211
360.533,125
360.639,55
360.746,12
360.853,0
360.96,24
361.067,0
361.173,12
361.28,0
361.387,5
361.494,0
361.6,24
361.707,1
361.814,15
361.921,0
362.028,0
362.134,29
362.241,23
362.348,0
362.455,0
362.562,25
362.668,11
362.775,0
362.882,0
362.989,12
363.095,0
363.202,5
363.309,1
363.416,0
363.523,24
363.629,98
363.736,146
363.843,44
363.95,26
364.056,5
364.163,9
364.27,0
364.377,0
364.484,0
364.59,8
364.697,0
364.804,0
364.911,14
365.017,4
365.124,0
365.231,20
365.338,18
365.445,24
365.551,0
365.658,0
365.765,0
365.872,9
365.979,8
366.085,36
366.192,0
366.299,6
366.406,0
366.512,0
366.619,20
366.726,26
366.833,14
366.94,0
367.046,19
367.153,15
367.26,12
367.367,17
367.473,0
367.58,12
367.687,13
367.794,0
367.9,0
368.007,14
368.114,0
368.221,13
368.328,0
368.434,0
368.541,0
368.648,19
368.755,0
368.861,0
368.968,15
369.075,0
369.182,0
369.289,3
369.395,1
369.502,0
369.609,0
369.716,0
369.822,33
369.929,59
370.036,15
370.143,0
370.25,0
370.356,0
370.463,0
370.57,0
370.677,0
370.783,0
370.89,0
370.997,0
371.104,0
371.211,26
371.317,0
371.424,3
371.531,0
371.638,0
371.744,0
371.851,18
371.958,0
372.065,3
372.171,9
372.278,0
372.385,0
372.492,0
372.599,0
372.705,55
372.812,10
372.919,0
373.026,0
373.132,40
373.239,19
373.346,7
373.453,0
373.559,10
373.666,10
373.773,16
373.88,32
373.987,0
374.093,30
374.2,0
374.307,11
374.414,25
374.52,0
374.627,0
374.734,0
374.841,18
374.947,22
375.054,0
375.161,13
375.268,2
375.375,15
375.481,7
375.588,0
375.695,6
375.802,24
375.908,0
376.015,0
376.122,8
376.229,0
376.335,12
376.442,4
376.549,9
376.656,3
376.763,1
376.869,0
376.976,18
377.083,0
377.19,6
377.296,2
377.403,0
377.51,0
377.617,0
377.723,0
377.83,8
377.937,0
378.044,0
378.15,14
378.257,0
378.364,11
378.471,21
378.578,8
378.684,14
378.791,2
378.898,0
379.005,8
379.111,6
379.218,13
379.325,0
379.432,0
379.538,30
379.645,0
379.752,0
379.859,0
379.965,2
380.072,0
380.179,5
380.286,0
380.392,0
380.499,21
380.606,11
380.713,10
380.82,0
380.926,0
381.033,5
381.14,0
381.247,9
381.353,11
381.46,19
381.567,25
381.674,41
381.78,0
381.887,4
381.994,3
382.101,23
382.207,39
382.314,0
382.421,5
382.528,0
382.634,0
382.741,33
382.848,7
382.955,0
383.061,0
383.168,0
383.275,21
383.382,1
383.488,0
383.595,0
383.702,3
383.809,0
383.916,32
384.022,160
384.129,118
384.236,45
384.343,0
384.449,0
384.556,15
384.663,16
384.77,17
384.876,0
384.983,41
385.09,19
385.197,18
385.303,29
385.41,0
385.517,0
385.624,25
385.73,0
385.837,0
385.944,0
386.051,22
386.157,0
386.264,13
386.371,0
386.478,24
386.584,52
386.691,2
386.798,0
386.905,0
387.011,30
387.118,17
387.225,0
387.332,0
387.438,0
387.545,0
387.652,0
387.759,0
387.865,0
387.972,0
388.079,0
388.186,6
388.292,0
388.399,9
388.506,0
388.613,5
388.719,20
388.826,0
388.933,10
389.04,0
389.146,0
389.253,9
389.36,0
389.467,34
389.573,151
389.68,119
389.787,50
389.894,0
390,0
390.107,13
390.214,0
390.321,6
390.427,2
390.534,0
390.641,0
390.748,14
390.854,6
390.961,0
391.068,0
391.175,35
391.281,47
391.388,0
391.495,0
391.602,26
391.708,0
391.815,10
391.922,10
392.029,0
392.135,0
392.242,7
392.349,0
392.456,0
392.562,1
392.669,9
392.776,0
392.883,2
392.989,0
393.096,15
393.203,27
393.31,0
393.416,2
393.523,17
393.63,9
393.737,0
393.843,0
393.95,5
394.057,36
394.164,60
394.27,55
394.377,0
394.484,0
394.591,19
394.697,0
394.804,0
394.911,15
395.018,0
395.124,0
395.231,27
395.338,29
395.445,0
395.551,0
395.658,0
395.765,14
395.871,15
395.978,0
396.085,0
396.192,7
396.298,2
396.405,9
396.512,8
396.619,9
396.725,21
396.832,0
396.939,12
397.046,20
397.152,0
397.259,3
397.366,0
397.473,23
397.579,0
397.686,0
397.793,5
397.9,19
398.006,35
398.113,22
398.22,5
398.327,0
398.433,29
398.54,6
398.647,6
398.753,0
398.86,0
398.967,4
399.074,0
399.18,2
399.287,0
399.394,15
399.501,6
399.607,2
399.714,13
399.821,0
399.928,0
400.034,17
400.141,26
400.248,8
400.355,0
400.461,14
400.568,0
400.675,0
400.781,0
400.888,0
400.995,0
401.102,14
401.208,9
401.315,26
401.422,0
401.529,2
401.635,0
401.742,0
401.849,38
401.956,28
402.062,0
402.169,2
402.276,0
402.382,12
402.489,5
402.596,0
402.703,22
402.809,27
402.916,0
403.023,0
403.13,3
403.236,12
403.343,12
403.45,17
403.557,0
403.663,4
403.77,17
403.877,12
403.983,25
404.09,0
404.197,0
404.304,0
404.41,13
404.517,6
404.624,0
404.731,18
404.837,21
404.944,0
405.051,0
405.158,1
405.264,0
405.371,0
405.478,0
405.584,0
405.691,0
405.798,24
405.905,16
406.011,10
406.118,5
406.225,0
406.332,13
406.438,30
406.545,36
406.652,0
406.758,0
406.865,0
406.972,5
407.079,0
407.185,5
407.292,4
407.399,0
407.506,0
407.612,1
407.719,0
407.826,10
407.932,3
408.039,1
408.146,27
408.253,0
408.359,14
408.466,11
408.573,0
408.68,2
408.786,0
408.893,12
409,16
409.106,18
409.213,26
409.32,25
409.427,6
409.533,56
409.64,35
409.747,29
409.853,0
409.96,0
410.067,11
410.174,6
410.28,0
410.387,14
410.494,0
410.601,15
410.707,6
410.814,0
410.921,9
411.027,10
411.134,0
411.241,0
411.348,0
411.454,1
411.561,0
411.668,0
411.774,0
411.881,33
411.988,0
412.095,0
412.201,0
412.308,0
412.415,0
412.522,39
412.628,44
412.735,3
412.842,4
412.948,0
413.055,0
413.162,67
413.269,67
413.375,32
413.482,3
413.589,41
413.695,76
413.802,38
413.909,2
414.016,0
414.122,0
414.229,0
414.336,4
414.442,0
414.549,0
414.656,0
414.763,21
414.869,0
414.976,0
415.083,6
415.189,18
415.296,0
415.403,0
415.51,0
415.616,0
415.723,0
415.83,15
415.936,0
416.043,0
416.15,6
416.257,15
416.363,37
416.47,8
416.577,7
416.683,0
416.79,58
416.897,77
417.004,0
417.11,16
417.217,4
417.324,38
417.43,0
417.537,22
417.644,15
417.751,1
417.857,41
417.964,16
418.071,26
418.177,0
418.284,16
418.391,29
418.498,73
418.604,36
418.711,7
418.818,9
418.924,0
419.031,21
419.138,22
419.245,0
419.351,0
419.458,22
419.565,0
419.671,10
419.778,0
419.885,0
419.992,9
420.098,0
420.205,2
420.312,0
420.418,0
420.525,15
420.632,0
420.738,6
420.845,0
420.952,0
421.059,34
421.165,73
421.272,22
421.379,20
421.485,0
421.592,0
421.699,15
421.806,0
421.912,0
422.019,15
422.126,15
422.232,0
422.339,22
422.446,21
422.552,6
422.659,28
422.766,4
422.873,7
422.979,0
423.086,0
423.193,9
423.299,29
423.406,0
423.513,0
423.62,0
423.726,5
423.833,14
423.94,10
424.046,0
424.153,0
424.26,0
424.366,10
424.473,0
424.58,0
424.687,0
424.793,0
424.9,0
425.007,22
425.113,0
425.22,0
425.327,0
425.433,36
425.54,19
425.647,11
425.754,0
425.86,0
425.967,14
426.074,5
426.18,0
426.287,0
426.394,0
426.5,0
426.607,0
426.714,15
426.821,26
426.927,38
427.034,98
427.141,54
427.247,26
427.354,0
427.461,0
427.567,26
427.674,0
427.781,65
427.888,71
427.994,5
428.101,18
428.208,0
428.314,0
428.421,0
428.528,0
428.634,32
428.741,3
428.848,6
428.955,0
429.061,12
429.168,14
429.275,6
429.381,0
429.488,29
429.595,29
429.701,0
429.808,0
429.915,0
430.021,59
430.128,79
430.235,12
430.342,6
430.448,0
430.555,0
430.662,2
430.768,21
430.875,5
430.982,0
431.088,0
431.195,0
431.302,0
431.409,4
431.515,0
431.622,20
431.729,62
431.835,53
431.942,7
432.049,51
432.155,97
432.262,77
432.369,26
432.475,97
432.582,83
432.689,45
432.796,0
432.902,0
433.009,0
433.116,20
433.222,1
433.329,8
433.436,0
433.542,22
433.649,0
433.756,0
433.862,32
433.969,95
434.076,98
434.182,90
434.289,32
434.396,2
434.503,0
434.609,4
434.716,0
434.823,0
434.929,0
435.036,7
435.143,10
435.249,14
435.356,20
435.463,21
435.569,39
435.676,100
435.783,91
435.889,72
435.996,0
436.103,30
436.21,1
436.316,0
436.423,9
436.53,11
436.636,0
436.743,76
436.85,116
436.956,57
437.063,20
437.17,0
437.276,2
437.383,0
437.49,0
437.596,0
437.703,35
437.81,29
437.916,43
438.023,9
438.13,0
438.237,0
438.343,0
438.45,42
438.557,48
438.663,3
438.77,90
438.877,142
438.983,114
439.09,93
439.197,15
439.303,0
439.41,2
439.517,2
439.623,0
439.73,0
439.837,0
439.943,69
440.05,69
440.157,21
440.263,16
440.37,0
440.477,11
440.583,25
440.69,30
440.797,15
440.904,8
441.01,3
441.117,24
441.224,0
441.33,0
441.437,18
441.544,63
441.65,154
441.757,124
441.864,50
441.97,0
442.077,23
442.184,15
442.29,20
442.397,0
442.504,56
442.61,53
442.717,1
442.824,0
442.93,2
443.037,0
443.144,0
443.25,0
443.357,0
443.464,18
443.57,0
443.677,0
443.784,0
443.89,45
443.997,75
444.104,34
444.21,4
444.317,0
444.424,0
444.53,0
444.637,12
444.744,0
444.851,8
444.957,0
445.064,9
445.171,17
445.277,2
445.384,0
445.491,0
445.597,5
445.704,0
445.811,26
445.917,23
446.024,0
446.131,0
446.237,9
446.344,15
446.451,18
446.557,6
446.664,22
446.771,25
446.877,0
446.984,0
447.091,0
447.197,26
447.304,1
447.411,0
447.517,0
447.624,0
447.731,0
447.837,18
447.944,20
448.051,0
448.157,0
448.264,8
448.371,0
448.477,0
448.584,2
448.691,0
448.797,15
448.904,0
449.011,0
449.117,19
449.224,8
449.331,2
449.437,0
449.544,5
449.651,0
449.757,4
449.864,0
449.971,0
450.077,8
450.184,14
450.291,0
450.397,23
450.504,13
450.611,2
450.717,32
450.824,17
450.931,0
451.037,20
451.144,9
451.251,0
451.357,0
451.464,13
451.571,19
451.677,0
451.784,14
451.891,91
451.997,79
452.104,5
452.21,0
452.317,0
452.424,14
452.53,0
452.637,0
452.744,11
452.85,20
452.957,4
453.064,0
453.17,0
453.277,7
453.384,0
453.49,27
453.597,0
453.704,0
453.81,0
453.917,4
454.024,0
454.13,0
454.237,0
454.344,13
454.45,11
454.557,0
454.664,10
454.77,3
454.877,0
454.984,0
455.09,0
455.197,18
455.304,20
455.41,0
455.517,0
455.624,0
455.73,0
455.837,7
455.944,0
456.05,0
456.157,8
456.263,15
456.37,23
456.477,43
456.583,110
456.69,62
456.797,18
456.903,0
457.01,0
457.117,0
457.223,0
457.33,0
457.437,0
457.543,0
457.65,0
457.757,5
457.863,0
457.97,0
458.077,29
458.183,0
458.29,6
458.397,28
458.503,26
458.61,16
458.716,33
458.823,25
458.93,0
459.036,0
459.143,0
459.25,0
459.356,6
459.463,7
459.57,0
459.676,0
459.783,16
459.89,16
459.996,13
460.103,9
460.21,0
460.316,8
460.423,0
460.53,24
460.636,4
460.743,0
460.849,0
460.956,0
461.063,0
461.169,0
461.276,5
461.383,6
461.489,21
461.596,21
461.703,0
461.809,0
461.916,0
462.023,0
462.129,0
462.236,9
462.342,0
462.449,5
462.556,0
462.662,14
462.769,0
462.876,0
462.982,38
463.089,18
463.196,0
463.302,1
463.409,0
463.516,16
463.622,10
463.729,4
463.835,0
463.942,0
464.049,13
464.155,17
464.262,12
464.369,28
464.475,24
464.582,25
464.689,26
464.795,26
464.902,14
465.009,0
465.115,27
465.222,22
465.328,0
465.435,16
465.542,46
465.648,0
465.755,0
465.862,27
465.968,5
466.075,0
466.182,14
466.288,0
466.395,7
466.501,26
466.608,0
466.715,36
466.821,39
466.928,0
467.035,0
467.141,0
467.248,0
467.355,0
467.461,13
467.568,7
467.674,0
467.781,21
467.888,29
467.994,0
468.101,0
468.208,0
468.314,17
468.421,0
468.528,0
468.634,0
468.741,44
468.847,68
468.954,58
469.061,37
469.167,4
469.274,0
469.381,7
469.487,7
469.594,0
469.701,5
469.807,21
469.914,0
470.02,0
470.127,11
470.234,11
470.34,0
470.447,0
470.554,24
470.66,205
470.767,226
470.873,91
470.98,0
471.087,0
471.193,24
471.3,40
471.407,31
471.513,13
471.62,0
471.727,0
471.833,0
471.94,0
472.046,0
472.153,5
472.26,0
472.366,0
472.473,6
472.58,31
472.686,0
472.793,18
472.899,13
473.006,1
473.113,0
473.219,3
473.326,0
473.433,2
473.539,10
473.646,0
473.752,2
473.859,4
473.966,0
474.072,4
474.179,0
474.286,33
474.392,0
474.499,7
474.605,0
474.712,0
474.819,10
474.925,0
475.032,70
475.139,31
475.245,6
475.352,0
475.458,2
475.565,67
475.672,96
475.778,40
475.885,34
475.992,0
476.098,1
476.205,0
476.311,0
476.418,0
476.525,28
476.631,37
476.738,0
476.844,13
476.951,13
477.058,7
477.164,0
477.271,27
477.378,18
477.484,0
477.591,29
477.697,23
477.804,0
477.911,9
478.017,0
478.124,14
478.231,6
478.337,0
478.444,5
478.55,3
478.657,13
478.764,0
478.87,36
478.977,15
479.083,0
479.19,0
479.297,33
479.403,0
479.51,0
479.617,14
479.723,13
479.83,30
479.936,11
480.043,1
480.15,13
480.256,8
480.363,0
480.469,0
480.576,0
480.683,14
480.789,0
480.896,12
481.003,0
481.109,4
481.216,26
481.322,0
481.429,0
481.536,0
481.642,0
481.749,0
481.855,1
481.962,0
482.069,0
482.175,22
482.282,0
482.388,0
482.495,20
482.602,6
482.708,0
482.815,0
482.922,0
483.028,3
483.135,4
483.241,0
483.348,0
483.455,9
483.561,0
483.668,8
483.774,8
483.881,29
483.988,0
484.094,12
484.201,26
484.307,30
484.414,23
484.521,33
484.627,0
484.734,9
484.84,0
484.947,17
485.054,6
485.16,0
485.267,15
485.373,1
485.48,0
485.587,0
485.693,22
485.8,147
485.907,80
486.013,31
486.12,0
486.226,0
486.333,6
486.44,5
486.546,0
486.653,0
486.759,0
486.866,2
486.973,0
487.079,3
487.186,37
487.292,34
487.399,0
487.506,6
487.612,14
487.719,0
487.825,9
487.932,42
488.039,19
488.145,5
488.252,8
488.358,0
488.465,0
488.572,4
488.678,0
488.785,8
488.891,36
488.998,16
489.105,20
489.211,30
489.318,14
489.424,4
489.531,27
489.638,0
489.744,3
489.851,0
489.957,10
490.064,29
490.171,5
490.277,15
490.384,0
490.49,27
490.597,9
490.704,12
490.81,0
490.917,0
491.023,0
491.13,0
491.237,0
491.343,8
491.45,0
491.556,33
491.663,16
491.769,13
491.876,4
491.983,26
492.089,0
492.196,4
492.302,17
492.409,21
492.516,12
492.622,0
492.729,17
492.835,0
492.942,0
493.049,0
493.155,0
493.262,29
493.368,7
493.475,2
493.582,11
493.688,0
493.795,4
493.901,46
494.008,37
494.114,0
494.221,18
494.328,2
494.434,0
494.541,0
494.647,0
494.754,0
494.861,0
494.967,0
495.074,15
495.18,16
495.287,8
495.394,1
495.5,7
495.607,0
495.713,0
495.82,7
495.926,4
496.033,10
496.14,0
496.246,12
496.353,6
496.459,1
496.566,0
496.673,10
496.779,31
496.886,14
496.992,16
497.099,0
497.206,9
497.312,0
497.419,7
497.525,6
497.632,0
497.738,0
497.845,40
497.952,31
498.058,28
498.165,0
498.271,0
498.378,6
498.485,0
498.591,0
498.698,0
498.804,0
498.911,0
499.017,29
499.124,13
499.231,30
499.337,26
499.444,12
499.55,0
499.657,0
499.763,20
499.87,0
499.977,0
500.083,0
500.19,0
500.296,0
500.403,11
500.51,0
500.616,0
500.723,0
500.829,0
500.936,14
501.042,10
501.149,0
501.256,0
501.362,1
501.469,15
501.575,2
501.682,0
501.788,0
501.895,0
502.002,0
502.108,5
502.215,3
502.321,32
502.428,8
502.534,0
502.641,1
502.748,15
502.854,0
502.961,0
503.067,4
503.174,27
503.281,12
503.387,0
503.494,4
503.6,6
503.707,7
503.813,15
503.92,21
504.027,0
504.133,0
504.24,12
504.346,0
504.453,0
504.559,0
504.666,0
504.773,0
504.879,0
504.986,0
505.092,2
505.199,11
505.305,0
505.412,6
505.518,26
505.625,24
505.732,10
505.838,0
505.945,11
506.051,7
506.158,0
506.264,0
506.371,11
506.478,0
506.584,22
506.691,19
506.797,0
506.904,18
507.01,21
507.117,2
507.224,0
507.33,2
507.437,13
507.543,22
507.65,0
507.756,0
507.863,4
507.97,33
508.076,28
508.183,0
508.289,18
508.396,0
508.502,72
508.609,28
508.715,15
508.822,0
508.929,0
509.035,32
509.142,3
509.248,0
509.355,0
509.461,9
509.568,0
509.675,15
509.781,6
509.888,26
509.994,6
510.101,6
510.207,0
510.314,0
510.42,13
510.527,5
510.634,0
510.74,0
510.847,31
510.953,0
511.06,2
511.166,0
511.273,0
511.379,6
511.486,0
511.593,22
511.699,2
511.806,16
511.912,0
512.019,0
512.125,17
512.232,21
512.339,0
512.445,11
512.552,7
512.658,59
512.765,33
512.871,24
512.978,28
513.084,6
513.191,0
513.298,0
513.404,35
513.511,32
513.617,6
513.724,0
513.83,0
513.937,3
514.043,0
514.15,0
514.256,3
514.363,1
514.47,0
514.576,0
514.683,23
514.789,0
514.896,11
515.002,10
515.109,13
515.215,0
515.322,12
515.429,23
515.535,0
515.642,4
515.748,9
515.855,29
515.961,6
516.068,0
516.174,2
516.281,13
516.388,6
516.494,8
516.601,30
516.707,0
516.814,0
516.92,14
517.027,0
517.133,0
517.24,0
517.346,8
517.453,15
517.56,19
517.666,11
517.773,23
517.879,33
517.986,26
518.092,7
518.199,0
518.305,0
518.412,0
518.518,16
518.625,0
518.732,3
518.838,0
518.945,0
519.051,0
519.158,29
519.264,15
519.371,19
519.477,11
519.584,13
519.69,0
519.797,4
519.903,21
520.01,0
520.117,0
520.223,38
520.33,0
520.436,0
520.543,0
520.649,0
520.756,30
520.862,0
520.969,0
521.075,21
521.182,0
521.289,0
521.395,12
521.502,12
521.608,9
521.715,0
521.821,0
521.928,15
522.034,13
522.141,0
522.247,0
522.354,2
522.46,0
522.567,0
522.674,0
522.78,16
522.887,15
522.993,0
523.1,0
523.206,13
523.313,25
523.419,14
523.526,0
523.632,0
523.739,29
523.845,24
523.952,30
524.058,0
524.165,1
524.272,14
524.378,12
524.485,8
524.591,0
524.698,18
524.804,21
524.911,0
525.017,0
525.124,12
525.23,10
525.337,26
525.443,11
525.55,0
525.656,0
525.763,17
525.87,12
525.976,0
526.083,0
526.189,0
526.296,17
526.402,32
526.509,11
526.615,0
526.722,17
526.828,33
526.935,0
527.041,0
527.148,0
527.254,6
527.361,0
527.467,0
527.574,15
527.68,24
527.787,3
527.894,6
528,17
528.107,0
528.213,0
528.32,22
528.426,0
528.533,7
528.639,0
528.746,0
528.852,0
528.959,0
529.065,38
529.172,118
529.278,89
529.385,19
529.491,0
529.598,0
529.704,0
529.811,20
529.918,12
530.024,6
530.131,0
530.237,1
530.344,0
530.45,13
530.557,3
530.663,29
530.77,0
530.876,19
530.983,16
531.089,29
531.196,0
531.302,0
531.409,14
531.515,0
531.622,0
531.728,12
531.835,17
531.941,4
532.048,1
532.154,10
532.261,0
532.367,13
532.474,2
532.581,12
532.687,7
532.794,0
532.9,0
533.007,0
533.113,28
533.22,1
533.326,0
533.433,20
533.539,0
533.646,4
533.752,0
533.859,0
533.965,16
534.072,5
534.178,16
534.285,41
534.391,0
534.498,0
534.604,0
534.711,16
534.817,0
534.924,0
535.03,0
535.137,10
535.243,5
535.35,0
535.456,13
535.563,26
535.669,5
535.776,10
535.882,14
535.989,2
536.095,20
536.202,11
536.308,10
536.415,15
536.521,21
536.628,6
536.735,17
536.841,12
536.948,10
537.054,121
537.161,129
537.267,39
537.374,0
537.48,29
537.587,0
537.693,0
537.8,13
537.906,16
538.013,7
538.119,0
538.226,16
538.332,36
538.439,24
538.545,2
538.652,0
538.758,0
538.865,15
538.971,0
539.078,0
539.184,0
539.291,12
539.397,3
539.504,0
539.61,0
539.717,15
539.823,25
539.93,2
540.036,7
540.143,0
540.249,0
540.356,0
540.462,21
540.569,15
540.675,0
540.782,4
540.888,6
540.995,0
541.101,0
541.208,15
541.314,0
541.421,0
541.527,44
541.634,45
541.74,0
541.847,0
541.953,7
542.06,0
542.166,6
542.273,2
542.379,0
542.486,11
542.592,0
542.699,19
542.805,8
542.912,0
543.018,2
543.125,37
543.231,12
543.338,1
543.444,0
543.551,1
543.657,2
543.764,6
543.87,0
543.977,2
544.083,0
544.19,0
544.296,32
544.403,0
544.509,0
544.616,32
544.722,4
544.829,0
544.935,0
545.042,0
545.148,19
545.255,0
545.361,19
545.467,15
545.574,2
545.68,0
545.787,0
545.893,0
546,0
546.106,0
546.213,26
546.319,10
546.426,0
546.532,0
546.639,7
546.745,18
546.852,8
546.958,12
547.065,0
547.171,11
547.278,0
547.384,0
547.491,9
547.597,19
547.704,0
547.81,0
547.917,9
548.023,6
548.13,10
548.236,0
548.343,11
548.449,22
548.556,12
548.662,0
548.769,0
548.875,33
548.982,0
549.088,0
549.195,30
549.301,0
549.408,0
549.514,0
549.62,9
549.727,5
549.833,8
549.94,26
550.046,0
550.153,4
550.259,14
550.366,14
550.472,6
550.579,0
550.685,25
550.792,22
550.898,0
551.005,0
551.111,37
551.218,19
551.324,0
551.431,0
551.537,0
551.644,3
551.75,7
551.857,15
551.963,3
552.07,11
552.176,13
552.282,3
552.389,105
552.495,122
552.602,44
552.708,0
552.815,0
552.921,6
553.028,11
553.134,8
553.241,0
553.347,0
553.454,0
553.56,0
553.667,25
553.773,24
553.88,4
553.986,21
554.093,16
554.199,0
554.305,17
554.412,51
554.518,0
554.625,0
554.731,16
554.838,13
554.944,0
555.051,15
555.157,2
555.264,3
555.37,8
555.477,0
555.583,0
555.69,0
555.796,11
555.903,10
556.009,0
556.115,13
556.222,0
556.328,0
556.435,0
556.541,5
556.648,0
556.754,0
556.861,13
556.967,18
557.074,0
557.18,4
557.287,11
557.393,6
557.5,32
557.606,25
557.713,0
557.819,0
557.925,0
558.032,0
558.138,0
558.245,0
558.351,0
558.458,38
558.564,0
558.671,4
558.777,0
558.884,16
558.99,24
559.097,13
559.203,0
559.309,12
559.416,9
559.522,4
559.629,0
559.735,0
559.842,0
559.948,0
560.055,0
560.161,0
560.268,1
560.374,15
560.481,0
560.587,0
560.693,19
560.8,0
560.906,0
561.013,0
561.119,19
561.226,0
561.332,0
561.439,0
561.545,0
561.652,0
561.758,22
561.864,27
561.971,1
562.077,0
562.184,0
562.29,4
562.397,2
562.503,0
562.61,0
562.716,0
562.823,0
562.929,8
563.035,6
563.142,0
563.248,0
563.355,0
563.461,3
563.568,3
563.674,21
563.781,0
563.887,2
563.994,16
564.1,16
564.206,0
564.313,20
564.419,0
564.526,0
564.632,4
564.739,19
564.845,17
564.952,0
565.058,0
565.165,23
565.271,0
565.377,0
565.484,10
565.59,8
565.697,0
565.803,0
565.91,0
566.016,26
566.123,0
566.229,0
566.335,4
566.442,17
566.548,10
566.655,12
566.761,0
566.868,44
566.974,2
567.081,0
567.187,0
567.293,19
567.4,0
567.506,0
567.613,0
567.719,36
567.826,7
567.932,0
568.039,9
568.145,0
568.251,0
568.358,21
568.464,14
568.571,0
568.677,1
568.784,21
568.89,0
568.997,0
569.103,7
569.209,0
569.316,0
569.422,0
569.529,0
569.635,24
569.742,0
569.848,0
569.955,29
570.061,31
570.167,46
570.274,0
570.38,0
570.487,13
570.593,6
570.7,14
570.806,2
570.912,0
571.019,25
571.125,0
571.232,0
571.338,0
571.445,0
571.551,2
571.658,6
571.764,22
571.87,0
571.977,16
572.083,13
572.19,0
572.296,0
572.403,71
572.509,33
572.615,0
572.722,0
572.828,0
572.935,13
573.041,7
573.148,0
573.254,0
573.36,6
573.467,4
573.573,0
573.68,5
573.786,0
573.893,10
573.999,1
574.105,0
574.212,2
574.318,0
574.425,0
574.531,4
574.638,13
574.744,22
574.85,0
574.957,0
575.063,1
575.17,0
575.276,4
575.383,0
575.489,0
575.595,0
575.702,50
575.808,48
575.915,12
576.021,2
576.128,0
576.234,0
576.34,16
576.447,10
576.553,8
576.66,4
576.766,33
576.873,8
576.979,13
577.085,0
577.192,0
577.298,17
577.405,34
577.511,6
577.618,15
577.724,0
577.83,0
577.937,12
578.043,0
578.15,0
578.256,19
578.363,21
578.469,16
578.575,20
578.682,0
578.788,0
578.895,19
579.001,0
579.107,9
579.214,0
579.32,0
579.427,30
579.533,18
579.64,6
579.746,0
579.852,0
579.959,8
580.065,0
580.172,11
580.278,0
580.384,0
580.491,31
580.597,28
580.704,5
580.81,10
580.917,13
581.023,0
581.129,0
581.236,12
581.342,0
581.449,12
581.555,7
581.661,0
581.768,8
581.874,0
581.981,0
582.087,6
582.193,29
582.3,0
582.406,0
582.513,8
582.619,6
582.726,8
582.832,0
582.938,0
583.045,31
583.151,24
583.258,0
583.364,0
583.47,9
583.577,5
583.683,0
583.79,0
583.896,22
584.002,26
584.109,0
584.215,0
584.322,15
584.428,3
584.535,11
584.641,19
584.747,14
584.854,7
584.96,55
585.067,159
585.173,131
585.279,64
585.386,11
585.492,9
585.599,0
585.705,0
585.811,0
585.918,13
586.024,0
586.131,10
586.237,15
586.343,10
586.45,10
586.556,29
586.663,8
586.769,6
586.875,0
586.982,0
587.088,0
587.195,0
587.301,0
587.407,0
587.514,17
587.62,0
587.727,11
587.833,5
587.939,0
588.046,0
588.152,0
588.259,21
588.365,0
588.471,0
588.578,3
588.684,3
588.791,0
588.897,0
589.003,18
589.11,44
589.216,28
589.323,11
589.429,23
589.535,21
589.642,34
589.748,0
589.855,47
589.961,53
590.067,28
590.174,28
590.28,11
590.387,0
590.493,12
590.599,40
590.706,43
590.812,0
590.918,0
591.025,0
591.131,0
591.238,0
591.344,0
591.45,21
591.557,7
591.663,22
591.77,1
591.876,14
591.982,0
592.089,3
592.195,1
592.302,9
592.408,0
592.514,6
592.621,0
592.727,0
592.834,4
592.94,9
593.046,0
593.153,2
593.259,10
593.365,12
593.472,4
593.578,0
593.685,29
593.791,9
593.897,0
594.004,3
594.11,3
594.217,2
594.323,19
594.429,7
594.536,10
594.642,4
594.748,0
594.855,0
594.961,0
595.068,9
595.174,13
595.28,0
595.387,10
595.493,22
595.6,19
595.706,4
595.812,4
595.919,8
596.025,0
596.131,0
596.238,20
596.344,0
596.451,21
596.557,0
596.663,0
596.77,0
596.876,20
596.982,14
597.089,0
597.195,2
597.302,0
597.408,0
597.514,0
597.621,30
597.727,17
597.833,0
597.94,1
598.046,0
598.153,29
598.259,0
598.365,0
598.472,0
598.578,2
598.685,0
598.791,8
598.897,3
599.004,0
599.11,0
599.216,14
599.323,22
599.429,7
599.535,0
599.642,29
599.748,0
599.855,0
599.961,12
600.067,0
600.174,19
600.28,0
600.386,0
600.493,0
600.599,10
600.706,23
600.812,26
600.918,1
601.025,17
601.131,10
601.237,19
601.344,20
601.45,0
601.557,7
601.663,0
601.769,2
601.876,13
601.982,4
602.088,1
602.195,4
602.301,8
602.407,2
602.514,22
602.62,11
602.727,35
602.833,8
602.939,0
603.046,15
603.152,0
603.258,0
603.365,82
603.471,50
603.577,11
603.684,0
603.79,14
603.897,4
604.003,0
604.109,0
604.216,0
604.322,47
604.428,24
604.535,9
604.641,41
604.747,9
604.854,18
604.96,0
605.067,0
605.173,20
605.279,2
605.386,2
605.492,6
605.598,1
605.705,30
605.811,6
605.917,0
606.024,5
606.13,0
606.236,0
606.343,10
606.449,0
606.556,0
606.662,0
606.768,15
606.875,2
606.981,20
607.087,0
607.194,20
607.3,22
607.406,6
607.513,0
607.619,12
607.725,0
607.832,0
607.938,0
608.045,0
608.151,6
608.257,0
608.364,3
608.47,9
608.576,0
608.683,0
608.789,25
608.895,1
609.002,19
609.108,0
609.214,0
609.321,5
609.427,0
609.533,0
609.64,0
609.746,0
609.852,4
609.959,0
610.065,22
610.172,0
610.278,11
610.384,15
610.491,9
610.597,12
610.703,40
610.81,12
610.916,0
611.022,0
611.129,3
611.235,0
611.341,13
611.448,0
611.554,3
611.66,7
611.767,0
611.873,31
611.979,13
612.086,0
612.192,0
612.298,24
612.405,12
612.511,0
612.617,0
612.724,3
612.83,0
612.936,0
613.043,18
613.149,0
613.255,0
613.362,6
613.468,20
613.575,0
613.681,0
613.787,0
613.894,0
614,16
614.106,0
614.213,3
614.319,0
614.425,2
614.532,0
614.638,0
614.744,0
614.851,0
614.957,38
615.063,50
615.17,2
615.276,0
615.382,14
615.489,1
615.595,0
615.701,9
615.808,8
615.914,0
616.02,0
616.127,0
616.233,14
616.339,6
616.446,0
616.552,0
616.658,14
616.765,15
616.871,0
616.977,0
617.084,30
617.19,16
617.296,0
617.403,0
617.509,7
617.615,0
617.722,0
617.828,0
617.934,4
618.041,0
618.147,0
618.253,10
618.36,8
618.466,0
618.572,11
618.679,26
618.785,0
618.891,6
618.998,33
619.104,0
619.21,15
619.316,0
619.423,0
619.529,24
619.635,22
619.742,0
619.848,0
619.954,0
620.061,17
620.167,17
620.273,10
620.38,14
620.486,18
620.592,16
620.699,0
620.805,0
620.911,0
621.018,0
621.124,3
621.23,11
621.337,0
621.443,0
621.549,15
621.656,0
621.762,24
621.868,33
621.975,0
622.081,6
622.187,6
622.294,8
622.4,0
622.506,0
622.612,0
622.719,0
622.825,0
622.931,0
623.038,0
623.144,0
623.25,0
623.357,0
623.463,0
623.569,5
623.676,0
623.782,0
623.888,10
623.995,0
624.101,3
624.207,1
624.314,0
624.42,0
624.526,0
624.632,22
624.739,0
624.845,0
624.951,29
625.058,19
625.164,0
625.27,0
625.377,35
625.483,0
625.589,0
625.696,18
625.802,0
625.908,0
626.015,21
626.121,1
626.227,0
626.333,14
626.44,21
626.546,20
626.652,0
626.759,0
626.865,0
626.971,8
627.078,5
627.184,0
627.29,0
627.397,9
627.503,0
627.609,0
627.715,0
627.822,0
627.928,8
628.034,12
628.141,0
628.247,10
628.353,10
628.46,29
628.566,40
628.672,32
628.778,20
628.885,0
628.991,0
629.097,0
629.204,0
629.31,0
629.416,19
629.523,21
629.629,10
629.735,0
629.841,3
629.948,16
630.054,0
630.16,0
630.267,0
630.373,0
630.479,2
630.586,0
630.692,0
630.798,0
630.904,8
631.011,0
631.117,9
631.223,0
631.33,29
631.436,3
631.542,7
631.649,2
631.755,0
631.861,0
631.967,27
632.074,0
632.18,0
632.286,4
632.393,0
632.499,2
632.605,0
632.711,3
632.818,4
632.924,5
633.03,0
633.137,16
633.243,35
633.349,11
633.456,0
633.562,0
633.668,15
633.774,0
633.881,0
633.987,39
634.093,92
634.2,80
634.306,14
634.412,0
634.518,0
634.625,14
634.731,14
634.837,5
634.944,0
635.05,24
635.156,0
635.262,0
635.369,0
635.475,1
635.581,0
635.688,19
635.794,4
635.9,0
636.006,0
636.113,0
636.219,30
636.325,29
636.432,14
636.538,8
636.644,0
636.75,0
636.857,1
636.963,0
637.069,0
637.176,20
637.282,9
637.388,25
637.494,1
637.601,6
637.707,16
637.813,21
637.92,14
638.026,0
638.132,0
638.238,0
638.345,14
638.451,11
638.557,0
638.663,2
638.77,22
638.876,0
638.982,22
639.089,9
639.195,0
639.301,0
639.407,26
639.514,17
639.62,0
639.726,28
639.833,3
639.939,5
640.045,12
640.151,0
640.258,0
640.364,20
640.47,1
640.576,7
640.683,6
640.789,0
640.895,1
641.002,0
641.108,3
641.214,0
641.32,0
641.427,8
641.533,11
641.639,0
641.745,8
641.852,9
641.958,0
642.064,0
642.171,0
642.277,1
642.383,21
642.489,0
642.596,0
642.702,25
642.808,0
642.914,0
643.021,18
643.127,0
643.233,0
643.339,0
643.446,2
643.552,4
643.658,0
643.765,5
643.871,6
643.977,19
644.083,3
644.19,0
644.296,4
644.402,8
644.508,0
644.615,10
644.721,0
644.827,17
644.933,21
645.04,8
645.146,0
645.252,0
645.358,0
645.465,0
645.571,0
645.677,19
645.784,1
645.89,0
645.996,1
646.102,0
646.209,0
646.315,6
646.421,0
646.527,0
646.634,0
646.74,0
646.846,8
646.952,10
647.059,0
647.165,0
647.271,23
647.377,0
647.484,15
647.59,43
647.696,0
647.802,10
647.909,0
648.015,14
648.121,0
648.227,4
648.334,9
648.44,0
648.546,8
648.652,0
648.759,9
648.865,82
648.971,91
649.077,47
649.184,0
649.29,109
649.396,98
649.502,27
649.609,6
649.715,60
649.821,179
649.927,102
650.034,49
650.14,0
650.246,0
650.352,10
650.459,21
650.565,66
650.671,125
650.777,62
650.884,3
650.99,0
651.096,6
651.202,17
651.309,41
651.415,0
651.521,0
651.627,0
651.734,0
651.84,0
651.946,0
652.052,0
652.159,0
652.265,0
652.371,3
652.477,14
652.584,0
652.69,46
652.796,89
652.902,30
653.009,45
653.115,39
653.221,74
653.327,106
653.434,58
653.54,0
653.646,0
653.752,29
653.858,22
653.965,0
654.071,16
654.177,20
654.283,0
654.39,3
654.496,6
654.602,0
654.708,0
654.815,14
654.921,117
655.027,100
655.133,41
655.24,0
655.346,15
655.452,34
655.558,21
655.665,52
655.771,40
655.877,0
655.983,3
656.089,0
656.196,32
656.302,88
656.408,67
656.514,14
656.621,20
656.727,18
656.833,19
656.939,5
657.046,6
657.152,56
657.258,0
657.364,0
657.47,32
657.577,38
657.683,0
657.789,0
657.895,0
658.002,0
658.108,67
658.214,109
658.32,77
658.427,32
658.533,0
658.639,14
658.745,1
658.851,0
658.958,28
659.064,9
659.17,0
659.276,0
659.383,14
659.489,0
659.595,2
659.701,0
659.807,0
659.914,0
660.02,4
660.126,10
660.232,18
660.339,3
660.445,0
660.551,0
660.657,10
660.763,6
660.87,0
660.976,0
661.082,3
661.188,0
661.295,26
661.401,0
661.507,24
661.613,0
661.719,0
661.826,10
661.932,19
662.038,87
662.144,83
662.251,30
662.357,20
662.463,0
662.569,0
662.675,21
662.782,26
662.888,0
662.994,0
663.1,0
663.206,10
663.313,0
663.419,5
663.525,20
663.631,14
663.738,3
663.844,57
663.95,22
664.056,36
664.162,0
664.269,8
664.375,4
664.481,0
664.587,0
664.693,0
664.8,0
664.906,12
665.012,14
665.118,30
665.225,19
665.331,30
665.437,44
665.543,92
665.649,53
665.756,23
665.862,10
665.968,15
666.074,0
666.18,0
666.287,84
666.393,161
666.499,126
666.605,21
666.711,0
666.818,0
666.924,0
667.03,8
667.136,9
667.242,2
667.349,6
667.455,0
667.561,74
667.667,74
667.773,5
667.88,14
667.986,0
668.092,0
668.198,5
668.304,12
668.411,0
668.517,0
668.623,0
668.729,7
668.835,8
668.942,34
669.048,92
669.154,69
669.26,9
669.366,2
669.473,0
669.579,15
669.685,0
669.791,3
669.897,0
670.004,0
670.11,9
670.216,0
670.322,68
670.428,93
670.535,65
670.641,5
670.747,5
670.853,19
670.959,0
671.066,32
671.172,14
671.278,0
671.384,0
671.49,62
671.597,86
671.703,14
671.809,0
671.915,11
672.021,5
672.128,16
672.234,0
672.34,4
672.446,0
672.552,8
672.658,0
672.765,6
672.871,0
672.977,6
673.083,24
673.189,8
673.296,147
673.402,127
673.508,39
673.614,12
673.72,6
673.827,0
673.933,15
674.039,16
674.145,0
674.251,15
674.357,32
674.464,46
674.57,0
674.676,4
674.782,0
674.888,20
674.995,31
675.101,5
675.207,30
675.313,6
675.419,22
675.526,5
675.632,0
675.738,0
675.844,0
675.95,4
676.056,48
676.163,4
676.269,0
676.375,0
676.481,0
676.587,6
676.693,2
676.8,13
676.906,3
677.012,33
677.118,99
677.224,82
677.331,49
677.437,40
677.543,23
677.649,37
677.755,3
677.861,0
677.968,0
678.074,2
678.18,1
678.286,10
678.392,0
678.498,0
678.605,0
678.711,41
678.817,29
678.923,0
679.029,0
679.136,0
679.242,0
679.348,8
679.454,8
679.56,24
679.666,9
679.773,1
679.879,0
679.985,0
680.091,34
680.197,13
680.303,10
680.41,4
680.516,3
680.622,0
680.728,0
680.834,0
680.94,0
681.047,3
681.153,2
681.259,0
681.365,12
681.471,0
681.577,20
681.684,13
681.79,0
681.896,0
682.002,29
682.108,70
682.214,54
682.321,21
682.427,74
682.533,232
682.639,167
682.745,78
682.851,0
682.958,0
683.064,59
683.17,120
683.276,74
683.382,9
683.488,0
683.595,7
683.701,20
683.807,0
683.913,0
684.019,24
684.125,46
684.231,42
684.338,16
684.444,0
684.55,0
684.656,10
684.762,0
684.868,15
684.975,6
685.081,0
685.187,7
685.293,0
685.399,14
685.505,14
685.611,0
685.718,1
685.824,0
685.93,22
686.036,0
686.142,0
686.248,10
686.355,11
686.461,0
686.567,7
686.673,0
686.779,0
686.885,10
686.991,0
687.098,11
687.204,5
687.31,5
687.416,0
687.522,0
687.628,0
687.735,0
687.841,2
687.947,0
688.053,0
688.159,13
688.265,0
688.371,0
688.478,0
688.584,16
688.69,3
688.796,0
688.902,15
689.008,3
689.114,0
689.221,0
689.327,41
689.433,48
689.539,0
689.645,0
689.751,0
689.857,0
689.964,3
690.07,21
690.176,0
690.282,0
690.388,0
690.494,30
690.6,0
690.707,0
690.813,0
690.919,0
691.025,21
691.131,0
691.237,0
691.343,0
691.45,3
691.556,11
691.662,0
691.768,19
691.874,14
691.98,0
692.086,12
692.193,0
692.299,3
692.405,0
692.511,0
692.617,0
692.723,19
692.829,0
692.935,31
693.042,9
693.148,98
693.254,153
693.36,111
693.466,28
693.572,0
693.678,0
693.785,2
693.891,2
693.997,0
694.103,0
694.209,3
694.315,0
694.421,0
694.527,2
694.634,16
694.74,0
694.846,7
694.952,0
695.058,0
695.164,13
695.27,8
695.376,5
695.483,0
695.589,10
695.695,0
695.801,3
695.907,0
696.013,0
696.119,16
696.225,0
696.332,8
696.438,12
696.544,24
696.65,0
696.756,0
696.862,0
696.968,0
697.074,32
697.181,1
697.287,0
697.393,0
697.499,1
697.605,23
697.711,4
697.817,0
697.923,0
698.03,21
698.136,0
698.242,8
698.348,9
698.454,0
698.56,28
698.666,172
698.772,142
698.879,53
698.985,0
699.091,0
699.197,3
699.303,17
699.409,18
699.515,0
