59.6745,6
59.7814,0
59.8883,41
59.9952,41
60.1021,0
60.209,0
60.3159,0
60.4228,27
60.5296,12
60.6365,1
60.7434,3
60.8503,10
60.9572,2
61.0641,0
61.171,0
61.2779,23
61.3848,1
61.4917,0
61.5986,0
61.7055,1
61.8124,8
61.9193,2
62.0261,19
62.133,20
62.2399,0
62.3468,4
62.4537,7
62.5606,35
62.6675,1
62.7744,4
62.8813,4
62.9882,2
63.0951,3
63.202,17
63.3089,0
63.4158,15
63.5226,0
63.6295,0
63.7364,0
63.8433,15
63.9502,29
64.0571,0
64.164,6
64.2709,24
64.3778,29
64.4847,4
64.5916,6
64.6985,24
64.8054,22
64.9123,9
65.0192,4
65.1261,15
65.2329,4
65.3398,0
65.4467,7
65.5536,28
65.6605,17
65.7674,11
65.8743,8
65.9812,32
66.0881,0
66.195,2
66.3019,11
66.4088,0
66.5157,0
66.6226,0
66.7295,0
66.8364,3
66.9433,0
67.0502,0
67.157,3
67.2639,6
67.3708,8
67.4777,32
67.5846,0
67.6915,9
67.7984,40
67.9053,0
68.0122,0
68.1191,0
68.226,25
68.3329,11
68.4398,0
68.5467,13
68.6536,17
68.7605,15
68.8674,7
68.9743,12
69.0812,13
69.1881,24
69.295,40
69.4018,0
69.5087,0
69.6156,0
69.7225,3
69.8294,29
69.9363,0
70.0432,3
70.1501,13
70.257,8
70.3639,0
70.4708,0
70.5777,51
70.6846,67
70.7915,0
70.8984,0
71.0053,0
71.1122,0
71.2191,0
71.326,18
71.4329,33
71.5398,0
71.6467,0
71.7536,0
71.8605,11
71.9674,31
72.0742,3
72.1811,0
72.288,0
72.3949,0
72.5018,2
72.6087,4
72.7156,0
72.8225,4
72.9294,0
73.0363,0
73.1432,10
73.2501,0
73.357,1
73.4639,12
73.5708,21
73.6777,6
73.7846,16
73.8915,33
73.9984,23
74.1053,22
74.2122,0
74.3191,5
74.426,0
74.5329,0
74.6398,47
74.7467,7
74.8536,17
74.9605,20
75.0674,19
75.1743,0
75.2812,2
75.3881,10
75.495,15
75.6019,30
75.7088,0
75.8157,15
75.9225,2
76.0294,5
76.1363,0
76.2432,4
76.3501,0
76.457,27
76.5639,15
76.6708,0
76.7777,23
76.8846,18
76.9915,0
77.0984,2
77.2053,0
77.3122,33
77.4191,12
77.526,1
77.6329,0
77.7398,22
77.8467,27
77.9536,0
78.0605,0
78.1674,33
78.2743,20
78.3812,7
78.4881,0
78.595,18
78.7019,19
78.8088,20
78.9157,17
79.0226,23
79.1295,31
79.2364,0
79.3433,19
79.4502,0
79.5571,0
79.664,0
79.7709,0
79.8778,25
79.9847,19
80.0916,6
80.1985,7
80.3054,12
80.4123,12
80.5192,0
80.6261,11
80.733,8
80.8399,0
80.9468,0
81.0537,0
81.1606,0
81.2675,54
81.3744,49
81.4813,3
81.5882,0
81.6951,0
81.802,5
81.9089,22
82.0158,17
82.1227,0
82.2296,0
82.3365,10
82.4434,0
82.5503,0
82.6572,0
82.7641,0
82.871,4
82.9779,0
83.0848,36
83.1917,1
83.2986,0
83.4055,21
83.5124,24
83.6193,0
83.7262,0
83.8331,4
83.94,19
84.0469,0
84.1538,4
84.2607,8
84.3676,11
84.4745,5
84.5814,0
84.6883,0
84.7952,5
84.9021,5
85.009,0
85.1159,0
85.2228,2
85.3297,11
85.4366,1
85.5435,21
85.6504,0
85.7573,0
85.8642,4
85.9711,26
86.078,0
86.1849,0
86.2918,22
86.3987,10
86.5056,3
86.6125,20
86.7194,21
86.8263,18
86.9332,2
87.0401,0
87.147,18
87.2539,0
87.3608,0
87.4677,0
87.5746,17
87.6815,0
87.7884,0
87.8953,11
88.0022,8
88.1091,21
88.216,20
88.3229,0
88.4298,17
88.5367,1
88.6436,0
88.7505,0
88.8574,0
88.9643,0
89.0712,0
89.1781,0
89.285,2
89.3919,0
89.4988,2
89.6057,3
89.7126,0
89.8195,2
89.9264,0
90.0334,0
90.1403,4
90.2472,36
90.3541,13
90.461,19
90.5679,0
90.6748,8
90.7817,14
90.8886,3
90.9955,0
91.1024,13
91.2093,0
91.3162,0
91.4231,6
91.53,43
91.6369,0
91.7438,2
91.8507,1
91.9576,23
92.0645,43
92.1714,10
92.2783,0
92.3852,1
92.4921,6
92.599,17
92.7059,0
92.8128,0
92.9197,12
93.0266,16
93.1335,12
93.2404,11
93.3473,16
93.4542,18
93.5611,23
93.668,15
93.7749,0
93.8818,11
93.9887,16
94.0956,29
94.2025,0
94.3095,6
94.4164,17
94.5233,43
94.6302,0
94.7371,17
94.844,18
94.9509,7
95.0578,0
95.1647,26
95.2716,7
95.3785,19
95.4854,26
95.5923,0
95.6992,0
95.8061,25
95.913,0
96.0199,28
96.1268,19
96.2337,1
96.3406,9
96.4475,8
96.5544,0
96.6613,9
96.7682,0
96.8751,6
96.982,0
97.0889,0
97.1958,3
97.3027,38
97.4097,0
97.5166,0
97.6235,34
97.7304,4
97.8373,8
97.9442,0
98.0511,0
98.158,17
98.2649,8
98.3718,29
98.4787,0
98.5856,0
98.6925,0
98.7994,0
98.9063,6
99.0132,10
99.1201,7
99.227,13
99.3339,0
99.4408,0
99.5477,22
99.6546,16
99.7615,0
99.8684,23
99.9753,0
100.082,0
100.189,0
100.296,11
100.403,0
100.51,0
100.617,5
100.724,14
100.831,0
100.937,0
101.044,0
101.151,13
101.258,0
101.365,9
101.472,28
101.579,0
101.686,1
101.793,14
101.9,1
102.007,0
102.113,5
102.22,17
102.327,30
102.434,0
102.541,0
102.648,40
102.755,31
102.862,1
102.969,0
103.076,7
103.182,4
103.289,1
103.396,11
103.503,27
103.61,2
103.717,19
103.824,0
103.931,0
104.038,0
104.145,23
104.252,0
104.358,7
104.465,0
104.572,6
104.679,5
104.786,0
104.893,5
105,8
105.107,2
105.214,21
105.321,32
105.427,11
105.534,5
105.641,0
105.748,0
105.855,5
105.962,20
106.069,8
106.176,0
106.283,0
106.39,24
106.497,0
106.603,23
106.71,0
106.817,2
106.924,0
107.031,0
107.138,17
107.245,14
107.352,6
107.459,0
107.566,0
107.673,13
107.779,2
107.886,0
107.993,0
108.1,0
108.207,9
108.314,0
108.421,16
108.528,0
108.635,7
108.742,0
108.848,0
108.955,14
109.062,0
109.169,5
109.276,0
109.383,15
109.49,9
109.597,0
109.704,12
109.811,21
109.918,0
110.024,0
110.131,0
110.238,0
110.345,0
110.452,10
110.559,3
110.666,0
110.773,33
110.88,9
110.987,1
111.094,13
111.2,0
111.307,13
111.414,26
111.521,7
111.628,0
111.735,15
111.842,5
111.949,0
112.056,0
112.163,28
112.269,16
112.376,12
112.483,33
112.59,0
112.697,14
112.804,0
112.911,0
113.018,5
113.125,0
113.232,0
113.339,47
113.445,35
113.552,0
113.659,0
113.766,12
113.873,0
113.98,0
114.087,0
114.194,12
114.301,7
114.408,4
114.515,0
114.621,23
114.728,11
114.835,0
114.942,0
115.049,1
115.156,0
115.263,0
115.37,2
115.477,19
115.584,8
115.69,0
115.797,0
115.904,20
116.011,11
116.118,0
116.225,4
116.332,8
116.439,0
116.546,0
116.653,8
116.76,2
116.866,0
116.973,5
117.08,0
117.187,0
117.294,0
117.401,26
117.508,27
117.615,0
117.722,32
117.829,13
117.936,7
118.042,0
118.149,0
118.256,0
118.363,1
118.47,0
118.577,0
118.684,3
118.791,0
118.898,11
119.005,17
119.112,2
119.218,0
119.325,14
119.432,8
119.539,0
119.646,0
119.753,31
119.86,0
119.967,0
120.074,17
120.181,11
120.287,12
120.394,17
120.501,38
120.608,26
120.715,16
120.822,4
120.929,4
121.036,15
121.143,0
121.25,7
121.357,5
121.463,4
121.57,0
121.677,24
121.784,12
121.891,0
121.998,0
122.105,0
122.212,0
122.319,15
122.426,0
122.533,2
122.639,18
122.746,0
122.853,0
122.96,0
123.067,0
123.174,24
123.281,0
123.388,0
123.495,0
123.602,15
123.709,18
123.815,0
123.922,0
124.029,36
124.136,38
124.243,16
124.35,0
124.457,3
124.564,1
124.671,8
124.778,0
124.885,6
124.991,8
125.098,0
125.205,2
125.312,1
125.419,0
125.526,18
125.633,2
125.74,19
125.847,0
125.954,33
126.061,4
126.167,0
126.274,13
126.381,14
126.488,18
126.595,0
126.702,5
126.809,0
126.916,13
127.023,0
127.13,1
127.236,33
127.343,18
127.45,29
127.557,4
127.664,8
127.771,29
127.878,9
127.985,0
128.092,1
128.199,2
128.306,22
128.412,0
128.519,0
128.626,12
128.733,16
128.84,21
128.947,16
129.054,0
129.161,23
129.268,0
129.375,0
129.482,0
129.588,0
129.695,0
129.802,0
129.909,0
130.016,9
130.123,6
130.23,12
130.337,13
130.444,0
130.551,7
130.658,11
130.764,21
130.871,2
130.978,13
131.085,30
131.192,0
131.299,28
131.406,0
131.513,0
131.62,21
131.727,104
131.834,165
131.94,76
132.047,9
132.154,0
132.261,0
132.368,0
132.475,3
132.582,0
132.689,0
132.796,2
132.903,0
133.01,1
133.116,0
133.223,17
133.33,14
133.437,0
133.544,18
133.651,10
133.758,0
133.865,0
133.972,0
134.079,19
134.186,17
134.292,0
134.399,8
134.506,0
134.613,0
134.72,12
134.827,18
134.934,15
135.041,0
135.148,19
135.255,12
135.362,21
135.468,1
135.575,10
135.682,45
135.789,8
135.896,0
136.003,0
136.11,10
136.217,8
136.324,13
136.431,0
136.538,8
136.644,9
136.751,0
136.858,0
136.965,0
137.072,33
137.179,8
137.286,0
137.393,0
137.5,15
137.607,0
137.714,0
137.82,17
137.927,25
138.034,8
138.141,14
138.248,11
138.355,0
138.462,0
138.569,19
138.676,8
138.783,6
138.89,0
138.996,4
139.103,0
139.21,1
139.317,7
139.424,1
139.531,6
139.638,13
139.745,10
139.852,0
139.959,18
140.065,11
140.172,13
140.279,0
140.386,0
140.493,27
140.6,54
140.707,11
140.814,0
140.921,10
141.028,0
141.135,0
141.241,0
141.348,0
141.455,5
141.562,34
141.669,0
141.776,3
141.883,28
141.99,9
142.097,0
142.204,23
142.311,21
142.417,16
142.524,2
142.631,0
142.738,4
142.845,0
142.952,0
143.059,0
143.166,0
143.273,0
143.38,17
143.487,30
143.593,11
143.7,0
143.807,0
143.914,4
144.021,4
144.128,0
144.235,0
144.342,0
144.449,0
144.556,0
144.663,35
144.769,0
144.876,6
144.983,0
145.09,8
145.197,0
145.304,0
145.411,22
145.518,13
145.625,0
145.732,0
145.839,0
145.945,0
146.052,5
146.159,0
146.266,0
146.373,0
146.48,23
146.587,1
146.694,14
146.801,15
146.908,3
147.015,5
147.121,0
147.228,24
147.335,21
147.442,6
147.549,0
147.656,9
147.763,21
147.87,0
147.977,0
148.084,11
148.191,0
148.297,0
148.404,8
148.511,0
148.618,0
148.725,1
148.832,10
148.939,18
149.046,1
149.153,0
149.26,0
149.367,11
149.473,16
149.58,0
149.687,2
149.794,0
149.901,26
150.008,19
150.115,11
150.222,5
150.329,0
150.436,5
150.543,0
150.649,75
150.756,95
150.863,36
150.97,38
151.077,0
151.184,14
151.291,23
151.398,0
151.505,0
151.612,2
151.719,0
151.825,0
151.932,21
152.039,0
152.146,0
152.253,0
152.36,4
152.467,0
152.574,0
152.681,2
152.788,26
152.894,26
153.001,8
153.108,4
153.215,34
153.322,0
153.429,0
153.536,0
153.643,7
153.75,0
153.857,0
153.964,0
154.07,0
154.177,10
154.284,0
154.391,13
154.498,12
154.605,3
154.712,12
154.819,12
154.926,14
155.033,0
155.14,18
155.246,13
155.353,20
155.46,0
155.567,27
155.674,3
155.781,3
155.888,4
155.995,0
156.102,53
156.209,36
156.316,20
156.422,0
156.529,7
156.636,42
156.743,0
156.85,0
156.957,2
157.064,0
157.171,0
157.278,14
157.385,28
157.492,14
157.598,3
157.705,16
157.812,0
157.919,16
158.026,13
158.133,19
158.24,22
158.347,0
158.454,0
158.561,21
158.668,0
158.774,0
158.881,10
158.988,34
159.095,0
159.202,0
159.309,16
159.416,0
159.523,0
159.63,0
159.737,21
159.844,0
159.95,0
160.057,0
160.164,0
160.271,0
160.378,0
160.485,0
160.592,1
160.699,0
160.806,10
160.913,4
161.019,0
161.126,8
161.233,7
161.34,0
161.447,0
161.554,35
161.661,2
161.768,0
161.875,0
161.982,23
162.089,0
162.195,14
162.302,2
162.409,0
162.516,8
162.623,8
162.73,4
162.837,0
162.944,4
163.051,8
163.158,13
163.265,0
163.371,0
163.478,13
163.585,0
163.692,13
163.799,0
163.906,0
164.013,21
164.12,29
164.227,13
164.334,0
164.441,0
164.547,25
164.654,1
164.761,14
164.868,0
164.975,0
165.082,0
165.189,0
165.296,0
165.403,0
165.51,0
165.616,8
165.723,11
165.83,15
165.937,0
166.044,0
166.151,12
166.258,24
166.365,15
166.472,0
166.579,0
166.686,0
166.792,32
166.899,30
167.006,4
167.113,0
167.22,7
167.327,15
167.434,0
167.541,0
167.648,0
167.755,16
167.862,8
167.968,0
168.075,0
168.182,0
168.289,4
168.396,3
168.503,0
168.61,0
168.717,0
168.824,15
168.931,0
169.037,0
169.144,1
169.251,48
169.358,30
169.465,3
169.572,2
169.679,23
169.786,22
169.893,0
170,5
170.107,7
170.213,0
170.32,0
170.427,0
170.534,3
170.641,5
170.748,6
170.855,10
170.962,20
171.069,15
171.176,7
171.283,16
171.389,0
171.496,2
171.603,3
171.71,0
171.817,6
171.924,0
172.031,3
172.138,0
172.245,0
172.352,0
172.458,15
172.565,0
172.672,5
172.779,0
172.886,0
172.993,2
173.1,0
173.207,0
173.314,16
173.421,5
173.528,0
173.634,0
173.741,0
173.848,0
173.955,14
174.062,4
174.169,14
174.276,22
174.383,2
174.49,15
174.597,2
174.704,23
174.81,7
174.917,0
175.024,0
175.131,0
175.238,10
175.345,0
175.452,12
175.559,26
175.666,2
175.773,0
175.879,8
175.986,8
176.093,14
176.2,0
176.307,3
176.414,11
176.521,24
176.628,0
176.735,18
176.842,18
176.949,6
177.055,0
177.162,0
177.269,2
177.376,0
177.483,47
177.59,57
177.697,3
177.804,0
177.911,0
178.018,5
178.124,2
178.231,14
178.338,9
178.445,22
178.552,0
178.659,0
178.766,4
178.873,0
178.98,1
179.087,22
179.194,24
179.3,11
179.407,0
179.514,1
179.621,23
179.728,0
179.835,0
179.942,4
180.049,11
180.156,0
180.263,0
180.369,5
180.476,0
180.583,25
180.69,8
180.797,0
180.904,2
181.011,0
181.118,0
181.225,0
181.332,0
181.439,18
181.545,0
181.652,0
181.759,0
181.866,0
181.973,0
182.08,0
182.187,2
182.294,0
182.401,0
182.508,0
182.614,0
182.721,0
182.828,0
182.935,2
183.042,0
183.149,0
183.256,18
183.363,0
183.47,0
183.577,11
183.683,3
183.79,0
183.897,0
184.004,0
184.111,0
184.218,0
184.325,0
184.432,23
184.539,21
184.646,8
184.753,0
184.859,15
184.966,6
185.073,0
185.18,0
185.287,14
185.394,11
185.501,0
185.608,0
185.715,37
185.822,24
185.928,0
186.035,0
186.142,16
186.249,0
186.356,0
186.463,10
186.57,16
186.677,0
186.784,0
186.891,0
186.997,0
187.104,0
187.211,29
187.318,0
187.425,21
187.532,26
187.639,0
187.746,0
187.853,0
187.96,0
188.067,0
188.173,22
188.28,2
188.387,1
188.494,0
188.601,10
188.708,0
188.815,0
188.922,15
189.029,0
189.136,0
189.242,0
189.349,17
189.456,0
189.563,0
189.67,0
189.777,16
189.884,0
189.991,0
190.098,0
190.205,16
190.311,0
190.418,15
190.525,3
190.632,0
190.739,15
190.846,7
190.953,0
191.06,4
191.167,28
191.274,9
191.38,13
191.487,0
191.594,2
191.701,0
191.808,21
191.915,16
192.022,3
192.129,3
192.236,2
192.343,7
192.45,23
192.556,6
192.663,6
192.77,0
192.877,0
192.984,0
193.091,0
193.198,0
193.305,0
193.412,0
193.519,12
193.625,0
193.732,13
193.839,8
193.946,0
194.053,23
194.16,11
194.267,7
194.374,0
194.481,6
194.588,4
194.694,0
194.801,15
194.908,3
195.015,0
195.122,0
195.229,30
195.336,0
195.443,0
195.55,2
195.657,10
195.763,0
195.87,0
195.977,0
196.084,0
196.191,0
196.298,29
196.405,8
196.512,0
196.619,8
196.726,0
196.832,11
196.939,17
197.046,0
197.153,8
197.26,5
197.367,13
197.474,0
197.581,9
197.688,29
197.795,0
197.901,3
198.008,5
198.115,12
198.222,9
198.329,0
198.436,8
198.543,11
198.65,0
198.757,0
198.864,65
198.97,38
199.077,18
199.184,0
199.291,3
199.398,1
199.505,4
199.612,3
199.719,9
199.826,0
199.933,8
200.039,18
200.146,13
200.253,17
200.36,0
200.467,0
200.574,20
200.681,21
200.788,0
200.895,0
201.002,15
201.108,22
201.215,0
201.322,0
201.429,20
201.536,22
201.643,0
201.75,3
201.857,0
201.964,0
202.071,0
202.177,0
202.284,0
202.391,0
202.498,0
202.605,1
202.712,0
202.819,0
202.926,0
203.033,2
203.14,11
203.246,0
203.353,0
203.46,0
203.567,15
203.674,12
203.781,3
203.888,10
203.995,0
204.102,19
204.208,16
204.315,28
204.422,0
204.529,0
204.636,14
204.743,16
204.85,0
204.957,0
205.064,0
205.171,0
205.277,2
205.384,0
205.491,4
205.598,7
205.705,0
205.812,0
205.919,0
206.026,19
206.133,29
206.24,0
206.346,12
206.453,24
206.56,0
206.667,0
206.774,15
206.881,6
206.988,18
207.095,6
207.202,4
207.309,0
207.415,0
207.522,0
207.629,0
207.736,8
207.843,19
207.95,0
208.057,0
208.164,13
208.271,0
208.377,29
208.484,0
208.591,0
208.698,0
208.805,0
208.912,3
209.019,7
209.126,0
209.233,26
209.34,0
209.446,0
209.553,23
209.66,18
209.767,0
209.874,0
209.981,26
210.088,19
210.195,4
210.302,6
210.409,43
210.515,28
210.622,0
210.729,7
210.836,25
210.943,9
211.05,0
211.157,0
211.264,0
211.371,0
211.477,0
211.584,0
211.691,0
211.798,0
211.905,14
212.012,10
212.119,0
212.226,1
212.333,24
212.44,19
212.546,0
212.653,7
212.76,3
212.867,27
212.974,0
213.081,0
213.188,0
213.295,8
213.402,22
213.508,10
213.615,0
213.722,0
213.829,28
213.936,0
214.043,0
214.15,19
214.257,19
214.364,0
214.471,0
214.577,13
214.684,17
214.791,18
214.898,10
215.005,15
215.112,119
215.219,75
215.326,46
215.433,17
215.539,0
215.646,0
215.753,0
215.86,26
215.967,0
216.074,3
216.181,0
216.288,0
216.395,0
216.502,11
216.608,10
216.715,6
216.822,14
216.929,0
217.036,0
217.143,17
217.25,18
217.357,14
217.464,0
217.57,13
217.677,14
217.784,0
217.891,10
217.998,25
218.105,6
218.212,0
218.319,4
218.426,21
218.532,4
218.639,10
218.746,34
218.853,18
218.96,8
219.067,0
219.174,0
219.281,14
219.388,11
219.495,0
219.601,0
219.708,0
219.815,0
219.922,27
220.029,0
220.136,5
220.243,13
220.35,23
220.457,0
220.563,15
220.67,0
220.777,0
220.884,0
220.991,4
221.098,0
221.205,0
221.312,20
221.419,6
221.525,24
221.632,29
221.739,11
221.846,0
221.953,17
222.06,0
222.167,4
222.274,0
222.381,3
222.488,9
222.594,0
222.701,0
222.808,10
222.915,7
223.022,0
223.129,8
223.236,14
223.343,2
223.45,3
223.556,0
223.663,6
223.77,1
223.877,32
223.984,39
224.091,31
224.198,3
224.305,0
224.412,0
224.518,34
224.625,24
224.732,0
224.839,20
224.946,1
225.053,6
225.16,17
225.267,0
225.374,6
225.48,0
225.587,0
225.694,0
225.801,0
225.908,20
226.015,12
226.122,9
226.229,0
226.336,0
226.442,18
226.549,14
226.656,9
226.763,4
226.87,24
226.977,0
227.084,0
227.191,0
227.298,9
227.404,0
227.511,0
227.618,0
227.725,29
227.832,8
227.939,0
228.046,19
228.153,19
228.26,0
228.366,0
228.473,8
228.58,16
228.687,17
228.794,14
228.901,18
229.008,0
229.115,17
229.222,5
229.328,2
229.435,10
229.542,7
229.649,7
229.756,2
229.863,22
229.97,9
230.077,0
230.184,29
230.29,0
230.397,0
230.504,6
230.611,0
230.718,0
230.825,0
230.932,13
231.039,47
231.146,10
231.252,0
231.359,0
231.466,0
231.573,1
231.68,12
231.787,0
231.894,3
232.001,15
232.108,60
232.214,62
232.321,20
232.428,2
232.535,0
232.642,0
232.749,13
232.856,0
232.963,12
233.07,6
233.176,4
233.283,9
233.39,13
233.497,0
233.604,0
233.711,0
233.818,0
233.925,0
234.031,0
234.138,0
234.245,8
234.352,28
234.459,5
234.566,0
234.673,0
234.78,10
234.887,6
234.993,0
235.1,0
235.207,0
235.314,0
235.421,0
235.528,0
235.635,30
235.742,11
235.849,0
235.955,0
236.062,0
236.169,32
236.276,0
236.383,1
236.49,11
236.597,7
236.704,3
236.81,0
236.917,19
237.024,0
237.131,0
237.238,21
237.345,27
237.452,10
237.559,0
237.666,14
237.772,26
237.879,0
237.986,0
238.093,0
238.2,9
238.307,28
238.414,0
238.521,0
238.628,25
238.734,0
238.841,0
238.948,25
239.055,7
239.162,0
239.269,10
239.376,0
239.483,7
239.589,6
239.696,6
239.803,0
239.91,26
240.017,4
240.124,14
240.231,0
240.338,0
240.445,13
240.551,23
240.658,6
240.765,0
240.872,37
240.979,22
241.086,11
241.193,4
241.3,17
241.406,4
241.513,0
241.62,36
241.727,15
241.834,7
241.941,0
242.048,0
242.155,16
242.262,0
242.368,0
242.475,0
242.582,9
242.689,3
242.796,5
242.903,9
243.01,10
243.117,11
243.223,0
243.33,0
243.437,0
243.544,28
243.651,0
243.758,0
243.865,0
243.972,0
244.079,7
244.185,0
244.292,15
244.399,9
244.506,0
244.613,15
244.72,2
244.827,2
244.934,0
245.04,21
245.147,5
245.254,0
245.361,0
245.468,0
245.575,0
245.682,2
245.789,25
245.896,0
246.002,0
246.109,10
246.216,0
246.323,1
246.43,0
246.537,39
246.644,0
246.751,0
246.857,0
246.964,0
247.071,17
247.178,0
247.285,3
247.392,13
247.499,37
247.606,13
247.712,0
247.819,30
247.926,34
248.033,14
248.14,7
248.247,0
248.354,0
248.461,7
248.567,15
248.674,0
248.781,3
248.888,0
248.995,0
249.102,26
249.209,0
249.316,12
249.423,4
249.529,0
249.636,13
249.743,4
249.85,17
249.957,7
250.064,0
250.171,0
250.278,16
250.384,0
250.491,0
250.598,26
250.705,8
250.812,4
250.919,0
251.026,22
251.133,2
251.239,8
251.346,0
251.453,0
251.56,18
251.667,4
251.774,8
251.881,0
251.988,0
252.094,32
252.201,30
252.308,78
252.415,42
252.522,0
252.629,0
252.736,15
252.843,0
252.949,3
253.056,5
253.163,0
253.27,10
253.377,7
253.484,0
253.591,4
253.698,0
253.804,0
253.911,15
254.018,9
254.125,0
254.232,4
254.339,17
254.446,1
254.553,0
254.659,2
254.766,0
254.873,10
254.98,0
255.087,4
255.194,10
255.301,9
255.408,0
255.514,13
255.621,9
255.728,20
255.835,0
255.942,0
256.049,21
256.156,9
256.263,8
256.369,16
256.476,0
256.583,26
256.69,0
256.797,24
256.904,19
257.011,0
257.118,0
257.224,32
257.331,0
257.438,0
257.545,17
257.652,5
257.759,27
257.866,0
257.973,4
258.079,11
258.186,0
258.293,0
258.4,0
258.507,23
258.614,4
258.721,18
258.828,19
258.934,23
259.041,8
259.148,0
259.255,9
259.362,20
259.469,14
259.576,5
259.683,7
259.789,45
259.896,74
260.003,71
260.11,33
260.217,7
260.324,0
260.431,0
260.537,9
260.644,0
260.751,10
260.858,15
260.965,0
261.072,24
261.179,2
261.286,6
261.392,15
261.499,5
261.606,0
261.713,9
261.82,0
261.927,6
262.034,5
262.141,17
262.247,1
262.354,24
262.461,8
262.568,16
262.675,0
262.782,0
262.889,0
262.996,33
263.102,35
263.209,0
263.316,0
263.423,0
263.53,0
263.637,0
263.744,0
263.85,20
263.957,29
264.064,2
264.171,2
264.278,13
264.385,1
264.492,19
264.599,18
264.705,0
264.812,0
264.919,0
265.026,0
265.133,3
265.24,6
265.347,30
265.454,0
265.56,19
265.667,20
265.774,0
265.881,0
265.988,0
266.095,0
266.202,0
266.308,0
266.415,0
266.522,7
266.629,21
266.736,0
266.843,11
266.95,1
267.057,3
267.163,0
267.27,0
267.377,20
267.484,51
267.591,0
267.698,12
267.805,13
267.911,0
268.018,0
268.125,0
268.232,11
268.339,0
268.446,8
268.553,0
268.66,16
268.766,7
268.873,9
268.98,30
269.087,27
269.194,0
269.301,0
269.408,21
269.514,15
269.621,0
269.728,0
269.835,0
269.942,0
270.049,28
270.156,12
270.263,0
270.369,0
270.476,20
270.583,20
270.69,0
270.797,2
270.904,13
271.011,15
271.117,0
271.224,18
271.331,14
271.438,3
271.545,0
271.652,2
271.759,5
271.866,10
271.972,0
272.079,15
272.186,18
272.293,19
272.4,0
272.507,7
272.614,28
272.72,0
272.827,13
272.934,0
273.041,26
273.148,2
273.255,4
273.362,0
273.468,0
273.575,0
273.682,58
273.789,41
273.896,0
274.003,0
274.11,0
274.217,0
274.323,0
274.43,19
274.537,0
274.644,0
274.751,0
274.858,3
274.965,0
275.071,15
275.178,29
275.285,0
275.392,30
275.499,24
275.606,2
275.713,0
275.819,0
275.926,0
276.033,0
276.14,0
276.247,7
276.354,2
276.461,2
276.567,12
276.674,8
276.781,28
276.888,15
276.995,30
277.102,18
277.209,0
277.315,21
277.422,15
277.529,0
277.636,0
277.743,26
277.85,0
277.957,0
278.064,10
278.17,0
278.277,0
278.384,13
278.491,9
278.598,25
278.705,4
278.812,0
278.918,10
279.025,35
279.132,0
279.239,0
279.346,10
279.453,8
279.56,12
279.666,3
279.773,21
279.88,0
279.987,0
280.094,18
280.201,14
280.308,12
280.414,0
280.521,0
280.628,10
280.735,16
280.842,0
280.949,6
281.056,2
281.162,0
281.269,14
281.376,0
281.483,0
281.59,34
281.697,0
281.804,34
281.91,20
282.017,8
282.124,4
282.231,1
282.338,13
282.445,0
282.552,0
282.658,0
282.765,0
282.872,11
282.979,10
283.086,0
283.193,10
283.3,34
283.406,0
283.513,0
283.62,18
283.727,0
283.834,0
283.941,16
284.048,15
284.154,0
284.261,0
284.368,68
284.475,19
284.582,4
284.689,0
284.796,0
284.902,0
285.009,14
285.116,23
285.223,3
285.33,0
285.437,5
285.544,23
285.65,14
285.757,0
285.864,0
285.971,1
286.078,13
286.185,0
286.292,10
286.398,0
286.505,28
286.612,4
286.719,0
286.826,0
286.933,15
287.039,13
287.146,0
287.253,0
287.36,22
287.467,2
287.574,4
287.681,8
287.787,3
287.894,0
288.001,19
288.108,12
288.215,21
288.322,0
288.429,31
288.535,67
288.642,55
288.749,44
288.856,7
288.963,8
289.07,0
289.177,7
289.283,0
289.39,17
289.497,11
289.604,8
289.711,1
289.818,2
289.924,3
290.031,28
290.138,32
290.245,0
290.352,0
290.459,22
290.566,105
290.672,90
290.779,225
290.886,208
290.993,98
291.1,21
291.207,0
291.314,0
291.42,0
291.527,10
291.634,2
291.741,0
291.848,43
291.955,74
292.062,0
292.168,10
292.275,0
292.382,17
292.489,0
292.596,0
292.703,0
292.809,13
292.916,0
293.023,0
293.13,18
293.237,1
293.344,23
293.451,11
293.557,16
293.664,17
293.771,0
293.878,0
293.985,2
294.092,0
294.198,4
294.305,0
294.412,15
294.519,0
294.626,0
294.733,13
294.84,0
294.946,0
295.053,46
295.16,27
295.267,0
295.374,0
295.481,0
295.588,0
295.694,0
295.801,0
295.908,12
296.015,8
296.122,12
296.229,0
296.335,9
296.442,25
296.549,2
296.656,0
296.763,13
296.87,5
296.977,6
297.083,22
297.19,4
297.297,0
297.404,5
297.511,10
297.618,0
297.724,0
297.831,2
297.938,0
298.045,13
298.152,14
298.259,3
298.365,0
298.472,0
298.579,14
298.686,15
298.793,0
298.9,10
299.007,0
299.113,8
299.22,0
299.327,0
299.434,5
299.541,0
299.648,0
299.754,5
299.861,3
299.968,0
300.075,0
300.182,0
300.289,0
300.396,0
300.502,1
300.609,26
300.716,2
300.823,0
300.93,0
301.037,33
301.143,27
301.25,10
301.357,1
301.464,10
301.571,3
301.678,0
301.784,25
301.891,0
301.998,0
302.105,0
302.212,8
302.319,0
302.426,0
302.532,0
302.639,7
302.746,0
302.853,0
302.96,0
303.067,9
303.173,15
303.28,11
303.387,20
303.494,0
303.601,16
303.708,45
303.814,0
303.921,0
304.028,0
304.135,13
304.242,11
304.349,0
304.456,0
304.562,3
304.669,36
304.776,16
304.883,0
304.99,18
305.097,0
305.203,0
305.31,15
305.417,3
305.524,0
305.631,0
305.738,27
305.844,21
305.951,0
306.058,0
306.165,0
306.272,24
306.379,0
306.485,8
306.592,17
306.699,25
306.806,0
306.913,0
307.02,0
307.126,0
307.233,2
307.34,0
307.447,11
307.554,2
307.661,0
307.767,1
307.874,14
307.981,17
308.088,3
308.195,1
308.302,5
308.409,0
308.515,0
308.622,0
308.729,13
308.836,0
308.943,0
309.05,22
309.156,0
309.263,0
309.37,15
309.477,7
309.584,0
309.691,26
309.797,32
309.904,24
310.011,0
310.118,0
310.225,16
310.332,18
310.438,12
310.545,0
310.652,14
310.759,8
310.866,0
310.973,27
311.079,0
311.186,0
311.293,2
311.4,2
311.507,0
311.614,16
311.72,4
311.827,0
311.934,7
312.041,2
312.148,0
312.255,30
312.361,0
312.468,0
312.575,17
312.682,9
312.789,20
312.896,16
313.002,18
313.109,31
313.216,9
313.323,0
313.43,13
313.537,2
313.643,0
313.75,4
313.857,7
313.964,13
314.071,11
314.178,28
314.284,9
314.391,13
314.498,0
314.605,0
314.712,21
314.819,35
314.925,8
315.032,1
315.139,0
315.246,2
315.353,0
315.46,0
315.566,26
315.673,4
315.78,31
315.887,0
315.994,0
316.1,24
316.207,7
316.314,0
316.421,18
316.528,35
316.635,7
316.741,0
316.848,0
316.955,9
317.062,16
317.169,10
317.276,9
317.382,2
317.489,0
317.596,19
317.703,0
317.81,3
317.917,0
318.023,13
318.13,0
318.237,7
318.344,0
318.451,0
318.558,14
318.664,43
318.771,0
318.878,0
318.985,28
319.092,16
319.199,5
319.305,0
319.412,0
319.519,14
319.626,22
319.733,0
319.839,0
319.946,20
320.053,0
320.16,18
320.267,0
320.374,20
320.48,0
320.587,31
320.694,36
320.801,14
320.908,76
321.015,71
321.121,48
321.228,19
321.335,0
321.442,4
321.549,4
321.655,0
321.762,0
321.869,0
321.976,2
322.083,1
322.19,3
322.296,0
322.403,2
322.51,0
322.617,0
322.724,0
322.831,15
322.937,9
323.044,15
323.151,14
323.258,7
323.365,0
323.472,8
323.578,6
323.685,16
323.792,0
323.899,0
324.006,0
324.112,12
324.219,10
324.326,21
324.433,0
324.54,28
324.647,0
324.753,6
324.86,0
324.967,0
325.074,0
325.181,0
325.287,0
325.394,3
325.501,0
325.608,11
325.715,78
325.822,52
325.928,18
326.035,41
326.142,20
326.249,28
326.356,6
326.463,52
326.569,65
326.676,32
326.783,0
326.89,0
326.997,0
327.103,37
327.21,33
327.317,2
327.424,0
327.531,7
327.638,0
327.744,0
327.851,16
327.958,8
328.065,0
328.172,0
328.278,0
328.385,17
328.492,0
328.599,0
328.706,40
328.813,0
328.919,0
329.026,0
329.133,2
329.24,0
329.347,0
329.453,17
329.56,0
329.667,0
329.774,1
329.881,8
329.988,10
330.094,0
330.201,8
330.308,5
330.415,0
330.522,13
330.628,18
330.735,0
330.842,0
330.949,6
331.056,20
331.162,0
331.269,24
331.376,19
331.483,18
331.59,5
331.697,14
331.803,0
331.91,0
332.017,15
332.124,0
332.231,0
332.337,10
332.444,38
332.551,0
332.658,15
332.765,3
332.872,0
332.978,25
333.085,15
333.192,0
333.299,0
333.406,22
333.512,1
333.619,34
333.726,0
333.833,18
333.94,0
334.046,11
334.153,17
334.26,10
334.367,0
334.474,4
334.581,0
334.687,8
334.794,15
334.901,16
335.008,0
335.115,10
335.221,15
335.328,0
335.435,3
335.542,0
335.649,0
335.755,0
335.862,0
335.969,0
336.076,0
336.183,0
336.29,0
336.396,0
336.503,0
336.61,10
336.717,0
336.824,23
336.93,23
337.037,0
337.144,0
337.251,10
337.358,17
337.464,0
337.571,0
337.678,0
337.785,24
337.892,9
337.998,0
338.105,0
338.212,11
338.319,7
338.426,8
338.533,27
338.639,18
338.746,0
338.853,11
338.96,4
339.067,0
339.173,9
339.28,9
339.387,0
339.494,8
339.601,5
339.707,18
339.814,13
339.921,0
340.028,0
340.135,45
340.241,17
340.348,0
340.455,14
340.562,25
340.669,5
340.775,4
340.882,19
340.989,0
341.096,1
341.203,5
341.309,8
341.416,0
341.523,0
341.63,0
341.737,8
341.844,9
341.95,9
342.057,17
342.164,3
342.271,14
342.378,34
342.484,44
342.591,85
342.698,201
342.805,224
342.912,181
343.018,91
343.125,12
343.232,0
343.339,2
343.446,13
343.552,11
343.659,11
343.766,0
343.873,15
343.98,2
344.086,9
344.193,0
344.3,5
344.407,22
344.514,0
344.62,15
344.727,32
344.834,0
344.941,0
345.048,0
345.154,0
345.261,0
345.368,13
345.475,24
345.582,16
345.688,8
345.795,16
345.902,8
346.009,3
346.116,20
346.222,10
346.329,3
346.436,0
346.543,0
346.65,36
346.756,11
346.863,0
346.97,0
347.077,0
347.184,13
347.29,6
347.397,17
347.504,0
347.611,0
347.718,33
347.824,12
347.931,7
348.038,15
348.145,0
348.252,0
348.358,0
348.465,28
348.572,45
348.679,0
348.786,11
348.892,2
348.999,0
349.106,0
349.213,0
349.32,17
349.426,7
349.533,0
349.64,10
349.747,25
349.854,9
349.96,22
350.067,38
350.174,0
350.281,0
350.388,30
350.494,7
350.601,0
350.708,7
350.815,17
350.922,0
351.028,1
351.135,6
351.242,0
351.349,0
351.456,0
351.562,4
351.669,33
351.776,0
351.883,0
351.989,1
352.096,16
352.203,0
352.31,0
352.417,20
352.523,4
352.63,0
352.737,0
352.844,32
352.951,28
353.057,5
353.164,2
353.271,20
353.378,16
353.485,15
353.591,0
353.698,16
353.805,26
353.912,18
354.019,7
354.125,0
354.232,0
354.339,0
354.446,4
354.553,0
354.659,0
354.766,18
354.873,30
354.98,11
355.086,0
355.193,0
355.3,36
355.407,45
355.514,3
355.62,0
355.727,0
355.834,20
355.941,5
356.048,0
356.154,28
356.261,0
356.368,29
356.475,0
356.582,0
356.688,0
356.795,4
356.902,13
357.009,12
357.115,0
357.222,0
357.329,3
357.436,0
357.543,3
357.649,4
357.756,8
357.863,4
357.97,0
358.077,4
358.183,15
358.29,0
358.397,3
358.504,15
358.61,0
358.717,7
358.824,22
358.931,0
359.038,0
359.144,40
359.251,12
359.358,0
359.465,0
359.572,10
359.678,0
359.785,0
359.892,6
359.999,8
360.105,17
360.212,3
360.319,0
360.426,0
360.533,13
360.639,12
360.746,0
360.853,0
360.96,0
361.067,0
361.173,0
361.28,4
361.387,5
361.494,16
361.6,0
361.707,0
361.814,0
361.921,6
362.028,14
362.134,0
362.241,14
362.348,0
362.455,3
362.562,12
362.668,2
362.775,0
362.882,6
362.989,32
363.095,0
363.202,0
363.309,4
363.416,17
363.523,0
363.629,3
363.736,10
363.843,1
363.95,0
364.056,0
364.163,10
364.27,6
364.377,2
364.484,0
364.59,0
364.697,14
364.804,13
364.911,0
365.017,14
365.124,0
365.231,0
365.338,0
365.445,10
365.551,0
365.658,0
365.765,14
365.872,0
365.979,4
366.085,2
366.192,0
366.299,15
366.406,22
366.512,0
366.619,15
366.726,11
366.833,21
366.94,0
367.046,3
367.153,0
367.26,0
367.367,0
367.473,0
367.58,4
367.687,36
367.794,7
367.9,0
368.007,0
368.114,14
368.221,14
368.328,17
368.434,2
368.541,0
368.648,9
368.755,1
368.861,0
368.968,3
369.075,0
369.182,0
369.289,9
369.395,4
369.502,0
369.609,0
369.716,0
369.822,28
369.929,17
370.036,0
370.143,0
370.25,5
370.356,0
370.463,0
370.57,0
370.677,2
370.783,110
370.89,101
370.997,45
371.104,2
371.211,0
371.317,11
371.424,0
371.531,0
371.638,0
371.744,4
371.851,0
371.958,0
372.065,0
372.171,0
372.278,25
372.385,14
372.492,0
372.599,13
372.705,0
372.812,17
372.919,0
373.026,0
373.132,6
373.239,2
373.346,0
373.453,15
373.559,4
373.666,0
373.773,6
373.88,0
373.987,0
374.093,0
374.2,9
374.307,10
374.414,18
374.52,8
374.627,0
374.734,0
374.841,7
374.947,0
375.054,0
375.161,0
375.268,11
375.375,17
375.481,6
375.588,0
375.695,1
375.802,16
375.908,18
376.015,0
376.122,1
376.229,0
376.335,0
376.442,0
376.549,0
376.656,0
376.763,0
376.869,9
376.976,0
377.083,4
377.19,0
377.296,12
377.403,0
377.51,11
377.617,0
377.723,0
377.83,0
377.937,0
378.044,0
378.15,0
378.257,0
378.364,0
378.471,0
378.578,0
378.684,11
378.791,0
378.898,7
379.005,11
379.111,0
379.218,26
379.325,22
379.432,0
379.538,0
379.645,21
379.752,8
379.859,0
379.965,0
380.072,9
380.179,0
380.286,0
380.392,0
380.499,11
380.606,43
380.713,8
380.82,0
380.926,8
381.033,21
381.14,4
381.247,24
381.353,0
381.46,0
381.567,10
381.674,0
381.78,13
381.887,0
381.994,0
382.101,0
382.207,0
382.314,0
382.421,30
382.528,10
382.634,16
382.741,0
382.848,42
382.955,0
383.061,0
383.168,25
383.275,11
383.382,23
383.488,0
383.595,0
383.702,0
383.809,0
383.916,24
384.022,1
384.129,32
384.236,0
384.343,0
384.449,2
384.556,48
384.663,0
384.77,0
384.876,10
384.983,0
385.09,0
385.197,0
385.303,25
385.41,0
385.517,5
385.624,19
385.73,9
385.837,5
385.944,0
386.051,30
386.157,30
386.264,5
386.371,9
386.478,0
386.584,0
386.691,2
386.798,0
386.905,0
387.011,0
387.118,0
387.225,71
387.332,102
387.438,56
387.545,0
387.652,0
387.759,13
387.865,0
387.972,0
388.079,0
388.186,0
388.292,0
388.399,0
388.506,0
388.613,0
388.719,16
388.826,0
388.933,0
389.04,12
389.146,6
389.253,2
389.36,4
389.467,22
389.573,22
389.68,0
389.787,0
389.894,0
390,0
390.107,7
390.214,0
390.321,12
390.427,6
390.534,0
390.641,21
390.748,16
390.854,22
390.961,0
391.068,0
391.175,16
391.281,10
391.388,4
391.495,0
391.602,0
391.708,0
391.815,8
391.922,8
392.029,8
392.135,12
392.242,0
392.349,0
392.456,14
392.562,0
392.669,13
392.776,8
392.883,0
392.989,5
393.096,10
393.203,0
393.31,10
393.416,13
393.523,0
393.63,0
393.737,0
393.843,1
393.95,14
394.057,80
394.164,56
394.27,43
394.377,0
394.484,0
394.591,0
394.697,17
394.804,0
394.911,0
395.018,4
395.124,0
395.231,0
395.338,19
395.445,0
395.551,2
395.658,3
395.765,42
395.871,2
395.978,0
396.085,10
396.192,0
396.298,0
396.405,7
396.512,10
396.619,0
396.725,0
396.832,0
396.939,21
397.046,15
397.152,5
397.259,0
397.366,2
397.473,10
397.579,0
397.686,19
397.793,0
397.9,8
398.006,6
398.113,0
398.22,0
398.327,0
398.433,2
398.54,0
398.647,0
398.753,0
398.86,26
398.967,9
399.074,0
399.18,0
399.287,0
399.394,0
399.501,0
399.607,0
399.714,0
399.821,27
399.928,0
400.034,0
400.141,0
400.248,0
400.355,0
400.461,1
400.568,11
400.675,13
400.781,0
400.888,0
400.995,8
401.102,0
401.208,0
401.315,0
401.422,34
401.529,19
401.635,0
401.742,0
401.849,26
401.956,42
402.062,0
402.169,0
402.276,13
402.382,0
402.489,0
402.596,0
402.703,14
402.809,16
402.916,0
403.023,24
403.13,20
403.236,76
403.343,98
403.45,48
403.557,0
403.663,14
403.77,24
403.877,0
403.983,4
404.09,0
404.197,18
404.304,0
404.41,5
404.517,10
404.624,0
404.731,0
404.837,8
404.944,8
405.051,0
405.158,0
405.264,14
405.371,0
405.478,0
405.584,0
405.691,9
405.798,8
405.905,1
406.011,0
406.118,18
406.225,2
406.332,0
406.438,0
406.545,0
406.652,17
406.758,4
406.865,30
406.972,10
407.079,0
407.185,0
407.292,22
407.399,8
407.506,0
407.612,0
407.719,3
407.826,0
407.932,0
408.039,0
408.146,0
408.253,21
408.359,0
408.466,0
408.573,10
408.68,14
408.786,13
408.893,5
409,14
409.106,0
409.213,0
409.32,12
409.427,0
409.533,7
409.64,0
409.747,0
409.853,0
409.96,26
410.067,0
410.174,17
410.28,0
410.387,0
410.494,0
410.601,3
410.707,4
410.814,18
410.921,0
411.027,7
411.134,0
411.241,0
411.348,28
411.454,13
411.561,10
411.668,21
411.774,0
411.881,0
411.988,10
412.095,55
412.201,46
412.308,0
412.415,0
412.522,32
412.628,27
412.735,0
412.842,0
412.948,0
413.055,0
413.162,0
413.269,0
413.375,6
413.482,0
413.589,0
413.695,0
413.802,22
413.909,0
414.016,19
414.122,0
414.229,0
414.336,0
414.442,23
414.549,10
414.656,0
414.763,0
414.869,0
414.976,0
415.083,1
415.189,0
415.296,0
415.403,0
415.51,19
415.616,8
415.723,97
415.83,100
415.936,46
416.043,39
416.15,0
416.257,2
416.363,43
416.47,0
416.577,0
416.683,10
416.79,3
416.897,0
417.004,72
417.11,72
417.217,67
417.324,26
417.43,25
417.537,13
417.644,36
417.751,61
417.857,85
417.964,71
418.071,19
418.177,0
418.284,0
418.391,69
418.498,46
418.604,40
418.711,0
418.818,5
418.924,0
419.031,0
419.138,0
419.245,0
419.351,7
419.458,0
419.565,0
419.671,18
419.778,0
419.885,0
419.992,7
420.098,41
420.205,14
420.312,31
420.418,0
420.525,16
420.632,9
420.738,0
420.845,0
420.952,0
421.059,16
421.165,93
421.272,71
421.379,39
421.485,0
421.592,0
421.699,12
421.806,6
421.912,0
422.019,2
422.126,0
422.232,0
422.339,0
422.446,0
422.552,4
422.659,0
422.766,3
422.873,19
422.979,116
423.086,100
423.193,133
423.299,43
423.406,10
423.513,0
423.62,0
423.726,2
423.833,0
423.94,5
424.046,1
424.153,0
424.26,0
424.366,0
424.473,0
424.58,3
424.687,5
424.793,13
424.9,43
425.007,35
425.113,28
425.22,8
425.327,11
425.433,0
425.54,0
425.647,0
425.754,0
425.86,11
425.967,0
426.074,10
426.18,16
426.287,0
426.394,0
426.5,0
426.607,0
426.714,0
426.821,25
426.927,0
427.034,0
427.141,0
427.247,0
427.354,4
427.461,0
427.567,0
427.674,14
427.781,0
427.888,17
427.994,2
428.101,2
428.208,0
428.314,0
428.421,0
428.528,0
428.634,0
428.741,23
428.848,0
428.955,5
429.061,0
429.168,0
429.275,0
429.381,1
429.488,7
429.595,0
429.701,0
429.808,9
429.915,18
430.021,13
430.128,9
430.235,0
430.342,0
430.448,0
430.555,0
430.662,7
430.768,16
430.875,0
430.982,0
431.088,16
431.195,13
431.302,19
431.409,8
431.515,27
431.622,3
431.729,30
431.835,0
431.942,0
432.049,13
432.155,7
432.262,1
432.369,0
432.475,7
432.582,0
432.689,9
432.796,4
432.902,124
433.009,219
433.116,129
433.222,47
433.329,0
433.436,0
433.542,6
433.649,0
433.756,0
433.862,34
433.969,26
434.076,0
434.182,0
434.289,0
434.396,2
434.503,5
434.609,33
434.716,26
434.823,56
434.929,52
435.036,175
435.143,241
435.249,197
435.356,74
435.463,0
435.569,0
435.676,66
435.783,37
435.889,0
435.996,6
436.103,15
436.21,0
436.316,0
436.423,0
436.53,6
436.636,0
436.743,7
436.85,40
436.956,130
437.063,165
437.17,97
437.276,57
437.383,148
437.49,188
437.596,117
437.703,75
437.81,17
437.916,1
438.023,11
438.13,29
438.237,75
438.343,64
438.45,55
438.557,7
438.663,0
438.77,0
438.877,18
438.983,101
439.09,29
439.197,0
439.303,1
439.41,4
439.517,4
439.623,46
439.73,45
439.837,26
439.943,0
440.05,20
440.157,3
440.263,32
440.37,9
440.477,14
440.583,0
440.69,0
440.797,31
440.904,24
441.01,0
441.117,0
441.224,0
441.33,7
441.437,0
441.544,14
441.65,0
441.757,0
441.864,0
441.97,0
442.077,13
442.184,12
442.29,0
442.397,0
442.504,0
442.61,22
442.717,11
442.824,6
442.93,0
443.037,8
443.144,1
443.25,0
443.357,17
443.464,0
443.57,8
443.677,13
443.784,0
443.89,0
443.997,15
444.104,18
444.21,13
444.317,0
444.424,0
444.53,54
444.637,43
444.744,0
444.851,0
444.957,0
445.064,0
445.171,23
445.277,41
445.384,16
445.491,0
445.597,0
445.704,0
445.811,5
445.917,42
446.024,1
446.131,26
446.237,8
446.344,0
446.451,5
446.557,14
446.664,0
446.771,0
446.877,1
446.984,17
447.091,0
447.197,0
447.304,17
447.411,2
447.517,0
447.624,4
447.731,0
447.837,15
447.944,0
448.051,0
448.157,2
448.264,4
448.371,31
448.477,0
448.584,0
448.691,0
448.797,0
448.904,0
449.011,0
449.117,6
449.224,15
449.331,0
449.437,14
449.544,10
449.651,7
449.757,26
449.864,11
449.971,0
450.077,4
450.184,11
450.291,5
450.397,32
450.504,0
450.611,3
450.717,8
450.824,20
450.931,20
451.037,31
451.144,24
451.251,5
451.357,24
451.464,4
451.571,0
451.677,0
451.784,109
451.891,152
451.997,130
452.104,7
452.21,0
452.317,0
452.424,0
452.53,10
452.637,19
452.744,3
452.85,10
452.957,9
453.064,10
453.17,0
453.277,5
453.384,6
453.49,0
453.597,28
453.704,0
453.81,17
453.917,36
454.024,11
454.13,0
454.237,5
454.344,21
454.45,13
454.557,0
454.664,19
454.77,6
454.877,0
454.984,3
455.09,0
455.197,2
455.304,48
455.41,0
455.517,19
455.624,0
455.73,34
455.837,15
455.944,32
456.05,21
456.157,4
456.263,13
456.37,0
456.477,0
456.583,9
456.69,0
456.797,0
456.903,6
457.01,14
457.117,13
457.223,0
457.33,17
457.437,10
457.543,0
457.65,0
457.757,0
457.863,0
457.97,0
458.077,0
458.183,34
458.29,1
458.397,26
458.503,0
458.61,6
458.716,22
458.823,5
458.93,0
459.036,5
459.143,30
459.25,0
459.356,0
459.463,8
459.57,17
459.676,1
459.783,9
459.89,0
459.996,0
460.103,0
460.21,0
460.316,0
460.423,7
460.53,33
460.636,0
460.743,30
460.849,34
460.956,17
461.063,0
461.169,26
461.276,72
461.383,29
461.489,25
461.596,60
461.703,33
461.809,7
461.916,0
462.023,0
462.129,15
462.236,0
462.342,0
462.449,26
462.556,0
462.662,17
462.769,0
462.876,1
462.982,0
463.089,0
463.196,59
463.302,87
463.409,71
463.516,21
463.622,13
463.729,0
463.835,0
463.942,0
464.049,0
464.155,13
464.262,0
464.369,0
464.475,0
464.582,14
464.689,7
464.795,26
464.902,21
465.009,0
465.115,14
465.222,13
465.328,32
465.435,4
465.542,0
465.648,0
465.755,0
465.862,16
465.968,19
466.075,24
466.182,0
466.288,6
466.395,13
466.501,5
466.608,36
466.715,6
466.821,8
466.928,0
467.035,0
467.141,6
467.248,0
467.355,5
467.461,3
467.568,0
467.674,0
467.781,60
467.888,72
467.994,35
468.101,15
468.208,0
468.314,16
468.421,6
468.528,28
468.634,14
468.741,11
468.847,5
468.954,3
469.061,0
469.167,24
469.274,0
469.381,15
469.487,0
469.594,8
469.701,15
469.807,0
469.914,0
470.02,0
470.127,21
470.234,18
470.34,20
470.447,1
470.554,20
470.66,10
470.767,14
470.873,9
470.98,2
471.087,3
471.193,3
471.3,0
471.407,18
471.513,0
471.62,9
471.727,8
471.833,0
471.94,0
472.046,32
472.153,0
472.26,34
472.366,0
472.473,10
472.58,30
472.686,0
472.793,0
472.899,24
473.006,6
473.113,45
473.219,38
473.326,23
473.433,2
473.539,14
473.646,0
473.752,12
473.859,19
473.966,9
474.072,34
474.179,67
474.286,107
474.392,40
474.499,0
474.605,29
474.712,115
474.819,52
474.925,32
475.032,16
475.139,15
475.245,0
475.352,0
475.458,0
475.565,5
475.672,0
475.778,5
475.885,0
475.992,29
476.098,75
476.205,36
476.311,0
476.418,0
476.525,22
476.631,15
476.738,0
476.844,23
476.951,36
477.058,29
477.164,0
477.271,11
477.378,8
477.484,0
477.591,17
477.697,0
477.804,16
477.911,14
478.017,0
478.124,11
478.231,33
478.337,6
478.444,11
478.55,0
478.657,0
478.764,1
478.87,0
478.977,0
479.083,13
479.19,13
479.297,1
479.403,0
479.51,13
479.617,0
479.723,20
479.83,23
479.936,0
480.043,36
480.15,14
480.256,19
480.363,0
480.469,0
480.576,19
480.683,16
480.789,0
480.896,3
481.003,0
481.109,0
481.216,3
481.322,0
481.429,7
481.536,12
481.642,7
481.749,0
481.855,2
481.962,0
482.069,9
482.175,0
482.282,17
482.388,0
482.495,0
482.602,11
482.708,9
482.815,11
482.922,4
483.028,7
483.135,0
483.241,11
483.348,13
483.455,8
483.561,12
483.668,22
483.774,4
483.881,81
483.988,68
484.094,47
484.201,23
484.307,24
484.414,2
484.521,6
484.627,8
484.734,0
484.84,5
484.947,1
485.054,0
485.16,0
485.267,0
485.373,0
485.48,0
485.587,78
485.693,181
485.8,270
485.907,170
486.013,46
486.12,0
486.226,0
486.333,28
486.44,8
486.546,0
486.653,12
486.759,18
486.866,73
486.973,0
487.079,0
487.186,45
487.292,30
487.399,0
487.506,6
487.612,20
487.719,13
487.825,0
487.932,0
488.039,8
488.145,28
488.252,22
488.358,1
488.465,29
488.572,0
488.678,5
488.785,0
488.891,0
488.998,4
489.105,0
489.211,3
489.318,10
489.424,10
489.531,12
489.638,76
489.744,92
489.851,75
489.957,36
490.064,11
490.171,0
490.277,0
490.384,0
490.49,0
490.597,8
490.704,0
490.81,0
490.917,12
491.023,132
491.13,147
491.237,73
491.343,0
491.45,0
491.556,18
491.663,0
491.769,5
491.876,66
491.983,61
492.089,11
492.196,0
492.302,0
492.409,8
492.516,10
492.622,6
492.729,16
492.835,0
492.942,0
493.049,4
493.155,0
493.262,9
493.368,0
493.475,9
493.582,0
493.688,0
493.795,11
493.901,18
494.008,0
494.114,11
494.221,11
494.328,4
494.434,20
494.541,18
494.647,2
494.754,0
494.861,0
494.967,0
495.074,9
495.18,0
495.287,13
495.394,22
495.5,0
495.607,0
495.713,17
495.82,6
495.926,12
496.033,12
496.14,19
496.246,32
496.353,0
496.459,25
496.566,25
496.673,0
496.779,0
496.886,7
496.992,14
497.099,0
497.206,0
497.312,0
497.419,0
497.525,0
497.632,0
497.738,0
497.845,33
497.952,31
498.058,8
498.165,3
498.271,14
498.378,2
498.485,0
498.591,3
498.698,0
498.804,0
498.911,0
499.017,0
499.124,0
499.231,13
499.337,17
499.444,0
499.55,6
499.657,46
499.763,0
499.87,32
499.977,0
500.083,14
500.19,0
500.296,0
500.403,0
500.51,3
500.616,0
500.723,0
500.829,4
500.936,10
501.042,0
501.149,33
501.256,0
501.362,10
501.469,0
501.575,0
501.682,18
501.788,7
501.895,0
502.002,0
502.108,19
502.215,6
502.321,0
502.428,31
502.534,0
502.641,17
502.748,40
502.854,2
502.961,8
503.067,21
503.174,15
503.281,0
503.387,0
503.494,0
503.6,0
503.707,6
503.813,3
503.92,4
504.027,19
504.133,12
504.24,24
504.346,11
504.453,0
504.559,0
504.666,17
504.773,17
504.879,0
504.986,0
505.092,2
505.199,28
505.305,0
505.412,4
505.518,0
505.625,0
505.732,24
505.838,4
505.945,0
506.051,8
506.158,0
506.264,32
506.371,5
506.478,0
506.584,3
506.691,0
506.797,20
506.904,0
507.01,13
507.117,0
507.224,1
507.33,0
507.437,17
507.543,6
507.65,2
507.756,13
507.863,8
507.97,24
508.076,34
508.183,2
508.289,1
508.396,0
508.502,47
508.609,43
508.715,3
508.822,10
508.929,19
509.035,0
509.142,24
509.248,0
509.355,1
509.461,0
509.568,3
509.675,26
509.781,4
509.888,12
509.994,0
510.101,6
510.207,0
510.314,12
510.42,0
510.527,18
510.634,2
510.74,6
510.847,1
510.953,0
511.06,17
511.166,15
511.273,13
511.379,6
511.486,0
511.593,2
511.699,18
511.806,0
511.912,0
512.019,0
512.125,7
512.232,36
512.339,0
512.445,0
512.552,10
512.658,0
512.765,0
512.871,0
512.978,0
513.084,16
513.191,0
513.298,7
513.404,9
513.511,4
513.617,0
513.724,17
513.83,6
513.937,0
514.043,0
514.15,0
514.256,18
514.363,6
514.47,6
514.576,3
514.683,0
514.789,25
514.896,0
515.002,7
515.109,18
515.215,0
515.322,5
515.429,19
515.535,15
515.642,8
515.748,10
515.855,14
515.961,8
516.068,0
516.174,20
516.281,21
516.388,0
516.494,8
516.601,28
516.707,0
516.814,14
516.92,0
517.027,13
517.133,2
517.24,12
517.346,0
517.453,0
517.56,22
517.666,26
517.773,27
517.879,0
517.986,0
518.092,35
518.199,96
518.305,83
518.412,59
518.518,71
518.625,44
518.732,0
518.838,0
518.945,0
519.051,0
519.158,57
519.264,30
519.371,0
519.477,0
519.584,15
519.69,0
519.797,7
519.903,15
520.01,6
520.117,6
520.223,4
520.33,0
520.436,21
520.543,0
520.649,0
520.756,0
520.862,0
520.969,27
521.075,104
521.182,88
521.289,11
521.395,0
521.502,0
521.608,44
521.715,4
521.821,0
521.928,18
522.034,17
522.141,19
522.247,19
522.354,0
522.46,0
522.567,19
522.674,4
522.78,14
522.887,0
522.993,0
523.1,10
523.206,5
523.313,32
523.419,0
523.526,15
523.632,5
523.739,8
523.845,0
523.952,2
524.058,0
524.165,0
524.272,0
524.378,0
524.485,0
524.591,0
524.698,0
524.804,0
524.911,0
525.017,11
525.124,3
525.23,6
525.337,0
525.443,6
525.55,2
525.656,17
525.763,22
525.87,0
525.976,0
526.083,10
526.189,4
526.296,5
526.402,0
526.509,14
526.615,6
526.722,0
526.828,16
526.935,6
527.041,29
527.148,0
527.254,0
527.361,0
527.467,0
527.574,0
527.68,0
527.787,0
527.894,0
528,0
528.107,0
528.213,0
528.32,0
528.426,0
528.533,21
528.639,7
528.746,10
528.852,46
528.959,28
529.065,4
529.172,6
529.278,0
529.385,4
529.491,0
529.598,0
529.704,0
529.811,24
529.918,31
530.024,0
530.131,5
530.237,0
530.344,12
530.45,11
530.557,0
530.663,0
530.77,121
530.876,232
530.983,135
531.089,57
531.196,0
531.302,0
531.409,4
531.515,1
531.622,0
531.728,28
531.835,0
531.941,10
532.048,17
532.154,10
532.261,5
532.367,0
532.474,0
532.581,0
532.687,18
532.794,2
532.9,11
533.007,0
533.113,6
533.22,10
533.326,0
533.433,5
533.539,15
533.646,0
533.752,0
533.859,10
533.965,10
534.072,12
534.178,0
534.285,0
534.391,9
534.498,19
534.604,0
534.711,19
534.817,0
534.924,0
535.03,17
535.137,14
535.243,14
535.35,1
535.456,0
535.563,3
535.669,13
535.776,0
535.882,0
535.989,9
536.095,25
536.202,0
536.308,0
536.415,22
536.521,14
536.628,2
536.735,0
536.841,28
536.948,12
537.054,0
537.161,24
537.267,0
537.374,0
537.48,12
537.587,0
537.693,0
537.8,9
537.906,10
538.013,19
538.119,3
538.226,0
538.332,0
538.439,0
538.545,40
538.652,0
538.758,6
538.865,0
538.971,10
539.078,1
539.184,8
539.291,2
539.397,13
539.504,0
539.61,0
539.717,0
539.823,17
539.93,22
540.036,0
540.143,10
540.249,0
540.356,0
540.462,32
540.569,11
540.675,0
540.782,0
540.888,0
540.995,0
541.101,3
541.208,7
541.314,1
541.421,0
541.527,23
541.634,3
541.74,0
541.847,0
541.953,5
542.06,0
542.166,0
542.273,14
542.379,0
542.486,0
542.592,0
542.699,0
542.805,13
542.912,15
543.018,0
543.125,11
543.231,0
543.338,2
543.444,0
543.551,0
543.657,29
543.764,10
543.87,7
543.977,16
544.083,0
544.19,7
544.296,0
544.403,0
544.509,36
544.616,6
544.722,2
544.829,0
544.935,0
545.042,1
545.148,24
545.255,6
545.361,0
545.467,22
545.574,14
545.68,26
545.787,5
545.893,0
546,9
546.106,8
546.213,3
546.319,2
546.426,3
546.532,15
546.639,2
546.745,20
546.852,0
546.958,3
547.065,0
547.171,0
547.278,0
547.384,0
547.491,1
547.597,0
547.704,11
547.81,12
547.917,0
548.023,20
548.13,30
548.236,0
548.343,0
548.449,0
548.556,5
548.662,16
548.769,20
548.875,0
548.982,0
549.088,19
549.195,7
549.301,0
549.408,0
549.514,14
549.62,21
549.727,0
549.833,0
549.94,0
550.046,23
550.153,13
550.259,0
550.366,11
550.472,8
550.579,13
550.685,2
550.792,3
550.898,0
551.005,0
551.111,34
551.218,32
551.324,6
551.431,0
551.537,0
551.644,0
551.75,41
551.857,11
551.963,0
552.07,0
552.176,19
552.282,13
552.389,21
552.495,10
552.602,0
552.708,13
552.815,28
552.921,0
553.028,9
553.134,24
553.241,13
553.347,7
553.454,6
553.56,0
553.667,19
553.773,0
553.88,9
553.986,0
554.093,0
554.199,15
554.305,10
554.412,3
554.518,0
554.625,0
554.731,0
554.838,0
554.944,0
555.051,6
555.157,0
555.264,0
555.37,5
555.477,0
555.583,25
555.69,1
555.796,0
555.903,0
556.009,31
556.115,32
556.222,0
556.328,4
556.435,0
556.541,12
556.648,0
556.754,29
556.861,97
556.967,81
557.074,23
557.18,0
557.287,0
557.393,6
557.5,22
557.606,3
557.713,15
557.819,0
557.925,0
558.032,36
558.138,36
558.245,0
558.351,12
558.458,2
558.564,21
558.671,24
558.777,7
558.884,0
558.99,5
559.097,30
559.203,10
559.309,15
559.416,3
559.522,2
559.629,21
559.735,32
559.842,0
559.948,8
560.055,0
560.161,14
560.268,18
560.374,5
560.481,10
560.587,18
560.693,0
560.8,0
560.906,0
561.013,2
561.119,4
561.226,24
561.332,0
561.439,0
561.545,0
561.652,0
561.758,22
561.864,0
561.971,0
562.077,12
562.184,0
562.29,0
562.397,34
562.503,43
562.61,45
562.716,32
562.823,35
562.929,19
563.035,0
563.142,0
563.248,0
563.355,2
563.461,0
563.568,0
563.674,22
563.781,6
563.887,0
563.994,1
564.1,27
564.206,4
564.313,9
564.419,30
564.526,13
564.632,3
564.739,0
564.845,9
564.952,0
565.058,11
565.165,16
565.271,0
565.377,0
565.484,12
565.59,25
565.697,4
565.803,0
565.91,16
566.016,3
566.123,4
566.229,0
566.335,0
566.442,0
566.548,17
566.655,0
566.761,15
566.868,0
566.974,0
567.081,0
567.187,15
567.293,0
567.4,0
567.506,0
567.613,18
567.719,48
567.826,0
567.932,5
568.039,0
568.145,0
568.251,2
568.358,7
568.464,2
568.571,10
568.677,29
568.784,10
568.89,68
568.997,139
569.103,93
569.209,4
569.316,0
569.422,6
569.529,5
569.635,13
569.742,3
569.848,17
569.955,17
570.061,0
570.167,0
570.274,0
570.38,4
570.487,0
570.593,0
570.7,0
570.806,8
570.912,0
571.019,0
571.125,0
571.232,26
571.338,0
571.445,0
571.551,32
571.658,8
571.764,8
571.87,0
571.977,18
572.083,0
572.19,0
572.296,0
572.403,6
572.509,44
572.615,0
572.722,0
572.828,0
572.935,0
573.041,0
573.148,19
573.254,22
573.36,0
573.467,0
573.573,16
573.68,12
573.786,21
573.893,27
573.999,0
574.105,0
574.212,9
574.318,2
574.425,13
574.531,12
574.638,8
574.744,10
574.85,39
574.957,35
575.063,12
575.17,0
575.276,19
575.383,0
575.489,0
575.595,26
575.702,28
575.808,0
575.915,6
576.021,10
576.128,0
576.234,0
576.34,0
576.447,0
576.553,0
576.66,0
576.766,0
576.873,5
576.979,27
577.085,23
577.192,7
577.298,0
577.405,15
577.511,0
577.618,10
577.724,5
577.83,8
577.937,0
578.043,0
578.15,3
578.256,9
578.363,4
578.469,0
578.575,17
578.682,4
578.788,0
578.895,11
579.001,0
579.107,0
579.214,11
579.32,5
579.427,33
579.533,0
579.64,21
579.746,0
579.852,0
579.959,0
580.065,0
580.172,0
580.278,11
580.384,17
580.491,34
580.597,0
580.704,0
580.81,18
580.917,28
581.023,20
581.129,0
581.236,0
581.342,10
581.449,6
581.555,0
581.661,14
581.768,22
581.874,0
581.981,11
582.087,143
582.193,123
582.3,15
582.406,26
582.513,0
582.619,0
582.726,0
582.832,0
582.938,0
583.045,32
583.151,21
583.258,5
583.364,0
583.47,17
583.577,11
583.683,0
583.79,0
583.896,0
584.002,30
584.109,9
584.215,0
584.322,3
584.428,23
584.535,0
584.641,12
584.747,6
584.854,20
584.96,0
585.067,13
585.173,0
585.279,2
585.386,31
585.492,0
585.599,13
585.705,13
585.811,0
585.918,0
586.024,37
586.131,0
586.237,0
586.343,10
586.45,9
586.556,0
586.663,0
586.769,0
586.875,15
586.982,0
587.088,0
587.195,0
587.301,3
587.407,4
587.514,3
587.62,0
587.727,0
587.833,0
587.939,0
588.046,0
588.152,0
588.259,8
588.365,9
588.471,0
588.578,0
588.684,0
588.791,0
588.897,0
589.003,7
589.11,12
589.216,8
589.323,0
589.429,3
589.535,0
589.642,0
589.748,0
589.855,7
589.961,18
590.067,3
590.174,17
590.28,2
590.387,0
590.493,0
590.599,6
590.706,9
590.812,7
590.918,15
591.025,0
591.131,2
591.238,9
591.344,50
591.45,30
591.557,1
591.663,0
591.77,24
591.876,10
591.982,0
592.089,0
592.195,5
592.302,0
592.408,0
592.514,35
592.621,0
592.727,7
592.834,0
592.94,0
593.046,7
593.153,0
593.259,0
593.365,27
593.472,0
593.578,0
593.685,23
593.791,57
593.897,0
594.004,0
594.11,0
594.217,13
594.323,0
594.429,6
594.536,14
594.642,5
594.748,0
594.855,6
594.961,4
595.068,2
595.174,11
595.28,2
595.387,0
595.493,3
595.6,12
595.706,0
595.812,0
595.919,7
596.025,0
596.131,4
596.238,36
596.344,0
596.451,0
596.557,0
596.663,14
596.77,0
596.876,0
596.982,0
597.089,0
597.195,2
597.302,0
597.408,0
597.514,3
597.621,3
597.727,35
597.833,3
597.94,0
598.046,2
598.153,0
598.259,0
598.365,22
598.472,0
598.578,0
598.685,11
598.791,1
598.897,0
599.004,8
599.11,0
599.216,4
599.323,0
599.429,0
599.535,4
599.642,0
599.748,2
599.855,9
599.961,0
600.067,18
600.174,0
600.28,0
600.386,4
600.493,0
600.599,1
600.706,0
600.812,0
600.918,2
601.025,0
601.131,0
601.237,91
601.344,145
601.45,69
601.557,19
601.663,19
601.769,1
601.876,3
601.982,0
602.088,0
602.195,10
602.301,22
602.407,0
602.514,0
602.62,1
602.727,36
602.833,3
602.939,0
603.046,2
603.152,0
603.258,17
603.365,0
603.471,18
603.577,0
603.684,16
603.79,2
603.897,4
604.003,21
604.109,0
604.216,0
604.322,37
604.428,31
604.535,0
604.641,0
604.747,6
604.854,0
604.96,0
605.067,0
605.173,0
605.279,12
605.386,0
605.492,0
605.598,0
605.705,0
605.811,4
605.917,8
606.024,2
606.13,0
606.236,36
606.343,13
606.449,0
606.556,2
606.662,14
606.768,0
606.875,0
606.981,0
607.087,10
607.194,1
607.3,0
607.406,5
607.513,0
607.619,0
607.725,0
607.832,2
607.938,8
608.045,13
608.151,0
608.257,0
608.364,0
608.47,5
608.576,0
608.683,0
608.789,0
608.895,0
609.002,0
609.108,0
609.214,6
609.321,9
609.427,0
609.533,30
609.64,11
609.746,0
609.852,11
609.959,12
610.065,0
610.172,0
610.278,0
610.384,0
610.491,0
610.597,0
610.703,14
610.81,48
610.916,0
611.022,22
611.129,32
611.235,13
611.341,9
611.448,0
611.554,0
611.66,0
611.767,1
611.873,4
611.979,0
612.086,0
612.192,6
612.298,0
612.405,6
612.511,0
612.617,4
612.724,0
612.83,13
612.936,0
613.043,0
613.149,0
613.255,15
613.362,2
613.468,0
613.575,0
613.681,22
613.787,0
613.894,0
614,0
614.106,13
614.213,6
614.319,0
614.425,0
614.532,16
614.638,23
614.744,0
614.851,0
614.957,24
615.063,35
615.17,0
615.276,5
615.382,0
615.489,0
615.595,0
615.701,32
615.808,26
615.914,8
616.02,6
616.127,3
616.233,7
616.339,7
616.446,14
616.552,9
616.658,0
616.765,0
616.871,0
616.977,0
617.084,3
617.19,0
617.296,0
617.403,0
617.509,0
617.615,26
617.722,2
617.828,16
617.934,17
618.041,22
618.147,0
618.253,0
618.36,3
618.466,0
618.572,13
618.679,0
618.785,0
618.891,0
618.998,11
619.104,1
619.21,30
619.316,8
619.423,0
619.529,22
619.635,16
619.742,0
619.848,0
619.954,11
620.061,0
620.167,0
620.273,23
620.38,48
620.486,21
620.592,6
620.699,2
620.805,11
620.911,24
621.018,0
621.124,0
621.23,14
621.337,0
621.443,0
621.549,8
621.656,10
621.762,0
621.868,7
621.975,0
622.081,12
622.187,18
622.294,12
622.4,14
622.506,0
622.612,0
622.719,8
622.825,11
622.931,0
623.038,0
623.144,32
623.25,22
623.357,0
623.463,0
623.569,9
623.676,0
623.782,11
623.888,0
623.995,0
624.101,0
624.207,13
624.314,17
624.42,7
624.526,2
624.632,6
624.739,0
624.845,5
624.951,13
625.058,0
625.164,0
625.27,30
625.377,0
625.483,0
625.589,40
625.696,43
625.802,0
625.908,18
626.015,0
626.121,0
626.227,0
626.333,0
626.44,1
626.546,1
626.652,0
626.759,0
626.865,14
626.971,5
627.078,0
627.184,1
627.29,28
627.397,30
627.503,19
627.609,21
627.715,0
627.822,0
627.928,14
628.034,0
628.141,0
628.247,38
628.353,0
628.46,0
628.566,23
628.672,22
628.778,0
628.885,0
628.991,14
629.097,1
629.204,15
629.31,1
629.416,21
629.523,23
629.629,0
629.735,0
629.841,10
629.948,37
630.054,0
630.16,0
630.267,10
630.373,0
630.479,3
630.586,0
630.692,11
630.798,18
630.904,20
631.011,15
631.117,6
631.223,2
631.33,0
631.436,0
631.542,1
631.649,14
631.755,0
631.861,0
631.967,0
632.074,9
632.18,0
632.286,0
632.393,0
632.499,7
632.605,29
632.711,23
632.818,0
632.924,17
633.03,18
633.137,23
633.243,2
633.349,0
633.456,13
633.562,16
633.668,2
633.774,15
633.881,16
633.987,0
634.093,13
634.2,0
634.306,0
634.412,3
634.518,0
634.625,0
634.731,2
634.837,0
634.944,18
635.05,1
635.156,0
635.262,0
635.369,12
635.475,15
635.581,18
635.688,0
635.794,69
635.9,110
636.006,0
636.113,0
636.219,20
636.325,9
636.432,0
636.538,0
636.644,0
636.75,0
636.857,21
636.963,15
637.069,11
637.176,15
637.282,0
637.388,0
637.494,3
637.601,0
637.707,0
637.813,0
637.92,0
638.026,0
638.132,4
638.238,4
638.345,0
638.451,25
638.557,14
638.663,0
638.77,0
638.876,9
638.982,0
639.089,2
639.195,0
639.301,0
639.407,0
639.514,0
639.62,7
639.726,0
639.833,6
639.939,18
640.045,19
640.151,0
640.258,0
640.364,4
640.47,9
640.576,0
640.683,12
640.789,0
640.895,0
641.002,6
641.108,0
641.214,0
641.32,18
641.427,0
641.533,0
641.639,0
641.745,10
641.852,15
641.958,112
642.064,126
642.171,76
642.277,11
642.383,12
642.489,1
642.596,0
642.702,0
642.808,0
642.914,4
643.021,19
643.127,0
643.233,0
643.339,18
643.446,12
643.552,12
643.658,2
643.765,43
643.871,26
643.977,39
644.083,6
644.19,0
644.296,0
644.402,7
644.508,13
644.615,0
644.721,13
644.827,13
644.933,0
645.04,0
645.146,15
645.252,0
645.358,2
645.465,31
645.571,0
645.677,0
645.784,8
645.89,0
645.996,4
646.102,11
646.209,0
646.315,5
646.421,20
646.527,14
646.634,0
646.74,0
646.846,82
646.952,56
647.059,22
647.165,0
647.271,0
647.377,3
647.484,19
647.59,12
647.696,28
647.802,0
647.909,0
648.015,0
648.121,0
648.227,26
648.334,11
648.44,0
648.546,29
648.652,0
648.759,0
648.865,0
648.971,0
649.077,28
649.184,0
649.29,8
649.396,3
649.502,4
649.609,0
649.715,0
649.821,0
649.927,14
650.034,57
650.14,42
650.246,27
650.352,0
650.459,0
650.565,0
650.671,12
650.777,4
650.884,0
650.99,0
651.096,0
651.202,0
651.309,9
651.415,14
651.521,31
651.627,22
651.734,28
651.84,0
651.946,0
652.052,17
652.159,0
652.265,4
652.371,0
652.477,0
652.584,3
652.69,21
652.796,0
652.902,0
653.009,65
653.115,50
653.221,19
653.327,2
653.434,9
653.54,0
653.646,0
653.752,0
653.858,34
653.965,18
654.071,0
654.177,18
654.283,11
654.39,7
654.496,0
654.602,15
654.708,26
654.815,6
654.921,16
655.027,12
655.133,6
655.24,0
655.346,1
655.452,36
655.558,86
655.665,44
655.771,0
655.877,2
655.983,21
656.089,45
656.196,0
656.302,0
656.408,1
656.514,19
656.621,11
656.727,6
656.833,13
656.939,3
657.046,0
657.152,0
657.258,4
657.364,20
657.47,34
657.577,40
657.683,40
657.789,70
657.895,44
658.002,34
658.108,11
658.214,0
658.32,51
658.427,11
658.533,21
658.639,0
658.745,0
658.851,37
658.958,96
659.064,65
659.17,0
659.276,0
659.383,9
659.489,12
659.595,14
659.701,6
659.807,7
659.914,1
660.02,6
660.126,59
660.232,74
660.339,11
660.445,17
660.551,0
660.657,16
660.763,0
660.87,16
660.976,0
661.082,0
661.188,0
661.295,0
661.401,15
661.507,0
661.613,0
661.719,12
661.826,10
661.932,0
662.038,23
662.144,126
662.251,168
662.357,76
662.463,3
662.569,0
662.675,0
662.782,0
662.888,6
662.994,19
663.1,10
663.206,2
663.313,25
663.419,2
663.525,8
663.631,0
663.738,14
663.844,9
663.95,48
664.056,24
664.162,35
664.269,0
664.375,0
664.481,0
664.587,3
664.693,0
664.8,42
664.906,130
665.012,76
665.118,7
665.225,0
665.331,22
665.437,46
665.543,16
665.649,10
665.756,0
665.862,15
665.968,0
666.074,11
666.18,8
666.287,0
666.393,0
666.499,36
666.605,87
666.711,129
666.818,145
666.924,84
667.03,20
667.136,0
667.242,55
667.349,37
667.455,20
667.561,38
667.667,34
667.773,0
667.88,22
667.986,0
668.092,16
668.198,11
668.304,0
668.411,0
668.517,2
668.623,0
668.729,0
668.835,0
668.942,0
669.048,3
669.154,6
669.26,8
669.366,14
669.473,19
669.579,28
669.685,57
669.791,18
669.897,2
670.004,0
670.11,0
670.216,0
670.322,0
670.428,4
670.535,17
670.641,213
670.747,249
670.853,125
670.959,8
671.066,0
671.172,0
671.278,6
671.384,4
671.49,0
671.597,8
671.703,17
671.809,15
671.915,56
672.021,106
672.128,76
672.234,104
672.34,109
672.446,34
672.552,19
672.658,6
672.765,16
672.871,0
672.977,113
673.083,109
673.189,42
673.296,19
673.402,0
673.508,0
673.614,12
673.72,0
673.827,0
673.933,0
674.039,0
674.145,0
674.251,0
674.357,20
674.464,3
674.57,2
674.676,0
674.782,6
674.888,10
674.995,0
675.101,12
675.207,0
675.313,10
675.419,34
675.526,0
675.632,13
675.738,11
675.844,6
675.95,10
676.056,9
676.163,18
676.269,0
676.375,0
676.481,10
676.587,0
676.693,0
676.8,34
676.906,6
677.012,7
677.118,9
677.224,29
677.331,14
677.437,26
677.543,13
677.649,10
677.755,0
677.861,18
677.968,12
678.074,9
678.18,0
678.286,7
678.392,0
678.498,0
678.605,0
678.711,33
678.817,38
678.923,0
679.029,0
679.136,0
679.242,0
679.348,5
679.454,6
679.56,0
679.666,0
679.773,15
679.879,0
679.985,22
680.091,11
680.197,0
680.303,0
680.41,19
680.516,29
680.622,0
680.728,0
680.834,19
680.94,0
681.047,0
681.153,21
681.259,8
681.365,4
681.471,0
681.577,7
681.684,3
681.79,18
681.896,0
682.002,0
682.108,15
682.214,0
682.321,14
682.427,26
682.533,0
682.639,39
682.745,12
682.851,0
682.958,18
683.064,1
683.17,16
683.276,20
683.382,0
683.488,5
683.595,0
683.701,0
683.807,18
683.913,0
684.019,4
684.125,0
684.231,1
684.338,0
684.444,10
684.55,18
684.656,14
684.762,9
684.868,3
684.975,15
685.081,0
685.187,17
685.293,0
685.399,1
685.505,0
685.611,19
685.718,5
685.824,0
685.93,6
686.036,48
686.142,0
686.248,0
686.355,6
686.461,0
686.567,0
686.673,2
686.779,31
686.885,0
686.991,0
687.098,5
687.204,10
687.31,33
687.416,115
687.522,84
687.628,30
687.735,0
687.841,0
687.947,6
688.053,4
688.159,0
688.265,0
688.371,0
688.478,9
688.584,13
688.69,0
688.796,0
688.902,6
689.008,0
689.114,0
689.221,0
689.327,43
689.433,19
689.539,0
689.645,22
689.751,0
689.857,0
689.964,0
690.07,13
690.176,14
690.282,0
690.388,12
690.494,19
690.6,3
690.707,2
690.813,0
690.919,0
691.025,5
691.131,0
691.237,0
691.343,38
691.45,5
691.556,0
691.662,0
691.768,37
691.874,15
691.98,14
692.086,0
692.193,0
692.299,20
692.405,7
692.511,0
692.617,21
692.723,10
692.829,0
692.935,24
693.042,7
693.148,0
693.254,0
693.36,0
693.466,12
693.572,10
693.678,13
693.785,0
693.891,14
693.997,0
694.103,0
694.209,6
694.315,0
694.421,0
694.527,10
694.634,2
694.74,0
694.846,0
694.952,0
695.058,0
695.164,1
695.27,0
695.376,20
695.483,0
695.589,0
695.695,0
695.801,0
695.907,7
696.013,0
696.119,1
696.225,0
696.332,0
696.438,8
696.544,0
696.65,0
696.756,18
696.862,3
696.968,0
697.074,0
697.181,0
697.287,0
697.393,7
697.499,0
697.605,19
697.711,11
697.817,0
697.923,9
698.03,2
698.136,18
698.242,24
698.348,24
698.454,0
698.56,26
698.666,18
698.772,1
698.879,5
698.985,0
699.091,30
699.197,19
699.303,0
699.409,0
699.515,10
