39.5139,15
39.7161,2
39.918,39
40.1196,54
40.3209,0
40.5218,2
40.7224,7
40.9227,14
41.1227,1
41.3224,9
41.5217,0
41.7208,28
41.9195,8
42.1179,0
42.316,0
42.5138,18
42.7113,0
42.9084,0
43.1053,0
43.3019,0
43.4982,0
43.6941,0
43.8898,0
44.0852,8
44.2803,2
44.4751,0
44.6696,7
44.8638,17
45.0577,44
45.2514,11
45.4447,0
45.6378,21
45.8306,3
46.0231,1
46.2153,2
46.4072,3
46.5989,0
46.7903,0
46.9814,4
47.1722,12
47.3628,3
47.5531,24
47.7431,0
47.9329,37
48.1223,33
48.3116,20
48.5005,2
48.6892,0
48.8776,20
49.0658,37
49.2537,17
49.4414,10
49.6288,0
49.8159,14
50.0028,28
50.1894,0
50.3757,2
50.5619,12
50.7477,20
50.9333,0
51.1187,0
51.3038,21
51.4887,59
51.6733,0
51.8577,0
52.0418,0
52.2257,18
52.4094,0
52.5928,0
52.7759,0
52.9589,14
53.1416,0
53.324,0
53.5062,2
53.6882,9
53.87,6
54.0515,0
54.2328,11
54.4138,0
54.5947,0
54.7753,0
54.9556,0
55.1358,0
55.3157,6
55.4954,0
55.6748,27
55.8541,24
56.0331,0
56.2119,32
56.3905,0
56.5688,0
56.747,0
56.9249,0
57.1026,0
57.2801,0
57.4574,11
57.6344,24
57.8113,0
57.9879,9
58.1643,13
58.3406,7
58.5166,0
58.6923,13
58.8679,45
59.0433,5
59.2185,0
59.3934,10
59.5682,27
59.7427,0
59.9171,0
60.0912,20
60.2652,13
60.4389,0
60.6125,0
60.7858,10
60.9589,22
61.1319,0
61.3046,0
61.4772,8
61.6495,0
61.8217,14
61.9936,1
62.1654,19
62.337,7
62.5084,0
62.6795,0
62.8505,13
63.0213,3
63.192,7
63.3624,22
63.5326,0
63.7027,7
63.8725,27
64.0422,8
64.2117,0
64.381,10
64.5502,0
64.7191,0
64.8878,0
65.0564,9
65.2248,2
65.393,0
65.5611,0
65.7289,15
65.8966,0
66.0641,0
66.2314,29
66.3985,11
66.5655,0
66.7323,25
66.8989,0
67.0653,3
67.2316,0
67.3977,0
67.5636,0
67.7293,0
67.8949,0
68.0603,0
68.2255,0
68.3906,13
68.5554,11
68.7202,31
68.8847,0
69.0491,15
69.2133,0
69.3774,5
69.5412,0
69.705,6
69.8685,8
70.0319,0
70.1951,25
70.3582,0
70.5211,25
70.6838,0
70.8464,1
71.0088,17
71.171,31
71.3331,0
71.4951,0
71.6568,19
71.8185,17
71.9799,0
72.1412,15
72.3023,20
72.4633,5
72.6242,0
72.7848,0
72.9453,21
73.1057,5
73.2659,0
73.426,6
73.5859,5
73.7456,0
73.9052,17
74.0647,23
74.224,0
74.3831,0
74.5421,10
74.7009,16
74.8596,0
75.0182,0
75.1766,15
75.3348,25
75.4929,24
75.6509,0
75.8087,0
75.9664,1
76.1239,0
76.2813,0
76.4385,0
76.5956,4
76.7525,0
76.9093,0
77.066,0
77.2225,0
77.3788,4
77.5351,0
77.6911,16
77.8471,12
78.0029,14
78.1586,0
78.3141,14
78.4695,0
78.6247,11
78.7798,16
78.9348,12
79.0896,22
79.2443,0
79.3989,0
79.5533,6
79.7076,4
79.8618,0
80.0158,0
80.1697,27
80.3234,0
80.477,9
80.6305,6
80.7838,0
80.9371,6
81.0901,0
81.2431,0
81.3959,23
81.5486,1
81.7012,18
81.8536,11
82.0059,0
82.1581,13
82.3101,20
82.462,21
82.6138,12
82.7654,24
82.917,0
83.0684,0
83.2196,14
83.3708,0
83.5218,2
83.6727,35
83.8234,22
83.9741,17
84.1246,14
84.275,0
84.4253,5
84.5754,25
84.7254,26
84.8753,0
85.0251,0
85.1747,0
85.3243,13
85.4737,11
85.623,3
85.7721,15
85.9212,6
86.0701,0
86.2189,0
86.3676,0
86.5161,22
86.6646,3
86.8129,0
86.9611,0
87.1092,0
87.2572,0
87.405,3
87.5527,0
87.7004,2
87.8479,19
87.9952,0
88.1425,0
88.2897,3
88.4367,12
88.5836,0
88.7304,5
88.8771,27
89.0237,20
89.1701,9
89.3165,0
89.4627,0
89.6089,15
89.7549,6
89.9008,0
90.0465,39
90.1922,3
90.3378,0
90.4832,37
90.6286,33
90.7738,0
90.9189,0
91.0639,25
91.2088,7
91.3536,0
91.4983,0
91.6429,6
91.7873,2
91.9317,0
92.0759,21
92.2201,3
92.3641,0
92.508,29
92.6518,9
92.7955,2
92.9391,15
93.0826,0
93.226,32
93.3693,29
93.5125,1
93.6555,0
93.7985,0
93.9414,14
94.0841,13
94.2268,0
94.3693,0
94.5118,23
94.6541,6
94.7964,0
94.9385,0
95.0805,15
95.2225,11
95.3643,0
95.506,0
95.6476,0
95.7892,0
95.9306,13
96.0719,3
96.2131,4
96.3543,15
96.4953,18
96.6362,13
96.777,26
96.9177,0
97.0584,0
97.1989,27
97.3393,0
97.4796,5
97.6199,3
97.76,0
97.9,20
98.04,0
98.1798,0
98.3195,0
98.4592,2
98.5987,13
98.7382,0
98.8775,3
99.0168,23
99.1559,2
99.295,0
99.434,0
99.5729,4
99.7116,7
99.8503,10
99.9889,0
100.127,6
100.266,7
100.404,0
100.542,0
100.68,0
100.818,0
100.956,14
101.094,29
101.232,0
101.37,1
101.507,15
101.645,10
101.782,8
101.919,22
102.057,0
102.194,0
102.331,0
102.468,0
102.605,0
102.741,19
102.878,0
103.014,24
103.151,0
103.287,0
103.424,7
103.56,0
103.696,9
103.832,0
103.968,5
104.104,26
104.24,0
104.375,0
104.511,32
104.646,39
104.782,0
104.917,18
105.052,0
105.188,30
105.323,0
105.458,0
105.592,21
105.727,11
105.862,0
105.997,0
106.131,2
106.266,12
106.4,0
106.534,0
106.669,10
106.803,8
106.937,13
107.071,14
107.205,2
107.338,13
107.472,4
107.606,0
107.739,0
107.873,0
108.006,10
108.139,0
108.273,0
108.406,0
108.539,10
108.672,12
108.805,0
108.938,0
109.07,2
109.203,20
109.336,28
109.468,23
109.6,0
109.733,9
109.865,0
109.997,0
110.129,12
110.261,0
110.393,10
110.525,0
110.657,4
110.788,0
110.92,0
111.052,17
111.183,38
111.314,32
111.446,2
111.577,3
111.708,0
111.839,17
111.97,1
112.101,18
112.232,0
112.363,24
112.493,7
112.624,0
112.754,13
112.885,0
113.015,2
113.145,12
113.276,17
113.406,12
113.536,27
113.666,27
113.796,0
113.926,2
114.055,0
114.185,0
114.315,0
114.444,0
114.574,16
114.703,16
114.832,12
114.962,6
115.091,12
115.22,9
115.349,17
115.478,2
115.607,6
115.735,29
115.864,2
115.993,22
116.121,0
116.25,23
116.378,6
116.507,0
116.635,0
116.763,15
116.891,0
117.019,17
117.147,0
117.275,21
117.403,0
117.531,13
117.659,44
117.786,28
117.914,18
118.041,0
118.169,0
118.296,0
118.423,2
118.551,0
118.678,7
118.805,8
118.932,23
119.059,4
119.186,4
119.312,1
119.439,12
119.566,6
119.692,0
119.819,0
119.945,0
120.072,0
120.198,8
120.324,0
120.451,0
120.577,8
120.703,0
120.829,0
120.955,0
121.08,17
121.206,0
121.332,6
121.458,31
121.583,8
121.709,0
121.834,19
121.959,21
122.085,0
122.21,18
122.335,14
122.46,3
122.585,14
122.71,0
122.835,10
122.96,0
123.085,10
123.209,6
123.334,8
123.459,26
123.583,4
123.708,0
123.832,0
123.956,0
124.081,28
124.205,0
124.329,0
124.453,0
124.577,0
124.701,14
124.825,18
124.949,0
125.072,19
125.196,14
125.32,0
125.443,28
125.567,15
125.69,0
125.814,0
125.937,0
126.06,3
126.183,6
126.306,24
126.429,17
126.552,13
126.675,0
126.798,6
126.921,12
127.044,21
127.166,0
127.289,24
127.412,14
127.534,0
127.657,0
127.779,0
127.901,2
128.023,23
128.146,0
128.268,0
128.39,8
128.512,16
128.634,0
128.756,1
128.878,23
128.999,0
129.121,18
129.243,23
129.364,0
129.486,0
129.607,14
129.729,2
129.85,0
129.971,0
130.092,19
130.214,34
130.335,20
130.456,0
130.577,0
130.698,2
130.819,0
130.939,4
131.06,0
131.181,0
131.302,0
131.422,12
131.543,9
131.663,34
131.784,0
131.904,12
132.024,6
132.144,0
132.265,17
132.385,0
132.505,0
132.625,0
132.745,0
132.865,1
132.985,0
133.104,15
133.224,21
133.344,5
133.463,0
133.583,0
133.702,0
133.822,0
133.941,8
134.061,0
134.18,0
134.299,7
134.418,17
134.537,0
134.656,0
134.775,8
134.894,25
135.013,0
135.132,6
135.251,18
135.369,4
135.488,36
135.607,0
135.725,0
135.844,0
135.962,24
136.081,24
136.199,0
136.317,0
136.436,2
136.554,0
136.672,17
136.79,0
136.908,6
137.026,3
137.144,21
137.262,0
137.379,0
137.497,3
137.615,19
137.733,0
137.85,0
137.968,0
138.085,4
138.203,1
138.32,2
138.437,21
138.555,0
138.672,12
138.789,14
138.906,21
139.023,0
139.14,29
139.257,16
139.374,0
139.491,4
139.608,3
139.724,36
139.841,24
139.958,0
140.074,6
140.191,0
140.307,0
140.424,10
140.54,16
140.657,0
140.773,0
140.889,27
141.005,0
141.121,0
141.237,26
141.353,17
141.469,0
141.585,0
141.701,0
141.817,0
141.933,29
142.049,24
142.164,0
142.28,0
142.396,2
142.511,0
142.627,0
142.742,0
142.857,6
142.973,8
143.088,0
143.203,5
143.318,13
143.434,13
143.549,6
143.664,5
143.779,9
143.894,0
144.008,0
144.123,0
144.238,0
144.353,16
144.468,40
144.582,11
144.697,0
144.811,0
144.926,3
145.04,11
145.155,6
145.269,15
145.383,0
145.498,24
145.612,9
145.726,0
145.84,10
145.954,6
146.068,19
146.182,0
146.296,17
146.41,8
146.524,0
146.638,0
146.751,30
146.865,4
146.979,0
147.092,0
147.206,0
147.319,0
147.433,3
147.546,0
147.66,0
147.773,2
147.886,3
148,0
148.113,13
148.226,28
148.339,0
148.452,5
148.565,16
148.678,12
148.791,0
148.904,5
149.016,0
149.129,0
149.242,26
149.355,14
149.467,0
149.58,0
149.692,21
149.805,6
149.917,0
150.03,0
150.142,14
150.254,20
150.367,18
150.479,0
150.591,11
150.703,0
150.815,15
150.927,0
151.039,0
151.151,0
151.263,0
151.375,0
151.487,0
151.599,4
151.711,2
151.822,20
151.934,1
152.045,0
152.157,31
152.269,32
152.38,0
152.491,4
152.603,0
152.714,13
152.825,13
152.937,23
153.048,14
153.159,0
153.27,54
153.381,19
153.492,1
153.603,0
153.714,0
153.825,0
153.936,0
154.047,0
154.158,24
154.268,0
154.379,20
154.49,0
154.6,7
154.711,0
154.822,14
154.932,7
155.042,1
155.153,0
155.263,16
155.374,16
155.484,0
155.594,5
155.704,0
155.814,1
155.924,18
156.035,0
156.145,2
156.255,12
156.364,5
156.474,10
156.584,0
156.694,0
156.804,5
156.914,26
157.023,32
157.133,0
157.243,12
157.352,9
157.462,0
157.571,8
157.681,13
157.79,0
157.899,5
158.009,40
158.118,17
158.227,43
158.336,32
158.446,9
158.555,22
158.664,0
158.773,32
158.882,0
158.991,20
159.1,0
159.209,0
159.317,20
159.426,14
159.535,0
159.644,2
159.752,0
159.861,0
159.97,15
160.078,0
160.187,0
160.295,1
160.404,40
160.512,0
160.62,0
160.729,0
160.837,2
160.945,8
161.053,32
161.162,173
161.27,134
161.378,26
161.486,0
161.594,0
161.702,0
161.81,25
161.918,0
162.026,0
162.133,4
162.241,40
162.349,36
162.457,0
162.564,19
162.672,6
162.779,0
162.887,0
162.994,19
163.102,10
163.209,15
163.317,29
163.424,23
163.531,13
163.639,10
163.746,0
163.853,12
163.96,0
164.067,0
164.175,25
164.282,12
164.389,0
164.496,0
164.603,0
164.709,25
164.816,3
164.923,0
165.03,9
165.137,12
165.243,11
165.35,9
165.457,10
165.563,8
165.67,5
165.776,4
165.883,0
165.989,11
166.096,14
166.202,8
166.309,13
166.415,21
166.521,46
166.627,0
166.734,0
166.84,18
166.946,4
167.052,2
167.158,0
167.264,8
167.37,0
167.476,0
167.582,0
167.688,8
167.794,0
167.899,10
168.005,14
168.111,0
168.217,13
168.322,2
168.428,0
168.533,14
168.639,0
168.745,0
168.85,13
168.955,10
169.061,0
169.166,18
169.272,0
169.377,20
169.482,18
169.587,0
169.693,13
169.798,17
169.903,18
170.008,0
170.113,10
170.218,0
170.323,0
170.428,6
170.533,21
170.638,0
170.743,2
170.847,11
170.952,0
171.057,0
171.162,0
171.266,14
171.371,15
171.476,10
171.58,8
171.685,12
171.789,16
171.894,0
171.998,0
172.102,0
172.207,12
172.311,4
172.415,0
172.52,2
172.624,13
172.728,0
172.832,15
172.936,7
173.04,0
173.145,5
173.249,17
173.353,11
173.457,0
173.56,0
173.664,0
173.768,0
173.872,8
173.976,0
174.08,18
174.183,0
174.287,0
174.391,0
174.494,0
174.598,0
174.701,33
174.805,30
174.908,0
175.012,0
175.115,18
175.219,0
175.322,0
175.425,0
175.529,0
175.632,0
175.735,3
175.838,16
175.941,10
176.045,0
176.148,0
176.251,0
176.354,0
176.457,0
176.56,9
176.663,0
176.766,19
176.868,6
176.971,0
177.074,10
177.177,0
177.28,20
177.382,58
177.485,173
177.588,87
177.69,34
177.793,22
177.895,0
177.998,6
178.1,11
178.203,11
178.305,0
178.408,0
178.51,6
178.612,0
178.714,0
178.817,138
178.919,145
179.021,66
179.123,0
179.225,7
179.328,12
179.43,0
179.532,13
179.634,33
179.736,1
179.838,0
179.939,1
180.041,19
180.143,18
180.245,0
180.347,11
180.449,0
180.55,0
180.652,0
180.754,14
180.855,3
180.957,14
181.058,21
181.16,4
181.262,10
181.363,20
181.464,0
181.566,0
181.667,0
181.769,0
181.87,26
181.971,0
182.072,22
182.174,12
182.275,0
182.376,7
182.477,6
182.578,0
182.679,0
182.78,2
182.881,0
182.982,20
183.083,0
183.184,0
183.285,2
183.386,7
183.487,13
183.588,23
183.689,9
183.789,26
183.89,0
183.991,3
184.091,0
184.192,0
184.293,0
184.393,0
184.494,0
184.594,0
184.695,0
184.795,0
184.896,48
184.996,40
185.096,0
185.197,5
185.297,9
185.397,0
185.498,25
185.598,0
185.698,0
185.798,12
185.898,21
185.998,0
186.098,15
186.198,2
186.298,5
186.398,18
186.498,4
186.598,1
186.698,0
186.798,0
186.898,13
186.998,2
187.098,0
187.197,7
187.297,0
187.397,0
187.496,4
187.596,17
187.696,0
187.795,1
187.895,10
187.994,0
188.094,27
188.193,0
188.293,0
188.392,0
188.491,6
188.591,0
188.69,0
188.789,0
188.889,6
188.988,0
189.087,0
189.186,2
189.285,1
189.385,0
189.484,14
189.583,22
189.682,0
189.781,0
189.88,5
189.979,10
190.078,0
190.177,0
190.276,11
190.374,10
190.473,0
190.572,0
190.671,1
190.769,1
190.868,0
190.967,0
191.066,8
191.164,2
191.263,0
191.361,35
191.46,15
191.558,8
191.657,0
191.755,0
191.854,27
191.952,11
192.051,0
192.149,0
192.247,0
192.346,21
192.444,8
192.542,22
192.64,0
192.738,2
192.837,0
192.935,0
193.033,31
193.131,0
193.229,2
193.327,13
193.425,13
193.523,8
193.621,0
193.719,0
193.817,0
193.915,0
194.012,19
194.11,0
194.208,3
194.306,11
194.404,9
194.501,9
194.599,0
194.697,0
194.794,24
194.892,29
194.989,0
195.087,0
195.185,0
195.282,0
195.379,2
195.477,0
195.574,0
195.672,4
195.769,0
195.866,12
195.964,11
196.061,2
196.158,0
196.256,15
196.353,0
196.45,0
196.547,6
196.644,8
196.741,3
196.838,0
196.935,0
197.032,0
197.129,0
197.226,18
197.323,0
197.42,17
197.517,0
197.614,12
197.711,0
197.808,0
197.905,35
198.001,0
198.098,0
198.195,13
198.292,0
198.388,1
198.485,8
198.581,6
198.678,0
198.775,0
198.871,0
198.968,10
199.064,14
199.161,11
199.257,0
199.353,10
199.45,0
199.546,26
199.643,0
199.739,4
199.835,0
199.931,3
200.028,21
200.124,4
200.22,3
200.316,16
200.412,36
200.509,15
200.605,13
200.701,0
200.797,0
200.893,13
200.989,0
201.085,0
201.181,18
201.277,3
201.372,16
201.468,0
201.564,0
201.66,0
201.756,11
201.852,24
201.947,88
202.043,110
202.139,82
202.234,0
202.33,14
202.426,0
202.521,0
202.617,0
202.712,14
202.808,16
202.903,1
202.999,0
203.094,0
203.19,6
203.285,11
203.381,25
203.476,0
203.571,0
203.667,20
203.762,0
203.857,9
203.952,17
204.048,0
204.143,0
204.238,8
204.333,0
204.428,32
204.523,42
204.618,28
204.713,0
204.808,10
204.903,12
204.998,3
205.093,0
205.188,0
205.283,29
205.378,0
205.473,28
205.568,0
205.663,29
205.757,7
205.852,10
205.947,14
206.042,0
206.136,20
206.231,0
206.326,22
206.42,12
206.515,0
206.609,0
206.704,24
206.798,0
206.893,0
206.987,6
207.082,20
207.176,0
207.271,3
207.365,0
207.459,0
207.554,24
207.648,9
207.742,15
207.837,3
207.931,3
208.025,32
208.119,0
208.214,20
208.308,8
208.402,0
208.496,5
208.59,36
208.684,18
208.778,9
208.872,0
208.966,0
209.06,0
209.154,6
209.248,0
209.342,8
209.436,17
209.53,0
209.624,0
209.717,0
209.811,11
209.905,7
209.999,0
210.092,5
210.186,18
210.28,19
210.374,29
210.467,22
210.561,0
210.654,15
210.748,3
210.842,22
210.935,0
211.029,0
211.122,9
211.215,14
211.309,9
211.402,7
211.496,0
211.589,0
211.682,1
211.776,12
211.869,3
211.962,24
212.056,7
212.149,0
212.242,0
212.335,15
212.428,12
212.522,12
212.615,8
212.708,6
212.801,0
212.894,7
212.987,14
213.08,0
213.173,13
213.266,7
213.359,10
213.452,0
213.545,1
213.638,0
213.731,0
213.823,49
213.916,20
214.009,0
214.102,0
214.195,0
214.287,8
214.38,17
214.473,0
214.565,0
214.658,0
214.751,5
214.843,0
214.936,3
215.028,0
215.121,23
215.214,33
215.306,0
215.399,0
215.491,0
215.583,0
215.676,0
215.768,19
215.861,0
215.953,0
216.045,0
216.138,2
216.23,14
216.322,0
216.414,17
216.507,9
216.599,14
216.691,4
216.783,6
216.875,14
216.968,0
217.06,11
217.152,32
217.244,13
217.336,0
217.428,0
217.52,0
217.612,13
217.704,20
217.796,0
217.888,0
217.98,8
218.071,0
218.163,0
218.255,3
218.347,1
218.439,7
218.53,0
218.622,0
218.714,6
218.806,0
218.897,10
218.989,7
219.081,2
219.172,0
219.264,38
219.355,1
219.447,0
219.539,0
219.63,17
219.722,26
219.813,0
219.905,10
219.996,12
220.087,25
220.179,2
220.27,0
220.362,0
220.453,6
220.544,0
220.636,0
220.727,0
220.818,0
220.909,19
221.001,0
221.092,0
221.183,13
221.274,9
221.365,0
221.456,0
221.547,0
221.638,0
221.73,4
221.821,0
221.912,0
222.003,28
222.094,11
222.185,0
222.276,13
222.366,0
222.457,0
222.548,7
222.639,19
222.73,0
222.821,2
222.912,0
223.002,23
223.093,13
223.184,4
223.275,0
223.365,0
223.456,16
223.547,5
223.637,0
223.728,0
223.818,23
223.909,0
224,11
224.09,3
224.181,0
224.271,19
224.362,5
224.452,14
224.543,9
224.633,25
224.723,0
224.814,3
224.904,0
224.995,0
225.085,6
225.175,0
225.266,88
225.356,127
225.446,83
225.536,1
225.627,0
225.717,0
225.807,2
225.897,0
225.987,29
226.077,6
226.167,0
226.258,0
226.348,22
226.438,13
226.528,0
226.618,0
226.708,0
226.798,0
226.888,0
226.978,21
227.067,7
227.157,7
227.247,0
227.337,0
227.427,36
227.517,8
227.607,11
227.696,9
227.786,0
227.876,0
227.966,0
228.055,19
228.145,23
228.235,0
228.324,0
228.414,16
228.504,23
228.593,8
228.683,11
228.772,0
228.862,24
228.951,18
229.041,0
229.13,0
229.22,1
229.309,13
229.399,6
229.488,0
229.577,0
229.667,21
229.756,9
229.845,0
229.935,27
230.024,0
230.113,0
230.203,0
230.292,0
230.381,0
230.47,13
230.559,0
230.649,0
230.738,0
230.827,0
230.916,15
231.005,8
231.094,12
231.183,10
231.272,0
231.361,20
231.45,0
231.539,0
231.628,0
231.717,12
231.806,0
231.895,0
231.984,21
232.073,24
232.162,21
232.251,0
232.339,0
232.428,0
232.517,17
232.606,2
232.695,7
232.783,0
232.872,10
232.961,0
233.049,0
233.138,17
233.227,13
233.315,24
233.404,0
233.493,0
233.581,58
233.67,271
233.758,206
233.847,88
233.935,12
234.024,0
234.112,0
234.201,5
234.289,0
234.378,0
234.466,0
234.554,0
234.643,9
234.731,0
234.819,0
234.908,6
234.996,15
235.084,16
235.172,7
235.261,1
235.349,13
235.437,29
235.525,5
235.613,0
235.702,13
235.79,19
235.878,0
235.966,0
236.054,20
236.142,0
236.23,0
236.318,38
236.406,26
236.494,0
236.582,0
236.67,18
236.758,7
236.846,28
236.934,18
237.022,6
237.11,0
237.198,0
237.285,0
237.373,0
237.461,8
237.549,0
237.637,26
237.724,33
237.812,0
237.9,11
237.988,0
238.075,0
238.163,22
238.251,0
238.338,0
238.426,8
238.513,0
238.601,0
238.689,2
238.776,0
238.864,0
238.951,0
239.039,0
239.126,36
239.214,8
239.301,0
239.389,0
239.476,14
239.563,13
239.651,11
239.738,0
239.826,2
239.913,0
240,0
240.087,14
240.175,0
240.262,0
240.349,0
240.437,6
240.524,11
240.611,0
240.698,0
240.785,26
240.872,32
240.96,0
241.047,6
241.134,0
241.221,4
241.308,0
241.395,0
241.482,15
241.569,0
241.656,10
241.743,11
241.83,40
241.917,0
242.004,5
242.091,0
242.178,0
242.265,0
242.352,10
242.438,13
242.525,0
242.612,0
242.699,0
242.786,0
242.872,0
242.959,8
243.046,28
243.133,2
243.219,1
243.306,0
243.393,0
243.479,2
243.566,0
243.653,0
243.739,14
243.826,0
243.912,1
243.999,0
244.086,0
244.172,8
244.259,5
244.345,0
244.432,12
244.518,16
244.605,4
244.691,14
244.777,14
244.864,0
244.95,37
245.037,5
245.123,1
245.209,0
245.296,0
245.382,11
245.468,0
245.554,14
245.641,15
245.727,0
245.813,15
245.899,2
245.986,33
246.072,20
246.158,0
246.244,0
246.33,6
246.416,0
246.502,43
246.589,0
246.675,21
246.761,10
246.847,1
246.933,0
247.019,6
247.105,0
247.191,5
247.277,3
247.363,0
247.449,13
247.534,8
247.62,0
247.706,0
247.792,8
247.878,17
247.964,0
248.05,16
248.135,0
248.221,2
248.307,0
248.393,0
248.479,0
248.564,11
248.65,8
248.736,13
248.821,0
248.907,4
248.993,0
249.078,0
249.164,0
249.25,12
249.335,0
249.421,17
249.506,33
249.592,22
249.677,0
249.763,0
249.848,13
249.934,21
250.019,16
250.105,27
250.19,24
250.276,0
250.361,5
250.446,17
250.532,8
250.617,31
250.703,20
250.788,1
250.873,9
250.959,3
251.044,0
251.129,1
251.214,0
251.3,40
251.385,19
251.47,33
251.555,0
251.64,0
251.726,0
251.811,16
251.896,0
251.981,0
252.066,0
252.151,0
252.236,10
252.321,13
252.406,11
252.491,0
252.576,2
252.661,14
252.746,0
252.831,5
252.916,7
253.001,0
253.086,7
253.171,0
253.256,10
253.341,20
253.426,6
253.511,12
253.596,7
253.68,0
253.765,4
253.85,16
253.935,0
254.02,18
254.104,0
254.189,0
254.274,6
254.358,0
254.443,0
254.528,0
254.613,41
254.697,3
254.782,0
254.866,19
254.951,27
255.036,22
255.12,11
255.205,2
255.289,0
255.374,0
255.458,26
255.543,0
255.627,0
255.712,0
255.796,0
255.881,15
255.965,0
256.05,10
256.134,8
256.218,7
256.303,0
256.387,6
256.472,35
256.556,26
256.64,0
256.724,2
256.809,4
256.893,6
256.977,11
257.062,3
257.146,19
257.23,0
257.314,7
257.398,25
257.483,4
257.567,0
257.651,17
257.735,0
257.819,0
257.903,45
257.987,17
258.071,0
258.156,0
258.24,2
258.324,0
258.408,0
258.492,3
258.576,22
258.66,0
258.744,24
258.828,56
258.911,34
258.995,5
259.079,3
259.163,0
259.247,0
259.331,14
259.415,1
259.499,0
259.582,0
259.666,27
259.75,5
259.834,0
259.918,0
260.001,40
260.085,36
260.169,45
260.253,12
260.336,0
260.42,0
260.504,0
260.587,17
260.671,0
260.755,0
260.838,21
260.922,0
261.005,0
261.089,0
261.173,17
261.256,12
261.34,0
261.423,0
261.507,0
261.59,0
261.674,6
261.757,0
261.841,14
261.924,10
262.007,0
262.091,10
262.174,0
262.258,17
262.341,0
262.424,0
262.508,27
262.591,6
262.674,0
262.758,0
262.841,10
262.924,27
263.008,0
263.091,0
263.174,0
263.257,1
263.34,12
263.424,1
263.507,0
263.59,20
263.673,0
263.756,0
263.839,1
263.923,0
264.006,12
264.089,10
264.172,0
264.255,10
264.338,0
264.421,0
264.504,0
264.587,0
264.67,0
264.753,7
264.836,5
264.919,0
265.002,14
265.085,11
265.168,5
265.251,19
265.333,29
265.416,13
265.499,0
265.582,0
265.665,0
265.748,0
265.831,0
265.913,0
265.996,4
266.079,0
266.162,0
266.244,9
266.327,1
266.41,12
266.493,10
266.575,4
266.658,29
266.741,8
266.823,0
266.906,0
266.989,0
267.071,11
267.154,0
267.236,5
267.319,0
267.402,7
267.484,45
267.567,50
267.649,0
267.732,0
267.814,12
267.897,25
267.979,1
268.062,1
268.144,0
268.226,0
268.309,0
268.391,4
268.474,11
268.556,24
268.638,13
268.721,0
268.803,28
268.885,23
268.968,18
269.05,0
269.132,13
269.215,21
269.297,0
269.379,10
269.461,7
269.544,0
269.626,0
269.708,0
269.79,0
269.872,11
269.955,18
270.037,11
270.119,26
270.201,18
270.283,0
270.365,0
270.447,4
270.529,0
270.611,0
270.694,8
270.776,7
270.858,0
270.94,0
271.022,7
271.104,0
271.186,11
271.268,21
271.349,13
271.431,0
271.513,14
271.595,25
271.677,0
271.759,13
271.841,8
271.923,0
272.005,8
272.086,0
272.168,0
272.25,0
272.332,19
272.414,17
272.495,20
272.577,15
272.659,0
272.741,0
272.822,8
272.904,24
272.986,15
273.068,2
273.149,11
273.231,0
273.313,0
273.394,0
273.476,13
273.557,9
273.639,0
273.721,9
273.802,9
273.884,13
273.965,0
274.047,20
274.128,0
274.21,19
274.291,0
274.373,0
274.454,55
274.536,43
274.617,0
274.699,2
274.78,4
274.862,0
274.943,17
275.024,18
275.106,14
275.187,9
275.269,5
275.35,0
275.431,30
275.513,22
275.594,0
275.675,0
275.756,0
275.838,3
275.919,4
276,15
276.082,0
276.163,33
276.244,12
276.325,6
276.406,22
276.488,6
276.569,0
276.65,0
276.731,17
276.812,1
276.893,0
276.974,0
277.055,0
277.137,14
277.218,22
277.299,0
277.38,7
277.461,0
277.542,32
277.623,21
277.704,20
277.785,0
277.866,21
277.947,32
278.028,0
278.109,0
278.19,12
278.27,0
278.351,10
278.432,0
278.513,0
278.594,2
278.675,1
278.756,2
278.837,24
278.917,11
278.998,16
279.079,36
279.16,4
279.241,16
279.321,0
279.402,18
279.483,0
279.564,0
279.644,0
279.725,9
279.806,0
279.886,19
279.967,27
280.048,6
280.128,0
280.209,0
280.29,41
280.37,19
280.451,2
280.531,0
280.612,0
280.693,0
280.773,0
280.854,0
280.934,0
281.015,12
281.095,0
281.176,0
281.256,9
281.337,8
281.417,0
281.498,0
281.578,0
281.659,0
281.739,0
281.819,6
281.9,0
281.98,0
282.061,0
282.141,0
282.221,11
282.302,0
282.382,0
282.462,0
282.543,48
282.623,20
282.703,0
282.783,8
282.864,12
282.944,0
283.024,8
283.104,10
283.185,0
283.265,21
283.345,0
283.425,20
283.505,4
283.585,20
283.666,2
283.746,0
283.826,21
283.906,8
283.986,0
284.066,0
284.146,0
284.226,25
284.306,35
284.386,6
284.466,0
284.546,0
284.626,0
284.706,7
284.786,4
284.866,4
284.946,23
285.026,37
285.106,0
285.186,10
285.266,14
285.346,0
285.426,15
285.506,0
285.586,0
285.666,5
285.745,8
285.825,8
285.905,0
285.985,0
286.065,13
286.145,29
286.224,25
286.304,0
286.384,50
286.464,10
286.543,6
286.623,8
286.703,3
286.783,0
286.862,0
286.942,8
287.022,0
287.101,2
287.181,30
287.261,0
287.34,22
287.42,33
287.5,22
287.579,0
287.659,6
287.738,4
287.818,0
287.897,4
287.977,0
288.057,0
288.136,0
288.216,16
288.295,17
288.375,0
288.454,28
288.534,0
288.613,0
288.692,7
288.772,42
288.851,0
288.931,0
289.01,3
289.09,0
289.169,0
289.248,0
289.328,15
289.407,21
289.486,28
289.566,19
289.645,0
289.724,0
289.804,0
289.883,23
289.962,27
290.042,0
290.121,0
290.2,0
290.279,5
290.359,0
290.438,0
290.517,59
290.596,23
290.675,0
290.755,0
290.834,15
290.913,0
290.992,10
291.071,44
291.15,36
291.229,0
291.308,4
291.388,26
291.467,0
291.546,0
291.625,9
291.704,0
291.783,0
291.862,15
291.941,0
292.02,0
292.099,4
292.178,22
292.257,0
292.336,0
292.415,0
292.494,11
292.573,8
292.652,0
292.73,15
292.809,0
292.888,2
292.967,0
293.046,34
293.125,12
293.204,0
293.283,0
293.361,26
293.44,0
293.519,0
293.598,19
293.677,0
293.755,6
293.834,0
293.913,0
293.992,26
294.07,0
294.149,26
294.228,0
294.307,1
294.385,19
294.464,2
294.543,0
294.621,4
294.7,14
294.779,14
294.857,16
294.936,2
295.014,6
295.093,0
295.172,0
295.25,13
295.329,0
295.407,21
295.486,6
295.564,0
295.643,0
295.722,0
295.8,19
295.879,11
295.957,0
296.036,8
296.114,15
296.192,9
296.271,0
296.349,0
296.428,0
296.506,0
296.585,15
296.663,21
296.741,0
296.82,0
296.898,14
296.977,0
297.055,0
297.133,23
297.212,0
297.29,0
297.368,3
297.446,14
297.525,0
297.603,7
297.681,41
297.76,0
297.838,0
297.916,0
297.994,19
298.073,9
298.151,0
298.229,6
298.307,0
298.385,20
298.463,18
298.542,2
298.62,10
298.698,1
298.776,0
298.854,8
298.932,6
299.01,2
299.088,12
299.167,7
299.245,0
299.323,0
299.401,14
299.479,13
299.557,0
299.635,0
299.713,7
299.791,24
299.869,0
299.947,11
300.025,8
300.103,15
300.181,18
300.259,11
300.337,2
300.415,19
300.492,14
300.57,14
300.648,18
300.726,43
300.804,147
300.882,114
300.96,45
301.038,0
301.115,0
301.193,0
301.271,8
301.349,19
301.427,1
301.504,1
301.582,10
301.66,2
301.738,0
301.816,16
301.893,0
301.971,0
302.049,2
302.126,8
302.204,0
302.282,0
302.36,10
302.437,0
302.515,0
302.593,0
302.67,13
302.748,0
302.825,17
302.903,6
302.981,6
303.058,19
303.136,27
303.213,36
303.291,30
303.369,74
303.446,41
303.524,0
303.601,24
303.679,26
303.756,0
303.834,0
303.911,14
303.989,0
304.066,15
304.144,17
304.221,0
304.299,14
304.376,11
304.453,0
304.531,30
304.608,0
304.686,0
304.763,15
304.84,0
304.918,0
304.995,0
305.072,20
305.15,9
305.227,0
305.304,0
305.382,0
305.459,15
305.536,14
305.614,0
305.691,0
305.768,10
305.845,8
305.923,0
306,0
306.077,0
306.154,19
306.232,27
306.309,0
306.386,0
306.463,30
306.54,26
306.618,4
306.695,29
306.772,0
306.849,0
306.926,27
307.003,0
307.08,0
307.157,0
307.234,35
307.312,9
307.389,6
307.466,17
307.543,0
307.62,0
307.697,21
307.774,0
307.851,9
307.928,41
308.005,28
308.082,0
308.159,25
308.236,0
308.313,0
308.39,0
308.467,14
308.544,23
308.621,0
308.697,0
308.774,19
308.851,0
308.928,10
309.005,0
309.082,6
309.159,35
309.236,16
309.312,13
309.389,0
309.466,4
309.543,17
309.62,0
309.697,14
309.773,20
309.85,0
309.927,11
310.004,0
310.08,0
310.157,41
310.234,28
310.311,2
310.387,0
310.464,26
310.541,10
310.617,0
310.694,9
310.771,39
310.847,12
310.924,1
311.001,0
311.077,0
311.154,11
311.231,0
311.307,0
311.384,4
311.46,26
311.537,0
311.614,0
311.69,1
311.767,14
311.843,1
311.92,30
311.996,0
312.073,21
312.149,0
312.226,9
312.302,18
312.379,16
312.455,10
312.532,22
312.608,0
312.685,1
312.761,18
312.838,0
312.914,0
312.99,0
313.067,14
313.143,0
313.22,0
313.296,2
313.372,19
313.449,0
313.525,14
313.601,0
313.678,0
313.754,0
313.83,17
313.907,17
313.983,0
314.059,0
314.136,0
314.212,0
314.288,20
314.364,13
314.441,5
314.517,11
314.593,14
314.669,0
314.746,21
314.822,6
314.898,0
314.974,0
315.05,0
315.127,10
315.203,0
315.279,17
315.355,0
315.431,21
315.507,29
315.583,14
315.66,7
315.736,0
315.812,12
315.888,0
315.964,37
316.04,0
316.116,0
316.192,8
316.268,4
316.344,20
316.42,0
316.496,19
316.572,0
316.648,6
316.724,29
316.8,3
316.876,5
316.952,8
317.028,6
317.104,0
317.18,0
317.256,14
317.332,0
317.408,0
317.484,7
317.56,4
317.635,0
317.711,0
317.787,0
317.863,16
317.939,13
318.015,3
318.091,7
318.166,4
318.242,36
318.318,39
318.394,2
318.47,0
318.546,14
318.621,20
318.697,0
318.773,44
318.849,30
318.924,0
319,0
319.076,0
319.152,4
319.227,29
319.303,4
319.379,0
319.454,0
319.53,22
319.606,28
319.681,0
319.757,0
319.833,23
319.908,11
319.984,2
320.06,5
320.135,12
320.211,0
320.286,0
320.362,6
320.438,4
320.513,18
320.589,0
320.664,5
320.74,18
320.815,23
320.891,0
320.966,0
321.042,0
321.117,0
321.193,0
321.268,0
321.344,0
321.419,26
321.495,35
321.57,0
321.646,19
321.721,5
321.797,15
321.872,0
321.947,0
322.023,9
322.098,0
322.174,0
322.249,0
322.324,4
322.4,0
322.475,0
322.55,12
322.626,13
322.701,0
322.776,8
322.852,24
322.927,4
323.002,0
323.078,11
323.153,0
323.228,11
323.304,2
323.379,0
323.454,12
323.529,0
323.605,12
323.68,0
323.755,13
323.83,9
323.905,3
323.981,19
324.056,5
324.131,0
324.206,9
324.281,0
324.356,18
324.432,0
324.507,10
324.582,11
324.657,0
324.732,21
324.807,14
324.882,27
324.957,0
325.033,0
325.108,0
325.183,1
325.258,0
325.333,0
325.408,0
325.483,14
325.558,0
325.633,0
325.708,0
325.783,0
325.858,0
325.933,0
326.008,14
326.083,8
326.158,0
326.233,0
326.308,8
326.383,25
326.458,56
326.533,52
326.608,0
326.682,0
326.757,4
326.832,1
326.907,0
326.982,0
327.057,0
327.132,2
327.207,30
327.281,0
327.356,0
327.431,0
327.506,0
327.581,0
327.656,0
327.73,4
327.805,10
327.88,8
327.955,7
328.03,45
328.104,15
328.179,24
328.254,13
328.329,28
328.403,3
328.478,16
328.553,18
328.627,10
328.702,16
328.777,0
328.852,0
328.926,37
329.001,25
329.076,0
329.15,14
329.225,0
329.3,0
329.374,0
329.449,8
329.523,0
329.598,0
329.673,0
329.747,30
329.822,0
329.896,0
329.971,1
330.045,0
330.12,0
330.195,18
330.269,0
330.344,22
330.418,20
330.493,58
330.567,26
330.642,0
330.716,8
330.791,19
330.865,0
330.94,0
331.014,28
331.089,6
331.163,0
331.237,0
331.312,0
331.386,0
331.461,35
331.535,8
331.61,5
331.684,14
331.758,0
331.833,0
331.907,0
331.981,24
332.056,0
332.13,0
332.205,40
332.279,0
332.353,0
332.428,13
332.502,0
332.576,8
332.65,0
332.725,0
332.799,17
332.873,0
332.948,24
333.022,0
333.096,5
333.17,0
333.245,41
333.319,34
333.393,0
333.467,0
333.541,14
333.616,0
333.69,0
333.764,0
333.838,0
333.912,6
333.987,22
334.061,18
334.135,0
334.209,0
334.283,15
334.357,11
334.431,0
334.506,25
334.58,0
334.654,0
334.728,2
334.802,20
334.876,7
334.95,0
335.024,5
335.098,24
335.172,22
335.246,8
335.32,27
335.394,29
335.468,4
335.542,16
335.616,18
335.69,0
335.764,0
335.838,16
335.912,45
335.986,54
336.06,52
336.134,20
336.208,0
336.282,0
336.356,45
336.43,21
336.504,0
336.578,0
336.652,19
336.726,4
336.799,0
336.873,0
336.947,5
337.021,24
337.095,0
337.169,0
337.243,0
337.316,16
337.39,2
337.464,0
337.538,14
337.612,0
337.686,30
337.759,75
337.833,60
337.907,24
337.981,18
338.054,16
338.128,7
338.202,10
338.276,0
338.349,16
338.423,67
338.497,38
338.571,19
338.644,0
338.718,12
338.792,6
338.865,51
338.939,80
339.013,30
339.086,19
339.16,0
339.234,0
339.307,1
339.381,25
339.455,3
339.528,5
339.602,0
339.675,0
339.749,5
339.823,27
339.896,15
339.97,6
340.043,55
340.117,41
340.191,18
340.264,0
340.338,0
340.411,102
340.485,274
340.558,210
340.632,116
340.705,77
340.779,19
340.852,14
340.926,72
340.999,123
341.073,96
341.146,31
341.22,2
341.293,0
341.367,0
341.44,13
341.513,0
341.587,0
341.66,65
341.734,73
341.807,53
341.88,31
341.954,29
342.027,15
342.101,40
342.174,0
342.247,0
342.321,26
342.394,17
342.467,15
342.541,26
342.614,96
342.687,229
342.761,162
342.834,123
342.907,47
342.981,1
343.054,0
343.127,9
343.2,31
343.274,1
343.347,56
343.42,84
343.494,32
343.567,0
343.64,0
343.713,11
343.786,9
343.86,134
343.933,114
344.006,76
344.079,33
344.152,0
344.226,4
344.299,22
344.372,10
344.445,20
344.518,3
344.591,6
344.665,0
344.738,0
344.811,0
344.884,0
344.957,0
345.03,0
345.103,29
345.176,8
345.249,0
345.322,17
345.396,11
345.469,14
345.542,0
345.615,0
345.688,10
345.761,0
345.834,9
345.907,0
345.98,0
346.053,19
346.126,9
346.199,0
346.272,21
346.345,6
346.418,0
346.491,13
346.564,30
346.637,16
346.71,0
346.783,0
346.856,16
346.929,5
347.001,0
347.074,3
347.147,0
347.22,0
347.293,0
347.366,1
347.439,31
347.512,4
347.585,5
347.657,8
347.73,16
347.803,0
347.876,0
347.949,0
348.022,0
348.094,17
348.167,0
348.24,0
348.313,0
348.386,14
348.458,6
348.531,40
348.604,4
348.677,0
348.75,0
348.822,0
348.895,0
348.968,0
349.041,34
349.113,14
349.186,6
349.259,0
349.331,0
349.404,0
349.477,0
349.55,42
349.622,12
349.695,3
349.768,0
349.84,6
349.913,0
349.986,0
350.058,8
350.131,8
350.204,0
350.276,0
350.349,0
350.421,0
350.494,4
350.567,0
350.639,3
350.712,0
350.784,19
350.857,0
350.929,0
351.002,69
351.075,83
351.147,54
351.22,0
351.292,0
351.365,0
351.437,0
351.51,0
351.582,6
351.655,0
351.727,0
351.8,23
351.872,0
351.945,2
352.017,0
352.09,0
352.162,3
352.235,0
352.307,22
352.38,21
352.452,24
352.524,0
352.597,15
352.669,0
352.742,0
352.814,11
352.886,19
352.959,17
353.031,20
353.104,19
353.176,14
353.248,0
353.321,0
353.393,11
353.465,6
353.538,0
353.61,36
353.682,0
353.755,8
353.827,3
353.899,2
353.972,11
354.044,41
354.116,0
354.188,25
354.261,0
354.333,0
354.405,0
354.478,0
354.55,8
354.622,0
354.694,8
354.767,49
354.839,5
354.911,8
354.983,21
355.055,14
355.128,13
355.2,4
355.272,0
355.344,11
355.416,27
355.489,0
355.561,0
355.633,9
355.705,0
355.777,0
355.849,0
355.921,25
355.994,0
356.066,0
356.138,15
356.21,6
356.282,0
356.354,0
356.426,15
356.498,0
356.57,8
356.642,0
356.714,0
356.787,9
356.859,2
356.931,0
357.003,6
357.075,0
357.147,3
357.219,2
357.291,23
357.363,0
357.435,5
357.507,22
357.579,10
357.651,0
357.723,1
357.795,0
357.867,0
357.939,0
358.011,16
358.083,0
358.154,0
358.226,24
358.298,42
358.37,19
358.442,12
358.514,0
358.586,9
358.658,29
358.73,0
358.802,0
358.874,0
358.945,0
359.017,0
359.089,6
359.161,0
359.233,0
359.305,25
359.377,14
359.448,0
359.52,28
359.592,15
359.664,9
359.736,0
359.807,4
359.879,7
359.951,0
360.023,7
360.095,0
360.166,7
360.238,0
360.31,0
360.382,0
360.453,6
360.525,0
360.597,19
360.669,5
360.74,11
360.812,14
360.884,0
360.956,24
361.027,19
361.099,0
361.171,0
361.242,0
361.314,0
361.386,0
361.457,13
361.529,2
361.601,15
361.672,1
361.744,0
361.816,0
361.887,3
361.959,0
362.03,0
362.102,0
362.174,21
362.245,0
362.317,0
362.388,0
362.46,0
362.532,0
362.603,24
362.675,0
362.746,5
362.818,0
362.889,8
362.961,108
363.032,64
363.104,0
363.176,0
363.247,0
363.319,0
363.39,1
363.462,18
363.533,11
363.605,0
363.676,8
363.748,0
363.819,13
363.89,0
363.962,21
364.033,8
364.105,8
364.176,0
364.248,0
364.319,0
364.391,0
364.462,0
364.533,0
364.605,0
364.676,0
364.748,0
364.819,0
364.89,13
364.962,0
365.033,8
365.104,0
365.176,0
365.247,0
365.319,0
365.39,27
365.461,0
365.533,0
365.604,6
365.675,17
365.747,1
365.818,4
365.889,0
365.96,0
366.032,0
366.103,29
366.174,0
366.246,0
366.317,51
366.388,102
366.459,66
366.531,10
366.602,0
366.673,0
366.744,0
366.816,0
366.887,17
366.958,0
367.029,3
367.1,27
367.172,0
367.243,0
367.314,0
367.385,0
367.456,0
367.528,4
367.599,0
367.67,18
367.741,24
367.812,12
367.883,15
367.955,1
368.026,19
368.097,1
368.168,20
368.239,0
368.31,0
368.381,0
368.452,18
368.523,4
368.595,16
368.666,0
368.737,0
368.808,0
368.879,15
368.95,0
369.021,0
369.092,2
369.163,0
369.234,12
369.305,19
369.376,0
369.447,0
369.518,0
369.589,0
369.66,25
369.731,16
369.802,28
369.873,0
369.944,0
370.015,0
370.086,0
370.157,0
370.228,0
370.299,2
370.37,20
370.441,0
370.512,5
370.583,0
370.654,0
370.725,15
370.796,0
370.866,0
370.937,25
371.008,0
371.079,0
371.15,26
371.221,0
371.292,7
371.363,0
371.434,1
371.504,5
371.575,20
371.646,17
371.717,0
371.788,6
371.859,5
371.93,0
372,25
372.071,0
372.142,0
372.213,41
372.284,40
372.354,40
372.425,13
372.496,54
372.567,13
372.638,0
372.708,0
372.779,6
372.85,9
372.921,8
372.991,0
373.062,7
373.133,0
373.204,0
373.274,21
373.345,0
373.416,32
373.486,20
373.557,0
373.628,0
373.699,26
373.769,3
373.84,0
373.911,36
373.981,14
374.052,0
374.123,0
374.193,0
374.264,6
374.335,17
374.405,17
374.476,14
374.546,8
374.617,13
374.688,0
374.758,34
374.829,0
374.9,0
374.97,0
375.041,0
375.111,26
375.182,0
375.252,8
375.323,0
375.394,0
375.464,16
375.535,66
375.605,49
375.676,10
375.746,0
375.817,5
375.887,0
375.958,0
376.028,0
376.099,0
376.17,23
376.24,9
376.311,0
376.381,0
376.451,5
376.522,0
376.592,0
376.663,1
376.733,0
376.804,0
376.874,0
376.945,16
377.015,0
377.086,0
377.156,0
377.227,2
377.297,0
377.367,14
377.438,24
377.508,0
377.579,14
377.649,0
377.719,0
377.79,16
377.86,25
377.931,8
378.001,0
378.071,0
378.142,18
378.212,1
378.282,0
378.353,0
378.423,0
378.493,0
378.564,5
378.634,12
378.704,0
378.775,22
378.845,0
378.915,0
378.986,10
379.056,8
379.126,0
379.196,19
379.267,6
379.337,6
379.407,0
379.478,0
379.548,73
379.618,45
379.688,0
379.759,0
379.829,0
379.899,0
379.969,17
380.04,12
380.11,0
380.18,14
380.25,0
380.32,0
380.391,0
380.461,0
380.531,0
380.601,10
380.671,17
380.741,0
380.812,0
380.882,6
380.952,0
381.022,19
381.092,5
381.162,2
381.233,0
381.303,8
381.373,0
381.443,0
381.513,3
381.583,5
381.653,2
381.723,2
381.793,3
381.864,0
381.934,0
382.004,35
382.074,83
382.144,60
382.214,16
382.284,0
382.354,0
382.424,0
382.494,6
382.564,6
382.634,0
382.704,11
382.774,4
382.844,0
382.914,46
382.984,147
383.054,121
383.124,32
383.194,2
383.264,0
383.334,0
383.404,15
383.474,11
383.544,0
383.614,0
383.684,22
383.754,8
383.824,0
383.894,30
383.964,0
384.034,6
384.104,13
384.174,18
384.244,18
384.314,0
384.384,15
384.453,31
384.523,0
384.593,0
384.663,0
384.733,0
384.803,0
384.873,0
384.943,6
385.013,0
385.082,11
385.152,22
385.222,4
385.292,6
385.362,0
385.432,0
385.502,0
385.571,6
385.641,0
385.711,0
385.781,0
385.851,11
385.92,0
385.99,0
386.06,0
386.13,26
386.2,0
386.269,0
386.339,3
386.409,0
386.479,0
386.548,61
386.618,14
386.688,0
386.758,0
386.827,0
386.897,0
386.967,0
387.037,0
387.106,0
387.176,15
387.246,0
387.316,0
387.385,21
387.455,3
387.525,3
387.594,31
387.664,0
387.734,21
387.803,17
387.873,22
387.943,24
388.012,0
388.082,22
388.152,1
388.221,3
388.291,0
388.361,1
388.43,0
388.5,22
388.569,0
388.639,0
388.709,5
388.778,22
388.848,0
388.918,0
388.987,5
389.057,5
389.126,18
389.196,0
389.265,0
389.335,0
389.405,13
389.474,0
389.544,21
389.613,0
389.683,0
389.752,0
389.822,0
389.891,0
389.961,0
390.03,19
390.1,3
390.169,0
390.239,0
390.309,16
390.378,0
390.448,0
390.517,21
390.586,17
390.656,26
390.725,41
390.795,54
390.864,25
390.934,0
391.003,6
391.073,61
391.142,18
391.212,11
391.281,14
391.351,6
391.42,8
391.489,0
391.559,5
391.628,2
391.698,0
391.767,0
391.836,17
391.906,16
391.975,4
392.045,0
392.114,0
392.183,2
392.253,0
392.322,0
392.391,0
392.461,0
392.53,6
392.6,17
392.669,11
392.738,0
392.808,13
392.877,43
392.946,17
393.016,0
393.085,12
393.154,0
393.224,9
393.293,12
393.362,0
393.431,0
393.501,24
393.57,6
393.639,0
393.709,0
393.778,2
393.847,0
393.916,14
393.986,0
394.055,0
394.124,24
394.193,0
394.263,0
394.332,0
394.401,0
394.47,15
394.54,0
394.609,0
394.678,0
394.747,41
394.816,152
394.886,156
394.955,56
395.024,17
395.093,7
395.162,0
395.232,5
395.301,27
395.37,0
395.439,0
395.508,9
395.577,0
395.647,0
395.716,0
395.785,14
395.854,0
395.923,0
395.992,3
396.061,7
396.13,13
396.2,0
396.269,0
396.338,7
396.407,7
396.476,0
396.545,14
396.614,0
396.683,0
396.752,7
396.821,10
396.89,21
396.96,50
397.029,8
397.098,11
397.167,0
397.236,9
397.305,0
397.374,37
397.443,0
397.512,0
397.581,0
397.65,0
397.719,11
397.788,7
397.857,32
397.926,24
397.995,14
398.064,9
398.133,0
398.202,0
398.271,7
398.34,21
398.409,23
398.478,0
398.547,0
398.616,21
398.685,0
398.754,0
398.823,3
398.892,14
398.961,0
399.029,1
399.098,6
399.167,10
399.236,0
399.305,0
399.374,10
399.443,0
399.512,11
399.581,2
399.65,0
399.719,7
399.787,4
399.856,0
399.925,0
399.994,8
400.063,22
400.132,0
400.201,11
400.27,0
400.338,0
400.407,22
400.476,47
400.545,0
400.614,0
400.683,1
400.751,28
400.82,27
400.889,12
400.958,156
401.027,139
401.096,98
401.164,0
401.233,0
401.302,0
401.371,0
401.439,0
401.508,14
401.577,0
401.646,0
401.715,5
401.783,6
401.852,0
401.921,0
401.99,0
402.058,14
402.127,0
402.196,0
402.265,24
402.333,31
402.402,19
402.471,3
402.539,0
402.608,7
402.677,0
402.746,0
402.814,7
402.883,0
402.952,0
403.02,30
403.089,2
403.158,0
403.226,19
403.295,0
403.364,11
403.432,0
403.501,0
403.57,20
403.638,1
403.707,0
403.776,14
403.844,0
403.913,9
403.981,3
404.05,8
404.119,0
404.187,7
404.256,0
404.325,11
404.393,45
404.462,0
404.53,0
404.599,0
404.667,4
404.736,2
404.805,11
404.873,30
404.942,10
405.01,19
405.079,68
405.147,160
405.216,133
405.285,26
405.353,0
405.422,0
405.49,33
405.559,12
405.627,0
405.696,16
405.764,0
405.833,0
405.901,7
405.97,30
406.038,0
406.107,0
406.175,23
406.244,29
406.312,0
406.381,0
406.449,20
406.518,24
406.586,13
406.655,5
406.723,5
406.792,10
406.86,0
406.928,0
406.997,19
407.065,0
407.134,0
407.202,0
407.271,32
407.339,37
407.407,20
407.476,0
407.544,7
407.613,0
407.681,0
407.75,15
407.818,5
407.886,2
407.955,0
408.023,0
408.091,0
408.16,0
408.228,10
408.297,0
408.365,0
408.433,9
408.502,2
408.57,2
408.638,3
408.707,0
408.775,21
408.843,6
408.912,0
408.98,0
409.048,24
409.117,20
409.185,0
409.253,0
409.322,28
409.39,0
409.458,0
409.527,25
409.595,13
409.663,13
409.731,0
409.8,26
409.868,0
409.936,2
410.004,0
410.073,20
410.141,23
410.209,0
410.277,0
410.346,9
410.414,7
410.482,13
410.55,0
410.619,0
410.687,0
410.755,7
410.823,0
410.892,0
410.96,12
411.028,11
411.096,0
411.164,55
411.233,0
411.301,0
411.369,0
411.437,10
411.505,0
411.574,0
411.642,2
411.71,16
411.778,7
411.846,1
411.914,0
411.982,30
412.051,9
412.119,0
412.187,37
412.255,36
412.323,66
412.391,46
412.459,35
412.528,13
412.596,0
412.664,0
412.732,16
412.8,0
412.868,0
412.936,10
413.004,9
413.072,0
413.14,15
413.209,0
413.277,0
413.345,46
413.413,12
413.481,0
413.549,0
413.617,27
413.685,36
413.753,1
413.821,0
413.889,21
413.957,0
414.025,0
414.093,34
414.161,29
414.229,0
414.297,0
414.365,0
414.433,15
414.501,7
414.569,16
414.637,15
414.705,21
414.773,0
414.841,0
414.909,22
414.977,0
415.045,2
415.113,7
415.181,0
415.249,0
415.317,2
415.385,28
415.453,0
415.521,5
415.589,3
415.657,18
415.725,2
415.793,6
415.861,34
415.929,8
415.997,0
416.065,8
416.132,0
416.2,0
416.268,0
416.336,0
416.404,0
416.472,0
416.54,0
416.608,0
416.676,43
416.744,63
416.811,0
416.879,4
416.947,7
417.015,4
417.083,0
417.151,4
417.219,14
417.287,0
417.354,0
417.422,7
417.49,0
417.558,0
417.626,7
417.694,14
417.761,0
417.829,0
417.897,13
417.965,2
418.033,0
418.1,4
418.168,8
418.236,12
418.304,0
418.372,0
418.439,0
418.507,27
418.575,4
418.643,8
418.711,0
418.778,19
418.846,0
418.914,7
418.982,7
419.049,6
419.117,16
419.185,6
419.253,22
419.32,3
419.388,0
419.456,0
419.524,0
419.591,0
419.659,0
419.727,0
419.795,0
419.862,0
419.93,26
419.998,33
420.065,2
420.133,0
420.201,16
420.268,16
420.336,39
420.404,11
420.471,0
420.539,0
420.607,2
420.674,0
420.742,2
420.81,0
420.877,25
420.945,27
421.013,14
421.08,0
421.148,2
421.216,11
421.283,0
421.351,0
421.419,6
421.486,24
421.554,28
421.621,19
421.689,6
421.757,13
421.824,0
421.892,0
421.96,20
422.027,0
422.095,0
422.162,1
422.23,0
422.297,0
422.365,19
422.433,0
422.5,0
422.568,17
422.635,8
422.703,23
422.77,0
422.838,8
422.906,0
422.973,9
423.041,3
423.108,89
423.176,45
423.243,30
423.311,17
423.378,0
423.446,18
423.513,9
423.581,0
423.648,21
423.716,0
423.783,0
423.851,0
423.918,23
423.986,0
424.053,17
424.121,20
424.188,40
424.256,16
424.323,1
424.391,0
424.458,18
424.526,0
424.593,0
424.661,17
424.728,2
424.796,11
424.863,6
424.93,0
424.998,0
425.065,15
425.133,30
425.2,2
425.268,21
425.335,14
425.402,14
425.47,0
425.537,13
425.605,20
425.672,0
425.74,0
425.807,12
425.874,0
425.942,10
426.009,22
426.076,54
426.144,47
426.211,16
426.279,0
426.346,8
426.413,6
426.481,0
426.548,38
426.615,4
426.683,0
426.75,0
426.817,2
426.885,0
426.952,12
427.02,0
427.087,13
427.154,11
427.222,8
427.289,0
427.356,30
427.423,0
427.491,0
427.558,0
427.625,46
427.693,27
427.76,0
427.827,0
427.895,11
427.962,31
428.029,12
428.096,0
428.164,0
428.231,12
428.298,3
428.366,0
428.433,8
428.5,34
428.567,0
428.635,8
428.702,0
428.769,2
428.836,0
428.904,7
428.971,10
429.038,0
429.105,18
429.173,20
429.24,2
429.307,0
429.374,0
429.441,10
429.509,0
429.576,0
429.643,7
429.71,3
429.777,0
429.845,20
429.912,8
429.979,3
430.046,0
430.113,0
430.181,0
430.248,8
430.315,0
430.382,0
430.449,0
430.516,5
430.584,0
430.651,0
430.718,0
430.785,0
430.852,22
430.919,0
430.986,4
431.054,0
431.121,10
431.188,26
431.255,25
431.322,15
431.389,0
431.456,7
431.523,4
431.59,12
431.658,0
431.725,2
431.792,13
431.859,0
431.926,0
431.993,14
432.06,7
432.127,0
432.194,7
432.261,64
432.328,119
432.396,67
432.463,12
432.53,0
432.597,0
432.664,10
432.731,4
432.798,0
432.865,0
432.932,10
432.999,18
433.066,25
433.133,0
433.2,12
433.267,0
433.334,10
433.401,0
433.468,10
433.535,12
433.602,3
433.669,0
433.736,20
433.803,4
433.87,0
433.937,8
434.004,18
434.071,0
434.138,22
434.205,0
434.272,0
434.339,29
434.406,1
434.473,9
434.54,0
434.607,0
434.674,0
434.741,0
434.808,0
434.875,10
434.942,0
435.009,16
435.076,5
435.143,0
435.209,12
435.276,7
435.343,0
435.41,0
435.477,0
435.544,4
435.611,54
435.678,75
435.745,11
435.812,0
435.879,19
435.946,0
436.012,10
436.079,0
436.146,0
436.213,12
436.28,9
436.347,0
436.414,4
436.481,0
436.547,2
436.614,21
436.681,13
436.748,8
436.815,16
436.882,16
436.949,8
437.015,16
437.082,0
437.149,0
437.216,0
437.283,24
437.35,22
437.417,1
437.483,7
437.55,19
437.617,0
437.684,0
437.751,13
437.817,12
437.884,0
437.951,0
438.018,8
438.085,26
438.151,77
438.218,72
438.285,28
438.352,3
438.419,0
438.485,23
438.552,27
438.619,2
438.686,0
438.752,0
438.819,22
438.886,0
438.953,11
439.019,0
439.086,2
439.153,34
439.22,19
439.286,9
439.353,1
439.42,0
439.487,0
439.553,0
439.62,0
439.687,0
439.754,32
439.82,4
439.887,0
439.954,0
440.02,0
440.087,0
440.154,22
440.22,19
440.287,4
440.354,22
440.421,3
440.487,40
440.554,91
440.621,54
440.687,19
440.754,9
440.821,0
440.887,0
440.954,0
441.021,32
441.087,19
441.154,0
441.221,0
441.287,0
441.354,0
441.421,56
441.487,66
441.554,19
441.62,15
441.687,0
441.754,0
441.82,13
441.887,21
441.954,0
442.02,0
442.087,4
442.153,12
442.22,0
442.287,6
442.353,16
442.42,24
442.486,0
442.553,9
442.62,0
442.686,0
442.753,13
442.819,0
442.886,17
442.953,0
443.019,0
443.086,0
443.152,0
443.219,0
443.285,2
443.352,0
443.418,17
443.485,0
443.552,0
443.618,0
443.685,0
443.751,0
443.818,6
443.884,14
443.951,0
444.017,6
444.084,0
444.15,0
444.217,0
444.283,9
444.35,0
444.416,0
444.483,0
444.549,30
444.616,41
444.682,37
444.749,6
444.815,4
444.882,3
444.948,0
445.015,14
445.081,0
445.148,0
445.214,5
445.281,1
445.347,0
445.414,0
445.48,16
445.547,29
445.613,10
445.68,6
445.746,7
445.812,0
445.879,21
445.945,19
446.012,8
446.078,3
446.145,16
446.211,3
446.278,8
446.344,76
446.41,134
446.477,67
446.543,10
446.61,0
446.676,0
446.742,0
446.809,0
446.875,0
446.942,0
447.008,3
447.074,24
447.141,0
447.207,4
447.274,6
447.34,0
447.406,21
447.473,15
447.539,0
447.606,0
447.672,47
447.738,38
447.805,11
447.871,0
447.937,8
448.004,21
448.07,0
448.136,1
448.203,0
448.269,3
448.335,6
448.402,0
448.468,0
448.534,6
448.601,9
448.667,24
448.733,0
448.8,27
448.866,0
448.932,0
448.999,14
449.065,17
449.131,0
449.198,9
449.264,0
449.33,26
449.396,0
449.463,21
449.529,0
449.595,0
449.662,0
449.728,0
449.794,0
449.86,15
449.927,0
449.993,0
450.059,15
450.126,0
450.192,0
450.258,15
450.324,8
450.391,0
450.457,0
450.523,0
450.589,5
450.656,28
450.722,0
450.788,0
450.854,9
450.921,0
450.987,0
451.053,1
451.119,17
451.185,7
451.252,13
451.318,9
451.384,1
451.45,9
451.516,0
451.583,0
451.649,0
451.715,12
451.781,2
451.847,0
451.914,0
451.98,0
452.046,14
452.112,0
452.178,0
452.245,0
452.311,14
452.377,0
452.443,7
452.509,0
452.575,0
452.642,10
452.708,0
452.774,2
452.84,118
452.906,108
452.972,10
453.038,15
453.105,14
453.171,0
453.237,16
453.303,25
453.369,0
453.435,0
453.501,9
453.568,22
453.634,0
453.7,0
453.766,0
453.832,17
453.898,12
453.964,0
454.03,0
454.096,0
454.162,0
454.229,0
454.295,43
454.361,2
454.427,0
454.493,0
454.559,18
454.625,4
454.691,7
454.757,0
454.823,34
454.889,5
454.955,0
455.022,0
455.088,0
455.154,9
455.22,0
455.286,0
455.352,4
455.418,3
455.484,0
455.55,0
455.616,23
455.682,23
455.748,0
455.814,0
455.88,0
455.946,0
456.012,8
456.078,19
456.144,0
456.21,21
456.276,22
456.342,26
456.408,16
456.474,7
456.54,16
456.606,0
456.672,0
456.738,6
456.804,2
456.87,0
456.936,0
457.002,0
457.068,17
457.134,2
457.2,0
457.266,3
457.332,4
457.398,24
457.464,13
457.53,13
457.596,11
457.662,27
457.728,21
457.794,22
457.86,0
457.926,3
457.992,0
458.058,2
458.124,0
458.19,15
458.255,0
458.321,0
458.387,9
458.453,21
458.519,13
458.585,0
458.651,1
458.717,34
458.783,34
458.849,7
458.915,0
458.981,0
459.046,13
459.112,0
459.178,22
459.244,6
459.31,0
459.376,7
459.442,0
459.508,34
459.574,13
459.64,4
459.705,0
459.771,2
459.837,14
459.903,0
459.969,0
460.035,0
460.101,0
460.166,0
460.232,4
460.298,12
460.364,0
460.43,0
460.496,0
460.562,0
460.627,11
460.693,29
460.759,0
460.825,0
460.891,24
460.957,40
461.022,0
461.088,0
461.154,0
461.22,14
461.286,0
461.352,0
461.417,8
461.483,0
461.549,14
461.615,10
461.681,8
461.746,0
461.812,10
461.878,0
461.944,0
462.01,7
462.075,0
462.141,15
462.207,0
462.273,0
462.339,0
462.404,7
462.47,76
462.536,62
462.602,25
462.667,0
462.733,14
462.799,8
462.865,11
462.93,0
462.996,0
463.062,1
463.128,21
463.193,42
463.259,0
463.325,14
463.391,12
463.456,0
463.522,1
463.588,0
463.654,16
463.719,0
463.785,35
463.851,0
463.917,7
463.982,0
464.048,3
464.114,1
464.179,14
464.245,0
464.311,0
464.377,4
464.442,11
464.508,20
464.574,0
464.639,0
464.705,0
464.771,21
464.836,0
464.902,9
464.968,10
465.033,11
465.099,4
465.165,0
465.23,0
465.296,3
465.362,20
465.427,6
465.493,0
465.559,0
465.624,10
465.69,12
465.756,0
465.821,0
465.887,0
465.953,0
466.018,8
466.084,28
466.15,0
466.215,2
466.281,18
466.347,13
466.412,0
466.478,0
466.543,8
466.609,18
466.675,0
466.74,2
466.806,9
466.872,0
466.937,0
467.003,21
467.068,14
467.134,3
467.2,0
467.265,14
467.331,0
467.396,0
467.462,0
467.528,35
467.593,0
467.659,0
467.724,3
467.79,0
467.855,18
467.921,4
467.987,0
468.052,29
468.118,5
468.183,0
468.249,16
468.314,19
468.38,0
468.446,0
468.511,26
468.577,14
468.642,0
468.708,14
468.773,0
468.839,0
468.904,0
468.97,0
469.035,17
469.101,0
469.167,0
469.232,3
469.298,11
469.363,9
469.429,34
469.494,0
469.56,0
469.625,11
469.691,20
469.756,9
469.822,6
469.887,0
469.953,0
470.018,0
470.084,0
470.149,0
470.215,0
470.28,10
470.346,6
470.411,0
470.477,13
470.542,8
470.608,0
470.673,5
470.739,1
470.804,0
470.87,28
470.935,19
471.001,0
471.066,0
471.131,7
471.197,3
471.262,0
471.328,0
471.393,9
471.459,13
471.524,0
471.59,0
471.655,5
471.721,0
471.786,16
471.851,30
471.917,0
471.982,5
472.048,11
472.113,0
472.179,1
472.244,6
472.309,19
472.375,13
472.44,6
472.506,21
472.571,8
472.637,0
472.702,9
472.767,14
472.833,0
472.898,0
472.964,19
473.029,0
473.094,1
473.16,0
473.225,0
473.291,27
473.356,0
473.421,0
473.487,19
473.552,1
473.617,0
473.683,9
473.748,16
473.814,0
473.879,0
473.944,0
474.01,46
474.075,14
474.14,0
474.206,0
474.271,7
474.337,0
474.402,21
474.467,0
474.533,1
474.598,8
474.663,18
474.729,0
474.794,10
474.859,0
474.925,0
474.99,0
475.055,2
475.121,0
475.186,0
475.251,6
475.317,6
475.382,0
475.447,16
475.513,4
475.578,0
475.643,0
475.709,26
475.774,8
475.839,2
475.904,1
475.97,0
476.035,0
476.1,0
476.166,7
476.231,18
476.296,0
476.362,52
476.427,20
476.492,15
476.557,8
476.623,0
476.688,8
476.753,0
476.819,13
476.884,0
476.949,0
477.014,14
477.08,6
477.145,0
477.21,0
477.275,19
477.341,0
477.406,13
477.471,0
477.536,0
477.602,33
477.667,27
477.732,0
477.797,0
477.863,0
477.928,4
477.993,8
478.058,4
478.124,1
478.189,0
478.254,10
478.319,20
478.384,5
478.45,0
478.515,9
478.58,8
478.645,18
478.711,0
478.776,2
478.841,0
478.906,0
478.971,0
479.037,0
479.102,25
479.167,29
479.232,17
479.297,0
479.363,12
479.428,0
479.493,0
479.558,16
479.623,0
479.689,0
479.754,0
479.819,21
479.884,0
479.949,8
480.014,10
480.08,7
480.145,10
480.21,13
480.275,15
480.34,11
480.405,0
480.471,0
480.536,29
480.601,25
480.666,0
480.731,0
480.796,0
480.862,32
480.927,18
480.992,0
481.057,0
481.122,24
481.187,23
481.252,0
481.318,11
481.383,20
481.448,8
481.513,0
481.578,0
481.643,13
481.708,8
481.773,17
481.839,0
481.904,19
481.969,0
482.034,0
482.099,6
482.164,0
482.229,0
482.294,7
482.359,5
482.424,0
482.49,16
482.555,7
482.62,11
482.685,0
482.75,0
482.815,16
482.88,3
482.945,0
483.01,0
483.075,0
483.14,4
483.206,18
483.271,15
483.336,12
483.401,23
483.466,15
483.531,0
483.596,0
483.661,12
483.726,0
483.791,0
483.856,20
483.921,6
483.986,0
484.051,1
484.116,0
484.181,32
484.246,14
484.312,0
484.377,17
484.442,12
484.507,0
484.572,9
484.637,0
484.702,8
484.767,3
484.832,0
484.897,0
484.962,21
485.027,14
485.092,0
485.157,8
485.222,6
485.287,0
485.352,0
485.417,0
485.482,14
485.547,0
485.612,12
485.677,0
485.742,6
485.807,0
485.872,0
485.937,11
486.002,9
486.067,0
486.132,0
486.197,9
486.262,18
486.327,3
486.392,0
486.457,15
486.522,18
486.587,0
486.652,14
486.717,21
486.782,4
486.847,0
486.912,0
486.977,0
487.042,41
487.107,27
487.172,0
487.237,6
487.301,0
487.366,10
487.431,0
487.496,18
487.561,6
487.626,0
487.691,4
487.756,0
487.821,11
487.886,0
487.951,11
488.016,25
488.081,15
488.146,39
488.211,12
488.276,7
488.341,0
488.405,10
488.47,0
488.535,6
488.6,9
488.665,10
488.73,0
488.795,0
488.86,0
488.925,4
488.99,1
489.055,0
489.119,0
489.184,30
489.249,20
489.314,0
489.379,28
489.444,16
489.509,3
489.574,13
489.639,11
489.704,0
489.768,0
489.833,2
489.898,3
489.963,1
490.028,0
490.093,5
490.158,12
490.223,0
490.287,0
490.352,13
490.417,0
490.482,0
490.547,31
490.612,0
490.677,6
490.742,2
490.806,12
490.871,0
490.936,4
491.001,0
491.066,3
491.131,17
491.195,0
491.26,3
491.325,4
491.39,8
491.455,1
491.52,0
491.585,0
491.649,0
491.714,4
491.779,0
491.844,0
491.909,0
491.973,14
492.038,4
492.103,0
492.168,12
492.233,0
492.298,2
492.362,8
492.427,0
492.492,0
492.557,21
492.622,0
492.686,0
492.751,8
492.816,2
492.881,0
492.946,15
493.01,2
493.075,0
493.14,0
493.205,0
493.27,5
493.334,26
493.399,0
493.464,0
493.529,67
493.594,33
493.658,2
493.723,0
493.788,0
493.853,2
493.917,0
493.982,3
494.047,0
494.112,4
494.177,21
494.241,0
494.306,0
494.371,32
494.436,8
494.5,0
494.565,8
494.63,29
494.695,18
494.759,0
494.824,40
494.889,11
494.954,9
495.018,8
495.083,7
495.148,0
495.213,7
495.277,0
495.342,9
495.407,0
495.472,0
495.536,6
495.601,5
495.666,0
495.73,0
495.795,0
495.86,8
495.925,21
495.989,0
496.054,12
496.119,12
496.183,0
496.248,0
496.313,21
496.378,0
496.442,0
496.507,7
496.572,0
496.636,0
496.701,0
496.766,4
496.831,0
496.895,0
496.96,5
497.025,22
497.089,0
497.154,19
497.219,0
497.283,0
497.348,0
497.413,18
497.477,7
497.542,1
497.607,4
497.671,8
497.736,0
497.801,0
497.865,0
497.93,4
497.995,11
498.059,7
498.124,6
498.189,7
498.253,8
498.318,0
498.383,30
498.447,0
498.512,0
498.577,0
498.641,1
498.706,21
498.771,0
498.835,6
498.9,1
498.965,2
499.029,6
499.094,22
499.159,0
499.223,0
499.288,0
499.352,9
499.417,0
499.482,0
499.546,21
499.611,0
499.676,0
499.74,0
