59.6745,0
59.7814,10
59.8883,27
59.9952,24
60.1021,0
60.209,3
60.3159,12
60.4228,12
60.5296,36
60.6365,0
60.7434,10
60.8503,29
60.9572,9
61.0641,26
61.171,5
61.2779,6
61.3848,13
61.4917,0
61.5986,0
61.7055,24
61.8124,19
61.9193,0
62.0261,12
62.133,2
62.2399,1
62.3468,16
62.4537,20
62.5606,0
62.6675,0
62.7744,12
62.8813,4
62.9882,0
63.0951,12
63.202,23
63.3089,10
63.4158,2
63.5226,22
63.6295,0
63.7364,10
63.8433,11
63.9502,19
64.0571,11
64.164,15
64.2709,0
64.3778,0
64.4847,14
64.5916,14
64.6985,2
64.8054,0
64.9123,0
65.0192,0
65.1261,0
65.2329,20
65.3398,0
65.4467,0
65.5536,19
65.6605,25
65.7674,13
65.8743,13
65.9812,0
66.0881,31
66.195,18
66.3019,7
66.4088,0
66.5157,0
66.6226,30
66.7295,0
66.8364,0
66.9433,12
67.0502,9
67.157,0
67.2639,0
67.3708,34
67.4777,0
67.5846,11
67.6915,18
67.7984,0
67.9053,19
68.0122,0
68.1191,0
68.226,45
68.3329,5
68.4398,0
68.5467,0
68.6536,45
68.7605,20
68.8674,0
68.9743,20
69.0812,1
69.1881,5
69.295,0
69.4018,1
69.5087,7
69.6156,14
69.7225,0
69.8294,0
69.9363,0
70.0432,4
70.1501,0
70.257,22
70.3639,0
70.4708,0
70.5777,57
70.6846,24
70.7915,0
70.8984,0
71.0053,0
71.1122,3
71.2191,8
71.326,4
71.4329,1
71.5398,6
71.6467,1
71.7536,8
71.8605,8
71.9674,14
72.0742,0
72.1811,0
72.288,19
72.3949,7
72.5018,0
72.6087,21
72.7156,4
72.8225,24
72.9294,0
73.0363,0
73.1432,15
73.2501,0
73.357,0
73.4639,19
73.5708,0
73.6777,8
73.7846,0
73.8915,6
73.9984,12
74.1053,0
74.2122,9
74.3191,20
74.426,17
74.5329,0
74.6398,2
74.7467,0
74.8536,1
74.9605,16
75.0674,0
75.1743,22
75.2812,13
75.3881,0
75.495,0
75.6019,9
75.7088,18
75.8157,4
75.9225,0
76.0294,0
76.1363,0
76.2432,3
76.3501,0
76.457,11
76.5639,0
76.6708,0
76.7777,40
76.8846,33
76.9915,0
77.0984,0
77.2053,4
77.3122,18
77.4191,5
77.526,2
77.6329,0
77.7398,0
77.8467,2
77.9536,30
78.0605,13
78.1674,0
78.2743,27
78.3812,0
78.4881,0
78.595,40
78.7019,28
78.8088,0
78.9157,0
79.0226,34
79.1295,18
79.2364,4
79.3433,0
79.4502,0
79.5571,13
79.664,6
79.7709,21
79.8778,0
79.9847,19
80.0916,0
80.1985,0
80.3054,0
80.4123,6
80.5192,0
80.6261,15
80.733,0
80.8399,0
80.9468,13
81.0537,0
81.1606,0
81.2675,46
81.3744,48
81.4813,34
81.5882,0
81.6951,3
81.802,0
81.9089,23
82.0158,0
82.1227,0
82.2296,0
82.3365,7
82.4434,0
82.5503,9
82.6572,15
82.7641,10
82.871,15
82.9779,33
83.0848,12
83.1917,4
83.2986,2
83.4055,0
83.5124,13
83.6193,0
83.7262,2
83.8331,27
83.94,9
84.0469,0
84.1538,15
84.2607,0
84.3676,0
84.4745,38
84.5814,0
84.6883,7
84.7952,6
84.9021,0
85.009,0
85.1159,1
85.2228,7
85.3297,0
85.4366,14
85.5435,4
85.6504,0
85.7573,16
85.8642,0
85.9711,10
86.078,11
86.1849,19
86.2918,20
86.3987,0
86.5056,13
86.6125,17
86.7194,9
86.8263,0
86.9332,0
87.0401,0
87.147,1
87.2539,5
87.3608,5
87.4677,0
87.5746,15
87.6815,0
87.7884,0
87.8953,30
88.0022,0
88.1091,0
88.216,7
88.3229,22
88.4298,0
88.5367,12
88.6436,2
88.7505,0
88.8574,21
88.9643,0
89.0712,0
89.1781,14
89.285,0
89.3919,0
89.4988,8
89.6057,11
89.7126,0
89.8195,0
89.9264,4
90.0334,41
90.1403,0
90.2472,10
90.3541,0
90.461,0
90.5679,0
90.6748,2
90.7817,2
90.8886,0
90.9955,16
91.1024,11
91.2093,20
91.3162,0
91.4231,0
91.53,9
91.6369,26
91.7438,0
91.8507,0
91.9576,32
92.0645,28
92.1714,8
92.2783,16
92.3852,9
92.4921,0
92.599,10
92.7059,0
92.8128,0
92.9197,5
93.0266,9
93.1335,0
93.2404,12
93.3473,8
93.4542,0
93.5611,11
93.668,0
93.7749,0
93.8818,7
93.9887,0
94.0956,0
94.2025,25
94.3095,4
94.4164,0
94.5233,7
94.6302,4
94.7371,0
94.844,17
94.9509,0
95.0578,0
95.1647,0
95.2716,20
95.3785,0
95.4854,19
95.5923,0
95.6992,0
95.8061,0
95.913,12
96.0199,0
96.1268,1
96.2337,13
96.3406,0
96.4475,26
96.5544,27
96.6613,20
96.7682,24
96.8751,0
96.982,13
97.0889,0
97.1958,4
97.3027,0
97.4097,0
97.5166,0
97.6235,0
97.7304,0
97.8373,0
97.9442,18
98.0511,24
98.158,12
98.2649,0
98.3718,8
98.4787,13
98.5856,0
98.6925,4
98.7994,6
98.9063,0
99.0132,5
99.1201,10
99.227,18
99.3339,0
99.4408,37
99.5477,9
99.6546,0
99.7615,47
99.8684,5
99.9753,0
100.082,2
100.189,13
100.296,20
100.403,29
100.51,0
100.617,0
100.724,14
100.831,0
100.937,0
101.044,1
101.151,20
101.258,0
101.365,22
101.472,0
101.579,21
101.686,3
101.793,0
101.9,26
102.007,0
102.113,6
102.22,0
102.327,5
102.434,0
102.541,6
102.648,47
102.755,32
102.862,0
102.969,0
103.076,0
103.182,23
103.289,0
103.396,7
103.503,14
103.61,9
103.717,7
103.824,32
103.931,4
104.038,9
104.145,0
104.252,6
104.358,2
104.465,11
104.572,14
104.679,22
104.786,0
104.893,18
105,14
105.107,6
105.214,0
105.321,11
105.427,0
105.534,40
105.641,4
105.748,18
105.855,0
105.962,13
106.069,0
106.176,0
106.283,0
106.39,7
106.497,0
106.603,0
106.71,30
106.817,32
106.924,0
107.031,3
107.138,0
107.245,9
107.352,16
107.459,11
107.566,18
107.673,19
107.779,2
107.886,0
107.993,12
108.1,8
108.207,0
108.314,8
108.421,31
108.528,8
108.635,19
108.742,0
108.848,17
108.955,0
109.062,15
109.169,0
109.276,0
109.383,13
109.49,0
109.597,13
109.704,0
109.811,0
109.918,8
110.024,0
110.131,17
110.238,0
110.345,0
110.452,0
110.559,3
110.666,9
110.773,21
110.88,21
110.987,0
111.094,6
111.2,0
111.307,12
111.414,7
111.521,0
111.628,0
111.735,0
111.842,0
111.949,0
112.056,3
112.163,24
112.269,0
112.376,12
112.483,2
112.59,0
112.697,21
112.804,7
112.911,0
113.018,4
113.125,0
113.232,0
113.339,45
113.445,38
113.552,0
113.659,0
113.766,0
113.873,0
113.98,0
114.087,0
114.194,3
114.301,22
114.408,17
114.515,13
114.621,47
114.728,11
114.835,3
114.942,0
115.049,139
115.156,172
115.263,101
115.37,40
115.477,0
115.584,22
115.69,0
115.797,0
115.904,15
116.011,0
116.118,0
116.225,22
116.332,24
116.439,7
116.546,0
116.653,7
116.76,5
116.866,5
116.973,5
117.08,30
117.187,13
117.294,8
117.401,0
117.508,12
117.615,0
117.722,0
117.829,27
117.936,8
118.042,0
118.149,0
118.256,15
118.363,2
118.47,0
118.577,2
118.684,0
118.791,7
118.898,0
119.005,0
119.112,14
119.218,0
119.325,22
119.432,0
119.539,6
119.646,3
119.753,16
119.86,8
119.967,18
120.074,0
120.181,0
120.287,0
120.394,0
120.501,24
120.608,2
120.715,4
120.822,0
120.929,29
121.036,22
121.143,0
121.25,0
121.357,17
121.463,6
121.57,0
121.677,6
121.784,0
121.891,25
121.998,2
122.105,0
122.212,8
122.319,0
122.426,0
122.533,15
122.639,0
122.746,22
122.853,0
122.96,6
123.067,15
123.174,10
123.281,0
123.388,13
123.495,10
123.602,0
123.709,2
123.815,0
123.922,4
124.029,56
124.136,39
124.243,21
124.35,0
124.457,1
124.564,29
124.671,10
124.778,3
124.885,7
124.991,13
125.098,0
125.205,0
125.312,6
125.419,6
125.526,0
125.633,3
125.74,21
125.847,0
125.954,0
126.061,7
126.167,3
126.274,0
126.381,21
126.488,1
126.595,0
126.702,1
126.809,28
126.916,0
127.023,0
127.13,32
127.236,28
127.343,34
127.45,0
127.557,0
127.664,0
127.771,10
127.878,0
127.985,12
128.092,0
128.199,18
128.306,1
128.412,0
128.519,23
128.626,21
128.733,0
128.84,14
128.947,0
129.054,11
129.161,0
129.268,0
129.375,37
129.482,8
129.588,0
129.695,0
129.802,14
129.909,0
130.016,0
130.123,0
130.23,6
130.337,0
130.444,0
130.551,2
130.658,0
130.764,0
130.871,0
130.978,10
131.085,0
131.192,0
131.299,0
131.406,0
131.513,0
131.62,0
131.727,15
131.834,7
131.94,0
132.047,25
132.154,12
132.261,0
132.368,0
132.475,0
132.582,0
132.689,0
132.796,0
132.903,17
133.01,2
133.116,5
133.223,19
133.33,0
133.437,0
133.544,3
133.651,19
133.758,16
133.865,2
133.972,16
134.079,0
134.186,18
134.292,0
134.399,0
134.506,0
134.613,0
134.72,47
134.827,19
134.934,0
135.041,0
135.148,11
135.255,11
135.362,8
135.468,3
135.575,0
135.682,0
135.789,0
135.896,23
136.003,0
136.11,4
136.217,0
136.324,29
136.431,0
136.538,3
136.644,3
136.751,44
136.858,28
136.965,17
137.072,0
137.179,5
137.286,0
137.393,18
137.5,11
137.607,0
137.714,0
137.82,0
137.927,0
138.034,19
138.141,7
138.248,24
138.355,19
138.462,0
138.569,13
138.676,0
138.783,2
138.89,14
138.996,0
139.103,10
139.21,0
139.317,17
139.424,2
139.531,0
139.638,1
139.745,0
139.852,0
139.959,9
140.065,3
140.172,4
140.279,5
140.386,0
140.493,4
140.6,0
140.707,28
140.814,11
140.921,0
141.028,0
141.135,6
141.241,4
141.348,13
141.455,0
141.562,14
141.669,0
141.776,40
141.883,0
141.99,21
142.097,10
142.204,2
142.311,28
142.417,0
142.524,0
142.631,8
142.738,6
142.845,0
142.952,14
143.059,39
143.166,0
143.273,7
143.38,0
143.487,0
143.593,22
143.7,13
143.807,0
143.914,13
144.021,50
144.128,8
144.235,4
144.342,17
144.449,22
144.556,7
144.663,0
144.769,0
144.876,0
144.983,29
145.09,1
145.197,0
145.304,0
145.411,30
145.518,41
145.625,2
145.732,0
145.839,0
145.945,4
146.052,0
146.159,26
146.266,22
146.373,0
146.48,12
146.587,18
146.694,0
146.801,22
146.908,5
147.015,0
147.121,0
147.228,18
147.335,13
147.442,0
147.549,0
147.656,0
147.763,37
147.87,16
147.977,0
148.084,0
148.191,0
148.297,0
148.404,10
148.511,2
148.618,9
148.725,5
148.832,16
148.939,0
149.046,2
149.153,0
149.26,0
149.367,1
149.473,0
149.58,13
149.687,1
149.794,0
149.901,0
150.008,11
150.115,0
150.222,20
150.329,0
150.436,0
150.543,14
150.649,0
150.756,2
150.863,4
150.97,0
151.077,0
151.184,0
151.291,19
151.398,13
151.505,16
151.612,5
151.719,44
151.825,0
151.932,0
152.039,3
152.146,0
152.253,0
152.36,12
152.467,0
152.574,5
152.681,3
152.788,20
152.894,6
153.001,15
153.108,0
153.215,24
153.322,17
153.429,0
153.536,2
153.643,6
153.75,9
153.857,19
153.964,0
154.07,0
154.177,1
154.284,1
154.391,0
154.498,12
154.605,36
154.712,19
154.819,0
154.926,0
155.033,12
155.14,0
155.246,0
155.353,0
155.46,0
155.567,0
155.674,0
155.781,10
155.888,0
155.995,0
156.102,31
156.209,0
156.316,0
156.422,7
156.529,0
156.636,0
156.743,0
156.85,0
156.957,20
157.064,19
157.171,0
157.278,0
157.385,15
157.492,14
157.598,0
157.705,0
157.812,14
157.919,6
158.026,3
158.133,0
158.24,0
158.347,8
158.454,15
158.561,11
158.668,0
158.774,0
158.881,31
158.988,0
159.095,0
159.202,0
159.309,0
159.416,0
159.523,0
159.63,17
159.737,6
159.844,3
159.95,0
160.057,0
160.164,6
160.271,0
160.378,4
160.485,0
160.592,10
160.699,6
160.806,0
160.913,4
161.019,4
161.126,10
161.233,0
161.34,19
161.447,0
161.554,7
161.661,0
161.768,17
161.875,20
161.982,0
162.089,2
162.195,0
162.302,7
162.409,0
162.516,19
162.623,0
162.73,0
162.837,25
162.944,0
163.051,2
163.158,26
163.265,0
163.371,0
163.478,4
163.585,13
163.692,0
163.799,4
163.906,0
164.013,0
164.12,0
164.227,0
164.334,12
164.441,6
164.547,5
164.654,4
164.761,16
164.868,11
164.975,0
165.082,4
165.189,0
165.296,0
165.403,4
165.51,0
165.616,7
165.723,0
165.83,0
165.937,18
166.044,0
166.151,11
166.258,23
166.365,5
166.472,0
166.579,15
166.686,0
166.792,11
166.899,23
167.006,0
167.113,0
167.22,17
167.327,6
167.434,0
167.541,3
167.648,14
167.755,0
167.862,0
167.968,16
168.075,1
168.182,4
168.289,7
168.396,0
168.503,4
168.61,0
168.717,0
168.824,9
168.931,0
169.037,0
169.144,0
169.251,20
169.358,13
169.465,21
169.572,0
169.679,19
169.786,17
169.893,17
170,0
170.107,0
170.213,4
170.32,0
170.427,0
170.534,0
170.641,0
170.748,1
170.855,14
170.962,26
171.069,1
171.176,15
171.283,7
171.389,0
171.496,0
171.603,0
171.71,0
171.817,0
171.924,1
172.031,10
172.138,0
172.245,0
172.352,21
172.458,3
172.565,34
172.672,0
172.779,28
172.886,13
172.993,8
173.1,1
173.207,30
173.314,0
173.421,20
173.528,0
173.634,0
173.741,0
173.848,12
173.955,4
174.062,0
174.169,0
174.276,17
174.383,6
174.49,29
174.597,0
174.704,2
174.81,6
174.917,22
175.024,15
175.131,0
175.238,0
175.345,0
175.452,0
175.559,4
175.666,14
175.773,27
175.879,17
175.986,0
176.093,10
176.2,12
176.307,7
176.414,0
176.521,0
176.628,0
176.735,6
176.842,0
176.949,0
177.055,0
177.162,8
177.269,0
177.376,0
177.483,3
177.59,62
177.697,0
177.804,0
177.911,0
178.018,6
178.124,9
178.231,0
178.338,0
178.445,20
178.552,0
178.659,21
178.766,0
178.873,10
178.98,0
179.087,35
179.194,36
179.3,10
179.407,0
179.514,0
179.621,20
179.728,0
179.835,0
179.942,23
180.049,15
180.156,5
180.263,0
180.369,0
180.476,0
180.583,1
180.69,0
180.797,0
180.904,0
181.011,25
181.118,15
181.225,29
181.332,83
181.439,83
181.545,45
181.652,0
181.759,0
181.866,0
181.973,0
182.08,0
182.187,0
182.294,0
182.401,17
182.508,6
182.614,5
182.721,7
182.828,0
182.935,0
183.042,0
183.149,1
183.256,0
183.363,0
183.47,7
183.577,3
183.683,28
183.79,0
183.897,0
184.004,22
184.111,2
184.218,16
184.325,15
184.432,13
184.539,0
184.646,0
184.753,5
184.859,2
184.966,3
185.073,6
185.18,19
185.287,0
185.394,17
185.501,1
185.608,5
185.715,11
185.822,23
185.928,0
186.035,0
186.142,34
186.249,7
186.356,0
186.463,2
186.57,10
186.677,0
186.784,0
186.891,4
186.997,0
187.104,0
187.211,11
187.318,0
187.425,3
187.532,36
187.639,0
187.746,0
187.853,4
187.96,0
188.067,0
188.173,62
188.28,16
188.387,4
188.494,0
188.601,0
188.708,0
188.815,4
188.922,7
189.029,0
189.136,16
189.242,0
189.349,4
189.456,1
189.563,0
189.67,0
189.777,31
189.884,5
189.991,12
190.098,14
190.205,5
190.311,0
190.418,8
190.525,16
190.632,40
190.739,0
190.846,8
190.953,15
191.06,0
191.167,0
191.274,30
191.38,0
191.487,0
191.594,2
191.701,21
191.808,7
191.915,9
192.022,4
192.129,0
192.236,4
192.343,0
192.45,0
192.556,8
192.663,0
192.77,0
192.877,0
192.984,0
193.091,22
193.198,0
193.305,0
193.412,9
193.519,9
193.625,18
193.732,0
193.839,36
193.946,0
194.053,8
194.16,24
194.267,18
194.374,1
194.481,0
194.588,0
194.694,6
194.801,0
194.908,12
195.015,0
195.122,0
195.229,0
195.336,0
195.443,0
195.55,0
195.657,27
195.763,11
195.87,44
195.977,20
196.084,0
196.191,0
196.298,0
196.405,6
196.512,0
196.619,0
196.726,27
196.832,5
196.939,17
197.046,23
197.153,19
197.26,22
197.367,18
197.474,0
197.581,27
197.688,0
197.795,0
197.901,36
198.008,91
198.115,66
198.222,7
198.329,0
198.436,11
198.543,20
198.65,0
198.757,0
198.864,40
198.97,38
199.077,8
199.184,0
199.291,0
199.398,1
199.505,0
199.612,0
199.719,0
199.826,0
199.933,0
200.039,0
200.146,8
200.253,0
200.36,0
200.467,0
200.574,0
200.681,12
200.788,29
200.895,0
201.002,25
201.108,24
201.215,5
201.322,11
201.429,0
201.536,16
201.643,19
201.75,4
201.857,11
201.964,7
202.071,0
202.177,34
202.284,46
202.391,0
202.498,17
202.605,11
202.712,0
202.819,0
202.926,4
203.033,0
203.14,0
203.246,0
203.353,14
203.46,14
203.567,15
203.674,7
203.781,0
203.888,9
203.995,1
204.102,0
204.208,0
204.315,16
204.422,48
204.529,14
204.636,0
204.743,0
204.85,49
204.957,12
205.064,0
205.171,7
205.277,4
205.384,4
205.491,2
205.598,35
205.705,0
205.812,0
205.919,0
206.026,0
206.133,0
206.24,16
206.346,0
206.453,0
206.56,0
206.667,24
206.774,0
206.881,0
206.988,6
207.095,1
207.202,0
207.309,10
207.415,0
207.522,0
207.629,9
207.736,0
207.843,15
207.95,0
208.057,2
208.164,5
208.271,32
208.377,7
208.484,11
208.591,6
208.698,1
208.805,0
208.912,0
209.019,6
209.126,0
209.233,13
209.34,0
209.446,0
209.553,21
209.66,23
209.767,0
209.874,0
209.981,32
210.088,7
210.195,8
210.302,21
210.409,7
210.515,0
210.622,0
210.729,12
210.836,0
210.943,0
211.05,32
211.157,0
211.264,0
211.371,6
211.477,3
211.584,0
211.691,10
211.798,26
211.905,1
212.012,0
212.119,0
212.226,0
212.333,0
212.44,0
212.546,8
212.653,77
212.76,60
212.867,4
212.974,0
213.081,0
213.188,11
213.295,0
213.402,0
213.508,0
213.615,15
213.722,0
213.829,6
213.936,8
214.043,1
214.15,0
214.257,0
214.364,23
214.471,0
214.577,14
214.684,24
214.791,2
214.898,4
215.005,0
215.112,15
215.219,0
215.326,1
215.433,4
215.539,2
215.646,13
215.753,0
215.86,0
215.967,0
216.074,21
216.181,4
216.288,0
216.395,0
216.502,29
216.608,13
216.715,19
216.822,45
216.929,51
217.036,15
217.143,14
217.25,4
217.357,11
217.464,0
217.57,0
217.677,0
217.784,0
217.891,6
217.998,12
218.105,17
218.212,0
218.319,17
218.426,0
218.532,7
218.639,2
218.746,0
218.853,0
218.96,0
219.067,18
219.174,24
219.281,32
219.388,17
219.495,7
219.601,0
219.708,36
219.815,22
219.922,0
220.029,0
220.136,0
220.243,7
220.35,44
220.457,0
220.563,0
220.67,0
220.777,6
220.884,0
220.991,6
221.098,0
221.205,0
221.312,0
221.419,0
221.525,0
221.632,5
221.739,3
221.846,12
221.953,0
222.06,15
222.167,10
222.274,0
222.381,16
222.488,28
222.594,1
222.701,6
222.808,9
222.915,3
223.022,27
223.129,17
223.236,0
223.343,0
223.45,0
223.556,0
223.663,0
223.77,10
223.877,0
223.984,17
224.091,26
224.198,3
224.305,8
224.412,0
224.518,0
224.625,6
224.732,19
224.839,0
224.946,0
225.053,23
225.16,0
225.267,0
225.374,0
225.48,9
225.587,10
225.694,8
225.801,0
225.908,32
226.015,0
226.122,5
226.229,5
226.336,13
226.442,9
226.549,0
226.656,0
226.763,0
226.87,13
226.977,12
227.084,18
227.191,3
227.298,0
227.404,0
227.511,13
227.618,8
227.725,4
227.832,7
227.939,0
228.046,11
228.153,12
228.26,12
228.366,13
228.473,0
228.58,0
228.687,17
228.794,0
228.901,13
229.008,5
229.115,23
229.222,2
229.328,14
229.435,12
229.542,14
229.649,5
229.756,17
229.863,0
229.97,6
230.077,37
230.184,8
230.29,18
230.397,21
230.504,17
230.611,9
230.718,63
230.825,10
230.932,14
231.039,13
231.146,2
231.252,21
231.359,4
231.466,1
231.573,14
231.68,14
231.787,12
231.894,0
232.001,0
232.108,15
232.214,2
232.321,0
232.428,36
232.535,0
232.642,0
232.749,4
232.856,32
232.963,9
233.07,0
233.176,0
233.283,0
233.39,3
233.497,0
233.604,12
233.711,0
233.818,7
233.925,0
234.031,0
234.138,0
234.245,0
234.352,13
234.459,0
234.566,19
234.673,0
234.78,0
234.887,22
234.993,0
235.1,14
235.207,0
235.314,0
235.421,24
235.528,20
235.635,14
235.742,0
235.849,0
235.955,30
236.062,2
236.169,0
236.276,0
236.383,8
236.49,4
236.597,14
236.704,11
236.81,46
236.917,55
237.024,43
237.131,2
237.238,8
237.345,4
237.452,1
237.559,25
237.666,0
237.772,91
237.879,153
237.986,176
238.093,335
238.2,405
238.307,333
238.414,304
238.521,178
238.628,86
238.734,37
238.841,77
238.948,41
239.055,60
239.162,28
239.269,16
239.376,0
239.483,6
239.589,0
239.696,14
239.803,0
239.91,0
240.017,0
240.124,4
240.231,0
240.338,10
240.445,8
240.551,0
240.658,11
240.765,33
240.872,7
240.979,0
241.086,0
241.193,28
241.3,24
241.406,76
241.513,40
241.62,61
241.727,19
241.834,0
241.941,8
242.048,0
242.155,0
242.262,4
242.368,0
242.475,16
242.582,9
242.689,0
242.796,5
242.903,9
243.01,0
243.117,17
243.223,20
243.33,0
243.437,31
243.544,14
243.651,0
243.758,0
243.865,3
243.972,27
244.079,20
244.185,4
244.292,0
244.399,7
244.506,2
244.613,9
244.72,0
244.827,21
244.934,69
245.04,55
245.147,0
245.254,0
245.361,0
245.468,13
245.575,0
245.682,204
245.789,363
245.896,198
246.002,17
246.109,0
246.216,0
246.323,8
246.43,19
246.537,0
246.644,0
246.751,24
246.857,0
246.964,0
247.071,0
247.178,0
247.285,4
247.392,0
247.499,15
247.606,6
247.712,0
247.819,31
247.926,17
248.033,18
248.14,19
248.247,10
248.354,0
248.461,0
248.567,0
248.674,3
248.781,4
248.888,0
248.995,16
249.102,1
249.209,0
249.316,13
249.423,14
249.529,0
249.636,5
249.743,13
249.85,20
249.957,2
250.064,0
250.171,21
250.278,0
250.384,10
250.491,0
250.598,0
250.705,2
250.812,5
250.919,4
251.026,25
251.133,7
251.239,26
251.346,3
251.453,0
251.56,3
251.667,0
251.774,4
251.881,23
251.988,0
252.094,4
252.201,0
252.308,36
252.415,43
252.522,32
252.629,2
252.736,0
252.843,0
252.949,0
253.056,0
253.163,16
253.27,12
253.377,2
253.484,16
253.591,2
253.698,2
253.804,13
253.911,30
254.018,18
254.125,0
254.232,0
254.339,0
254.446,26
254.553,0
254.659,2
254.766,0
254.873,13
254.98,0
255.087,0
255.194,0
255.301,5
255.408,17
255.514,14
255.621,0
255.728,3
255.835,1
255.942,0
256.049,0
256.156,0
256.263,0
256.369,29
256.476,22
256.583,0
256.69,7
256.797,40
256.904,39
257.011,11
257.118,0
257.224,65
257.331,116
257.438,99
257.545,10
257.652,0
257.759,18
257.866,0
257.973,17
258.079,10
258.186,14
258.293,0
258.4,15
258.507,13
258.614,0
258.721,2
258.828,36
258.934,6
259.041,0
259.148,86
259.255,154
259.362,92
259.469,50
259.576,0
259.683,0
259.789,0
259.896,10
260.003,0
260.11,15
260.217,0
260.324,19
260.431,29
260.537,11
260.644,0
260.751,0
260.858,7
260.965,0
261.072,0
261.179,0
261.286,8
261.392,0
261.499,0
261.606,0
261.713,0
261.82,0
261.927,0
262.034,28
262.141,22
262.247,0
262.354,21
262.461,3
262.568,19
262.675,8
262.782,0
262.889,12
262.996,12
263.102,5
263.209,0
263.316,0
263.423,39
263.53,0
263.637,4
263.744,11
263.85,15
263.957,13
264.064,0
264.171,0
264.278,44
264.385,6
264.492,0
264.599,0
264.705,6
264.812,12
264.919,7
265.026,0
265.133,0
265.24,0
265.347,8
265.454,21
265.56,3
265.667,0
265.774,17
265.881,25
265.988,11
266.095,13
266.202,0
266.308,0
266.415,7
266.522,0
266.629,0
266.736,2
266.843,0
266.95,2
267.057,0
267.163,0
267.27,5
267.377,7
267.484,0
267.591,0
267.698,3
267.805,12
267.911,16
268.018,0
268.125,3
268.232,8
268.339,11
268.446,0
268.553,22
268.66,3
268.766,0
268.873,10
268.98,2
269.087,16
269.194,29
269.301,6
269.408,0
269.514,7
269.621,15
269.728,8
269.835,0
269.942,12
270.049,17
270.156,8
270.263,1
270.369,18
270.476,4
270.583,13
270.69,0
270.797,11
270.904,0
271.011,0
271.117,11
271.224,14
271.331,74
271.438,139
271.545,65
271.652,42
271.759,10
271.866,10
271.972,0
272.079,0
272.186,0
272.293,0
272.4,4
272.507,0
272.614,0
272.72,6
272.827,0
272.934,0
273.041,4
273.148,15
273.255,0
273.362,19
273.468,1
273.575,3
273.682,19
273.789,34
273.896,8
274.003,0
274.11,2
274.217,0
274.323,19
274.43,0
274.537,2
274.644,6
274.751,9
274.858,14
274.965,0
275.071,2
275.178,8
275.285,9
275.392,26
275.499,18
275.606,0
275.713,19
275.819,2
275.926,0
276.033,10
276.14,0
276.247,25
276.354,7
276.461,0
276.567,19
276.674,28
276.781,0
276.888,0
276.995,6
277.102,14
277.209,0
277.315,0
277.422,0
277.529,14
277.636,28
277.743,0
277.85,1
277.957,0
278.064,0
278.17,17
278.277,25
278.384,6
278.491,0
278.598,0
278.705,0
278.812,28
278.918,0
279.025,0
279.132,0
279.239,18
279.346,5
279.453,0
279.56,26
279.666,25
279.773,3
279.88,4
279.987,31
280.094,1
280.201,0
280.308,0
280.414,20
280.521,0
280.628,1
280.735,13
280.842,0
280.949,0
281.056,1
281.162,24
281.269,7
281.376,0
281.483,29
281.59,13
281.697,15
281.804,16
281.91,0
282.017,0
282.124,0
282.231,0
282.338,0
282.445,0
282.552,11
282.658,0
282.765,0
282.872,1
282.979,27
283.086,0
283.193,0
283.3,24
283.406,0
283.513,6
283.62,0
283.727,0
283.834,0
283.941,0
284.048,10
284.154,0
284.261,0
284.368,32
284.475,44
284.582,0
284.689,0
284.796,0
284.902,30
285.009,26
285.116,0
285.223,25
285.33,2
285.437,7
285.544,0
285.65,0
285.757,0
285.864,5
285.971,1
286.078,4
286.185,17
286.292,0
286.398,4
286.505,5
286.612,14
286.719,33
286.826,20
286.933,0
287.039,5
287.146,0
287.253,23
287.36,7
287.467,0
287.574,29
287.681,14
287.787,0
287.894,43
288.001,21
288.108,0
288.215,5
288.322,4
288.429,6
288.535,0
288.642,0
288.749,32
288.856,14
288.963,7
289.07,7
289.177,0
289.283,15
289.39,10
289.497,17
289.604,8
289.711,31
289.818,0
289.924,4
290.031,0
290.138,8
290.245,0
290.352,0
290.459,14
290.566,5
290.672,0
290.779,13
290.886,30
290.993,3
291.1,0
291.207,9
291.314,0
291.42,6
291.527,16
291.634,15
291.741,18
291.848,0
291.955,5
292.062,20
292.168,26
292.275,0
292.382,4
292.489,4
292.596,13
292.703,0
292.809,12
292.916,0
293.023,21
293.13,0
293.237,26
293.344,6
293.451,0
293.557,0
293.664,8
293.771,10
293.878,0
293.985,0
294.092,7
294.198,9
294.305,14
294.412,41
294.519,17
294.626,6
294.733,1
294.84,0
294.946,0
295.053,43
295.16,0
295.267,4
295.374,0
295.481,0
295.588,29
295.694,2
295.801,12
295.908,0
296.015,0
296.122,30
296.229,6
296.335,0
296.442,16
296.549,0
296.656,0
296.763,14
296.87,0
296.977,5
297.083,0
297.19,4
297.297,11
297.404,0
297.511,0
297.618,14
297.724,0
297.831,22
297.938,4
298.045,0
298.152,29
298.259,14
298.365,0
298.472,0
298.579,20
298.686,5
298.793,21
298.9,24
299.007,17
299.113,0
299.22,0
299.327,8
299.434,12
299.541,0
299.648,0
299.754,8
299.861,12
299.968,0
300.075,0
300.182,13
300.289,0
300.396,24
300.502,13
300.609,20
300.716,0
300.823,0
300.93,0
301.037,0
301.143,4
301.25,16
301.357,13
301.464,0
301.571,0
301.678,0
301.784,0
301.891,16
301.998,0
302.105,0
302.212,17
302.319,2
302.426,0
302.532,17
302.639,17
302.746,4
302.853,14
302.96,0
303.067,0
303.173,11
303.28,7
303.387,0
303.494,0
303.601,4
303.708,0
303.814,3
303.921,1
304.028,28
304.135,2
304.242,0
304.349,6
304.456,1
304.562,5
304.669,0
304.776,18
304.883,4
304.99,5
305.097,0
305.203,0
305.31,12
305.417,35
305.524,0
305.631,0
305.738,60
305.844,66
305.951,0
306.058,0
306.165,0
306.272,0
306.379,0
306.485,0
306.592,14
306.699,15
306.806,5
306.913,0
307.02,22
307.126,30
307.233,0
307.34,0
307.447,31
307.554,0
307.661,0
307.767,6
307.874,4
307.981,1
308.088,3
308.195,0
308.302,0
308.409,9
308.515,18
308.622,0
308.729,0
308.836,28
308.943,5
309.05,5
309.156,0
309.263,3
309.37,14
309.477,1
309.584,0
309.691,9
309.797,0
309.904,0
310.011,0
310.118,12
310.225,12
310.332,0
310.438,0
310.545,5
310.652,10
310.759,29
310.866,0
310.973,19
311.079,15
311.186,6
311.293,0
311.4,0
311.507,7
311.614,0
311.72,3
311.827,0
311.934,15
312.041,7
312.148,0
312.255,0
312.361,10
312.468,24
312.575,0
312.682,15
312.789,0
312.896,4
313.002,0
313.109,0
313.216,0
313.323,0
313.43,2
313.537,0
313.643,0
313.75,0
313.857,6
313.964,28
314.071,20
314.178,0
314.284,19
314.391,31
314.498,16
314.605,2
314.712,11
314.819,0
314.925,0
315.032,4
315.139,0
315.246,0
315.353,0
315.46,15
315.566,22
315.673,9
315.78,35
315.887,28
315.994,2
316.1,10
316.207,48
316.314,82
316.421,63
316.528,44
316.635,0
316.741,0
316.848,0
316.955,4
317.062,35
317.169,0
317.276,24
317.382,0
317.489,10
317.596,16
317.703,0
317.81,0
317.917,8
318.023,0
318.13,13
318.237,0
318.344,0
318.451,0
318.558,0
318.664,0
318.771,18
318.878,0
318.985,8
319.092,10
319.199,0
319.305,0
319.412,0
319.519,0
319.626,0
319.733,0
319.839,0
319.946,25
320.053,0
320.16,1
320.267,0
320.374,21
320.48,109
320.587,73
320.694,10
320.801,0
320.908,2
321.015,0
321.121,10
321.228,26
321.335,0
321.442,0
321.549,16
321.655,81
321.762,155
321.869,124
321.976,123
322.083,47
322.19,0
322.296,0
322.403,12
322.51,24
322.617,0
322.724,12
322.831,16
322.937,0
323.044,0
323.151,34
323.258,45
323.365,15
323.472,0
323.578,17
323.685,24
323.792,10
323.899,0
324.006,3
324.112,0
324.219,0
324.326,37
324.433,2
324.54,0
324.647,0
324.753,9
324.86,16
324.967,15
325.074,0
325.181,0
325.287,25
325.394,15
325.501,0
325.608,2
325.715,28
325.822,9
325.928,8
326.035,0
326.142,0
326.249,0
326.356,3
326.463,36
326.569,39
326.676,32
326.783,2
326.89,0
326.997,0
327.103,8
327.21,37
327.317,1
327.424,6
327.531,12
327.638,9
327.744,0
327.851,13
327.958,32
328.065,32
328.172,9
328.278,13
328.385,5
328.492,13
328.599,28
328.706,22
328.813,4
328.919,3
329.026,2
329.133,6
329.24,13
329.347,28
329.453,3
329.56,0
329.667,0
329.774,15
329.881,0
329.988,0
330.094,28
330.201,0
330.308,0
330.415,5
330.522,8
330.628,11
330.735,0
330.842,8
330.949,0
331.056,0
331.162,0
331.269,6
331.376,0
331.483,1
331.59,3
331.697,22
331.803,55
331.91,17
332.017,31
332.124,0
332.231,0
332.337,5
332.444,0
332.551,0
332.658,0
332.765,14
332.872,14
332.978,8
333.085,0
333.192,0
333.299,0
333.406,14
333.512,8
333.619,15
333.726,20
333.833,20
333.94,14
334.046,0
334.153,21
334.26,0
334.367,21
334.474,26
334.581,0
334.687,9
334.794,29
334.901,0
335.008,9
335.115,24
335.221,12
335.328,10
335.435,12
335.542,0
335.649,0
335.755,0
335.862,0
335.969,8
336.076,24
336.183,0
336.29,0
336.396,4
336.503,13
336.61,0
336.717,18
336.824,32
336.93,5
337.037,0
337.144,36
337.251,18
337.358,2
337.464,0
337.571,0
337.678,0
337.785,34
337.892,43
337.998,14
338.105,0
338.212,44
338.319,155
338.426,142
338.533,48
338.639,18
338.746,0
338.853,0
338.96,4
339.067,0
339.173,0
339.28,8
339.387,2
339.494,12
339.601,17
339.707,16
339.814,0
339.921,6
340.028,34
340.135,9
340.241,13
340.348,0
340.455,0
340.562,8
340.669,0
340.775,6
340.882,0
340.989,4
341.096,38
341.203,0
341.309,3
341.416,13
341.523,0
341.63,6
341.737,16
341.844,12
341.95,18
342.057,12
342.164,29
342.271,10
342.378,0
342.484,5
342.591,20
342.698,6
342.805,37
342.912,10
343.018,0
343.125,0
343.232,11
343.339,0
343.446,3
343.552,0
343.659,4
343.766,14
343.873,28
343.98,7
344.086,10
344.193,0
344.3,0
344.407,0
344.514,34
344.62,5
344.727,0
344.834,1
344.941,18
345.048,30
345.154,0
345.261,0
345.368,7
345.475,15
345.582,1
345.688,0
345.795,0
345.902,0
346.009,0
346.116,14
346.222,8
346.329,2
346.436,0
346.543,0
346.65,0
346.756,0
346.863,3
346.97,0
347.077,0
347.184,1
347.29,3
347.397,0
347.504,0
347.611,16
347.718,15
347.824,22
347.931,0
348.038,10
348.145,27
348.252,0
348.358,0
348.465,37
348.572,13
348.679,11
348.786,0
348.892,13
348.999,14
349.106,0
349.213,0
349.32,0
349.426,41
349.533,29
349.64,14
349.747,8
349.854,9
349.96,9
350.067,0
350.174,4
350.281,6
350.388,0
350.494,14
350.601,21
350.708,0
350.815,0
350.922,24
351.028,1
351.135,0
351.242,9
351.349,11
351.456,0
351.562,0
351.669,16
351.776,22
351.883,0
351.989,0
352.096,0
352.203,11
352.31,16
352.417,0
352.523,6
352.63,16
352.737,2
352.844,0
352.951,0
353.057,0
353.164,0
353.271,30
353.378,18
353.485,1
353.591,0
353.698,0
353.805,0
353.912,0
354.019,0
354.125,18
354.232,0
354.339,36
354.446,16
354.553,38
354.659,37
354.766,50
354.873,131
354.98,78
355.086,20
355.193,2
355.3,0
355.407,0
355.514,0
355.62,9
355.727,0
355.834,0
355.941,26
356.048,19
356.154,6
356.261,0
356.368,0
356.475,9
356.582,2
356.688,0
356.795,0
356.902,0
357.009,0
357.115,0
357.222,0
357.329,6
357.436,5
357.543,35
357.649,0
357.756,3
357.863,3
357.97,5
358.077,0
358.183,0
358.29,2
358.397,0
358.504,0
358.61,0
358.717,1
358.824,0
358.931,0
359.038,0
359.144,25
359.251,11
359.358,0
359.465,8
359.572,0
359.678,2
359.785,0
359.892,10
359.999,0
360.105,0
360.212,9
360.319,0
360.426,0
360.533,0
360.639,0
360.746,31
360.853,0
360.96,11
361.067,0
361.173,1
361.28,20
361.387,12
361.494,17
361.6,22
361.707,0
361.814,0
361.921,0
362.028,17
362.134,0
362.241,10
362.348,0
362.455,0
362.562,0
362.668,0
362.775,22
362.882,0
362.989,0
363.095,0
363.202,0
363.309,24
363.416,0
363.523,21
363.629,0
363.736,9
363.843,50
363.95,34
364.056,21
364.163,0
364.27,8
364.377,0
364.484,0
364.59,6
364.697,4
364.804,30
364.911,2
365.017,0
365.124,18
365.231,0
365.338,7
365.445,0
365.551,0
365.658,4
365.765,37
365.872,1
365.979,5
366.085,20
366.192,0
366.299,0
366.406,0
366.512,0
366.619,0
366.726,0
366.833,0
366.94,0
367.046,0
367.153,0
367.26,0
367.367,0
367.473,8
367.58,14
367.687,18
367.794,0
367.9,0
368.007,17
368.114,24
368.221,26
368.328,0
368.434,0
368.541,4
368.648,3
368.755,3
368.861,9
368.968,8
369.075,0
369.182,23
369.289,26
369.395,16
369.502,0
369.609,0
369.716,0
369.822,21
369.929,22
370.036,0
370.143,0
370.25,12
370.356,4
370.463,0
370.57,0
370.677,0
370.783,7
370.89,23
370.997,47
371.104,39
371.211,21
371.317,0
371.424,0
371.531,0
371.638,1
371.744,0
371.851,0
371.958,0
372.065,23
372.171,0
372.278,15
372.385,0
372.492,0
372.599,0
372.705,5
372.812,0
372.919,0
373.026,0
373.132,15
373.239,0
373.346,8
373.453,10
373.559,0
373.666,0
373.773,3
373.88,0
373.987,3
374.093,0
374.2,0
374.307,5
374.414,0
374.52,0
374.627,26
374.734,0
374.841,8
374.947,0
375.054,8
375.161,17
375.268,8
375.375,0
375.481,7
375.588,2
375.695,16
375.802,4
375.908,6
376.015,0
376.122,16
376.229,15
376.335,10
376.442,0
376.549,18
376.656,0
376.763,0
376.869,3
376.976,4
377.083,0
377.19,19
377.296,4
377.403,5
377.51,1
377.617,0
377.723,17
377.83,28
377.937,3
378.044,4
378.15,7
378.257,14
378.364,0
378.471,0
378.578,0
378.684,20
378.791,13
378.898,11
379.005,12
379.111,8
379.218,63
379.325,24
379.432,0
379.538,10
379.645,0
379.752,0
379.859,0
379.965,0
380.072,2
380.179,0
380.286,0
380.392,0
380.499,56
380.606,16
380.713,8
380.82,0
380.926,0
381.033,0
381.14,3
381.247,16
381.353,51
381.46,51
381.567,26
381.674,0
381.78,0
381.887,0
381.994,0
382.101,0
382.207,0
382.314,32
382.421,19
382.528,0
382.634,20
382.741,0
382.848,0
382.955,5
383.061,8
383.168,0
383.275,0
383.382,40
383.488,0
383.595,0
383.702,0
383.809,7
383.916,0
384.022,18
384.129,7
384.236,18
384.343,17
384.449,4
384.556,0
384.663,0
384.77,0
384.876,15
384.983,0
385.09,1
385.197,8
385.303,0
385.41,0
385.517,0
385.624,16
385.73,0
385.837,0
385.944,0
386.051,20
386.157,11
386.264,8
386.371,0
386.478,0
386.584,9
386.691,15
386.798,0
386.905,0
387.011,47
387.118,77
387.225,41
387.332,10
387.438,0
387.545,11
387.652,0
387.759,1
387.865,0
387.972,0
388.079,8
388.186,0
388.292,0
388.399,2
388.506,15
388.613,0
388.719,4
388.826,12
388.933,4
389.04,0
389.146,0
389.253,0
389.36,0
389.467,14
389.573,25
389.68,31
389.787,36
389.894,9
390,0
390.107,0
390.214,8
390.321,3
390.427,0
390.534,17
390.641,0
390.748,0
390.854,0
390.961,0
391.068,0
391.175,34
391.281,29
391.388,8
391.495,11
391.602,0
391.708,0
391.815,16
391.922,0
392.029,0
392.135,0
392.242,0
392.349,2
392.456,0
392.562,5
392.669,0
392.776,0
392.883,0
392.989,0
393.096,0
393.203,0
393.31,0
393.416,0
393.523,5
393.63,10
393.737,23
393.843,144
393.95,90
394.057,27
394.164,2
394.27,0
394.377,0
394.484,0
394.591,35
394.697,0
394.804,9
394.911,0
395.018,0
395.124,10
395.231,24
395.338,0
395.445,0
395.551,8
395.658,18
395.765,0
395.871,8
395.978,0
396.085,0
396.192,1
396.298,0
396.405,0
396.512,19
396.619,0
396.725,11
396.832,8
396.939,0
397.046,7
397.152,0
397.259,0
397.366,0
397.473,0
397.579,22
397.686,0
397.793,0
397.9,10
398.006,16
398.113,0
398.22,0
398.327,0
398.433,19
398.54,0
398.647,8
398.753,5
398.86,0
398.967,0
399.074,13
399.18,0
399.287,0
399.394,0
399.501,37
399.607,0
399.714,0
399.821,0
399.928,14
400.034,5
400.141,0
400.248,18
400.355,3
400.461,0
400.568,0
400.675,0
400.781,0
400.888,0
400.995,0
401.102,14
401.208,77
401.315,88
401.422,50
401.529,8
401.635,0
401.742,0
401.849,43
401.956,4
402.062,0
402.169,0
402.276,0
402.382,0
402.489,2
402.596,0
402.703,0
402.809,0
402.916,0
403.023,0
403.13,0
403.236,0
403.343,38
403.45,0
403.557,0
403.663,3
403.77,28
403.877,16
403.983,0
404.09,0
404.197,0
404.304,1
404.41,0
404.517,0
404.624,0
404.731,3
404.837,0
404.944,30
405.051,21
405.158,6
405.264,21
405.371,7
405.478,16
405.584,0
405.691,0
405.798,20
405.905,14
406.011,19
406.118,15
406.225,0
406.332,0
406.438,3
406.545,10
406.652,14
406.758,7
406.865,0
406.972,7
407.079,94
407.185,98
407.292,39
407.399,36
407.506,0
407.612,3
407.719,24
407.826,5
407.932,19
408.039,0
408.146,4
408.253,22
408.359,23
408.466,14
408.573,207
408.68,237
408.786,177
408.893,82
409,0
409.106,0
409.213,1
409.32,3
409.427,0
409.533,0
409.64,2
409.747,24
409.853,14
409.96,10
410.067,0
410.174,6
410.28,19
410.387,19
410.494,17
410.601,1
410.707,4
410.814,4
410.921,11
411.027,2
411.134,12
411.241,9
411.348,8
411.454,9
411.561,21
411.668,16
411.774,10
411.881,7
411.988,0
412.095,0
412.201,0
412.308,0
412.415,0
412.522,30
412.628,40
412.735,0
412.842,21
412.948,0
413.055,7
413.162,0
413.269,5
413.375,0
413.482,4
413.589,29
413.695,32
413.802,0
413.909,0
414.016,6
414.122,12
414.229,2
414.336,2
414.442,8
414.549,3
414.656,0
414.763,18
414.869,12
414.976,0
415.083,4
415.189,3
415.296,0
415.403,0
415.51,7
415.616,0
415.723,0
415.83,9
415.936,10
416.043,69
416.15,112
416.257,63
416.363,0
416.47,26
416.577,29
416.683,28
416.79,42
416.897,0
417.004,5
417.11,0
417.217,10
417.324,11
417.43,13
417.537,2
417.644,0
417.751,17
417.857,74
417.964,86
418.071,42
418.177,0
418.284,42
418.391,24
418.498,6
418.604,12
418.711,53
418.818,28
418.924,0
419.031,22
419.138,10
419.245,2
419.351,0
419.458,0
419.565,16
419.671,13
419.778,0
419.885,0
419.992,32
420.098,87
420.205,52
420.312,17
420.418,2
420.525,0
420.632,4
420.738,16
420.845,0
420.952,0
421.059,42
421.165,24
421.272,0
421.379,0
421.485,5
421.592,0
421.699,16
421.806,8
421.912,29
422.019,0
422.126,0
422.232,3
422.339,19
422.446,6
422.552,0
422.659,0
422.766,17
422.873,0
422.979,0
423.086,9
423.193,76
423.299,51
423.406,17
423.513,0
423.62,29
423.726,21
423.833,34
423.94,3
424.046,86
424.153,168
424.26,103
424.366,19
424.473,0
424.58,0
424.687,18
424.793,13
424.9,0
425.007,0
425.113,8
425.22,9
425.327,0
425.433,8
425.54,0
425.647,2
425.754,0
425.86,0
425.967,19
426.074,1
426.18,2
426.287,15
426.394,0
426.5,0
426.607,15
426.714,137
426.821,113
426.927,47
427.034,0
427.141,0
427.247,19
427.354,29
427.461,1
427.567,3
427.674,1
427.781,9
427.888,0
427.994,7
428.101,0
428.208,0
428.314,10
428.421,0
428.528,0
428.634,5
428.741,0
428.848,0
428.955,29
429.061,19
429.168,7
429.275,14
429.381,0
429.488,6
429.595,10
429.701,0
429.808,19
429.915,0
430.021,0
430.128,26
430.235,0
430.342,0
430.448,4
430.555,36
430.662,7
430.768,0
430.875,14
430.982,0
431.088,12
431.195,24
431.302,33
431.409,14
431.515,25
431.622,0
431.729,4
431.835,51
431.942,44
432.049,29
432.155,0
432.262,0
432.369,29
432.475,0
432.582,5
432.689,13
432.796,23
432.902,9
433.009,13
433.116,0
433.222,13
433.329,14
433.436,5
433.542,0
433.649,8
433.756,0
433.862,52
433.969,5
434.076,46
434.182,50
434.289,14
434.396,0
434.503,0
434.609,0
434.716,0
434.823,0
434.929,0
435.036,0
435.143,0
435.249,0
435.356,13
435.463,0
435.569,2
435.676,32
435.783,0
435.889,0
435.996,8
436.103,0
436.21,10
436.316,0
436.423,15
436.53,14
436.636,0
436.743,0
436.85,14
436.956,4
437.063,3
437.17,0
437.276,0
437.383,32
437.49,9
437.596,50
437.703,40
437.81,9
437.916,10
438.023,6
438.13,0
438.237,2
438.343,13
438.45,0
438.557,0
438.663,10
438.77,21
438.877,0
438.983,14
439.09,24
439.197,14
439.303,23
439.41,1
439.517,0
439.623,0
439.73,2
439.837,11
439.943,10
440.05,9
440.157,6
440.263,0
440.37,29
440.477,0
440.583,0
440.69,3
440.797,12
440.904,0
441.01,30
441.117,17
441.224,0
441.33,8
441.437,12
441.544,17
441.65,4
441.757,0
441.864,0
441.97,0
442.077,0
442.184,36
442.29,0
442.397,0
442.504,0
442.61,13
442.717,22
442.824,0
442.93,13
443.037,0
443.144,0
443.25,0
443.357,2
443.464,0
443.57,16
443.677,16
443.784,0
443.89,43
443.997,7
444.104,54
444.21,139
444.317,13
444.424,4
444.53,16
444.637,0
444.744,0
444.851,8
444.957,0
445.064,0
445.171,10
445.277,2
445.384,18
445.491,17
445.597,10
445.704,0
445.811,0
445.917,0
446.024,12
446.131,4
446.237,24
446.344,0
446.451,0
446.557,6
446.664,0
446.771,6
446.877,10
446.984,2
447.091,0
447.197,0
447.304,8
447.411,0
447.517,39
447.624,0
447.731,0
447.837,8
447.944,0
448.051,0
448.157,0
448.264,0
448.371,0
448.477,22
448.584,0
448.691,0
448.797,8
448.904,21
449.011,0
449.117,5
449.224,0
449.331,0
449.437,15
449.544,8
449.651,0
449.757,0
449.864,20
449.971,0
450.077,0
450.184,8
450.291,15
450.397,2
450.504,0
450.611,33
450.717,21
450.824,0
450.931,0
451.037,0
451.144,0
451.251,6
451.357,2
451.464,0
451.571,0
451.677,20
451.784,0
451.891,0
451.997,4
452.104,1
452.21,4
452.317,6
452.424,12
452.53,12
452.637,0
452.744,0
452.85,20
452.957,2
453.064,0
453.17,5
453.277,8
453.384,18
453.49,0
453.597,21
453.704,7
453.81,0
453.917,53
454.024,157
454.13,97
454.237,33
454.344,0
454.45,0
454.557,0
454.664,0
454.77,0
454.877,15
454.984,0
455.09,0
455.197,45
455.304,52
455.41,0
455.517,4
455.624,6
455.73,7
455.837,2
455.944,0
456.05,21
456.157,43
456.263,0
456.37,0
456.477,29
456.583,20
456.69,0
456.797,10
456.903,25
457.01,0
457.117,0
457.223,0
457.33,0
457.437,0
457.543,10
457.65,0
457.757,0
457.863,8
457.97,2
458.077,15
458.183,0
458.29,0
458.397,24
458.503,2
458.61,17
458.716,14
458.823,16
458.93,0
459.036,0
459.143,0
459.25,0
459.356,0
459.463,0
459.57,0
459.676,29
459.783,2
459.89,0
459.996,9
460.103,0
460.21,34
460.316,10
460.423,34
460.53,66
460.636,14
460.743,18
460.849,0
460.956,19
461.063,26
461.169,0
461.276,0
461.383,26
461.489,19
461.596,0
461.703,0
461.809,15
461.916,0
462.023,0
462.129,8
462.236,0
462.342,0
462.449,0
462.556,0
462.662,0
462.769,0
462.876,18
462.982,14
463.089,3
463.196,7
463.302,0
463.409,2
463.516,13
463.622,0
463.729,0
463.835,20
463.942,2
464.049,8
464.155,6
464.262,0
464.369,3
464.475,0
464.582,0
464.689,0
464.795,15
464.902,4
465.009,0
465.115,16
465.222,12
465.328,20
465.435,0
465.542,19
465.648,0
465.755,0
465.862,24
465.968,25
466.075,0
466.182,0
466.288,4
466.395,18
466.501,26
466.608,26
466.715,85
466.821,40
466.928,54
467.035,22
467.141,0
467.248,1
467.355,0
467.461,0
467.568,3
467.674,0
467.781,36
467.888,11
467.994,0
468.101,0
468.208,12
468.314,20
468.421,0
468.528,3
468.634,0
468.741,16
468.847,26
468.954,80
469.061,208
469.167,157
469.274,42
469.381,0
469.487,0
469.594,0
469.701,12
469.807,2
469.914,8
470.02,0
470.127,5
470.234,8
470.34,3
470.447,5
470.554,33
470.66,109
470.767,67
470.873,25
470.98,12
471.087,0
471.193,6
471.3,17
471.407,0
471.513,0
471.62,28
471.727,0
471.833,64
471.94,67
472.046,43
472.153,0
472.26,0
472.366,0
472.473,17
472.58,11
472.686,0
472.793,1
472.899,24
473.006,0
473.113,0
473.219,0
473.326,16
473.433,20
473.539,0
473.646,0
473.752,0
473.859,1
473.966,3
474.072,0
474.179,26
474.286,16
474.392,0
474.499,24
474.605,0
474.712,1
474.819,0
474.925,22
475.032,0
475.139,2
475.245,6
475.352,64
475.458,104
475.565,59
475.672,0
475.778,0
475.885,0
475.992,19
476.098,0
476.205,24
476.311,0
476.418,20
476.525,14
476.631,24
476.738,0
476.844,3
476.951,0
477.058,13
477.164,19
477.271,0
477.378,4
477.484,0
477.591,16
477.697,6
477.804,17
477.911,11
478.017,0
478.124,4
478.231,45
478.337,14
478.444,59
478.55,67
478.657,2
478.764,5
478.87,4
478.977,0
479.083,0
479.19,10
479.297,0
479.403,0
479.51,0
479.617,0
479.723,17
479.83,2
479.936,0
480.043,8
480.15,22
480.256,0
480.363,1
480.469,0
480.576,0
480.683,2
480.789,6
480.896,5
481.003,14
481.109,1
481.216,0
481.322,15
481.429,14
481.536,0
481.642,9
481.749,0
481.855,7
481.962,0
482.069,11
482.175,0
482.282,16
482.388,7
482.495,9
482.602,10
482.708,0
482.815,0
482.922,18
483.028,10
483.135,15
483.241,1
483.348,2
483.455,0
483.561,1
483.668,0
483.774,37
483.881,38
483.988,0
484.094,7
484.201,10
484.307,4
484.414,11
484.521,6
484.627,0
484.734,44
484.84,5
484.947,11
485.054,0
485.16,13
485.267,0
485.373,38
485.48,14
485.587,0
485.693,4
485.8,0
485.907,25
486.013,2
486.12,2
486.226,0
486.333,15
486.44,0
486.546,14
486.653,0
486.759,15
486.866,2
486.973,0
487.079,0
487.186,34
487.292,29
487.399,0
487.506,3
487.612,0
487.719,7
487.825,0
487.932,11
488.039,0
488.145,0
488.252,9
488.358,0
488.465,0
488.572,12
488.678,0
488.785,9
488.891,21
488.998,16
489.105,0
489.211,6
489.318,19
489.424,24
489.531,4
489.638,0
489.744,15
489.851,2
489.957,0
490.064,18
490.171,0
490.277,0
490.384,0
490.49,10
490.597,3
490.704,26
490.81,11
490.917,2
491.023,0
491.13,21
491.237,24
491.343,0
491.45,7
491.556,22
491.663,0
491.769,16
491.876,0
491.983,19
492.089,0
492.196,8
492.302,0
492.409,11
492.516,20
492.622,14
492.729,0
492.835,0
492.942,14
493.049,0
493.155,0
493.262,16
493.368,27
493.475,0
493.582,0
493.688,8
493.795,13
493.901,13
494.008,9
494.114,9
494.221,0
494.328,23
494.434,4
494.541,30
494.647,65
494.754,47
494.861,0
494.967,0
495.074,0
495.18,7
495.287,0
495.394,0
495.5,29
495.607,6
495.713,11
495.82,13
495.926,4
496.033,0
496.14,12
496.246,20
496.353,13
496.459,0
496.566,7
496.673,0
496.779,2
496.886,6
496.992,8
497.099,0
497.206,6
497.312,1
497.419,15
497.525,9
497.632,0
497.738,0
497.845,30
497.952,0
498.058,0
498.165,0
498.271,0
498.378,1
498.485,0
498.591,13
498.698,16
498.804,6
498.911,6
499.017,15
499.124,16
499.231,13
499.337,19
499.444,32
499.55,0
499.657,16
499.763,0
499.87,0
499.977,6
500.083,0
500.19,7
500.296,11
500.403,6
500.51,0
500.616,7
500.723,3
500.829,24
500.936,0
501.042,0
501.149,21
501.256,0
501.362,0
501.469,0
501.575,0
501.682,22
501.788,0
501.895,0
502.002,5
502.108,21
502.215,0
502.321,30
502.428,0
502.534,0
502.641,151
502.748,150
502.854,37
502.961,0
503.067,0
503.174,0
503.281,0
503.387,0
503.494,0
503.6,1
503.707,0
503.813,9
503.92,10
504.027,0
504.133,10
504.24,0
504.346,24
504.453,9
504.559,0
504.666,3
504.773,0
504.879,22
504.986,41
505.092,42
505.199,45
505.305,36
505.412,76
505.518,51
505.625,66
505.732,109
505.838,105
505.945,51
506.051,184
506.158,326
506.264,513
506.371,563
506.478,665
506.584,641
506.691,906
506.797,677
506.904,246
507.01,0
507.117,0
507.224,0
507.33,0
507.437,0
507.543,23
507.65,76
507.756,126
507.863,172
507.97,142
508.076,52
508.183,0
508.289,0
508.396,0
508.502,119
508.609,130
508.715,44
508.822,9
508.929,0
509.035,0
509.142,0
509.248,8
509.355,67
509.461,77
509.568,68
509.675,84
509.781,8
509.888,4
509.994,2
510.101,0
510.207,0
510.314,0
510.42,6
510.527,0
510.634,0
510.74,19
510.847,28
510.953,0
511.06,0
511.166,0
511.273,32
511.379,0
511.486,0
511.593,0
511.699,0
511.806,13
511.912,17
512.019,5
512.125,0
512.232,0
512.339,0
512.445,21
512.552,36
512.658,1
512.765,0
512.871,0
512.978,3
513.084,0
513.191,8
513.298,20
513.404,28
513.511,10
513.617,20
513.724,158
513.83,231
513.937,144
514.043,26
514.15,0
514.256,0
514.363,26
514.47,51
514.576,30
514.683,16
514.789,10
514.896,17
515.002,5
515.109,5
515.215,34
515.322,2
515.429,2
515.535,0
515.642,2
515.748,0
515.855,0
515.961,0
516.068,19
516.174,0
516.281,6
516.388,27
516.494,2
516.601,0
516.707,13
516.814,0
516.92,4
517.027,17
517.133,10
517.24,9
517.346,10
517.453,8
517.56,5
517.666,12
517.773,0
517.879,0
517.986,12
518.092,4
518.199,0
518.305,0
518.412,0
518.518,18
518.625,10
518.732,0
518.838,27
518.945,0
519.051,0
519.158,50
519.264,40
519.371,0
519.477,0
519.584,0
519.69,0
519.797,13
519.903,0
520.01,0
520.117,19
520.223,12
520.33,0
520.436,0
520.543,0
520.649,0
520.756,15
520.862,0
520.969,0
521.075,8
521.182,0
521.289,18
521.395,0
521.502,0
521.608,0
521.715,0
521.821,21
521.928,2
522.034,0
522.141,28
522.247,28
522.354,0
522.46,0
522.567,20
522.674,0
522.78,12
522.887,3
522.993,54
523.1,58
523.206,28
523.313,8
523.419,11
523.526,16
523.632,12
523.739,0
523.845,0
523.952,0
524.058,14
524.165,16
524.272,0
524.378,12
524.485,0
524.591,30
524.698,29
524.804,0
524.911,0
525.017,0
525.124,11
525.23,4
525.337,29
525.443,40
525.55,3
525.656,23
525.763,4
525.87,0
525.976,6
526.083,4
526.189,0
526.296,0
526.402,0
526.509,0
526.615,35
526.722,32
526.828,26
526.935,0
527.041,7
527.148,2
527.254,0
527.361,12
527.467,0
527.574,21
527.68,4
527.787,3
527.894,13
528,0
528.107,6
528.213,8
528.32,14
528.426,0
528.533,15
528.639,16
528.746,0
528.852,6
528.959,5
529.065,4
529.172,2
529.278,5
529.385,0
529.491,10
529.598,8
529.704,4
529.811,22
529.918,24
530.024,0
530.131,17
530.237,1
530.344,0
530.45,4
530.557,0
530.663,0
530.77,14
530.876,12
530.983,0
531.089,0
531.196,9
531.302,19
531.409,5
531.515,0
531.622,0
531.728,26
531.835,0
531.941,23
532.048,0
532.154,0
532.261,8
532.367,0
532.474,18
532.581,11
532.687,0
532.794,17
532.9,22
533.007,12
533.113,4
533.22,40
533.326,15
533.433,2
533.539,13
533.646,0
533.752,0
533.859,0
533.965,32
534.072,18
534.178,0
534.285,2
534.391,0
534.498,5
534.604,8
534.711,0
534.817,0
534.924,21
535.03,19
535.137,29
535.243,0
535.35,0
535.456,2
535.563,15
535.669,0
535.776,0
535.882,0
535.989,0
536.095,6
536.202,3
536.308,0
536.415,0
536.521,0
536.628,17
536.735,2
536.841,0
536.948,20
537.054,7
537.161,0
537.267,0
537.374,0
537.48,0
537.587,13
537.693,3
537.8,8
537.906,21
538.013,36
538.119,0
538.226,45
538.332,0
538.439,0
538.545,16
538.652,0
538.758,0
538.865,0
538.971,14
539.078,8
539.184,8
539.291,26
539.397,24
539.504,3
539.61,0
539.717,16
539.823,22
539.93,4
540.036,0
540.143,6
540.249,0
540.356,0
540.462,33
540.569,35
540.675,0
540.782,0
540.888,7
540.995,0
541.101,0
541.208,28
541.314,7
541.421,6
541.527,3
541.634,0
541.74,24
541.847,26
541.953,13
542.06,0
542.166,0
542.273,58
542.379,54
542.486,35
542.592,39
542.699,5
542.805,0
542.912,4
543.018,21
543.125,0
543.231,11
543.338,1
543.444,5
543.551,19
543.657,2
543.764,0
543.87,0
543.977,0
544.083,0
544.19,8
544.296,2
544.403,10
544.509,0
544.616,0
544.722,8
544.829,16
544.935,14
545.042,0
545.148,16
545.255,0
545.361,14
545.467,0
545.574,4
545.68,0
545.787,20
545.893,24
546,0
546.106,28
546.213,20
546.319,0
546.426,14
546.532,0
546.639,0
546.745,0
546.852,0
546.958,16
547.065,0
547.171,0
547.278,14
547.384,9
547.491,0
547.597,3
547.704,40
547.81,0
547.917,11
548.023,0
548.13,4
548.236,0
548.343,0
548.449,22
548.556,0
548.662,0
548.769,0
548.875,3
548.982,3
549.088,0
549.195,20
549.301,10
549.408,0
549.514,0
549.62,0
549.727,2
549.833,13
549.94,0
550.046,0
550.153,6
550.259,15
550.366,6
550.472,10
550.579,0
550.685,0
550.792,0
550.898,0
551.005,0
551.111,20
551.218,46
551.324,7
551.431,0
551.537,21
551.644,0
551.75,0
551.857,18
551.963,15
552.07,11
552.176,0
552.282,0
552.389,14
552.495,9
552.602,0
552.708,2
552.815,0
552.921,0
553.028,11
553.134,0
553.241,6
553.347,0
553.454,0
553.56,1
553.667,3
553.773,10
553.88,0
553.986,18
554.093,0
554.199,3
554.305,0
554.412,2
554.518,0
554.625,19
554.731,23
554.838,0
554.944,36
555.051,24
555.157,24
555.264,55
555.37,18
555.477,16
555.583,0
555.69,22
555.796,0
555.903,0
556.009,0
556.115,5
556.222,12
556.328,0
556.435,0
556.541,22
556.648,94
556.754,50
556.861,0
556.967,0
557.074,0
557.18,30
557.287,34
557.393,62
557.5,62
557.606,30
557.713,3
557.819,0
557.925,19
558.032,0
558.138,0
558.245,16
558.351,0
558.458,0
558.564,0
558.671,0
558.777,43
558.884,106
558.99,76
559.097,13
559.203,10
559.309,8
559.416,0
559.522,0
559.629,74
559.735,93
559.842,52
559.948,2
560.055,0
560.161,11
560.268,0
560.374,0
560.481,28
560.587,19
560.693,19
560.8,0
560.906,9
561.013,22
561.119,26
561.226,14
561.332,0
561.439,0
561.545,0
561.652,0
561.758,17
561.864,5
561.971,5
562.077,0
562.184,0
562.29,37
562.397,7
562.503,0
562.61,19
562.716,8
562.823,0
562.929,0
563.035,0
563.142,9
563.248,78
563.355,240
563.461,186
563.568,48
563.674,0
563.781,0
563.887,0
563.994,24
564.1,0
564.206,5
564.313,15
564.419,0
564.526,6
564.632,5
564.739,0
564.845,5
564.952,0
565.058,12
565.165,0
565.271,7
565.377,7
565.484,0
565.59,0
565.697,3
565.803,39
565.91,0
566.016,9
566.123,26
566.229,0
566.335,2
566.442,0
566.548,0
566.655,0
566.761,4
566.868,4
566.974,0
567.081,28
567.187,3
567.293,36
567.4,30
567.506,16
567.613,21
567.719,4
567.826,8
567.932,0
568.039,0
568.145,8
568.251,1
568.358,25
568.464,9
568.571,8
568.677,0
568.784,9
568.89,4
568.997,0
569.103,0
569.209,19
569.316,5
569.422,0
569.529,0
569.635,9
569.742,26
569.848,24
569.955,0
570.061,0
570.167,2
570.274,0
570.38,0
570.487,25
570.593,0
570.7,3
570.806,0
570.912,0
571.019,9
571.125,140
571.232,177
571.338,111
571.445,34
571.551,0
571.658,0
571.764,29
571.87,0
571.977,0
572.083,0
572.19,0
572.296,0
572.403,43
572.509,0
572.615,0
572.722,0
572.828,0
572.935,0
573.041,20
573.148,0
573.254,0
573.36,0
573.467,25
573.573,0
573.68,0
573.786,26
573.893,23
573.999,8
574.105,0
574.212,28
574.318,0
574.425,9
574.531,0
574.638,13
574.744,0
574.85,19
574.957,0
575.063,7
575.17,6
575.276,0
575.383,4
575.489,23
575.595,13
575.702,0
575.808,18
575.915,17
576.021,0
576.128,5
576.234,0
576.34,0
576.447,0
576.553,18
576.66,9
576.766,0
576.873,23
576.979,2
577.085,4
577.192,0
577.298,28
577.405,0
577.511,4
577.618,0
577.724,0
577.83,0
577.937,0
578.043,0
578.15,26
578.256,0
578.363,8
578.469,0
578.575,0
578.682,28
578.788,4
578.895,0
579.001,0
579.107,4
579.214,5
579.32,0
579.427,11
579.533,15
579.64,13
579.746,23
579.852,0
579.959,42
580.065,15
580.172,24
580.278,2
580.384,0
580.491,8
580.597,20
580.704,0
580.81,0
580.917,0
581.023,9
581.129,14
581.236,24
581.342,8
581.449,18
581.555,0
581.661,0
581.768,0
581.874,0
581.981,0
582.087,0
582.193,15
582.3,0
582.406,0
582.513,0
582.619,0
582.726,13
582.832,0
582.938,0
583.045,54
583.151,14
583.258,0
583.364,6
583.47,0
583.577,13
583.683,16
583.79,8
583.896,13
584.002,0
584.109,0
584.215,10
584.322,0
584.428,0
584.535,9
584.641,0
584.747,21
584.854,33
584.96,0
585.067,34
585.173,1
585.279,0
585.386,0
585.492,0
585.599,0
585.705,17
585.811,0
585.918,7
586.024,0
586.131,0
586.237,7
586.343,3
586.45,11
586.556,16
586.663,29
586.769,9
586.875,0
586.982,0
587.088,0
587.195,0
587.301,0
587.407,0
587.514,0
587.62,6
587.727,0
587.833,0
587.939,18
588.046,0
588.152,3
588.259,0
588.365,0
588.471,15
588.578,10
588.684,0
588.791,0
588.897,42
589.003,0
589.11,0
589.216,1
589.323,6
589.429,5
589.535,22
589.642,5
589.748,0
589.855,46
589.961,0
590.067,11
590.174,8
590.28,0
590.387,4
590.493,0
590.599,14
590.706,0
590.812,0
590.918,0
591.025,24
591.131,29
591.238,3
591.344,9
591.45,0
591.557,0
591.663,5
591.77,0
591.876,0
591.982,0
592.089,0
592.195,0
592.302,0
592.408,0
592.514,20
592.621,0
592.727,17
592.834,3
592.94,2
593.046,30
593.153,2
593.259,14
593.365,0
593.472,0
593.578,0
593.685,29
593.791,44
593.897,1
594.004,0
594.11,0
594.217,0
594.323,0
594.429,0
594.536,0
594.642,0
594.748,0
594.855,4
594.961,1
595.068,0
595.174,13
595.28,0
595.387,0
595.493,8
595.6,0
595.706,12
595.812,10
595.919,0
596.025,0
596.131,16
596.238,21
596.344,0
596.451,8
596.557,0
596.663,3
596.77,3
596.876,0
596.982,0
597.089,15
597.195,0
597.302,0
597.408,18
597.514,0
597.621,2
597.727,6
597.833,0
597.94,0
598.046,0
598.153,6
598.259,0
598.365,0
598.472,0
598.578,0
598.685,0
598.791,5
598.897,140
599.004,148
599.11,65
599.216,14
599.323,0
599.429,0
599.535,11
599.642,21
599.748,3
599.855,14
599.961,0
600.067,23
600.174,4
600.28,9
600.386,10
600.493,0
600.599,9
600.706,5
600.812,0
600.918,2
601.025,0
601.131,0
601.237,0
601.344,7
601.45,5
601.557,1
601.663,14
601.769,0
601.876,0
601.982,37
602.088,0
602.195,0
602.301,0
602.407,9
602.514,23
602.62,4
602.727,5
602.833,28
602.939,18
603.046,4
603.152,4
603.258,13
603.365,17
603.471,0
603.577,0
603.684,0
603.79,0
603.897,9
604.003,13
604.109,9
604.216,84
604.322,112
604.428,66
604.535,27
604.641,0
604.747,0
604.854,0
604.96,3
605.067,29
605.173,0
605.279,0
605.386,0
605.492,20
605.598,5
605.705,0
605.811,0
605.917,22
606.024,16
606.13,17
606.236,27
606.343,0
606.449,0
606.556,0
606.662,0
606.768,15
606.875,48
606.981,78
607.087,60
607.194,0
607.3,0
607.406,0
607.513,0
607.619,0
607.725,0
607.832,3
607.938,0
608.045,0
608.151,0
608.257,0
608.364,0
608.47,0
608.576,0
608.683,0
608.789,0
608.895,0
609.002,6
609.108,7
609.214,0
609.321,16
609.427,56
609.533,51
609.64,16
609.746,0
609.852,0
609.959,0
610.065,0
610.172,0
610.278,0
610.384,0
610.491,0
610.597,6
610.703,0
610.81,0
610.916,0
611.022,0
611.129,12
611.235,0
611.341,2
611.448,0
611.554,0
611.66,17
611.767,0
611.873,0
611.979,5
612.086,10
612.192,0
612.298,11
612.405,0
612.511,0
612.617,2
612.724,0
612.83,0
612.936,1
613.043,2
613.149,0
613.255,0
613.362,0
613.468,0
613.575,0
613.681,0
613.787,6
613.894,14
614,0
614.106,0
614.213,12
614.319,6
614.425,0
614.532,0
614.638,4
614.744,0
614.851,1
614.957,33
615.063,32
615.17,0
615.276,0
615.382,0
615.489,19
615.595,125
615.701,105
615.808,70
615.914,0
616.02,2
616.127,7
616.233,24
616.339,0
616.446,0
616.552,26
616.658,13
616.765,0
616.871,0
616.977,0
617.084,18
617.19,0
617.296,0
617.403,33
617.509,2
617.615,25
617.722,8
617.828,23
617.934,0
618.041,0
618.147,0
618.253,0
618.36,16
618.466,12
618.572,2
618.679,0
618.785,20
618.891,18
618.998,7
619.104,17
619.21,70
619.316,26
619.423,0
619.529,0
619.635,2
619.742,0
619.848,0
619.954,0
620.061,11
620.167,20
620.273,72
620.38,63
620.486,34
620.592,13
620.699,0
620.805,17
620.911,0
621.018,0
621.124,0
621.23,4
621.337,1
621.443,13
621.549,0
621.656,1
621.762,13
621.868,10
621.975,0
622.081,0
622.187,19
622.294,0
622.4,0
622.506,0
622.612,3
622.719,0
622.825,1
622.931,15
623.038,11
623.144,0
623.25,0
623.357,30
623.463,5
623.569,0
623.676,14
623.782,21
623.888,38
623.995,50
624.101,5
624.207,7
624.314,7
624.42,14
624.526,0
624.632,8
624.739,2
624.845,0
624.951,0
625.058,0
625.164,4
625.27,14
625.377,0
625.483,0
625.589,32
625.696,47
625.802,12
625.908,0
626.015,0
626.121,0
626.227,0
626.333,6
626.44,0
626.546,0
626.652,0
626.759,0
626.865,4
626.971,0
627.078,0
627.184,1
627.29,0
627.397,19
627.503,5
627.609,0
627.715,0
627.822,8
627.928,2
628.034,0
628.141,0
628.247,13
628.353,10
628.46,0
628.566,4
628.672,0
628.778,0
628.885,0
628.991,0
629.097,7
629.204,0
629.31,0
629.416,0
629.523,21
629.629,1
629.735,0
629.841,0
629.948,27
630.054,0
630.16,3
630.267,17
630.373,13
630.479,21
630.586,3
630.692,0
630.798,16
630.904,19
631.011,33
631.117,0
631.223,0
631.33,1
631.436,1
631.542,35
631.649,0
631.755,0
631.861,2
631.967,0
632.074,4
632.18,26
632.286,24
632.393,0
632.499,0
632.605,0
632.711,0
632.818,0
632.924,49
633.03,44
633.137,37
633.243,18
633.349,0
633.456,0
633.562,0
633.668,12
633.774,4
633.881,0
633.987,0
634.093,14
634.2,22
634.306,0
634.412,0
634.518,0
634.625,20
634.731,0
634.837,8
634.944,0
635.05,30
635.156,12
635.262,8
635.369,10
635.475,4
635.581,11
635.688,2
635.794,0
635.9,5
636.006,0
636.113,0
636.219,28
636.325,49
636.432,0
636.538,22
636.644,0
636.75,0
636.857,12
636.963,0
637.069,25
637.176,0
637.282,17
637.388,7
637.494,0
637.601,0
637.707,4
637.813,6
637.92,10
638.026,0
638.132,0
638.238,0
638.345,17
638.451,0
638.557,7
638.663,26
638.77,27
638.876,19
638.982,2
639.089,0
639.195,0
639.301,0
639.407,0
639.514,0
639.62,7
639.726,0
639.833,38
639.939,6
640.045,12
640.151,0
640.258,0
640.364,19
640.47,14
640.576,0
640.683,13
640.789,0
640.895,0
641.002,9
641.108,2
641.214,14
641.32,0
641.427,4
641.533,14
641.639,0
641.745,0
641.852,0
641.958,0
642.064,5
642.171,1
642.277,0
642.383,0
642.489,0
642.596,16
642.702,6
642.808,0
642.914,5
643.021,8
643.127,0
643.233,18
643.339,4
643.446,2
643.552,0
643.658,17
643.765,0
643.871,19
643.977,11
644.083,0
644.19,11
644.296,0
644.402,0
644.508,0
644.615,2
644.721,2
644.827,0
644.933,32
645.04,3
645.146,35
645.252,7
645.358,5
645.465,0
645.571,0
645.677,11
645.784,0
645.89,5
645.996,22
646.102,24
646.209,0
646.315,7
646.421,4
646.527,6
646.634,13
646.74,0
646.846,29
646.952,18
647.059,0
647.165,0
647.271,9
647.377,21
647.484,0
647.59,17
647.696,9
647.802,0
647.909,0
648.015,21
648.121,22
648.227,12
648.334,0
648.44,22
648.546,0
648.652,27
648.759,0
648.865,0
648.971,0
649.077,0
649.184,0
649.29,0
649.396,0
649.502,2
649.609,0
649.715,32
649.821,44
649.927,56
650.034,66
650.14,147
650.246,82
650.352,7
650.459,6
650.565,0
650.671,0
650.777,0
650.884,95
650.99,88
651.096,119
651.202,88
651.309,38
651.415,0
651.521,0
651.627,11
651.734,50
651.84,15
651.946,0
652.052,20
652.159,0
652.265,9
652.371,6
652.477,0
652.584,21
652.69,0
652.796,18
652.902,12
653.009,7
653.115,17
653.221,31
653.327,0
653.434,0
653.54,0
653.646,0
653.752,4
653.858,0
653.965,0
654.071,0
654.177,3
654.283,19
654.39,16
654.496,0
654.602,12
654.708,1
654.815,21
654.921,0
655.027,18
655.133,11
655.24,0
655.346,11
655.452,0
655.558,0
655.665,0
655.771,0
655.877,0
655.983,0
656.089,0
656.196,26
656.302,98
656.408,104
656.514,44
656.621,18
656.727,0
656.833,20
656.939,12
657.046,0
657.152,7
657.258,0
657.364,7
657.47,22
657.577,30
657.683,38
657.789,42
657.895,26
658.002,9
658.108,20
658.214,0
658.32,0
658.427,2
658.533,0
658.639,0
658.745,5
658.851,0
658.958,0
659.064,0
659.17,2
659.276,0
659.383,13
659.489,0
659.595,0
659.701,0
659.807,0
659.914,0
660.02,0
660.126,14
660.232,0
660.339,23
660.445,19
660.551,33
660.657,26
660.763,6
660.87,0
660.976,32
661.082,0
661.188,28
661.295,4
661.401,0
661.507,0
661.613,0
661.719,14
661.826,0
661.932,0
662.038,2
662.144,0
662.251,16
662.357,22
662.463,30
662.569,0
662.675,0
662.782,17
662.888,0
662.994,3
663.1,0
663.206,30
663.313,39
663.419,0
663.525,19
663.631,0
663.738,0
663.844,5
663.95,25
664.056,0
664.162,0
664.269,0
664.375,0
664.481,67
664.587,44
664.693,14
664.8,45
664.906,165
665.012,205
665.118,114
665.225,40
665.331,50
665.437,7
665.543,15
665.649,44
665.756,36
665.862,22
665.968,49
666.074,50
666.18,104
666.287,57
666.393,21
666.499,0
666.605,0
666.711,0
666.818,0
666.924,0
667.03,82
667.136,83
667.242,13
667.349,0
667.455,0
667.561,0
667.667,5
667.773,0
667.88,0
667.986,0
668.092,75
668.198,108
668.304,169
668.411,143
668.517,29
668.623,0
668.729,0
668.835,24
668.942,148
669.048,107
669.154,0
669.26,0
669.366,0
669.473,0
669.579,17
669.685,73
669.791,57
669.897,0
670.004,0
670.11,0
670.216,0
670.322,14
670.428,0
670.535,25
670.641,0
670.747,6
670.853,0
670.959,14
671.066,0
671.172,0
671.278,2
671.384,0
671.49,0
671.597,0
671.703,6
671.809,0
671.915,0
672.021,8
672.128,43
672.234,4
672.34,4
672.446,12
672.552,6
672.658,16
672.765,11
672.871,12
672.977,0
673.083,0
673.189,65
673.296,91
673.402,56
673.508,23
673.614,0
673.72,0
673.827,0
673.933,0
674.039,0
674.145,0
674.251,4
674.357,4
674.464,14
674.57,21
674.676,0
674.782,10
674.888,0
674.995,0
675.101,0
675.207,0
675.313,17
675.419,35
675.526,14
675.632,0
675.738,0
675.844,3
675.95,10
676.056,22
676.163,24
676.269,12
676.375,0
676.481,0
676.587,7
676.693,7
676.8,0
676.906,15
677.012,22
677.118,17
677.224,5
677.331,15
677.437,20
677.543,16
677.649,0
677.755,3
677.861,1
677.968,0
678.074,82
678.18,212
678.286,120
678.392,37
678.498,0
678.605,0
678.711,34
678.817,23
678.923,0
679.029,0
679.136,0
679.242,0
679.348,4
679.454,17
679.56,0
679.666,27
679.773,12
679.879,0
679.985,8
680.091,14
680.197,11
680.303,23
680.41,0
680.516,0
680.622,33
680.728,168
680.834,182
680.94,59
681.047,13
681.153,25
681.259,68
681.365,37
681.471,0
681.577,0
681.684,0
681.79,0
681.896,2
682.002,26
682.108,19
682.214,21
682.321,8
682.427,8
682.533,4
682.639,0
682.745,0
682.851,0
682.958,0
683.064,0
683.17,24
683.276,40
683.382,0
683.488,0
683.595,0
683.701,12
683.807,16
683.913,0
684.019,0
684.125,0
684.231,20
684.338,30
684.444,0
684.55,11
684.656,0
684.762,0
684.868,17
684.975,2
685.081,0
685.187,13
685.293,5
685.399,27
685.505,27
685.611,11
685.718,0
685.824,14
685.93,14
686.036,0
686.142,0
686.248,1
686.355,21
686.461,21
686.567,0
686.673,25
686.779,9
686.885,4
686.991,0
687.098,0
687.204,21
687.31,0
687.416,1
687.522,24
687.628,13
687.735,0
687.841,0
687.947,8
688.053,40
688.159,0
688.265,6
688.371,9
688.478,7
688.584,0
688.69,40
688.796,8
688.902,3
689.008,0
689.114,0
689.221,0
689.327,56
689.433,48
689.539,0
689.645,14
689.751,0
689.857,0
689.964,4
690.07,0
690.176,28
690.282,0
690.388,0
690.494,7
690.6,0
690.707,0
690.813,0
690.919,0
691.025,0
691.131,0
691.237,24
691.343,14
691.45,0
691.556,2
691.662,0
691.768,19
691.874,0
691.98,22
692.086,0
692.193,0
692.299,0
692.405,2
692.511,3
692.617,0
692.723,0
692.829,0
692.935,22
693.042,0
693.148,0
693.254,22
693.36,11
693.466,0
693.572,0
693.678,12
693.785,0
693.891,30
693.997,27
694.103,0
694.209,11
694.315,0
694.421,17
694.527,7
694.634,10
694.74,8
694.846,21
694.952,2
695.058,0
695.164,13
695.27,1
695.376,0
695.483,10
695.589,4
695.695,0
695.801,8
695.907,0
696.013,19
696.119,0
696.225,6
696.332,0
696.438,0
696.544,12
696.65,0
696.756,0
696.862,18
696.968,14
697.074,0
697.181,0
697.287,0
697.393,18
697.499,0
697.605,0
697.711,0
697.817,0
697.923,32
698.03,0
698.136,0
698.242,0
698.348,8
698.454,17
698.56,15
698.666,2
698.772,0
698.879,0
698.985,4
699.091,17
699.197,0
699.303,0
699.409,43
699.515,30
