59.6807,17
59.8815,4
60.0822,5
60.283,7
60.4837,0
60.6845,17
60.8852,2
61.086,0
61.2867,1
61.4875,1
61.6882,5
61.889,0
62.0897,0
62.2905,7
62.4912,5
62.692,0
62.8927,8
63.0935,10
63.2942,11
63.495,11
63.6957,4
63.8964,0
64.0972,24
64.2979,0
64.4987,27
64.6994,32
64.9001,0
65.1009,7
65.3016,22
65.5023,0
65.7031,19
65.9038,3
66.1045,10
66.3053,23
66.506,10
66.7067,21
66.9075,1
67.1082,22
67.3089,24
67.5097,6
67.7104,3
67.9111,19
68.1118,17
68.3126,0
68.5133,15
68.714,0
68.9147,0
69.1155,9
69.3162,13
69.5169,3
69.7176,0
69.9183,21
70.1191,5
70.3198,4
70.5205,7
70.7212,6
70.9219,2
71.1226,0
71.3234,0
71.5241,16
71.7248,0
71.9255,6
72.1262,16
72.3269,4
72.5276,0
72.7283,1
72.929,29
73.1298,0
73.3305,5
73.5312,3
73.7319,9
73.9326,5
74.1333,15
74.334,0
74.5347,15
74.7354,8
74.9361,5
75.1368,7
75.3375,16
75.5382,5
75.7389,0
75.9396,0
76.1403,6
76.341,16
76.5417,14
76.7424,11
76.9431,6
77.1438,13
77.3445,9
77.5451,9
77.7458,6
77.9465,10
78.1472,16
78.3479,5
78.5486,0
78.7493,26
78.95,10
79.1507,0
79.3513,9
79.552,0
79.7527,4
79.9534,7
80.1541,22
80.3548,12
80.5554,9
80.7561,6
80.9568,0
81.1575,20
81.3582,27
81.5588,23
81.7595,12
81.9602,0
82.1609,13
82.3615,0
82.5622,7
82.7629,0
82.9636,20
83.1642,11
83.3649,0
83.5656,14
83.7662,8
83.9669,22
84.1676,0
84.3682,6
84.5689,10
84.7696,7
84.9702,12
85.1709,2
85.3716,0
85.5722,4
85.7729,22
85.9736,8
86.1742,4
86.3749,21
86.5755,17
86.7762,10
86.9769,3
87.1775,0
87.3782,11
87.5788,13
87.7795,2
87.9801,28
88.1808,0
88.3814,9
88.5821,28
88.7827,4
88.9834,24
89.184,7
89.3847,2
89.5853,19
89.786,5
89.9866,2
90.1873,7
90.3879,21
90.5886,0
90.7892,0
90.9899,0
91.1905,13
91.3912,16
91.5918,14
91.7924,0
91.9931,16
92.1937,8
92.3944,5
92.595,0
92.7956,24
92.9963,0
93.1969,14
93.3975,10
93.5982,17
93.7988,0
93.9995,0
94.2001,0
94.4007,10
94.6014,3
94.802,0
95.0026,4
95.2032,0
95.4039,0
95.6045,0
95.8051,10
96.0058,6
96.2064,12
96.407,0
96.6076,5
96.8083,7
97.0089,19
97.2095,6
97.4101,2
97.6107,7
97.8114,11
98.012,8
98.2126,0
98.4132,10
98.6138,14
98.8145,8
99.0151,0
99.2157,0
99.4163,0
99.6169,12
99.8175,6
100.018,15
100.219,4
100.419,7
100.62,13
100.821,9
101.021,18
101.222,8
101.422,0
101.623,8
101.824,6
102.024,0
102.225,21
102.425,9
102.626,8
102.827,21
103.027,10
103.228,19
103.428,0
103.629,0
103.83,4
104.03,4
104.231,14
104.431,30
104.632,2
104.833,12
105.033,0
105.234,7
105.434,47
105.635,7
105.836,10
106.036,2
106.237,8
106.437,17
106.638,25
106.839,2
107.039,16
107.24,28
107.44,2
107.641,6
107.842,2
108.042,2
108.243,0
108.443,14
108.644,20
108.844,12
109.045,9
109.246,4
109.446,8
109.647,11
109.847,0
110.048,10
110.249,1
110.449,13
110.65,2
110.85,6
111.051,3
111.251,1
111.452,19
111.653,14
111.853,15
112.054,5
112.254,0
112.455,0
112.655,12
112.856,5
113.057,0
113.257,3
113.458,0
113.658,15
113.859,3
114.059,0
114.26,3
114.461,0
114.661,9
114.862,0
115.062,9
115.263,0
115.463,4
115.664,4
115.864,19
116.065,12
116.266,1
116.466,21
116.667,0
116.867,14
117.068,18
117.268,14
117.469,15
117.669,17
117.87,3
118.071,10
118.271,11
118.472,5
118.672,0
118.873,11
119.073,22
119.274,0
119.474,2
119.675,8
119.875,22
120.076,2
120.277,15
120.477,0
120.678,8
120.878,31
121.079,10
121.279,0
121.48,4
121.68,0
121.881,31
122.081,5
122.282,5
122.483,0
122.683,1
122.884,3
123.084,0
123.285,22
123.485,1
123.686,3
123.886,19
124.087,19
124.287,2
124.488,13
124.688,13
124.889,0
125.089,9
125.29,5
125.491,12
125.691,18
125.892,13
126.092,12
126.293,9
126.493,20
126.694,3
126.894,7
127.095,13
127.295,0
127.496,27
127.696,4
127.897,9
128.097,6
128.298,11
128.498,2
128.699,6
128.899,16
129.1,5
129.3,0
129.501,9
129.701,8
129.902,11
130.103,0
130.303,7
130.504,1
130.704,17
130.905,29
131.105,4
131.306,13
131.506,16
131.707,0
131.907,11
132.108,7
132.308,0
132.509,19
132.709,0
132.91,12
133.11,3
133.311,6
133.511,3
133.712,0
133.912,5
134.113,8
134.313,9
134.514,0
134.714,7
134.915,7
135.115,9
135.316,0
135.516,7
135.717,4
135.917,5
136.118,0
136.318,18
136.519,2
136.719,0
136.92,14
137.12,0
137.321,0
137.521,0
137.722,8
137.922,0
138.123,1
138.323,10
138.524,0
138.724,13
138.924,5
139.125,4
139.325,11
139.526,18
139.726,10
139.927,13
140.127,10
140.328,19
140.528,0
140.729,6
140.929,10
141.13,12
141.33,0
141.531,16
141.731,13
141.932,14
142.132,2
142.333,10
142.533,10
142.734,17
142.934,1
143.135,10
143.335,0
143.535,24
143.736,2
143.936,8
144.137,0
144.337,21
144.538,0
144.738,16
144.939,5
145.139,9
145.34,0
145.54,4
145.741,9
145.941,0
146.142,10
146.342,0
146.542,3
146.743,2
146.943,0
147.144,3
147.344,13
147.545,0
147.745,21
147.946,3
148.146,8
148.347,0
148.547,16
148.748,12
148.948,21
149.148,0
149.349,0
149.549,11
149.75,0
149.95,10
150.151,2
150.351,3
150.552,4
150.752,3
150.952,25
151.153,14
151.353,21
151.554,12
151.754,14
151.955,30
152.155,3
152.356,11
152.556,4
152.757,28
152.957,4
153.157,12
153.358,24
153.558,8
153.759,12
153.959,21
154.16,12
154.36,0
154.56,5
154.761,0
154.961,9
155.162,6
155.362,41
155.563,0
155.763,6
155.964,1
156.164,19
156.364,14
156.565,1
156.765,8
156.966,8
157.166,1
157.367,0
157.567,0
157.767,13
157.968,17
158.168,3
158.369,5
158.569,1
158.77,4
158.97,0
159.17,0
159.371,26
159.571,1
159.772,9
159.972,11
160.172,20
160.373,39
160.573,29
160.774,0
160.974,10
161.175,2
161.375,7
161.575,14
161.776,2
161.976,7
162.177,10
162.377,19
162.577,0
162.778,13
162.978,8
163.179,0
163.379,3
163.58,0
163.78,28
163.98,5
164.181,10
164.381,2
164.582,0
164.782,25
164.982,5
165.183,5
165.383,6
165.584,22
165.784,14
165.984,14
166.185,12
166.385,21
166.586,2
166.786,4
166.986,15
167.187,4
167.387,33
167.588,17
167.788,14
167.988,6
168.189,10
168.389,14
168.59,4
168.79,0
168.99,12
169.191,11
169.391,12
169.592,6
169.792,0
169.992,5
170.193,0
170.393,26
170.594,2
170.794,13
170.994,0
171.195,11
171.395,0
171.596,2
171.796,34
171.996,2
172.197,3
172.397,3
172.597,0
172.798,4
172.998,2
173.199,3
173.399,8
173.599,6
173.8,3
174,6
174.2,0
174.401,12
174.601,20
174.802,7
175.002,21
175.202,0
175.403,0
175.603,9
175.804,3
176.004,13
176.204,5
176.405,20
176.605,31
176.805,7
177.006,7
177.206,1
177.406,9
177.607,13
177.807,11
178.008,0
178.208,9
178.408,10
178.609,9
178.809,0
179.009,21
179.21,21
179.41,32
179.611,0
179.811,31
180.011,0
180.212,2
180.412,3
180.612,21
180.813,7
181.013,0
181.213,15
181.414,7
181.614,8
181.815,11
182.015,6
182.215,34
182.416,4
182.616,1
182.816,7
183.017,6
183.217,28
183.417,23
183.618,17
183.818,0
184.018,8
184.219,14
184.419,9
184.619,8
184.82,4
185.02,4
185.221,8
185.421,0
560.474,22
560.474,0
560.474,14
560.474,9
560.474,22
560.474,6
560.474,7
560.474,7
560.474,14
187.424,8
187.625,8
187.825,10
188.025,17
188.226,9
188.426,13
188.626,1
188.827,5
189.027,8
189.227,6
189.428,0
189.628,22
189.828,0
190.029,0
190.229,6
190.429,5
190.63,5
190.83,7
191.03,0
191.231,27
191.431,3
191.631,14
191.832,7
192.032,0
192.232,6
192.433,22
192.633,0
192.833,8
193.034,0
193.234,11
193.434,10
193.635,0
193.835,8
194.035,14
194.236,11
194.436,6
194.636,0
194.837,13
195.037,5
195.237,10
195.438,3
195.638,7
195.838,12
196.039,12
196.239,21
196.439,10
196.639,12
196.84,8
197.04,5
197.24,28
197.441,9
197.641,7
197.841,20
198.042,0
198.242,0
198.442,8
198.643,8
198.843,23
199.043,33
199.244,29
199.444,23
199.644,4
199.845,23
200.045,0
200.245,13
200.445,0
200.646,0
200.846,1
201.046,1
201.247,8
201.447,0
201.647,9
201.848,0
202.048,11
202.248,2
202.448,22
202.649,3
202.849,12
203.049,20
203.25,26
203.45,3
203.65,7
203.851,8
204.051,15
204.251,8
204.451,9
204.652,11
204.852,0
205.052,10
205.253,0
205.453,20
205.653,7
205.854,19
206.054,0
206.254,21
206.454,0
206.655,3
206.855,10
207.055,0
207.256,0
207.456,15
207.656,17
207.856,13
208.057,13
208.257,5
208.457,9
208.658,20
208.858,5
209.058,0
209.258,5
209.459,0
209.659,6
209.859,11
210.06,13
210.26,24
210.46,0
210.66,8
210.861,1
211.061,3
211.261,8
211.462,10
211.662,18
211.862,4
212.062,6
212.263,8
212.463,5
212.663,8
212.863,4
213.064,11
213.264,0
213.464,11
213.665,6
213.865,6
214.065,3
214.265,0
214.466,22
214.666,16
214.866,11
215.066,1
215.267,22
215.467,12
215.667,0
215.868,8
216.068,14
216.268,4
216.468,18
216.669,18
216.869,23
217.069,16
217.269,0
217.47,12
217.67,5
217.87,3
218.07,7
218.271,1
218.471,0
218.671,0
218.871,7
219.072,7
219.272,2
219.472,2
219.673,12
219.873,0
220.073,0
220.273,15
220.474,0
220.674,19
220.874,11
221.074,26
221.275,10
221.475,7
221.675,4
221.875,12
222.076,22
222.276,9
222.476,11
222.676,4
222.877,7
223.077,0
223.277,23
223.477,7
223.678,47
223.878,9
224.078,3
224.278,20
224.479,19
224.679,3
224.879,20
225.079,12
225.28,0
225.48,25
225.68,6
225.88,12
226.08,6
226.281,16
226.481,2
226.681,13
226.881,12
227.082,13
227.282,4
227.482,17
227.682,15
227.883,1
228.083,1
228.283,16
228.483,7
228.684,0
228.884,18
229.084,13
229.284,20
229.485,0
229.685,24
229.885,22
230.085,3
230.285,14
230.486,23
230.686,0
230.886,0
231.086,4
231.287,2
231.487,20
231.687,13
231.887,16
232.088,22
232.288,7
232.488,2
232.688,0
232.888,14
233.089,2
233.289,5
233.489,6
233.689,2
233.89,27
234.09,3
234.29,4
234.49,14
234.69,0
234.891,4
235.091,19
235.291,12
235.491,18
235.692,1
235.892,0
236.092,0
236.292,10
236.492,5
236.693,12
236.893,2
237.093,0
237.293,0
237.493,6
237.694,3
237.894,0
238.094,11
238.294,0
238.495,9
238.695,13
238.895,34
239.095,1
239.295,18
239.496,5
239.696,6
239.896,17
240.096,7
240.296,17
240.497,0
240.697,10
240.897,12
241.097,20
241.297,2
241.498,8
241.698,7
241.898,9
242.098,12
242.298,73
242.499,10
242.699,1
242.899,0
243.099,38
243.299,8
243.5,6
243.7,9
243.9,5
244.1,13
244.3,18
244.501,7
244.701,10
244.901,27
245.101,1
245.301,15
245.502,8
245.702,0
245.902,20
246.102,5
246.302,0
246.503,20
246.703,4
246.903,25
247.103,17
247.303,12
247.504,10
247.704,4
247.904,12
248.104,2
248.304,4
248.505,7
248.705,29
248.905,7
249.105,11
249.305,0
249.505,0
249.706,19
249.906,2
250.106,27
250.306,16
250.506,11
250.707,3
250.907,12
251.107,10
251.307,21
251.507,0
251.707,30
251.908,7
252.108,5
252.308,27
252.508,10
252.708,4
252.909,10
253.109,23
253.309,2
253.509,13
253.709,14
253.909,7
254.11,14
254.31,2
254.51,4
254.71,15
254.91,1
255.11,0
255.311,3
255.511,6
255.711,0
255.911,14
256.111,4
256.311,3
256.512,9
256.712,0
256.912,18
257.112,0
257.312,7
257.512,12
257.713,23
257.913,8
258.113,3
258.313,20
258.513,0
258.713,7
258.914,0
259.114,28
259.314,20
259.514,19
259.714,6
259.914,12
260.115,13
260.315,0
260.515,14
260.715,11
260.915,10
261.115,7
261.316,2
261.516,11
261.716,13
261.916,8
262.116,13
262.316,18
262.517,22
262.717,7
262.917,0
263.117,14
263.317,9
263.517,0
263.717,19
263.918,12
264.118,1
264.318,0
264.518,31
264.718,3
264.918,4
265.119,18
265.319,2
265.519,1
265.719,15
265.919,14
266.119,15
266.319,2
266.52,16
266.72,3
266.92,11
267.12,5
267.32,12
267.52,11
267.72,14
267.921,0
268.121,9
268.321,3
268.521,9
268.721,0
268.921,6
269.121,4
269.322,11
269.522,2
269.722,24
269.922,7
270.122,2
270.322,11
270.522,23
270.723,0
270.923,7
271.123,9
271.323,15
271.523,0
271.723,16
271.923,4
272.124,28
272.324,2
272.524,4
272.724,4
272.924,25
273.124,2
273.324,6
273.524,6
273.725,0
273.925,0
274.125,12
274.325,0
274.525,14
274.725,15
274.925,3
275.126,1
275.326,6
275.526,14
275.726,1
275.926,21
276.126,5
276.326,0
276.526,21
276.727,0
276.927,4
277.127,22
277.327,0
277.527,4
277.727,5
277.927,0
278.127,0
278.328,11
278.528,5
278.728,0
278.928,23
279.128,28
279.328,8
279.528,6
279.728,11
279.928,4
280.129,0
280.329,6
280.529,14
280.729,8
280.929,4
281.129,0
281.329,8
281.529,0
281.73,15
281.93,15
282.13,1
282.33,7
282.53,18
282.73,13
282.93,26
283.13,0
283.33,7
283.531,29
283.731,0
283.931,10
284.131,4
284.331,22
284.531,12
284.731,18
284.931,8
285.131,15
285.332,8
285.532,10
285.732,21
285.932,0
286.132,0
286.332,27
286.532,4
286.732,13
286.932,0
287.133,7
287.333,1
287.533,0
287.733,19
287.933,0
288.133,20
288.333,6
288.533,23
288.733,4
288.933,0
289.134,0
289.334,8
289.534,9
289.734,6
289.934,7
290.134,0
290.334,7
290.534,0
290.734,25
290.934,4
291.135,11
291.335,10
291.535,15
291.735,0
291.935,6
292.135,0
292.335,2
292.535,7
292.735,12
292.935,17
293.135,25
293.336,3
293.536,5
293.736,17
293.936,13
294.136,7
294.336,10
294.536,10
294.736,10
294.936,1
295.136,0
295.336,11
295.537,11
295.737,0
295.937,0
296.137,28
296.337,0
296.537,6
296.737,6
296.937,20
297.137,29
297.337,1
297.537,5
297.737,0
297.938,0
298.138,6
298.338,15
298.538,0
298.738,11
298.938,5
299.138,0
299.338,10
299.538,21
299.738,14
299.938,26
300.138,0
300.339,4
300.539,8
300.739,9
300.939,0
301.139,17
301.339,4
301.539,7
301.739,10
301.939,14
302.139,8
302.339,27
302.539,11
302.739,14
302.94,17
303.14,19
303.34,0
303.54,0
303.74,3
303.94,30
304.14,20
304.34,0
304.54,8
304.74,24
304.94,6
305.14,30
305.34,14
305.54,0
305.74,26
305.941,15
306.141,7
306.341,4
306.541,21
306.741,24
306.941,11
307.141,12
307.341,8
307.541,12
307.741,10
307.941,0
308.141,8
308.341,0
308.541,0
308.741,4
308.942,8
309.142,0
309.342,0
309.542,6
309.742,0
309.942,0
310.142,1
310.342,0
310.542,1
310.742,31
310.942,0
311.142,16
311.342,0
311.542,0
311.742,10
311.942,2
312.142,0
312.343,4
312.543,14
312.743,4
312.943,0
313.143,10
313.343,20
313.543,9
313.743,15
313.943,9
314.143,2
314.343,17
314.543,16
314.743,23
314.943,9
315.143,23
315.343,3
315.543,13
315.743,15
315.943,16
316.144,1
316.344,9
316.544,0
316.744,0
316.944,6
317.144,5
317.344,0
317.544,0
317.744,5
317.944,28
318.144,0
318.344,6
318.544,5
318.744,27
318.944,8
319.144,15
319.344,21
319.544,0
319.744,6
319.944,0
320.144,12
320.344,7
320.545,0
320.745,28
320.945,27
321.145,16
321.345,12
321.545,4
321.745,5
321.945,3
322.145,10
322.345,2
322.545,17
322.745,0
322.945,13
323.145,0
323.345,10
323.545,17
323.745,15
323.945,14
324.145,5
324.345,6
324.545,7
324.745,0
324.945,1
325.145,0
325.345,10
325.545,10
325.745,0
325.945,17
326.146,19
326.346,10
326.546,5
326.746,20
326.946,2
327.146,10
327.346,12
327.546,11
327.746,5
327.946,3
328.146,6
328.346,22
328.546,4
328.746,13
328.946,8
329.146,8
329.346,0
329.546,10
329.746,15
329.946,0
330.146,14
330.346,0
330.546,0
330.746,8
330.946,3
331.146,9
331.346,8
331.546,0
331.746,4
331.946,37
332.146,0
332.346,21
332.546,1
332.746,10
332.946,0
333.146,0
333.346,15
333.546,21
333.746,6
333.946,0
334.146,24
334.347,0
334.547,9
334.747,12
334.947,9
335.147,6
335.347,11
335.547,6
335.747,5
335.947,5
336.147,0
336.347,32
336.547,9
336.747,9
336.947,7
337.147,0
337.347,0
337.547,4
337.747,8
337.947,2
338.147,19
338.347,18
338.547,8
338.747,11
338.947,10
339.147,0
339.347,5
339.547,16
339.747,9
339.947,4
340.147,31
340.347,20
340.547,7
340.747,10
340.947,4
341.147,33
341.347,4
341.547,3
341.747,3
341.947,13
342.147,16
342.347,0
342.547,20
342.747,0
342.947,2
343.147,8
343.347,22
343.547,11
343.747,0
343.947,34
344.147,0
344.347,39
344.547,1
344.747,12
344.947,0
345.147,7
345.347,0
345.547,19
345.747,7
345.947,22
346.147,3
346.347,9
346.547,10
346.747,9
346.947,5
347.147,13
347.347,0
347.547,8
347.747,17
347.947,0
348.147,4
348.347,14
348.547,12
348.747,21
348.947,13
349.147,8
349.347,9
349.547,3
349.747,0
349.947,10
350.147,6
350.347,10
350.547,0
350.747,18
350.947,1
351.147,1
351.347,17
351.547,12
351.747,0
351.947,32
352.147,0
352.347,4
352.547,14
352.747,6
352.947,1
353.147,6
353.347,2
353.547,12
353.747,7
353.947,0
354.147,23
354.347,2
354.547,30
354.747,7
354.947,4
355.147,13
355.347,1
355.547,15
355.747,0
355.946,17
356.146,0
356.346,17
356.546,18
356.746,22
356.946,5
357.146,0
357.346,21
357.546,2
357.746,2
357.946,0
358.146,12
358.346,0
358.546,22
358.746,11
358.946,9
359.146,14
359.346,12
359.546,0
359.746,11
359.946,4
360.146,21
360.346,38
360.546,1
360.746,27
360.946,16
361.146,5
361.346,4
361.546,17
361.746,12
361.946,101
362.146,8
362.346,5
362.546,37
362.746,20
362.946,12
363.146,13
363.346,8
363.546,8
363.746,1
363.946,13
364.146,12
364.346,20
364.545,2
364.745,44
364.945,6
365.145,0
365.345,5
365.545,15
365.745,0
365.945,20
366.145,10
366.345,13
366.545,5
366.745,19
366.945,2
367.145,23
367.345,6
367.545,8
367.745,12
367.945,7
368.145,3
368.345,15
368.545,2
368.745,11
368.945,5
369.145,2
369.345,13
369.545,26
369.745,11
369.945,10
370.145,9
370.344,17
370.544,4
370.744,8
370.944,0
371.144,19
371.344,0
371.544,5
371.744,12
371.944,17
372.144,1
372.344,2
372.544,6
372.744,15
372.944,11
373.144,0
373.344,0
373.544,28
373.744,9
373.944,18
374.144,10
374.344,4
374.544,13
374.744,0
374.944,21
375.143,0
375.343,21
375.543,7
375.743,1
375.943,27
376.143,15
376.343,28
376.543,15
376.743,6
376.943,1
377.143,22
377.343,15
377.543,19
377.743,7
377.943,9
378.143,22
378.343,1
378.543,12
378.743,0
378.943,12
379.143,19
379.342,12
379.542,10
379.742,11
379.942,0
380.142,2
380.342,22
380.542,10
380.742,9
380.942,3
381.142,17
381.342,22
381.542,4
381.742,27
381.942,11
382.142,25
382.342,0
382.542,7
382.742,21
382.942,0
383.141,24
383.341,18
383.541,0
383.741,18
383.941,0
384.141,17
384.341,3
384.541,15
384.741,0
384.941,3
385.141,0
385.341,0
385.541,28
385.741,12
385.941,11
386.141,9
386.341,3
386.541,0
386.74,25
386.94,3
387.14,13
387.34,3
387.54,7
387.74,4
387.94,11
388.14,12
388.34,15
388.54,2
388.74,6
388.94,15
389.14,20
389.34,5
389.54,7
389.74,7
389.939,8
390.139,4
390.339,6
390.539,24
390.739,6
390.939,9
391.139,6
391.339,8
391.539,19
391.739,26
391.939,9
392.139,6
392.339,11
392.539,6
392.739,3
392.938,12
393.138,4
393.338,3
393.538,5
393.738,2
393.938,26
394.138,4
394.338,22
394.538,0
394.738,32
394.938,3
395.138,11
395.338,10
395.538,2
395.737,0
395.937,0
396.137,30
396.337,11
396.537,9
396.737,0
396.937,11
397.137,0
397.337,27
397.537,17
397.737,0
397.937,29
398.137,0
398.337,14
398.536,0
398.736,0
398.936,16
399.136,4
399.336,8
399.536,3
399.736,0
399.936,0
400.136,21
400.336,10
400.536,0
400.736,7
400.936,4
401.135,6
401.335,15
401.535,8
401.735,5
401.935,21
402.135,2
402.335,3
402.535,0
402.735,3
402.935,0
403.135,1
403.335,8
403.535,6
403.734,2
403.934,0
404.134,7
404.334,4
404.534,35
404.734,2
404.934,0
405.134,28
405.334,24
405.534,2
405.734,17
405.934,23
406.133,6
406.333,2
406.533,16
406.733,15
406.933,0
407.133,11
407.333,13
407.533,17
407.733,0
407.933,16
408.133,0
408.333,5
408.532,13
408.732,6
408.932,16
409.132,9
409.332,12
409.532,5
409.732,4
409.932,14
410.132,0
410.332,4
410.532,8
410.731,29
410.931,0
411.131,15
411.331,0
411.531,14
411.731,3
411.931,22
412.131,20
412.331,8
412.531,14
412.731,20
412.93,4
413.13,32
413.33,18
413.53,15
413.73,12
413.93,27
414.13,11
414.33,8
414.53,15
414.73,14
414.93,5
415.129,12
415.329,2
415.529,13
415.729,7
415.929,7
416.129,0
416.329,13
416.529,0
416.729,20
416.929,12
417.129,34
417.328,0
417.528,6
417.728,9
417.928,0
418.128,11
418.328,27
418.528,1
418.728,13
418.928,17
419.128,6
419.327,21
419.527,0
419.727,14
419.927,6
420.127,14
420.327,2
420.527,0
420.727,20
420.927,0
421.127,16
421.326,16
421.526,10
421.726,14
421.926,13
422.126,9
422.326,2
422.526,14
422.726,4
422.926,28
423.126,0
423.325,8
423.525,15
423.725,6
423.925,4
424.125,13
424.325,26
424.525,0
424.725,21
424.925,5
425.125,7
425.324,5
425.524,9
425.724,0
425.924,8
426.124,11
426.324,0
426.524,15
426.724,6
426.924,24
427.123,7
427.323,0
427.523,6
427.723,0
427.923,1
428.123,9
428.323,27
428.523,19
428.723,36
428.923,10
429.122,6
429.322,1
429.522,12
429.722,0
429.922,8
430.122,4
430.322,0
430.522,17
430.722,5
430.921,7
431.121,2
431.321,7
431.521,1
431.721,16
431.921,20
432.121,3
432.321,7
432.521,2
432.72,0
432.92,2
433.12,0
433.32,12
433.52,20
433.72,8
433.92,8
434.12,0
434.32,15
434.519,0
434.719,9
434.919,0
435.119,4
435.319,16
435.519,22
435.719,3
435.919,2
436.119,12
436.318,0
436.518,19
436.718,11
436.918,1
437.118,15
437.318,6
437.518,21
437.718,7
437.917,8
438.117,12
438.317,9
438.517,28
438.717,13
438.917,10
439.117,8
439.317,43
439.517,1
439.716,13
439.916,6
440.116,21
440.316,8
440.516,0
440.716,16
440.916,26
441.116,6
441.315,10
441.515,1
441.715,14
441.915,4
442.115,8
442.315,17
442.515,5
442.715,12
442.915,8
443.114,0
443.314,26
443.514,0
443.714,12
443.914,4
444.114,14
444.314,13
444.514,3
444.713,10
444.913,8
445.113,29
445.313,5
445.513,3
445.713,5
445.913,13
446.113,0
446.312,5
446.512,0
446.712,0
446.912,9
447.112,0
447.312,17
447.512,7
447.712,3
447.911,7
448.111,17
448.311,4
448.511,6
448.711,3
448.911,17
449.111,7
449.311,1
449.51,3
449.71,12
449.91,0
450.11,13
450.31,0
450.51,3
450.71,0
450.91,23
451.109,5
451.309,0
451.509,11
451.709,11
451.909,9
452.109,17
452.309,18
452.509,12
452.708,18
452.908,0
453.108,8
453.308,35
453.508,0
453.708,8
453.908,12
454.108,20
454.307,4
454.507,4
454.707,3
454.907,13
455.107,10
455.307,10
455.507,1
455.706,5
455.906,0
456.106,0
456.306,0
456.506,5
456.706,7
456.906,5
457.106,4
457.305,6
457.505,0
457.705,19
457.905,10
458.105,2
458.305,10
458.505,4
458.705,14
458.904,0
459.104,0
459.304,18
459.504,2
459.704,0
459.904,19
460.104,9
460.303,7
460.503,3
460.703,0
460.903,1
461.103,6
461.303,21
461.503,1
461.702,7
461.902,10
462.102,27
462.302,17
462.502,21
462.702,0
462.902,2
463.102,2
463.301,7
463.501,18
463.701,3
463.901,4
464.101,7
464.301,10
464.501,9
464.7,9
464.9,0
465.1,23
465.3,0
465.5,2
465.7,12
465.9,12
466.099,18
466.299,16
466.499,5
466.699,13
466.899,29
467.099,16
467.299,1
467.499,4
467.698,21
467.898,2
468.098,9
468.298,1
468.498,6
468.698,28
468.898,4
469.097,8
469.297,6
469.497,23
469.697,8
469.897,16
470.097,12
470.297,13
470.496,2
470.696,15
470.896,0
471.096,13
471.296,24
471.496,0
471.696,0
471.895,23
472.095,33
472.295,0
472.495,11
472.695,10
472.895,4
473.095,28
473.294,3
473.494,16
473.694,0
473.894,6
474.094,25
474.294,17
474.494,0
474.693,26
474.893,18
475.093,13
475.293,10
475.493,13
475.693,9
475.893,5
476.092,12
476.292,16
476.492,22
476.692,5
476.892,5
477.092,15
477.292,0
477.491,16
477.691,8
477.891,28
478.091,0
478.291,12
478.491,11
478.69,7
478.89,0
479.09,22
479.29,8
479.49,9
479.69,25
479.89,9
480.089,14
480.289,16
480.489,10
480.689,4
480.889,6
481.089,10
481.289,1
481.488,4
481.688,8
481.888,15
482.088,8
482.288,3
482.488,1
482.688,11
482.887,16
483.087,0
483.287,17
483.487,15
483.687,16
483.887,1
484.086,0
484.286,6
484.486,0
484.686,10
484.886,12
485.086,6
485.286,0
485.485,1
485.685,2
485.885,9
486.085,5
486.285,7
486.485,5
486.685,19
486.884,6
487.084,22
487.284,8
487.484,20
487.684,7
487.884,2
488.083,14
488.283,0
488.483,11
488.683,3
488.883,16
489.083,25
489.283,0
489.482,3
489.682,9
489.882,11
490.082,1
490.282,21
490.482,8
490.681,7
490.881,1
491.081,27
491.281,8
491.481,8
491.681,24
491.881,12
492.08,13
492.28,1
492.48,0
492.68,21
492.88,17
493.08,0
493.279,0
493.479,13
493.679,9
493.879,13
494.079,9
494.279,18
494.479,0
494.678,5
494.878,0
495.078,15
495.278,0
495.478,18
495.678,2
495.877,16
496.077,7
496.277,21
496.477,14
496.677,17
496.877,2
497.077,11
497.276,8
497.476,12
497.676,19
497.876,12
498.076,21
498.276,12
498.475,1
498.675,15
498.875,0
499.075,0
499.275,6
499.475,0
499.674,16
499.874,6
500.074,2
500.274,5
500.474,25
500.674,10
500.874,15
501.073,11
501.273,0
501.473,20
501.673,4
501.873,11
502.073,2
502.272,13
502.472,4
502.672,22
502.872,5
503.072,0
503.272,13
503.471,5
503.671,1
503.871,3
504.071,0
504.271,14
504.471,0
504.671,4
504.87,7
505.07,12
505.27,0
505.47,1
505.67,11
505.87,6
506.069,7
506.269,8
506.469,9
506.669,1
506.869,25
507.069,2
507.268,79
507.468,9
507.668,0
507.868,12
508.068,5
508.268,0
508.467,0
508.667,0
508.867,9
509.067,4
509.267,5
509.467,6
509.666,0
509.866,12
510.066,13
510.266,24
510.466,4
510.666,10
510.866,1
511.065,6
511.265,9
511.465,22
511.665,0
511.865,0
512.065,25
512.264,8
512.464,8
512.664,16
512.864,13
513.064,3
513.264,0
513.463,15
513.663,7
513.863,6
514.063,1
514.263,9
514.463,0
514.662,5
514.862,2
515.062,1
515.262,0
515.462,8
515.662,0
515.861,22
516.061,15
516.261,1
516.461,15
516.661,2
516.861,2
517.06,9
517.26,21
517.46,0
517.66,1
517.86,8
518.06,0
518.259,0
518.459,15
518.659,7
518.859,0
519.059,0
519.259,34
519.458,0
519.658,5
519.858,0
520.058,24
520.258,1
520.458,24
520.657,16
520.857,21
521.057,107
521.257,23
521.457,2
521.657,20
521.856,18
522.056,4
522.256,29
522.456,118
522.656,4
522.856,0
523.055,9
523.255,6
523.455,15
523.655,39
523.855,17
524.055,3
524.254,1
524.454,13
524.654,0
524.854,9
525.054,0
525.254,10
525.453,8
525.653,0
525.853,4
526.053,0
526.253,17
526.453,5
526.652,6
526.852,15
527.052,0
527.252,13
527.452,7
527.652,41
527.851,0
528.051,8
528.251,0
528.451,6
528.651,8
528.851,2
529.05,0
529.25,16
529.45,6
529.65,8
529.85,12
530.05,4
530.249,0
530.449,6
530.649,5
530.849,3
531.049,4
531.249,10
531.448,0
531.648,0
531.848,16
532.048,16
532.248,14
532.448,5
532.647,11
532.847,6
533.047,13
533.247,8
533.447,10
533.647,8
533.846,6
534.046,17
534.246,20
534.446,0
534.646,0
534.846,15
535.045,12
535.245,0
535.445,11
535.645,7
535.845,9
536.045,13
536.244,4
536.444,17
536.644,10
536.844,9
537.044,2
537.244,11
537.443,8
537.643,4
537.843,11
538.043,0
538.243,14
538.443,0
538.642,1
538.842,15
539.042,5
539.242,17
539.442,12
539.642,0
539.841,0
540.041,0
540.241,6
540.441,4
540.641,16
540.841,11
541.04,5
541.24,0
541.44,11
541.64,16
541.84,25
542.039,0
542.239,9
542.439,14
542.639,8
542.839,2
543.039,21
543.238,4
543.438,14
543.638,11
543.838,7
544.038,0
544.238,14
544.437,0
544.637,22
544.837,3
545.037,2
545.237,6
545.437,9
545.636,5
545.836,12
546.036,0
546.236,7
546.436,10
546.636,23
546.835,0
547.035,16
547.235,14
547.435,3
547.635,1
547.835,5
548.034,5
548.234,5
548.434,0
548.634,19
548.834,0
549.034,8
549.233,13
549.433,0
549.633,17
549.833,0
550.033,19
550.232,11
550.432,1
550.632,12
550.832,19
551.032,3
551.232,0
551.431,19
551.631,23
551.831,0
552.031,4
552.231,11
552.431,9
552.63,0
552.83,3
553.03,7
553.23,0
553.43,4
553.63,4
553.829,4
554.029,25
554.229,9
554.429,1
554.629,22
554.829,4
555.028,3
555.228,8
555.428,33
555.628,0
555.828,23
556.028,9
556.227,13
556.427,9
556.627,19
556.827,5
557.027,0
557.227,0
557.426,30
557.626,0
557.826,24
558.026,12
558.226,19
558.425,0
558.625,32
558.825,3
559.025,6
559.225,16
559.425,5
559.624,18
559.824,10
560.024,6
560.224,19
560.424,0
560.624,13
560.823,10
561.023,4
561.223,5
561.423,15
561.623,3
561.823,13
562.022,3
562.222,0
562.422,7
562.622,10
562.822,12
563.022,26
563.221,13
563.421,0
563.621,0
563.821,11
564.021,6
564.221,6
564.42,0
564.62,7
564.82,9
565.02,14
565.22,9
565.419,3
565.619,0
565.819,1
566.019,1
566.219,0
566.419,24
566.618,6
566.818,12
567.018,7
567.218,18
567.418,4
567.618,20
567.817,8
568.017,7
568.217,8
568.417,11
568.617,7
568.817,0
569.016,6
569.216,0
569.416,0
569.616,6
569.816,22
570.016,10
570.215,7
570.415,6
570.615,9
570.815,34
571.015,9
571.215,16
571.414,12
571.614,0
571.814,6
572.014,0
572.214,35
572.413,24
572.613,0
572.813,8
573.013,5
573.213,15
573.413,3
573.612,25
573.812,0
574.012,9
574.212,15
574.412,0
574.612,6
574.811,0
575.011,5
575.211,4
575.411,11
575.611,0
575.811,19
576.01,5
576.21,6
576.41,0
576.61,18
576.81,14
577.01,3
577.209,20
577.409,0
577.609,2
577.809,1
578.009,0
578.209,12
578.408,2
578.608,13
578.808,0
579.008,3
579.208,3
579.408,5
579.607,10
579.807,14
580.007,16
580.207,0
580.407,1
580.607,10
580.806,21
581.006,3
581.206,5
581.406,0
581.606,9
581.805,0
582.005,19
582.205,7
582.405,13
582.605,14
582.805,1
583.004,0
583.204,4
583.404,30
583.604,0
583.804,3
584.004,20
584.203,1
584.403,7
584.603,7
584.803,37
585.003,0
585.203,0
585.402,26
585.602,0
585.802,2
586.002,7
586.202,0
586.402,15
586.601,13
586.801,0
587.001,15
587.201,1
587.401,0
587.601,9
587.8,9
588,0
588.2,15
588.4,7
588.6,14
588.8,18
588.999,0
589.199,20
589.399,0
589.599,0
589.799,8
589.999,1
590.198,26
590.398,0
590.598,18
590.798,0
590.998,22
591.198,12
591.397,0
591.597,12
591.797,14
591.997,32
592.197,0
592.397,6
592.596,10
592.796,15
592.996,27
593.196,17
593.396,5
593.596,0
593.795,2
593.995,0
594.195,27
594.395,3
594.595,0
594.795,0
594.994,18
595.194,0
595.394,6
595.594,16
595.794,2
595.994,10
596.193,0
596.393,14
596.593,18
596.793,8
596.993,0
597.193,22
597.392,15
597.592,13
597.792,0
597.992,0
598.192,10
598.392,8
598.591,10
598.791,12
598.991,4
599.191,0
599.391,7
599.591,1
599.79,30
599.99,0
600.19,27
600.39,6
600.59,3
600.79,16
600.989,21
601.189,7
601.389,0
601.589,2
601.789,11
601.989,0
602.188,28
602.388,22
602.588,5
602.788,6
602.988,10
603.188,15
603.387,8
603.587,16
603.787,4
603.987,2
604.187,8
604.387,24
604.586,5
604.786,11
604.986,4
605.186,13
605.386,8
605.586,0
605.785,14
605.985,2
606.185,0
606.385,20
606.585,15
606.785,8
606.984,15
607.184,10
607.384,6
607.584,29
607.784,0
607.984,1
608.183,6
608.383,4
608.583,12
608.783,25
608.983,8
609.183,4
609.383,21
609.582,30
609.782,6
609.982,1
610.182,0
610.382,6
610.582,48
610.781,44
610.981,0
611.181,6
611.381,43
611.581,3
611.781,0
611.98,10
612.18,18
612.38,3
612.58,17
612.78,11
612.98,0
613.179,14
613.379,0
613.579,5
613.779,22
613.979,10
614.179,18
614.378,0
614.578,16
614.778,1
614.978,11
615.178,0
615.378,4
615.578,12
615.777,0
615.977,0
616.177,0
616.377,0
616.577,22
616.777,1
616.976,17
617.176,0
617.376,17
617.576,0
617.776,2
617.976,17
618.175,6
618.375,13
618.575,0
618.775,10
618.975,5
619.175,13
619.374,29
619.574,5
619.774,4
619.974,0
620.174,29
620.374,0
620.574,6
620.773,7
620.973,0
621.173,1
621.373,2
621.573,9
621.773,16
621.972,18
622.172,12
622.372,10
622.572,11
622.772,5
622.972,6
623.171,13
623.371,18
623.571,0
623.771,29
623.971,6
624.171,2
624.371,17
624.57,3
624.77,14
624.97,6
625.17,4
625.37,9
625.57,14
625.769,0
625.969,20
626.169,5
626.369,9
626.569,3
626.769,11
626.969,1
627.168,21
627.368,0
627.568,8
627.768,8
627.968,5
628.168,3
628.367,0
628.567,12
628.767,1
628.967,11
629.167,19
629.367,11
629.567,13
629.766,6
629.966,4
630.166,21
630.366,16
630.566,10
630.766,18
630.965,4
631.165,6
631.365,33
631.565,2
631.765,7
631.965,8
632.165,17
632.364,3
632.564,24
632.764,0
632.964,2
633.164,7
633.364,16
633.563,10
633.763,20
633.963,7
634.163,0
634.363,14
634.563,1
634.763,7
634.962,1
635.162,11
635.362,7
635.562,8
635.762,17
635.962,7
636.161,0
636.361,11
636.561,4
636.761,12
636.961,4
637.161,1
637.361,5
637.56,2
637.76,41
637.96,0
638.16,14
638.36,9
638.56,1
638.76,3
638.959,14
639.159,1
639.359,19
639.559,0
639.759,7
639.959,22
640.159,0
640.358,0
640.558,17
640.758,11
640.958,15
641.158,2
641.358,8
641.557,12
641.757,0
641.957,20
642.157,5
642.357,0
642.557,8
642.757,8
642.956,0
643.156,4
643.356,34
643.556,1
643.756,0
643.956,0
644.156,3
644.355,1
644.555,2
644.755,5
644.955,8
645.155,1
645.355,4
645.555,8
645.754,11
645.954,11
646.154,0
646.354,11
646.554,2
646.754,13
646.954,0
647.153,5
647.353,3
647.553,2
647.753,6
647.953,9
648.153,0
648.353,16
648.552,5
648.752,3
648.952,20
649.152,7
649.352,6
649.552,7
649.752,11
649.951,4
650.151,15
650.351,0
650.551,28
650.751,0
650.951,0
651.151,6
651.35,142
651.55,87
651.75,0
651.95,16
652.15,0
652.35,7
652.55,9
652.749,2
652.949,14
653.149,17
653.349,3
653.549,13
653.749,1
653.949,6
654.148,0
654.348,19
654.548,0
654.748,9
654.948,9
655.148,1
655.348,7
655.547,17
655.747,6
655.947,0
656.147,20
656.347,0
656.547,13
656.747,0
656.947,10
657.146,25
657.346,3
657.546,15
657.746,6
657.946,0
658.146,20
658.346,4
658.545,0
658.745,25
658.945,0
659.145,2
659.345,26
659.545,0
659.745,20
659.944,2
660.144,19
660.344,32
660.544,1
660.744,2
660.944,6
661.144,14
661.344,0
661.543,16
661.743,3
661.943,0
662.143,16
662.343,4
662.543,21
662.743,8
662.942,15
663.142,3
663.342,13
663.542,0
663.742,1
663.942,6
664.142,9
664.342,2
664.541,14
664.741,4
664.941,13
665.141,11
665.341,3
665.541,23
665.741,11
665.94,15
666.14,0
666.34,1
666.54,12
666.74,19
666.94,8
667.14,5
667.34,0
667.539,8
667.739,1
667.939,15
668.139,0
668.339,3
668.539,22
668.739,0
668.939,6
669.138,2
669.338,0
669.538,13
669.738,5
669.938,10
670.138,0
670.338,12
670.538,0
670.737,15
670.937,0
671.137,23
671.337,0
671.537,20
671.737,5
671.937,0
672.137,13
672.336,1
672.536,7
672.736,2
672.936,26
673.136,3
673.336,5
673.536,15
673.736,2
673.935,8
674.135,8
674.335,16
674.535,6
674.735,26
674.935,69
675.135,10
675.335,12
675.534,9
675.734,9
675.934,0
676.134,6
676.334,147
676.534,94
676.734,0
676.934,1
677.133,21
677.333,20
677.533,16
677.733,12
677.933,31
678.133,0
678.333,3
678.533,18
678.732,0
678.932,12
679.132,7
679.332,12
679.532,11
679.732,11
679.932,0
680.132,71
680.332,14
680.531,2
680.731,8
680.931,8
681.131,6
681.331,1
681.531,9
681.731,5
681.931,0
682.13,0
682.33,10
682.53,17
682.73,1
682.93,20
683.13,18
683.33,2
683.53,10
683.73,1
683.929,0
684.129,11
684.329,2
684.529,7
684.729,3
684.929,7
685.129,12
685.329,2
685.529,0
685.728,16
685.928,21
686.128,7
686.328,3
686.528,37
686.728,1
686.928,4
687.128,0
687.328,15
687.527,0
687.727,15
687.927,2
688.127,1
688.327,10
688.527,2
688.727,17
688.927,1
689.126,12
689.326,6
689.526,2
689.726,13
689.926,35
690.126,0
690.326,5
690.526,10
690.726,21
690.926,12
691.125,0
691.325,13
691.525,2
691.725,16
691.925,13
692.125,0
692.325,8
692.525,20
692.725,0
692.924,27
693.124,17
693.324,1
693.524,0
693.724,0
693.924,4
694.124,26
694.324,5
694.524,11
694.723,11
694.923,7
695.123,11
695.323,19
695.523,16
695.723,10
695.923,22
696.123,0
696.323,7
696.523,7
696.722,16
696.922,22
697.122,3
697.322,10
697.522,9
697.722,12
697.922,6
698.122,9
698.322,3
698.522,13
698.721,30
698.921,3
699.121,7
699.321,14
699.521,8
699.721,3
699.921,14
700.121,12
700.321,17
700.521,0
700.72,14
700.92,4
701.12,11
701.32,0
701.52,5
701.72,0
701.92,3
702.12,1
702.32,0
702.52,5
702.719,26
702.919,0
703.119,12
703.319,2
703.519,27
703.719,0
703.919,0
704.119,11
704.319,7
704.519,6
704.718,1
704.918,8
705.118,7
705.318,9
705.518,8
705.718,10
705.918,13
706.118,7
706.318,3
706.518,3
706.718,15
706.917,1
707.117,4
707.317,1
707.517,1
707.717,0
707.917,0
708.117,7
708.317,0
708.517,5
708.717,0
708.917,4
709.116,7
709.316,18
709.516,6
709.716,0
709.916,14
710.116,4
710.316,9
710.516,0
710.716,12
710.916,15
711.116,9
711.315,14
711.515,0
711.715,13
711.915,14
712.115,19
712.315,0
712.515,3
712.715,0
712.915,8
713.115,5
713.315,8
713.515,16
713.714,6
713.914,13
714.114,0
714.314,19
714.514,119
714.714,9
714.914,4
715.114,13
715.314,2
715.514,12
715.714,21
715.914,16
716.113,23
716.313,5
716.513,6
716.713,14
716.913,0
717.113,12
717.313,0
717.513,5
717.713,2
717.913,29
718.113,0
718.313,5
718.512,1
718.712,8
718.912,6
719.112,14
719.312,13
719.512,1
719.712,13
719.912,32
720.112,28
720.312,162
720.512,58
720.712,0
720.912,10
721.111,12
721.311,163
721.511,3
721.711,0
721.911,15
722.111,0
722.311,0
722.511,9
722.711,4
722.911,20
723.111,0
723.311,10
723.511,12
723.71,2
723.91,2
724.11,1
724.31,10
724.51,11
724.71,7
724.91,8
725.11,20
725.31,5
725.51,6
725.71,263
725.91,64
726.11,0
726.31,12
726.509,17
726.709,7
726.909,0
727.109,21
727.309,4
727.509,0
727.709,14
727.909,10
728.109,1
728.309,16
728.509,16
728.709,6
728.909,1
729.109,4
729.309,0
729.508,21
729.708,15
729.908,0
730.108,5
730.308,8
730.508,2
730.708,4
730.908,25
731.108,0
731.308,6
731.508,18
731.708,14
731.908,16
732.108,2
732.308,3
732.508,33
732.707,3
732.907,5
733.107,0
733.307,2
733.507,0
733.707,18
733.907,4
734.107,9
734.307,12
734.507,15
734.707,9
734.907,8
735.107,0
735.307,36
735.507,18
735.707,3
735.906,1
736.106,10
736.306,2
736.506,8
736.706,10
736.906,6
737.106,6
737.306,17
737.506,0
737.706,0
737.906,0
738.106,12
738.306,11
738.506,0
738.706,5
738.906,10
739.106,2
739.306,18
739.505,15
739.705,26
739.905,0
740.105,16
740.305,160
740.505,9
740.705,0
740.905,22
741.105,0
741.305,20
741.505,5
741.705,11
741.905,0
742.105,0
742.305,10
742.505,10
742.705,12
742.905,9
743.105,9
743.305,13
743.504,12
743.704,5
743.904,21
744.104,13
744.304,22
744.504,137
744.704,1
744.904,2
745.104,2
745.304,0
745.504,20
745.704,18
745.904,6
746.104,4
746.304,14
746.504,8
746.704,12
746.904,30
747.104,1
747.304,1
747.504,15
747.704,3
747.903,14
748.103,16
748.303,17
748.503,0
748.703,28
748.903,0
749.103,22
749.303,4
749.503,14
749.703,10
749.903,0
750.103,13
750.303,12
750.503,14
750.703,8
750.903,9
751.103,4
751.303,7
751.503,7
751.703,39
751.903,0
752.103,14
752.303,7
752.503,27
752.703,0
752.903,0
753.103,12
753.302,0
753.502,1
753.702,6
753.902,1
754.102,0
754.302,10
754.502,1
754.702,19
754.902,0
755.102,11
755.302,0
755.502,11
755.702,5
755.902,5
756.102,51
756.302,69
756.502,0
756.702,3
756.902,6
757.102,16
757.302,6
757.502,10
757.702,61
757.902,74
758.102,0
758.302,0
758.502,16
758.702,92
758.902,38
759.102,0
759.302,6
759.502,139
759.702,122
759.901,138
760.101,0
760.301,0
760.501,6
760.701,6
760.901,26
761.101,49
761.301,12
761.501,11
761.701,10
761.901,3
762.101,30
762.301,0
762.501,4
762.701,16
762.901,2
763.101,27
763.301,0
763.501,10
763.701,0
763.901,4
764.101,4
764.301,28
764.501,19
764.701,0
764.901,4
765.101,9
765.301,19
765.501,10
765.701,0
765.901,1
766.101,0
766.301,22
766.501,0
766.701,18
766.901,1
767.101,11
767.301,0
767.501,7
767.701,0
767.901,13
768.101,5
768.301,0
768.501,31
768.701,0
768.901,17
769.101,2
769.301,0
769.501,3
769.701,0
769.901,2
770.101,8
770.301,13
770.501,6
770.701,24
770.901,11
771.101,16
771.301,9
771.501,0
771.701,0
771.901,3
772.101,17
772.301,2
772.501,14
772.701,6
772.901,14
773.101,22
773.301,11
773.501,3
773.701,12
773.9,0
774.1,11
774.3,13
774.5,92
774.7,8
774.9,5
775.1,3
775.3,12
775.5,18
775.7,8
775.9,0
776.1,6
776.3,15
776.5,0
776.7,1
776.9,11
777.1,9
777.3,4
777.5,21
777.7,22
777.9,3
778.1,0
778.301,0
778.501,12
778.701,3
778.901,0
779.101,13
779.301,7
779.501,5
779.701,4
779.901,14
780.101,3
780.301,17
780.501,44
780.701,0
780.901,1
781.101,3
781.301,7
781.501,21
781.701,29
781.901,12
782.101,34
782.301,115
782.501,155
782.701,0
782.901,10
783.101,2
783.301,33
783.501,285
783.701,476
783.901,256
784.101,14
784.301,23
784.501,203
784.701,110
784.901,8
785.101,517
785.301,128
785.501,0
785.701,225
785.901,130
786.101,136
786.301,3
786.501,7
786.701,172
786.901,144
787.101,66
787.301,9
787.501,0
787.701,17
787.901,0
788.101,9
788.301,149
788.501,83
788.701,27
788.901,4
789.101,0
789.301,11
789.501,5
789.701,8
789.901,6
790.101,11
790.301,5
790.501,0
790.701,17
790.901,11
791.101,2
791.301,26
791.501,0
791.701,5
791.902,17
792.102,3
792.302,7
792.502,4
792.702,17
792.902,5
793.102,1
793.302,10
793.502,8
793.702,4
793.902,0
794.102,25
794.302,19
794.502,4
794.702,1
794.902,16
795.102,4
795.302,18
795.502,2
795.702,252
795.902,62
796.102,0
796.302,2
796.502,2
796.702,10
796.902,23
797.102,8
797.302,14
797.502,8
797.702,15
797.902,2
798.102,8
798.303,19
798.503,11
798.703,6
798.903,12
799.103,0
799.303,12
799.503,0
799.703,0
799.903,9
800.103,8
800.303,11
800.503,0
800.703,5
800.903,19
801.103,7
801.303,23
801.503,12
801.703,9
801.903,0
802.103,5
802.303,2
802.503,13
802.703,4
802.903,1
803.104,21
803.304,11
803.504,0
803.704,8
803.904,12
804.104,0
804.304,10
804.504,16
804.704,0
804.904,6
805.104,13
805.304,25
805.504,10
805.704,13
805.904,16
806.104,125
806.304,78
806.504,0
806.704,15
806.904,3
807.104,18
807.305,1
807.505,18
807.705,8
807.905,10
808.105,0
808.305,8
808.505,0
808.705,26
808.905,10
809.105,3
809.305,3
809.505,18
809.705,11
809.905,8
810.105,16
810.305,1
810.505,22
810.706,11
810.906,17
811.106,6
811.306,8
811.506,1
811.706,15
811.906,0
812.106,0
812.306,0
812.506,13
812.706,0
812.906,18
813.106,4
813.306,9
813.506,0
813.706,7
813.907,8
814.107,0
814.307,11
814.507,0
814.707,17
814.907,3
815.107,11
815.307,1
815.507,3
815.707,25
815.907,0
816.107,16
816.307,10
816.507,0
816.707,0
816.908,8
817.108,0
817.308,12
817.508,0
817.708,8
817.908,2
818.108,1
818.308,0
818.508,17
818.708,10
818.908,1
819.108,3
819.308,0
819.508,17
819.709,5
819.909,8
820.109,7
820.309,8
820.509,0
820.709,13
820.909,10
821.109,0
821.309,4
821.509,15
821.709,10
821.909,0
822.11,0
822.31,10
822.51,9
822.71,15
822.91,3
823.11,5
823.31,6
823.51,20
823.71,11
823.91,20
824.11,20
824.31,4
824.511,10
824.711,1
824.911,1
825.111,5
825.311,0
825.511,33
825.711,0
825.911,4
826.111,7
826.311,14
826.511,10
826.711,21
826.912,1
827.112,2
827.312,10
827.512,11
827.712,3
827.912,2
828.112,6
828.312,0
828.512,32
828.712,0
828.913,165
829.113,78
829.313,0
829.513,0
829.713,28
829.913,0
830.113,0
830.313,24
830.513,11
830.713,2
830.913,16
831.114,0
831.314,29
831.514,4
831.714,13
831.914,0
832.114,6
832.314,150
832.514,122
832.714,0
832.914,0
833.115,19
833.315,21
833.515,11
833.715,11
833.915,51
834.115,297
834.315,0
834.515,0
834.715,1
834.916,16
835.116,9
835.316,6
835.516,0
835.716,6
835.916,9
836.116,20
836.316,6
836.516,24
836.716,18
836.917,11
837.117,13
837.317,10
837.517,15
837.717,9
837.917,3
838.117,2
838.317,4
838.517,12
838.718,5
838.918,23
839.118,0
839.318,12
839.518,10
839.718,0
839.918,4
840.118,7
840.319,0
840.519,5
840.719,22
840.919,11
841.119,6
841.319,14
841.519,0
841.719,8
841.919,8
842.12,19
842.32,4
842.52,3
842.72,15
842.92,1
843.12,1
843.32,0
843.52,7
843.721,21
843.921,13
844.121,14
844.321,11
844.521,1
844.721,0
844.921,6
845.121,13
845.322,0
845.522,0
845.722,7
845.922,0
846.122,7
846.322,8
846.522,1
846.723,14
846.923,3
847.123,17
847.323,1
847.523,0
847.723,8
847.923,6
848.123,14
848.324,7
848.524,26
848.724,1
848.924,16
849.124,9
849.324,23
849.524,11
849.725,28
849.925,8
850.125,22
850.325,12
850.525,2
850.725,0
850.925,6
851.125,8
851.326,0
851.526,0
851.726,1
851.926,3
852.126,2
852.326,14
852.526,4
852.727,4
852.927,10
853.127,8
853.327,0
853.527,0
853.727,7
853.928,0
854.128,0
854.328,10
854.528,0
854.728,12
854.928,7
855.128,8
855.329,7
855.529,19
855.729,0
855.929,7
856.129,2
856.329,13
856.529,6
856.73,0
856.93,39
857.13,22
857.33,12
857.53,13
857.73,14
857.931,2
858.131,10
858.331,2
858.531,0
858.731,1
858.931,11
859.131,6
859.332,3
859.532,20
859.732,3
859.932,6
860.132,0
860.332,14
860.533,6
860.733,3
860.933,5
861.133,32
861.333,0
861.533,9
861.734,10
861.934,24
862.134,9
862.334,1
862.534,0
862.734,15
862.935,8
863.135,22
863.335,15
863.535,14
863.735,10
863.935,13
864.136,12
864.336,13
864.536,6
864.736,1
864.936,16
865.136,12
865.337,7
865.537,5
865.737,6
865.937,4
866.137,5
866.337,0
866.538,1
866.738,5
866.938,36
867.138,10
867.338,23
867.538,11
867.739,3
867.939,0
868.139,1
868.339,11
868.539,21
868.74,0
868.94,0
869.14,3
869.34,15
869.54,6
869.74,12
869.941,9
870.141,213
870.341,2
870.541,1
870.741,21
870.942,1
871.142,10
871.342,0
871.542,5
871.742,0
871.942,17
872.143,11
872.343,4
872.543,11
872.743,6
872.943,15
873.144,30
873.344,0
873.544,10
873.744,3
873.944,16
874.145,4
874.345,16
874.545,3
874.745,0
874.945,23
875.146,0
875.346,0
875.546,9
875.746,5
875.946,19
876.146,2
876.347,11
876.547,0
876.747,4
876.947,11
877.147,0
877.348,11
877.548,0
877.748,4
877.948,17
878.148,16
878.349,0
878.549,16
878.749,0
878.949,6
879.149,7
879.35,3
879.55,11
879.75,10
879.95,0
880.151,23
880.351,7
880.551,0
880.751,8
880.951,9
881.152,9
881.352,8
881.552,14
881.752,5
881.952,3
882.153,3
882.353,14
882.553,9
882.753,21
882.953,7
883.154,0
883.354,14
883.554,0
883.754,19
883.955,2
884.155,1
884.355,0
884.555,2
884.755,5
884.956,7
885.156,7
885.356,0
885.556,16
885.756,0
885.957,11
886.157,12
886.357,3
886.557,12
886.758,6
886.958,3
887.158,6
887.358,18
887.558,24
887.759,16
887.959,9
888.159,12
888.359,9
888.56,8
888.76,0
888.96,0
889.16,4
889.36,7
889.561,5
889.761,9
889.961,21
890.161,8
890.362,10
890.562,9
890.762,16
890.962,13
891.163,0
891.363,5
891.563,0
891.763,2
891.963,0
892.164,7
892.364,1
892.564,8
892.764,0
892.965,9
893.165,4
893.365,1
893.565,0
893.766,0
893.966,19
894.166,7
894.366,13
894.567,6
894.767,7
894.967,18
895.167,6
895.368,3
895.568,16
895.768,10
895.968,0
896.169,14
896.369,3
896.569,23
896.769,8
896.97,0
897.17,30
897.37,3
897.57,0
897.77,8
897.971,9
898.171,0
898.371,15
898.571,5
898.772,0
898.972,1
899.172,9
899.373,0
899.573,1
899.773,1
899.973,14
900.174,5
900.374,21
900.574,0
900.774,25
900.975,0
901.175,7
901.375,9
901.575,6
901.776,0
901.976,10
902.176,0
902.376,17
902.577,14
902.777,15
902.977,2
903.177,5
903.378,18
903.578,21
903.778,11
903.978,0
904.179,30
904.379,0
904.579,17
904.78,2
904.98,29
905.18,0
905.38,5
905.581,0
905.781,11
905.981,3
906.181,19
906.382,9
906.582,40
906.782,0
906.982,8
907.183,0
907.383,4
907.583,10
907.784,0
907.984,2
908.184,23
908.384,2
908.585,21
908.785,14
908.985,0
909.185,2
909.386,4
909.586,0
909.786,1
909.987,22
910.187,0
910.387,12
910.587,2
910.788,12
910.988,4
911.188,1
911.389,6
911.589,10
911.789,19
911.989,13
912.19,2
912.39,21
912.59,8
912.791,19
912.991,0
913.191,5
913.391,8
913.592,19
913.792,0
913.992,16
914.193,4
914.393,13
914.593,13
914.793,12
914.994,34
915.194,0
915.394,0
915.595,18
915.795,2
915.995,9
916.196,7
916.396,11
916.596,10
916.796,2
916.997,0
917.197,4
917.397,10
917.598,1
917.798,6
917.998,7
918.199,5
918.399,0
918.599,0
918.799,13
919,5
919.2,4
919.4,28
919.601,14
919.801,12
920.001,11
920.202,12
920.402,6
920.602,5
920.802,13
921.003,0
921.203,0
921.403,13
921.604,15
921.804,9
922.004,0
922.205,28
922.405,0
922.605,3
922.806,8
923.006,16
923.206,16
923.407,25
923.607,5
923.807,5
924.007,24
924.208,0
924.408,0
924.608,10
924.809,0
925.009,36
925.209,17
925.41,14
925.61,3
925.81,4
926.011,0
926.211,11
926.411,4
926.612,7
926.812,19
927.012,0
927.213,15
927.413,2
927.613,10
927.814,8
928.014,8
928.214,21
928.415,10
928.615,25
928.815,0
929.016,25
929.216,2
929.416,17
929.617,9
929.817,17
930.017,10
930.218,10
930.418,7
930.618,4
930.819,0
931.019,5
931.219,0
931.42,27
931.62,11
931.82,23
932.021,25
932.221,7
932.421,16
932.622,4
932.822,1
933.022,11
933.223,17
933.423,22
933.623,21
933.824,4
934.024,26
934.224,16
934.425,13
934.625,6
934.825,15
935.026,14
935.226,0
935.426,18
935.627,0
935.827,5
936.027,0
936.228,9
936.428,32
936.629,7
936.829,10
937.029,0
937.23,12
937.43,0
937.63,11
937.831,12
938.031,4
938.231,13
938.432,3
938.632,14
938.832,2
939.033,20
939.233,9
939.433,4
939.634,12
939.834,4
940.035,12
940.235,10
940.435,0
940.636,4
940.836,0
941.036,0
941.237,19
941.437,0
941.637,3
941.838,18
942.038,4
942.239,24
942.439,0
942.639,25
942.84,2
943.04,13
943.24,9
943.441,7
943.641,10
943.842,0
944.042,21
944.242,9
944.443,3
944.643,2
944.843,7
945.044,4
945.244,4
945.444,0
945.645,8
945.845,10
946.046,8
946.246,4
946.446,13
946.647,13
946.847,25
947.048,1
947.248,7
947.448,8
947.649,7
947.849,2
948.049,6
948.25,0
948.45,19
948.651,8
948.851,16
949.051,9
949.252,19
949.452,11
949.653,12
949.853,1
950.053,1
950.254,5
950.454,8
950.654,26
950.855,3
951.055,0
951.256,0
951.456,0
951.656,12
951.857,0
952.057,18
952.258,14
952.458,9
952.658,0
952.859,11
953.059,4
953.26,2
953.46,0
953.66,0
953.861,21
954.061,9
954.262,1
954.462,4
954.662,24
954.863,8
955.063,10
955.264,14
955.464,6
955.664,2
955.865,1
956.065,12
956.266,23
956.466,22
956.666,8
956.867,7
957.067,13
957.268,9
957.468,10
957.669,13
957.869,7
958.069,11
958.27,8
958.47,6
958.671,94
958.871,121
959.071,1
959.272,4
959.472,19
959.673,1
959.873,7
960.073,5
960.274,10
960.474,3
960.675,15
960.875,8
961.076,18
961.276,6
961.476,8
961.677,12
961.877,9
962.078,1
962.278,6
962.479,9
962.679,0
962.879,200
963.08,3
963.28,6
963.481,1
963.681,0
963.882,6
964.082,11
964.282,21
964.483,4
964.683,8
964.884,46
965.084,15
965.285,0
965.485,5
965.685,14
965.886,21
966.086,3
966.287,22
966.487,15
966.688,12
966.888,6
967.089,4
967.289,2
967.489,8
967.69,20
967.89,4
968.091,14
968.291,0
968.492,1
968.692,7
968.892,14
969.093,17
969.293,2
969.494,0
969.694,8
969.895,114
970.095,24
970.296,7
970.496,14
970.697,1
970.897,0
971.097,11
971.298,19
971.498,7
971.699,0
971.899,0
972.1,17
972.3,3
972.501,22
972.701,0
972.902,11
973.102,0
973.302,25
973.503,2
973.703,11
973.904,0
974.104,0
974.305,5
974.505,4
974.706,0
974.906,19
975.107,8
975.307,20
975.508,4
975.708,6
975.908,21
976.109,28
976.309,0
976.51,14
976.71,1
976.911,13
977.111,12
977.312,0
977.512,19
977.713,0
977.913,18
978.114,9
978.314,4
978.515,3
978.715,5
978.916,0
979.116,4
979.316,14
979.517,4
979.717,4
979.918,7
980.118,5
980.319,3
980.519,17
980.72,8
980.92,35
981.121,0
981.321,12
981.522,32
981.722,7
981.923,16
982.123,4
982.324,9
982.524,27
982.725,1
982.925,5
983.126,2
983.326,9
983.527,20
983.727,0
983.928,4
984.128,17
984.329,6
984.529,8
984.73,5
984.93,2
985.131,3
985.331,1
985.532,0
985.732,20
985.933,14
986.133,0
986.334,0
986.534,3
986.735,4
986.935,1
987.136,13
987.336,20
987.537,8
987.737,4
987.938,12
988.138,2
988.339,6
988.539,11
988.74,16
988.94,0
989.141,0
989.341,1
989.542,0
989.742,14
989.943,5
990.143,13
990.344,8
990.544,1
990.745,0
990.945,0
991.146,0
991.346,0
991.547,0
991.747,0
991.948,0
992.148,0
992.349,0
992.549,0
992.75,0
992.95,0
993.151,0
993.351,0
993.552,0
993.752,0
993.953,0
994.153,0
994.354,0
994.555,0
994.755,0
994.956,0
995.156,0
995.357,0
995.557,0
995.758,0
995.958,0
996.159,0
996.359,0
996.56,0
996.76,0
996.961,0
997.161,0
997.362,0
997.562,0
997.763,0
997.964,0
998.164,0
998.365,0
998.565,0
998.766,0
998.966,0
999.167,0
999.367,0
999.568,0
999.768,0
