59.6745,0
59.7827,0
59.8909,43
59.9991,40
60.1073,0
60.2156,0
60.3238,0
60.432,17
60.5402,12
60.6484,0
60.7566,0
60.8648,2
60.973,27
61.0812,2
61.1894,0
61.2976,14
61.4059,36
61.5141,5
61.6223,24
61.7305,8
61.8387,7
61.9469,27
62.0551,19
62.1633,0
62.2715,21
62.3797,0
62.488,0
62.5962,10
62.7044,2
62.8126,0
62.9208,0
63.029,3
63.1372,0
63.2454,16
63.3536,34
63.4618,23
63.5701,1
63.6783,0
63.7865,9
63.8947,14
64.0029,0
64.1111,0
64.2193,0
64.3275,25
64.4357,0
64.5439,25
64.6522,1
64.7604,11
64.8686,0
64.9768,0
65.085,6
65.1932,8
65.3014,2
65.4096,0
65.5178,24
65.6261,0
65.7343,0
65.8425,16
65.9507,17
66.0589,0
66.1671,19
66.2753,0
66.3835,0
66.4917,8
66.6,12
66.7082,10
66.8164,0
66.9246,0
67.0328,22
67.141,24
67.2492,12
67.3574,0
67.4656,22
67.5739,0
67.6821,0
67.7903,13
67.8985,0
68.0067,7
68.1149,1
68.2231,1
68.3313,0
68.4396,5
68.5478,9
68.656,8
68.7642,16
68.8724,0
68.9806,0
69.0888,17
69.197,0
69.3053,0
69.4135,17
69.5217,23
69.6299,0
69.7381,5
69.8463,1
69.9545,11
70.0627,0
70.171,6
70.2792,11
70.3874,18
70.4956,0
70.6038,0
70.712,22
70.8202,64
70.9284,0
71.0367,6
71.1449,0
71.2531,0
71.3613,0
71.4695,15
71.5777,0
71.6859,0
71.7941,32
71.9024,13
72.0106,0
72.1188,0
72.227,4
72.3352,0
72.4434,26
72.5516,23
72.6599,11
72.7681,0
72.8763,0
72.9845,4
73.0927,28
73.2009,17
73.3091,6
73.4174,8
73.5256,36
73.6338,18
73.742,7
73.8502,0
73.9584,0
74.0666,10
74.1748,3
74.2831,2
74.3913,5
74.4995,27
74.6077,47
74.7159,0
74.8241,0
74.9323,22
75.0406,18
75.1488,6
75.257,16
75.3652,0
75.4734,0
75.5816,0
75.6899,5
75.7981,0
75.9063,6
76.0145,0
76.1227,7
76.2309,1
76.3391,14
76.4474,30
76.5556,8
76.6638,22
76.772,18
76.8802,0
76.9884,9
77.0966,0
77.2049,0
77.3131,0
77.4213,0
77.5295,0
77.6377,0
77.7459,3
77.8542,22
77.9624,9
78.0706,6
78.1788,0
78.287,16
78.3952,6
78.5034,2
78.6117,0
78.7199,7
78.8281,0
78.9363,0
79.0445,0
79.1527,0
79.261,0
79.3692,0
79.4774,2
79.5856,0
79.6938,15
79.802,27
79.9102,8
80.0185,9
80.1267,25
80.2349,0
80.3431,13
80.4513,0
80.5595,17
80.6678,4
80.776,0
80.8842,15
80.9924,1
81.1006,17
81.2088,3
81.3171,0
81.4253,0
81.5335,54
81.6417,36
81.7499,16
81.8581,0
81.9664,0
82.0746,0
82.1828,1
82.291,17
82.3992,22
82.5074,5
82.6157,0
82.7239,8
82.8321,39
82.9403,24
83.0485,13
83.1567,21
83.265,0
83.3732,0
83.4814,6
83.5896,0
83.6978,0
83.806,14
83.9143,4
84.0225,0
84.1307,3
84.2389,15
84.3471,13
84.4553,0
84.5636,12
84.6718,0
84.78,0
84.8882,0
84.9964,3
85.1047,1
85.2129,4
85.3211,2
85.4293,1
85.5375,6
85.6457,0
85.754,0
85.8622,11
85.9704,0
86.0786,0
86.1868,16
86.295,24
86.4033,2
86.5115,10
86.6197,0
86.7279,0
86.8361,0
86.9444,10
87.0526,9
87.1608,14
87.269,11
87.3772,2
87.4854,0
87.5937,21
87.7019,3
87.8101,1
87.9183,11
88.0265,2
88.1348,16
88.243,0
88.3512,0
88.4594,5
88.5676,14
88.6758,5
88.7841,0
88.8923,1
89.0005,14
89.1087,7
89.2169,0
89.3252,19
89.4334,0
89.5416,18
89.6498,0
89.758,9
89.8663,25
89.9745,0
90.0827,0
90.1909,52
90.2991,4
90.4074,9
90.5156,0
90.6238,16
90.732,4
90.8402,0
90.9484,0
91.0567,37
91.1649,27
91.2731,0
91.3813,0
91.4895,0
91.5978,0
91.706,0
91.8142,1
91.9224,6
92.0306,4
92.1389,6
92.2471,0
92.3553,11
92.4635,8
92.5717,8
92.68,0
92.7882,0
92.8964,2
93.0046,0
93.1128,0
93.2211,14
93.3293,16
93.4375,2
93.5457,0
93.6539,0
93.7622,1
93.8704,0
93.9786,0
94.0868,0
94.195,10
94.3033,3
94.4115,0
94.5197,19
94.6279,19
94.7361,0
94.8444,0
94.9526,3
95.0608,6
95.169,0
95.2772,0
95.3855,21
95.4937,0
95.6019,9
95.7101,0
95.8183,0
95.9266,32
96.0348,0
96.143,0
96.2512,0
96.3594,13
96.4677,10
96.5759,0
96.6841,4
96.7923,0
96.9005,0
97.0088,0
97.117,16
97.2252,24
97.3334,8
97.4416,17
97.5499,0
97.6581,0
97.7663,0
97.8745,0
97.9827,9
98.091,5
98.1992,36
98.3074,18
98.4156,0
98.5238,6
98.6321,0
98.7403,22
98.8485,0
98.9567,17
99.065,24
99.1732,0
99.2814,0
99.3896,10
99.4978,19
99.6061,0
99.7143,0
99.8225,6
99.9307,6
100.039,0
100.147,12
100.255,0
100.364,9
100.472,0
100.58,0
100.688,4
100.796,0
100.905,0
101.013,0
101.121,0
101.229,0
101.338,0
101.446,6
101.554,24
101.662,24
101.77,12
101.879,0
101.987,18
102.095,13
102.203,0
102.312,0
102.42,4
102.528,0
102.636,0
102.744,0
102.853,9
102.961,0
103.069,0
103.177,24
103.286,16
103.394,10
103.502,0
103.61,0
103.718,0
103.827,0
103.935,27
104.043,0
104.151,6
104.26,0
104.368,0
104.476,6
104.584,5
104.692,0
104.801,0
104.909,13
105.017,4
105.125,0
105.234,16
105.342,0
105.45,0
105.558,9
105.666,14
105.775,17
105.883,22
105.991,4
106.099,32
106.208,16
106.316,0
106.424,0
106.532,0
106.64,10
106.749,0
106.857,0
106.965,0
107.073,0
107.182,0
107.29,10
107.398,0
107.506,0
107.614,4
107.723,0
107.831,0
107.939,28
108.047,0
108.156,0
108.264,31
108.372,4
108.48,0
108.588,0
108.697,4
108.805,16
108.913,7
109.021,5
109.13,0
109.238,6
109.346,0
109.454,20
109.562,26
109.671,2
109.779,0
109.887,0
109.995,36
110.104,0
110.212,0
110.32,1
110.428,16
110.537,4
110.645,16
110.753,0
110.861,11
110.969,11
111.078,0
111.186,2
111.294,5
111.402,18
111.511,0
111.619,0
111.727,0
111.835,12
111.943,3
112.052,0
112.16,33
112.268,30
112.376,24
112.485,0
112.593,6
112.701,0
112.809,16
112.917,6
113.026,10
113.134,0
113.242,4
113.35,1
113.459,1
113.567,0
113.675,0
113.783,0
113.891,0
114,40
114.108,39
114.216,0
114.324,0
114.433,0
114.541,0
114.649,0
114.757,2
114.865,4
114.974,0
115.082,10
115.19,0
115.298,4
115.407,2
115.515,10
115.623,15
115.731,0
115.839,14
115.948,44
116.056,10
116.164,0
116.272,6
116.381,0
116.489,10
116.597,18
116.705,3
116.813,0
116.922,21
117.03,11
117.138,5
117.246,10
117.355,41
117.463,16
117.571,17
117.679,5
117.787,0
117.896,10
118.004,17
118.112,0
118.22,3
118.329,9
118.437,0
118.545,1
118.653,0
118.762,0
118.87,0
118.978,9
119.086,3
119.194,0
119.303,0
119.411,24
119.519,11
119.627,0
119.736,0
119.844,24
119.952,0
120.06,0
120.168,8
120.277,0
120.385,0
120.493,0
120.601,12
120.71,8
120.818,0
120.926,0
121.034,0
121.142,4
121.251,0
121.359,0
121.467,0
121.575,0
121.684,0
121.792,4
121.9,0
122.008,0
122.116,2
122.225,0
122.333,0
122.441,21
122.549,20
122.658,0
122.766,21
122.874,23
122.982,7
123.09,6
123.199,14
123.307,1
123.415,0
123.523,3
123.632,0
123.74,0
123.848,6
123.956,0
124.065,9
124.173,0
124.281,17
124.389,8
124.497,0
124.606,0
124.714,0
124.822,15
124.93,45
125.039,0
125.147,0
125.255,2
125.363,11
125.471,0
125.58,0
125.688,0
125.796,2
125.904,0
126.013,0
126.121,0
126.229,4
126.337,0
126.445,0
126.554,8
126.662,2
126.77,0
126.878,0
126.987,0
127.095,38
127.203,2
127.311,0
127.419,14
127.528,4
127.636,8
127.744,12
127.852,9
127.961,0
128.069,6
128.177,33
128.285,7
128.394,4
128.502,0
128.61,0
128.718,1
128.826,0
128.935,0
129.043,0
129.151,29
129.259,32
129.368,19
129.476,0
129.584,0
129.692,0
129.8,11
129.909,0
130.017,0
130.125,0
130.233,0
130.342,8
130.45,3
130.558,22
130.666,16
130.774,0
130.883,41
130.991,12
131.099,0
131.207,0
131.316,29
131.424,14
131.532,15
131.64,7
131.748,0
131.857,13
131.965,12
132.073,29
132.181,22
132.29,0
132.398,23
132.506,0
132.614,10
132.723,9
132.831,1
132.939,20
133.047,0
133.155,0
133.264,7
133.372,21
133.48,9
133.588,17
133.697,0
133.805,26
133.913,28
134.021,22
134.129,9
134.238,0
134.346,0
134.454,2
134.562,26
134.671,0
134.779,0
134.887,36
134.995,0
135.103,0
135.212,0
135.32,17
135.428,0
135.536,0
135.645,34
135.753,44
135.861,0
135.969,8
136.077,0
136.186,4
136.294,0
136.402,21
136.51,0
136.619,1
136.727,2
136.835,10
136.943,3
137.052,12
137.16,26
137.268,14
137.376,22
137.484,5
137.593,1
137.701,0
137.809,7
137.917,0
138.026,0
138.134,0
138.242,20
138.35,9
138.458,24
138.567,13
138.675,9
138.783,10
138.891,2
139,0
139.108,15
139.216,8
139.324,2
139.432,0
139.541,0
139.649,0
139.757,0
139.865,0
139.974,5
140.082,0
140.19,0
140.298,0
140.407,0
140.515,0
140.623,13
140.731,13
140.839,6
140.948,0
141.056,8
141.164,15
141.272,0
141.381,0
141.489,12
141.597,1
141.705,20
141.813,5
141.922,0
142.03,21
142.138,16
142.246,0
142.355,0
142.463,30
142.571,17
142.679,0
142.787,11
142.896,27
143.004,0
143.112,0
143.22,21
143.329,0
143.437,0
143.545,0
143.653,0
143.761,0
143.87,13
143.978,0
144.086,1
144.194,21
144.303,33
144.411,0
144.519,0
144.627,16
144.736,20
144.844,0
144.952,0
145.06,0
145.168,14
145.277,0
145.385,0
145.493,9
145.601,15
145.71,1
145.818,21
145.926,14
146.034,0
146.142,2
146.251,0
146.359,0
146.467,7
146.575,0
146.684,0
146.792,19
146.9,0
147.008,0
147.116,25
147.225,9
147.333,0
147.441,0
147.549,0
147.658,16
147.766,0
147.874,0
147.982,0
148.091,0
148.199,5
148.307,4
148.415,10
148.523,0
148.632,8
148.74,29
148.848,5
148.956,0
149.065,0
149.173,2
149.281,16
149.389,10
149.497,5
149.606,8
149.714,11
149.822,16
149.93,12
150.039,1
150.147,0
150.255,0
150.363,0
150.471,17
150.58,0
150.688,16
150.796,0
150.904,0
151.013,7
151.121,0
151.229,44
151.337,56
151.445,29
151.554,0
151.662,0
151.77,25
151.878,24
151.987,5
152.095,2
152.203,0
152.311,25
152.42,29
152.528,22
152.636,0
152.744,10
152.852,19
152.961,23
153.069,0
153.177,0
153.285,9
153.394,0
153.502,2
153.61,6
153.718,0
153.826,19
153.935,9
154.043,0
154.151,18
154.259,6
154.368,0
154.476,13
154.584,16
154.692,7
154.8,0
154.909,0
155.017,0
155.125,0
155.233,0
155.342,0
155.45,0
155.558,5
155.666,1
155.774,10
155.883,19
155.991,11
156.099,20
156.207,0
156.316,15
156.424,0
156.532,0
156.64,9
156.749,0
156.857,7
156.965,0
157.073,0
157.181,0
157.29,55
157.398,16
157.506,0
157.614,12
157.723,9
157.831,11
157.939,0
158.047,9
158.155,0
158.264,0
158.372,0
158.48,3
158.588,1
158.697,19
158.805,0
158.913,6
159.021,17
159.129,3
159.238,0
159.346,24
159.454,19
159.562,0
159.671,11
159.779,12
159.887,0
159.995,0
160.103,39
160.212,0
160.32,0
160.428,0
160.536,10
160.645,5
160.753,0
160.861,0
160.969,19
161.077,0
161.186,0
161.294,0
161.402,0
161.51,0
161.619,0
161.727,0
161.835,14
161.943,20
162.052,22
162.16,18
162.268,0
162.376,0
162.484,0
162.593,0
162.701,4
162.809,3
162.917,0
163.026,2
163.134,0
163.242,27
163.35,29
163.458,9
163.567,2
163.675,4
163.783,0
163.891,9
164,0
164.108,15
164.216,2
164.324,0
164.432,0
164.541,0
164.649,3
164.757,0
164.865,0
164.974,0
165.082,0
165.19,8
165.298,23
165.406,17
165.515,13
165.623,7
165.731,6
165.839,8
165.948,1
166.056,0
166.164,0
166.272,0
166.38,0
166.489,0
166.597,7
166.705,0
166.813,0
166.922,8
167.03,14
167.138,0
167.246,0
167.354,25
167.463,21
167.571,0
167.679,10
167.787,4
167.896,0
168.004,0
168.112,28
168.22,4
168.328,28
168.437,0
168.545,1
168.653,10
168.761,28
168.87,6
168.978,9
169.086,0
169.194,8
169.303,10
169.411,6
169.519,4
169.627,0
169.735,4
169.844,0
169.952,0
170.06,19
170.168,0
170.277,13
170.385,0
170.493,21
170.601,0
170.709,24
170.818,3
170.926,19
171.034,0
171.142,0
171.251,4
171.359,0
171.467,0
171.575,0
171.683,10
171.792,17
171.9,0
172.008,24
172.116,0
172.225,0
172.333,5
172.441,0
172.549,0
172.657,0
172.766,32
172.874,0
172.982,0
173.09,4
173.199,0
173.307,0
173.415,0
173.523,0
173.631,24
173.74,6
173.848,0
173.956,1
174.064,11
174.173,7
174.281,25
174.389,0
174.497,28
174.605,5
174.714,0
174.822,0
174.93,24
175.038,15
175.147,4
175.255,0
175.363,15
175.471,28
175.579,6
175.688,0
175.796,12
175.904,24
176.012,0
176.121,0
176.229,9
176.337,0
176.445,12
176.553,0
176.662,19
176.77,12
176.878,2
176.986,17
177.095,18
177.203,0
177.311,10
177.419,30
177.527,1
177.636,0
177.744,22
177.852,0
177.96,4
178.069,8
178.177,0
178.285,13
178.393,0
178.501,0
178.61,0
178.718,69
178.826,33
178.934,54
179.043,40
179.151,0
179.259,24
179.367,0
179.475,8
179.584,10
179.692,0
179.8,0
179.908,0
180.017,17
180.125,5
180.233,0
180.341,11
180.449,0
180.558,23
180.666,28
180.774,0
180.882,0
180.991,28
181.099,24
181.207,0
181.315,0
181.423,3
181.532,3
181.64,11
181.748,0
181.856,14
181.965,12
182.073,0
182.181,17
182.289,0
182.397,0
182.506,0
182.614,0
182.722,0
182.83,6
182.938,34
183.047,0
183.155,5
183.263,16
183.371,27
183.48,40
183.588,0
183.696,0
183.804,24
183.912,0
184.021,21
184.129,2
184.237,0
184.345,8
184.454,12
184.562,13
184.67,25
184.778,6
184.886,0
184.995,57
185.103,0
185.211,0
185.319,12
185.428,3
185.536,2
185.644,0
185.752,4
185.86,29
185.969,6
186.077,23
186.185,6
186.293,0
186.402,8
186.51,22
186.618,13
186.726,0
186.834,0
186.943,4
187.051,6
187.159,9
187.267,0
187.376,11
187.484,7
187.592,8
187.7,0
187.808,0
187.917,0
188.025,0
188.133,0
188.241,0
188.349,15
188.458,17
188.566,9
188.674,46
188.782,0
188.891,9
188.999,11
189.107,0
189.215,0
189.323,18
189.432,7
189.54,0
189.648,0
189.756,48
189.865,46
189.973,0
190.081,0
190.189,8
190.297,39
190.406,61
190.514,46
190.622,37
190.73,45
190.839,8
190.947,3
191.055,0
191.163,6
191.271,10
191.38,0
191.488,0
191.596,14
191.704,24
191.813,11
191.921,0
192.029,1
192.137,13
192.245,0
192.354,0
192.462,3
192.57,4
192.678,0
192.786,0
192.895,11
193.003,59
193.111,116
193.219,53
193.328,23
193.436,0
193.544,0
193.652,28
193.76,2
193.869,8
193.977,5
194.085,0
194.193,0
194.302,12
194.41,17
194.518,1
194.626,33
194.734,14
194.843,0
194.951,1
195.059,20
195.167,0
195.275,0
195.384,6
195.492,8
195.6,5
195.708,0
195.817,0
195.925,11
196.033,22
196.141,0
196.249,9
196.358,33
196.466,26
196.574,15
196.682,0
196.791,14
196.899,12
197.007,14
197.115,0
197.223,13
197.332,4
197.44,32
197.548,24
197.656,0
197.764,6
197.873,5
197.981,0
198.089,0
198.197,19
198.306,8
198.414,0
198.522,16
198.63,21
198.738,1
198.847,0
198.955,0
199.063,5
199.171,0
199.28,1
199.388,0
199.496,22
199.604,38
199.712,0
199.821,3
199.929,0
200.037,3
200.145,23
200.253,0
200.362,0
200.47,0
200.578,34
200.686,12
200.795,0
200.903,0
201.011,0
201.119,18
201.227,23
201.336,41
201.444,0
201.552,17
201.66,21
201.768,0
201.877,3
201.985,5
202.093,0
202.201,46
202.31,7
202.418,0
202.526,0
202.634,11
202.742,0
202.851,0
202.959,0
203.067,19
203.175,0
203.284,16
203.392,5
203.5,20
203.608,8
203.716,12
203.825,0
203.933,8
204.041,15
204.149,0
204.257,0
204.366,0
204.474,0
204.582,0
204.69,0
204.799,14
204.907,0
205.015,9
205.123,35
205.231,43
205.34,8
205.448,8
205.556,0
205.664,0
205.772,19
205.881,0
205.989,0
206.097,0
206.205,17
206.314,0
206.422,0
206.53,0
206.638,16
206.746,0
206.855,17
206.963,16
207.071,17
207.179,0
207.287,0
207.396,0
207.504,8
207.612,0
207.72,0
207.829,0
207.937,0
208.045,12
208.153,0
208.261,4
208.37,0
208.478,17
208.586,0
208.694,0
208.802,0
208.911,6
209.019,13
209.127,0
209.235,2
209.343,7
209.452,18
209.56,15
209.668,6
209.776,0
209.885,0
209.993,19
210.101,11
210.209,0
210.317,36
210.426,27
210.534,0
210.642,7
210.75,2
210.858,10
210.967,4
211.075,0
211.183,0
211.291,8
211.4,38
211.508,1
211.616,0
211.724,4
211.832,0
211.941,12
212.049,28
212.157,0
212.265,3
212.373,0
212.482,8
212.59,3
212.698,17
212.806,3
212.915,15
213.023,0
213.131,9
213.239,0
213.347,0
213.456,0
213.564,5
213.672,21
213.78,0
213.888,0
213.997,0
214.105,15
214.213,0
214.321,12
214.429,93
214.538,65
214.646,4
214.754,15
214.862,12
214.971,0
215.079,0
215.187,0
215.295,0
215.403,3
215.512,25
215.62,0
215.728,1
215.836,0
215.944,0
216.053,17
216.161,0
216.269,14
216.377,32
216.485,34
216.594,20
216.702,29
216.81,15
216.918,15
217.027,14
217.135,19
217.243,0
217.351,33
217.459,0
217.568,5
217.676,40
217.784,0
217.892,0
218,23
218.109,19
218.217,0
218.325,35
218.433,4
218.541,4
218.65,11
218.758,1
218.866,13
218.974,0
219.083,0
219.191,31
219.299,25
219.407,0
219.515,0
219.624,10
219.732,20
219.84,30
219.948,0
220.056,11
220.165,8
220.273,0
220.381,0
220.489,10
220.597,0
220.706,0
220.814,15
220.922,17
221.03,1
221.138,0
221.247,17
221.355,0
221.463,13
221.571,4
221.68,0
221.788,77
221.896,69
222.004,3
222.112,0
222.221,9
222.329,26
222.437,12
222.545,2
222.653,0
222.762,0
222.87,30
222.978,48
223.086,0
223.194,9
223.303,8
223.411,0
223.519,7
223.627,14
223.735,19
223.844,2
223.952,11
224.06,28
224.168,18
224.277,0
224.385,0
224.493,18
224.601,20
224.709,0
224.818,4
224.926,0
225.034,8
225.142,20
225.25,19
225.359,6
225.467,0
225.575,0
225.683,18
225.791,21
225.9,0
226.008,0
226.116,9
226.224,18
226.332,0
226.441,0
226.549,4
226.657,56
226.765,52
226.873,0
226.982,11
227.09,0
227.198,0
227.306,12
227.415,0
227.523,4
227.631,0
227.739,0
227.847,7
227.956,0
228.064,0
228.172,0
228.28,19
228.388,6
228.497,11
228.605,11
228.713,4
228.821,5
228.929,0
229.038,5
229.146,11
229.254,8
229.362,0
229.47,12
229.579,0
229.687,0
229.795,18
229.903,13
230.011,25
230.12,0
230.228,0
230.336,0
230.444,0
230.552,17
230.661,6
230.769,2
230.877,0
230.985,14
231.093,3
231.202,4
231.31,0
231.418,40
231.526,28
231.634,0
231.743,0
231.851,10
231.959,18
232.067,1
232.176,0
232.284,0
232.392,16
232.5,0
232.608,6
232.717,0
232.825,4
232.933,0
233.041,30
233.149,29
233.258,5
233.366,18
233.474,11
233.582,3
233.69,0
233.799,8
233.907,10
234.015,10
234.123,0
234.231,5
234.34,4
234.448,5
234.556,15
234.664,19
234.772,15
234.881,0
234.989,4
235.097,7
235.205,0
235.313,0
235.422,0
235.53,7
235.638,19
235.746,0
235.854,6
235.963,11
236.071,21
236.179,15
236.287,0
236.395,0
236.504,16
236.612,0
236.72,0
236.828,6
236.936,0
237.045,0
237.153,0
237.261,7
237.369,10
237.477,7
237.586,6
237.694,17
237.802,4
237.91,0
238.018,11
238.127,0
238.235,10
238.343,0
238.451,10
238.559,30
238.668,151
238.776,135
238.884,157
238.992,233
239.1,158
239.209,15
239.317,0
239.425,0
239.533,6
239.641,0
239.75,0
239.858,3
239.966,21
240.074,13
240.182,0
240.291,0
240.399,37
240.507,22
240.615,10
240.723,17
240.832,33
240.94,14
241.048,3
241.156,4
241.264,0
241.373,0
241.481,0
241.589,0
241.697,0
241.805,19
241.914,0
242.022,0
242.13,0
242.238,0
242.346,4
242.455,0
242.563,0
242.671,0
242.779,0
242.887,2
242.996,0
243.104,12
243.212,0
243.32,11
243.428,15
243.537,0
243.645,2
243.753,0
243.861,29
243.969,4
244.078,0
244.186,5
244.294,17
244.402,16
244.51,0
244.619,10
244.727,1
244.835,0
244.943,1
245.051,7
245.16,0
245.268,17
245.376,25
245.484,10
245.592,21
245.701,6
245.809,13
245.917,13
246.025,2
246.133,3
246.242,25
246.35,0
246.458,27
246.566,8
246.674,0
246.783,0
246.891,0
246.999,13
247.107,10
247.215,0
247.323,5
247.432,0
247.54,4
247.648,2
247.756,2
247.864,0
247.973,0
248.081,13
248.189,0
248.297,0
248.405,14
248.514,0
248.622,0
248.73,0
248.838,7
248.946,21
249.055,12
249.163,0
249.271,0
249.379,0
249.487,18
249.596,0
249.704,6
249.812,0
249.92,0
250.028,0
250.137,15
250.245,0
250.353,0
250.461,7
250.569,0
250.678,0
250.786,13
250.894,0
251.002,40
251.11,4
251.219,0
251.327,15
251.435,2
251.543,0
251.651,13
251.759,0
251.868,50
251.976,23
252.084,36
252.192,69
252.3,54
252.409,19
252.517,0
252.625,4
252.733,0
252.841,24
252.95,11
253.058,0
253.166,0
253.274,18
253.382,18
253.491,3
253.599,0
253.707,0
253.815,0
253.923,0
254.032,0
254.14,17
254.248,19
254.356,10
254.464,0
254.572,0
254.681,12
254.789,26
254.897,0
255.005,0
255.113,0
255.222,0
255.33,0
255.438,0
255.546,0
255.654,10
255.763,0
255.871,1
255.979,56
256.087,15
256.195,0
256.304,0
256.412,21
256.52,0
256.628,0
256.736,0
256.844,0
256.953,13
257.061,6
257.169,0
257.277,14
257.385,27
257.494,13
257.602,0
257.71,33
257.818,0
257.926,5
258.035,0
258.143,0
258.251,1
258.359,0
258.467,0
258.576,4
258.684,0
258.792,14
258.9,0
259.008,0
259.116,26
259.225,18
259.333,25
259.441,0
259.549,0
259.657,4
259.766,45
259.874,0
259.982,0
260.09,0
260.198,0
260.307,72
260.415,110
260.523,47
260.631,0
260.739,10
260.847,15
260.956,25
261.064,26
261.172,0
261.28,0
261.388,16
261.497,39
261.605,0
261.713,0
261.821,15
261.929,10
262.038,14
262.146,0
262.254,6
262.362,30
262.47,22
262.578,30
262.687,0
262.795,12
262.903,29
263.011,31
263.119,0
263.228,26
263.336,0
263.444,3
263.552,0
263.66,19
263.769,10
263.877,11
263.985,0
264.093,0
264.201,0
264.309,0
264.418,0
264.526,0
264.634,15
264.742,12
264.85,0
264.959,8
265.067,0
265.175,0
265.283,0
265.391,0
265.5,27
265.608,23
265.716,0
265.824,5
265.932,0
266.04,10
266.149,0
266.257,0
266.365,20
266.473,20
266.581,10
266.69,0
266.798,0
266.906,9
267.014,1
267.122,14
267.23,0
267.339,18
267.447,0
267.555,0
267.663,7
267.771,0
267.88,0
267.988,0
268.096,13
268.204,32
268.312,87
268.42,43
268.529,0
268.637,0
268.745,0
268.853,0
268.961,4
269.07,21
269.178,0
269.286,0
269.394,12
269.502,15
269.61,0
269.719,0
269.827,3
269.935,7
270.043,0
270.151,0
270.26,0
270.368,21
270.476,0
270.584,0
270.692,1
270.8,21
270.909,0
271.017,0
271.125,34
271.233,44
271.341,18
271.45,6
271.558,0
271.666,7
271.774,0
271.882,0
271.99,4
272.099,0
272.207,7
272.315,0
272.423,0
272.531,5
272.64,23
272.748,0
272.856,15
272.964,0
273.072,0
273.18,0
273.289,0
273.397,3
273.505,6
273.613,28
273.721,10
273.83,0
273.938,15
274.046,10
274.154,0
274.262,4
274.37,8
274.479,0
274.587,0
274.695,0
274.803,0
274.911,0
275.02,0
275.128,0
275.236,28
275.344,0
275.452,5
275.56,33
275.669,0
275.777,11
275.885,22
275.993,0
276.101,5
276.209,0
276.318,38
276.426,28
276.534,0
276.642,0
276.75,0
276.859,0
276.967,0
277.075,0
277.183,5
277.291,7
277.399,38
277.508,9
277.616,19
277.724,10
277.832,3
277.94,0
278.048,22
278.157,0
278.265,10
278.373,0
278.481,0
278.589,12
278.698,12
278.806,30
278.914,0
279.022,0
279.13,17
279.238,25
279.347,11
279.455,0
279.563,17
279.671,6
279.779,0
279.887,0
279.996,0
280.104,0
280.212,0
280.32,0
280.428,5
280.537,12
280.645,26
280.753,30
280.861,19
280.969,0
281.077,0
281.186,0
281.294,5
281.402,0
281.51,3
281.618,0
281.726,24
281.835,6
281.943,0
282.051,0
282.159,14
282.267,0
282.375,15
282.484,23
282.592,59
282.7,0
282.808,5
282.916,0
283.025,0
283.133,0
283.241,0
283.349,0
283.457,0
283.565,4
283.674,1
283.782,1
283.89,16
283.998,16
284.106,0
284.214,0
284.323,0
284.431,28
284.539,0
284.647,0
284.755,19
284.863,23
284.972,0
285.08,0
285.188,0
285.296,0
285.404,20
285.512,0
285.621,0
285.729,1
285.837,0
285.945,0
286.053,11
286.161,8
286.27,20
286.378,32
286.486,22
286.594,0
286.702,0
286.811,0
286.919,0
287.027,0
287.135,44
287.243,32
287.351,0
287.46,0
287.568,0
287.676,20
287.784,17
287.892,0
288,3
288.109,0
288.217,0
288.325,3
288.433,13
288.541,9
288.649,0
288.758,5
288.866,0
288.974,42
289.082,49
289.19,64
289.298,41
289.407,37
289.515,101
289.623,105
289.731,61
289.839,89
289.947,130
290.056,89
290.164,21
290.272,0
290.38,0
290.488,13
290.596,8
290.705,64
290.813,202
290.921,422
291.029,318
291.137,122
291.245,0
291.354,0
291.462,0
291.57,0
291.678,11
291.786,0
291.894,0
292.003,14
292.111,20
292.219,0
292.327,14
292.435,28
292.543,0
292.652,11
292.76,1
292.868,0
292.976,0
293.084,10
293.192,45
293.301,36
293.409,30
293.517,16
293.625,4
293.733,16
293.841,17
293.95,0
294.058,3
294.166,6
294.274,0
294.382,0
294.49,12
294.599,0
294.707,0
294.815,3
294.923,130
295.031,140
295.139,51
295.248,19
295.356,0
295.464,0
295.572,15
295.68,0
295.788,5
295.896,0
296.005,5
296.113,0
296.221,0
296.329,13
296.437,0
296.545,0
296.654,12
296.762,13
296.87,15
296.978,11
297.086,0
297.194,0
297.303,37
297.411,15
297.519,0
297.627,0
297.735,0
297.843,0
297.952,33
298.06,34
298.168,0
298.276,0
298.384,7
298.492,0
298.601,16
298.709,4
298.817,6
298.925,12
299.033,1
299.141,7
299.249,0
299.358,0
299.466,11
299.574,0
299.682,0
299.79,0
299.898,16
300.007,4
300.115,0
300.223,0
300.331,28
300.439,23
300.547,9
300.656,0
300.764,7
300.872,13
300.98,3
301.088,0
301.196,0
301.305,11
301.413,0
301.521,0
301.629,0
301.737,0
301.845,0
301.953,8
302.062,17
302.17,2
302.278,16
302.386,2
302.494,5
302.602,0
302.711,9
302.819,38
302.927,3
303.035,0
303.143,3
303.251,1
303.36,0
303.468,20
303.576,34
303.684,0
303.792,13
303.9,0
304.008,2
304.117,0
304.225,0
304.333,9
304.441,0
304.549,0
304.657,9
304.766,8
304.874,64
304.982,37
305.09,7
305.198,15
305.306,10
305.414,13
305.523,0
305.631,0
305.739,0
305.847,26
305.955,6
306.063,16
306.172,0
306.28,0
306.388,5
306.496,11
306.604,0
306.712,10
306.82,36
306.929,0
307.037,0
307.145,0
307.253,0
307.361,19
307.469,0
307.578,0
307.686,15
307.794,33
307.902,0
308.01,0
308.118,0
308.226,8
308.335,16
308.443,2
308.551,0
308.659,0
308.767,24
308.875,33
308.984,0
309.092,0
309.2,4
309.308,0
309.416,9
309.524,0
309.632,0
309.741,23
309.849,0
309.957,0
310.065,19
310.173,0
310.281,0
310.39,13
310.498,0
310.606,0
310.714,21
310.822,0
310.93,8
311.038,0
311.147,30
311.255,0
311.363,0
311.471,13
311.579,0
311.687,0
311.795,0
311.904,30
312.012,13
312.12,0
312.228,0
312.336,16
312.444,0
312.553,13
312.661,29
312.769,0
312.877,3
312.985,0
313.093,11
313.201,0
313.31,0
313.418,11
313.526,20
313.634,0
313.742,0
313.85,6
313.958,11
314.067,3
314.175,0
314.283,0
314.391,0
314.499,0
314.607,0
314.715,0
314.824,4
314.932,1
315.04,0
315.148,11
315.256,5
315.364,16
315.472,28
315.581,0
315.689,0
315.797,0
315.905,24
316.013,2
316.121,0
316.23,8
316.338,0
316.446,9
316.554,0
316.662,0
316.77,17
316.878,4
316.987,17
317.095,3
317.203,19
317.311,0
317.419,0
317.527,4
317.635,18
317.744,0
317.852,0
317.96,12
318.068,0
318.176,15
318.284,24
318.392,14
318.501,4
318.609,2
318.717,30
318.825,0
318.933,14
319.041,19
319.149,0
319.258,0
319.366,0
319.474,2
319.582,32
319.69,13
319.798,0
319.906,0
320.015,0
320.123,0
320.231,0
320.339,10
320.447,0
320.555,21
320.663,92
320.772,97
320.88,34
320.988,0
321.096,35
321.204,50
321.312,31
321.42,15
321.529,0
321.637,0
321.745,14
321.853,22
321.961,0
322.069,7
322.177,46
322.286,126
322.394,98
322.502,0
322.61,0
322.718,0
322.826,0
322.934,0
323.042,17
323.151,14
323.259,5
323.367,8
323.475,8
323.583,7
323.691,3
323.799,2
323.908,21
324.016,25
324.124,0
324.232,0
324.34,22
324.448,1
324.556,3
324.665,6
324.773,0
324.881,0
324.989,15
325.097,15
325.205,44
325.313,7
325.422,16
325.53,14
325.638,5
325.746,9
325.854,10
325.962,0
326.07,0
326.178,24
326.287,30
326.395,22
326.503,31
326.611,16
326.719,4
326.827,24
326.935,0
327.044,4
327.152,0
327.26,0
327.368,0
327.476,0
327.584,17
327.692,6
327.801,2
327.909,4
328.017,43
328.125,70
328.233,70
328.341,36
328.449,0
328.557,0
328.666,0
328.774,0
328.882,25
328.99,15
329.098,7
329.206,0
329.314,18
329.423,12
329.531,10
329.639,0
329.747,14
329.855,5
329.963,0
330.071,0
330.179,0
330.288,0
330.396,44
330.504,22
330.612,0
330.72,0
330.828,8
330.936,3
331.045,0
331.153,0
331.261,0
331.369,14
331.477,0
331.585,0
331.693,32
331.801,35
331.91,0
332.018,22
332.126,0
332.234,5
332.342,0
332.45,23
332.558,0
332.666,2
332.775,0
332.883,0
332.991,0
333.099,29
333.207,7
333.315,11
333.423,15
333.532,0
333.64,0
333.748,0
333.856,13
333.964,11
334.072,0
334.18,12
334.288,8
334.397,23
334.505,0
334.613,0
334.721,3
334.829,4
334.937,7
335.045,0
335.153,0
335.262,1
335.37,8
335.478,0
335.586,11
335.694,7
335.802,0
335.91,0
336.018,20
336.127,22
336.235,118
336.343,81
336.451,53
336.559,0
336.667,0
336.775,0
336.883,0
336.992,4
337.1,0
337.208,0
337.316,5
337.424,6
337.532,27
337.64,22
337.748,4
337.857,0
337.965,0
338.073,33
338.181,0
338.289,11
338.397,16
338.505,20
338.613,0
338.722,0
338.83,0
338.938,1
339.046,0
339.154,7
339.262,2
339.37,0
339.478,13
339.587,28
339.695,3
339.803,0
339.911,19
340.019,8
340.127,13
340.235,3
340.343,15
340.452,21
340.56,25
340.668,27
340.776,4
340.884,0
340.992,0
341.1,0
341.208,42
341.317,44
341.425,1
341.533,0
341.641,0
341.749,27
341.857,205
341.965,210
342.073,107
342.181,34
342.29,0
342.398,0
342.506,0
342.614,0
342.722,1
342.83,0
342.938,14
343.046,14
343.155,0
343.263,9
343.371,15
343.479,21
343.587,0
343.695,7
343.803,8
343.911,1
344.02,13
344.128,0
344.236,2
344.344,6
344.452,5
344.56,0
344.668,0
344.776,19
344.884,5
344.993,0
345.101,9
345.209,0
345.317,30
345.425,4
345.533,14
345.641,11
345.749,0
345.857,2
345.966,20
346.074,0
346.182,5
346.29,24
346.398,0
346.506,6
346.614,28
346.722,6
346.831,0
346.939,10
347.047,2
347.155,0
347.263,13
347.371,0
347.479,10
347.587,19
347.695,36
347.804,17
347.912,9
348.02,0
348.128,15
348.236,20
348.344,0
348.452,0
348.56,29
348.668,25
348.777,0
348.885,8
348.993,0
349.101,2
349.209,0
349.317,0
349.425,0
349.533,0
349.641,10
349.75,5
349.858,0
349.966,0
350.074,23
350.182,0
350.29,0
350.398,0
350.506,2
350.615,0
350.723,0
350.831,0
350.939,0
351.047,3
351.155,0
351.263,0
351.371,6
351.479,0
351.588,0
351.696,0
351.804,0
351.912,0
352.02,19
352.128,20
352.236,0
352.344,0
352.452,23
352.56,11
352.669,0
352.777,22
352.885,0
352.993,5
353.101,4
353.209,20
353.317,0
353.425,0
353.533,4
353.642,3
353.75,11
353.858,0
353.966,22
354.074,41
354.182,36
354.29,27
354.398,37
354.506,70
354.615,70
354.723,43
354.831,14
354.939,7
355.047,22
355.155,10
355.263,7
355.371,0
355.479,0
355.587,10
355.696,18
355.804,0
355.912,0
356.02,3
356.128,30
356.236,62
356.344,97
356.452,48
356.56,25
356.669,19
356.777,12
356.885,0
356.993,0
357.101,6
357.209,3
357.317,0
357.425,22
357.533,0
357.641,12
357.75,21
357.858,14
357.966,2
358.074,0
358.182,24
358.29,38
358.398,27
358.506,75
358.614,104
358.723,49
358.831,37
358.939,25
359.047,0
359.155,19
359.263,0
359.371,0
359.479,0
359.587,0
359.695,0
359.804,0
359.912,0
360.02,1
360.128,13
360.236,0
360.344,6
360.452,8
360.56,39
360.668,12
360.776,3
360.885,4
360.993,0
361.101,8
361.209,0
361.317,6
361.425,13
361.533,16
361.641,2
361.749,40
361.857,0
361.966,0
362.074,12
362.182,0
362.29,10
362.398,0
362.506,0
362.614,0
362.722,0
362.83,50
362.938,51
363.047,0
363.155,0
363.263,0
363.371,13
363.479,19
363.587,3
363.695,0
363.803,0
363.911,17
364.019,0
364.127,0
364.236,0
364.344,0
364.452,0
364.56,4
364.668,32
364.776,23
364.884,0
364.992,2
365.1,3
365.208,5
365.317,11
365.425,0
365.533,0
365.641,4
365.749,25
365.857,16
365.965,0
366.073,0
366.181,22
366.289,0
366.397,29
366.506,12
366.614,1
366.722,0
366.83,0
366.938,0
367.046,0
367.154,0
367.262,0
367.37,0
367.478,3
367.586,6
367.695,0
367.803,4
367.911,22
368.019,0
368.127,0
368.235,4
368.343,0
368.451,26
368.559,5
368.667,0
368.775,25
368.884,3
368.992,0
369.1,0
369.208,4
369.316,8
369.424,25
369.532,25
369.64,10
369.748,0
369.856,13
369.964,3
370.073,0
370.181,12
370.289,7
370.397,0
370.505,0
370.613,0
370.721,12
370.829,0
370.937,9
371.045,0
371.153,0
371.262,0
371.37,0
371.478,0
371.586,0
371.694,15
371.802,25
371.91,0
372.018,0
372.126,0
372.234,12
372.342,25
372.451,0
372.559,19
372.667,3
372.775,0
372.883,6
372.991,16
373.099,13
373.207,0
373.315,0
373.423,0
373.531,21
373.639,49
373.748,0
373.856,0
373.964,2
374.072,12
374.18,6
374.288,0
374.396,14
374.504,31
374.612,5
374.72,35
374.828,10
374.936,0
375.045,6
375.153,8
375.261,0
375.369,15
375.477,0
375.585,0
375.693,30
375.801,20
375.909,0
376.017,5
376.125,0
376.233,11
376.342,25
376.45,12
376.558,0
376.666,1
376.774,0
376.882,0
376.99,12
377.098,0
377.206,0
377.314,8
377.422,0
377.53,0
377.638,52
377.747,18
377.855,0
377.963,0
378.071,0
378.179,0
378.287,0
378.395,6
378.503,0
378.611,20
378.719,19
378.827,0
378.935,7
379.044,20
379.152,19
379.26,0
379.368,19
379.476,45
379.584,2
379.692,0
379.8,11
379.908,3
380.016,0
380.124,17
380.232,4
380.34,0
380.449,0
380.557,0
380.665,17
380.773,22
380.881,0
380.989,0
381.097,0
381.205,0
381.313,0
381.421,0
381.529,0
381.637,1
381.745,7
381.854,0
381.962,21
382.07,29
382.178,14
382.286,19
382.394,0
382.502,0
382.61,0
382.718,3
382.826,0
382.934,1
383.042,0
383.15,41
383.258,60
383.367,7
383.475,0
383.583,4
383.691,1
383.799,0
383.907,12
384.015,0
384.123,19
384.231,13
384.339,5
384.447,72
384.555,41
384.663,9
384.771,0
384.88,0
384.988,0
385.096,14
385.204,34
385.312,32
385.42,0
385.528,0
385.636,8
385.744,17
385.852,0
385.96,14
386.068,0
386.176,0
386.284,15
386.393,0
386.501,0
386.609,23
386.717,20
386.825,0
386.933,10
387.041,20
387.149,24
387.257,11
387.365,4
387.473,0
387.581,14
387.689,66
387.797,45
387.905,0
388.014,0
388.122,8
388.23,0
388.338,6
388.446,0
388.554,0
388.662,8
388.77,0
388.878,0
388.986,0
389.094,4
389.202,9
389.31,18
389.418,11
389.526,23
389.635,4
389.743,92
389.851,87
389.959,0
390.067,8
390.175,0
390.283,0
390.391,18
390.499,0
390.607,8
390.715,0
390.823,0
390.931,0
391.039,0
391.147,16
391.256,24
391.364,0
391.472,0
391.58,15
391.688,82
391.796,62
391.904,47
392.012,10
392.12,24
392.228,4
392.336,0
392.444,8
392.552,1
392.66,11
392.768,0
392.876,0
392.985,8
393.093,4
393.201,14
393.309,2
393.417,0
393.525,0
393.633,2
393.741,4
393.849,30
393.957,15
394.065,6
394.173,17
394.281,36
394.389,21
394.497,5
394.605,0
394.713,0
394.822,7
394.93,0
395.038,0
395.146,0
395.254,59
395.362,13
395.47,0
395.578,0
395.686,6
395.794,18
395.902,17
396.01,7
396.118,0
396.226,2
396.334,0
396.442,0
396.55,0
396.658,0
396.767,0
396.875,22
396.983,12
397.091,0
397.199,10
397.307,25
397.415,36
397.523,31
397.631,8
397.739,0
397.847,12
397.955,26
398.063,0
398.171,0
398.279,0
398.387,6
398.495,0
398.603,5
398.712,25
398.82,7
398.928,16
399.036,27
399.144,0
399.252,7
399.36,0
399.468,5
399.576,0
399.684,0
399.792,0
399.9,0
400.008,21
400.116,0
400.224,21
400.332,8
400.44,0
400.548,15
400.656,24
400.765,0
400.873,12
400.981,0
401.089,12
401.197,0
401.305,21
401.413,17
401.521,0
401.629,14
401.737,0
401.845,14
401.953,6
402.061,0
402.169,0
402.277,38
402.385,16
402.493,0
402.601,12
402.709,0
402.817,7
402.925,37
403.034,61
403.142,38
403.25,0
403.358,0
403.466,5
403.574,0
403.682,0
403.79,10
403.898,4
404.006,0
404.114,30
404.222,83
404.33,28
404.438,17
404.546,6
404.654,0
404.762,8
404.87,0
404.978,0
405.086,10
405.194,9
405.302,0
405.411,0
405.519,6
405.627,23
405.735,18
405.843,0
405.951,17
406.059,84
406.167,43
406.275,6
406.383,0
406.491,0
406.599,0
406.707,0
406.815,7
406.923,21
407.031,7
407.139,1
407.247,36
407.355,6
407.463,14
407.571,0
407.679,7
407.787,0
407.896,0
408.004,0
408.112,0
408.22,0
408.328,43
408.436,74
408.544,10
408.652,21
408.76,0
408.868,8
408.976,38
409.084,0
409.192,19
409.3,16
409.408,22
409.516,10
409.624,0
409.732,24
409.84,53
409.948,9
410.056,0
410.164,0
410.272,14
410.38,5
410.488,0
410.596,0
410.705,27
410.813,19
410.921,19
411.029,1
411.137,7
411.245,24
411.353,0
411.461,27
411.569,0
411.677,7
411.785,36
411.893,16
412.001,39
412.109,0
412.217,78
412.325,64
412.433,26
412.541,0
412.649,19
412.757,25
412.865,21
412.973,0
413.081,0
413.189,6
413.297,0
413.405,19
413.513,17
413.621,0
413.729,0
413.838,0
413.946,30
414.054,0
414.162,0
414.27,17
414.378,0
414.486,5
414.594,15
414.702,12
414.81,0
414.918,12
415.026,0
415.134,0
415.242,18
415.35,20
415.458,11
415.566,165
415.674,205
415.782,123
415.89,141
415.998,78
416.106,0
416.214,4
416.322,0
416.43,1
416.538,0
416.646,197
416.754,138
416.862,83
416.97,52
417.078,0
417.186,0
417.294,2
417.403,37
417.511,44
417.619,58
417.727,84
417.835,52
417.943,81
418.051,45
418.159,5
418.267,0
418.375,6
418.483,12
418.591,4
418.699,32
418.807,110
418.915,66
419.023,21
419.131,6
419.239,21
419.347,20
419.455,18
419.563,0
419.671,15
419.779,2
419.887,1
419.995,0
420.103,0
420.211,6
420.319,1
420.427,8
420.535,19
420.643,0
420.751,0
420.859,0
420.967,0
421.075,11
421.183,0
421.291,7
421.399,0
421.507,0
421.615,12
421.723,37
421.832,33
421.94,0
422.048,34
422.156,5
422.264,0
422.372,0
422.48,2
422.588,65
422.696,61
422.804,6
422.912,9
423.02,18
423.128,11
423.236,1
423.344,0
423.452,22
423.56,19
423.668,16
423.776,8
423.884,3
423.992,9
424.1,0
424.208,13
424.316,16
424.424,19
424.532,0
424.64,3
424.748,31
424.856,7
424.964,0
425.072,2
425.18,0
425.288,11
425.396,0
425.504,2
425.612,21
425.72,9
425.828,0
425.936,0
426.044,21
426.152,20
426.26,22
426.368,0
426.476,0
426.584,14
426.692,12
426.8,15
426.908,10
427.016,0
427.124,9
427.232,8
427.34,0
427.448,3
427.556,0
427.664,7
427.772,0
427.88,0
427.988,0
428.096,0
428.204,13
428.312,18
428.42,2
428.529,0
428.637,2
428.745,5
428.853,17
428.961,26
429.069,10
429.177,41
429.285,32
429.393,15
429.501,0
429.609,13
429.717,0
429.825,0
429.933,0
430.041,0
430.149,0
430.257,0
430.365,27
430.473,0
430.581,24
430.689,0
430.797,5
430.905,20
431.013,0
431.121,0
431.229,17
431.337,54
431.445,21
431.553,71
431.661,78
431.769,41
431.877,20
431.985,148
432.093,129
432.201,80
432.309,38
432.417,26
432.525,38
432.633,40
432.741,12
432.849,0
432.957,26
433.065,9
433.173,34
433.281,3
433.389,8
433.497,13
433.605,5
433.713,0
433.821,0
433.929,12
434.037,50
434.145,56
434.253,18
434.361,8
434.469,0
434.577,22
434.685,27
434.793,6
434.901,0
435.009,5
435.117,0
435.225,0
435.333,34
435.441,14
435.549,0
435.657,24
435.765,271
435.873,228
435.981,78
436.089,0
436.197,0
436.305,20
436.413,0
436.521,0
436.629,24
436.737,28
436.845,20
436.953,79
437.061,64
437.169,70
437.277,44
437.385,5
437.493,0
437.601,0
437.709,19
437.817,18
437.925,11
438.033,145
438.141,162
438.249,37
438.357,36
438.465,41
438.573,11
438.681,0
438.789,6
438.897,11
439.005,5
439.113,0
439.221,0
439.329,14
439.437,31
439.545,0
439.653,22
439.761,3
439.869,5
439.977,2
440.085,30
440.193,0
440.301,14
440.409,15
440.517,0
440.625,19
440.733,37
440.841,0
440.949,0
441.057,0
441.165,0
441.273,0
441.381,0
441.489,12
441.597,0
441.705,9
441.813,13
441.921,0
442.029,0
442.137,21
442.245,5
442.353,0
442.461,3
442.569,1
442.677,0
442.785,1
442.893,0
443.001,0
443.109,0
443.217,5
443.325,0
443.432,12
443.54,0
443.648,2
443.756,0
443.864,19
443.972,19
444.08,0
444.188,18
444.296,10
444.404,20
444.512,7
444.62,6
444.728,12
444.836,27
444.944,86
445.052,59
445.16,0
445.268,0
445.376,0
445.484,22
445.592,10
445.7,0
445.808,3
445.916,23
446.024,0
446.132,23
446.24,17
446.348,0
446.456,11
446.564,12
446.672,0
446.78,0
446.888,2
446.996,6
447.104,35
447.212,57
447.32,32
447.428,0
447.536,0
447.644,5
447.752,8
447.86,11
447.968,0
448.076,0
448.184,6
448.292,4
448.4,32
448.508,11
448.616,11
448.724,10
448.832,27
448.94,25
449.048,0
449.156,0
449.264,19
449.372,30
449.48,0
449.588,0
449.696,0
449.804,30
449.911,21
450.019,0
450.127,0
450.235,0
450.343,8
450.451,6
450.559,0
450.667,0
450.775,0
450.883,0
450.991,4
451.099,9
451.207,0
451.315,15
451.423,0
451.531,0
451.639,6
451.747,15
451.855,16
451.963,25
452.071,9
452.179,10
452.287,0
452.395,0
452.503,3
452.611,27
452.719,0
452.827,0
452.935,0
453.043,15
453.151,5
453.259,0
453.367,16
453.475,8
453.583,21
453.691,15
453.799,2
453.907,14
454.015,9
454.123,0
454.23,6
454.338,15
454.446,0
454.554,0
454.662,5
454.77,2
454.878,8
454.986,0
455.094,9
455.202,0
455.31,0
455.418,1
455.526,0
455.634,1
455.742,0
455.85,0
455.958,0
456.066,0
456.174,36
456.282,10
456.39,0
456.498,3
456.606,19
456.714,23
456.822,0
456.93,20
457.038,4
457.146,0
457.254,4
457.362,0
457.47,4
457.578,0
457.685,4
457.793,0
457.901,13
458.009,1
458.117,0
458.225,9
458.333,0
458.441,0
458.549,6
458.657,0
458.765,0
458.873,5
458.981,8
459.089,4
459.197,13
459.305,32
459.413,0
459.521,1
459.629,10
459.737,0
459.845,0
459.953,0
460.061,32
460.169,16
460.277,0
460.385,2
460.493,10
460.6,0
460.708,0
460.816,0
460.924,14
461.032,10
461.14,8
461.248,2
461.356,10
461.464,10
461.572,0
461.68,0
461.788,22
461.896,0
462.004,0
462.112,11
462.22,3
462.328,0
462.436,0
462.544,5
462.652,5
462.76,28
462.868,0
462.976,7
463.084,10
463.192,29
463.299,22
463.407,12
463.515,1
463.623,0
463.731,3
463.839,8
463.947,37
464.055,36
464.163,19
464.271,7
464.379,0
464.487,0
464.595,0
464.703,27
464.811,4
464.919,1
465.027,30
465.135,16
465.243,0
465.351,0
465.459,0
465.567,4
465.674,0
465.782,18
465.89,18
465.998,0
466.106,11
466.214,0
466.322,16
466.43,0
466.538,0
466.646,0
466.754,18
466.862,0
466.97,3
467.078,32
467.186,6
467.294,0
467.402,4
467.51,2
467.618,0
467.726,17
467.833,0
467.941,0
468.049,0
468.157,0
468.265,18
468.373,0
468.481,11
468.589,15
468.697,0
468.805,1
468.913,15
469.021,11
469.129,3
469.237,0
469.345,1
469.453,0
469.561,0
469.669,14
469.777,22
469.884,0
469.992,10
470.1,0
470.208,0
470.316,12
470.424,0
470.532,0
470.64,7
470.748,0
470.856,33
470.964,21
471.072,0
471.18,0
471.288,27
471.396,115
471.504,88
471.612,45
471.72,0
471.827,0
471.935,0
472.043,0
472.151,0
472.259,7
472.367,0
472.475,10
472.583,15
472.691,5
472.799,18
472.907,38
473.015,25
473.123,5
473.231,0
473.339,16
473.447,19
473.555,32
473.662,65
473.77,13
473.878,0
473.986,2
474.094,0
474.202,15
474.31,5
474.418,0
474.526,12
474.634,0
474.742,3
474.85,5
474.958,0
475.066,0
475.174,0
475.282,0
475.389,54
475.497,101
475.605,64
475.713,39
475.821,3
475.929,0
476.037,0
476.145,12
476.253,0
476.361,11
476.469,0
476.577,0
476.685,11
476.793,11
476.901,0
477.008,0
477.116,0
477.224,15
477.332,0
477.44,0
477.548,8
477.656,0
477.764,0
477.872,0
477.98,0
478.088,15
478.196,0
478.304,0
478.412,0
478.52,0
478.627,26
478.735,0
478.843,10
478.951,0
479.059,0
479.167,23
479.275,20
479.383,0
479.491,3
479.599,8
479.707,17
479.815,4
479.923,3
480.031,0
480.138,0
480.246,0
480.354,12
480.462,12
480.57,0
480.678,0
480.786,0
480.894,8
481.002,0
481.11,0
481.218,0
481.326,7
481.434,0
481.541,0
481.649,8
481.757,17
481.865,0
481.973,0
482.081,4
482.189,2
482.297,0
482.405,8
482.513,16
482.621,4
482.729,23
482.837,0
482.945,11
483.052,0
483.16,8
483.268,24
483.376,29
483.484,0
483.592,13
483.7,6
483.808,0
483.916,12
484.024,9
484.132,8
484.24,0
484.347,7
484.455,2
484.563,0
484.671,16
484.779,2
484.887,0
484.995,34
485.103,0
485.211,0
485.319,6
485.427,17
485.535,3
485.643,0
485.75,0
485.858,8
485.966,0
486.074,4
486.182,5
486.29,0
486.398,14
486.506,1
486.614,18
486.722,11
486.83,12
486.938,21
487.045,22
487.153,0
487.261,3
487.369,19
487.477,19
487.585,0
487.693,0
487.801,6
487.909,9
488.017,12
488.125,11
488.233,9
488.34,10
488.448,2
488.556,0
488.664,1
488.772,32
488.88,0
488.988,5
489.096,0
489.204,4
489.312,7
489.42,2
489.527,14
489.635,16
489.743,4
489.851,3
489.959,1
490.067,1
490.175,37
490.283,0
490.391,0
490.499,1
490.607,0
490.714,15
490.822,0
490.93,0
491.038,1
491.146,9
491.254,16
491.362,7
491.47,0
491.578,23
491.686,26
491.794,5
491.901,0
492.009,0
492.117,9
492.225,0
492.333,0
492.441,20
492.549,37
492.657,0
492.765,0
492.873,0
492.981,0
493.088,0
493.196,25
493.304,0
493.412,0
493.52,0
493.628,0
493.736,0
493.844,17
493.952,0
494.06,0
494.167,11
494.275,15
494.383,0
494.491,0
494.599,0
494.707,17
494.815,19
494.923,0
495.031,20
495.139,4
495.246,1
495.354,103
495.462,182
495.57,101
495.678,16
495.786,0
495.894,8
496.002,11
496.11,41
496.218,3
496.325,0
496.433,7
496.541,19
496.649,0
496.757,0
496.865,17
496.973,0
497.081,0
497.189,1
497.297,25
497.404,3
497.512,0
497.62,14
497.728,6
497.836,21
497.944,23
498.052,10
498.16,0
498.268,9
498.376,0
498.483,0
498.591,3
498.699,1
498.807,0
498.915,0
499.023,0
499.131,0
499.239,40
499.347,17
499.454,0
499.562,0
499.67,21
499.778,0
499.886,0
499.994,24
500.102,12
500.21,1
500.318,5
500.425,6
500.533,60
500.641,88
500.749,33
500.857,32
500.965,0
501.073,0
501.181,3
501.289,0
501.396,2
501.504,0
501.612,17
501.72,1
501.828,0
501.936,0
502.044,15
502.152,56
502.26,5
502.367,0
502.475,6
502.583,6
502.691,0
502.799,0
502.907,0
503.015,65
503.123,52
503.231,53
503.338,70
503.446,55
503.554,14
503.662,0
503.77,1
503.878,4
503.986,0
504.094,24
504.202,12
504.309,3
504.417,4
504.525,20
504.633,0
504.741,83
504.849,176
504.957,87
505.065,55
505.173,0
505.28,67
505.388,44
505.496,45
505.604,49
505.712,67
505.82,289
505.928,510
506.036,352
506.143,100
506.251,0
506.359,0
506.467,0
506.575,49
506.683,53
506.791,0
506.899,72
507.006,166
507.114,143
507.222,32
507.33,3
507.438,15
507.546,0
507.654,9
507.762,0
507.869,5
507.977,0
508.085,0
508.193,19
508.301,52
508.409,157
508.517,125
508.625,34
508.733,0
508.84,16
508.948,17
509.056,0
509.164,0
509.272,5
509.38,0
509.488,0
509.596,0
509.703,0
509.811,0
509.919,0
510.027,17
510.135,0
510.243,6
510.351,11
510.458,0
510.566,0
510.674,19
510.782,0
510.89,104
510.998,279
511.106,167
511.214,58
511.321,0
511.429,0
511.537,15
511.645,0
511.753,0
511.861,0
511.969,0
512.077,14
512.184,2
512.292,11
512.4,23
512.508,37
512.616,32
512.724,37
512.832,21
512.94,0
513.047,0
513.155,0
513.263,0
513.371,17
513.479,0
513.587,32
513.695,32
513.802,0
513.91,0
514.018,19
514.126,17
514.234,15
514.342,0
514.45,13
514.558,135
514.665,186
514.773,59
514.881,5
514.989,0
515.097,0
515.205,29
515.313,0
515.42,0
515.528,22
515.636,19
515.744,22
515.852,15
515.96,127
516.068,106
516.175,78
516.283,0
516.391,0
516.499,0
516.607,21
516.715,46
516.823,41
516.93,0
517.038,0
517.146,3
517.254,15
517.362,0
517.47,4
517.578,3
517.685,13
517.793,0
517.901,0
518.009,20
518.117,28
518.225,0
518.333,45
518.44,54
518.548,0
518.656,0
518.764,2
518.872,33
518.98,0
519.088,16
519.195,10
519.303,5
519.411,13
519.519,4
519.627,0
519.735,19
519.843,0
519.95,3
520.058,8
520.166,0
520.274,15
520.382,20
520.49,4
520.598,0
520.705,0
520.813,0
520.921,7
521.029,0
521.137,0
521.245,5
521.353,0
521.46,4
521.568,9
521.676,2
521.784,0
521.892,1
522,13
522.108,2
522.215,4
522.323,0
522.431,0
522.539,0
522.647,0
522.755,0
522.862,0
522.97,0
523.078,0
523.186,10
523.294,29
523.402,0
523.51,0
523.617,22
523.725,22
523.833,0
523.941,0
524.049,16
524.157,1
524.264,14
524.372,0
524.48,19
524.588,0
524.696,0
524.804,13
524.912,21
525.019,0
525.127,0
525.235,0
525.343,0
525.451,0
525.559,7
525.666,0
525.774,0
525.882,7
525.99,20
526.098,0
526.206,17
526.314,0
526.421,15
526.529,0
526.637,12
526.745,0
526.853,4
526.961,13
527.068,8
527.176,0
527.284,0
527.392,23
527.5,6
527.608,0
527.715,9
527.823,0
527.931,3
528.039,0
528.147,8
528.255,0
528.362,0
528.47,0
528.578,1
528.686,20
528.794,27
528.902,1
529.009,0
529.117,0
529.225,0
529.333,4
529.441,0
529.549,0
529.656,2
529.764,0
529.872,13
529.98,0
530.088,0
530.196,0
530.304,13
530.411,0
530.519,0
530.627,25
530.735,0
530.843,13
530.951,0
531.058,19
531.166,0
531.274,6
531.382,0
531.49,0
531.597,0
531.705,14
531.813,16
531.921,0
532.029,0
532.137,42
532.244,8
532.352,0
532.46,0
532.568,0
532.676,0
532.784,0
532.891,0
532.999,0
533.107,20
533.215,6
533.323,0
533.431,18
533.538,0
533.646,5
533.754,0
533.862,4
533.97,20
534.078,11
534.185,8
534.293,10
534.401,0
534.509,0
534.617,12
534.725,5
534.832,12
534.94,2
535.048,0
535.156,17
535.264,14
535.371,0
535.479,0
535.587,26
535.695,23
535.803,5
535.911,0
536.018,0
536.126,8
536.234,0
536.342,0
536.45,0
536.557,0
536.665,8
536.773,0
536.881,1
536.989,16
537.097,0
537.204,0
537.312,0
537.42,25
537.528,0
537.636,0
537.744,0
537.851,0
537.959,0
538.067,1
538.175,0
538.283,0
538.39,3
538.498,0
538.606,0
538.714,0
538.822,0
538.93,17
539.037,24
539.145,0
539.253,0
539.361,0
539.469,8
539.576,10
539.684,0
539.792,5
539.9,0
540.008,10
540.115,0
540.223,22
540.331,5
540.439,7
540.547,2
540.655,33
540.762,0
540.87,1
540.978,0
541.086,1
541.194,0
541.301,0
541.409,0
541.517,4
541.625,0
541.733,0
541.84,0
541.948,11
542.056,2
542.164,0
542.272,16
542.38,17
542.487,7
542.595,6
542.703,0
542.811,14
542.919,14
543.026,2
543.134,0
543.242,0
543.35,0
543.458,26
543.565,2
543.673,9
543.781,0
543.889,6
543.997,7
544.104,0
544.212,0
544.32,6
544.428,0
544.536,17
544.643,0
544.751,0
544.859,0
544.967,24
545.075,6
545.182,0
545.29,8
545.398,18
545.506,15
545.614,0
545.721,0
545.829,10
545.937,0
546.045,0
546.153,0
546.261,0
546.368,26
546.476,13
546.584,35
546.692,0
546.8,10
546.907,40
547.015,3
547.123,0
547.231,0
547.339,7
547.446,20
547.554,20
547.662,25
547.77,58
547.877,52
547.985,35
548.093,0
548.201,0
548.309,23
548.416,0
548.524,0
548.632,18
548.74,36
548.848,22
548.955,0
549.063,18
549.171,0
549.279,0
549.387,3
549.494,0
549.602,0
549.71,0
549.818,13
549.926,0
550.033,15
550.141,2
550.249,6
550.357,0
550.465,6
550.572,2
550.68,0
550.788,5
550.896,0
551.004,0
551.111,22
551.219,0
551.327,4
551.435,0
551.542,5
551.65,0
551.758,0
551.866,0
551.974,0
552.081,12
552.189,0
552.297,7
552.405,13
552.513,0
552.62,0
552.728,0
552.836,0
552.944,0
553.052,0
553.159,0
553.267,0
553.375,19
553.483,3
553.59,12
553.698,2
553.806,8
553.914,7
554.022,0
554.129,0
554.237,14
554.345,0
554.453,17
554.561,14
554.668,0
554.776,10
554.884,0
554.992,0
555.099,5
555.207,10
555.315,0
555.423,0
555.531,19
555.638,0
555.746,0
555.854,8
555.962,0
556.069,0
556.177,20
556.285,15
556.393,2
556.501,0
556.608,0
556.716,38
556.824,17
556.932,0
557.039,0
557.147,15
557.255,2
557.363,0
557.471,0
557.578,0
557.686,0
557.794,0
557.902,0
558.009,30
558.117,4
558.225,16
558.333,0
558.441,0
558.548,4
558.656,0
558.764,0
558.872,0
558.979,0
559.087,9
559.195,1
559.303,0
559.411,1
559.518,0
559.626,6
559.734,0
559.842,30
559.949,14
560.057,0
560.165,31
560.273,0
560.381,0
560.488,7
560.596,9
560.704,0
560.812,0
560.919,8
561.027,4
561.135,0
561.243,12
561.35,0
561.458,15
561.566,0
561.674,0
561.782,21
561.889,2
561.997,0
562.105,0
562.213,24
562.32,12
562.428,2
562.536,0
562.644,8
562.751,15
562.859,2
562.967,0
563.075,4
563.182,13
563.29,34
563.398,43
563.506,11
563.614,4
563.721,0
563.829,6
563.937,11
564.045,4
564.152,0
564.26,2
564.368,24
564.476,0
564.583,0
564.691,9
564.799,21
564.907,0
565.014,0
565.122,15
565.23,16
565.338,2
565.446,4
565.553,15
565.661,17
565.769,0
565.877,2
565.984,8
566.092,1
566.2,14
566.308,0
566.415,0
566.523,4
566.631,0
566.739,0
566.846,5
566.954,7
567.062,26
567.17,3
567.277,10
567.385,4
567.493,0
567.601,0
567.708,2
567.816,0
567.924,20
568.032,0
568.139,7
568.247,0
568.355,3
568.463,18
568.57,0
568.678,0
568.786,9
568.894,1
569.001,0
569.109,0
569.217,0
569.325,0
569.432,0
569.54,8
569.648,0
569.756,1
569.863,0
569.971,1
570.079,0
570.187,0
570.294,6
570.402,0
570.51,0
570.618,0
570.725,0
570.833,0
570.941,0
571.049,23
571.156,0
571.264,0
571.372,4
571.48,0
571.587,4
571.695,22
571.803,0
571.911,0
572.018,29
572.126,0
572.234,0
572.342,13
572.449,9
572.557,0
572.665,0
572.773,0
572.88,0
572.988,3
573.096,0
573.204,1
573.311,11
573.419,20
573.527,0
573.635,14
573.742,0
573.85,1
573.958,26
574.066,3
574.173,17
574.281,0
574.389,0
574.497,28
574.604,17
574.712,41
574.82,0
574.927,24
575.035,10
575.143,0
575.251,0
575.358,2
575.466,3
575.574,0
575.682,4
575.789,17
575.897,6
576.005,0
576.113,0
576.22,1
576.328,24
576.436,6
576.544,0
576.651,0
576.759,46
576.867,10
576.974,0
577.082,0
577.19,23
577.298,0
577.405,0
577.513,0
577.621,2
577.729,0
577.836,0
577.944,7
578.052,0
578.16,0
578.267,0
578.375,3
578.483,0
578.59,0
578.698,41
578.806,42
578.914,6
579.021,28
579.129,21
579.237,8
579.345,1
579.452,0
579.56,0
579.668,0
579.776,0
579.883,0
579.991,0
580.099,0
580.206,24
580.314,0
580.422,8
580.53,0
580.637,2
580.745,0
580.853,0
580.961,16
581.068,9
581.176,24
581.284,6
581.391,2
581.499,7
581.607,0
581.715,0
581.822,45
581.93,49
582.038,30
582.145,11
582.253,0
582.361,50
582.469,20
582.576,0
582.684,0
582.792,0
582.9,0
583.007,0
583.115,13
583.223,14
583.33,4
583.438,11
583.546,0
583.654,8
583.761,14
583.869,4
583.977,0
584.084,0
584.192,0
584.3,61
584.408,57
584.515,41
584.623,24
584.731,10
584.838,0
584.946,8
585.054,32
585.162,0
585.269,0
585.377,0
585.485,0
585.593,0
585.7,1
585.808,77
585.916,70
586.023,62
586.131,37
586.239,0
586.347,0
586.454,0
586.562,0
586.67,0
586.777,0
586.885,0
586.993,0
587.101,0
587.208,3
587.316,9
587.424,0
587.531,9
587.639,0
587.747,2
587.854,6
587.962,1
588.07,0
588.178,8
588.285,25
588.393,6
588.501,0
588.608,0
588.716,0
588.824,0
588.932,1
589.039,50
589.147,70
589.255,2
589.362,0
589.47,19
589.578,37
589.686,0
589.793,0
589.901,0
590.009,17
590.116,0
590.224,0
590.332,0
590.439,0
590.547,9
590.655,0
590.763,2
590.87,16
590.978,3
591.086,2
591.193,8
591.301,0
591.409,39
591.516,0
591.624,0
591.732,0
591.84,12
591.947,0
592.055,16
592.163,7
592.27,10
592.378,100
592.486,78
592.593,54
592.701,0
592.809,11
592.917,0
593.024,0
593.132,21
593.24,3
593.347,2
593.455,13
593.563,71
593.67,39
593.778,4
593.886,0
593.994,8
594.101,0
594.209,0
594.317,0
594.424,0
594.532,17
594.64,11
594.747,0
594.855,21
594.963,0
595.071,0
595.178,3
595.286,0
595.394,50
595.501,83
595.609,44
595.717,8
595.824,10
595.932,2
596.04,0
596.147,0
596.255,31
596.363,3
596.471,0
596.578,17
596.686,0
596.794,0
596.901,2
597.009,0
597.117,0
597.224,10
597.332,2
597.44,0
597.547,12
597.655,16
597.763,0
597.87,0
597.978,0
598.086,28
598.194,0
598.301,6
598.409,10
598.517,20
598.624,0
598.732,5
598.84,5
598.947,2
599.055,4
599.163,0
599.27,6
599.378,0
599.486,1
599.593,8
599.701,0
599.809,0
