59.6745,0
59.7827,8
59.8909,45
59.9991,5
60.1073,2
60.2156,29
60.3238,0
60.432,0
60.5402,13
60.6484,14
60.7566,5
60.8648,7
60.973,0
61.0812,28
61.1894,8
61.2976,7
61.4059,0
61.5141,0
61.6223,11
61.7305,17
61.8387,12
61.9469,0
62.0551,0
62.1633,3
62.2715,29
62.3797,0
62.488,23
62.5962,0
62.7044,0
62.8126,0
62.9208,0
63.029,21
63.1372,0
63.2454,0
63.3536,0
63.4618,0
63.5701,3
63.6783,2
63.7865,11
63.8947,8
64.0029,12
64.1111,0
64.2193,15
64.3275,0
64.4357,14
64.5439,2
64.6522,9
64.7604,29
64.8686,0
64.9768,0
65.085,0
65.1932,13
65.3014,15
65.4096,0
65.5178,0
65.6261,38
65.7343,0
65.8425,0
65.9507,0
66.0589,28
66.1671,11
66.2753,0
66.3835,13
66.4917,11
66.6,11
66.7082,0
66.8164,0
66.9246,9
67.0328,0
67.141,8
67.2492,6
67.3574,0
67.4656,18
67.5739,19
67.6821,14
67.7903,0
67.8985,21
68.0067,4
68.1149,4
68.2231,6
68.3313,24
68.4396,15
68.5478,5
68.656,12
68.7642,0
68.8724,12
68.9806,14
69.0888,13
69.197,25
69.3053,10
69.4135,11
69.5217,3
69.6299,0
69.7381,35
69.8463,7
69.9545,0
70.0627,0
70.171,20
70.2792,0
70.3874,0
70.4956,0
70.6038,0
70.712,35
70.8202,0
70.9284,6
71.0367,10
71.1449,0
71.2531,35
71.3613,30
71.4695,10
71.5777,2
71.6859,3
71.7941,0
71.9024,0
72.0106,0
72.1188,0
72.227,0
72.3352,0
72.4434,0
72.5516,6
72.6599,3
72.7681,0
72.8763,15
72.9845,15
73.0927,7
73.2009,0
73.3091,0
73.4174,6
73.5256,35
73.6338,0
73.742,10
73.8502,5
73.9584,0
74.0666,0
74.1748,0
74.2831,17
74.3913,19
74.4995,12
74.6077,0
74.7159,29
74.8241,16
74.9323,19
75.0406,22
75.1488,0
75.257,15
75.3652,0
75.4734,11
75.5816,0
75.6899,10
75.7981,0
75.9063,4
76.0145,11
76.1227,5
76.2309,13
76.3391,10
76.4474,0
76.5556,10
76.6638,0
76.772,0
76.8802,0
76.9884,13
77.0966,2
77.2049,11
77.3131,0
77.4213,0
77.5295,10
77.6377,0
77.7459,10
77.8542,5
77.9624,1
78.0706,0
78.1788,14
78.287,34
78.3952,19
78.5034,20
78.6117,0
78.7199,18
78.8281,3
78.9363,16
79.0445,8
79.1527,0
79.261,22
79.3692,25
79.4774,18
79.5856,0
79.6938,0
79.802,12
79.9102,6
80.0185,7
80.1267,0
80.2349,2
80.3431,23
80.4513,0
80.5595,2
80.6678,7
80.776,16
80.8842,0
80.9924,1
81.1006,20
81.2088,0
81.3171,1
81.4253,0
81.5335,33
81.6417,32
81.7499,0
81.8581,0
81.9664,0
82.0746,2
82.1828,0
82.291,0
82.3992,18
82.5074,20
82.6157,0
82.7239,0
82.8321,0
82.9403,0
83.0485,30
83.1567,0
83.265,18
83.3732,0
83.4814,0
83.5896,15
83.6978,0
83.806,18
83.9143,24
84.0225,11
84.1307,0
84.2389,0
84.3471,1
84.4553,16
84.5636,11
84.6718,0
84.78,0
84.8882,10
84.9964,0
85.1047,0
85.2129,3
85.3211,12
85.4293,3
85.5375,14
85.6457,13
85.754,21
85.8622,16
85.9704,6
86.0786,23
86.1868,0
86.295,0
86.4033,8
86.5115,0
86.6197,2
86.7279,0
86.8361,0
86.9444,7
87.0526,10
87.1608,0
87.269,10
87.3772,23
87.4854,0
87.5937,6
87.7019,21
87.8101,12
87.9183,8
88.0265,0
88.1348,0
88.243,0
88.3512,6
88.4594,15
88.5676,13
88.6758,6
88.7841,14
88.8923,0
89.0005,12
89.1087,0
89.2169,0
89.3252,0
89.4334,14
89.5416,6
89.6498,12
89.758,1
89.8663,1
89.9745,0
90.0827,0
90.1909,0
90.2991,1
90.4074,0
90.5156,28
90.6238,16
90.732,0
90.8402,8
90.9484,10
91.0567,9
91.1649,9
91.2731,0
91.3813,14
91.4895,1
91.5978,0
91.706,0
91.8142,0
91.9224,0
92.0306,30
92.1389,4
92.2471,0
92.3553,50
92.4635,26
92.5717,0
92.68,0
92.7882,14
92.8964,2
93.0046,5
93.1128,5
93.2211,2
93.3293,20
93.4375,8
93.5457,23
93.6539,0
93.7622,24
93.8704,0
93.9786,0
94.0868,0
94.195,15
94.3033,14
94.4115,9
94.5197,0
94.6279,10
94.7361,8
94.8444,0
94.9526,0
95.0608,16
95.169,0
95.2772,14
95.3855,9
95.4937,4
95.6019,11
95.7101,30
95.8183,24
95.9266,8
96.0348,14
96.143,1
96.2512,5
96.3594,8
96.4677,0
96.5759,19
96.6841,9
96.7923,0
96.9005,9
97.0088,13
97.117,0
97.2252,5
97.3334,2
97.4416,12
97.5499,13
97.6581,26
97.7663,9
97.8745,0
97.9827,13
98.091,14
98.1992,9
98.3074,3
98.4156,1
98.5238,32
98.6321,0
98.7403,0
98.8485,5
98.9567,0
99.065,0
99.1732,4
99.2814,10
99.3896,0
99.4978,4
99.6061,0
99.7143,0
99.8225,0
99.9307,0
100.039,0
100.147,2
100.255,21
100.364,15
100.472,18
100.58,0
100.688,16
100.796,14
100.905,0
101.013,1
101.121,29
101.229,5
101.338,20
101.446,19
101.554,11
101.662,0
101.77,15
101.879,0
101.987,16
102.095,18
102.203,20
102.312,13
102.42,3
102.528,9
102.636,0
102.744,9
102.853,13
102.961,0
103.069,0
103.177,41
103.286,31
103.394,0
103.502,0
103.61,24
103.718,5
103.827,0
103.935,12
104.043,0
104.151,0
104.26,24
104.368,1
104.476,19
104.584,0
104.692,0
104.801,3
104.909,9
105.017,25
105.125,6
105.234,35
105.342,0
105.45,0
105.558,11
105.666,3
105.775,20
105.883,0
105.991,10
106.099,1
106.208,8
106.316,27
106.424,2
106.532,0
106.64,23
106.749,23
106.857,0
106.965,2
107.073,16
107.182,18
107.29,1
107.398,0
107.506,0
107.614,20
107.723,31
107.831,0
107.939,0
108.047,3
108.156,0
108.264,19
108.372,3
108.48,0
108.588,8
108.697,5
108.805,9
108.913,0
109.021,32
109.13,7
109.238,2
109.346,0
109.454,17
109.562,0
109.671,5
109.779,2
109.887,1
109.995,0
110.104,0
110.212,0
110.32,0
110.428,8
110.537,0
110.645,8
110.753,18
110.861,37
110.969,0
111.078,7
111.186,0
111.294,0
111.402,14
111.511,10
111.619,0
111.727,9
111.835,0
111.943,0
112.052,0
112.16,19
112.268,19
112.376,0
112.485,0
112.593,17
112.701,10
112.809,14
112.917,10
113.026,0
113.134,8
113.242,10
113.35,0
113.459,0
113.567,23
113.675,10
113.783,0
113.891,0
114,26
114.108,17
114.216,4
114.324,0
114.433,0
114.541,20
114.649,8
114.757,0
114.865,2
114.974,3
115.082,8
115.19,21
115.298,0
115.407,0
115.515,20
115.623,0
115.731,0
115.839,0
115.948,0
116.056,0
116.164,0
116.272,9
116.381,0
116.489,4
116.597,0
116.705,0
116.813,0
116.922,17
117.03,0
117.138,0
117.246,4
117.355,39
117.463,11
117.571,0
117.679,0
117.787,14
117.896,0
118.004,0
118.112,0
118.22,21
118.329,14
118.437,6
118.545,4
118.653,3
118.762,44
118.87,0
118.978,0
119.086,0
119.194,17
119.303,0
119.411,6
119.519,0
119.627,17
119.736,15
119.844,11
119.952,13
120.06,0
120.168,0
120.277,0
120.385,12
120.493,17
120.601,0
120.71,0
120.818,0
120.926,0
121.034,0
121.142,0
121.251,0
121.359,0
121.467,10
121.575,0
121.684,0
121.792,3
121.9,5
122.008,11
122.116,0
122.225,0
122.333,10
122.441,0
122.549,0
122.658,20
122.766,9
122.874,0
122.982,0
123.09,12
123.199,22
123.307,0
123.415,0
123.523,19
123.632,0
123.74,0
123.848,2
123.956,5
124.065,0
124.173,0
124.281,0
124.389,18
124.497,10
124.606,0
124.714,0
124.822,24
124.93,44
125.039,7
125.147,1
125.255,0
125.363,0
125.471,0
125.58,22
125.688,0
125.796,0
125.904,8
126.013,0
126.121,29
126.229,3
126.337,27
126.445,2
126.554,11
126.662,0
126.77,0
126.878,21
126.987,11
127.095,0
127.203,0
127.311,0
127.419,15
127.528,4
127.636,0
127.744,1
127.852,0
127.961,25
128.069,16
128.177,10
128.285,0
128.394,17
128.502,27
128.61,17
128.718,14
128.826,0
128.935,0
129.043,6
129.151,0
129.259,0
129.368,0
129.476,2
129.584,0
129.692,0
129.8,0
129.909,5
130.017,0
130.125,5
130.233,4
130.342,0
130.45,10
130.558,1
130.666,0
130.774,21
130.883,0
130.991,0
131.099,12
131.207,0
131.316,16
131.424,0
131.532,17
131.64,12
131.748,29
131.857,22
131.965,0
132.073,4
132.181,0
132.29,1
132.398,0
132.506,0
132.614,0
132.723,20
132.831,17
132.939,0
133.047,0
133.155,13
133.264,0
133.372,16
133.48,21
133.588,21
133.697,22
133.805,0
133.913,3
134.021,0
134.129,2
134.238,17
134.346,0
134.454,3
134.562,1
134.671,10
134.779,7
134.887,0
134.995,30
135.103,0
135.212,4
135.32,4
135.428,0
135.536,9
135.645,28
135.753,40
135.861,0
135.969,0
136.077,0
136.186,0
136.294,0
136.402,0
136.51,1
136.619,0
136.727,13
136.835,0
136.943,9
137.052,19
137.16,7
137.268,14
137.376,0
137.484,17
137.593,0
137.701,0
137.809,0
137.917,0
138.026,0
138.134,16
138.242,0
138.35,11
138.458,4
138.567,20
138.675,0
138.783,7
138.891,15
139,0
139.108,19
139.216,26
139.324,11
139.432,5
139.541,4
139.649,4
139.757,0
139.865,4
139.974,0
140.082,26
140.19,0
140.298,0
140.407,25
140.515,23
140.623,7
140.731,27
140.839,11
140.948,12
141.056,0
141.164,0
141.272,4
141.381,7
141.489,21
141.597,15
141.705,24
141.813,22
141.922,11
142.03,11
142.138,24
142.246,0
142.355,8
142.463,2
142.571,15
142.679,0
142.787,0
142.896,6
143.004,13
143.112,0
143.22,14
143.329,15
143.437,0
143.545,15
143.653,10
143.761,58
143.87,72
143.978,63
144.086,0
144.194,0
144.303,5
144.411,9
144.519,0
144.627,0
144.736,0
144.844,0
144.952,8
145.06,33
145.168,6
145.277,0
145.385,0
145.493,14
145.601,4
145.71,0
145.818,0
145.926,13
146.034,0
146.142,0
146.251,0
146.359,0
146.467,13
146.575,12
146.684,0
146.792,0
146.9,0
147.008,0
147.116,0
147.225,14
147.333,0
147.441,0
147.549,22
147.658,0
147.766,2
147.874,14
147.982,19
148.091,14
148.199,0
148.307,23
148.415,0
148.523,0
148.632,18
148.74,9
148.848,0
148.956,0
149.065,0
149.173,6
149.281,13
149.389,8
149.497,2
149.606,0
149.714,0
149.822,0
149.93,3
150.039,8
150.147,0
150.255,8
150.363,0
150.471,22
150.58,17
150.688,126
150.796,144
150.904,62
151.013,24
151.121,0
151.229,4
151.337,0
151.445,0
151.554,22
151.662,9
151.77,0
151.878,13
151.987,0
152.095,6
152.203,24
152.311,0
152.42,0
152.528,13
152.636,0
152.744,0
152.852,8
152.961,4
153.069,0
153.177,19
153.285,0
153.394,0
153.502,25
153.61,23
153.718,0
153.826,0
153.935,6
154.043,3
154.151,0
154.259,0
154.368,16
154.476,28
154.584,1
154.692,0
154.8,8
154.909,20
155.017,0
155.125,9
155.233,9
155.342,8
155.45,0
155.558,0
155.666,14
155.774,7
155.883,0
155.991,0
156.099,0
156.207,0
156.316,0
156.424,15
156.532,4
156.64,0
156.749,0
156.857,17
156.965,45
157.073,0
157.181,0
157.29,39
157.398,29
157.506,0
157.614,0
157.723,0
157.831,0
157.939,13
158.047,25
158.155,0
158.264,0
158.372,28
158.48,0
158.588,0
158.697,1
158.805,0
158.913,7
159.021,0
159.129,19
159.238,6
159.346,12
159.454,7
159.562,19
159.671,4
159.779,11
159.887,0
159.995,0
160.103,0
160.212,0
160.32,0
160.428,0
160.536,0
160.645,0
160.753,0
160.861,0
160.969,30
161.077,9
161.186,0
161.294,20
161.402,27
161.51,0
161.619,10
161.727,11
161.835,17
161.943,0
162.052,5
162.16,27
162.268,9
162.376,0
162.484,4
162.593,29
162.701,21
162.809,24
162.917,17
163.026,0
163.134,4
163.242,0
163.35,0
163.458,0
163.567,0
163.675,0
163.783,2
163.891,0
164,0
164.108,0
164.216,0
164.324,18
164.432,2
164.541,14
164.649,0
164.757,27
164.865,0
164.974,22
165.082,4
165.19,10
165.298,0
165.406,6
165.515,5
165.623,0
165.731,0
165.839,8
165.948,16
166.056,2
166.164,0
166.272,0
166.38,19
166.489,37
166.597,8
166.705,14
166.813,0
166.922,0
167.03,41
167.138,12
167.246,0
167.354,4
167.463,0
167.571,0
167.679,34
167.787,0
167.896,47
168.004,0
168.112,39
168.22,44
168.328,0
168.437,15
168.545,0
168.653,4
168.761,0
168.87,0
168.978,2
169.086,0
169.194,0
169.303,30
169.411,14
169.519,0
169.627,0
169.735,0
169.844,44
169.952,0
170.06,0
170.168,0
170.277,0
170.385,8
170.493,8
170.601,0
170.709,11
170.818,6
170.926,21
171.034,0
171.142,10
171.251,0
171.359,9
171.467,27
171.575,0
171.683,0
171.792,15
171.9,0
172.008,2
172.116,0
172.225,32
172.333,21
172.441,11
172.549,0
172.657,0
172.766,14
172.874,0
172.982,0
173.09,35
173.199,3
173.307,22
173.415,0
173.523,0
173.631,0
173.74,0
173.848,21
173.956,2
174.064,28
174.173,5
174.281,28
174.389,0
174.497,2
174.605,12
174.714,0
174.822,19
174.93,28
175.038,0
175.147,0
175.255,30
175.363,0
175.471,0
175.579,11
175.688,14
175.796,0
175.904,0
176.012,12
176.121,30
176.229,0
176.337,0
176.445,23
176.553,16
176.662,0
176.77,3
176.878,0
176.986,0
177.095,0
177.203,0
177.311,42
177.419,16
177.527,10
177.636,0
177.744,0
177.852,34
177.96,7
178.069,0
178.177,2
178.285,17
178.393,10
178.501,0
178.61,0
178.718,0
178.826,0
178.934,40
179.043,27
179.151,3
179.259,0
179.367,7
179.475,17
179.584,22
179.692,43
179.8,24
179.908,0
180.017,3
180.125,0
180.233,0
180.341,0
180.449,2
180.558,3
180.666,16
180.774,13
180.882,0
180.991,0
181.099,20
181.207,18
181.315,0
181.423,62
181.532,34
181.64,0
181.748,17
181.856,11
181.965,0
182.073,10
182.181,16
182.289,0
182.397,0
182.506,18
182.614,0
182.722,10
182.83,5
182.938,0
183.047,0
183.155,0
183.263,9
183.371,14
183.48,13
183.588,4
183.696,0
183.804,15
183.912,5
184.021,1
184.129,0
184.237,13
184.345,4
184.454,9
184.562,16
184.67,36
184.778,4
184.886,34
184.995,5
185.103,0
185.211,12
185.319,15
185.428,25
185.536,6
185.644,2
185.752,0
185.86,8
185.969,0
186.077,0
186.185,0
186.293,0
186.402,24
186.51,27
186.618,2
186.726,0
186.834,1
186.943,0
187.051,0
187.159,33
187.267,0
187.376,0
187.484,5
187.592,5
187.7,46
187.808,20
187.917,0
188.025,24
188.133,16
188.241,0
188.349,0
188.458,0
188.566,3
188.674,0
188.782,17
188.891,8
188.999,11
189.107,8
189.215,15
189.323,0
189.432,7
189.54,0
189.648,0
189.756,16
189.865,39
189.973,14
190.081,0
190.189,13
190.297,0
190.406,26
190.514,46
190.622,13
190.73,0
190.839,0
190.947,13
191.055,1
191.163,33
191.271,8
191.38,21
191.488,21
191.596,20
191.704,5
191.813,0
191.921,0
192.029,0
192.137,4
192.245,0
192.354,0
192.462,0
192.57,16
192.678,12
192.786,7
192.895,7
193.003,0
193.111,7
193.219,26
193.328,0
193.436,0
193.544,0
193.652,0
193.76,0
193.869,8
193.977,20
194.085,24
194.193,0
194.302,4
194.41,0
194.518,16
194.626,2
194.734,0
194.843,15
194.951,0
195.059,0
195.167,11
195.275,7
195.384,0
195.492,0
195.6,0
195.708,30
195.817,0
195.925,0
196.033,0
196.141,22
196.249,28
196.358,8
196.466,11
196.574,11
196.682,3
196.791,9
196.899,0
197.007,0
197.115,18
197.223,9
197.332,0
197.44,0
197.548,31
197.656,0
197.764,0
197.873,23
197.981,26
198.089,1
198.197,39
198.306,13
198.414,0
198.522,10
198.63,0
198.738,14
198.847,16
198.955,0
199.063,13
199.171,0
199.28,3
199.388,0
199.496,0
199.604,7
199.712,36
199.821,0
199.929,0
200.037,7
200.145,0
200.253,12
200.362,0
200.47,0
200.578,10
200.686,37
200.795,6
200.903,0
201.011,0
201.119,14
201.227,28
201.336,15
201.444,4
201.552,0
201.66,0
201.768,14
201.877,18
201.985,18
202.093,6
202.201,8
202.31,0
202.418,24
202.526,15
202.634,0
202.742,0
202.851,16
202.959,20
203.067,0
203.175,15
203.284,14
203.392,15
203.5,0
203.608,0
203.716,7
203.825,0
203.933,0
204.041,0
204.149,6
204.257,10
204.366,25
204.474,3
204.582,0
204.69,3
204.799,5
204.907,28
205.015,0
205.123,0
205.231,0
205.34,25
205.448,0
205.556,3
205.664,10
205.772,0
205.881,8
205.989,12
206.097,5
206.205,0
206.314,0
206.422,13
206.53,18
206.638,7
206.746,0
206.855,0
206.963,0
207.071,0
207.179,6
207.287,0
207.396,0
207.504,2
207.612,4
207.72,22
207.829,0
207.937,1
208.045,26
208.153,11
208.261,0
208.37,8
208.478,21
208.586,15
208.694,0
208.802,13
208.911,2
209.019,0
209.127,14
209.235,8
209.343,2
209.452,0
209.56,0
209.668,0
209.776,8
209.885,27
209.993,7
210.101,4
210.209,0
210.317,10
210.426,0
210.534,0
210.642,0
210.75,19
210.858,1
210.967,10
211.075,0
211.183,0
211.291,0
211.4,19
211.508,31
211.616,0
211.724,0
211.832,0
211.941,0
212.049,0
212.157,0
212.265,2
212.373,5
212.482,0
212.59,27
212.698,0
212.806,24
212.915,0
213.023,0
213.131,25
213.239,8
213.347,0
213.456,10
213.564,0
213.672,16
213.78,36
213.888,25
213.997,7
214.105,0
214.213,11
214.321,0
214.429,0
214.538,1
214.646,21
214.754,9
214.862,0
214.971,0
215.079,5
215.187,13
215.295,0
215.403,0
215.512,22
215.62,17
215.728,0
215.836,0
215.944,0
216.053,0
216.161,0
216.269,33
216.377,20
216.485,3
216.594,10
216.702,0
216.81,4
216.918,12
217.027,23
217.135,19
217.243,12
217.351,0
217.459,24
217.568,0
217.676,6
217.784,0
217.892,19
218,0
218.109,8
218.217,29
218.325,4
218.433,4
218.541,27
218.65,2
218.758,0
218.866,0
218.974,20
219.083,0
219.191,26
219.299,0
219.407,12
219.515,18
219.624,8
219.732,0
219.84,2
219.948,0
220.056,15
220.165,12
220.273,6
220.381,8
220.489,0
220.597,23
220.706,26
220.814,10
220.922,0
221.03,35
221.138,19
221.247,33
221.355,0
221.463,0
221.571,3
221.68,0
221.788,11
221.896,0
222.004,0
222.112,0
222.221,44
222.329,18
222.437,0
222.545,0
222.653,9
222.762,8
222.87,0
222.978,16
223.086,0
223.194,0
223.303,1
223.411,13
223.519,11
223.627,0
223.735,0
223.844,0
223.952,1
224.06,0
224.168,11
224.277,24
224.385,0
224.493,9
224.601,0
224.709,19
224.818,2
224.926,0
225.034,0
225.142,0
225.25,0
225.359,0
225.467,0
225.575,14
225.683,3
225.791,14
225.9,47
226.008,4
226.116,10
226.224,30
226.332,0
226.441,0
226.549,0
226.657,82
226.765,60
226.873,13
226.982,14
227.09,0
227.198,0
227.306,20
227.415,14
227.523,0
227.631,0
227.739,0
227.847,22
227.956,0
228.064,0
228.172,9
228.28,0
228.388,0
228.497,8
228.605,0
228.713,10
228.821,0
228.929,27
229.038,0
229.146,0
229.254,24
229.362,0
229.47,0
229.579,16
229.687,17
229.795,0
229.903,6
230.011,0
230.12,13
230.228,34
230.336,9
230.444,23
230.552,0
230.661,5
230.769,4
230.877,3
230.985,0
231.093,13
231.202,4
231.31,6
231.418,0
231.526,0
231.634,11
231.743,0
231.851,0
231.959,0
232.067,14
232.176,11
232.284,0
232.392,22
232.5,25
232.608,27
232.717,0
232.825,0
232.933,0
233.041,28
233.149,19
233.258,0
233.366,0
233.474,11
233.582,0
233.69,0
233.799,19
233.907,0
234.015,24
234.123,6
234.231,1
234.34,0
234.448,7
234.556,36
234.664,3
234.772,0
234.881,12
234.989,2
235.097,0
235.205,15
235.313,0
235.422,0
235.53,0
235.638,19
235.746,12
235.854,11
235.963,1
236.071,13
236.179,9
236.287,0
236.395,0
236.504,5
236.612,12
236.72,0
236.828,0
236.936,0
237.045,0
237.153,10
237.261,0
237.369,0
237.477,14
237.586,41
237.694,29
237.802,0
237.91,40
238.018,97
238.127,56
238.235,16
238.343,18
238.451,53
238.559,39
238.668,9
238.776,0
238.884,2
238.992,10
239.1,8
239.209,0
239.317,0
239.425,6
239.533,0
239.641,0
239.75,10
239.858,9
239.966,0
240.074,19
240.182,0
240.291,0
240.399,23
240.507,2
240.615,5
240.723,30
240.832,0
240.94,25
241.048,0
241.156,0
241.264,0
241.373,0
241.481,2
241.589,0
241.697,17
241.805,0
241.914,6
242.022,4
242.13,1
242.238,6
242.346,15
242.455,4
242.563,36
242.671,27
242.779,7
242.887,0
242.996,0
243.104,24
243.212,0
243.32,0
243.428,19
243.537,26
243.645,0
243.753,1
243.861,61
243.969,8
244.078,6
244.186,0
244.294,0
244.402,0
244.51,0
244.619,0
244.727,0
244.835,4
244.943,11
245.051,55
245.16,24
245.268,0
245.376,0
245.484,0
245.592,0
245.701,0
245.809,7
245.917,0
246.025,26
246.133,21
246.242,10
246.35,0
246.458,0
246.566,0
246.674,0
246.783,19
246.891,2
246.999,21
247.107,44
247.215,22
247.323,7
247.432,12
247.54,28
247.648,3
247.756,15
247.864,18
247.973,0
248.081,23
248.189,1
248.297,20
248.405,2
248.514,1
248.622,11
248.73,12
248.838,2
248.946,0
249.055,0
249.163,16
249.271,0
249.379,14
249.487,0
249.596,0
249.704,0
249.812,0
249.92,19
250.028,23
250.137,7
250.245,0
250.353,41
250.461,16
250.569,7
250.678,0
250.786,0
250.894,0
251.002,0
251.11,0
251.219,8
251.327,4
251.435,0
251.543,0
251.651,0
251.759,20
251.868,6
251.976,0
252.084,0
252.192,30
252.3,12
252.409,0
252.517,0
252.625,36
252.733,51
252.841,8
252.95,23
253.058,15
253.166,0
253.274,0
253.382,0
253.491,9
253.599,11
253.707,9
253.815,26
253.923,18
254.032,0
254.14,11
254.248,0
254.356,4
254.464,0
254.572,0
254.681,22
254.789,32
254.897,16
255.005,0
255.113,0
255.222,1
255.33,11
255.438,0
255.546,14
255.654,5
255.763,0
255.871,0
255.979,21
256.087,2
256.195,0
256.304,9
256.412,0
256.52,32
256.628,42
256.736,11
256.844,0
256.953,2
257.061,4
257.169,11
257.277,0
257.385,0
257.494,0
257.602,18
257.71,4
257.818,0
257.926,19
258.035,2
258.143,0
258.251,25
258.359,16
258.467,11
258.576,0
258.684,16
258.792,0
258.9,20
259.008,11
259.116,8
259.225,9
259.333,0
259.441,0
259.549,4
259.657,87
259.766,83
259.874,18
259.982,0
260.09,0
260.198,0
260.307,0
260.415,28
260.523,16
260.631,0
260.739,13
260.847,0
260.956,7
261.064,0
261.172,0
261.28,14
261.388,17
261.497,1
261.605,2
261.713,0
261.821,5
261.929,0
262.038,11
262.146,18
262.254,0
262.362,17
262.47,0
262.578,0
262.687,8
262.795,0
262.903,6
263.011,15
263.119,0
263.228,0
263.336,6
263.444,13
263.552,13
263.66,0
263.769,19
263.877,11
263.985,5
264.093,17
264.201,11
264.309,5
264.418,0
264.526,0
264.634,0
264.742,0
264.85,20
264.959,36
265.067,100
265.175,88
265.283,0
265.391,0
265.5,1
265.608,17
265.716,0
265.824,0
265.932,0
266.04,12
266.149,4
266.257,0
266.365,21
266.473,26
266.581,16
266.69,0
266.798,9
266.906,35
267.014,0
267.122,0
267.23,3
267.339,13
267.447,17
267.555,0
267.663,6
267.771,16
267.88,14
267.988,14
268.096,10
268.204,12
268.312,6
268.42,16
268.529,5
268.637,0
268.745,0
268.853,18
268.961,6
269.07,4
269.178,0
269.286,0
269.394,15
269.502,11
269.61,0
269.719,8
269.827,2
269.935,30
270.043,11
270.151,0
270.26,0
270.368,0
270.476,0
270.584,0
270.692,8
270.8,0
270.909,7
271.017,1
271.125,27
271.233,1
271.341,7
271.45,19
271.558,14
271.666,17
271.774,0
271.882,76
271.99,110
272.099,74
272.207,14
272.315,0
272.423,0
272.531,1
272.64,0
272.748,0
272.856,0
272.964,0
273.072,17
273.18,40
273.289,6
273.397,1
273.505,28
273.613,32
273.721,9
273.83,0
273.938,0
274.046,0
274.154,0
274.262,0
274.37,0
274.479,0
274.587,0
274.695,10
274.803,0
274.911,0
275.02,18
275.128,8
275.236,12
275.344,17
275.452,0
275.56,13
275.669,6
275.777,0
275.885,11
275.993,15
276.101,0
276.209,0
276.318,52
276.426,17
276.534,0
276.642,0
276.75,0
276.859,2
276.967,35
277.075,116
277.183,127
277.291,61
277.399,0
277.508,12
277.616,7
277.724,0
277.832,0
277.94,42
278.048,59
278.157,23
278.265,14
278.373,0
278.481,29
278.589,5
278.698,3
278.806,0
278.914,0
279.022,0
279.13,0
279.238,21
279.347,0
279.455,4
279.563,4
279.671,3
279.779,23
279.887,0
279.996,0
280.104,30
280.212,31
280.32,0
280.428,19
280.537,32
280.645,28
280.753,3
280.861,0
280.969,0
281.077,0
281.186,24
281.294,0
281.402,0
281.51,8
281.618,0
281.726,11
281.835,14
281.943,0
282.051,2
282.159,20
282.267,17
282.375,0
282.484,5
282.592,26
282.7,1
282.808,0
282.916,4
283.025,25
283.133,26
283.241,13
283.349,17
283.457,21
283.565,0
283.674,0
283.782,15
283.89,8
283.998,0
284.106,18
284.214,17
284.323,0
284.431,0
284.539,0
284.647,25
284.755,3
284.863,0
284.972,0
285.08,3
285.188,0
285.296,7
285.404,15
285.512,0
285.621,0
285.729,6
285.837,0
285.945,0
286.053,0
286.161,0
286.27,5
286.378,10
286.486,24
286.594,31
286.702,0
286.811,8
286.919,0
287.027,0
287.135,46
287.243,22
287.351,0
287.46,11
287.568,8
287.676,0
287.784,4
287.892,0
288,0
288.109,8
288.217,0
288.325,13
288.433,28
288.541,3
288.649,0
288.758,34
288.866,118
288.974,37
289.082,5
289.19,0
289.298,0
289.407,9
289.515,10
289.623,0
289.731,6
289.839,24
289.947,0
290.056,26
290.164,38
290.272,45
290.38,98
290.488,178
290.596,342
290.705,566
290.813,399
290.921,96
291.029,0
291.137,74
291.245,59
291.354,12
291.462,0
291.57,0
291.678,27
291.786,0
291.894,4
292.003,42
292.111,180
292.219,87
292.327,30
292.435,0
292.543,0
292.652,3
292.76,13
292.868,18
292.976,0
293.084,7
293.192,0
293.301,0
293.409,0
293.517,0
293.625,7
293.733,22
293.841,0
293.95,10
294.058,16
294.166,0
294.274,16
294.382,7
294.49,2
294.599,0
294.707,0
294.815,11
294.923,16
295.031,2
295.139,0
295.248,7
295.356,0
295.464,2
295.572,0
295.68,0
295.788,0
295.896,13
296.005,0
296.113,6
296.221,7
296.329,19
296.437,10
296.545,1
296.654,4
296.762,0
296.87,27
296.978,7
297.086,0
297.194,0
297.303,20
297.411,1
297.519,11
297.627,2
297.735,0
297.843,5
297.952,54
298.06,33
298.168,17
298.276,0
298.384,0
298.492,0
298.601,0
298.709,2
298.817,10
298.925,3
299.033,0
299.141,19
299.249,5
299.358,11
299.466,0
299.574,0
299.682,0
299.79,51
299.898,159
300.007,112
300.115,18
300.223,8
300.331,2
300.439,0
300.547,0
300.656,0
300.764,0
300.872,16
300.98,4
301.088,8
301.196,0
301.305,9
301.413,11
301.521,0
301.629,7
301.737,0
301.845,4
301.953,13
302.062,8
302.17,0
302.278,28
302.386,0
302.494,0
302.602,7
302.711,24
302.819,0
302.927,0
303.035,0
303.143,10
303.251,0
303.36,10
303.468,0
303.576,8
303.684,32
303.792,22
303.9,26
304.008,0
304.117,8
304.225,13
304.333,8
304.441,12
304.549,0
304.657,4
304.766,8
304.874,15
304.982,3
305.09,30
305.198,12
305.306,6
305.414,0
305.523,0
305.631,6
305.739,0
305.847,6
305.955,12
306.063,17
306.172,33
306.28,14
306.388,8
306.496,29
306.604,0
306.712,0
306.82,0
306.929,0
307.037,0
307.145,0
307.253,0
307.361,4
307.469,9
307.578,0
307.686,0
307.794,24
307.902,16
308.01,0
308.118,9
308.226,8
308.335,21
308.443,0
308.551,0
308.659,0
308.767,30
308.875,37
308.984,0
309.092,0
309.2,0
309.308,3
309.416,0
309.524,8
309.632,0
309.741,0
309.849,8
309.957,0
310.065,0
310.173,0
310.281,20
310.39,12
310.498,0
310.606,1
310.714,9
310.822,1
310.93,26
311.038,0
311.147,1
311.255,3
311.363,25
311.471,4
311.579,14
311.687,13
311.795,0
311.904,2
312.012,0
312.12,17
312.228,12
312.336,9
312.444,18
312.553,12
312.661,21
312.769,0
312.877,16
312.985,11
313.093,0
313.201,0
313.31,0
313.418,19
313.526,21
313.634,2
313.742,0
313.85,0
313.958,16
314.067,5
314.175,0
314.283,0
314.391,0
314.499,27
314.607,18
314.715,16
314.824,55
314.932,0
315.04,15
315.148,2
315.256,0
315.364,0
315.472,0
315.581,0
315.689,0
315.797,0
315.905,6
316.013,0
316.121,7
316.23,0
316.338,1
316.446,28
316.554,6
316.662,23
316.77,0
316.878,0
316.987,0
317.095,8
317.203,11
317.311,0
317.419,6
317.527,0
317.635,11
317.744,26
317.852,0
317.96,0
318.068,12
318.176,0
318.284,0
318.392,27
318.501,0
318.609,1
318.717,2
318.825,20
318.933,20
319.041,0
319.149,5
319.258,19
319.366,0
319.474,9
319.582,34
319.69,9
319.798,0
319.906,0
320.015,7
320.123,0
320.231,16
320.339,13
320.447,15
320.555,13
320.663,2
320.772,12
320.88,0
320.988,15
321.096,0
321.204,0
321.312,0
321.42,0
321.529,0
321.637,1
321.745,0
321.853,25
321.961,16
322.069,0
322.177,0
322.286,0
322.394,22
322.502,0
322.61,6
322.718,0
322.826,0
322.934,3
323.042,3
323.151,5
323.259,23
323.367,0
323.475,4
323.583,7
323.691,16
323.799,5
323.908,23
324.016,14
324.124,0
324.232,7
324.34,12
324.448,8
324.556,0
324.665,11
324.773,24
324.881,0
324.989,0
325.097,4
325.205,3
325.313,0
325.422,12
325.53,31
325.638,25
325.746,27
325.854,0
325.962,4
326.07,24
326.178,38
326.287,20
326.395,3
326.503,0
326.611,6
326.719,18
326.827,5
326.935,11
327.044,0
327.152,20
327.26,7
327.368,3
327.476,0
327.584,0
327.692,21
327.801,29
327.909,0
328.017,0
328.125,0
328.233,3
328.341,6
328.449,0
328.557,0
328.666,14
328.774,0
328.882,0
328.99,0
329.098,0
329.206,13
329.314,33
329.423,0
329.531,0
329.639,5
329.747,16
329.855,0
329.963,1
330.071,10
330.179,0
330.288,0
330.396,37
330.504,34
330.612,0
330.72,0
330.828,0
330.936,10
331.045,0
331.153,0
331.261,8
331.369,11
331.477,1
331.585,0
331.693,0
331.801,0
331.91,0
332.018,0
332.126,0
332.234,28
332.342,11
332.45,1
332.558,19
332.666,0
332.775,4
332.883,0
332.991,0
333.099,6
333.207,0
333.315,0
333.423,0
333.532,0
333.64,2
333.748,0
333.856,7
333.964,0
334.072,0
334.18,0
334.288,26
334.397,4
334.505,31
334.613,28
334.721,5
334.829,0
334.937,16
335.045,30
335.153,0
335.262,0
335.37,0
335.478,15
335.586,8
335.694,8
335.802,0
335.91,12
336.018,6
336.127,0
336.235,9
336.343,0
336.451,5
336.559,4
336.667,0
336.775,0
336.883,13
336.992,8
337.1,0
337.208,0
337.316,17
337.424,12
337.532,6
337.64,4
337.748,1
337.857,36
337.965,0
338.073,18
338.181,15
338.289,0
338.397,0
338.505,10
338.613,0
338.722,1
338.83,10
338.938,12
339.046,3
339.154,12
339.262,6
339.37,32
339.478,14
339.587,0
339.695,0
339.803,13
339.911,0
340.019,0
340.127,14
340.235,0
340.343,13
340.452,8
340.56,10
340.668,4
340.776,15
340.884,25
340.992,2
341.1,0
341.208,21
341.317,41
341.425,15
341.533,0
341.641,0
341.749,5
341.857,18
341.965,11
342.073,0
342.181,18
342.29,75
342.398,88
342.506,40
342.614,22
342.722,4
342.83,2
342.938,0
343.046,0
343.155,0
343.263,2
343.371,12
343.479,19
343.587,16
343.695,2
343.803,0
343.911,14
344.02,4
344.128,3
344.236,15
344.344,0
344.452,4
344.56,0
344.668,1
344.776,6
344.884,25
344.993,0
345.101,10
345.209,1
345.317,6
345.425,0
345.533,3
345.641,22
345.749,0
345.857,0
345.966,21
346.074,0
346.182,20
346.29,0
346.398,0
346.506,0
346.614,17
346.722,10
346.831,0
346.939,11
347.047,3
347.155,0
347.263,0
347.371,8
347.479,26
347.587,0
347.695,3
347.804,13
347.912,3
348.02,17
348.128,10
348.236,16
348.344,0
348.452,18
348.56,0
348.668,0
348.777,16
348.885,25
348.993,0
349.101,0
349.209,8
349.317,0
349.425,3
349.533,0
349.641,2
349.75,17
349.858,0
349.966,0
350.074,2
350.182,19
350.29,0
350.398,21
350.506,0
350.615,14
350.723,0
350.831,16
350.939,15
351.047,0
351.155,0
351.263,12
351.371,0
351.479,3
351.588,0
351.696,0
351.804,0
351.912,0
352.02,12
352.128,6
352.236,0
352.344,0
352.452,19
352.56,9
352.669,0
352.777,13
352.885,3
352.993,0
353.101,0
353.209,10
353.317,0
353.425,11
353.533,27
353.642,0
353.75,0
353.858,20
353.966,0
354.074,15
354.182,0
354.29,24
354.398,62
354.506,64
354.615,66
354.723,21
354.831,0
354.939,0
355.047,7
355.155,14
355.263,26
355.371,0
355.479,17
355.587,18
355.696,0
355.804,6
355.912,0
356.02,4
356.128,0
356.236,18
356.344,0
356.452,0
356.56,0
356.669,0
356.777,0
356.885,46
356.993,35
357.101,18
357.209,24
357.317,0
357.425,7
357.533,0
357.641,10
357.75,0
357.858,0
357.966,0
358.074,0
358.182,11
358.29,0
358.398,0
358.506,4
358.614,0
358.723,0
358.831,32
358.939,56
359.047,13
359.155,0
359.263,16
359.371,0
359.479,37
359.587,66
359.695,39
359.804,20
359.912,0
360.02,0
360.128,17
360.236,0
360.344,0
360.452,19
360.56,21
360.668,0
360.776,13
360.885,23
360.993,0
361.101,0
361.209,9
361.317,4
361.425,0
361.533,0
361.641,17
361.749,0
361.857,0
361.966,0
362.074,0
362.182,2
362.29,0
362.398,0
362.506,0
362.614,0
362.722,5
362.83,28
362.938,32
363.047,0
363.155,0
363.263,2
363.371,0
363.479,13
363.587,0
363.695,24
363.803,4
363.911,2
364.019,24
364.127,22
364.236,0
364.344,0
364.452,12
364.56,0
364.668,0
364.776,0
364.884,0
364.992,0
365.1,18
365.208,29
365.317,4
365.425,17
365.533,0
365.641,11
365.749,0
365.857,0
365.965,4
366.073,15
366.181,0
366.289,0
366.397,0
366.506,0
366.614,0
366.722,21
366.83,5
366.938,0
367.046,0
367.154,0
367.262,18
367.37,4
367.478,0
367.586,0
367.695,5
367.803,0
367.911,18
368.019,0
368.127,6
368.235,6
368.343,13
368.451,14
368.559,15
368.667,14
368.775,0
368.884,11
368.992,15
369.1,0
369.208,0
369.316,15
369.424,27
369.532,0
369.64,0
369.748,3
369.856,14
369.964,0
370.073,0
370.181,28
370.289,6
370.397,0
370.505,44
370.613,0
370.721,23
370.829,0
370.937,0
371.045,0
371.153,0
371.262,0
371.37,0
371.478,14
371.586,0
371.694,0
371.802,10
371.91,0
372.018,10
372.126,0
372.234,0
372.342,6
372.451,8
372.559,0
372.667,0
372.775,0
372.883,0
372.991,5
373.099,0
373.207,10
373.315,0
373.423,0
373.531,0
373.639,32
373.748,27
373.856,0
373.964,0
374.072,0
374.18,6
374.288,0
374.396,0
374.504,3
374.612,10
374.72,16
374.828,1
374.936,10
375.045,0
375.153,7
375.261,14
375.369,29
375.477,22
375.585,0
375.693,4
375.801,0
375.909,0
376.017,0
376.125,0
376.233,0
376.342,0
376.45,10
376.558,6
376.666,3
376.774,4
376.882,0
376.99,8
377.098,34
377.206,0
377.314,0
377.422,0
377.53,13
377.638,1
377.747,0
377.855,0
377.963,10
378.071,0
378.179,0
378.287,29
378.395,18
378.503,0
378.611,0
378.719,43
378.827,0
378.935,13
379.044,4
379.152,4
379.26,8
379.368,7
379.476,0
379.584,0
379.692,0
379.8,1
379.908,0
380.016,0
380.124,0
380.232,12
380.34,17
380.449,3
380.557,9
380.665,47
380.773,39
380.881,4
380.989,9
381.097,5
381.205,1
381.313,8
381.421,28
381.529,88
381.637,37
381.745,0
381.854,6
381.962,34
382.07,4
382.178,0
382.286,16
382.394,3
382.502,7
382.61,27
382.718,0
382.826,29
382.934,0
383.042,1
383.15,0
383.258,16
383.367,22
383.475,0
383.583,11
383.691,19
383.799,10
383.907,2
384.015,39
384.123,19
384.231,0
384.339,0
384.447,11
384.555,16
384.663,0
384.771,19
384.88,0
384.988,0
385.096,0
385.204,0
385.312,22
385.42,0
385.528,0
385.636,8
385.744,0
385.852,0
385.96,16
386.068,0
386.176,21
386.284,0
386.393,0
386.501,0
386.609,21
386.717,10
386.825,0
386.933,0
387.041,0
387.149,12
387.257,8
387.365,3
387.473,0
387.581,0
387.689,0
387.797,47
387.905,0
388.014,0
388.122,12
388.23,0
388.338,0
388.446,0
388.554,30
388.662,16
388.77,0
388.878,8
388.986,15
389.094,0
389.202,0
389.31,2
389.418,0
389.526,11
389.635,4
389.743,16
389.851,5
389.959,0
390.067,0
390.175,18
390.283,18
390.391,6
390.499,0
390.607,7
390.715,3
390.823,0
390.931,11
391.039,14
391.147,0
391.256,31
391.364,6
391.472,0
391.58,9
391.688,0
391.796,0
391.904,12
392.012,0
392.12,2
392.228,0
392.336,3
392.444,2
392.552,8
392.66,0
392.768,5
392.876,17
392.985,40
393.093,0
393.201,35
393.309,32
393.417,29
393.525,0
393.633,0
393.741,10
393.849,0
393.957,0
394.065,14
394.173,5
394.281,0
394.389,0
394.497,8
394.605,13
394.713,15
394.822,0
394.93,13
395.038,0
395.146,0
395.254,44
395.362,37
395.47,0
395.578,0
395.686,0
395.794,0
395.902,0
396.01,5
396.118,16
396.226,17
396.334,25
396.442,6
396.55,0
396.658,5
396.767,19
396.875,13
396.983,2
397.091,11
397.199,12
397.307,15
397.415,27
397.523,0
397.631,0
397.739,9
397.847,32
397.955,0
398.063,6
398.171,1
398.279,20
398.387,5
398.495,0
398.603,0
398.712,16
398.82,0
398.928,9
399.036,0
399.144,7
399.252,0
399.36,0
399.468,6
399.576,45
399.684,5
399.792,0
399.9,0
400.008,0
400.116,0
400.224,0
400.332,18
400.44,34
400.548,25
400.656,0
400.765,0
400.873,0
400.981,0
401.089,51
401.197,97
401.305,87
401.413,9
401.521,0
401.629,0
401.737,0
401.845,0
401.953,17
402.061,29
402.169,10
402.277,0
402.385,4
402.493,16
402.601,18
402.709,0
402.817,34
402.925,0
403.034,0
403.142,6
403.25,0
403.358,0
403.466,9
403.574,28
403.682,4
403.79,5
403.898,16
404.006,0
404.114,0
404.222,13
404.33,0
404.438,0
404.546,5
404.654,24
404.762,9
404.87,0
404.978,0
405.086,21
405.194,13
405.302,4
405.411,0
405.519,0
405.627,23
405.735,3
405.843,0
405.951,0
406.059,3
406.167,0
406.275,0
406.383,8
406.491,0
406.599,0
406.707,19
406.815,0
406.923,30
407.031,30
407.139,40
407.247,22
407.355,0
407.463,2
407.571,32
407.679,32
407.787,36
407.896,26
408.004,15
408.112,102
408.22,172
408.328,98
408.436,14
408.544,0
408.652,14
408.76,0
408.868,10
408.976,0
409.084,0
409.192,0
409.3,12
409.408,0
409.516,0
409.624,0
409.732,3
409.84,58
409.948,0
410.056,0
410.164,29
410.272,0
410.38,1
410.488,8
410.596,0
410.705,9
410.813,0
410.921,1
411.029,0
411.137,0
411.245,16
411.353,24
411.461,28
411.569,7
411.677,0
411.785,0
411.893,0
412.001,5
412.109,10
412.217,0
412.325,0
412.433,2
412.541,10
412.649,0
412.757,19
412.865,35
412.973,0
413.081,14
413.189,1
413.297,30
413.405,28
413.513,15
413.621,14
413.729,2
413.838,0
413.946,0
414.054,0
414.162,0
414.27,0
414.378,0
414.486,0
414.594,27
414.702,12
414.81,14
414.918,30
415.026,16
415.134,17
415.242,67
415.35,58
415.458,20
415.566,0
415.674,11
415.782,0
415.89,15
415.998,8
416.106,19
416.214,0
416.322,46
416.43,45
416.538,227
416.646,25
416.754,0
416.862,0
416.97,22
417.078,30
417.186,33
417.294,22
417.403,0
417.511,95
417.619,127
417.727,144
417.835,210
417.943,146
418.051,58
418.159,0
418.267,0
418.375,9
418.483,17
418.591,0
418.699,48
418.807,52
418.915,17
419.023,0
419.131,10
419.239,0
419.347,0
419.455,0
419.563,7
419.671,0
419.779,0
419.887,16
419.995,0
420.103,0
420.211,0
420.319,22
420.427,80
420.535,37
420.643,0
420.751,13
420.859,0
420.967,0
421.075,0
421.183,39
421.291,0
421.399,0
421.507,18
421.615,29
421.723,73
421.832,17
421.94,0
422.048,50
422.156,28
422.264,10
422.372,0
422.48,0
422.588,0
422.696,0
422.804,11
422.912,0
423.02,13
423.128,0
423.236,0
423.344,0
423.452,6
423.56,42
423.668,12
423.776,13
423.884,2
423.992,9
424.1,24
424.208,10
424.316,19
424.424,20
424.532,2
424.64,6
424.748,0
424.856,20
424.964,23
425.072,0
425.18,0
425.288,10
425.396,21
425.504,92
425.612,66
425.72,52
425.828,32
425.936,54
426.044,22
426.152,1
426.26,0
426.368,0
426.476,17
426.584,43
426.692,3
426.8,0
426.908,2
427.016,0
427.124,0
427.232,1
427.34,16
427.448,0
427.556,0
427.664,24
427.772,41
427.88,2
427.988,22
428.096,27
428.204,22
428.312,10
428.42,0
428.529,0
428.637,5
428.745,0
428.853,8
428.961,12
429.069,17
429.177,8
429.285,15
429.393,28
429.501,26
429.609,12
429.717,4
429.825,0
429.933,0
430.041,0
430.149,12
430.257,3
430.365,1
430.473,12
430.581,0
430.689,0
430.797,4
430.905,15
431.013,0
431.121,0
431.229,30
431.337,25
431.445,21
431.553,26
431.661,16
431.769,15
431.877,33
431.985,0
432.093,6
432.201,3
432.309,7
432.417,0
432.525,30
432.633,14
432.741,19
432.849,20
432.957,17
433.065,0
433.173,19
433.281,25
433.389,1
433.497,7
433.605,11
433.713,0
433.821,0
433.929,0
434.037,0
434.145,25
434.253,12
434.361,0
434.469,3
434.577,3
434.685,15
434.793,9
434.901,14
435.009,13
435.117,2
435.225,0
435.333,0
435.441,0
435.549,4
435.657,0
435.765,13
435.873,4
435.981,16
436.089,0
436.197,38
436.305,163
436.413,117
436.521,32
436.629,0
436.737,3
436.845,0
436.953,0
437.061,0
437.169,49
437.277,38
437.385,0
437.493,6
437.601,11
437.709,0
437.817,10
437.925,3
438.033,21
438.141,15
438.249,33
438.357,28
438.465,64
438.573,17
438.681,17
438.789,0
438.897,0
439.005,13
439.113,1
439.221,17
439.329,13
439.437,0
439.545,0
439.653,22
439.761,22
439.869,0
439.977,15
440.085,36
440.193,26
440.301,28
440.409,8
440.517,72
440.625,69
440.733,26
440.841,47
440.949,0
441.057,11
441.165,60
441.273,86
441.381,0
441.489,12
441.597,0
441.705,0
441.813,15
441.921,20
442.029,0
442.137,21
442.245,25
442.353,23
442.461,58
442.569,33
442.677,33
442.785,12
442.893,0
443.001,0
443.109,0
443.217,0
443.325,0
443.432,0
443.54,0
443.648,0
443.756,0
443.864,5
443.972,22
444.08,0
444.188,0
444.296,1
444.404,1
444.512,10
444.62,0
444.728,14
444.836,17
444.944,13
445.052,7
445.16,0
445.268,19
445.376,8
445.484,14
445.592,0
445.7,13
445.808,0
445.916,31
446.024,92
446.132,37
446.24,17
446.348,17
446.456,15
446.564,0
446.672,0
446.78,19
446.888,0
446.996,0
447.104,2
447.212,0
447.32,32
447.428,23
447.536,9
447.644,0
447.752,6
447.86,17
447.968,28
448.076,1
448.184,19
448.292,0
448.4,21
448.508,83
448.616,46
448.724,4
448.832,0
448.94,7
449.048,0
449.156,0
449.264,45
449.372,46
449.48,0
449.588,0
449.696,2
449.804,0
449.911,0
450.019,6
450.127,0
450.235,1
450.343,0
450.451,9
450.559,7
450.667,0
450.775,0
450.883,0
450.991,28
451.099,0
451.207,0
451.315,0
451.423,0
451.531,19
451.639,19
451.747,0
451.855,0
451.963,8
452.071,39
452.179,28
452.287,0
452.395,0
452.503,0
452.611,19
452.719,7
452.827,12
452.935,8
453.043,0
453.151,12
453.259,0
453.367,15
453.475,25
453.583,11
453.691,0
453.799,0
453.907,0
454.015,0
454.123,14
454.23,35
454.338,20
454.446,9
454.554,20
454.662,21
454.77,23
454.878,25
454.986,38
455.094,24
455.202,17
455.31,5
455.418,0
455.526,8
455.634,0
455.742,37
455.85,0
455.958,0
456.066,0
456.174,7
456.282,0
456.39,34
456.498,12
456.606,0
456.714,0
456.822,12
456.93,4
457.038,0
457.146,0
457.254,0
457.362,13
457.47,5
457.578,3
457.685,0
457.793,0
457.901,7
458.009,6
458.117,0
458.225,0
458.333,24
458.441,53
458.549,54
458.657,6
458.765,29
458.873,3
458.981,0
459.089,70
459.197,54
459.305,45
459.413,27
459.521,0
459.629,25
459.737,68
459.845,0
459.953,0
460.061,30
460.169,48
460.277,3
460.385,0
460.493,0
460.6,8
460.708,1
460.816,27
460.924,32
461.032,72
461.14,76
461.248,0
461.356,13
461.464,7
461.572,0
461.68,0
461.788,1
461.896,12
462.004,22
462.112,0
462.22,0
462.328,17
462.436,11
462.544,10
462.652,33
462.76,17
462.868,5
462.976,32
463.084,0
463.192,0
463.299,0
463.407,0
463.515,0
463.623,0
463.731,4
463.839,24
463.947,12
464.055,23
464.163,24
464.271,1
464.379,0
464.487,0
464.595,0
464.703,13
464.811,0
464.919,0
465.027,39
465.135,4
465.243,0
465.351,0
465.459,19
465.567,0
465.674,32
465.782,0
465.89,0
465.998,14
466.106,15
466.214,2
466.322,0
466.43,0
466.538,24
466.646,0
466.754,0
466.862,0
466.97,3
467.078,8
467.186,4
467.294,1
467.402,11
467.51,3
467.618,12
467.726,5
467.833,4
467.941,11
468.049,0
468.157,4
468.265,9
468.373,2
468.481,0
468.589,0
468.697,18
468.805,1
468.913,6
469.021,0
469.129,0
469.237,0
469.345,0
469.453,0
469.561,6
469.669,0
469.777,0
469.884,25
469.992,0
470.1,27
470.208,4
470.316,0
470.424,8
470.532,0
470.64,0
470.748,20
470.856,51
470.964,27
471.072,0
471.18,0
471.288,0
471.396,2
471.504,0
471.612,0
471.72,22
471.827,9
471.935,6
472.043,0
472.151,0
472.259,28
472.367,7
472.475,57
472.583,77
472.691,46
472.799,16
472.907,19
473.015,0
473.123,15
473.231,27
473.339,0
473.447,2
473.555,0
473.662,18
473.77,38
473.878,30
473.986,10
474.094,0
474.202,0
474.31,0
474.418,7
474.526,0
474.634,2
474.742,24
474.85,145
474.958,156
475.066,69
475.174,12
475.282,7
475.389,0
475.497,1
475.605,13
475.713,0
475.821,9
475.929,16
476.037,10
476.145,7
476.253,10
476.361,0
476.469,2
476.577,54
476.685,55
476.793,20
476.901,0
477.008,14
477.116,0
477.224,11
477.332,0
477.44,0
477.548,15
477.656,0
477.764,14
477.872,0
477.98,33
478.088,6
478.196,8
478.304,0
478.412,13
478.52,5
478.627,9
478.735,21
478.843,0
478.951,0
479.059,15
479.167,17
479.275,32
479.383,40
479.491,13
479.599,0
479.707,0
479.815,0
479.923,5
480.031,0
480.138,0
480.246,8
480.354,0
480.462,0
480.57,0
480.678,24
480.786,0
480.894,3
481.002,8
481.11,0
481.218,4
481.326,10
481.434,0
481.541,0
481.649,40
481.757,25
481.865,3
481.973,0
482.081,0
482.189,2
482.297,13
482.405,3
482.513,0
482.621,30
482.729,18
482.837,15
482.945,0
483.052,0
483.16,7
483.268,0
483.376,0
483.484,4
483.592,7
483.7,2
483.808,15
483.916,0
484.024,0
484.132,0
484.24,9
484.347,0
484.455,0
484.563,0
484.671,0
484.779,26
484.887,29
484.995,6
485.103,0
485.211,20
485.319,0
485.427,5
485.535,0
485.643,0
485.75,0
485.858,0
485.966,14
486.074,0
486.182,1
486.29,26
486.398,22
486.506,23
486.614,0
486.722,0
486.83,21
486.938,14
487.045,7
487.153,5
487.261,18
487.369,33
487.477,3
487.585,0
487.693,4
487.801,15
487.909,13
488.017,0
488.125,12
488.233,2
488.34,1
488.448,14
488.556,4
488.664,2
488.772,0
488.88,21
488.988,1
489.096,7
489.204,10
489.312,18
489.42,0
489.527,8
489.635,13
489.743,0
489.851,33
489.959,0
490.067,0
490.175,10
490.283,4
490.391,0
490.499,0
490.607,6
490.714,0
490.822,15
490.93,1
491.038,12
491.146,0
491.254,13
491.362,15
491.47,0
491.578,0
491.686,6
491.794,0
491.901,8
492.009,8
492.117,0
492.225,0
492.333,0
492.441,30
492.549,28
492.657,0
492.765,6
492.873,0
492.981,10
493.088,25
493.196,5
493.304,0
493.412,0
493.52,13
493.628,0
493.736,0
493.844,0
493.952,0
494.06,0
494.167,0
494.275,0
494.383,10
494.491,12
494.599,27
494.707,0
494.815,8
494.923,2
495.031,0
495.139,1
495.246,20
495.354,18
495.462,26
495.57,0
495.678,0
495.786,0
495.894,0
496.002,0
496.11,16
496.218,4
496.325,0
496.433,0
496.541,4
496.649,2
496.757,32
496.865,0
496.973,22
497.081,0
497.189,16
497.297,4
497.404,0
497.512,0
497.62,0
497.728,0
497.836,0
497.944,0
498.052,36
498.16,24
498.268,0
498.376,10
498.483,16
498.591,0
498.699,16
498.807,6
498.915,0
499.023,5
499.131,0
499.239,8
499.347,7
499.454,0
499.562,0
499.67,0
499.778,2
499.886,14
499.994,0
500.102,14
500.21,0
500.318,8
500.425,5
500.533,0
500.641,2
500.749,10
500.857,20
500.965,0
501.073,0
501.181,0
501.289,1
501.396,16
501.504,0
501.612,0
501.72,0
501.828,0
501.936,2
502.044,21
502.152,0
502.26,0
502.367,25
502.475,41
502.583,56
502.691,2
502.799,0
502.907,0
503.015,59
503.123,8
503.231,8
503.338,43
503.446,28
503.554,3
503.662,0
503.77,0
503.878,0
503.986,27
504.094,6
504.202,15
504.309,0
504.417,0
504.525,30
504.633,34
504.741,0
504.849,0
504.957,23
505.065,10
505.173,1
505.28,98
505.388,254
505.496,183
505.604,79
505.712,4
505.82,0
505.928,12
506.036,0
506.143,26
506.251,8
506.359,0
506.467,133
506.575,119
506.683,46
506.791,8
506.899,1
507.006,100
507.114,90
507.222,56
507.33,2
507.438,0
507.546,0
507.654,0
507.762,0
507.869,4
507.977,8
508.085,28
508.193,38
508.301,147
508.409,112
508.517,15
508.625,0
508.733,19
508.84,42
508.948,19
509.056,2
509.164,6
509.272,0
509.38,0
509.488,8
509.596,0
509.703,7
509.811,14
509.919,0
510.027,0
510.135,2
510.243,4
510.351,0
510.458,0
510.566,17
510.674,31
510.782,0
510.89,0
510.998,0
511.106,28
511.214,0
511.321,0
511.429,10
511.537,8
511.645,37
511.753,0
511.861,6
511.969,7
512.077,0
512.184,4
512.292,6
512.4,0
512.508,0
512.616,0
512.724,46
512.832,64
512.94,13
513.047,0
513.155,16
513.263,5
513.371,0
513.479,10
513.587,32
513.695,6
513.802,0
513.91,6
514.018,112
514.126,71
514.234,31
514.342,0
514.45,0
514.558,0
514.665,4
514.773,0
514.881,10
514.989,0
515.097,26
515.205,46
515.313,15
515.42,0
515.528,0
515.636,14
515.744,7
515.852,4
515.96,19
516.068,0
516.175,13
516.283,41
516.391,36
516.499,1
516.607,6
516.715,11
516.823,3
516.93,0
517.038,0
517.146,16
517.254,16
517.362,1
517.47,0
517.578,9
517.685,9
517.793,21
517.901,5
518.009,0
518.117,6
518.225,17
518.333,13
518.44,7
518.548,22
518.656,0
518.764,0
518.872,0
518.98,0
519.088,0
519.195,28
519.303,0
519.411,0
519.519,0
519.627,2
519.735,2
519.843,0
519.95,0
520.058,26
520.166,12
520.274,92
520.382,298
520.49,189
520.598,51
520.705,0
520.813,0
520.921,0
521.029,0
521.137,0
521.245,0
521.353,0
521.46,0
521.568,0
521.676,4
521.784,0
521.892,0
522,25
522.108,0
522.215,0
522.323,0
522.431,6
522.539,6
522.647,0
522.755,16
522.862,11
522.97,0
523.078,33
523.186,9
523.294,0
523.402,6
523.51,0
523.617,23
523.725,16
523.833,16
523.941,0
524.049,8
524.157,20
524.264,0
524.372,0
524.48,0
524.588,0
524.696,0
524.804,1
524.912,16
525.019,0
525.127,0
525.235,0
525.343,0
525.451,0
525.559,0
525.666,0
525.774,21
525.882,4
525.99,0
526.098,17
526.206,30
526.314,20
526.421,21
526.529,13
526.637,16
526.745,0
526.853,12
526.961,23
527.068,8
527.176,67
527.284,78
527.392,62
527.5,16
527.608,10
527.715,21
527.823,0
527.931,13
528.039,23
528.147,0
528.255,15
528.362,26
528.47,1
528.578,0
528.686,0
528.794,8
528.902,25
529.009,6
529.117,15
529.225,10
529.333,0
529.441,6
529.549,13
529.656,1
529.764,2
529.872,15
529.98,0
530.088,32
530.196,0
530.304,0
530.411,6
530.519,8
530.627,7
530.735,0
530.843,1
530.951,0
531.058,26
531.166,0
531.274,6
531.382,0
531.49,5
531.597,0
531.705,6
531.813,0
531.921,16
532.029,13
532.137,0
532.244,0
532.352,0
532.46,30
532.568,9
532.676,11
532.784,0
532.891,0
532.999,41
533.107,0
533.215,0
533.323,9
533.431,6
533.538,34
533.646,19
533.754,5
533.862,7
533.97,0
534.078,1
534.185,0
534.293,3
534.401,17
534.509,25
534.617,0
534.725,4
534.832,11
534.94,0
535.048,31
535.156,11
535.264,0
535.371,0
535.479,0
535.587,11
535.695,8
535.803,0
535.911,0
536.018,0
536.126,2
536.234,12
536.342,0
536.45,0
536.557,0
536.665,0
536.773,29
536.881,0
536.989,0
537.097,11
537.204,0
537.312,2
537.42,21
537.528,0
537.636,29
537.744,76
537.851,71
537.959,49
538.067,12
538.175,4
538.283,10
538.39,16
538.498,0
538.606,0
538.714,2
538.822,3
538.93,0
539.037,13
539.145,13
539.253,0
539.361,21
539.469,2
539.576,7
539.684,7
539.792,4
539.9,0
540.008,0
540.115,21
540.223,0
540.331,0
540.439,26
540.547,1
540.655,0
540.762,14
540.87,7
540.978,0
541.086,0
541.194,15
541.301,28
541.409,0
541.517,0
541.625,14
541.733,28
541.84,0
541.948,5
542.056,15
542.164,7
542.272,3
542.38,0
542.487,0
542.595,0
542.703,28
542.811,33
542.919,28
543.026,36
543.134,0
543.242,10
543.35,8
543.458,6
543.565,4
543.673,0
543.781,0
543.889,0
543.997,0
544.104,0
544.212,4
544.32,13
544.428,2
544.536,11
544.643,1
544.751,0
544.859,9
544.967,6
545.075,0
545.182,0
545.29,0
545.398,6
545.506,30
545.614,28
545.721,7
545.829,15
545.937,8
546.045,18
546.153,0
546.261,0
546.368,32
546.476,5
546.584,0
546.692,0
546.8,0
546.907,9
547.015,0
547.123,0
547.231,6
547.339,0
547.446,0
547.554,10
547.662,22
547.77,0
547.877,0
547.985,8
548.093,8
548.201,1
548.309,20
548.416,0
548.524,0
548.632,0
548.74,4
548.848,0
548.955,0
549.063,15
549.171,14
549.279,0
549.387,16
549.494,15
549.602,0
549.71,0
549.818,8
549.926,0
550.033,0
550.141,0
550.249,0
550.357,0
550.465,0
550.572,14
550.68,12
550.788,20
550.896,11
551.004,11
551.111,4
551.219,10
551.327,0
551.435,0
551.542,14
551.65,0
551.758,0
551.866,20
551.974,0
552.081,0
552.189,0
552.297,10
552.405,0
552.513,2
552.62,18
552.728,0
552.836,0
552.944,22
553.052,0
553.159,3
553.267,4
553.375,0
553.483,20
553.59,10
553.698,0
553.806,0
553.914,10
554.022,27
554.129,16
554.237,13
554.345,0
554.453,1
554.561,0
554.668,17
554.776,13
554.884,8
554.992,0
555.099,0
555.207,0
555.315,14
555.423,0
555.531,0
555.638,0
555.746,9
555.854,3
555.962,0
556.069,51
556.177,31
556.285,0
556.393,0
556.501,3
556.608,25
556.716,0
556.824,0
556.932,0
557.039,0
557.147,32
557.255,0
557.363,0
557.471,0
557.578,0
557.686,4
557.794,0
557.902,0
558.009,34
558.117,21
558.225,0
558.333,0
558.441,0
558.548,0
558.656,99
558.764,81
558.872,20
558.979,0
559.087,0
559.195,0
559.303,0
559.411,4
559.518,22
559.626,0
559.734,24
559.842,0
559.949,9
560.057,14
560.165,21
560.273,0
560.381,0
560.488,19
560.596,14
560.704,13
560.812,17
560.919,24
561.027,12
561.135,13
561.243,7
561.35,1
561.458,10
561.566,15
561.674,14
561.782,0
561.889,0
561.997,8
562.105,14
562.213,0
562.32,0
562.428,11
562.536,21
562.644,28
562.751,0
562.859,0
562.967,33
563.075,0
563.182,0
563.29,7
563.398,0
563.506,0
563.614,0
563.721,21
563.829,0
563.937,0
564.045,0
564.152,0
564.26,40
564.368,11
564.476,6
564.583,0
564.691,1
564.799,0
564.907,0
565.014,15
565.122,9
565.23,0
565.338,0
565.446,0
565.553,0
565.661,0
565.769,0
565.877,0
565.984,0
566.092,0
566.2,32
566.308,0
566.415,0
566.523,24
566.631,138
566.739,123
566.846,48
566.954,0
567.062,0
567.17,19
567.277,18
567.385,0
567.493,10
567.601,3
567.708,0
567.816,2
567.924,42
568.032,36
568.139,0
568.247,0
568.355,14
568.463,0
568.57,9
568.678,28
568.786,2
568.894,0
569.001,11
569.109,12
569.217,33
569.325,12
569.432,0
569.54,6
569.648,0
569.756,0
569.863,2
569.971,0
570.079,0
570.187,36
570.294,11
570.402,3
570.51,0
570.618,0
570.725,5
570.833,0
570.941,0
571.049,8
571.156,0
571.264,0
571.372,10
571.48,7
571.587,0
571.695,15
571.803,29
571.911,76
572.018,54
572.126,24
572.234,0
572.342,3
572.449,0
572.557,26
572.665,2
572.773,0
572.88,7
572.988,0
573.096,2
573.204,0
573.311,0
573.419,0
573.527,0
573.635,0
573.742,2
573.85,10
573.958,0
574.066,2
574.173,7
574.281,0
574.389,1
574.497,5
574.604,0
574.712,0
574.82,0
574.927,0
575.035,21
575.143,13
575.251,11
575.358,9
575.466,0
575.574,17
575.682,12
575.789,15
575.897,9
576.005,37
576.113,53
576.22,22
576.328,3
576.436,0
576.544,0
576.651,1
576.759,0
576.867,0
576.974,7
577.082,0
577.19,4
577.298,12
577.405,2
577.513,15
577.621,0
577.729,0
577.836,3
577.944,0
578.052,0
578.16,0
578.267,0
578.375,0
578.483,0
578.59,0
578.698,41
578.806,12
578.914,6
579.021,5
579.129,0
579.237,0
579.345,7
579.452,6
579.56,0
579.668,0
579.776,0
579.883,23
579.991,0
580.099,0
580.206,4
580.314,2
580.422,0
580.53,0
580.637,0
580.745,21
580.853,0
580.961,0
581.068,15
581.176,0
581.284,0
581.391,0
581.499,0
581.607,0
581.715,18
581.822,1
581.93,0
582.038,2
582.145,29
582.253,0
582.361,0
582.469,0
582.576,21
582.684,0
582.792,0
582.9,0
583.007,15
583.115,0
583.223,6
583.33,0
583.438,21
583.546,12
583.654,26
583.761,9
583.869,0
583.977,14
584.084,0
584.192,17
584.3,0
584.408,0
584.515,0
584.623,0
584.731,0
584.838,0
584.946,11
585.054,21
585.162,26
585.269,2
585.377,0
585.485,10
585.593,11
585.7,0
585.808,0
585.916,0
586.023,5
586.131,28
586.239,0
586.347,0
586.454,9
586.562,0
586.67,1
586.777,15
586.885,16
586.993,7
587.101,5
587.208,3
587.316,31
587.424,6
587.531,0
587.639,1
587.747,13
587.854,0
587.962,0
588.07,0
588.178,10
588.285,0
588.393,0
588.501,20
588.608,0
588.716,18
588.824,33
588.932,2
589.039,0
589.147,0
589.255,0
589.362,0
589.47,35
589.578,8
589.686,4
589.793,0
589.901,0
590.009,8
590.116,33
590.224,0
590.332,7
590.439,34
590.547,8
590.655,17
590.763,0
590.87,40
590.978,23
591.086,0
591.193,0
591.301,0
591.409,9
591.516,0
591.624,0
591.732,8
591.84,6
591.947,3
592.055,0
592.163,0
592.27,0
592.378,0
592.486,14
592.593,29
592.701,26
592.809,9
592.917,2
593.024,0
593.132,0
593.24,9
593.347,0
593.455,0
593.563,25
593.67,0
593.778,2
593.886,0
593.994,5
594.101,9
594.209,0
594.317,0
594.424,0
594.532,6
594.64,9
594.747,0
594.855,9
594.963,9
595.071,14
595.178,12
595.286,3
595.394,7
595.501,6
595.609,15
595.717,15
595.824,0
595.932,6
596.04,0
596.147,0
596.255,12
596.363,17
596.471,20
596.578,0
596.686,17
596.794,35
596.901,0
597.009,9
597.117,2
597.224,0
597.332,7
597.44,28
597.547,23
597.655,0
597.763,0
597.87,4
597.978,12
598.086,0
598.194,0
598.301,0
598.409,6
598.517,0
598.624,0
598.732,11
598.84,0
598.947,5
599.055,19
599.163,0
599.27,0
599.378,0
599.486,0
599.593,26
599.701,0
599.809,0
