39.5139,0
39.7161,32
39.918,34
40.1196,0
40.3209,0
40.5218,0
40.7224,1
40.9227,0
41.1227,0
41.3224,0
41.5217,23
41.7208,24
41.9195,0
42.1179,22
42.316,8
42.5138,32
42.7113,0
42.9084,11
43.1053,0
43.3019,0
43.4982,0
43.6941,17
43.8898,0
44.0852,11
44.2803,0
44.4751,0
44.6696,7
44.8638,25
45.0577,24
45.2514,18
45.4447,29
45.6378,0
45.8306,0
46.0231,14
46.2153,0
46.4072,0
46.5989,6
46.7903,27
46.9814,6
47.1722,9
47.3628,15
47.5531,0
47.7431,0
47.9329,0
48.1223,30
48.3116,15
48.5005,7
48.6892,0
48.8776,14
49.0658,14
49.2537,9
49.4414,0
49.6288,26
49.8159,0
50.0028,0
50.1894,0
50.3757,6
50.5619,18
50.7477,0
50.9333,0
51.1187,6
51.3038,19
51.4887,0
51.6733,0
51.8577,0
52.0418,0
52.2257,16
52.4094,21
52.5928,0
52.7759,0
52.9589,19
53.1416,0
53.324,0
53.5062,0
53.6882,16
53.87,13
54.0515,12
54.2328,7
54.4138,0
54.5947,0
54.7753,0
54.9556,0
55.1358,19
55.3157,8
55.4954,0
55.6748,0
55.8541,15
56.0331,0
56.2119,1
56.3905,10
56.5688,0
56.747,0
56.9249,38
57.1026,22
57.2801,2
57.4574,0
57.6344,18
57.8113,19
57.9879,23
58.1643,7
58.3406,7
58.5166,0
58.6923,25
58.8679,59
59.0433,0
59.2185,0
59.3934,20
59.5682,10
59.7427,23
59.9171,2
60.0912,0
60.2652,10
60.4389,7
60.6125,0
60.7858,8
60.9589,12
61.1319,26
61.3046,20
61.4772,7
61.6495,0
61.8217,0
61.9936,35
62.1654,7
62.337,12
62.5084,0
62.6795,8
62.8505,0
63.0213,0
63.192,0
63.3624,0
63.5326,22
63.7027,2
63.8725,2
64.0422,29
64.2117,2
64.381,0
64.5502,12
64.7191,4
64.8878,0
65.0564,0
65.2248,0
65.393,14
65.5611,18
65.7289,21
65.8966,2
66.0641,5
66.2314,5
66.3985,6
66.5655,0
66.7323,13
66.8989,0
67.0653,0
67.2316,0
67.3977,9
67.5636,4
67.7293,0
67.8949,30
68.0603,0
68.2255,4
68.3906,18
68.5554,0
68.7202,3
68.8847,32
69.0491,0
69.2133,7
69.3774,0
69.5412,0
69.705,0
69.8685,26
70.0319,7
70.1951,3
70.3582,0
70.5211,15
70.6838,10
70.8464,0
71.0088,1
71.171,0
71.3331,28
71.4951,8
71.6568,0
71.8185,32
71.9799,14
72.1412,1
72.3023,3
72.4633,0
72.6242,0
72.7848,17
72.9453,14
73.1057,6
73.2659,1
73.426,7
73.5859,8
73.7456,8
73.9052,0
74.0647,0
74.224,0
74.3831,11
74.5421,0
74.7009,0
74.8596,0
75.0182,0
75.1766,0
75.3348,15
75.4929,12
75.6509,8
75.8087,0
75.9664,25
76.1239,0
76.2813,20
76.4385,16
76.5956,30
76.7525,5
76.9093,0
77.066,10
77.2225,9
77.3788,0
77.5351,0
77.6911,0
77.8471,5
78.0029,0
78.1586,0
78.3141,0
78.4695,8
78.6247,13
78.7798,12
78.9348,10
79.0896,6
79.2443,24
79.3989,26
79.5533,8
79.7076,3
79.8618,11
80.0158,0
80.1697,16
80.3234,2
80.477,0
80.6305,0
80.7838,5
80.9371,0
81.0901,0
81.2431,16
81.3959,22
81.5486,44
81.7012,28
81.8536,10
82.0059,0
82.1581,0
82.3101,22
82.462,1
82.6138,0
82.7654,2
82.917,8
83.0684,8
83.2196,30
83.3708,4
83.5218,0
83.6727,21
83.8234,0
83.9741,5
84.1246,5
84.275,0
84.4253,0
84.5754,0
84.7254,17
84.8753,0
85.0251,0
85.1747,0
85.3243,0
85.4737,0
85.623,0
85.7721,0
85.9212,9
86.0701,4
86.2189,10
86.3676,10
86.5161,22
86.6646,5
86.8129,0
86.9611,13
87.1092,0
87.2572,0
87.405,9
87.5527,0
87.7004,0
87.8479,0
87.9952,1
88.1425,4
88.2897,0
88.4367,9
88.5836,28
88.7304,5
88.8771,0
89.0237,4
89.1701,0
89.3165,0
89.4627,0
89.6089,0
89.7549,26
89.9008,14
90.0465,0
90.1922,0
90.3378,0
90.4832,49
90.6286,24
90.7738,0
90.9189,0
91.0639,12
91.2088,5
91.3536,0
91.4983,32
91.6429,0
91.7873,25
91.9317,1
92.0759,3
92.2201,0
92.3641,0
92.508,25
92.6518,11
92.7955,0
92.9391,7
93.0826,6
93.226,0
93.3693,0
93.5125,0
93.6555,1
93.7985,13
93.9414,0
94.0841,0
94.2268,33
94.3693,0
94.5118,20
94.6541,20
94.7964,0
94.9385,0
95.0805,7
95.2225,20
95.3643,0
95.506,19
95.6476,0
95.7892,19
95.9306,17
96.0719,0
96.2131,19
96.3543,10
96.4953,6
96.6362,1
96.777,0
96.9177,5
97.0584,21
97.1989,21
97.3393,8
97.4796,3
97.6199,29
97.76,0
97.9,0
98.04,28
98.1798,4
98.3195,19
98.4592,0
98.5987,4
98.7382,7
98.8775,16
99.0168,0
99.1559,20
99.295,29
99.434,0
99.5729,7
99.7116,0
99.8503,0
99.9889,0
100.127,0
100.266,17
100.404,0
100.542,12
100.68,7
100.818,0
100.956,0
101.094,45
101.232,0
101.37,0
101.507,22
101.645,20
101.782,0
101.919,11
102.057,0
102.194,0
102.331,0
102.468,4
102.605,18
102.741,0
102.878,3
103.014,19
103.151,10
103.287,0
103.424,22
103.56,8
103.696,17
103.832,0
103.968,29
104.104,0
104.24,0
104.375,0
104.511,33
104.646,2
104.782,0
104.917,0
105.052,0
105.188,3
105.323,9
105.458,23
105.592,0
105.727,3
105.862,20
105.997,4
106.131,0
106.266,0
106.4,14
106.534,16
106.669,0
106.803,0
106.937,14
107.071,29
107.205,7
107.338,0
107.472,0
107.606,11
107.739,15
107.873,0
108.006,13
108.139,4
108.273,8
108.406,7
108.539,0
108.672,0
108.805,0
108.938,2
109.07,14
109.203,14
109.336,0
109.468,35
109.6,8
109.733,6
109.865,0
109.997,0
110.129,0
110.261,0
110.393,1
110.525,0
110.657,33
110.788,0
110.92,1
111.052,0
111.183,0
111.314,0
111.446,0
111.577,18
111.708,0
111.839,0
111.97,0
112.101,0
112.232,32
112.363,0
112.493,20
112.624,0
112.754,0
112.885,2
113.015,7
113.145,0
113.276,15
113.406,43
113.536,0
113.666,25
113.796,6
113.926,20
114.055,0
114.185,12
114.315,0
114.444,0
114.574,0
114.703,10
114.832,4
114.962,0
115.091,18
115.22,13
115.349,0
115.478,22
115.607,21
115.735,0
115.864,0
115.993,11
116.121,13
116.25,0
116.378,0
116.507,5
116.635,6
116.763,37
116.891,4
117.019,7
117.147,0
117.275,16
117.403,0
117.531,0
117.659,46
117.786,24
117.914,0
118.041,0
118.169,4
118.296,25
118.423,8
118.551,0
118.678,11
118.805,25
118.932,13
119.059,0
119.186,0
119.312,14
119.439,0
119.566,0
119.692,7
119.819,0
119.945,26
120.072,6
120.198,0
120.324,0
120.451,0
120.577,8
120.703,24
120.829,0
120.955,0
121.08,11
121.206,16
121.332,0
121.458,17
121.583,0
121.709,18
121.834,13
121.959,2
122.085,21
122.21,1
122.335,7
122.46,3
122.585,5
122.71,0
122.835,4
122.96,0
123.085,2
123.209,24
123.334,16
123.459,0
123.583,0
123.708,8
123.832,0
123.956,0
124.081,11
124.205,0
124.329,0
124.453,0
124.577,6
124.701,2
124.825,8
124.949,23
125.072,0
125.196,0
125.32,4
125.443,6
125.567,0
125.69,0
125.814,13
125.937,0
126.06,0
126.183,27
126.306,16
126.429,0
126.552,15
126.675,13
126.798,30
126.921,19
127.044,11
127.166,30
127.289,4
127.412,0
127.534,0
127.657,1
127.779,0
127.901,0
128.023,4
128.146,18
128.268,0
128.39,1
128.512,7
128.634,0
128.756,16
128.878,28
128.999,26
129.121,0
129.243,0
129.364,5
129.486,10
129.607,4
129.729,10
129.85,0
129.971,0
130.092,16
130.214,62
130.335,0
130.456,0
130.577,6
130.698,0
130.819,0
130.939,0
131.06,0
131.181,0
131.302,0
131.422,20
131.543,14
131.663,0
131.784,6
131.904,20
132.024,0
132.144,24
132.265,8
132.385,15
132.505,0
132.625,18
132.745,22
132.865,8
132.985,0
133.104,2
133.224,2
133.344,0
133.463,0
133.583,10
133.702,28
133.822,0
133.941,30
134.061,6
134.18,0
134.299,0
134.418,17
134.537,0
134.656,8
134.775,0
134.894,0
135.013,12
135.132,8
135.251,16
135.369,2
135.488,17
135.607,8
135.725,25
135.844,8
135.962,0
136.081,0
136.199,27
136.317,20
136.436,16
136.554,2
136.672,11
136.79,4
136.908,0
137.026,0
137.144,0
137.262,0
137.379,16
137.497,0
137.615,7
137.733,0
137.85,0
137.968,14
138.085,10
138.203,0
138.32,20
138.437,0
138.555,4
138.672,9
138.789,0
138.906,0
139.023,0
139.14,7
139.257,4
139.374,0
139.491,13
139.608,3
139.724,0
139.841,0
139.958,0
140.074,0
140.191,0
140.307,0
140.424,0
140.54,0
140.657,2
140.773,33
140.889,0
141.005,0
141.121,0
141.237,0
141.353,0
141.469,18
141.585,6
141.701,0
141.817,0
141.933,33
142.049,49
142.164,0
142.28,0
142.396,0
142.511,0
142.627,5
142.742,18
142.857,0
142.973,0
143.088,5
143.203,4
143.318,7
143.434,2
143.549,0
143.664,26
143.779,17
143.894,0
144.008,0
144.123,0
144.238,0
144.353,0
144.468,0
144.582,16
144.697,0
144.811,26
144.926,0
145.04,0
145.155,21
145.269,18
145.383,8
145.498,0
145.612,0
145.726,13
145.84,0
145.954,2
146.068,2
146.182,11
146.296,14
146.41,8
146.524,0
146.638,0
146.751,8
146.865,26
146.979,0
147.092,0
147.206,21
147.319,0
147.433,0
147.546,10
147.66,30
147.773,21
147.886,19
148,0
148.113,0
148.226,29
148.339,0
148.452,17
148.565,5
148.678,27
148.791,0
148.904,13
149.016,0
149.129,15
149.242,0
149.355,7
149.467,13
149.58,6
149.692,15
149.805,0
149.917,17
150.03,37
150.142,0
150.254,0
150.367,10
150.479,4
150.591,0
150.703,3
150.815,1
150.927,2
151.039,0
151.151,0
151.263,0
151.375,0
151.487,32
151.599,2
151.711,15
151.822,0
151.934,2
152.045,9
152.157,0
152.269,17
152.38,0
152.491,0
152.603,2
152.714,0
152.825,0
152.937,25
153.048,0
153.159,0
153.27,43
153.381,61
153.492,3
153.603,0
153.714,26
153.825,0
153.936,19
154.047,0
154.158,13
154.268,26
154.379,2
154.49,0
154.6,55
154.711,57
154.822,24
154.932,0
155.042,8
155.153,13
155.263,36
155.374,0
155.484,0
155.594,2
155.704,1
155.814,8
155.924,5
156.035,7
156.145,0
156.255,6
156.364,3
156.474,0
156.584,12
156.694,0
156.804,12
156.914,0
157.023,0
157.133,36
157.243,32
157.352,0
157.462,34
157.571,7
157.681,11
157.79,0
157.899,5
158.009,38
158.118,0
158.227,2
158.336,0
158.446,19
158.555,11
158.664,9
158.773,0
158.882,8
158.991,0
159.1,6
159.209,17
159.317,15
159.426,21
159.535,11
159.644,25
159.752,0
159.861,0
159.97,7
160.078,30
160.187,0
160.295,0
160.404,1
160.512,15
160.62,0
160.729,3
160.837,20
160.945,0
161.053,10
161.162,25
161.27,77
161.378,26
161.486,34
161.594,10
161.702,8
161.81,16
161.918,14
162.026,0
162.133,0
162.241,0
162.349,0
162.457,0
162.564,9
162.672,14
162.779,0
162.887,28
162.994,19
163.102,0
163.209,6
163.317,0
163.424,39
163.531,31
163.639,8
163.746,0
163.853,0
163.96,0
164.067,0
164.175,40
164.282,26
164.389,1
164.496,0
164.603,18
164.709,8
164.816,0
164.923,39
165.03,35
165.137,15
165.243,0
165.35,8
165.457,28
165.563,8
165.67,0
165.776,11
165.883,16
165.989,6
166.096,1
166.202,0
166.309,13
166.415,10
166.521,0
166.627,13
166.734,42
166.84,5
166.946,0
167.052,9
167.158,0
167.264,0
167.37,0
167.476,11
167.582,21
167.688,0
167.794,0
167.899,4
168.005,0
168.111,0
168.217,15
168.322,19
168.428,0
168.533,18
168.639,10
168.745,0
168.85,20
168.955,23
169.061,13
169.166,0
169.272,4
169.377,0
169.482,7
169.587,26
169.693,0
169.798,30
169.903,26
170.008,0
170.113,29
170.218,24
170.323,1
170.428,0
170.533,14
170.638,25
170.743,21
170.847,5
170.952,13
171.057,19
171.162,30
171.266,73
171.371,41
171.476,22
171.58,17
171.685,10
171.789,14
171.894,1
171.998,9
172.102,16
172.207,11
172.311,9
172.415,0
172.52,0
172.624,13
172.728,10
172.832,0
172.936,0
173.04,21
173.145,5
173.249,0
173.353,0
173.457,5
173.56,0
173.664,36
173.768,12
173.872,0
173.976,13
174.08,0
174.183,0
174.287,5
174.391,32
174.494,0
174.598,0
174.701,65
174.805,29
174.908,0
175.012,0
175.115,17
175.219,0
175.322,0
175.425,0
175.529,0
175.632,0
175.735,10
175.838,14
175.941,0
176.045,19
176.148,31
176.251,54
176.354,54
176.457,30
176.56,2
176.663,0
176.766,18
176.868,25
176.971,0
177.074,25
177.177,0
177.28,0
177.382,0
177.485,9
177.588,0
177.69,5
177.793,32
177.895,102
177.998,55
178.1,31
178.203,0
178.305,0
178.408,43
178.51,15
178.612,0
178.714,0
178.817,0
178.919,27
179.021,1
179.123,0
179.225,18
179.328,0
179.43,14
179.532,24
179.634,4
179.736,0
179.838,18
179.939,4
180.041,0
180.143,0
180.245,0
180.347,0
180.449,18
180.55,15
180.652,20
180.754,0
180.855,0
180.957,0
181.058,6
181.16,6
181.262,8
181.363,9
181.464,0
181.566,2
181.667,4
181.769,5
181.87,1
181.971,8
182.072,0
182.174,0
182.275,0
182.376,20
182.477,9
182.578,0
182.679,0
182.78,11
182.881,0
182.982,0
183.083,43
183.184,0
183.285,0
183.386,13
183.487,6
183.588,3
183.689,4
183.789,28
183.89,17
183.991,24
184.091,34
184.192,42
184.293,10
184.393,0
184.494,0
184.594,0
184.695,0
184.795,0
184.896,23
184.996,24
185.096,34
185.197,7
185.297,0
185.397,0
185.498,17
185.598,17
185.698,8
185.798,2
185.898,0
185.998,6
186.098,6
186.198,0
186.298,0
186.398,36
186.498,10
186.598,0
186.698,23
186.798,21
186.898,0
186.998,0
187.098,24
187.197,29
187.297,5
187.397,0
187.496,0
187.596,0
187.696,10
187.795,16
187.895,10
187.994,13
188.094,3
188.193,5
188.293,0
188.392,24
188.491,16
188.591,7
188.69,21
188.789,20
188.889,14
188.988,0
189.087,4
189.186,0
189.285,15
189.385,26
189.484,4
189.583,1
189.682,33
189.781,3
189.88,0
189.979,4
190.078,0
190.177,27
190.276,9
190.374,10
190.473,11
190.572,14
190.671,65
190.769,155
190.868,91
190.967,36
191.066,0
191.164,0
191.263,15
191.361,27
191.46,0
191.558,24
191.657,13
191.755,10
191.854,7
191.952,17
192.051,0
192.149,0
192.247,0
192.346,7
192.444,16
192.542,0
192.64,16
192.738,10
192.837,11
192.935,9
193.033,11
193.131,18
193.229,4
193.327,16
193.425,0
193.523,17
193.621,5
193.719,11
193.817,2
193.915,0
194.012,6
194.11,17
194.208,2
194.306,8
194.404,0
194.501,6
194.599,0
194.697,0
194.794,24
194.892,15
194.989,0
195.087,0
195.185,0
195.282,11
195.379,37
195.477,0
195.574,0
195.672,27
195.769,3
195.866,0
195.964,0
196.061,7
196.158,0
196.256,0
196.353,5
196.45,0
196.547,11
196.644,0
196.741,0
196.838,16
196.935,0
197.032,6
197.129,6
197.226,15
197.323,0
197.42,0
197.517,6
197.614,30
197.711,11
197.808,0
197.905,12
198.001,16
198.098,24
198.195,43
198.292,8
198.388,0
198.485,0
198.581,17
198.678,5
198.775,0
198.871,2
198.968,32
199.064,9
199.161,35
199.257,0
199.353,0
199.45,24
199.546,0
199.643,0
199.739,0
199.835,0
199.931,0
200.028,44
200.124,51
200.22,27
200.316,0
200.412,34
200.509,13
200.605,1
200.701,2
200.797,0
200.893,24
200.989,0
201.085,0
201.181,0
201.277,0
201.372,0
201.468,0
201.564,0
201.66,46
201.756,0
201.852,0
201.947,3
202.043,0
202.139,20
202.234,0
202.33,11
202.426,0
202.521,0
202.617,27
202.712,4
202.808,8
202.903,0
202.999,10
203.094,29
203.19,0
203.285,0
203.381,12
203.476,14
203.571,0
203.667,7
203.762,0
203.857,0
203.952,11
204.048,38
204.143,41
204.238,7
204.333,0
204.428,38
204.523,55
204.618,0
204.713,0
204.808,15
204.903,22
204.998,0
205.093,3
205.188,10
205.283,0
205.378,12
205.473,17
205.568,0
205.663,0
205.757,14
205.852,6
205.947,11
206.042,16
206.136,0
206.231,15
206.326,4
206.42,0
206.515,8
206.609,0
206.704,4
206.798,0
206.893,0
206.987,10
207.082,0
207.176,9
207.271,30
207.365,6
207.459,6
207.554,0
207.648,21
207.742,14
207.837,6
207.931,0
208.025,0
208.119,18
208.214,1
208.308,0
208.402,8
208.496,25
208.59,24
208.684,2
208.778,2
208.872,11
208.966,38
209.06,13
209.154,14
209.248,0
209.342,0
209.436,2
209.53,12
209.624,0
209.717,0
209.811,30
209.905,0
209.999,1
210.092,6
210.186,17
210.28,14
210.374,0
210.467,19
210.561,39
210.654,3
210.748,7
210.842,0
210.935,15
211.029,21
211.122,0
211.215,11
211.309,33
211.402,2
211.496,9
211.589,0
211.682,0
211.776,0
211.869,12
211.962,24
212.056,12
212.149,0
212.242,12
212.335,0
212.428,17
212.522,209
212.615,152
212.708,80
212.801,0
212.894,0
212.987,0
213.08,4
213.173,25
213.266,17
213.359,4
213.452,8
213.545,11
213.638,0
213.731,0
213.823,44
213.916,8
214.009,0
214.102,0
214.195,10
214.287,8
214.38,17
214.473,4
214.565,6
214.658,36
214.751,19
214.843,9
214.936,0
215.028,23
215.121,0
215.214,0
215.306,0
215.399,7
215.491,46
215.583,0
215.676,3
215.768,36
215.861,24
215.953,0
216.045,24
216.138,12
216.23,32
216.322,9
216.414,17
216.507,18
216.599,0
216.691,13
216.783,0
216.875,15
216.968,35
217.06,3
217.152,0
217.244,0
217.336,5
217.428,0
217.52,0
217.612,26
217.704,22
217.796,0
217.888,8
217.98,18
218.071,0
218.163,0
218.255,23
218.347,30
218.439,8
218.53,15
218.622,17
218.714,0
218.806,0
218.897,34
218.989,22
219.081,0
219.172,0
219.264,0
219.355,1
219.447,10
219.539,9
219.63,9
219.722,13
219.813,33
219.905,0
219.996,6
220.087,14
220.179,0
220.27,0
220.362,9
220.453,5
220.544,17
220.636,0
220.727,2
220.818,0
220.909,0
221.001,13
221.092,0
221.183,5
221.274,8
221.365,0
221.456,33
221.547,21
221.638,18
221.73,2
221.821,0
221.912,24
222.003,0
222.094,0
222.185,15
222.276,3
222.366,6
222.457,0
222.548,1
222.639,29
222.73,0
222.821,5
222.912,0
223.002,0
223.093,26
223.184,8
223.275,2
223.365,0
223.456,0
223.547,8
223.637,87
223.728,139
223.818,67
223.909,0
224,0
224.09,0
224.181,8
224.271,0
224.362,0
224.452,2
224.543,5
224.633,2
224.723,11
224.814,0
224.904,0
224.995,0
225.085,2
225.175,2
225.266,0
225.356,0
225.446,0
225.536,10
225.627,2
225.717,6
225.807,0
225.897,0
225.987,35
226.077,8
226.167,3
226.258,24
226.348,8
226.438,1
226.528,0
226.618,1
226.708,0
226.798,18
226.888,0
226.978,6
227.067,14
227.157,20
227.247,8
227.337,0
227.427,0
227.517,9
227.607,8
227.696,0
227.786,15
227.876,29
227.966,0
228.055,0
228.145,0
228.235,23
228.324,9
228.414,8
228.504,7
228.593,3
228.683,20
228.772,0
228.862,0
228.951,5
229.041,28
229.13,9
229.22,0
229.309,11
229.399,8
229.488,0
229.577,0
229.667,4
229.756,7
229.845,0
229.935,0
230.024,25
230.113,13
230.203,11
230.292,20
230.381,13
230.47,6
230.559,8
230.649,5
230.738,15
230.827,24
230.916,10
231.005,0
231.094,0
231.183,13
231.272,13
231.361,26
231.45,11
231.539,0
231.628,21
231.717,21
231.806,0
231.895,0
231.984,19
232.073,35
232.162,18
232.251,0
232.339,0
232.428,5
232.517,16
232.606,7
232.695,10
232.783,16
232.872,7
232.961,1
233.049,29
233.138,0
233.227,13
233.315,5
233.404,12
233.493,0
233.581,5
233.67,29
233.758,0
233.847,0
233.935,2
234.024,3
234.112,0
234.201,0
234.289,18
234.378,16
234.466,0
234.554,21
234.643,5
234.731,0
234.819,1
234.908,0
234.996,0
235.084,13
235.172,0
235.261,0
235.349,4
235.437,10
235.525,34
235.613,8
235.702,3
235.79,12
235.878,1
235.966,18
236.054,0
236.142,0
236.23,8
236.318,10
236.406,13
236.494,0
236.582,17
236.67,0
236.758,7
236.846,24
236.934,0
237.022,0
237.11,0
237.198,27
237.285,1
237.373,0
237.461,0
237.549,7
237.637,12
237.724,4
237.812,0
237.9,26
237.988,4
238.075,9
238.163,20
238.251,7
238.338,9
238.426,0
238.513,0
238.601,0
238.689,8
238.776,1
238.864,0
238.951,12
239.039,2
239.126,0
239.214,4
239.301,3
239.389,4
239.476,0
239.563,24
239.651,0
239.738,8
239.826,0
239.913,10
240,1
240.087,0
240.175,8
240.262,0
240.349,0
240.437,6
240.524,34
240.611,6
240.698,0
240.785,32
240.872,16
240.96,0
241.047,0
241.134,0
241.221,0
241.308,0
241.395,0
241.482,10
241.569,0
241.656,14
241.743,13
241.83,2
241.917,0
242.004,16
242.091,15
242.178,13
242.265,0
242.352,0
242.438,16
242.525,0
242.612,10
242.699,0
242.786,0
242.872,33
242.959,7
243.046,0
243.133,0
243.219,12
243.306,27
243.393,20
243.479,0
243.566,0
243.653,0
243.739,11
243.826,0
243.912,0
243.999,11
244.086,2
244.172,0
244.259,1
244.345,0
244.432,10
244.518,10
244.605,0
244.691,27
244.777,8
244.864,21
244.95,0
245.037,1
245.123,5
245.209,0
245.296,8
245.382,11
245.468,0
245.554,3
245.641,6
245.727,15
245.813,16
245.899,3
245.986,24
246.072,0
246.158,19
246.244,35
246.33,0
246.416,8
246.502,16
246.589,0
246.675,0
246.761,2
246.847,14
246.933,26
247.019,17
247.105,0
247.191,20
247.277,17
247.363,0
247.449,8
247.534,28
247.62,0
247.706,4
247.792,2
247.878,6
247.964,0
248.05,0
248.135,0
248.221,8
248.307,0
248.393,0
248.479,8
248.564,9
248.65,0
248.736,0
248.821,22
248.907,9
248.993,3
249.078,23
249.164,0
249.25,0
249.335,0
249.421,19
249.506,15
249.592,3
249.677,5
249.763,0
249.848,32
249.934,0
250.019,4
250.105,11
250.19,0
250.276,0
250.361,0
250.446,0
250.532,14
250.617,13
250.703,18
250.788,3
250.873,17
250.959,8
251.044,22
251.129,0
251.214,3
251.3,18
251.385,6
251.47,26
251.555,1
251.64,0
251.726,0
251.811,28
251.896,2
251.981,0
252.066,31
252.151,0
252.236,0
252.321,0
252.406,14
252.491,15
252.576,11
252.661,0
252.746,0
252.831,0
252.916,8
253.001,5
253.086,0
253.171,4
253.256,18
253.341,0
253.426,0
253.511,0
253.596,0
253.68,0
253.765,4
253.85,0
253.935,0
254.02,2
254.104,0
254.189,4
254.274,0
254.358,0
254.443,6
254.528,0
254.613,0
254.697,0
254.782,0
254.866,0
254.951,0
255.036,0
255.12,16
255.205,1
255.289,0
255.374,7
255.458,15
255.543,2
255.627,4
255.712,12
255.796,0
255.881,16
255.965,11
256.05,0
256.134,0
256.218,0
256.303,8
256.387,0
256.472,25
256.556,21
256.64,21
256.724,9
256.809,0
256.893,14
256.977,0
257.062,0
257.146,0
257.23,0
257.314,0
257.398,0
257.483,18
257.567,33
257.651,0
257.735,4
257.819,0
257.903,46
257.987,31
258.071,0
258.156,0
258.24,0
258.324,0
258.408,4
258.492,0
258.576,17
258.66,117
258.744,61
258.828,9
258.911,0
258.995,0
259.079,0
259.163,7
259.247,21
259.331,0
259.415,11
259.499,10
259.582,0
259.666,8
259.75,5
259.834,0
259.918,0
260.001,0
260.085,0
260.169,10
260.253,42
260.336,2
260.42,1
260.504,4
260.587,0
260.671,14
260.755,0
260.838,0
260.922,0
261.005,0
261.089,17
261.173,0
261.256,0
261.34,20
261.423,25
261.507,26
261.59,0
261.674,0
261.757,0
261.841,6
261.924,0
262.007,6
262.091,9
262.174,0
262.258,22
262.341,0
262.424,0
262.508,0
262.591,21
262.674,34
262.758,0
262.841,0
262.924,5
263.008,8
263.091,0
263.174,0
263.257,1
263.34,0
263.424,0
263.507,0
263.59,0
263.673,0
263.756,0
263.839,24
263.923,86
264.006,87
264.089,32
264.172,0
264.255,14
264.338,13
264.421,0
264.504,0
264.587,14
264.67,0
264.753,0
264.836,15
264.919,16
265.002,1
265.085,7
265.168,0
265.251,0
265.333,5
265.416,22
265.499,14
265.582,0
265.665,20
265.748,0
265.831,7
265.913,0
265.996,0
266.079,0
266.162,0
266.244,17
266.327,19
266.41,0
266.493,4
266.575,0
266.658,31
266.741,8
266.823,0
266.906,0
266.989,1
267.071,10
267.154,6
267.236,0
267.319,18
267.402,0
267.484,1
267.567,7
267.649,9
267.732,6
267.814,10
267.897,7
267.979,0
268.062,19
268.144,5
268.226,14
268.309,0
268.391,9
268.474,6
268.556,0
268.638,14
268.721,19
268.803,0
268.885,0
268.968,2
269.05,2
269.132,0
269.215,5
269.297,0
269.379,38
269.461,12
269.544,33
269.626,0
269.708,0
269.79,0
269.872,0
269.955,6
270.037,0
270.119,32
270.201,50
270.283,44
270.365,0
270.447,0
270.529,0
270.611,0
270.694,0
270.776,15
270.858,1
270.94,0
271.022,20
271.104,2
271.186,18
271.268,0
271.349,1
271.431,22
271.513,4
271.595,13
271.677,19
271.759,0
271.841,4
271.923,11
272.005,0
272.086,19
272.168,20
272.25,16
272.332,8
272.414,11
272.495,0
272.577,27
272.659,15
272.741,0
272.822,3
272.904,36
272.986,4
273.068,14
273.149,0
273.231,18
273.313,0
273.394,1
273.476,4
273.557,0
273.639,2
273.721,6
273.802,9
273.884,8
273.965,0
274.047,18
274.128,16
274.21,2
274.291,0
274.373,0
274.454,7
274.536,32
274.617,2
274.699,0
274.78,0
274.862,0
274.943,22
275.024,4
275.106,8
275.187,28
275.269,0
275.35,2
275.431,8
275.513,16
275.594,0
275.675,0
275.756,22
275.838,10
275.919,11
276,10
276.082,13
276.163,0
276.244,6
276.325,3
276.406,15
276.488,9
276.569,20
276.65,25
276.731,0
276.812,0
276.893,0
276.974,6
277.055,7
277.137,0
277.218,0
277.299,0
277.38,0
277.461,0
277.542,1
277.623,0
277.704,3
277.785,10
277.866,2
277.947,0
278.028,0
278.109,14
278.19,2
278.27,0
278.351,11
278.432,0
278.513,1
278.594,0
278.675,0
278.756,0
278.837,26
278.917,21
278.998,7
279.079,10
279.16,9
279.241,9
279.321,0
279.402,0
279.483,0
279.564,0
279.644,0
279.725,4
279.806,0
279.886,21
279.967,0
280.048,0
280.128,13
280.209,0
280.29,6
280.37,0
280.451,11
280.531,0
280.612,0
280.693,0
280.773,9
280.854,6
280.934,0
281.015,0
281.095,0
281.176,0
281.256,4
281.337,0
281.417,35
281.498,11
281.578,0
281.659,0
281.739,0
281.819,0
281.9,0
281.98,0
282.061,0
282.141,0
282.221,0
282.302,0
282.382,0
282.462,0
282.543,43
282.623,27
282.703,0
282.783,0
282.864,17
282.944,7
283.024,0
283.104,0
283.185,15
283.265,14
283.345,10
283.425,24
283.505,24
283.585,18
283.666,2
283.746,0
283.826,6
283.906,0
283.986,0
284.066,16
284.146,13
284.226,3
284.306,0
284.386,0
284.466,0
284.546,23
284.626,0
284.706,0
284.786,1
284.866,17
284.946,0
285.026,6
285.106,13
285.186,0
285.266,0
285.346,0
285.426,11
285.506,0
285.586,0
285.666,12
285.745,10
285.825,18
285.905,0
285.985,7
286.065,0
286.145,0
286.224,7
286.304,0
286.384,0
286.464,26
286.543,0
286.623,0
286.703,0
286.783,0
286.862,0
286.942,0
287.022,16
287.101,13
287.181,0
287.261,7
287.34,12
287.42,0
287.5,30
287.579,0
287.659,0
287.738,28
287.818,0
287.897,7
287.977,0
288.057,23
288.136,0
288.216,0
288.295,24
288.375,9
288.454,13
288.534,4
288.613,10
288.692,0
288.772,6
288.851,0
288.931,85
289.01,86
289.09,56
289.169,12
289.248,0
289.328,0
289.407,0
289.486,19
289.566,0
289.645,0
289.724,11
289.804,31
289.883,18
289.962,0
290.042,0
290.121,14
290.2,0
290.279,0
290.359,4
290.438,0
290.517,19
290.596,10
290.675,28
290.755,8
290.834,7
290.913,0
290.992,0
291.071,8
291.15,27
291.229,5
291.308,6
291.388,12
291.467,0
291.546,0
291.625,12
291.704,36
291.783,0
291.862,26
291.941,0
292.02,16
292.099,0
292.178,0
292.257,5
292.336,0
292.415,13
292.494,2
292.573,0
292.652,10
292.73,14
292.809,0
292.888,0
292.967,0
293.046,0
293.125,19
293.204,0
293.283,9
293.361,9
293.44,0
293.519,21
293.598,29
293.677,0
293.755,0
293.834,13
293.913,0
293.992,0
294.07,0
294.149,13
294.228,10
294.307,6
294.385,4
294.464,19
294.543,8
294.621,2
294.7,0
294.779,8
294.857,30
294.936,3
295.014,6
295.093,8
295.172,6
295.25,8
295.329,0
295.407,0
295.486,0
295.564,20
295.643,18
295.722,0
295.8,0
295.879,34
295.957,17
296.036,16
296.114,2
296.192,0
296.271,19
296.349,9
296.428,0
296.506,10
296.585,0
296.663,0
296.741,12
296.82,19
296.898,6
296.977,2
297.055,0
297.133,0
297.212,18
297.29,0
297.368,0
297.446,1
297.525,2
297.603,0
297.681,13
297.76,0
297.838,0
297.916,32
297.994,0
298.073,0
298.151,10
298.229,0
298.307,0
298.385,22
298.463,10
298.542,26
298.62,8
298.698,0
298.776,0
298.854,0
298.932,0
299.01,0
299.088,0
299.167,15
299.245,2
299.323,0
299.401,23
299.479,30
299.557,0
299.635,25
299.713,3
299.791,0
299.869,0
299.947,10
300.025,0
300.103,0
300.181,12
300.259,0
300.337,0
300.415,1
300.492,10
300.57,7
300.648,17
300.726,0
300.804,25
300.882,17
300.96,0
301.038,0
301.115,8
301.193,14
301.271,1
301.349,0
301.427,11
301.504,0
301.582,21
301.66,16
301.738,0
301.816,15
301.893,0
301.971,8
302.049,0
302.126,12
302.204,0
302.282,0
302.36,0
302.437,0
302.515,0
302.593,0
302.67,0
302.748,12
302.825,28
302.903,26
302.981,0
303.058,0
303.136,23
303.213,0
303.291,0
303.369,0
303.446,5
303.524,3
303.601,0
303.679,16
303.756,50
303.834,37
303.911,0
303.989,0
304.066,18
304.144,41
304.221,0
304.299,0
304.376,15
304.453,24
304.531,27
304.608,0
304.686,0
304.763,0
304.84,1
304.918,0
304.995,15
305.072,0
305.15,8
305.227,8
305.304,36
305.382,15
305.459,0
305.536,0
305.614,30
305.691,6
305.768,0
305.845,0
305.923,0
306,0
306.077,0
306.154,24
306.232,5
306.309,12
306.386,0
306.463,4
306.54,8
306.618,7
306.695,9
306.772,5
306.849,24
306.926,0
307.003,0
307.08,15
307.157,0
307.234,22
307.312,0
307.389,18
307.466,27
307.543,21
307.62,0
307.697,6
307.774,0
307.851,0
307.928,4
308.005,2
308.082,0
308.159,0
308.236,0
308.313,0
308.39,0
308.467,36
308.544,0
308.621,4
308.697,0
308.774,21
308.851,16
308.928,7
309.005,16
309.082,0
309.159,0
309.236,0
309.312,0
309.389,0
309.466,12
309.543,0
309.62,0
309.697,5
309.773,22
309.85,0
309.927,31
310.004,10
310.08,0
310.157,0
310.234,0
310.311,0
310.387,0
310.464,0
310.541,38
310.617,17
310.694,26
310.771,0
310.847,0
310.924,0
311.001,0
311.077,13
311.154,12
311.231,0
311.307,7
311.384,0
311.46,0
311.537,14
311.614,0
311.69,5
311.767,0
311.843,0
311.92,8
311.996,37
312.073,40
312.149,7
312.226,0
312.302,0
312.379,7
312.455,15
312.532,0
312.608,17
312.685,0
312.761,24
312.838,0
312.914,1
312.99,0
313.067,0
313.143,8
313.22,0
313.296,0
313.372,20
313.449,0
313.525,0
313.601,5
313.678,0
313.754,0
313.83,18
313.907,34
313.983,6
314.059,18
314.136,15
314.212,0
314.288,3
314.364,14
314.441,21
314.517,3
314.593,0
314.669,2
314.746,13
314.822,10
314.898,6
314.974,1
315.05,0
315.127,0
315.203,28
315.279,0
315.355,0
315.431,0
315.507,8
315.583,0
315.66,4
315.736,30
315.812,0
315.888,32
315.964,16
316.04,2
316.116,20
316.192,5
316.268,0
316.344,4
316.42,0
316.496,0
316.572,10
316.648,30
316.724,17
316.8,0
316.876,0
316.952,28
317.028,2
317.104,15
317.18,0
317.256,0
317.332,17
317.408,0
317.484,0
317.56,0
317.635,0
317.711,0
317.787,5
317.863,0
317.939,0
318.015,0
318.091,0
318.166,14
318.242,0
318.318,30
318.394,6
318.47,6
318.546,5
318.621,24
318.697,0
318.773,6
318.849,0
318.924,0
319,1
319.076,7
319.152,0
319.227,0
319.303,23
319.379,11
319.454,0
319.53,4
319.606,8
319.681,8
319.757,13
319.833,0
319.908,3
319.984,0
320.06,31
320.135,23
320.211,0
320.286,18
320.362,17
320.438,23
320.513,0
320.589,17
320.664,21
320.74,32
320.815,18
320.891,26
320.966,0
321.042,17
321.117,1
321.193,0
321.268,0
321.344,0
321.419,41
321.495,36
321.57,0
321.646,2
321.721,0
321.797,4
321.872,17
321.947,0
322.023,0
322.098,27
322.174,0
322.249,0
322.324,15
322.4,0
322.475,20
322.55,7
322.626,3
322.701,0
322.776,0
322.852,24
322.927,0
323.002,5
323.078,0
323.153,0
323.228,0
323.304,1
323.379,14
323.454,0
323.529,25
323.605,26
323.68,26
323.755,0
323.83,0
323.905,7
323.981,9
324.056,0
324.131,0
324.206,0
324.281,9
324.356,14
324.432,0
324.507,0
324.582,0
324.657,1
324.732,0
324.807,0
324.882,16
324.957,28
325.033,10
325.108,0
325.183,0
325.258,10
325.333,0
325.408,0
325.483,14
325.558,18
325.633,0
325.708,0
325.783,2
325.858,4
325.933,6
326.008,16
326.083,0
326.158,22
326.233,0
326.308,0
326.383,3
326.458,4
326.533,16
326.608,8
326.682,12
326.757,7
326.832,4
326.907,25
326.982,12
327.057,0
327.132,0
327.207,25
327.281,21
327.356,14
327.431,0
327.506,4
327.581,0
327.656,0
327.73,0
327.805,0
327.88,34
327.955,23
328.03,0
328.104,13
328.179,12
328.254,8
328.329,21
328.403,1
328.478,0
328.553,11
328.627,0
328.702,7
328.777,0
328.852,0
328.926,26
329.001,17
329.076,0
329.15,0
329.225,18
329.3,18
329.374,5
329.449,0
329.523,0
329.598,2
329.673,17
329.747,5
329.822,20
329.896,0
329.971,33
330.045,6
330.12,0
330.195,0
330.269,7
330.344,27
330.418,0
330.493,0
330.567,36
330.642,30
330.716,9
330.791,8
330.865,14
330.94,6
331.014,15
331.089,7
331.163,0
331.237,0
331.312,0
331.386,0
331.461,0
331.535,11
331.61,9
331.684,0
331.758,6
331.833,33
331.907,0
331.981,11
332.056,0
332.13,0
332.205,0
332.279,7
332.353,0
332.428,0
332.502,0
332.576,21
332.65,0
332.725,4
332.799,0
332.873,20
332.948,19
333.022,11
333.096,26
333.17,4
333.245,0
333.319,0
333.393,0
333.467,8
333.541,8
333.616,8
333.69,0
333.764,0
333.838,0
333.912,0
333.987,49
334.061,140
334.135,109
334.209,38
334.283,0
334.357,0
334.431,8
334.506,0
334.58,16
334.654,0
334.728,8
334.802,3
334.876,0
334.95,0
335.024,6
335.098,5
335.172,4
335.246,6
335.32,45
335.394,26
335.468,44
335.542,0
335.616,0
335.69,0
335.764,0
335.838,8
335.912,22
335.986,0
336.06,0
336.134,32
336.208,34
336.282,0
336.356,6
336.43,24
336.504,6
336.578,10
336.652,14
336.726,0
336.799,0
336.873,0
336.947,10
337.021,23
337.095,31
337.169,0
337.243,16
337.316,25
337.39,2
337.464,0
337.538,16
337.612,0
337.686,2
337.759,22
337.833,10
337.907,11
337.981,0
338.054,0
338.128,0
338.202,4
338.276,0
338.349,37
338.423,24
338.497,11
338.571,9
338.644,11
338.718,0
338.792,8
338.865,0
338.939,9
339.013,0
339.086,0
339.16,0
339.234,0
339.307,0
339.381,9
339.455,14
339.528,0
339.602,30
339.675,58
339.749,25
339.823,30
339.896,12
339.97,4
340.043,0
340.117,15
340.191,33
340.264,6
340.338,60
340.411,252
340.485,187
340.558,105
340.632,84
340.705,81
340.779,15
340.852,20
340.926,39
340.999,28
341.073,43
341.146,146
341.22,108
341.293,60
341.367,0
341.44,0
341.513,0
341.587,0
341.66,0
341.734,0
341.807,0
341.88,0
341.954,0
342.027,36
342.101,0
342.174,17
342.247,52
342.321,19
342.394,0
342.467,0
342.541,0
342.614,12
342.687,35
342.761,60
342.834,150
342.907,93
342.981,18
343.054,16
343.127,16
343.2,3
343.274,20
343.347,45
343.42,30
343.494,25
343.567,4
343.64,0
343.713,58
343.786,17
343.86,0
343.933,14
344.006,34
344.079,0
344.152,96
344.226,102
344.299,19
344.372,3
344.445,7
344.518,19
344.591,17
344.665,5
344.738,14
344.811,0
344.884,18
344.957,20
345.03,18
345.103,0
345.176,0
345.249,0
345.322,0
345.396,17
345.469,7
345.542,0
345.615,24
345.688,21
345.761,0
345.834,0
345.907,0
345.98,9
346.053,0
346.126,0
346.199,0
346.272,20
346.345,0
346.418,16
346.491,61
346.564,53
346.637,15
346.71,13
346.783,24
346.856,28
346.929,7
347.001,9
347.074,17
347.147,0
347.22,15
347.293,8
347.366,0
347.439,32
347.512,107
347.585,69
347.657,10
347.73,0
347.803,0
347.876,6
347.949,17
348.022,3
348.094,7
348.167,12
348.24,0
348.313,0
348.386,0
348.458,4
348.531,8
348.604,0
348.677,0
348.75,1
348.822,2
348.895,9
348.968,0
349.041,16
349.113,0
349.186,0
349.259,0
349.331,12
349.404,10
349.477,0
349.55,0
349.622,1
349.695,3
349.768,0
349.84,32
349.913,22
349.986,20
350.058,17
350.131,0
350.204,27
350.276,10
350.349,0
350.421,16
350.494,24
350.567,10
350.639,0
350.712,22
350.784,7
350.857,7
350.929,12
351.002,38
351.075,19
351.147,0
351.22,17
351.292,1
351.365,0
351.437,6
351.51,0
351.582,0
351.655,0
351.727,0
351.8,3
351.872,21
351.945,9
352.017,5
352.09,5
352.162,8
352.235,7
352.307,0
352.38,0
352.452,7
352.524,0
352.597,0
352.669,4
352.742,17
352.814,0
352.886,4
352.959,20
353.031,2
353.104,6
353.176,4
353.248,0
353.321,0
353.393,4
353.465,16
353.538,29
353.61,1
353.682,0
353.755,0
353.827,0
353.899,0
353.972,0
354.044,29
354.116,0
354.188,0
354.261,6
354.333,0
354.405,1
354.478,2
354.55,0
354.622,8
354.694,24
354.767,0
354.839,3
354.911,22
354.983,34
355.055,29
355.128,0
355.2,0
355.272,13
355.344,30
355.416,0
355.489,0
355.561,13
355.633,16
355.705,0
355.777,0
355.849,0
355.921,31
355.994,0
356.066,0
356.138,0
356.21,4
356.282,0
356.354,1
356.426,8
356.498,5
356.57,0
356.642,19
356.714,0
356.787,0
356.859,0
356.931,0
357.003,13
357.075,0
357.147,0
357.219,0
357.291,18
357.363,0
357.435,9
357.507,0
357.579,23
357.651,6
357.723,14
357.795,0
357.867,5
357.939,0
358.011,11
358.083,0
358.154,0
358.226,55
358.298,11
358.37,0
358.442,0
358.514,0
358.586,0
358.658,4
358.73,25
358.802,7
358.874,0
358.945,0
359.017,21
359.089,0
359.161,2
359.233,23
359.305,0
359.377,8
359.448,0
359.52,0
359.592,9
359.664,0
359.736,14
359.807,22
359.879,0
359.951,14
360.023,9
360.095,7
360.166,2
360.238,0
360.31,3
360.382,1
360.453,0
360.525,8
360.597,6
360.669,0
360.74,8
360.812,26
360.884,0
360.956,12
361.027,0
361.099,0
361.171,10
361.242,0
361.314,3
361.386,11
361.457,0
361.529,0
361.601,24
361.672,0
361.744,0
361.816,0
361.887,9
361.959,4
362.03,18
362.102,10
362.174,24
362.245,0
362.317,4
362.388,0
362.46,0
362.532,0
362.603,3
362.675,0
362.746,30
362.818,0
362.889,0
362.961,1
363.032,0
363.104,0
363.176,4
363.247,17
363.319,0
363.39,0
363.462,0
363.533,0
363.605,1
363.676,0
363.748,0
363.819,0
363.89,7
363.962,0
364.033,0
364.105,0
364.176,0
364.248,21
364.319,0
364.391,0
364.462,11
364.533,0
364.605,0
364.676,16
364.748,11
364.819,0
364.89,9
364.962,0
365.033,28
365.104,0
365.176,1
365.247,0
365.319,0
365.39,45
365.461,15
365.533,0
365.604,10
365.675,0
365.747,15
365.818,0
365.889,12
365.96,0
366.032,6
366.103,13
366.174,0
366.246,14
366.317,11
366.388,22
366.459,4
366.531,2
366.602,0
366.673,0
366.744,0
366.816,0
366.887,2
366.958,30
367.029,0
367.1,0
367.172,4
367.243,17
367.314,0
367.385,0
367.456,19
367.528,6
367.599,0
367.67,0
367.741,5
367.812,0
367.883,0
367.955,8
368.026,0
368.097,15
368.168,12
368.239,7
368.31,11
368.381,0
368.452,19
368.523,5
368.595,16
368.666,11
368.737,158
368.808,118
368.879,47
368.95,0
369.021,0
369.092,0
369.163,1
369.234,18
369.305,0
369.376,30
369.447,0
369.518,9
369.589,10
369.66,8
369.731,0
369.802,6
369.873,2
369.944,7
370.015,4
370.086,0
370.157,21
370.228,0
370.299,4
370.37,33
370.441,32
370.512,5
370.583,0
370.654,24
370.725,0
370.796,0
370.866,0
370.937,0
371.008,14
371.079,15
371.15,12
371.221,3
371.292,115
371.363,117
371.434,55
371.504,0
371.575,25
371.646,40
371.717,16
371.788,12
371.859,0
371.93,2
372,0
372.071,8
372.142,19
372.213,0
372.284,0
372.354,0
372.425,0
372.496,24
372.567,18
372.638,0
372.708,0
372.779,39
372.85,11
372.921,0
372.991,13
373.062,5
373.133,19
373.204,28
373.274,57
373.345,47
373.416,41
373.486,14
373.557,2
373.628,9
373.699,10
373.769,11
373.84,8
373.911,4
373.981,0
374.052,6
374.123,2
374.193,0
374.264,0
374.335,0
374.405,5
374.476,3
374.546,13
374.617,24
374.688,23
374.758,25
374.829,0
374.9,0
374.97,14
375.041,6
375.111,0
375.182,0
375.252,5
375.323,2
375.394,0
375.464,17
375.535,12
375.605,0
375.676,11
375.746,22
375.817,0
375.887,0
375.958,13
376.028,0
376.099,25
376.17,38
376.24,0
376.311,4
376.381,1
376.451,8
376.522,1
376.592,17
376.663,23
376.733,20
376.804,6
376.874,0
376.945,4
377.015,16
377.086,0
377.156,14
377.227,0
377.297,1
377.367,32
377.438,15
377.508,1
377.579,0
377.649,0
377.719,11
377.79,14
377.86,26
377.931,12
378.001,13
378.071,12
378.142,0
378.212,35
378.282,0
378.353,0
378.423,11
378.493,0
378.564,5
378.634,0
378.704,3
378.775,0
378.845,1
378.915,22
378.986,8
379.056,0
379.126,0
379.196,0
379.267,1
379.337,14
379.407,0
379.478,3
379.548,30
379.618,15
379.688,18
379.759,0
379.829,10
379.899,16
379.969,0
380.04,0
380.11,0
380.18,0
380.25,0
380.32,0
380.391,1
380.461,8
380.531,0
380.601,0
380.671,0
380.741,10
380.812,5
380.882,0
380.952,0
381.022,12
381.092,7
381.162,3
381.233,5
381.303,5
381.373,1
381.443,5
381.513,0
381.583,6
381.653,0
381.723,0
381.793,0
381.864,0
381.934,21
382.004,7
382.074,21
382.144,0
382.214,20
382.284,24
382.354,39
382.424,11
382.494,0
382.564,31
382.634,8
382.704,0
382.774,0
382.844,23
382.914,17
382.984,2
383.054,0
383.124,0
383.194,0
383.264,15
383.334,0
383.404,5
383.474,0
383.544,11
383.614,0
383.684,0
383.754,22
383.824,0
383.894,0
383.964,0
384.034,20
384.104,3
384.174,0
384.244,24
384.314,0
384.384,25
384.453,0
384.523,16
384.593,6
384.663,27
384.733,0
384.803,8
384.873,34
384.943,12
385.013,0
385.082,1
385.152,0
385.222,0
385.292,0
385.362,3
385.432,22
385.502,29
385.571,0
385.641,2
385.711,8
385.781,0
385.851,0
385.92,0
385.99,5
386.06,6
386.13,0
386.2,13
386.269,4
386.339,0
386.409,0
386.479,0
386.548,51
386.618,60
386.688,0
386.758,4
386.827,0
386.897,0
386.967,19
387.037,0
387.106,0
387.176,6
387.246,9
387.316,16
387.385,0
387.455,0
387.525,14
387.594,21
387.664,0
387.734,38
387.803,19
387.873,0
387.943,0
388.012,23
388.082,30
388.152,0
388.221,0
388.291,18
388.361,0
388.43,0
388.5,0
388.569,21
388.639,21
388.709,4
388.778,17
388.848,11
388.918,0
388.987,4
389.057,3
389.126,0
389.196,4
389.265,0
389.335,13
389.405,13
389.474,0
389.544,0
389.613,17
389.683,4
389.752,3
389.822,7
389.891,31
389.961,0
390.03,0
390.1,0
390.169,0
390.239,0
390.309,0
390.378,11
390.448,0
390.517,12
390.586,0
390.656,21
390.725,39
390.795,17
390.864,0
390.934,4
391.003,6
391.073,0
391.142,0
391.212,10
391.281,14
391.351,19
391.42,0
391.489,17
391.559,9
391.628,12
391.698,0
391.767,13
391.836,0
391.906,0
391.975,24
392.045,4
392.114,0
392.183,0
392.253,21
392.322,0
392.391,0
392.461,9
392.53,0
392.6,18
392.669,26
392.738,0
392.808,16
392.877,0
392.946,17
393.016,13
393.085,0
393.154,15
393.224,26
393.293,0
393.362,0
393.431,0
393.501,14
393.57,21
393.639,16
393.709,58
393.778,58
393.847,30
393.916,2
393.986,0
394.055,0
394.124,12
394.193,24
394.263,0
394.332,16
394.401,0
394.47,24
394.54,0
394.609,0
394.678,0
394.747,29
394.816,0
394.886,0
394.955,0
395.024,2
395.093,0
395.162,11
395.232,18
395.301,0
395.37,0
395.439,0
395.508,0
395.577,8
395.647,0
395.716,0
395.785,0
395.854,15
395.923,27
395.992,18
396.061,0
396.13,28
396.2,32
396.269,21
396.338,26
396.407,0
396.476,2
396.545,18
396.614,10
396.683,0
396.752,0
396.821,0
396.89,0
396.96,13
397.029,2
397.098,0
397.167,0
397.236,7
397.305,0
397.374,0
397.443,0
397.512,7
397.581,9
397.65,0
397.719,9
397.788,0
397.857,0
397.926,39
397.995,6
398.064,0
398.133,4
398.202,2
398.271,0
398.34,0
398.409,3
398.478,8
398.547,0
398.616,2
398.685,0
398.754,10
398.823,0
398.892,0
398.961,0
399.029,9
399.098,27
399.167,0
399.236,13
399.305,0
399.374,10
399.443,20
399.512,0
399.581,0
399.65,3
399.719,0
399.787,0
399.856,0
399.925,14
399.994,0
400.063,0
400.132,0
400.201,0
400.27,0
400.338,0
400.407,18
400.476,20
400.545,0
400.614,0
400.683,19
400.751,0
400.82,0
400.889,0
400.958,0
401.027,0
401.096,9
401.164,2
401.233,0
401.302,0
401.371,14
401.439,18
401.508,6
401.577,0
401.646,4
401.715,3
401.783,0
401.852,17
401.921,3
401.99,1
402.058,12
402.127,0
402.196,0
402.265,38
402.333,1
402.402,0
402.471,17
402.539,0
402.608,0
402.677,0
402.746,0
402.814,25
402.883,4
402.952,3
403.02,0
403.089,0
403.158,39
403.226,24
403.295,0
403.364,3
403.432,0
403.501,0
403.57,23
403.638,8
403.707,0
403.776,0
403.844,0
403.913,0
403.981,0
404.05,0
404.119,0
404.187,2
404.256,9
404.325,0
404.393,0
404.462,3
404.53,32
404.599,1
404.667,0
404.736,20
404.805,0
404.873,0
404.942,0
405.01,0
405.079,24
405.147,0
405.216,10
405.285,0
405.353,13
405.422,0
405.49,0
405.559,0
405.627,12
405.696,52
405.764,6
405.833,18
405.901,0
405.97,12
406.038,21
406.107,0
406.175,0
406.244,10
406.312,11
406.381,0
406.449,34
406.518,22
406.586,9
406.655,0
406.723,41
406.792,0
406.86,1
406.928,0
406.997,9
407.065,0
407.134,8
407.202,0
407.271,33
407.339,21
407.407,6
407.476,0
407.544,0
407.613,21
407.681,24
407.75,0
407.818,0
407.886,0
407.955,0
408.023,0
408.091,4
408.16,0
408.228,0
408.297,13
408.365,6
408.433,0
408.502,8
408.57,0
408.638,18
408.707,0
408.775,0
408.843,0
408.912,14
408.98,0
409.048,0
409.117,0
409.185,0
409.253,8
409.322,24
409.39,3
409.458,11
409.527,0
409.595,18
409.663,11
409.731,33
409.8,27
409.868,0
409.936,11
410.004,0
410.073,0
410.141,4
410.209,23
410.277,8
410.346,10
410.414,0
410.482,22
410.55,2
410.619,0
410.687,0
410.755,36
410.823,0
410.892,0
410.96,0
411.028,0
411.096,7
411.164,8
411.233,30
411.301,0
411.369,14
411.437,17
411.505,0
411.574,0
411.642,0
411.71,0
411.778,0
411.846,0
411.914,14
411.982,0
412.051,8
412.119,20
412.187,14
412.255,14
412.323,0
412.391,9
412.459,3
412.528,0
412.596,0
412.664,8
412.732,8
412.8,34
412.868,5
412.936,16
413.004,6
413.072,10
413.14,0
413.209,0
413.277,0
413.345,0
413.413,4
413.481,0
413.549,0
413.617,2
413.685,2
413.753,0
413.821,0
413.889,0
413.957,0
414.025,0
414.093,6
414.161,16
414.229,0
414.297,0
414.365,0
414.433,0
414.501,6
414.569,1
414.637,5
414.705,0
414.773,4
414.841,0
414.909,0
414.977,5
415.045,9
415.113,12
415.181,6
415.249,1
415.317,0
415.385,0
415.453,0
415.521,0
415.589,0
415.657,0
415.725,0
415.793,6
415.861,4
415.929,0
415.997,0
416.065,7
416.132,1
416.2,0
416.268,0
416.336,0
416.404,18
416.472,0
416.54,14
416.608,0
416.676,0
416.744,24
416.811,0
416.879,8
416.947,0
417.015,25
417.083,9
417.151,0
417.219,0
417.287,0
417.354,11
417.422,14
417.49,0
417.558,0
417.626,22
417.694,5
417.761,0
417.829,0
417.897,0
417.965,5
418.033,0
418.1,0
418.168,18
418.236,22
418.304,0
418.372,1
418.439,31
418.507,5
418.575,8
418.643,14
418.711,10
418.778,3
418.846,7
418.914,9
418.982,2
419.049,12
419.117,22
419.185,0
419.253,0
419.32,0
419.388,22
419.456,6
419.524,0
419.591,21
419.659,15
419.727,0
419.795,0
419.862,11
419.93,14
419.998,10
420.065,8
420.133,4
420.201,0
420.268,0
420.336,0
420.404,13
420.471,4
420.539,0
420.607,0
420.674,0
420.742,0
420.81,0
420.877,11
420.945,0
421.013,1
421.08,18
421.148,0
421.216,0
421.283,17
421.351,0
421.419,7
421.486,15
421.554,19
421.621,0
421.689,0
421.757,0
421.824,5
421.892,4
421.96,4
422.027,1
422.095,0
422.162,6
422.23,29
422.297,1
422.365,4
422.433,0
422.5,0
422.568,0
422.635,0
422.703,0
422.77,11
422.838,28
422.906,11
422.973,0
423.041,14
423.108,0
423.176,0
423.243,24
423.311,0
423.378,0
423.446,0
423.513,0
423.581,0
423.648,0
423.716,0
423.783,0
423.851,7
423.918,8
423.986,21
424.053,0
424.121,8
424.188,13
424.256,0
424.323,0
424.391,13
424.458,6
424.526,0
424.593,0
424.661,4
424.728,22
424.796,0
424.863,0
424.93,0
424.998,16
425.065,0
425.133,31
425.2,0
425.268,0
425.335,0
425.402,0
425.47,0
425.537,0
425.605,0
425.672,0
425.74,6
425.807,0
425.874,0
425.942,12
426.009,14
426.076,0
426.144,0
426.211,0
426.279,0
426.346,0
426.413,0
426.481,0
426.548,0
426.615,0
426.683,0
426.75,0
426.817,2
426.885,1
426.952,2
427.02,26
427.087,4
427.154,0
427.222,7
427.289,25
427.356,0
427.423,4
427.491,0
427.558,0
427.625,24
427.693,28
427.76,3
427.827,0
427.895,0
427.962,10
428.029,8
428.096,6
428.164,0
428.231,14
428.298,6
428.366,0
428.433,0
428.5,13
428.567,15
428.635,0
428.702,0
428.769,1
428.836,12
428.904,0
428.971,0
429.038,13
429.105,23
429.173,0
429.24,0
429.307,1
429.374,36
429.441,13
429.509,0
429.576,2
429.643,6
429.71,0
429.777,7
429.845,29
429.912,0
429.979,15
430.046,0
430.113,0
430.181,12
430.248,11
430.315,4
430.382,0
430.449,35
430.516,21
430.584,0
430.651,0
430.718,20
430.785,0
430.852,19
430.919,1
430.986,0
431.054,21
431.121,16
431.188,4
431.255,20
431.322,0
431.389,0
431.456,11
431.523,0
431.59,0
431.658,14
431.725,0
431.792,0
431.859,0
431.926,0
431.993,12
432.06,9
432.127,12
432.194,0
432.261,16
432.328,0
432.396,10
432.463,14
432.53,0
432.597,7
432.664,5
432.731,0
432.798,0
432.865,1
432.932,0
432.999,12
433.066,0
433.133,0
433.2,22
433.267,0
433.334,4
433.401,28
433.468,0
433.535,0
433.602,0
433.669,1
433.736,0
433.803,0
433.87,5
433.937,4
434.004,0
434.071,0
434.138,0
434.205,0
434.272,0
434.339,29
434.406,28
434.473,0
434.54,0
434.607,0
434.674,17
434.741,32
434.808,0
434.875,9
434.942,29
435.009,0
435.076,18
435.143,12
435.209,0
435.276,4
435.343,6
435.41,0
435.477,0
435.544,0
435.611,0
435.678,0
435.745,0
435.812,0
435.879,6
435.946,10
436.012,0
436.079,0
436.146,2
436.213,11
436.28,7
436.347,0
436.414,8
436.481,17
436.547,20
436.614,5
436.681,2
436.748,4
436.815,2
436.882,0
436.949,0
437.015,13
437.082,9
437.149,0
437.216,0
437.283,0
437.35,0
437.417,0
437.483,14
437.55,0
437.617,40
437.684,1
437.751,0
437.817,0
437.884,14
437.951,0
438.018,13
438.085,29
438.151,23
438.218,5
438.285,2
438.352,20
438.419,73
438.485,58
438.552,58
438.619,0
438.686,0
438.752,0
438.819,89
438.886,116
438.953,196
439.019,124
439.086,48
439.153,20
439.22,34
439.286,98
439.353,86
439.42,7
439.487,0
439.553,0
439.62,0
439.687,0
439.754,0
439.82,12
439.887,4
439.954,0
440.02,0
440.087,0
440.154,4
440.22,1
440.287,6
440.354,92
440.421,87
440.487,7
440.554,0
440.621,0
440.687,0
440.754,0
440.821,4
440.887,102
440.954,72
441.021,62
441.087,63
441.154,62
441.221,89
441.287,180
441.354,141
441.421,70
441.487,1
441.554,0
441.62,55
441.687,150
441.754,84
441.82,74
441.887,184
441.954,180
442.02,228
442.087,251
442.153,174
442.22,67
442.287,136
442.353,169
442.42,188
442.486,342
442.553,496
442.62,416
442.686,354
442.753,414
442.819,643
442.886,810
442.953,627
443.019,449
443.086,187
443.152,172
443.219,262
443.285,617
443.352,676
443.418,517
443.485,457
443.552,339
443.618,402
443.685,472
443.751,362
443.818,285
443.884,177
443.951,306
444.017,618
444.084,633
444.15,392
444.217,335
444.283,199
444.35,143
444.416,69
444.483,72
444.549,273
444.616,395
444.682,322
444.749,185
444.815,126
444.882,13
444.948,0
445.015,97
445.081,234
445.148,251
445.214,211
445.281,255
445.347,280
445.414,114
445.48,75
445.547,57
445.613,0
445.68,0
445.746,0
445.812,4
445.879,0
445.945,13
446.012,42
446.078,58
446.145,8
446.211,0
446.278,17
446.344,0
446.41,22
446.477,27
446.543,0
446.61,0
446.676,9
446.742,33
446.809,68
446.875,63
446.942,57
447.008,126
447.074,341
447.141,232
447.207,90
447.274,0
447.34,0
447.406,91
447.473,112
447.539,0
447.606,0
447.672,0
447.738,14
447.805,28
447.871,0
447.937,0
448.004,0
448.07,42
448.136,30
448.203,3
448.269,197
448.335,273
448.402,134
448.468,13
448.534,0
448.601,0
448.667,8
448.733,18
448.8,0
448.866,0
448.932,25
448.999,15
449.065,0
449.131,8
449.198,6
449.264,7
449.33,0
449.396,15
449.463,28
449.529,1
449.595,2
449.662,12
449.728,21
449.794,0
449.86,3
449.927,21
449.993,7
450.059,6
450.126,0
450.192,7
450.258,16
450.324,0
450.391,20
450.457,0
450.523,7
450.589,12
450.656,25
450.722,0
450.788,6
450.854,2
450.921,1
450.987,28
451.053,2
451.119,7
451.185,0
451.252,0
451.318,8
451.384,17
451.45,13
451.516,0
451.583,6
451.649,26
451.715,0
451.781,35
451.847,125
451.914,67
451.98,0
452.046,0
452.112,0
452.178,0
452.245,14
452.311,20
452.377,0
452.443,0
452.509,0
452.575,3
452.642,21
452.708,0
452.774,8
452.84,37
452.906,16
452.972,0
453.038,0
453.105,31
453.171,24
453.237,0
453.303,11
453.369,0
453.435,0
453.501,0
453.568,21
453.634,0
453.7,7
453.766,7
453.832,0
453.898,5
453.964,0
454.03,0
454.096,0
454.162,0
454.229,0
454.295,40
454.361,12
454.427,0
454.493,0
454.559,10
454.625,7
454.691,2
454.757,1
454.823,0
454.889,34
454.955,0
455.022,0
455.088,9
455.154,15
455.22,0
455.286,3
455.352,23
455.418,38
455.484,24
455.55,22
455.616,0
455.682,32
455.748,7
455.814,12
455.88,0
455.946,5
456.012,17
456.078,0
456.144,22
456.21,19
456.276,3
456.342,0
456.408,2
456.474,0
456.54,12
456.606,0
456.672,16
456.738,9
456.804,0
456.87,5
456.936,0
457.002,0
457.068,0
457.134,0
457.2,13
457.266,0
457.332,15
457.398,15
457.464,54
457.53,4
457.596,9
457.662,17
457.728,11
457.794,18
457.86,5
457.926,0
457.992,28
458.058,0
458.124,11
458.19,3
458.255,0
458.321,0
458.387,17
458.453,5
458.519,5
458.585,0
458.651,11
458.717,13
458.783,4
458.849,0
458.915,13
458.981,0
459.046,0
459.112,0
459.178,18
459.244,0
459.31,0
459.376,17
459.442,11
459.508,7
459.574,7
459.64,13
459.705,10
459.771,29
459.837,0
459.903,15
459.969,2
460.035,0
460.101,0
460.166,0
460.232,30
460.298,15
460.364,0
460.43,0
460.496,27
460.562,14
460.627,0
460.693,0
460.759,0
460.825,0
460.891,35
460.957,20
461.022,0
461.088,0
461.154,0
461.22,0
461.286,16
461.352,0
461.417,0
461.483,9
461.549,0
461.615,13
461.681,0
461.746,2
461.812,14
461.878,22
461.944,28
462.01,0
462.075,0
462.141,11
462.207,0
462.273,2
462.339,0
462.404,23
462.47,2
462.536,3
462.602,0
462.667,35
462.733,12
462.799,8
462.865,0
462.93,0
462.996,25
463.062,0
463.128,6
463.193,29
463.259,5
463.325,22
463.391,46
463.456,5
463.522,0
463.588,0
463.654,10
463.719,17
463.785,9
463.851,9
463.917,0
463.982,0
464.048,17
464.114,0
464.179,7
464.245,16
464.311,5
464.377,18
464.442,0
464.508,13
464.574,0
464.639,1
464.705,34
464.771,0
464.836,2
464.902,10
464.968,0
465.033,0
465.099,5
465.165,2
465.23,18
465.296,26
465.362,0
465.427,7
465.493,33
465.559,0
465.624,0
465.69,21
465.756,8
465.821,0
465.887,8
465.953,0
466.018,20
466.084,3
466.15,0
466.215,0
466.281,8
466.347,23
466.412,0
466.478,0
466.543,15
466.609,3
466.675,0
466.74,12
466.806,13
466.872,0
466.937,6
467.003,8
467.068,0
467.134,2
467.2,19
467.265,0
467.331,0
467.396,0
467.462,48
467.528,16
467.593,10
467.659,0
467.724,0
467.79,0
467.855,3
467.921,6
467.987,0
468.052,0
468.118,0
468.183,14
468.249,10
468.314,0
468.38,0
468.446,19
468.511,25
468.577,5
468.642,0
468.708,17
468.773,0
468.839,0
468.904,0
468.97,0
469.035,0
469.101,3
469.167,0
469.232,0
469.298,0
469.363,8
469.429,2
469.494,18
469.56,2
469.625,0
469.691,0
469.756,1
469.822,0
469.887,4
469.953,6
470.018,6
470.084,12
470.149,2
470.215,19
470.28,38
470.346,21
470.411,16
470.477,19
470.542,12
470.608,1
470.673,2
470.739,10
470.804,9
470.87,0
470.935,0
471.001,20
471.066,17
471.131,16
471.197,0
471.262,4
471.328,0
471.393,22
471.459,23
471.524,0
471.59,22
471.655,37
471.721,36
471.786,10
471.851,11
471.917,0
471.982,32
472.048,2
472.113,0
472.179,0
472.244,14
472.309,0
472.375,6
472.44,24
472.506,6
472.571,3
472.637,0
472.702,0
472.767,19
472.833,0
472.898,15
472.964,9
473.029,1
473.094,0
473.16,24
473.225,12
473.291,35
473.356,19
473.421,18
473.487,30
473.552,17
473.617,0
473.683,21
473.748,0
473.814,5
473.879,0
473.944,0
474.01,45
474.075,17
474.14,0
474.206,0
474.271,13
474.337,24
474.402,13
474.467,13
474.533,25
474.598,0
474.663,15
474.729,12
474.794,19
474.859,0
474.925,4
474.99,7
475.055,16
475.121,0
475.186,7
475.251,2
475.317,5
475.382,10
475.447,32
475.513,14
475.578,0
475.643,0
475.709,37
475.774,13
475.839,26
475.904,0
475.97,0
476.035,29
476.1,8
476.166,8
476.231,0
476.296,13
476.362,30
476.427,0
476.492,5
476.557,24
476.623,7
476.688,0
476.753,17
476.819,0
476.884,13
476.949,0
477.014,0
477.08,11
477.145,14
477.21,0
477.275,2
477.341,5
477.406,4
477.471,0
477.536,20
477.602,6
477.667,18
477.732,16
477.797,6
477.863,11
477.928,0
477.993,0
478.058,0
478.124,11
478.189,0
478.254,0
478.319,20
478.384,6
478.45,0
478.515,3
478.58,31
478.645,0
478.711,2
478.776,0
478.841,0
478.906,4
478.971,0
479.037,10
479.102,16
479.167,2
479.232,16
479.297,2
479.363,0
479.428,5
479.493,21
479.558,7
479.623,0
479.689,0
479.754,10
479.819,33
479.884,0
479.949,8
480.014,0
480.08,0
480.145,26
480.21,0
480.275,14
480.34,0
480.405,3
480.471,0
480.536,30
480.601,32
480.666,0
480.731,0
480.796,3
480.862,0
480.927,6
480.992,3
481.057,0
481.122,22
481.187,24
481.252,6
481.318,3
481.383,2
481.448,4
481.513,22
481.578,34
481.643,8
481.708,0
481.773,0
481.839,8
481.904,0
481.969,0
482.034,0
482.099,0
482.164,0
482.229,6
482.294,15
482.359,0
482.424,8
482.49,17
482.555,5
482.62,0
482.685,0
482.75,13
482.815,15
482.88,0
482.945,18
483.01,5
483.075,0
483.14,0
483.206,0
483.271,10
483.336,0
483.401,4
483.466,0
483.531,26
483.596,19
483.661,17
483.726,22
483.791,8
483.856,10
483.921,15
483.986,0
484.051,0
484.116,10
484.181,0
484.246,19
484.312,0
484.377,0
484.442,26
484.507,25
484.572,29
484.637,20
484.702,0
484.767,23
484.832,0
484.897,4
484.962,0
485.027,4
485.092,0
485.157,0
485.222,0
485.287,21
485.352,0
485.417,0
485.482,0
485.547,0
485.612,7
485.677,12
485.742,0
485.807,0
485.872,7
485.937,0
486.002,13
486.067,7
486.132,0
486.197,8
486.262,34
486.327,0
486.392,0
486.457,24
486.522,0
486.587,7
486.652,0
486.717,0
486.782,16
486.847,19
486.912,0
486.977,0
487.042,35
487.107,52
487.172,0
487.237,0
487.301,0
487.366,17
487.431,17
487.496,24
487.561,0
487.626,13
487.691,20
487.756,0
487.821,0
487.886,2
487.951,24
488.016,11
488.081,0
488.146,14
488.211,4
488.276,0
488.341,3
488.405,16
488.47,0
488.535,0
488.6,0
488.665,0
488.73,0
488.795,5
488.86,0
488.925,0
488.99,21
489.055,1
489.119,6
489.184,26
489.249,32
489.314,18
489.379,13
489.444,0
489.509,13
489.574,9
489.639,0
489.704,0
489.768,19
489.833,0
489.898,10
489.963,5
490.028,16
490.093,0
490.158,25
490.223,15
490.287,10
490.352,16
490.417,17
490.482,20
490.547,7
490.612,0
490.677,0
490.742,0
490.806,0
490.871,0
490.936,13
491.001,16
491.066,0
491.131,1
491.195,30
491.26,3
491.325,0
491.39,19
491.455,10
491.52,0
491.585,13
491.649,15
491.714,10
491.779,0
491.844,0
491.909,7
491.973,25
492.038,0
492.103,0
492.168,0
492.233,4
492.298,14
492.362,0
492.427,0
492.492,9
492.557,1
492.622,5
492.686,0
492.751,0
492.816,5
492.881,6
492.946,0
493.01,0
493.075,15
493.14,13
493.205,21
493.27,2
493.334,14
493.399,0
493.464,0
493.529,7
493.594,30
493.658,0
493.723,0
493.788,3
493.853,4
493.917,10
493.982,0
494.047,21
494.112,30
494.177,32
494.241,3
494.306,0
494.371,0
494.436,22
494.5,0
494.565,0
494.63,17
494.695,0
494.759,4
494.824,2
494.889,19
494.954,2
495.018,4
495.083,0
495.148,0
495.213,34
495.277,15
495.342,0
495.407,7
495.472,0
495.536,0
495.601,10
495.666,0
495.73,11
495.795,0
495.86,0
495.925,5
495.989,0
496.054,21
496.119,6
496.183,8
496.248,16
496.313,15
496.378,0
496.442,0
496.507,13
496.572,16
496.636,0
496.701,18
496.766,23
496.831,0
496.895,0
496.96,12
497.025,13
497.089,3
497.154,0
497.219,0
497.283,34
497.348,25
497.413,21
497.477,6
497.542,0
497.607,0
497.671,10
497.736,16
497.801,14
497.865,0
497.93,6
497.995,6
498.059,5
498.124,11
498.189,0
498.253,34
498.318,3
498.383,0
498.447,0
498.512,0
498.577,0
498.641,0
498.706,2
498.771,21
498.835,4
498.9,16
498.965,24
499.029,41
499.094,22
499.159,0
499.223,19
499.288,18
499.352,15
499.417,13
499.482,11
499.546,0
499.611,0
499.676,0
499.74,15
