59.6745,0
59.7814,0
59.8883,37
59.9952,41
60.1021,17
60.209,2
60.3159,0
60.4228,7
60.5296,0
60.6365,3
60.7434,0
60.8503,2
60.9572,16
61.0641,22
61.171,14
61.2779,30
61.3848,43
61.4917,15
61.5986,1
61.7055,3
61.8124,0
61.9193,12
62.0261,19
62.133,5
62.2399,38
62.3468,0
62.4537,0
62.5606,0
62.6675,2
62.7744,7
62.8813,0
62.9882,24
63.0951,20
63.202,0
63.3089,0
63.4158,0
63.5226,0
63.6295,0
63.7364,4
63.8433,0
63.9502,3
64.0571,0
64.164,0
64.2709,0
64.3778,0
64.4847,3
64.5916,26
64.6985,8
64.8054,26
64.9123,0
65.0192,0
65.1261,19
65.2329,20
65.3398,10
65.4467,28
65.5536,5
65.6605,21
65.7674,10
65.8743,4
65.9812,24
66.0881,10
66.195,0
66.3019,0
66.4088,3
66.5157,0
66.6226,10
66.7295,0
66.8364,0
66.9433,8
67.0502,14
67.157,0
67.2639,8
67.3708,4
67.4777,0
67.5846,6
67.6915,11
67.7984,28
67.9053,10
68.0122,0
68.1191,3
68.226,40
68.3329,0
68.4398,0
68.5467,13
68.6536,0
68.7605,23
68.8674,12
68.9743,24
69.0812,15
69.1881,0
69.295,11
69.4018,2
69.5087,0
69.6156,25
69.7225,24
69.8294,0
69.9363,16
70.0432,18
70.1501,0
70.257,11
70.3639,0
70.4708,0
70.5777,59
70.6846,29
70.7915,16
70.8984,0
71.0053,17
71.1122,13
71.2191,21
71.326,18
71.4329,19
71.5398,0
71.6467,0
71.7536,0
71.8605,0
71.9674,2
72.0742,1
72.1811,6
72.288,7
72.3949,8
72.5018,2
72.6087,18
72.7156,26
72.8225,6
72.9294,0
73.0363,18
73.1432,0
73.2501,15
73.357,8
73.4639,13
73.5708,0
73.6777,8
73.7846,6
73.8915,18
73.9984,10
74.1053,11
74.2122,0
74.3191,17
74.426,0
74.5329,0
74.6398,1
74.7467,18
74.8536,0
74.9605,15
75.0674,0
75.1743,0
75.2812,2
75.3881,0
75.495,7
75.6019,0
75.7088,0
75.8157,16
75.9225,22
76.0294,0
76.1363,17
76.2432,13
76.3501,5
76.457,0
76.5639,9
76.6708,13
76.7777,0
76.8846,2
76.9915,1
77.0984,22
77.2053,17
77.3122,4
77.4191,0
77.526,3
77.6329,19
77.7398,16
77.8467,0
77.9536,7
78.0605,0
78.1674,0
78.2743,0
78.3812,8
78.4881,19
78.595,15
78.7019,0
78.8088,9
78.9157,0
79.0226,5
79.1295,0
79.2364,0
79.3433,0
79.4502,5
79.5571,0
79.664,0
79.7709,0
79.8778,35
79.9847,0
80.0916,0
80.1985,5
80.3054,0
80.4123,7
80.5192,30
80.6261,5
80.733,2
80.8399,0
80.9468,13
81.0537,0
81.1606,0
81.2675,19
81.3744,25
81.4813,0
81.5882,0
81.6951,0
81.802,0
81.9089,6
82.0158,0
82.1227,15
82.2296,15
82.3365,11
82.4434,21
82.5503,0
82.6572,42
82.7641,0
82.871,0
82.9779,19
83.0848,0
83.1917,0
83.2986,6
83.4055,0
83.5124,0
83.6193,6
83.7262,0
83.8331,14
83.94,20
84.0469,0
84.1538,0
84.2607,2
84.3676,0
84.4745,11
84.5814,8
84.6883,0
84.7952,2
84.9021,11
85.009,2
85.1159,0
85.2228,24
85.3297,14
85.4366,0
85.5435,28
85.6504,15
85.7573,0
85.8642,8
85.9711,17
86.078,0
86.1849,0
86.2918,0
86.3987,0
86.5056,0
86.6125,24
86.7194,4
86.8263,26
86.9332,14
87.0401,1
87.147,11
87.2539,6
87.3608,0
87.4677,18
87.5746,0
87.6815,0
87.7884,0
87.8953,9
88.0022,0
88.1091,11
88.216,10
88.3229,14
88.4298,19
88.5367,0
88.6436,16
88.7505,26
88.8574,0
88.9643,0
89.0712,21
89.1781,13
89.285,0
89.3919,0
89.4988,39
89.6057,0
89.7126,0
89.8195,26
89.9264,21
90.0334,3
90.1403,0
90.2472,10
90.3541,2
90.461,0
90.5679,5
90.6748,2
90.7817,0
90.8886,0
90.9955,15
91.1024,32
91.2093,3
91.3162,0
91.4231,13
91.53,0
91.6369,19
91.7438,0
91.8507,0
91.9576,15
92.0645,4
92.1714,0
92.2783,8
92.3852,0
92.4921,11
92.599,0
92.7059,0
92.8128,13
92.9197,17
93.0266,0
93.1335,7
93.2404,28
93.3473,10
93.4542,0
93.5611,10
93.668,17
93.7749,0
93.8818,0
93.9887,0
94.0956,18
94.2025,0
94.3095,17
94.4164,14
94.5233,16
94.6302,8
94.7371,0
94.844,20
94.9509,18
95.0578,0
95.1647,11
95.2716,30
95.3785,0
95.4854,0
95.5923,0
95.6992,24
95.8061,26
95.913,4
96.0199,5
96.1268,0
96.2337,5
96.3406,2
96.4475,5
96.5544,4
96.6613,0
96.7682,5
96.8751,7
96.982,7
97.0889,0
97.1958,0
97.3027,24
97.4097,0
97.5166,0
97.6235,19
97.7304,0
97.8373,0
97.9442,24
98.0511,0
98.158,0
98.2649,0
98.3718,13
98.4787,0
98.5856,5
98.6925,4
98.7994,0
98.9063,0
99.0132,0
99.1201,0
99.227,0
99.3339,4
99.4408,17
99.5477,14
99.6546,0
99.7615,0
99.8684,15
99.9753,21
100.082,0
100.189,0
100.296,0
100.403,0
100.51,0
100.617,0
100.724,0
100.831,7
100.937,0
101.044,0
101.151,0
101.258,29
101.365,13
101.472,0
101.579,2
101.686,16
101.793,25
101.9,0
102.007,0
102.113,11
102.22,2
102.327,0
102.434,0
102.541,0
102.648,46
102.755,21
102.862,21
102.969,0
103.076,0
103.182,0
103.289,16
103.396,56
103.503,0
103.61,0
103.717,0
103.824,0
103.931,21
104.038,17
104.145,0
104.252,0
104.358,12
104.465,7
104.572,0
104.679,4
104.786,14
104.893,10
105,0
105.107,11
105.214,0
105.321,4
105.427,9
105.534,0
105.641,0
105.748,0
105.855,11
105.962,0
106.069,5
106.176,12
106.283,0
106.39,6
106.497,6
106.603,0
106.71,3
106.817,23
106.924,0
107.031,0
107.138,0
107.245,0
107.352,33
107.459,27
107.566,0
107.673,22
107.779,11
107.886,16
107.993,12
108.1,5
108.207,14
108.314,0
108.421,0
108.528,19
108.635,0
108.742,0
108.848,0
108.955,14
109.062,17
109.169,0
109.276,24
109.383,17
109.49,13
109.597,36
109.704,36
109.811,9
109.918,6
110.024,0
110.131,9
110.238,10
110.345,0
110.452,0
110.559,31
110.666,0
110.773,0
110.88,12
110.987,36
111.094,0
111.2,36
111.307,0
111.414,12
111.521,0
111.628,8
111.735,21
111.842,22
111.949,0
112.056,19
112.163,0
112.269,5
112.376,15
112.483,0
112.59,12
112.697,14
112.804,0
112.911,0
113.018,0
113.125,0
113.232,0
113.339,41
113.445,41
113.552,3
113.659,0
113.766,0
113.873,21
113.98,15
114.087,37
114.194,0
114.301,0
114.408,0
114.515,16
114.621,8
114.728,0
114.835,0
114.942,8
115.049,0
115.156,0
115.263,3
115.37,25
115.477,0
115.584,0
115.69,13
115.797,0
115.904,5
116.011,0
116.118,0
116.225,13
116.332,0
116.439,25
116.546,1
116.653,0
116.76,0
116.866,0
116.973,0
117.08,0
117.187,20
117.294,17
117.401,26
117.508,8
117.615,16
117.722,11
117.829,23
117.936,0
118.042,0
118.149,12
118.256,12
118.363,0
118.47,0
118.577,0
118.684,16
118.791,10
118.898,3
119.005,0
119.112,21
119.218,0
119.325,0
119.432,2
119.539,32
119.646,0
119.753,15
119.86,3
119.967,0
120.074,16
120.181,0
120.287,18
120.394,7
120.501,0
120.608,0
120.715,17
120.822,25
120.929,0
121.036,0
121.143,21
121.25,7
121.357,0
121.463,1
121.57,2
121.677,19
121.784,0
121.891,0
121.998,0
122.105,0
122.212,21
122.319,17
122.426,0
122.533,5
122.639,26
122.746,0
122.853,7
122.96,0
123.067,0
123.174,7
123.281,0
123.388,0
123.495,4
123.602,2
123.709,0
123.815,0
123.922,0
124.029,43
124.136,12
124.243,26
124.35,16
124.457,2
124.564,0
124.671,17
124.778,26
124.885,4
124.991,16
125.098,0
125.205,28
125.312,0
125.419,0
125.526,21
125.633,10
125.74,0
125.847,9
125.954,5
126.061,0
126.167,0
126.274,0
126.381,12
126.488,5
126.595,0
126.702,12
126.809,0
126.916,0
127.023,0
127.13,17
127.236,0
127.343,0
127.45,6
127.557,3
127.664,4
127.771,15
127.878,0
127.985,1
128.092,8
128.199,0
128.306,9
128.412,23
128.519,0
128.626,21
128.733,24
128.84,0
128.947,0
129.054,6
129.161,0
129.268,0
129.375,19
129.482,17
129.588,7
129.695,3
129.802,0
129.909,0
130.016,0
130.123,22
130.23,0
130.337,0
130.444,0
130.551,0
130.658,26
130.764,6
130.871,0
130.978,0
131.085,12
131.192,0
131.299,0
131.406,18
131.513,0
131.62,0
131.727,0
131.834,12
131.94,26
132.047,10
132.154,3
132.261,6
132.368,20
132.475,15
132.582,13
132.689,2
132.796,0
132.903,0
133.01,0
133.116,0
133.223,0
133.33,0
133.437,0
133.544,11
133.651,0
133.758,0
133.865,0
133.972,16
134.079,2
134.186,22
134.292,0
134.399,10
134.506,0
134.613,0
134.72,32
134.827,25
134.934,17
135.041,0
135.148,15
135.255,19
135.362,0
135.468,0
135.575,6
135.682,17
135.789,17
135.896,0
136.003,0
136.11,6
136.217,0
136.324,9
136.431,15
136.538,0
136.644,0
136.751,16
136.858,0
136.965,28
137.072,14
137.179,0
137.286,3
137.393,12
137.5,0
137.607,31
137.714,12
137.82,14
137.927,0
138.034,13
138.141,20
138.248,0
138.355,0
138.462,0
138.569,0
138.676,0
138.783,0
138.89,0
138.996,19
139.103,0
139.21,0
139.317,22
139.424,0
139.531,2
139.638,0
139.745,18
139.852,9
139.959,0
140.065,0
140.172,2
140.279,11
140.386,13
140.493,0
140.6,26
140.707,0
140.814,0
140.921,22
141.028,36
141.135,4
141.241,0
141.348,2
141.455,21
141.562,1
141.669,15
141.776,7
141.883,18
141.99,15
142.097,20
142.204,0
142.311,0
142.417,0
142.524,0
142.631,15
142.738,6
142.845,0
142.952,0
143.059,14
143.166,0
143.273,1
143.38,0
143.487,2
143.593,0
143.7,4
143.807,0
143.914,32
144.021,3
144.128,22
144.235,6
144.342,0
144.449,0
144.556,0
144.663,0
144.769,0
144.876,0
144.983,14
145.09,16
145.197,0
145.304,0
145.411,8
145.518,9
145.625,14
145.732,0
145.839,8
145.945,0
146.052,0
146.159,0
146.266,0
146.373,0
146.48,4
146.587,0
146.694,21
146.801,6
146.908,17
147.015,18
147.121,2
147.228,0
147.335,0
147.442,7
147.549,2
147.656,0
147.763,0
147.87,1
147.977,11
148.084,0
148.191,0
148.297,0
148.404,0
148.511,0
148.618,4
148.725,8
148.832,21
148.939,0
149.046,0
149.153,4
149.26,8
149.367,4
149.473,0
149.58,3
149.687,9
149.794,0
149.901,0
150.008,14
150.115,0
150.222,0
150.329,0
150.436,0
150.543,10
150.649,0
150.756,0
150.863,26
150.97,2
151.077,0
151.184,3
151.291,13
151.398,0
151.505,0
151.612,8
151.719,0
151.825,32
151.932,3
152.039,23
152.146,0
152.253,0
152.36,0
152.467,0
152.574,0
152.681,0
152.788,3
152.894,0
153.001,0
153.108,11
153.215,12
153.322,0
153.429,23
153.536,0
153.643,32
153.75,27
153.857,0
153.964,28
154.07,0
154.177,0
154.284,0
154.391,0
154.498,23
154.605,0
154.712,1
154.819,0
154.926,0
155.033,10
155.14,17
155.246,17
155.353,0
155.46,2
155.567,0
155.674,0
155.781,0
155.888,0
155.995,0
156.102,28
156.209,5
156.316,1
156.422,0
156.529,13
156.636,8
156.743,0
156.85,0
156.957,3
157.064,0
157.171,0
157.278,0
157.385,1
157.492,17
157.598,0
157.705,17
157.812,4
157.919,0
158.026,0
158.133,0
158.24,2
158.347,5
158.454,13
158.561,40
158.668,0
158.774,0
158.881,19
158.988,0
159.095,8
159.202,0
159.309,12
159.416,3
159.523,0
159.63,0
159.737,11
159.844,34
159.95,58
160.057,48
160.164,32
160.271,0
160.378,0
160.485,0
160.592,0
160.699,0
160.806,0
160.913,8
161.019,0
161.126,0
161.233,4
161.34,19
161.447,36
161.554,11
161.661,0
161.768,0
161.875,0
161.982,0
162.089,0
162.195,0
162.302,0
162.409,0
162.516,0
162.623,16
162.73,22
162.837,0
162.944,0
163.051,0
163.158,9
163.265,24
163.371,0
163.478,14
163.585,17
163.692,4
163.799,0
163.906,0
164.013,20
164.12,12
164.227,11
164.334,0
164.441,0
164.547,0
164.654,0
164.761,0
164.868,10
164.975,0
165.082,10
165.189,0
165.296,0
165.403,16
165.51,15
165.616,0
165.723,0
165.83,11
165.937,0
166.044,0
166.151,13
166.258,4
166.365,0
166.472,0
166.579,0
166.686,0
166.792,25
166.899,12
167.006,14
167.113,0
167.22,2
167.327,22
167.434,0
167.541,8
167.648,8
167.755,6
167.862,0
167.968,26
168.075,0
168.182,2
168.289,0
168.396,2
168.503,0
168.61,11
168.717,7
168.824,0
168.931,18
169.037,0
169.144,4
169.251,30
169.358,2
169.465,0
169.572,15
169.679,0
169.786,3
169.893,15
170,0
170.107,15
170.213,0
170.32,0
170.427,25
170.534,36
170.641,9
170.748,25
170.855,12
170.962,0
171.069,0
171.176,2
171.283,0
171.389,0
171.496,0
171.603,32
171.71,0
171.817,0
171.924,10
172.031,0
172.138,0
172.245,0
172.352,7
172.458,21
172.565,16
172.672,8
172.779,4
172.886,6
172.993,0
173.1,0
173.207,4
173.314,35
173.421,2
173.528,4
173.634,0
173.741,17
173.848,0
173.955,0
174.062,5
174.169,0
174.276,16
174.383,2
174.49,13
174.597,17
174.704,18
174.81,0
174.917,0
175.024,2
175.131,0
175.238,0
175.345,11
175.452,8
175.559,18
175.666,5
175.773,0
175.879,10
175.986,45
176.093,4
176.2,10
176.307,10
176.414,0
176.521,7
176.628,6
176.735,13
176.842,7
176.949,0
177.055,0
177.162,0
177.269,0
177.376,0
177.483,44
177.59,40
177.697,22
177.804,0
177.911,6
178.018,0
178.124,15
178.231,0
178.338,4
178.445,0
178.552,0
178.659,0
178.766,20
178.873,0
178.98,10
179.087,6
179.194,0
179.3,0
179.407,38
179.514,0
179.621,0
179.728,0
179.835,2
179.942,18
180.049,29
180.156,0
180.263,0
180.369,4
180.476,0
180.583,8
180.69,4
180.797,22
180.904,4
181.011,8
181.118,19
181.225,0
181.332,0
181.439,28
181.545,80
181.652,58
181.759,7
181.866,0
181.973,0
182.08,10
182.187,23
182.294,16
182.401,0
182.508,16
182.614,2
182.721,27
182.828,0
182.935,0
183.042,10
183.149,21
183.256,5
183.363,4
183.47,0
183.577,6
183.683,7
183.79,0
183.897,7
184.004,4
184.111,15
184.218,17
184.325,0
184.432,17
184.539,35
184.646,0
184.753,26
184.859,87
184.966,7
185.073,18
185.18,0
185.287,5
185.394,27
185.501,15
185.608,0
185.715,0
185.822,0
185.928,7
186.035,10
186.142,153
186.249,258
186.356,149
186.463,35
186.57,0
186.677,0
186.784,1
186.891,0
186.997,0
187.104,7
187.211,0
187.318,0
187.425,2
187.532,20
187.639,13
187.746,0
187.853,3
187.96,0
188.067,0
188.173,52
188.28,26
188.387,0
188.494,0
188.601,3
188.708,0
188.815,14
188.922,0
189.029,0
189.136,9
189.242,14
189.349,0
189.456,5
189.563,18
189.67,17
189.777,29
189.884,3
189.991,0
190.098,12
190.205,37
190.311,17
190.418,2
190.525,0
190.632,14
190.739,0
190.846,19
190.953,0
191.06,0
191.167,0
191.274,0
191.38,0
191.487,23
191.594,0
191.701,9
191.808,0
191.915,0
192.022,16
192.129,6
192.236,2
192.343,7
192.45,10
192.556,0
192.663,19
192.77,2
192.877,6
192.984,0
193.091,13
193.198,6
193.305,0
193.412,1
193.519,25
193.625,0
193.732,0
193.839,24
193.946,6
194.053,8
194.16,0
194.267,0
194.374,0
194.481,2
194.588,1
194.694,0
194.801,0
194.908,24
195.015,0
195.122,0
195.229,7
195.336,0
195.443,8
195.55,0
195.657,0
195.763,16
195.87,0
195.977,0
196.084,0
196.191,0
196.298,0
196.405,0
196.512,8
196.619,0
196.726,3
196.832,0
196.939,8
197.046,15
197.153,29
197.26,0
197.367,0
197.474,0
197.581,14
197.688,0
197.795,0
197.901,0
198.008,0
198.115,3
198.222,7
198.329,0
198.436,2
198.543,6
198.65,0
198.757,14
198.864,50
198.97,46
199.077,0
199.184,0
199.291,0
199.398,3
199.505,0
199.612,0
199.719,22
199.826,26
199.933,22
200.039,0
200.146,0
200.253,0
200.36,17
200.467,0
200.574,3
200.681,5
200.788,20
200.895,11
201.002,0
201.108,0
201.215,0
201.322,0
201.429,19
201.536,7
201.643,0
201.75,4
201.857,27
201.964,11
202.071,14
202.177,7
202.284,9
202.391,20
202.498,9
202.605,0
202.712,0
202.819,2
202.926,7
203.033,0
203.14,5
203.246,24
203.353,0
203.46,7
203.567,0
203.674,9
203.781,0
203.888,7
203.995,0
204.102,0
204.208,11
204.315,0
204.422,0
204.529,13
204.636,28
204.743,2
204.85,0
204.957,0
205.064,25
205.171,0
205.277,4
205.384,0
205.491,18
205.598,0
205.705,0
205.812,7
205.919,0
206.026,20
206.133,1
206.24,0
206.346,0
206.453,0
206.56,0
206.667,13
206.774,0
206.881,0
206.988,10
207.095,24
207.202,0
207.309,6
207.415,3
207.522,1
207.629,9
207.736,24
207.843,19
207.95,0
208.057,19
208.164,0
208.271,0
208.377,1
208.484,5
208.591,0
208.698,21
208.805,12
208.912,0
209.019,21
209.126,4
209.233,7
209.34,0
209.446,0
209.553,30
209.66,5
209.767,0
209.874,0
209.981,3
210.088,4
210.195,28
210.302,2
210.409,5
210.515,0
210.622,0
210.729,0
210.836,0
210.943,0
211.05,0
211.157,9
211.264,0
211.371,7
211.477,0
211.584,11
211.691,14
211.798,5
211.905,1
212.012,14
212.119,3
212.226,6
212.333,0
212.44,25
212.546,0
212.653,5
212.76,8
212.867,0
212.974,0
213.081,0
213.188,12
213.295,1
213.402,0
213.508,0
213.615,1
213.722,22
213.829,17
213.936,0
214.043,4
214.15,0
214.257,8
214.364,0
214.471,0
214.577,0
214.684,8
214.791,0
214.898,0
215.005,0
215.112,18
215.219,9
215.326,23
215.433,0
215.539,1
215.646,0
215.753,0
215.86,9
215.967,6
216.074,6
216.181,0
216.288,0
216.395,0
216.502,8
216.608,40
216.715,30
216.822,0
216.929,26
217.036,18
217.143,20
217.25,0
217.357,1
217.464,0
217.57,0
217.677,0
217.784,10
217.891,28
217.998,0
218.105,14
218.212,0
218.319,0
218.426,8
218.532,0
218.639,0
218.746,0
218.853,0
218.96,0
219.067,0
219.174,0
219.281,11
219.388,0
219.495,0
219.601,0
219.708,0
219.815,21
219.922,20
220.029,0
220.136,5
220.243,29
220.35,30
220.457,0
220.563,0
220.67,0
220.777,15
220.884,0
220.991,0
221.098,39
221.205,0
221.312,0
221.419,0
221.525,15
221.632,31
221.739,7
221.846,0
221.953,25
222.06,10
222.167,0
222.274,0
222.381,4
222.488,0
222.594,8
222.701,0
222.808,13
222.915,16
223.022,6
223.129,0
223.236,6
223.343,13
223.45,0
223.556,25
223.663,13
223.77,27
223.877,8
223.984,17
224.091,0
224.198,23
224.305,8
224.412,0
224.518,13
224.625,0
224.732,0
224.839,6
224.946,13
225.053,0
225.16,0
225.267,5
225.374,0
225.48,0
225.587,4
225.694,3
225.801,0
225.908,0
226.015,0
226.122,18
226.229,1
226.336,2
226.442,0
226.549,16
226.656,12
226.763,0
226.87,0
226.977,17
227.084,2
227.191,0
227.298,15
227.404,0
227.511,7
227.618,1
227.725,6
227.832,2
227.939,0
228.046,8
228.153,0
228.26,13
228.366,0
228.473,10
228.58,7
228.687,24
228.794,1
228.901,6
229.008,66
229.115,8
229.222,28
229.328,0
229.435,2
229.542,3
229.649,17
229.756,9
229.863,14
229.97,0
230.077,11
230.184,14
230.29,14
230.397,17
230.504,0
230.611,11
230.718,0
230.825,16
230.932,42
231.039,23
231.146,0
231.252,0
231.359,11
231.466,5
231.573,0
231.68,7
231.787,11
231.894,0
232.001,3
232.108,7
232.214,0
232.321,19
232.428,9
232.535,0
232.642,29
232.749,23
232.856,14
232.963,27
233.07,12
233.176,13
233.283,26
233.39,18
233.497,0
233.604,0
233.711,0
233.818,4
233.925,0
234.031,10
234.138,14
234.245,11
234.352,1
234.459,25
234.566,34
234.673,14
234.78,10
234.887,0
234.993,0
235.1,16
235.207,0
235.314,0
235.421,0
235.528,0
235.635,0
235.742,0
235.849,36
235.955,24
236.062,13
236.169,17
236.276,0
236.383,6
236.49,12
236.597,19
236.704,2
236.81,0
236.917,12
237.024,37
237.131,11
237.238,2
237.345,6
237.452,0
237.559,0
237.666,28
237.772,0
237.879,17
237.986,8
238.093,25
238.2,0
238.307,1
238.414,4
238.521,0
238.628,5
238.734,12
238.841,32
238.948,3
239.055,22
239.162,20
239.269,22
239.376,45
239.483,0
239.589,0
239.696,0
239.803,11
239.91,0
240.017,0
240.124,0
240.231,0
240.338,0
240.445,3
240.551,0
240.658,0
240.765,26
240.872,0
240.979,0
241.086,30
241.193,0
241.3,0
241.406,0
241.513,0
241.62,29
241.727,16
241.834,15
241.941,0
242.048,0
242.155,2
242.262,0
242.368,0
242.475,19
242.582,0
242.689,0
242.796,14
242.903,12
243.01,33
243.117,6
243.223,0
243.33,0
243.437,13
243.544,8
243.651,0
243.758,12
243.865,19
243.972,23
244.079,10
244.185,2
244.292,0
244.399,22
244.506,11
244.613,7
244.72,34
244.827,0
244.934,8
245.04,19
245.147,0
245.254,0
245.361,23
245.468,0
245.575,0
245.682,3
245.789,13
245.896,7
246.002,23
246.109,6
246.216,23
246.323,27
246.43,0
246.537,0
246.644,10
246.751,14
246.857,8
246.964,0
247.071,2
247.178,22
247.285,8
247.392,0
247.499,6
247.606,0
247.712,10
247.819,0
247.926,0
248.033,6
248.14,46
248.247,0
248.354,0
248.461,0
248.567,24
248.674,2
248.781,0
248.888,0
248.995,12
249.102,8
249.209,16
249.316,10
249.423,40
249.529,18
249.636,0
249.743,14
249.85,0
249.957,0
250.064,0
250.171,19
250.278,0
250.384,0
250.491,24
250.598,24
250.705,0
250.812,24
250.919,2
251.026,2
251.133,1
251.239,0
251.346,8
251.453,26
251.56,6
251.667,16
251.774,33
251.881,30
251.988,21
252.094,0
252.201,0
252.308,47
252.415,29
252.522,5
252.629,0
252.736,0
252.843,23
252.949,0
253.056,1
253.163,16
253.27,21
253.377,28
253.484,0
253.591,0
253.698,0
253.804,7
253.911,28
254.018,0
254.125,0
254.232,15
254.339,5
254.446,0
254.553,27
254.659,8
254.766,5
254.873,0
254.98,25
255.087,0
255.194,0
255.301,6
255.408,5
255.514,16
255.621,1
255.728,33
255.835,9
255.942,0
256.049,9
256.156,0
256.263,0
256.369,7
256.476,5
256.583,0
256.69,0
256.797,5
256.904,15
257.011,32
257.118,14
257.224,0
257.331,30
257.438,30
257.545,0
257.652,18
257.759,5
257.866,9
257.973,3
258.079,8
258.186,0
258.293,7
258.4,0
258.507,0
258.614,8
258.721,33
258.828,10
258.934,31
259.041,26
259.148,0
259.255,0
259.362,28
259.469,26
259.576,8
259.683,7
259.789,5
259.896,15
260.003,63
260.11,67
260.217,18
260.324,18
260.431,6
260.537,15
260.644,20
260.751,0
260.858,7
260.965,6
261.072,3
261.179,0
261.286,0
261.392,0
261.499,7
261.606,12
261.713,14
261.82,2
261.927,0
262.034,12
262.141,25
262.247,0
262.354,3
262.461,0
262.568,8
262.675,13
262.782,0
262.889,0
262.996,40
263.102,29
263.209,0
263.316,4
263.423,22
263.53,10
263.637,3
263.744,9
263.85,19
263.957,0
264.064,9
264.171,19
264.278,6
264.385,0
264.492,15
264.599,5
264.705,0
264.812,0
264.919,25
265.026,6
265.133,0
265.24,0
265.347,0
265.454,0
265.56,20
265.667,5
265.774,28
265.881,0
265.988,17
266.095,16
266.202,14
266.308,23
266.415,0
266.522,16
266.629,16
266.736,4
266.843,13
266.95,0
267.057,2
267.163,13
267.27,25
267.377,25
267.484,5
267.591,0
267.698,5
267.805,32
267.911,9
268.018,0
268.125,0
268.232,0
268.339,14
268.446,0
268.553,5
268.66,30
268.766,27
268.873,7
268.98,23
269.087,6
269.194,0
269.301,16
269.408,0
269.514,31
269.621,0
269.728,0
269.835,5
269.942,4
270.049,25
270.156,0
270.263,11
270.369,3
270.476,0
270.583,14
270.69,26
270.797,3
270.904,7
271.011,0
271.117,6
271.224,19
271.331,5
271.438,0
271.545,0
271.652,0
271.759,0
271.866,0
271.972,0
272.079,11
272.186,17
272.293,7
272.4,0
272.507,0
272.614,39
272.72,4
272.827,2
272.934,0
273.041,0
273.148,13
273.255,17
273.362,0
273.468,8
273.575,8
273.682,63
273.789,31
273.896,10
274.003,0
274.11,13
274.217,16
274.323,17
274.43,0
274.537,2
274.644,27
274.751,18
274.858,0
274.965,0
275.071,26
275.178,18
275.285,0
275.392,16
275.499,10
275.606,43
275.713,0
275.819,0
275.926,4
276.033,0
276.14,0
276.247,0
276.354,15
276.461,4
276.567,0
276.674,19
276.781,12
276.888,17
276.995,28
277.102,20
277.209,12
277.315,0
277.422,21
277.529,0
277.636,0
277.743,14
277.85,11
277.957,9
278.064,7
278.17,31
278.277,0
278.384,0
278.491,22
278.598,0
278.705,16
278.812,18
278.918,10
279.025,14
279.132,0
279.239,0
279.346,0
279.453,5
279.56,7
279.666,0
279.773,0
279.88,19
279.987,37
280.094,38
280.201,20
280.308,15
280.414,19
280.521,0
280.628,0
280.735,14
280.842,0
280.949,0
281.056,0
281.162,9
281.269,0
281.376,10
281.483,0
281.59,0
281.697,22
281.804,0
281.91,0
282.017,0
282.124,30
282.231,1
282.338,0
282.445,6
282.552,14
282.658,0
282.765,0
282.872,0
282.979,4
283.086,0
283.193,4
283.3,0
283.406,0
283.513,5
283.62,10
283.727,0
283.834,0
283.941,14
284.048,15
284.154,0
284.261,8
284.368,3
284.475,35
284.582,0
284.689,24
284.796,26
284.902,14
285.009,3
285.116,12
285.223,22
285.33,17
285.437,4
285.544,31
285.65,0
285.757,0
285.864,0
285.971,2
286.078,0
286.185,0
286.292,0
286.398,13
286.505,12
286.612,9
286.719,16
286.826,11
286.933,11
287.039,0
287.146,0
287.253,0
287.36,4
287.467,0
287.574,32
287.681,12
287.787,0
287.894,35
288.001,0
288.108,0
288.215,26
288.322,0
288.429,0
288.535,19
288.642,17
288.749,0
288.856,0
288.963,18
289.07,0
289.177,6
289.283,0
289.39,0
289.497,0
289.604,6
289.711,21
289.818,0
289.924,14
290.031,14
290.138,0
290.245,13
290.352,13
290.459,0
290.566,0
290.672,6
290.779,0
290.886,4
290.993,0
291.1,0
291.207,17
291.314,0
291.42,0
291.527,0
291.634,2
291.741,13
291.848,0
291.955,5
292.062,12
292.168,7
292.275,0
292.382,28
292.489,0
292.596,0
292.703,0
292.809,0
292.916,0
293.023,7
293.13,0
293.237,32
293.344,13
293.451,0
293.557,10
293.664,14
293.771,22
293.878,0
293.985,0
294.092,23
294.198,0
294.305,6
294.412,17
294.519,0
294.626,3
294.733,18
294.84,0
294.946,0
295.053,52
295.16,51
295.267,0
295.374,0
295.481,0
295.588,7
295.694,0
295.801,0
295.908,0
296.015,13
296.122,0
296.229,0
296.335,29
296.442,16
296.549,0
296.656,5
296.763,0
296.87,17
296.977,3
297.083,19
297.19,0
297.297,16
297.404,11
297.511,10
297.618,0
297.724,0
297.831,2
297.938,34
298.045,7
298.152,17
298.259,13
298.365,29
298.472,5
298.579,0
298.686,0
298.793,0
298.9,1
299.007,0
299.113,0
299.22,29
299.327,15
299.434,0
299.541,3
299.648,33
299.754,12
299.861,0
299.968,9
300.075,0
300.182,1
300.289,0
300.396,14
300.502,0
300.609,0
300.716,0
300.823,20
300.93,22
301.037,0
301.143,0
301.25,17
301.357,45
301.464,23
301.571,26
301.678,16
301.784,0
301.891,8
301.998,3
302.105,0
302.212,4
302.319,2
302.426,4
302.532,7
302.639,0
302.746,0
302.853,0
302.96,16
303.067,17
303.173,13
303.28,0
303.387,0
303.494,28
303.601,4
303.708,0
303.814,0
303.921,0
304.028,0
304.135,6
304.242,8
304.349,0
304.456,0
304.562,22
304.669,18
304.776,0
304.883,17
304.99,2
305.097,4
305.203,16
305.31,0
305.417,6
305.524,0
305.631,0
305.738,33
305.844,21
305.951,0
306.058,0
306.165,17
306.272,11
306.379,0
306.485,0
306.592,0
306.699,0
306.806,0
306.913,10
307.02,0
307.126,0
307.233,4
307.34,0
307.447,0
307.554,10
307.661,13
307.767,0
307.874,1
307.981,8
308.088,0
308.195,23
308.302,0
308.409,5
308.515,0
308.622,0
308.729,0
308.836,11
308.943,14
309.05,0
309.156,7
309.263,0
309.37,0
309.477,6
309.584,12
309.691,0
309.797,3
309.904,12
310.011,0
310.118,2
310.225,3
310.332,0
310.438,0
310.545,0
310.652,0
310.759,6
310.866,0
310.973,30
311.079,18
311.186,2
311.293,10
311.4,6
311.507,4
311.614,28
311.72,14
311.827,0
311.934,0
312.041,14
312.148,3
312.255,0
312.361,0
312.468,0
312.575,2
312.682,13
312.789,19
312.896,33
313.002,24
313.109,38
313.216,24
313.323,0
313.43,0
313.537,0
313.643,0
313.75,0
313.857,0
313.964,0
314.071,0
314.178,16
314.284,16
314.391,4
314.498,0
314.605,5
314.712,9
314.819,14
314.925,2
315.032,0
315.139,19
315.246,14
315.353,0
315.46,2
315.566,32
315.673,6
315.78,9
315.887,4
315.994,17
316.1,0
316.207,0
316.314,0
316.421,22
316.528,36
316.635,5
316.741,0
316.848,0
316.955,12
317.062,5
317.169,0
317.276,10
317.382,32
317.489,6
317.596,0
317.703,11
317.81,20
317.917,8
318.023,7
318.13,6
318.237,6
318.344,22
318.451,0
318.558,0
318.664,42
318.771,6
318.878,0
318.985,1
319.092,0
319.199,27
319.305,0
319.412,0
319.519,0
319.626,18
319.733,27
319.839,0
319.946,0
320.053,0
320.16,3
320.267,4
320.374,0
320.48,9
320.587,13
320.694,20
320.801,8
320.908,11
321.015,0
321.121,1
321.228,1
321.335,8
321.442,0
321.549,0
321.655,0
321.762,21
321.869,27
321.976,10
322.083,0
322.19,5
322.296,6
322.403,17
322.51,16
322.617,14
322.724,0
322.831,3
322.937,4
323.044,0
323.151,0
323.258,8
323.365,27
323.472,19
323.578,0
323.685,0
323.792,14
323.899,25
324.006,0
324.112,10
324.219,24
324.326,17
324.433,20
324.54,5
324.647,3
324.753,0
324.86,15
324.967,0
325.074,0
325.181,10
325.287,11
325.394,0
325.501,8
325.608,18
325.715,23
325.822,0
325.928,0
326.035,5
326.142,0
326.249,0
326.356,0
326.463,0
326.569,0
326.676,0
326.783,0
326.89,0
326.997,0
327.103,36
327.21,57
327.317,21
327.424,0
327.531,22
327.638,34
327.744,0
327.851,70
327.958,115
328.065,26
328.172,0
328.278,0
328.385,25
328.492,2
328.599,9
328.706,6
328.813,4
328.919,4
329.026,29
329.133,14
329.24,11
329.347,0
329.453,21
329.56,4
329.667,15
329.774,0
329.881,4
329.988,28
330.094,6
330.201,0
330.308,0
330.415,0
330.522,24
330.628,70
330.735,35
330.842,7
330.949,4
331.056,0
331.162,0
331.269,0
331.376,17
331.483,9
331.59,0
331.697,0
331.803,0
331.91,0
332.017,0
332.124,0
332.231,0
332.337,0
332.444,2
332.551,0
332.658,12
332.765,0
332.872,0
332.978,0
333.085,0
333.192,2
333.299,6
333.406,0
333.512,0
333.619,11
333.726,6
333.833,0
333.94,0
334.046,0
334.153,0
334.26,11
334.367,0
334.474,0
334.581,17
334.687,0
334.794,13
334.901,0
335.008,10
335.115,19
335.221,8
335.328,27
335.435,0
335.542,12
335.649,8
335.755,16
335.862,26
335.969,0
336.076,0
336.183,0
336.29,11
336.396,0
336.503,0
336.61,0
336.717,14
336.824,0
336.93,0
337.037,7
337.144,25
337.251,11
337.358,0
337.464,2
337.571,0
337.678,0
337.785,0
337.892,28
337.998,0
338.105,0
338.212,0
338.319,8
338.426,9
338.533,0
338.639,8
338.746,40
338.853,6
338.96,0
339.067,0
339.173,6
339.28,0
339.387,27
339.494,7
339.601,0
339.707,0
339.814,29
339.921,6
340.028,13
340.135,1
340.241,14
340.348,2
340.455,0
340.562,12
340.669,16
340.775,1
340.882,39
340.989,18
341.096,15
341.203,0
341.309,0
341.416,26
341.523,11
341.63,0
341.737,0
341.844,9
341.95,0
342.057,15
342.164,8
342.271,9
342.378,4
342.484,18
342.591,16
342.698,0
342.805,8
342.912,0
343.018,0
343.125,1
343.232,0
343.339,36
343.446,13
343.552,15
343.659,7
343.766,8
343.873,2
343.98,0
344.086,0
344.193,0
344.3,9
344.407,19
344.514,4
344.62,0
344.727,7
344.834,19
344.941,0
345.048,0
345.154,9
345.261,0
345.368,21
345.475,0
345.582,30
345.688,0
345.795,11
345.902,0
346.009,22
346.116,37
346.222,0
346.329,0
346.436,0
346.543,30
346.65,15
346.756,0
346.863,4
346.97,11
347.077,3
347.184,0
347.29,32
347.397,16
347.504,0
347.611,0
347.718,0
347.824,36
347.931,0
348.038,10
348.145,0
348.252,3
348.358,0
348.465,34
348.572,43
348.679,35
348.786,0
348.892,0
348.999,0
349.106,0
349.213,0
349.32,3
349.426,0
349.533,0
349.64,0
349.747,28
349.854,0
349.96,0
350.067,6
350.174,0
350.281,14
350.388,20
350.494,3
350.601,11
350.708,17
350.815,0
350.922,7
351.028,23
351.135,8
351.242,0
351.349,1
351.456,0
351.562,22
351.669,0
351.776,10
351.883,20
351.989,0
352.096,0
352.203,0
352.31,9
352.417,0
352.523,0
352.63,13
352.737,18
352.844,13
352.951,21
353.057,0
353.164,11
353.271,23
353.378,8
353.485,0
353.591,9
353.698,12
353.805,6
353.912,19
354.019,0
354.125,5
354.232,32
354.339,0
354.446,0
354.553,2
354.659,0
354.766,13
354.873,4
354.98,2
355.086,16
355.193,5
355.3,0
355.407,0
355.514,0
355.62,0
355.727,6
355.834,6
355.941,0
356.048,34
356.154,38
356.261,4
356.368,8
356.475,18
356.582,34
356.688,0
356.795,0
356.902,0
357.009,0
357.115,0
357.222,6
357.329,0
357.436,0
357.543,1
357.649,0
357.756,10
357.863,0
357.97,2
358.077,5
358.183,0
358.29,0
358.397,0
358.504,22
358.61,0
358.717,0
358.824,5
358.931,0
359.038,0
359.144,33
359.251,36
359.358,0
359.465,16
359.572,8
359.678,0
359.785,0
359.892,0
359.999,0
360.105,0
360.212,4
360.319,0
360.426,0
360.533,0
360.639,0
360.746,0
360.853,0
360.96,14
361.067,0
361.173,12
361.28,18
361.387,0
361.494,0
361.6,13
361.707,0
361.814,0
361.921,33
362.028,0
362.134,5
362.241,0
362.348,0
362.455,4
362.562,0
362.668,24
362.775,10
362.882,0
362.989,17
363.095,0
363.202,13
363.309,5
363.416,0
363.523,3
363.629,10
363.736,0
363.843,0
363.95,0
364.056,0
364.163,52
364.27,118
364.377,60
364.484,20
364.59,0
364.697,0
364.804,0
364.911,0
365.017,0
365.124,0
365.231,9
365.338,5
365.445,0
365.551,0
365.658,28
365.765,0
365.872,19
365.979,0
366.085,16
366.192,1
366.299,12
366.406,0
366.512,0
366.619,0
366.726,5
366.833,5
366.94,2
367.046,1
367.153,19
367.26,20
367.367,12
367.473,13
367.58,0
367.687,0
367.794,8
367.9,3
368.007,11
368.114,0
368.221,21
368.328,16
368.434,0
368.541,18
368.648,8
368.755,0
368.861,0
368.968,0
369.075,0
369.182,5
369.289,30
369.395,0
369.502,12
369.609,13
369.716,0
369.822,28
369.929,32
370.036,0
370.143,0
370.25,0
370.356,0
370.463,0
370.57,0
370.677,3
370.783,29
370.89,60
370.997,14
371.104,0
371.211,21
371.317,12
371.424,4
371.531,0
371.638,1
371.744,0
371.851,0
371.958,0
372.065,46
372.171,0
372.278,0
372.385,9
372.492,15
372.599,0
372.705,0
372.812,15
372.919,3
373.026,11
373.132,13
373.239,0
373.346,0
373.453,0
373.559,16
373.666,0
373.773,0
373.88,0
373.987,0
374.093,0
374.2,20
374.307,2
374.414,0
374.52,0
374.627,18
374.734,0
374.841,9
374.947,1
375.054,0
375.161,6
375.268,0
375.375,0
375.481,4
375.588,18
375.695,3
375.802,0
375.908,16
376.015,10
376.122,0
376.229,0
376.335,3
376.442,0
376.549,0
376.656,17
376.763,4
376.869,1
376.976,0
377.083,0
377.19,0
377.296,0
377.403,0
377.51,0
377.617,0
377.723,0
377.83,6
377.937,15
378.044,0
378.15,4
378.257,20
378.364,4
378.471,0
378.578,8
378.684,0
378.791,10
378.898,0
379.005,4
379.111,0
379.218,0
379.325,4
379.432,0
379.538,10
379.645,0
379.752,0
379.859,16
379.965,23
380.072,0
380.179,0
380.286,0
380.392,0
380.499,36
380.606,26
380.713,10
380.82,6
380.926,0
381.033,0
381.14,0
381.247,24
381.353,0
381.46,9
381.567,6
381.674,19
381.78,0
381.887,0
381.994,28
382.101,0
382.207,0
382.314,11
382.421,6
382.528,6
382.634,0
382.741,0
382.848,15
382.955,0
383.061,6
383.168,3
383.275,0
383.382,0
383.488,13
383.595,0
383.702,1
383.809,38
383.916,27
384.022,0
384.129,0
384.236,0
384.343,3
384.449,3
384.556,0
384.663,0
384.77,0
384.876,3
384.983,0
385.09,0
385.197,0
385.303,47
385.41,28
385.517,56
385.624,0
385.73,15
385.837,9
385.944,0
386.051,0
386.157,21
386.264,12
386.371,0
386.478,0
386.584,1
386.691,1
386.798,0
386.905,0
387.011,5
387.118,22
387.225,9
387.332,3
387.438,0
387.545,0
387.652,0
387.759,2
387.865,8
387.972,0
388.079,0
388.186,18
388.292,13
388.399,0
388.506,5
388.613,5
388.719,0
388.826,9
388.933,8
389.04,0
389.146,0
389.253,8
389.36,59
389.467,97
389.573,64
389.68,28
389.787,0
389.894,0
390,0
390.107,0
390.214,14
390.321,4
390.427,9
390.534,2
390.641,18
390.748,0
390.854,0
390.961,0
391.068,0
391.175,20
391.281,0
391.388,0
391.495,0
391.602,9
391.708,0
391.815,0
391.922,0
392.029,29
392.135,0
392.242,8
392.349,17
392.456,32
392.562,0
392.669,0
392.776,6
392.883,4
392.989,0
393.096,0
393.203,0
393.31,5
393.416,0
393.523,24
393.63,8
393.737,10
393.843,0
393.95,11
394.057,0
394.164,0
394.27,5
394.377,17
394.484,16
394.591,0
394.697,0
394.804,5
394.911,18
395.018,0
395.124,0
395.231,6
395.338,8
395.445,0
395.551,12
395.658,0
395.765,17
395.871,8
395.978,0
396.085,0
396.192,0
396.298,16
396.405,0
396.512,0
396.619,5
396.725,0
396.832,8
396.939,11
397.046,0
397.152,0
397.259,0
397.366,0
397.473,9
397.579,0
397.686,24
397.793,0
397.9,2
398.006,0
398.113,0
398.22,0
398.327,0
398.433,14
398.54,0
398.647,9
398.753,6
398.86,0
398.967,16
399.074,18
399.18,0
399.287,0
399.394,19
399.501,0
399.607,0
399.714,0
399.821,0
399.928,0
400.034,0
400.141,14
400.248,0
400.355,18
400.461,6
400.568,0
400.675,0
400.781,19
400.888,0
400.995,0
401.102,0
401.208,0
401.315,0
401.422,0
401.529,1
401.635,30
401.742,24
401.849,22
401.956,22
402.062,10
402.169,0
402.276,0
402.382,0
402.489,5
402.596,0
402.703,26
402.809,1
402.916,0
403.023,0
403.13,0
403.236,0
403.343,0
403.45,0
403.557,8
403.663,5
403.77,10
403.877,0
403.983,0
404.09,0
404.197,0
404.304,0
404.41,0
404.517,1
404.624,0
404.731,7
404.837,2
404.944,0
405.051,0
405.158,0
405.264,2
405.371,50
405.478,23
405.584,1
405.691,0
405.798,25
405.905,0
406.011,0
406.118,0
406.225,18
406.332,18
406.438,2
406.545,1
406.652,12
406.758,71
406.865,54
406.972,20
407.079,11
407.185,9
407.292,0
407.399,1
407.506,27
407.612,0
407.719,0
407.826,0
407.932,5
408.039,3
408.146,0
408.253,20
408.359,9
408.466,0
408.573,0
408.68,15
408.786,59
408.893,76
409,47
409.106,0
409.213,7
409.32,0
409.427,0
409.533,18
409.64,30
409.747,68
409.853,66
409.96,51
410.067,0
410.174,0
410.28,25
410.387,0
410.494,17
410.601,0
410.707,13
410.814,7
410.921,0
411.027,0
411.134,11
411.241,0
411.348,0
411.454,8
411.561,58
411.668,73
411.774,33
411.881,0
411.988,9
412.095,15
412.201,5
412.308,84
412.415,55
412.522,50
412.628,0
412.735,12
412.842,56
412.948,46
413.055,39
413.162,0
413.269,0
413.375,35
413.482,210
413.589,188
413.695,74
413.802,0
413.909,0
414.016,0
414.122,29
414.229,0
414.336,0
414.442,0
414.549,0
414.656,19
414.763,13
414.869,5
414.976,0
415.083,8
415.189,8
415.296,34
415.403,61
415.51,0
415.616,0
415.723,22
415.83,26
415.936,18
416.043,2
416.15,0
416.257,12
416.363,9
416.47,0
416.577,18
416.683,132
416.79,313
416.897,349
417.004,146
417.11,19
417.217,0
417.324,0
417.43,0
417.537,0
417.644,0
417.751,23
417.857,68
417.964,83
418.071,27
418.177,5
418.284,3
418.391,0
418.498,9
418.604,16
418.711,41
418.818,6
418.924,1
419.031,0
419.138,20
419.245,41
419.351,118
419.458,61
419.565,20
419.671,5
419.778,0
419.885,1
419.992,6
420.098,16
420.205,0
420.312,2
420.418,0
420.525,45
420.632,129
420.738,190
420.845,96
420.952,25
421.059,0
421.165,0
421.272,34
421.379,165
421.485,124
421.592,59
421.699,0
421.806,0
421.912,0
422.019,28
422.126,27
422.232,0
422.339,6
422.446,15
422.552,19
422.659,26
422.766,54
422.873,33
422.979,53
423.086,49
423.193,83
423.299,69
423.406,66
423.513,83
423.62,58
423.726,26
423.833,1
423.94,0
424.046,59
424.153,190
424.26,147
424.366,44
424.473,0
424.58,0
424.687,4
424.793,26
424.9,36
425.007,0
425.113,14
425.22,3
425.327,16
425.433,0
425.54,22
425.647,25
425.754,83
425.86,60
425.967,83
426.074,4
426.18,0
426.287,0
426.394,31
426.5,13
426.607,0
426.714,0
426.821,16
426.927,0
427.034,0
427.141,0
427.247,0
427.354,36
427.461,8
427.567,0
427.674,0
427.781,0
427.888,8
427.994,0
428.101,76
428.208,60
428.314,4
428.421,0
428.528,0
428.634,1
428.741,0
428.848,2
428.955,0
429.061,14
429.168,21
429.275,0
429.381,44
429.488,65
429.595,39
429.701,12
429.808,19
429.915,112
430.021,203
430.128,110
430.235,21
430.342,0
430.448,0
430.555,0
430.662,64
430.768,115
430.875,59
430.982,4
431.088,0
431.195,0
431.302,30
431.409,4
431.515,0
431.622,15
431.729,13
431.835,0
431.942,10
432.049,12
432.155,0
432.262,0
432.369,13
432.475,23
432.582,0
432.689,8
432.796,28
432.902,0
433.009,2
433.116,29
433.222,79
433.329,55
433.436,31
433.542,10
433.649,0
433.756,0
433.862,40
433.969,7
434.076,0
434.182,0
434.289,0
434.396,0
434.503,7
434.609,39
434.716,0
434.823,25
434.929,17
435.036,0
435.143,0
435.249,0
435.356,5
435.463,0
435.569,7
435.676,0
435.783,10
435.889,0
435.996,16
436.103,5
436.21,0
436.316,0
436.423,8
436.53,0
436.636,0
436.743,20
436.85,11
436.956,0
437.063,2
437.17,21
437.276,26
437.383,32
437.49,0
437.596,0
437.703,34
437.81,26
437.916,27
438.023,0
438.13,49
438.237,195
438.343,205
438.45,130
438.557,23
438.663,2
438.77,0
438.877,25
438.983,0
439.09,0
439.197,79
439.303,61
439.41,24
439.517,15
439.623,0
439.73,37
439.837,17
439.943,0
440.05,0
440.157,12
440.263,8
440.37,22
440.477,37
440.583,0
440.69,0
440.797,0
440.904,3
441.01,0
441.117,10
441.224,2
441.33,0
441.437,0
441.544,28
441.65,12
441.757,4
441.864,0
441.97,4
442.077,0
442.184,6
442.29,17
442.397,4
442.504,40
442.61,10
442.717,0
442.824,0
442.93,32
443.037,14
443.144,6
443.25,0
443.357,0
443.464,0
443.57,16
443.677,0
443.784,6
443.89,26
443.997,2
444.104,0
444.21,14
444.317,0
444.424,0
444.53,29
444.637,28
444.744,0
444.851,0
444.957,0
445.064,5
445.171,3
445.277,4
445.384,0
445.491,11
445.597,0
445.704,0
445.811,2
445.917,12
446.024,0
446.131,0
446.237,17
446.344,11
446.451,34
446.557,0
446.664,6
446.771,1
446.877,10
446.984,15
447.091,2
447.197,0
447.304,9
447.411,21
447.517,0
447.624,0
447.731,0
447.837,21
447.944,11
448.051,0
448.157,7
448.264,22
448.371,0
448.477,0
448.584,0
448.691,9
448.797,15
448.904,0
449.011,2
449.117,10
449.224,0
449.331,5
449.437,0
449.544,0
449.651,1
449.757,17
449.864,0
449.971,0
450.077,0
450.184,15
450.291,18
450.397,12
450.504,0
450.611,0
450.717,8
450.824,0
450.931,0
451.037,0
451.144,17
451.251,2
451.357,11
451.464,9
451.571,0
451.677,0
451.784,12
451.891,1
451.997,0
452.104,0
452.21,29
452.317,66
452.424,29
452.53,17
452.637,0
452.744,0
452.85,19
452.957,0
453.064,6
453.17,122
453.277,94
453.384,15
453.49,0
453.597,5
453.704,3
453.81,0
453.917,16
454.024,0
454.13,2
454.237,28
454.344,21
454.45,17
454.557,11
454.664,0
454.77,29
454.877,28
454.984,0
455.09,0
455.197,22
455.304,38
455.41,19
455.517,0
455.624,0
455.73,0
455.837,4
455.944,8
456.05,144
456.157,134
456.263,74
456.37,0
456.477,0
456.583,0
456.69,0
456.797,17
456.903,24
457.01,0
457.117,3
457.223,23
457.33,20
457.437,19
457.543,0
457.65,3
457.757,0
457.863,7
457.97,0
458.077,3
458.183,7
458.29,0
458.397,6
458.503,4
458.61,19
458.716,12
458.823,20
458.93,24
459.036,0
459.143,0
459.25,0
459.356,43
459.463,8
459.57,7
459.676,22
459.783,14
459.89,0
459.996,140
460.103,310
460.21,180
460.316,51
460.423,0
460.53,0
460.636,0
460.743,0
460.849,12
460.956,28
461.063,0
461.169,18
461.276,4
461.383,51
461.489,84
461.596,186
461.703,161
461.809,68
461.916,0
462.023,4
462.129,35
462.236,15
462.342,0
462.449,11
462.556,3
462.662,19
462.769,7
462.876,0
462.982,9
463.089,4
463.196,14
463.302,28
463.409,5
463.516,0
463.622,0
463.729,30
463.835,7
463.942,0
464.049,20
464.155,15
464.262,0
464.369,3
464.475,0
464.582,8
464.689,6
464.795,0
464.902,0
465.009,0
465.115,16
465.222,0
465.328,15
465.435,0
465.542,0
465.648,0
465.755,0
465.862,29
465.968,0
466.075,13
466.182,0
466.288,0
466.395,1
466.501,10
466.608,19
466.715,0
466.821,0
466.928,0
467.035,0
467.141,14
467.248,0
467.355,12
467.461,27
467.568,28
467.674,9
467.781,0
467.888,0
467.994,0
468.101,0
468.208,0
468.314,0
468.421,0
468.528,0
468.634,0
468.741,23
468.847,18
468.954,0
469.061,21
469.167,15
469.274,0
469.381,0
469.487,12
469.594,4
469.701,37
469.807,15
469.914,16
470.02,2
470.127,21
470.234,16
470.34,6
470.447,12
470.554,14
470.66,0
470.767,7
470.873,0
470.98,0
471.087,22
471.193,0
471.3,0
471.407,0
471.513,5
471.62,0
471.727,12
471.833,2
471.94,3
472.046,51
472.153,44
472.26,24
472.366,19
472.473,46
472.58,15
472.686,0
472.793,14
472.899,2
473.006,23
473.113,0
473.219,0
473.326,14
473.433,27
473.539,0
473.646,2
473.752,0
473.859,12
473.966,12
474.072,0
474.179,17
474.286,8
474.392,19
474.499,9
474.605,16
474.712,9
474.819,23
474.925,0
475.032,0
475.139,39
475.245,0
475.352,92
475.458,145
475.565,89
475.672,0
475.778,0
475.885,0
475.992,0
476.098,11
476.205,0
476.311,0
476.418,0
476.525,34
476.631,29
476.738,12
476.844,0
476.951,0
477.058,0
477.164,9
477.271,30
477.378,82
477.484,40
477.591,20
477.697,0
477.804,0
477.911,9
478.017,0
478.124,0
478.231,0
478.337,0
478.444,0
478.55,9
478.657,10
478.764,8
478.87,0
478.977,4
479.083,0
479.19,0
479.297,21
479.403,0
479.51,0
479.617,15
479.723,25
479.83,19
479.936,0
480.043,4
480.15,0
480.256,0
480.363,24
480.469,0
480.576,0
480.683,26
480.789,8
480.896,18
481.003,17
481.109,35
481.216,85
481.322,92
481.429,74
481.536,12
481.642,0
481.749,2
481.855,22
481.962,0
482.069,2
482.175,6
482.282,15
482.388,0
482.495,12
482.602,3
482.708,0
482.815,41
482.922,76
483.028,52
483.135,22
483.241,0
483.348,18
483.455,0
483.561,8
483.668,22
483.774,22
483.881,14
483.988,0
484.094,11
484.201,0
484.307,17
484.414,3
484.521,10
484.627,0
484.734,12
484.84,27
484.947,37
485.054,25
485.16,3
485.267,0
485.373,9
485.48,6
485.587,26
485.693,0
485.8,0
485.907,0
486.013,8
486.12,22
486.226,26
486.333,15
486.44,8
486.546,10
486.653,11
486.759,4
486.866,27
486.973,0
487.079,0
487.186,52
487.292,31
487.399,0
487.506,0
487.612,9
487.719,0
487.825,6
487.932,22
488.039,5
488.145,1
488.252,0
488.358,0
488.465,9
488.572,17
488.678,0
488.785,0
488.891,0
488.998,6
489.105,0
489.211,0
489.318,7
489.424,0
489.531,8
489.638,11
489.744,1
489.851,10
489.957,0
490.064,0
490.171,13
490.277,0
490.384,0
490.49,9
490.597,0
490.704,11
490.81,7
490.917,11
491.023,21
491.13,2
491.237,0
491.343,25
491.45,24
491.556,21
491.663,18
491.769,27
491.876,13
491.983,30
492.089,0
492.196,0
492.302,0
492.409,27
492.516,0
492.622,0
492.729,0
492.835,25
492.942,10
493.049,0
493.155,0
493.262,25
493.368,18
493.475,2
493.582,12
493.688,0
493.795,0
493.901,16
494.008,0
494.114,0
494.221,11
494.328,0
494.434,19
494.541,16
494.647,16
494.754,11
494.861,0
494.967,23
495.074,22
495.18,24
495.287,0
495.394,0
495.5,25
495.607,0
495.713,0
495.82,1
495.926,10
496.033,0
496.14,17
496.246,34
496.353,0
496.459,0
496.566,18
496.673,0
496.779,12
496.886,120
496.992,69
497.099,11
497.206,0
497.312,2
497.419,17
497.525,0
497.632,2
497.738,0
497.845,40
497.952,34
498.058,0
498.165,0
498.271,12
498.378,8
498.485,4
498.591,10
498.698,30
498.804,1
498.911,0
499.017,25
499.124,36
499.231,12
499.337,4
499.444,0
499.55,0
499.657,1
499.763,0
499.87,0
499.977,0
500.083,0
500.19,38
500.296,0
500.403,20
500.51,0
500.616,16
500.723,16
500.829,13
500.936,7
501.042,0
501.149,1
501.256,0
501.362,21
501.469,2
501.575,8
501.682,1
501.788,5
501.895,12
502.002,1
502.108,0
502.215,1
502.321,0
502.428,0
502.534,21
502.641,0
502.748,0
502.854,0
502.961,22
503.067,19
503.174,0
503.281,0
503.387,3
503.494,10
503.6,0
503.707,0
503.813,15
503.92,0
504.027,14
504.133,0
504.24,0
504.346,13
504.453,51
504.559,55
504.666,10
504.773,3
504.879,0
504.986,4
505.092,0
505.199,5
505.305,6
505.412,0
505.518,24
505.625,0
505.732,14
505.838,19
505.945,0
506.051,0
506.158,4
506.264,0
506.371,0
506.478,0
506.584,0
506.691,0
506.797,3
506.904,0
507.01,0
507.117,21
507.224,0
507.33,35
507.437,0
507.543,29
507.65,14
507.756,0
507.863,0
507.97,0
508.076,0
508.183,0
508.289,0
508.396,0
508.502,37
508.609,19
508.715,0
508.822,0
508.929,2
509.035,4
509.142,0
509.248,0
509.355,11
509.461,12
509.568,4
509.675,1
509.781,13
509.888,2
509.994,5
510.101,14
510.207,0
510.314,0
510.42,0
510.527,7
510.634,83
510.74,69
510.847,26
510.953,25
511.06,2
511.166,0
511.273,10
511.379,26
511.486,2
511.593,0
511.699,0
511.806,0
511.912,19
512.019,5
512.125,4
512.232,25
512.339,5
512.445,7
512.552,11
512.658,34
512.765,17
512.871,0
512.978,0
513.084,13
513.191,24
513.298,0
513.404,6
513.511,0
513.617,0
513.724,30
513.83,4
513.937,5
514.043,0
514.15,6
514.256,25
514.363,8
514.47,0
514.576,0
514.683,0
514.789,16
514.896,0
515.002,0
515.109,10
515.215,12
515.322,4
515.429,6
515.535,5
515.642,0
515.748,8
515.855,0
515.961,4
516.068,11
516.174,21
516.281,27
516.388,17
516.494,47
516.601,25
516.707,0
516.814,0
516.92,0
517.027,38
517.133,22
517.24,13
517.346,7
517.453,2
517.56,0
517.666,0
517.773,10
517.879,7
517.986,3
518.092,0
518.199,0
518.305,0
518.412,9
518.518,0
518.625,2
518.732,9
518.838,0
518.945,0
519.051,0
519.158,25
519.264,0
519.371,30
519.477,0
519.584,0
519.69,10
519.797,10
519.903,14
520.01,28
520.117,0
520.223,17
520.33,22
520.436,3
520.543,21
520.649,6
520.756,37
520.862,23
520.969,0
521.075,0
521.182,0
521.289,4
521.395,6
521.502,5
521.608,21
521.715,18
521.821,0
521.928,0
522.034,8
522.141,19
522.247,14
522.354,0
522.46,11
522.567,5
522.674,13
522.78,10
522.887,0
522.993,0
523.1,0
523.206,0
523.313,2
523.419,25
523.526,0
523.632,22
523.739,12
523.845,32
523.952,21
524.058,2
524.165,16
524.272,0
524.378,0
524.485,8
524.591,0
524.698,0
524.804,0
524.911,6
525.017,1
525.124,8
525.23,0
525.337,7
525.443,3
525.55,7
525.656,0
525.763,28
525.87,0
525.976,0
526.083,0
526.189,5
526.296,29
526.402,0
526.509,0
526.615,34
526.722,41
526.828,9
526.935,0
527.041,8
527.148,10
527.254,29
527.361,22
527.467,0
527.574,1
527.68,5
527.787,0
527.894,0
528,1
528.107,4
528.213,0
528.32,0
528.426,0
528.533,0
528.639,40
528.746,0
528.852,13
528.959,12
529.065,0
529.172,0
529.278,0
529.385,1
529.491,6
529.598,0
529.704,0
529.811,29
529.918,23
530.024,6
530.131,1
530.237,3
530.344,0
530.45,18
530.557,21
530.663,11
530.77,0
530.876,0
530.983,0
531.089,24
531.196,20
531.302,11
531.409,0
531.515,7
531.622,3
531.728,17
531.835,0
531.941,0
532.048,0
532.154,6
532.261,0
532.367,0
532.474,0
532.581,13
532.687,19
532.794,0
532.9,0
533.007,3
533.113,0
533.22,13
533.326,0
533.433,0
533.539,17
533.646,17
533.752,0
533.859,11
533.965,0
534.072,4
534.178,2
534.285,18
534.391,14
534.498,5
534.604,0
534.711,31
534.817,39
534.924,0
535.03,0
535.137,27
535.243,26
535.35,0
535.456,12
535.563,26
535.669,4
535.776,12
535.882,0
535.989,0
536.095,0
536.202,20
536.308,12
536.415,1
536.521,5
536.628,0
536.735,15
536.841,8
536.948,0
537.054,19
537.161,18
537.267,0
537.374,4
537.48,14
537.587,22
537.693,0
537.8,20
537.906,25
538.013,15
538.119,25
538.226,0
538.332,0
538.439,21
538.545,14
538.652,16
538.758,0
538.865,30
538.971,0
539.078,38
539.184,10
539.291,2
539.397,0
539.504,0
539.61,0
539.717,15
539.823,6
539.93,1
540.036,0
540.143,0
540.249,0
540.356,0
540.462,13
540.569,0
540.675,0
540.782,21
540.888,0
540.995,0
541.101,0
541.208,5
541.314,12
541.421,0
541.527,1
541.634,0
541.74,7
541.847,14
541.953,0
542.06,28
542.166,0
542.273,19
542.379,0
542.486,0
542.592,0
542.699,0
542.805,23
542.912,8
543.018,26
543.125,7
543.231,4
543.338,0
543.444,7
543.551,22
543.657,20
543.764,0
543.87,7
543.977,0
544.083,6
544.19,20
544.296,0
544.403,0
544.509,17
544.616,0
544.722,9
544.829,4
544.935,0
545.042,32
545.148,6
545.255,14
545.361,22
545.467,14
545.574,6
545.68,0
545.787,6
545.893,2
546,20
546.106,0
546.213,0
546.319,0
546.426,0
546.532,9
546.639,12
546.745,0
546.852,14
546.958,12
547.065,0
547.171,2
547.278,5
547.384,2
547.491,8
547.597,0
547.704,4
547.81,0
547.917,10
548.023,0
548.13,0
548.236,0
548.343,0
548.449,8
548.556,0
548.662,0
548.769,50
548.875,107
548.982,104
549.088,29
549.195,5
549.301,0
549.408,37
549.514,0
549.62,20
549.727,7
549.833,0
549.94,0
550.046,0
550.153,0
550.259,14
550.366,0
550.472,12
550.579,0
550.685,8
550.792,18
550.898,8
551.005,0
551.111,41
551.218,15
551.324,0
551.431,0
551.537,0
551.644,10
551.75,0
551.857,151
551.963,172
552.07,110
552.176,31
552.282,0
552.389,8
552.495,8
552.602,7
552.708,0
552.815,6
552.921,11
553.028,6
553.134,20
553.241,7
553.347,21
553.454,29
553.56,60
553.667,36
553.773,21
553.88,15
553.986,7
554.093,6
554.199,0
554.305,0
554.412,0
554.518,28
554.625,20
554.731,14
554.838,0
554.944,0
555.051,0
555.157,25
555.264,7
555.37,19
555.477,7
555.583,12
555.69,15
555.796,2
555.903,0
556.009,8
556.115,3
556.222,4
556.328,27
556.435,29
556.541,0
556.648,0
556.754,11
556.861,0
556.967,0
557.074,0
557.18,13
557.287,0
557.393,0
557.5,19
557.606,8
557.713,0
557.819,17
557.925,19
558.032,12
558.138,10
558.245,6
558.351,13
558.458,0
558.564,10
558.671,7
558.777,0
558.884,0
558.99,11
559.097,0
559.203,0
559.309,20
559.416,0
559.522,1
559.629,27
559.735,13
559.842,23
559.948,0
560.055,14
560.161,5
560.268,16
560.374,0
560.481,0
560.587,0
560.693,3
560.8,25
560.906,14
561.013,27
561.119,0
561.226,36
561.332,0
561.439,0
561.545,0
561.652,0
561.758,29
561.864,38
561.971,0
562.077,0
562.184,0
562.29,3
562.397,1
562.503,5
562.61,0
562.716,1
562.823,2
562.929,0
563.035,14
563.142,0
563.248,0
563.355,6
563.461,0
563.568,0
563.674,14
563.781,10
563.887,0
563.994,7
564.1,26
564.206,12
564.313,4
564.419,0
564.526,26
564.632,5
564.739,0
564.845,0
564.952,0
565.058,0
565.165,4
565.271,0
565.377,6
565.484,0
565.59,0
565.697,0
565.803,18
565.91,22
566.016,11
566.123,5
566.229,7
566.335,16
566.442,37
566.548,0
566.655,0
566.761,0
566.868,0
566.974,7
567.081,0
567.187,0
567.293,18
567.4,0
567.506,0
567.613,7
567.719,0
567.826,7
567.932,14
568.039,0
568.145,22
568.251,1
568.358,19
568.464,2
568.571,6
568.677,34
568.784,12
568.89,0
568.997,0
569.103,0
569.209,0
569.316,0
569.422,0
569.529,8
569.635,9
569.742,14
569.848,0
569.955,0
570.061,0
570.167,13
570.274,3
570.38,4
570.487,0
570.593,18
570.7,0
570.806,3
570.912,0
571.019,0
571.125,0
571.232,70
571.338,55
571.445,37
571.551,0
571.658,0
571.764,0
571.87,0
571.977,0
572.083,0
572.19,0
572.296,0
572.403,22
572.509,18
572.615,14
572.722,7
572.828,0
572.935,0
573.041,0
573.148,8
573.254,0
573.36,15
573.467,21
573.573,0
573.68,0
573.786,22
573.893,14
573.999,0
574.105,18
574.212,15
574.318,0
574.425,105
574.531,121
574.638,45
574.744,10
574.85,0
574.957,1
575.063,0
575.17,0
575.276,0
575.383,26
575.489,17
575.595,2
575.702,29
575.808,6
575.915,0
576.021,4
576.128,8
576.234,0
576.34,0
576.447,4
576.553,0
576.66,10
576.766,5
576.873,125
576.979,119
577.085,29
577.192,0
577.298,17
577.405,0
577.511,0
577.618,5
577.724,0
577.83,6
577.937,0
578.043,2
578.15,11
578.256,0
578.363,12
578.469,5
578.575,13
578.682,0
578.788,17
578.895,8
579.001,0
579.107,0
579.214,21
579.32,0
579.427,1
579.533,0
579.64,0
579.746,6
579.852,28
579.959,20
580.065,0
580.172,10
580.278,23
580.384,0
580.491,0
580.597,22
580.704,0
580.81,30
580.917,0
581.023,0
581.129,80
581.236,67
581.342,23
581.449,0
581.555,0
581.661,9
581.768,0
581.874,0
581.981,22
582.087,0
582.193,0
582.3,0
582.406,18
582.513,0
582.619,0
582.726,3
582.832,0
582.938,0
583.045,36
583.151,15
583.258,10
583.364,0
583.47,0
583.577,16
583.683,6
583.79,0
583.896,22
584.002,18
584.109,1
584.215,11
584.322,0
584.428,0
584.535,0
584.641,0
584.747,3
584.854,0
584.96,0
585.067,0
585.173,9
585.279,5
585.386,0
585.492,0
585.599,21
585.705,8
585.811,0
585.918,16
586.024,27
586.131,3
586.237,0
586.343,0
586.45,0
586.556,0
586.663,0
586.769,16
586.875,12
586.982,0
587.088,0
587.195,0
587.301,18
587.407,29
587.514,0
587.62,4
587.727,17
587.833,0
587.939,3
588.046,0
588.152,0
588.259,14
588.365,0
588.471,0
588.578,0
588.684,4
588.791,15
588.897,64
589.003,61
589.11,13
589.216,0
589.323,0
589.429,0
589.535,11
589.642,16
589.748,24
589.855,0
589.961,23
590.067,6
590.174,0
590.28,23
590.387,6
590.493,6
590.599,0
590.706,0
590.812,0
590.918,0
591.025,8
591.131,0
591.238,23
591.344,0
591.45,0
591.557,22
591.663,0
591.77,2
591.876,1
591.982,24
592.089,0
592.195,17
592.302,10
592.408,0
592.514,0
592.621,8
592.727,20
592.834,0
592.94,0
593.046,0
593.153,13
593.259,0
593.365,0
593.472,0
593.578,0
593.685,32
593.791,2
593.897,5
594.004,0
594.11,0
594.217,0
594.323,9
594.429,0
594.536,11
594.642,10
594.748,8
594.855,39
594.961,0
595.068,2
595.174,0
595.28,4
595.387,0
595.493,0
595.6,0
595.706,24
595.812,0
595.919,0
596.025,0
596.131,0
596.238,23
596.344,0
596.451,0
596.557,16
596.663,0
596.77,6
596.876,0
596.982,0
597.089,2
597.195,14
597.302,0
597.408,0
597.514,1
597.621,30
597.727,0
597.833,0
597.94,12
598.046,15
598.153,1
598.259,4
598.365,2
598.472,0
598.578,0
598.685,0
598.791,0
598.897,0
599.004,0
599.11,0
599.216,0
599.323,20
599.429,21
599.535,0
599.642,7
599.748,26
599.855,0
599.961,21
600.067,92
600.174,68
600.28,14
600.386,0
600.493,0
600.599,11
600.706,0
600.812,0
600.918,1
601.025,19
601.131,11
601.237,0
601.344,0
601.45,36
601.557,31
601.663,8
601.769,0
601.876,0
601.982,25
602.088,20
602.195,0
602.301,0
602.407,6
602.514,1
602.62,0
602.727,0
602.833,16
602.939,0
603.046,25
603.152,24
603.258,1
603.365,25
603.471,4
603.577,7
603.684,0
603.79,0
603.897,5
604.003,5
604.109,18
604.216,9
604.322,16
604.428,39
604.535,2
604.641,0
604.747,13
604.854,9
604.96,0
605.067,9
605.173,29
605.279,0
605.386,1
605.492,34
605.598,27
605.705,0
605.811,16
605.917,30
606.024,4
606.13,1
606.236,0
606.343,0
606.449,0
606.556,0
606.662,8
606.768,14
606.875,3
606.981,0
607.087,0
607.194,0
607.3,0
607.406,10
607.513,10
607.619,0
607.725,0
607.832,0
607.938,0
608.045,0
608.151,15
608.257,31
608.364,0
608.47,15
608.576,12
608.683,0
608.789,0
608.895,11
609.002,3
609.108,16
609.214,5
609.321,0
609.427,0
609.533,28
609.64,0
609.746,1
609.852,22
609.959,3
610.065,0
610.172,6
610.278,25
610.384,0
610.491,4
610.597,0
610.703,1
610.81,0
610.916,0
611.022,0
611.129,0
611.235,0
611.341,8
611.448,5
611.554,0
611.66,0
611.767,21
611.873,0
611.979,0
612.086,23
612.192,38
612.298,0
612.405,0
612.511,16
612.617,0
612.724,0
612.83,29
612.936,0
613.043,0
613.149,10
613.255,0
613.362,9
613.468,0
613.575,2
613.681,11
613.787,12
613.894,11
614,0
614.106,6
614.213,0
614.319,29
614.425,1
614.532,5
614.638,1
614.744,0
614.851,0
614.957,8
615.063,12
615.17,10
615.276,0
615.382,0
615.489,0
615.595,0
615.701,14
615.808,11
615.914,8
616.02,2
616.127,7
616.233,13
616.339,0
616.446,0
616.552,31
616.658,0
616.765,0
616.871,0
616.977,20
617.084,0
617.19,0
617.296,3
617.403,0
617.509,5
617.615,0
617.722,24
617.828,20
617.934,10
618.041,0
618.147,0
618.253,6
618.36,0
618.466,0
618.572,0
618.679,0
618.785,66
618.891,34
618.998,6
619.104,17
619.21,0
619.316,0
619.423,4
619.529,0
619.635,0
619.742,1
619.848,0
619.954,0
620.061,0
620.167,14
620.273,15
620.38,0
620.486,0
620.592,24
620.699,10
620.805,14
620.911,22
621.018,5
621.124,32
621.23,0
621.337,0
621.443,3
621.549,0
621.656,7
621.762,18
621.868,7
621.975,0
622.081,0
622.187,6
622.294,14
622.4,0
622.506,0
622.612,18
622.719,16
622.825,25
622.931,20
623.038,8
623.144,1
623.25,0
623.357,0
623.463,10
623.569,16
623.676,0
623.782,20
623.888,26
623.995,0
624.101,0
624.207,17
624.314,10
624.42,3
624.526,20
624.632,0
624.739,0
624.845,11
624.951,0
625.058,0
625.164,0
625.27,2
625.377,0
625.483,0
625.589,46
625.696,36
625.802,5
625.908,0
626.015,0
626.121,0
626.227,0
626.333,0
626.44,21
626.546,0
626.652,0
626.759,16
626.865,14
626.971,0
627.078,0
627.184,17
627.29,17
627.397,10
627.503,35
627.609,13
627.715,0
627.822,8
627.928,19
628.034,0
628.141,0
628.247,0
628.353,0
628.46,3
628.566,7
628.672,0
628.778,16
628.885,0
628.991,11
629.097,0
629.204,19
629.31,0
629.416,10
629.523,1
629.629,7
629.735,0
629.841,0
629.948,7
630.054,4
630.16,0
630.267,27
630.373,11
630.479,0
630.586,0
630.692,2
630.798,14
630.904,65
631.011,21
631.117,0
631.223,0
631.33,0
631.436,0
631.542,7
631.649,0
631.755,4
631.861,2
631.967,0
632.074,0
632.18,5
632.286,25
632.393,0
632.499,0
632.605,4
632.711,0
632.818,0
632.924,0
633.03,0
633.137,0
633.243,2
633.349,0
633.456,0
633.562,0
633.668,0
633.774,11
633.881,0
633.987,0
634.093,0
634.2,0
634.306,0
634.412,37
634.518,0
634.625,0
634.731,0
634.837,0
634.944,2
635.05,0
635.156,0
635.262,17
635.369,21
635.475,3
635.581,0
635.688,0
635.794,0
635.9,3
636.006,0
636.113,0
636.219,39
636.325,30
636.432,0
636.538,0
636.644,6
636.75,0
636.857,0
636.963,40
637.069,22
637.176,0
637.282,0
637.388,6
637.494,24
637.601,6
637.707,4
637.813,0
637.92,3
638.026,0
638.132,12
638.238,0
638.345,1
638.451,0
638.557,6
638.663,27
638.77,6
638.876,2
638.982,10
639.089,11
639.195,4
639.301,0
639.407,0
639.514,0
639.62,0
639.726,1
639.833,21
639.939,0
640.045,0
640.151,0
640.258,24
640.364,0
640.47,0
640.576,0
640.683,8
640.789,5
640.895,0
641.002,9
641.108,0
641.214,0
641.32,14
641.427,4
641.533,0
641.639,0
641.745,7
641.852,25
641.958,0
642.064,29
642.171,1
642.277,0
642.383,22
642.489,12
642.596,0
642.702,0
642.808,0
642.914,0
643.021,0
643.127,0
643.233,11
643.339,6
643.446,5
643.552,4
643.658,21
643.765,21
643.871,0
643.977,7
644.083,1
644.19,0
644.296,0
644.402,0
644.508,11
644.615,7
644.721,6
644.827,84
644.933,84
645.04,29
645.146,1
645.252,19
645.358,7
645.465,16
645.571,18
645.677,17
645.784,33
645.89,48
645.996,0
646.102,0
646.209,0
646.315,98
646.421,92
646.527,49
646.634,0
646.74,0
646.846,28
646.952,32
647.059,0
647.165,0
647.271,1
647.377,0
647.484,9
647.59,0
647.696,11
647.802,3
647.909,0
648.015,6
648.121,20
648.227,20
648.334,13
648.44,0
648.546,0
648.652,0
648.759,0
648.865,0
648.971,0
649.077,12
649.184,11
649.29,0
649.396,14
649.502,0
649.609,0
649.715,36
649.821,0
649.927,0
650.034,18
650.14,4
650.246,24
650.352,8
650.459,17
650.565,0
650.671,2
650.777,14
650.884,23
650.99,0
651.096,4
651.202,30
651.309,29
651.415,15
651.521,0
651.627,4
651.734,12
651.84,5
651.946,11
652.052,0
652.159,0
652.265,4
652.371,0
652.477,7
652.584,36
652.69,0
652.796,0
652.902,22
653.009,17
653.115,44
653.221,59
653.327,43
653.434,0
653.54,0
653.646,30
653.752,2
653.858,0
653.965,0
654.071,0
654.177,12
654.283,4
654.39,0
654.496,0
654.602,0
654.708,9
654.815,41
654.921,14
655.027,15
655.133,0
655.24,30
655.346,0
655.452,0
655.558,0
655.665,0
655.771,0
655.877,0
655.983,8
656.089,0
656.196,23
656.302,29
656.408,56
656.514,128
656.621,86
656.727,10
656.833,0
656.939,0
657.046,0
657.152,0
657.258,2
657.364,0
657.47,43
657.577,19
657.683,0
657.789,83
657.895,85
658.002,40
658.108,34
658.214,0
658.32,10
658.427,0
658.533,0
658.639,18
658.745,0
658.851,8
658.958,9
659.064,3
659.17,21
659.276,0
659.383,8
659.489,10
659.595,0
659.701,0
659.807,0
659.914,10
660.02,0
660.126,24
660.232,26
660.339,0
660.445,0
660.551,16
660.657,0
660.763,8
660.87,14
660.976,2
661.082,0
661.188,8
661.295,31
661.401,0
661.507,0
661.613,0
661.719,4
661.826,16
661.932,0
662.038,9
662.144,52
662.251,99
662.357,77
662.463,48
662.569,2
662.675,0
662.782,0
662.888,14
662.994,16
663.1,21
663.206,0
663.313,17
663.419,34
663.525,0
663.631,8
663.738,0
663.844,14
663.95,50
664.056,46
664.162,0
664.269,0
664.375,18
664.481,4
664.587,4
664.693,16
664.8,0
664.906,4
665.012,29
665.118,40
665.225,66
665.331,34
665.437,0
665.543,17
665.649,0
665.756,11
665.862,6
665.968,2
666.074,2
666.18,6
666.287,4
666.393,0
666.499,6
666.605,0
666.711,0
666.818,0
666.924,0
667.03,0
667.136,10
667.242,0
667.349,0
667.455,0
667.561,0
667.667,6
667.773,0
667.88,12
667.986,0
668.092,47
668.198,27
668.304,0
668.411,0
668.517,0
668.623,4
668.729,0
668.835,16
668.942,0
669.048,0
669.154,0
669.26,70
669.366,116
669.473,46
669.579,31
669.685,4
669.791,0
669.897,0
670.004,3
670.11,0
670.216,0
670.322,26
670.428,0
670.535,0
670.641,25
670.747,11
670.853,31
670.959,23
671.066,19
671.172,29
671.278,0
671.384,0
671.49,28
671.597,14
671.703,0
671.809,0
671.915,0
672.021,0
672.128,0
672.234,6
672.34,0
672.446,2
672.552,14
672.658,15
672.765,0
672.871,13
672.977,25
673.083,0
673.189,18
673.296,4
673.402,6
673.508,16
673.614,4
673.72,3
673.827,0
673.933,9
674.039,51
674.145,80
674.251,54
674.357,14
674.464,0
674.57,6
674.676,0
674.782,0
674.888,9
674.995,0
675.101,0
675.207,0
675.313,27
675.419,2
675.526,0
675.632,67
675.738,75
675.844,41
675.95,0
676.056,0
676.163,7
676.269,0
676.375,32
676.481,0
676.587,0
676.693,0
676.8,16
676.906,12
677.012,8
677.118,0
677.224,19
677.331,4
677.437,15
677.543,0
677.649,4
677.755,5
677.861,24
677.968,22
678.074,0
678.18,2
678.286,0
678.392,3
678.498,6
678.605,0
678.711,98
678.817,58
678.923,23
679.029,0
679.136,0
679.242,19
679.348,66
679.454,85
679.56,29
679.666,1
679.773,0
679.879,0
679.985,0
680.091,0
680.197,7
680.303,0
680.41,15
680.516,0
680.622,0
680.728,19
680.834,29
680.94,6
681.047,0
681.153,30
681.259,18
681.365,4
681.471,0
681.577,0
681.684,6
681.79,16
681.896,8
682.002,32
682.108,0
682.214,5
682.321,4
682.427,3
682.533,12
682.639,10
682.745,0
682.851,9
682.958,0
683.064,0
683.17,4
683.276,7
683.382,10
683.488,4
683.595,22
683.701,13
683.807,0
683.913,0
684.019,0
684.125,26
684.231,17
684.338,12
684.444,8
684.55,0
684.656,6
684.762,11
684.868,0
684.975,22
685.081,19
685.187,11
685.293,10
685.399,14
685.505,0
685.611,0
685.718,29
685.824,5
685.93,0
686.036,0
686.142,0
686.248,0
686.355,18
686.461,8
686.567,0
686.673,0
686.779,0
686.885,36
686.991,0
687.098,0
687.204,42
687.31,0
687.416,0
687.522,0
687.628,2
687.735,6
687.841,0
687.947,0
688.053,0
688.159,9
688.265,0
688.371,2
688.478,27
688.584,0
688.69,1
688.796,28
688.902,0
689.008,37
689.114,70
689.221,75
689.327,120
689.433,56
689.539,2
689.645,0
689.751,0
689.857,6
689.964,12
690.07,0
690.176,17
690.282,24
690.388,10
690.494,0
690.6,0
690.707,0
690.813,8
690.919,22
691.025,13
691.131,1
691.237,0
691.343,0
691.45,26
691.556,0
691.662,0
691.768,0
691.874,0
691.98,17
692.086,11
692.193,0
692.299,10
692.405,12
692.511,0
692.617,4
692.723,0
692.829,0
692.935,0
693.042,45
693.148,0
693.254,3
693.36,17
693.466,0
693.572,7
693.678,10
693.785,21
693.891,0
693.997,0
694.103,39
694.209,1
694.315,0
694.421,26
694.527,6
694.634,4
694.74,18
694.846,22
694.952,23
695.058,0
695.164,14
695.27,12
695.376,0
695.483,0
695.589,1
695.695,18
695.801,15
695.907,0
696.013,14
696.119,0
696.225,0
696.332,8
696.438,21
696.544,0
696.65,0
696.756,1
696.862,14
696.968,0
697.074,28
697.181,34
697.287,1
697.393,0
697.499,15
697.605,0
697.711,2
697.817,10
697.923,0
698.03,0
698.136,10
698.242,13
698.348,0
698.454,2
698.56,36
698.666,17
698.772,17
698.879,23
698.985,0
699.091,0
699.197,19
699.303,0
699.409,0
699.515,2
