59.6745,0
59.7814,0
59.8883,29
59.9952,27
60.1021,16
60.209,0
60.3159,12
60.4228,5
60.5296,14
60.6365,0
60.7434,0
60.8503,42
60.9572,24
61.0641,0
61.171,2
61.2779,0
61.3848,22
61.4917,7
61.5986,0
61.7055,0
61.8124,0
61.9193,30
62.0261,10
62.133,3
62.2399,5
62.3468,1
62.4537,10
62.5606,13
62.6675,23
62.7744,6
62.8813,0
62.9882,9
63.0951,0
63.202,32
63.3089,0
63.4158,14
63.5226,15
63.6295,0
63.7364,0
63.8433,15
63.9502,11
64.0571,7
64.164,42
64.2709,5
64.3778,0
64.4847,2
64.5916,0
64.6985,3
64.8054,0
64.9123,0
65.0192,0
65.1261,28
65.2329,29
65.3398,8
65.4467,0
65.5536,24
65.6605,7
65.7674,10
65.8743,7
65.9812,27
66.0881,16
66.195,0
66.3019,7
66.4088,7
66.5157,5
66.6226,19
66.7295,0
66.8364,0
66.9433,6
67.0502,0
67.157,0
67.2639,0
67.3708,6
67.4777,0
67.5846,15
67.6915,0
67.7984,0
67.9053,3
68.0122,7
68.1191,12
68.226,0
68.3329,22
68.4398,0
68.5467,0
68.6536,11
68.7605,0
68.8674,0
68.9743,0
69.0812,25
69.1881,0
69.295,0
69.4018,4
69.5087,22
69.6156,4
69.7225,21
69.8294,13
69.9363,0
70.0432,0
70.1501,16
70.257,0
70.3639,0
70.4708,0
70.5777,51
70.6846,17
70.7915,0
70.8984,1
71.0053,0
71.1122,0
71.2191,0
71.326,0
71.4329,0
71.5398,6
71.6467,1
71.7536,24
71.8605,0
71.9674,7
72.0742,5
72.1811,11
72.288,0
72.3949,0
72.5018,5
72.6087,0
72.7156,4
72.8225,0
72.9294,0
73.0363,0
73.1432,0
73.2501,19
73.357,0
73.4639,2
73.5708,0
73.6777,21
73.7846,0
73.8915,0
73.9984,6
74.1053,0
74.2122,0
74.3191,0
74.426,0
74.5329,0
74.6398,0
74.7467,8
74.8536,13
74.9605,2
75.0674,37
75.1743,0
75.2812,0
75.3881,0
75.495,10
75.6019,2
75.7088,10
75.8157,0
75.9225,8
76.0294,16
76.1363,2
76.2432,0
76.3501,2
76.457,14
76.5639,9
76.6708,0
76.7777,8
76.8846,13
76.9915,0
77.0984,0
77.2053,1
77.3122,0
77.4191,8
77.526,0
77.6329,1
77.7398,0
77.8467,0
77.9536,0
78.0605,12
78.1674,2
78.2743,0
78.3812,35
78.4881,14
78.595,0
78.7019,0
78.8088,0
78.9157,0
79.0226,0
79.1295,12
79.2364,0
79.3433,0
79.4502,0
79.5571,28
79.664,0
79.7709,6
79.8778,8
79.9847,1
80.0916,21
80.1985,0
80.3054,3
80.4123,5
80.5192,3
80.6261,0
80.733,0
80.8399,5
80.9468,0
81.0537,0
81.1606,0
81.2675,7
81.3744,29
81.4813,3
81.5882,0
81.6951,0
81.802,9
81.9089,0
82.0158,5
82.1227,20
82.2296,13
82.3365,0
82.4434,30
82.5503,2
82.6572,0
82.7641,0
82.871,14
82.9779,14
83.0848,6
83.1917,14
83.2986,24
83.4055,0
83.5124,12
83.6193,1
83.7262,12
83.8331,15
83.94,3
84.0469,17
84.1538,4
84.2607,0
84.3676,0
84.4745,4
84.5814,0
84.6883,0
84.7952,0
84.9021,13
85.009,4
85.1159,0
85.2228,22
85.3297,3
85.4366,0
85.5435,0
85.6504,8
85.7573,13
85.8642,9
85.9711,10
86.078,7
86.1849,24
86.2918,12
86.3987,2
86.5056,0
86.6125,0
86.7194,0
86.8263,0
86.9332,0
87.0401,0
87.147,0
87.2539,17
87.3608,0
87.4677,0
87.5746,32
87.6815,29
87.7884,2
87.8953,5
88.0022,14
88.1091,0
88.216,15
88.3229,0
88.4298,0
88.5367,0
88.6436,24
88.7505,21
88.8574,18
88.9643,0
89.0712,13
89.1781,8
89.285,0
89.3919,0
89.4988,7
89.6057,36
89.7126,8
89.8195,0
89.9264,2
90.0334,4
90.1403,0
90.2472,2
90.3541,0
90.461,0
90.5679,0
90.6748,0
90.7817,1
90.8886,17
90.9955,13
91.1024,11
91.2093,0
91.3162,8
91.4231,9
91.53,0
91.6369,4
91.7438,8
91.8507,0
91.9576,52
92.0645,42
92.1714,3
92.2783,0
92.3852,6
92.4921,4
92.599,3
92.7059,0
92.8128,0
92.9197,8
93.0266,0
93.1335,0
93.2404,5
93.3473,0
93.4542,0
93.5611,10
93.668,15
93.7749,8
93.8818,0
93.9887,0
94.0956,0
94.2025,12
94.3095,9
94.4164,3
94.5233,6
94.6302,0
94.7371,8
94.844,0
94.9509,6
95.0578,27
95.1647,1
95.2716,0
95.3785,9
95.4854,0
95.5923,0
95.6992,2
95.8061,14
95.913,6
96.0199,2
96.1268,6
96.2337,12
96.3406,11
96.4475,0
96.5544,9
96.6613,12
96.7682,0
96.8751,6
96.982,0
97.0889,13
97.1958,0
97.3027,0
97.4097,7
97.5166,13
97.6235,0
97.7304,20
97.8373,10
97.9442,19
98.0511,0
98.158,33
98.2649,9
98.3718,0
98.4787,0
98.5856,10
98.6925,7
98.7994,0
98.9063,22
99.0132,17
99.1201,5
99.227,6
99.3339,5
99.4408,26
99.5477,18
99.6546,5
99.7615,0
99.8684,0
99.9753,10
100.082,14
100.189,0
100.296,0
100.403,11
100.51,0
100.617,0
100.724,0
100.831,3
100.937,10
101.044,0
101.151,26
101.258,2
101.365,19
101.472,4
101.579,9
101.686,12
101.793,4
101.9,0
102.007,0
102.113,19
102.22,0
102.327,0
102.434,0
102.541,0
102.648,22
102.755,29
102.862,15
102.969,0
103.076,5
103.182,8
103.289,1
103.396,0
103.503,0
103.61,0
103.717,2
103.824,0
103.931,0
104.038,0
104.145,21
104.252,3
104.358,14
104.465,39
104.572,10
104.679,0
104.786,0
104.893,11
105,11
105.107,20
105.214,0
105.321,0
105.427,24
105.534,0
105.641,10
105.748,0
105.855,0
105.962,11
106.069,0
106.176,0
106.283,20
106.39,0
106.497,0
106.603,0
106.71,0
106.817,14
106.924,6
107.031,0
107.138,0
107.245,0
107.352,0
107.459,16
107.566,4
107.673,0
107.779,25
107.886,0
107.993,0
108.1,14
108.207,23
108.314,0
108.421,7
108.528,0
108.635,16
108.742,23
108.848,2
108.955,0
109.062,0
109.169,18
109.276,5
109.383,8
109.49,0
109.597,28
109.704,0
109.811,2
109.918,0
110.024,0
110.131,0
110.238,0
110.345,16
110.452,15
110.559,0
110.666,0
110.773,44
110.88,15
110.987,8
111.094,7
111.2,18
111.307,15
111.414,2
111.521,20
111.628,0
111.735,9
111.842,0
111.949,11
112.056,0
112.163,0
112.269,24
112.376,18
112.483,0
112.59,31
112.697,29
112.804,0
112.911,14
113.018,33
113.125,0
113.232,0
113.339,35
113.445,62
113.552,8
113.659,0
113.766,3
113.873,15
113.98,0
114.087,23
114.194,15
114.301,0
114.408,2
114.515,21
114.621,22
114.728,0
114.835,0
114.942,0
115.049,0
115.156,8
115.263,0
115.37,17
115.477,31
115.584,9
115.69,0
115.797,0
115.904,0
116.011,7
116.118,0
116.225,2
116.332,9
116.439,0
116.546,0
116.653,0
116.76,8
116.866,8
116.973,0
117.08,0
117.187,0
117.294,0
117.401,7
117.508,18
117.615,11
117.722,0
117.829,17
117.936,4
118.042,0
118.149,0
118.256,26
118.363,0
118.47,0
118.577,0
118.684,14
118.791,14
118.898,7
119.005,31
119.112,2
119.218,4
119.325,26
119.432,12
119.539,0
119.646,0
119.753,13
119.86,0
119.967,0
120.074,0
120.181,18
120.287,0
120.394,0
120.501,14
120.608,0
120.715,19
120.822,0
120.929,0
121.036,0
121.143,6
121.25,0
121.357,12
121.463,21
121.57,0
121.677,0
121.784,0
121.891,11
121.998,0
122.105,2
122.212,0
122.319,11
122.426,9
122.533,0
122.639,0
122.746,0
122.853,0
122.96,16
123.067,20
123.174,6
123.281,15
123.388,0
123.495,4
123.602,0
123.709,26
123.815,0
123.922,0
124.029,25
124.136,30
124.243,9
124.35,0
124.457,0
124.564,17
124.671,0
124.778,0
124.885,1
124.991,6
125.098,6
125.205,0
125.312,3
125.419,26
125.526,0
125.633,10
125.74,5
125.847,49
125.954,20
126.061,0
126.167,0
126.274,27
126.381,0
126.488,4
126.595,10
126.702,8
126.809,0
126.916,0
127.023,21
127.13,24
127.236,0
127.343,0
127.45,18
127.557,0
127.664,17
127.771,7
127.878,0
127.985,0
128.092,26
128.199,16
128.306,6
128.412,0
128.519,0
128.626,0
128.733,6
128.84,18
128.947,0
129.054,29
129.161,0
129.268,6
129.375,11
129.482,0
129.588,0
129.695,0
129.802,8
129.909,0
130.016,4
130.123,21
130.23,9
130.337,14
130.444,0
130.551,14
130.658,36
130.764,23
130.871,0
130.978,15
131.085,6
131.192,0
131.299,6
131.406,0
131.513,0
131.62,0
131.727,33
131.834,0
131.94,9
132.047,6
132.154,7
132.261,27
132.368,16
132.475,0
132.582,9
132.689,3
132.796,0
132.903,0
133.01,5
133.116,16
133.223,18
133.33,17
133.437,0
133.544,3
133.651,0
133.758,0
133.865,0
133.972,9
134.079,20
134.186,8
134.292,0
134.399,0
134.506,0
134.613,0
134.72,72
134.827,62
134.934,0
135.041,0
135.148,0
135.255,26
135.362,8
135.468,15
135.575,21
135.682,0
135.789,4
135.896,15
136.003,0
136.11,0
136.217,14
136.324,14
136.431,17
136.538,27
136.644,9
136.751,12
136.858,0
136.965,0
137.072,0
137.179,14
137.286,0
137.393,0
137.5,3
137.607,11
137.714,0
137.82,0
137.927,0
138.034,4
138.141,3
138.248,0
138.355,4
138.462,0
138.569,0
138.676,13
138.783,27
138.89,0
138.996,0
139.103,22
139.21,0
139.317,0
139.424,0
139.531,0
139.638,4
139.745,17
139.852,0
139.959,10
140.065,0
140.172,0
140.279,0
140.386,18
140.493,11
140.6,0
140.707,18
140.814,13
140.921,18
141.028,32
141.135,3
141.241,0
141.348,0
141.455,0
141.562,32
141.669,0
141.776,1
141.883,0
141.99,0
142.097,12
142.204,30
142.311,4
142.417,6
142.524,0
142.631,9
142.738,0
142.845,3
142.952,0
143.059,19
143.166,9
143.273,9
143.38,22
143.487,0
143.593,17
143.7,29
143.807,0
143.914,0
144.021,2
144.128,10
144.235,0
144.342,0
144.449,0
144.556,5
144.663,21
144.769,0
144.876,6
144.983,19
145.09,24
145.197,0
145.304,0
145.411,20
145.518,48
145.625,0
145.732,0
145.839,7
145.945,15
146.052,13
146.159,0
146.266,6
146.373,31
146.48,24
146.587,0
146.694,25
146.801,0
146.908,4
147.015,14
147.121,21
147.228,0
147.335,19
147.442,0
147.549,20
147.656,0
147.763,7
147.87,19
147.977,1
148.084,0
148.191,18
148.297,10
148.404,6
148.511,8
148.618,0
148.725,13
148.832,0
148.939,1
149.046,0
149.153,0
149.26,25
149.367,3
149.473,0
149.58,5
149.687,9
149.794,21
149.901,0
150.008,0
150.115,9
150.222,0
150.329,16
150.436,14
150.543,0
150.649,8
150.756,8
150.863,0
150.97,28
151.077,0
151.184,0
151.291,54
151.398,12
151.505,8
151.612,0
151.719,13
151.825,0
151.932,0
152.039,35
152.146,8
152.253,0
152.36,0
152.467,9
152.574,7
152.681,29
152.788,26
152.894,1
153.001,0
153.108,0
153.215,17
153.322,14
153.429,0
153.536,5
153.643,12
153.75,0
153.857,2
153.964,0
154.07,3
154.177,11
154.284,20
154.391,5
154.498,16
154.605,30
154.712,8
154.819,0
154.926,20
155.033,0
155.14,0
155.246,12
155.353,1
155.46,3
155.567,14
155.674,5
155.781,37
155.888,0
155.995,0
156.102,34
156.209,38
156.316,0
156.422,0
156.529,3
156.636,27
156.743,0
156.85,0
156.957,10
157.064,0
157.171,1
157.278,0
157.385,5
157.492,16
157.598,18
157.705,7
157.812,0
157.919,10
158.026,5
158.133,22
158.24,14
158.347,0
158.454,0
158.561,0
158.668,0
158.774,0
158.881,2
158.988,23
159.095,0
159.202,0
159.309,14
159.416,0
159.523,0
159.63,3
159.737,8
159.844,0
159.95,35
160.057,0
160.164,2
160.271,0
160.378,0
160.485,13
160.592,0
160.699,0
160.806,13
160.913,0
161.019,0
161.126,3
161.233,0
161.34,6
161.447,20
161.554,0
161.661,0
161.768,18
161.875,6
161.982,0
162.089,14
162.195,2
162.302,8
162.409,9
162.516,35
162.623,0
162.73,5
162.837,27
162.944,1
163.051,0
163.158,29
163.265,33
163.371,0
163.478,0
163.585,5
163.692,0
163.799,11
163.906,15
164.013,6
164.12,2
164.227,0
164.334,14
164.441,0
164.547,19
164.654,13
164.761,5
164.868,0
164.975,0
165.082,0
165.189,0
165.296,0
165.403,9
165.51,0
165.616,0
165.723,16
165.83,26
165.937,10
166.044,0
166.151,37
166.258,0
166.365,2
166.472,16
166.579,0
166.686,0
166.792,28
166.899,18
167.006,12
167.113,0
167.22,0
167.327,21
167.434,0
167.541,0
167.648,13
167.755,22
167.862,3
167.968,30
168.075,31
168.182,10
168.289,17
168.396,0
168.503,11
168.61,0
168.717,29
168.824,0
168.931,3
169.037,0
169.144,7
169.251,18
169.358,0
169.465,16
169.572,9
169.679,0
169.786,0
169.893,7
170,11
170.107,0
170.213,0
170.32,0
170.427,56
170.534,4
170.641,12
170.748,30
170.855,0
170.962,21
171.069,23
171.176,6
171.283,0
171.389,0
171.496,9
171.603,3
171.71,5
171.817,18
171.924,0
172.031,11
172.138,0
172.245,1
172.352,24
172.458,39
172.565,25
172.672,0
172.779,0
172.886,0
172.993,12
173.1,3
173.207,0
173.314,1
173.421,0
173.528,27
173.634,17
173.741,0
173.848,8
173.955,5
174.062,6
174.169,25
174.276,0
174.383,10
174.49,20
174.597,3
174.704,19
174.81,4
174.917,0
175.024,22
175.131,0
175.238,22
175.345,28
175.452,8
175.559,0
175.666,24
175.773,9
175.879,0
175.986,11
176.093,6
176.2,2
176.307,6
176.414,13
176.521,1
176.628,0
176.735,34
176.842,0
176.949,0
177.055,38
177.162,8
177.269,0
177.376,0
177.483,27
177.59,40
177.697,0
177.804,0
177.911,0
178.018,0
178.124,8
178.231,2
178.338,0
178.445,6
178.552,1
178.659,5
178.766,0
178.873,29
178.98,32
179.087,10
179.194,0
179.3,0
179.407,0
179.514,0
179.621,5
179.728,6
179.835,0
179.942,0
180.049,1
180.156,20
180.263,9
180.369,7
180.476,0
180.583,22
180.69,12
180.797,21
180.904,14
181.011,0
181.118,0
181.225,0
181.332,0
181.439,2
181.545,17
181.652,0
181.759,5
181.866,8
181.973,0
182.08,6
182.187,22
182.294,0
182.401,0
182.508,0
182.614,8
182.721,17
182.828,0
182.935,0
183.042,11
183.149,4
183.256,0
183.363,24
183.47,1
183.577,15
183.683,18
183.79,17
183.897,12
184.004,0
184.111,21
184.218,3
184.325,0
184.432,8
184.539,0
184.646,0
184.753,3
184.859,10
184.966,0
185.073,0
185.18,5
185.287,7
185.394,0
185.501,4
185.608,0
185.715,12
185.822,0
185.928,8
186.035,13
186.142,1
186.249,0
186.356,0
186.463,1
186.57,6
186.677,5
186.784,17
186.891,0
186.997,4
187.104,13
187.211,4
187.318,5
187.425,11
187.532,33
187.639,7
187.746,20
187.853,2
187.96,0
188.067,0
188.173,2
188.28,30
188.387,23
188.494,0
188.601,0
188.708,15
188.815,18
188.922,2
189.029,16
189.136,5
189.242,12
189.349,0
189.456,2
189.563,10
189.67,0
189.777,17
189.884,0
189.991,29
190.098,15
190.205,6
190.311,5
190.418,19
190.525,8
190.632,9
190.739,6
190.846,30
190.953,0
191.06,0
191.167,0
191.274,0
191.38,4
191.487,19
191.594,28
191.701,0
191.808,0
191.915,0
192.022,14
192.129,18
192.236,4
192.343,8
192.45,25
192.556,6
192.663,10
192.77,6
192.877,23
192.984,6
193.091,0
193.198,14
193.305,2
193.412,10
193.519,19
193.625,0
193.732,11
193.839,17
193.946,1
194.053,19
194.16,0
194.267,0
194.374,0
194.481,0
194.588,0
194.694,4
194.801,19
194.908,7
195.015,0
195.122,0
195.229,29
195.336,42
195.443,14
195.55,12
195.657,14
195.763,0
195.87,24
195.977,12
196.084,0
196.191,1
196.298,0
196.405,27
196.512,10
196.619,0
196.726,0
196.832,3
196.939,18
197.046,0
197.153,9
197.26,30
197.367,4
197.474,32
197.581,13
197.688,4
197.795,0
197.901,5
198.008,7
198.115,0
198.222,20
198.329,11
198.436,10
198.543,4
198.65,9
198.757,0
198.864,26
198.97,42
199.077,0
199.184,0
199.291,0
199.398,10
199.505,0
199.612,11
199.719,0
199.826,0
199.933,2
200.039,10
200.146,3
200.253,0
200.36,10
200.467,10
200.574,0
200.681,15
200.788,24
200.895,0
201.002,9
201.108,0
201.215,0
201.322,14
201.429,2
201.536,11
201.643,10
201.75,4
201.857,0
201.964,11
202.071,0
202.177,0
202.284,28
202.391,0
202.498,16
202.605,2
202.712,20
202.819,0
202.926,0
203.033,11
203.14,0
203.246,0
203.353,21
203.46,0
203.567,17
203.674,16
203.781,39
203.888,23
203.995,0
204.102,0
204.208,0
204.315,22
204.422,0
204.529,0
204.636,3
204.743,0
204.85,0
204.957,0
205.064,0
205.171,24
205.277,15
205.384,1
205.491,0
205.598,7
205.705,30
205.812,10
205.919,0
206.026,0
206.133,0
206.24,19
206.346,17
206.453,0
206.56,0
206.667,3
206.774,10
206.881,11
206.988,0
207.095,7
207.202,2
207.309,3
207.415,45
207.522,10
207.629,0
207.736,0
207.843,4
207.95,0
208.057,0
208.164,9
208.271,19
208.377,10
208.484,10
208.591,44
208.698,11
208.805,10
208.912,20
209.019,0
209.126,0
209.233,8
209.34,0
209.446,0
209.553,34
209.66,14
209.767,0
209.874,0
209.981,5
210.088,1
210.195,0
210.302,37
210.409,5
210.515,0
210.622,0
210.729,26
210.836,0
210.943,0
211.05,20
211.157,2
211.264,0
211.371,0
211.477,0
211.584,13
211.691,10
211.798,16
211.905,0
212.012,0
212.119,19
212.226,21
212.333,0
212.44,0
212.546,0
212.653,0
212.76,0
212.867,0
212.974,6
213.081,26
213.188,0
213.295,11
213.402,28
213.508,22
213.615,0
213.722,13
213.829,0
213.936,0
214.043,4
214.15,0
214.257,0
214.364,12
214.471,0
214.577,0
214.684,0
214.791,11
214.898,41
215.005,5
215.112,0
215.219,9
215.326,12
215.433,8
215.539,0
215.646,0
215.753,0
215.86,0
215.967,0
216.074,0
216.181,7
216.288,0
216.395,18
216.502,0
216.608,2
216.715,22
216.822,23
216.929,0
217.036,7
217.143,3
217.25,0
217.357,14
217.464,7
217.57,0
217.677,9
217.784,4
217.891,0
217.998,0
218.105,0
218.212,2
218.319,20
218.426,18
218.532,0
218.639,0
218.746,46
218.853,24
218.96,6
219.067,9
219.174,0
219.281,0
219.388,10
219.495,0
219.601,0
219.708,25
219.815,8
219.922,0
220.029,0
220.136,0
220.243,25
220.35,32
220.457,4
220.563,0
220.67,16
220.777,0
220.884,0
220.991,0
221.098,9
221.205,0
221.312,6
221.419,0
221.525,20
221.632,13
221.739,25
221.846,11
221.953,33
222.06,0
222.167,3
222.274,0
222.381,2
222.488,7
222.594,0
222.701,13
222.808,27
222.915,0
223.022,0
223.129,26
223.236,13
223.343,0
223.45,0
223.556,12
223.663,24
223.77,13
223.877,4
223.984,0
224.091,13
224.198,7
224.305,0
224.412,0
224.518,0
224.625,0
224.732,37
224.839,0
224.946,0
225.053,0
225.16,0
225.267,0
225.374,2
225.48,12
225.587,0
225.694,6
225.801,0
225.908,2
226.015,0
226.122,0
226.229,10
226.336,0
226.442,13
226.549,45
226.656,0
226.763,3
226.87,0
226.977,24
227.084,7
227.191,0
227.298,7
227.404,4
227.511,4
227.618,0
227.725,0
227.832,0
227.939,25
228.046,2
228.153,0
228.26,7
228.366,8
228.473,26
228.58,0
228.687,0
228.794,0
228.901,0
229.008,0
229.115,9
229.222,0
229.328,0
229.435,7
229.542,0
229.649,11
229.756,12
229.863,0
229.97,2
230.077,21
230.184,0
230.29,0
230.397,14
230.504,27
230.611,0
230.718,0
230.825,0
230.932,22
231.039,46
231.146,1
231.252,1
231.359,28
231.466,44
231.573,2
231.68,20
231.787,10
231.894,0
232.001,14
232.108,0
232.214,26
232.321,0
232.428,0
232.535,35
232.642,9
232.749,2
232.856,13
232.963,28
233.07,10
233.176,14
233.283,26
233.39,10
233.497,0
233.604,0
233.711,0
233.818,0
233.925,0
234.031,0
234.138,0
234.245,0
234.352,0
234.459,0
234.566,15
234.673,0
234.78,14
234.887,8
234.993,0
235.1,0
235.207,10
235.314,0
235.421,0
235.528,0
235.635,0
235.742,14
235.849,22
235.955,0
236.062,4
236.169,15
236.276,11
236.383,21
236.49,22
236.597,34
236.704,9
236.81,0
236.917,2
237.024,26
237.131,0
237.238,0
237.345,0
237.452,30
237.559,14
237.666,1
237.772,5
237.879,0
237.986,5
238.093,1
238.2,0
238.307,13
238.414,0
238.521,0
238.628,5
238.734,4
238.841,1
238.948,2
239.055,16
239.162,51
239.269,0
239.376,19
239.483,0
239.589,13
239.696,0
239.803,9
239.91,13
240.017,0
240.124,0
240.231,1
240.338,5
240.445,0
240.551,0
240.658,0
240.765,15
240.872,29
240.979,13
241.086,5
241.193,24
241.3,30
241.406,0
241.513,0
241.62,8
241.727,21
241.834,0
241.941,0
242.048,0
242.155,0
242.262,0
242.368,42
242.475,0
242.582,10
242.689,3
242.796,19
242.903,0
243.01,11
243.117,0
243.223,26
243.33,4
243.437,14
243.544,1
243.651,25
243.758,0
243.865,2
243.972,26
244.079,0
244.185,0
244.292,17
244.399,21
244.506,2
244.613,24
244.72,93
244.827,47
244.934,6
245.04,1
245.147,0
245.254,0
245.361,33
245.468,18
245.575,15
245.682,2
245.789,11
245.896,0
246.002,0
246.109,24
246.216,30
246.323,0
246.43,0
246.537,0
246.644,0
246.751,0
246.857,2
246.964,0
247.071,0
247.178,17
247.285,0
247.392,0
247.499,26
247.606,0
247.712,13
247.819,0
247.926,0
248.033,0
248.14,25
248.247,0
248.354,9
248.461,1
248.567,0
248.674,0
248.781,12
248.888,0
248.995,0
249.102,3
249.209,0
249.316,23
249.423,12
249.529,33
249.636,0
249.743,0
249.85,0
249.957,1
250.064,0
250.171,5
250.278,0
250.384,3
250.491,0
250.598,6
250.705,0
250.812,6
250.919,3
251.026,11
251.133,0
251.239,0
251.346,17
251.453,0
251.56,4
251.667,0
251.774,0
251.881,0
251.988,6
252.094,0
252.201,0
252.308,36
252.415,27
252.522,0
252.629,0
252.736,0
252.843,0
252.949,0
253.056,0
253.163,16
253.27,12
253.377,0
253.484,0
253.591,9
253.698,23
253.804,18
253.911,6
254.018,0
254.125,9
254.232,9
254.339,0
254.446,0
254.553,5
254.659,8
254.766,0
254.873,0
254.98,35
255.087,13
255.194,0
255.301,0
255.408,19
255.514,0
255.621,15
255.728,0
255.835,12
255.942,7
256.049,4
256.156,4
256.263,0
256.369,0
256.476,0
256.583,0
256.69,19
256.797,10
256.904,14
257.011,9
257.118,1
257.224,0
257.331,6
257.438,0
257.545,6
257.652,16
257.759,0
257.866,0
257.973,0
258.079,0
258.186,4
258.293,2
258.4,6
258.507,6
258.614,0
258.721,21
258.828,11
258.934,13
259.041,10
259.148,18
259.255,0
259.362,0
259.469,0
259.576,11
259.683,32
259.789,0
259.896,26
260.003,0
260.11,30
260.217,0
260.324,0
260.431,0
260.537,0
260.644,25
260.751,7
260.858,6
260.965,19
261.072,4
261.179,10
261.286,0
261.392,10
261.499,0
261.606,5
261.713,6
261.82,17
261.927,0
262.034,11
262.141,8
262.247,35
262.354,16
262.461,21
262.568,20
262.675,28
262.782,0
262.889,0
262.996,11
263.102,48
263.209,8
263.316,0
263.423,0
263.53,2
263.637,13
263.744,8
263.85,0
263.957,20
264.064,26
264.171,21
264.278,0
264.385,4
264.492,0
264.599,0
264.705,8
264.812,0
264.919,8
265.026,7
265.133,0
265.24,21
265.347,14
265.454,19
265.56,0
265.667,0
265.774,29
265.881,0
265.988,11
266.095,0
266.202,0
266.308,0
266.415,12
266.522,0
266.629,22
266.736,11
266.843,0
266.95,0
267.057,34
267.163,63
267.27,18
267.377,0
267.484,14
267.591,7
267.698,4
267.805,0
267.911,0
268.018,6
268.125,2
268.232,0
268.339,13
268.446,20
268.553,3
268.66,2
268.766,31
268.873,6
268.98,18
269.087,20
269.194,8
269.301,0
269.408,5
269.514,0
269.621,20
269.728,0
269.835,0
269.942,0
270.049,0
270.156,0
270.263,40
270.369,2
270.476,5
270.583,10
270.69,0
270.797,12
270.904,26
271.011,0
271.117,0
271.224,0
271.331,0
271.438,2
271.545,0
271.652,25
271.759,0
271.866,0
271.972,13
272.079,37
272.186,0
272.293,0
272.4,11
272.507,0
272.614,14
272.72,0
272.827,0
272.934,0
273.041,30
273.148,0
273.255,0
273.362,0
273.468,0
273.575,0
273.682,43
273.789,37
273.896,1
274.003,0
274.11,0
274.217,1
274.323,0
274.43,10
274.537,2
274.644,0
274.751,14
274.858,8
274.965,0
275.071,15
275.178,2
275.285,18
275.392,36
275.499,0
275.606,5
275.713,0
275.819,0
275.926,0
276.033,6
276.14,0
276.247,0
276.354,0
276.461,4
276.567,32
276.674,0
276.781,5
276.888,5
276.995,14
277.102,0
277.209,2
277.315,0
277.422,9
277.529,13
277.636,18
277.743,1
277.85,0
277.957,12
278.064,8
278.17,0
278.277,17
278.384,33
278.491,6
278.598,0
278.705,11
278.812,0
278.918,17
279.025,0
279.132,0
279.239,4
279.346,9
279.453,0
279.56,0
279.666,16
279.773,17
279.88,17
279.987,0
280.094,21
280.201,42
280.308,4
280.414,14
280.521,23
280.628,30
280.735,18
280.842,0
280.949,0
281.056,3
281.162,0
281.269,0
281.376,0
281.483,8
281.59,18
281.697,13
281.804,11
281.91,2
282.017,0
282.124,2
282.231,16
282.338,0
282.445,0
282.552,5
282.658,18
282.765,0
282.872,2
282.979,9
283.086,11
283.193,0
283.3,0
283.406,19
283.513,15
283.62,0
283.727,9
283.834,0
283.941,0
284.048,0
284.154,0
284.261,0
284.368,8
284.475,34
284.582,0
284.689,0
284.796,0
284.902,2
285.009,0
285.116,0
285.223,19
285.33,0
285.437,0
285.544,11
285.65,18
285.757,27
285.864,0
285.971,0
286.078,20
286.185,0
286.292,5
286.398,14
286.505,4
286.612,0
286.719,7
286.826,0
286.933,0
287.039,0
287.146,0
287.253,21
287.36,0
287.467,0
287.574,12
287.681,6
287.787,0
287.894,0
288.001,10
288.108,4
288.215,0
288.322,17
288.429,0
288.535,14
288.642,0
288.749,0
288.856,20
288.963,16
289.07,19
289.177,0
289.283,0
289.39,0
289.497,20
289.604,0
289.711,0
289.818,0
289.924,20
290.031,0
290.138,0
290.245,0
290.352,1
290.459,3
290.566,0
290.672,16
290.779,100
290.886,55
290.993,14
291.1,0
291.207,0
291.314,9
291.42,0
291.527,0
291.634,0
291.741,0
291.848,10
291.955,0
292.062,0
292.168,0
292.275,0
292.382,11
292.489,15
292.596,2
292.703,0
292.809,0
292.916,0
293.023,0
293.13,0
293.237,0
293.344,0
293.451,0
293.557,19
293.664,0
293.771,0
293.878,0
293.985,23
294.092,25
294.198,23
294.305,0
294.412,2
294.519,12
294.626,29
294.733,0
294.84,0
294.946,0
295.053,30
295.16,25
295.267,25
295.374,0
295.481,14
295.588,29
295.694,10
295.801,0
295.908,0
296.015,8
296.122,0
296.229,0
296.335,0
296.442,1
296.549,8
296.656,20
296.763,0
296.87,0
296.977,4
297.083,15
297.19,0
297.297,0
297.404,0
297.511,0
297.618,0
297.724,15
297.831,29
297.938,0
298.045,18
298.152,12
298.259,0
298.365,0
298.472,6
298.579,0
298.686,8
298.793,0
298.9,0
299.007,0
299.113,0
299.22,2
299.327,0
299.434,0
299.541,1
299.648,26
299.754,0
299.861,7
299.968,0
300.075,0
300.182,0
300.289,4
300.396,19
300.502,0
300.609,0
300.716,0
300.823,4
300.93,9
301.037,1
301.143,0
301.25,16
301.357,0
301.464,0
301.571,13
301.678,0
301.784,9
301.891,32
301.998,29
302.105,6
302.212,16
302.319,37
302.426,5
302.532,16
302.639,8
302.746,42
302.853,9
302.96,4
303.067,10
303.173,11
303.28,29
303.387,0
303.494,2
303.601,11
303.708,0
303.814,28
303.921,22
304.028,5
304.135,0
304.242,16
304.349,9
304.456,2
304.562,0
304.669,12
304.776,2
304.883,0
304.99,1
305.097,5
305.203,14
305.31,1
305.417,0
305.524,0
305.631,0
305.738,35
305.844,35
305.951,3
306.058,0
306.165,0
306.272,0
306.379,0
306.485,0
306.592,0
306.699,25
306.806,5
306.913,6
307.02,16
307.126,11
307.233,12
307.34,27
307.447,3
307.554,0
307.661,2
307.767,0
307.874,0
307.981,0
308.088,18
308.195,0
308.302,0
308.409,20
308.515,10
308.622,0
308.729,0
308.836,14
308.943,0
309.05,0
309.156,12
309.263,7
309.37,0
309.477,0
309.584,8
309.691,18
309.797,25
309.904,5
310.011,3
310.118,9
310.225,2
310.332,24
310.438,29
310.545,0
310.652,0
310.759,0
310.866,21
310.973,16
311.079,0
311.186,13
311.293,0
311.4,0
311.507,17
311.614,0
311.72,0
311.827,0
311.934,14
312.041,11
312.148,2
312.255,5
312.361,0
312.468,10
312.575,23
312.682,4
312.789,4
312.896,24
313.002,3
313.109,8
313.216,6
313.323,4
313.43,4
313.537,17
313.643,4
313.75,0
313.857,22
313.964,10
314.071,5
314.178,0
314.284,6
314.391,0
314.498,36
314.605,0
314.712,3
314.819,0
314.925,8
315.032,4
315.139,16
315.246,0
315.353,7
315.46,17
315.566,0
315.673,0
315.78,4
315.887,6
315.994,5
316.1,0
316.207,6
316.314,0
316.421,18
316.528,3
316.635,10
316.741,0
316.848,0
316.955,1
317.062,0
317.169,0
317.276,4
317.382,2
317.489,0
317.596,13
317.703,0
317.81,1
317.917,0
318.023,21
318.13,0
318.237,1
318.344,0
318.451,16
318.558,0
318.664,0
318.771,0
318.878,14
318.985,16
319.092,19
319.199,0
319.305,0
319.412,0
319.519,6
319.626,0
319.733,0
319.839,14
319.946,26
320.053,0
320.16,0
320.267,12
320.374,24
320.48,0
320.587,30
320.694,2
320.801,0
320.908,4
321.015,15
321.121,4
321.228,16
321.335,20
321.442,16
321.549,11
321.655,11
321.762,0
321.869,0
321.976,13
322.083,0
322.19,14
322.296,0
322.403,8
322.51,8
322.617,7
322.724,0
322.831,0
322.937,0
323.044,1
323.151,19
323.258,19
323.365,0
323.472,8
323.578,0
323.685,0
323.792,20
323.899,18
324.006,0
324.112,0
324.219,0
324.326,14
324.433,6
324.54,0
324.647,11
324.753,10
324.86,0
324.967,8
325.074,13
325.181,0
325.287,1
325.394,0
325.501,0
325.608,0
325.715,13
325.822,12
325.928,0
326.035,0
326.142,2
326.249,0
326.356,10
326.463,0
326.569,0
326.676,0
326.783,18
326.89,0
326.997,0
327.103,45
327.21,13
327.317,0
327.424,0
327.531,21
327.638,0
327.744,0
327.851,11
327.958,0
328.065,0
328.172,15
328.278,10
328.385,0
328.492,42
328.599,0
328.706,9
328.813,2
328.919,0
329.026,0
329.133,11
329.24,0
329.347,0
329.453,0
329.56,8
329.667,11
329.774,0
329.881,25
329.988,9
330.094,0
330.201,12
330.308,12
330.415,0
330.522,0
330.628,3
330.735,11
330.842,7
330.949,0
331.056,0
331.162,0
331.269,18
331.376,25
331.483,0
331.59,1
331.697,0
331.803,0
331.91,2
332.017,0
332.124,28
332.231,32
332.337,13
332.444,0
332.551,16
332.658,20
332.765,6
332.872,0
332.978,0
333.085,18
333.192,10
333.299,10
333.406,1
333.512,0
333.619,17
333.726,0
333.833,0
333.94,0
334.046,10
334.153,0
334.26,16
334.367,25
334.474,0
334.581,0
334.687,1
334.794,12
334.901,30
335.008,17
335.115,0
335.221,0
335.328,27
335.435,32
335.542,3
335.649,13
335.755,0
335.862,0
335.969,11
336.076,21
336.183,7
336.29,0
336.396,12
336.503,8
336.61,24
336.717,0
336.824,0
336.93,37
337.037,7
337.144,0
337.251,1
337.358,8
337.464,32
337.571,0
337.678,0
337.785,50
337.892,51
337.998,11
338.105,0
338.212,0
338.319,0
338.426,15
338.533,4
338.639,0
338.746,0
338.853,32
338.96,0
339.067,0
339.173,0
339.28,5
339.387,3
339.494,14
339.601,0
339.707,0
339.814,0
339.921,0
340.028,6
340.135,0
340.241,0
340.348,7
340.455,8
340.562,0
340.669,0
340.775,13
340.882,0
340.989,4
341.096,2
341.203,21
341.309,0
341.416,0
341.523,0
341.63,10
341.737,0
341.844,6
341.95,24
342.057,3
342.164,0
342.271,0
342.378,0
342.484,16
342.591,1
342.698,0
342.805,0
342.912,13
343.018,8
343.125,0
343.232,25
343.339,26
343.446,17
343.552,0
343.659,0
343.766,19
343.873,0
343.98,0
344.086,0
344.193,14
344.3,0
344.407,0
344.514,0
344.62,0
344.727,0
344.834,0
344.941,0
345.048,0
345.154,0
345.261,0
345.368,40
345.475,14
345.582,11
345.688,0
345.795,0
345.902,0
346.009,0
346.116,3
346.222,2
346.329,0
346.436,0
346.543,7
346.65,4
346.756,25
346.863,0
346.97,2
347.077,27
347.184,13
347.29,0
347.397,0
347.504,11
347.611,26
347.718,4
347.824,16
347.931,0
348.038,0
348.145,2
348.252,0
348.358,0
348.465,24
348.572,14
348.679,0
348.786,0
348.892,0
348.999,0
349.106,0
349.213,2
349.32,3
349.426,4
349.533,12
349.64,13
349.747,1
349.854,0
349.96,0
350.067,4
350.174,12
350.281,8
350.388,22
350.494,43
350.601,0
350.708,0
350.815,0
350.922,18
351.028,0
351.135,13
351.242,0
351.349,14
351.456,0
351.562,0
351.669,23
351.776,0
351.883,11
351.989,0
352.096,12
352.203,22
352.31,0
352.417,0
352.523,3
352.63,19
352.737,6
352.844,0
352.951,2
353.057,25
353.164,17
353.271,2
353.378,14
353.485,0
353.591,0
353.698,16
353.805,19
353.912,11
354.019,0
354.125,5
354.232,10
354.339,1
354.446,0
354.553,0
354.659,23
354.766,16
354.873,0
354.98,8
355.086,0
355.193,0
355.3,0
355.407,14
355.514,0
355.62,2
355.727,0
355.834,26
355.941,0
356.048,0
356.154,16
356.261,7
356.368,0
356.475,0
356.582,0
356.688,0
356.795,0
356.902,22
357.009,1
357.115,0
357.222,17
357.329,24
357.436,0
357.543,8
357.649,0
357.756,0
357.863,10
357.97,7
358.077,14
358.183,2
358.29,38
358.397,29
358.504,17
358.61,12
358.717,0
358.824,28
358.931,0
359.038,0
359.144,36
359.251,42
359.358,12
359.465,0
359.572,19
359.678,21
359.785,4
359.892,14
359.999,5
360.105,5
360.212,0
360.319,0
360.426,0
360.533,0
360.639,17
360.746,1
360.853,0
360.96,13
361.067,14
361.173,10
361.28,0
361.387,27
361.494,28
361.6,0
361.707,25
361.814,8
361.921,36
362.028,133
362.134,72
362.241,20
362.348,4
362.455,0
362.562,0
362.668,0
362.775,24
362.882,19
362.989,6
363.095,0
363.202,28
363.309,4
363.416,5
363.523,0
363.629,0
363.736,0
363.843,19
363.95,0
364.056,0
364.163,32
364.27,16
364.377,0
364.484,14
364.59,8
364.697,8
364.804,22
364.911,11
365.017,0
365.124,0
365.231,0
365.338,0
365.445,3
365.551,3
365.658,0
365.765,0
365.872,20
365.979,19
366.085,12
366.192,8
366.299,5
366.406,32
366.512,18
366.619,16
366.726,4
366.833,7
366.94,6
367.046,0
367.153,3
367.26,15
367.367,26
367.473,16
367.58,0
367.687,0
367.794,0
367.9,15
368.007,16
368.114,0
368.221,8
368.328,17
368.434,8
368.541,15
368.648,7
368.755,30
368.861,0
368.968,0
369.075,43
369.182,9
369.289,0
369.395,1
369.502,13
369.609,0
369.716,0
369.822,29
369.929,30
370.036,0
370.143,0
370.25,6
370.356,0
370.463,0
370.57,7
370.677,0
370.783,10
370.89,5
370.997,26
371.104,9
371.211,0
371.317,40
371.424,50
371.531,28
371.638,0
371.744,0
371.851,0
371.958,0
372.065,6
372.171,5
372.278,25
372.385,9
372.492,0
372.599,23
372.705,9
372.812,0
372.919,36
373.026,11
373.132,16
373.239,0
373.346,4
373.453,0
373.559,0
373.666,3
373.773,20
373.88,0
373.987,0
374.093,0
374.2,12
374.307,16
374.414,4
374.52,7
374.627,23
374.734,11
374.841,2
374.947,0
375.054,15
375.161,10
375.268,0
375.375,0
375.481,16
375.588,24
375.695,29
375.802,0
375.908,3
376.015,0
376.122,32
376.229,14
376.335,0
376.442,0
376.549,0
376.656,9
376.763,16
376.869,0
376.976,0
377.083,19
377.19,0
377.296,0
377.403,0
377.51,31
377.617,9
377.723,0
377.83,13
377.937,29
378.044,0
378.15,0
378.257,0
378.364,15
378.471,0
378.578,0
378.684,7
378.791,0
378.898,0
379.005,0
379.111,0
379.218,0
379.325,8
379.432,10
379.538,15
379.645,0
379.752,0
379.859,0
379.965,0
380.072,0
380.179,0
380.286,0
380.392,0
380.499,31
380.606,21
380.713,21
380.82,27
380.926,23
381.033,0
381.14,19
381.247,24
381.353,4
381.46,9
381.567,15
381.674,0
381.78,0
381.887,21
381.994,0
382.101,0
382.207,4
382.314,37
382.421,20
382.528,20
382.634,3
382.741,1
382.848,0
382.955,4
383.061,10
383.168,0
383.275,0
383.382,0
383.488,3
383.595,0
383.702,14
383.809,2
383.916,32
384.022,12
384.129,0
384.236,0
384.343,0
384.449,0
384.556,0
384.663,5
384.77,1
384.876,0
384.983,0
385.09,32
385.197,6
385.303,13
385.41,7
385.517,18
385.624,9
385.73,22
385.837,5
385.944,17
386.051,12
386.157,0
386.264,10
386.371,0
386.478,4
386.584,17
386.691,0
386.798,7
386.905,22
387.011,0
387.118,1
387.225,36
387.332,19
387.438,0
387.545,0
387.652,19
387.759,0
387.865,14
387.972,0
388.079,0
388.186,0
388.292,8
388.399,0
388.506,0
388.613,6
388.719,12
388.826,0
388.933,0
389.04,24
389.146,10
389.253,3
389.36,12
389.467,22
389.573,29
389.68,0
389.787,2
389.894,6
390,0
390.107,0
390.214,17
390.321,31
390.427,0
390.534,0
390.641,0
390.748,0
390.854,36
390.961,0
391.068,0
391.175,13
391.281,47
391.388,15
391.495,0
391.602,0
391.708,0
391.815,3
391.922,12
392.029,0
392.135,10
392.242,0
392.349,8
392.456,0
392.562,0
392.669,21
392.776,0
392.883,0
392.989,0
393.096,0
393.203,12
393.31,0
393.416,17
393.523,42
393.63,18
393.737,4
393.843,0
393.95,2
394.057,40
394.164,0
394.27,0
394.377,18
394.484,0
394.591,0
394.697,8
394.804,3
394.911,0
395.018,9
395.124,0
395.231,0
395.338,13
395.445,11
395.551,0
395.658,17
395.765,19
395.871,0
395.978,23
396.085,25
396.192,0
396.298,19
396.405,0
396.512,0
396.619,0
396.725,0
396.832,5
396.939,0
397.046,0
397.152,28
397.259,16
397.366,0
397.473,0
397.579,0
397.686,0
397.793,0
397.9,0
398.006,0
398.113,0
398.22,0
398.327,0
398.433,22
398.54,110
398.647,82
398.753,26
398.86,14
398.967,0
399.074,13
399.18,0
399.287,0
399.394,0
399.501,0
399.607,2
399.714,0
399.821,23
399.928,16
400.034,0
400.141,28
400.248,23
400.355,0
400.461,11
400.568,23
400.675,21
400.781,0
400.888,29
400.995,22
401.102,11
401.208,5
401.315,0
401.422,0
401.529,20
401.635,0
401.742,0
401.849,38
401.956,35
402.062,45
402.169,12
402.276,11
402.382,0
402.489,0
402.596,0
402.703,15
402.809,13
402.916,0
403.023,0
403.13,17
403.236,28
403.343,8
403.45,20
403.557,0
403.663,12
403.77,0
403.877,0
403.983,0
404.09,0
404.197,4
404.304,11
404.41,36
404.517,0
404.624,0
404.731,0
404.837,0
404.944,0
405.051,25
405.158,64
405.264,45
405.371,0
405.478,0
405.584,6
405.691,13
405.798,3
405.905,0
406.011,0
406.118,2
406.225,8
406.332,0
406.438,0
406.545,1
406.652,4
406.758,8
406.865,11
406.972,6
407.079,15
407.185,0
407.292,18
407.399,22
407.506,23
407.612,8
407.719,5
407.826,0
407.932,52
408.039,115
408.146,92
408.253,15
408.359,0
408.466,0
408.573,16
408.68,3
408.786,0
408.893,0
409,31
409.106,25
409.213,9
409.32,0
409.427,0
409.533,19
409.64,19
409.747,0
409.853,21
409.96,17
410.067,6
410.174,19
410.28,26
410.387,43
410.494,0
410.601,0
410.707,0
410.814,0
410.921,2
411.027,24
411.134,6
411.241,2
411.348,10
411.454,90
411.561,36
411.668,21
411.774,13
411.881,0
411.988,25
412.095,19
412.201,26
412.308,0
412.415,0
412.522,30
412.628,26
412.735,0
412.842,0
412.948,0
413.055,12
413.162,0
413.269,0
413.375,3
413.482,0
413.589,0
413.695,2
413.802,15
413.909,0
414.016,5
414.122,0
414.229,6
414.336,0
414.442,0
414.549,0
414.656,0
414.763,9
414.869,0
414.976,0
415.083,20
415.189,58
415.296,43
415.403,0
415.51,34
415.616,0
415.723,0
415.83,2
415.936,0
416.043,0
416.15,0
416.257,2
416.363,3
416.47,12
416.577,0
416.683,12
416.79,24
416.897,32
417.004,0
417.11,0
417.217,0
417.324,0
417.43,0
417.537,0
417.644,5
417.751,20
417.857,0
417.964,0
418.071,21
418.177,0
418.284,33
418.391,138
418.498,147
418.604,79
418.711,0
418.818,0
418.924,0
419.031,0
419.138,5
419.245,9
419.351,29
419.458,10
419.565,38
419.671,54
419.778,16
419.885,0
419.992,29
420.098,3
420.205,0
420.312,2
420.418,13
420.525,21
420.632,0
420.738,0
420.845,0
420.952,15
421.059,73
421.165,126
421.272,70
421.379,52
421.485,13
421.592,26
421.699,50
421.806,41
421.912,2
422.019,5
422.126,4
422.232,1
422.339,0
422.446,0
422.552,4
422.659,2
422.766,7
422.873,18
422.979,2
423.086,0
423.193,34
423.299,30
423.406,8
423.513,0
423.62,0
423.726,23
423.833,0
423.94,2
424.046,0
424.153,18
424.26,1
424.366,42
424.473,14
424.58,10
424.687,0
424.793,18
424.9,9
425.007,0
425.113,0
425.22,0
425.327,13
425.433,0
425.54,0
425.647,3
425.754,0
425.86,13
425.967,23
426.074,0
426.18,5
426.287,3
426.394,0
426.5,0
426.607,12
426.714,6
426.821,0
426.927,22
427.034,0
427.141,10
427.247,6
427.354,12
427.461,11
427.567,6
427.674,7
427.781,32
427.888,23
427.994,14
428.101,0
428.208,17
428.314,0
428.421,1
428.528,8
428.634,0
428.741,14
428.848,72
428.955,40
429.061,27
429.168,9
429.275,40
429.381,24
429.488,24
429.595,9
429.701,10
429.808,0
429.915,8
430.021,0
430.128,1
430.235,0
430.342,20
430.448,65
430.555,34
430.662,39
430.768,35
430.875,28
430.982,30
431.088,12
431.195,10
431.302,0
431.409,18
431.515,10
431.622,16
431.729,12
431.835,0
431.942,0
432.049,9
432.155,0
432.262,0
432.369,19
432.475,14
432.582,0
432.689,12
432.796,10
432.902,20
433.009,19
433.116,10
433.222,0
433.329,8
433.436,4
433.542,0
433.649,0
433.756,0
433.862,25
433.969,6
434.076,0
434.182,10
434.289,15
434.396,4
434.503,14
434.609,23
434.716,0
434.823,2
434.929,5
435.036,1
435.143,7
435.249,36
435.356,19
435.463,0
435.569,0
435.676,36
435.783,196
435.889,150
435.996,33
436.103,0
436.21,0
436.316,0
436.423,0
436.53,0
436.636,9
436.743,0
436.85,0
436.956,4
437.063,12
437.17,0
437.276,9
437.383,37
437.49,10
437.596,22
437.703,0
437.81,16
437.916,0
438.023,0
438.13,0
438.237,20
438.343,29
438.45,0
438.557,0
438.663,0
438.77,4
438.877,6
438.983,0
439.09,80
439.197,178
439.303,114
439.41,7
439.517,2
439.623,0
439.73,0
439.837,11
439.943,0
440.05,0
440.157,0
440.263,0
440.37,0
440.477,4
440.583,21
440.69,0
440.797,7
440.904,16
441.01,13
441.117,16
441.224,0
441.33,15
441.437,0
441.544,6
441.65,0
441.757,0
441.864,0
441.97,3
442.077,0
442.184,22
442.29,5
442.397,0
442.504,15
442.61,16
442.717,0
442.824,33
442.93,11
443.037,0
443.144,15
443.25,0
443.357,0
443.464,1
443.57,30
443.677,2
443.784,0
443.89,0
443.997,18
444.104,0
444.21,4
444.317,0
444.424,0
444.53,15
444.637,30
444.744,24
444.851,0
444.957,0
445.064,0
445.171,5
445.277,0
445.384,0
445.491,33
445.597,16
445.704,10
445.811,0
445.917,17
446.024,16
446.131,17
446.237,2
446.344,0
446.451,0
446.557,5
446.664,0
446.771,0
446.877,2
446.984,0
447.091,0
447.197,0
447.304,24
447.411,14
447.517,13
447.624,0
447.731,26
447.837,20
447.944,10
448.051,55
448.157,0
448.264,0
448.371,13
448.477,0
448.584,0
448.691,4
448.797,0
448.904,9
449.011,13
449.117,1
449.224,25
449.331,15
449.437,2
449.544,21
449.651,28
449.757,0
449.864,0
449.971,0
450.077,0
450.184,0
450.291,0
450.397,1
450.504,0
450.611,30
450.717,12
450.824,22
450.931,17
451.037,21
451.144,34
451.251,0
451.357,0
451.464,17
451.571,0
451.677,0
451.784,21
451.891,7
451.997,0
452.104,0
452.21,19
452.317,2
452.424,7
452.53,2
452.637,0
452.744,0
452.85,0
452.957,24
453.064,0
453.17,5
453.277,0
453.384,2
453.49,8
453.597,4
453.704,0
453.81,11
453.917,17
454.024,0
454.13,0
454.237,15
454.344,19
454.45,7
454.557,23
454.664,8
454.77,30
454.877,18
454.984,0
455.09,0
455.197,50
455.304,14
455.41,12
455.517,0
455.624,8
455.73,15
455.837,12
455.944,0
456.05,0
456.157,0
456.263,0
456.37,27
456.477,0
456.583,16
456.69,0
456.797,3
456.903,35
457.01,11
457.117,0
457.223,34
457.33,3
457.437,23
457.543,10
457.65,0
457.757,3
457.863,13
457.97,18
458.077,2
458.183,0
458.29,4
458.397,0
458.503,13
458.61,24
458.716,9
458.823,1
458.93,3
459.036,4
459.143,3
459.25,1
459.356,0
459.463,0
459.57,5
459.676,4
459.783,0
459.89,5
459.996,1
460.103,16
460.21,18
460.316,0
460.423,25
460.53,5
460.636,0
460.743,32
460.849,64
460.956,13
461.063,8
461.169,0
461.276,0
461.383,4
461.489,6
461.596,1
461.703,5
461.809,0
461.916,22
462.023,0
462.129,0
462.236,8
462.342,9
462.449,14
462.556,0
462.662,0
462.769,0
462.876,19
462.982,7
463.089,0
463.196,4
463.302,4
463.409,39
463.516,0
463.622,7
463.729,22
463.835,14
463.942,32
464.049,14
464.155,0
464.262,0
464.369,2
464.475,0
464.582,0
464.689,0
464.795,0
464.902,18
465.009,10
465.115,8
465.222,17
465.328,4
465.435,34
465.542,13
465.648,0
465.755,0
465.862,15
465.968,9
466.075,0
466.182,0
466.288,8
466.395,21
466.501,19
466.608,0
466.715,18
466.821,28
466.928,0
467.035,0
467.141,0
467.248,8
467.355,2
467.461,0
467.568,0
467.674,0
467.781,16
467.888,30
467.994,0
468.101,9
468.208,0
468.314,0
468.421,12
468.528,17
468.634,0
468.741,5
468.847,9
468.954,0
469.061,2
469.167,0
469.274,7
469.381,0
469.487,32
469.594,24
469.701,24
469.807,19
469.914,0
470.02,0
470.127,0
470.234,0
470.34,2
470.447,2
470.554,13
470.66,0
470.767,0
470.873,17
470.98,26
471.087,0
471.193,0
471.3,0
471.407,0
471.513,0
471.62,5
471.727,9
471.833,114
471.94,197
472.046,107
472.153,28
472.26,0
472.366,0
472.473,32
472.58,0
472.686,7
472.793,0
472.899,0
473.006,0
473.113,1
473.219,0
473.326,0
473.433,0
473.539,13
473.646,0
473.752,2
473.859,0
473.966,25
474.072,12
474.179,8
474.286,69
474.392,38
474.499,22
474.605,0
474.712,0
474.819,6
474.925,0
475.032,19
475.139,0
475.245,0
475.352,0
475.458,0
475.565,0
475.672,6
475.778,0
475.885,2
475.992,4
476.098,0
476.205,0
476.311,0
476.418,0
476.525,24
476.631,24
476.738,33
476.844,0
476.951,9
477.058,10
477.164,0
477.271,1
477.378,27
477.484,31
477.591,0
477.697,0
477.804,15
477.911,0
478.017,0
478.124,24
478.231,28
478.337,5
478.444,0
478.55,25
478.657,0
478.764,0
478.87,0
478.977,0
479.083,0
479.19,0
479.297,0
479.403,2
479.51,0
479.617,0
479.723,3
479.83,0
479.936,0
480.043,13
480.15,0
480.256,0
480.363,15
480.469,0
480.576,14
480.683,26
480.789,20
480.896,5
481.003,0
481.109,0
481.216,0
481.322,20
481.429,8
481.536,11
481.642,2
481.749,14
481.855,5
481.962,4
482.069,0
482.175,16
482.282,0
482.388,2
482.495,0
482.602,9
482.708,0
482.815,0
482.922,4
483.028,3
483.135,0
483.241,18
483.348,8
483.455,11
483.561,0
483.668,24
483.774,0
483.881,0
483.988,1
484.094,21
484.201,3
484.307,4
484.414,3
484.521,22
484.627,5
484.734,0
484.84,6
484.947,10
485.054,0
485.16,19
485.267,0
485.373,0
485.48,6
485.587,0
485.693,0
485.8,0
485.907,0
486.013,6
486.12,7
486.226,0
486.333,8
486.44,0
486.546,12
486.653,0
486.759,0
486.866,4
486.973,0
487.079,0
487.186,69
487.292,1
487.399,0
487.506,0
487.612,0
487.719,4
487.825,14
487.932,1
488.039,1
488.145,12
488.252,4
488.358,9
488.465,17
488.572,25
488.678,18
488.785,0
488.891,0
488.998,0
489.105,8
489.211,3
489.318,25
489.424,23
489.531,9
489.638,2
489.744,0
489.851,30
489.957,18
490.064,0
490.171,0
490.277,0
490.384,20
490.49,2
490.597,0
490.704,18
490.81,12
490.917,11
491.023,9
491.13,0
491.237,0
491.343,35
491.45,16
491.556,0
491.663,17
491.769,5
491.876,12
491.983,0
492.089,0
492.196,0
492.302,2
492.409,4
492.516,0
492.622,13
492.729,7
492.835,0
492.942,1
493.049,0
493.155,0
493.262,58
493.368,38
493.475,0
493.582,0
493.688,0
493.795,20
493.901,57
494.008,6
494.114,12
494.221,19
494.328,0
494.434,0
494.541,22
494.647,21
494.754,14
494.861,0
494.967,14
495.074,6
495.18,0
495.287,0
495.394,3
495.5,0
495.607,10
495.713,20
495.82,64
495.926,24
496.033,0
496.14,0
496.246,0
496.353,0
496.459,4
496.566,5
496.673,2
496.779,0
496.886,2
496.992,9
497.099,0
497.206,0
497.312,6
497.419,15
497.525,7
497.632,0
497.738,76
497.845,123
497.952,52
498.058,3
498.165,4
498.271,8
498.378,0
498.485,0
498.591,0
498.698,0
498.804,30
498.911,71
499.017,34
499.124,15
499.231,13
499.337,0
499.444,0
499.55,18
499.657,20
499.763,0
499.87,0
499.977,0
500.083,0
500.19,0
500.296,21
500.403,0
500.51,0
500.616,24
500.723,33
500.829,0
500.936,19
501.042,0
501.149,0
501.256,5
501.362,0
501.469,0
501.575,0
501.682,28
501.788,0
501.895,0
502.002,0
502.108,0
502.215,0
502.321,0
502.428,0
502.534,6
502.641,8
502.748,0
502.854,0
502.961,8
503.067,10
503.174,13
503.281,0
503.387,10
503.494,0
503.6,25
503.707,5
503.813,96
503.92,82
504.027,41
504.133,0
504.24,0
504.346,7
504.453,15
504.559,0
504.666,1
504.773,22
504.879,6
504.986,0
505.092,0
505.199,0
505.305,0
505.412,1
505.518,0
505.625,0
505.732,39
505.838,0
505.945,0
506.051,0
506.158,0
506.264,19
506.371,2
506.478,0
506.584,16
506.691,8
506.797,0
506.904,0
507.01,7
507.117,10
507.224,0
507.33,4
507.437,18
507.543,12
507.65,9
507.756,4
507.863,0
507.97,4
508.076,4
508.183,0
508.289,0
508.396,0
508.502,56
508.609,45
508.715,0
508.822,0
508.929,0
509.035,23
509.142,44
509.248,82
509.355,28
509.461,0
509.568,0
509.675,5
509.781,0
509.888,0
509.994,0
510.101,7
510.207,0
510.314,2
510.42,0
510.527,17
510.634,27
510.74,0
510.847,17
510.953,0
511.06,0
511.166,0
511.273,11
511.379,0
511.486,0
511.593,24
511.699,0
511.806,3
511.912,0
512.019,0
512.125,0
512.232,6
512.339,0
512.445,14
512.552,16
512.658,23
512.765,45
512.871,16
512.978,0
513.084,1
513.191,15
513.298,208
513.404,389
513.511,504
513.617,363
513.724,307
513.83,446
513.937,386
514.043,153
514.15,70
514.256,52
514.363,60
514.47,98
514.576,87
514.683,49
514.789,2
514.896,0
515.002,3
515.109,0
515.215,0
515.322,12
515.429,0
515.535,0
515.642,62
515.748,78
515.855,134
515.961,116
516.068,62
516.174,81
516.281,142
516.388,103
516.494,16
516.601,0
516.707,0
516.814,0
516.92,18
517.027,12
517.133,0
517.24,20
517.346,71
517.453,61
517.56,98
517.666,66
517.773,19
517.879,0
517.986,0
518.092,1
518.199,7
518.305,38
518.412,291
518.518,326
518.625,150
518.732,23
518.838,0
518.945,0
519.051,0
519.158,24
519.264,11
519.371,0
519.477,0
519.584,0
519.69,3
519.797,4
519.903,0
520.01,0
520.117,11
520.223,24
520.33,8
520.436,0
520.543,0
520.649,27
520.756,4
520.862,0
520.969,7
521.075,16
521.182,1
521.289,22
521.395,20
521.502,0
521.608,39
521.715,24
521.821,0
521.928,6
522.034,6
522.141,0
522.247,0
522.354,0
522.46,0
522.567,0
522.674,0
522.78,21
522.887,0
522.993,0
523.1,0
523.206,0
523.313,12
523.419,0
523.526,21
523.632,0
523.739,7
523.845,4
523.952,7
524.058,11
524.165,0
524.272,25
524.378,5
524.485,13
524.591,24
524.698,45
524.804,24
524.911,3
525.017,0
525.124,2
525.23,3
525.337,0
525.443,10
525.55,0
525.656,2
525.763,13
525.87,0
525.976,0
526.083,20
526.189,0
526.296,0
526.402,12
526.509,0
526.615,0
526.722,29
526.828,0
526.935,4
527.041,0
527.148,0
527.254,0
527.361,29
527.467,3
527.574,0
527.68,3
527.787,0
527.894,0
528,6
528.107,0
528.213,0
528.32,17
528.426,11
528.533,0
528.639,4
528.746,21
528.852,24
528.959,17
529.065,18
529.172,11
529.278,0
529.385,0
529.491,0
529.598,0
529.704,0
529.811,3
529.918,19
530.024,0
530.131,19
530.237,3
530.344,0
530.45,19
530.557,6
530.663,4
530.77,0
530.876,0
530.983,0
531.089,0
531.196,0
531.302,33
531.409,11
531.515,0
531.622,12
531.728,3
531.835,6
531.941,0
532.048,0
532.154,3
532.261,0
532.367,0
532.474,0
532.581,0
532.687,26
532.794,15
532.9,25
533.007,12
533.113,10
533.22,0
533.326,12
533.433,0
533.539,2
533.646,6
533.752,0
533.859,16
533.965,0
534.072,0
534.178,0
534.285,0
534.391,0
534.498,8
534.604,0
534.711,14
534.817,10
534.924,0
535.03,2
535.137,10
535.243,0
535.35,0
535.456,12
535.563,0
535.669,10
535.776,0
535.882,0
535.989,0
536.095,0
536.202,6
536.308,1
536.415,8
536.521,13
536.628,0
536.735,10
536.841,12
536.948,4
537.054,0
537.161,0
537.267,8
537.374,0
537.48,0
537.587,0
537.693,8
537.8,13
537.906,0
538.013,0
538.119,6
538.226,26
538.332,33
538.439,0
538.545,83
538.652,118
538.758,44
538.865,1
538.971,8
539.078,0
539.184,0
539.291,9
539.397,2
539.504,14
539.61,28
539.717,36
539.823,25
539.93,7
540.036,9
540.143,9
540.249,0
540.356,0
540.462,26
540.569,5
540.675,0
540.782,19
540.888,0
540.995,3
541.101,19
541.208,10
541.314,0
541.421,0
541.527,3
541.634,0
541.74,18
541.847,33
541.953,0
542.06,0
542.166,4
542.273,1
542.379,0
542.486,0
542.592,10
542.699,8
542.805,0
542.912,14
543.018,0
543.125,23
543.231,20
543.338,6
543.444,5
543.551,0
543.657,127
543.764,188
543.87,94
543.977,8
544.083,0
544.19,0
544.296,13
544.403,4
544.509,0
544.616,10
544.722,0
544.829,9
544.935,0
545.042,2
545.148,17
545.255,0
545.361,2
545.467,20
545.574,0
545.68,0
545.787,2
545.893,0
546,0
546.106,30
546.213,0
546.319,2
546.426,24
546.532,2
546.639,0
546.745,0
546.852,0
546.958,17
547.065,0
547.171,0
547.278,0
547.384,10
547.491,15
547.597,0
547.704,2
547.81,0
547.917,2
548.023,0
548.13,6
548.236,13
548.343,2
548.449,0
548.556,13
548.662,3
548.769,28
548.875,0
548.982,8
549.088,23
549.195,15
549.301,0
549.408,6
549.514,12
549.62,2
549.727,0
549.833,0
549.94,6
550.046,0
550.153,4
550.259,0
550.366,0
550.472,0
550.579,0
550.685,0
550.792,8
550.898,0
551.005,0
551.111,32
551.218,50
551.324,2
551.431,7
551.537,0
551.644,0
551.75,0
551.857,0
551.963,0
552.07,0
552.176,0
552.282,9
552.389,0
552.495,0
552.602,16
552.708,6
552.815,1
552.921,11
553.028,8
553.134,0
553.241,0
553.347,0
553.454,0
553.56,0
553.667,0
553.773,8
553.88,15
553.986,9
554.093,0
554.199,0
554.305,0
554.412,0
554.518,0
554.625,0
554.731,0
554.838,0
554.944,0
555.051,15
555.157,6
555.264,14
555.37,7
555.477,7
555.583,7
555.69,19
555.796,0
555.903,12
556.009,0
556.115,7
556.222,10
556.328,3
556.435,0
556.541,18
556.648,3
556.754,15
556.861,27
556.967,3
557.074,3
557.18,1
557.287,3
557.393,4
557.5,29
557.606,10
557.713,6
557.819,4
557.925,24
558.032,0
558.138,10
558.245,0
558.351,0
558.458,4
558.564,0
558.671,7
558.777,15
558.884,0
558.99,0
559.097,36
559.203,16
559.309,19
559.416,0
559.522,0
559.629,11
559.735,38
559.842,2
559.948,0
560.055,0
560.161,0
560.268,0
560.374,2
560.481,0
560.587,0
560.693,0
560.8,43
560.906,8
561.013,0
561.119,9
561.226,9
561.332,4
561.439,9
561.545,0
561.652,0
561.758,53
561.864,33
561.971,0
562.077,0
562.184,0
562.29,5
562.397,23
562.503,20
562.61,0
562.716,5
562.823,5
562.929,2
563.035,0
563.142,1
563.248,7
563.355,16
563.461,0
563.568,0
563.674,18
563.781,4
563.887,0
563.994,4
564.1,9
564.206,0
564.313,5
564.419,11
564.526,0
564.632,0
564.739,15
564.845,0
564.952,0
565.058,0
565.165,0
565.271,16
565.377,0
565.484,11
565.59,21
565.697,0
565.803,0
565.91,15
566.016,0
566.123,7
566.229,0
566.335,0
566.442,0
566.548,0
566.655,6
566.761,3
566.868,0
566.974,0
567.081,0
567.187,0
567.293,30
567.4,13
567.506,12
567.613,10
567.719,8
567.826,0
567.932,0
568.039,8
568.145,0
568.251,0
568.358,30
568.464,14
568.571,0
568.677,20
568.784,15
568.89,0
568.997,6
569.103,0
569.209,12
569.316,33
569.422,7
569.529,3
569.635,0
569.742,9
569.848,23
569.955,6
570.061,0
570.167,13
570.274,21
570.38,18
570.487,0
570.593,0
570.7,21
570.806,2
570.912,12
571.019,0
571.125,5
571.232,0
571.338,6
571.445,17
571.551,0
571.658,0
571.764,19
571.87,18
571.977,0
572.083,0
572.19,0
572.296,0
572.403,50
572.509,14
572.615,3
572.722,0
572.828,0
572.935,19
573.041,0
573.148,0
573.254,6
573.36,19
573.467,9
573.573,0
573.68,6
573.786,0
573.893,4
573.999,0
574.105,0
574.212,0
574.318,0
574.425,6
574.531,3
574.638,0
574.744,0
574.85,0
574.957,0
575.063,0
575.17,0
575.276,0
575.383,0
575.489,3
575.595,11
575.702,0
575.808,0
575.915,6
576.021,0
576.128,0
576.234,0
576.34,0
576.447,16
576.553,0
576.66,0
576.766,15
576.873,0
576.979,0
577.085,0
577.192,32
577.298,0
577.405,2
577.511,0
577.618,0
577.724,0
577.83,14
577.937,0
578.043,0
578.15,16
578.256,0
578.363,0
578.469,0
578.575,0
578.682,17
578.788,0
578.895,0
579.001,21
579.107,8
579.214,6
579.32,0
579.427,0
579.533,5
579.64,0
579.746,19
579.852,7
579.959,5
580.065,0
580.172,9
580.278,13
580.384,20
580.491,0
580.597,0
580.704,14
580.81,1
580.917,1
581.023,0
581.129,0
581.236,0
581.342,12
581.449,4
581.555,22
581.661,11
581.768,0
581.874,13
581.981,0
582.087,2
582.193,21
582.3,13
582.406,12
582.513,0
582.619,26
582.726,10
582.832,0
582.938,0
583.045,34
583.151,14
583.258,0
583.364,0
583.47,5
583.577,1
583.683,0
583.79,0
583.896,0
584.002,13
584.109,0
584.215,0
584.322,0
584.428,0
584.535,0
584.641,0
584.747,28
584.854,0
584.96,4
585.067,8
585.173,18
585.279,32
585.386,0
585.492,4
585.599,0
585.705,13
585.811,6
585.918,8
586.024,0
586.131,4
586.237,19
586.343,1
586.45,0
586.556,24
586.663,44
586.769,0
586.875,0
586.982,28
587.088,0
587.195,9
587.301,15
587.407,0
587.514,22
587.62,0
587.727,14
587.833,12
587.939,18
588.046,0
588.152,0
588.259,7
588.365,6
588.471,10
588.578,13
588.684,0
588.791,6
588.897,0
589.003,32
589.11,1
589.216,0
589.323,0
589.429,0
589.535,0
589.642,20
589.748,0
589.855,0
589.961,7
590.067,21
590.174,5
590.28,2
590.387,1
590.493,0
590.599,23
590.706,48
590.812,32
590.918,17
591.025,0
591.131,17
591.238,0
591.344,0
591.45,0
591.557,8
591.663,32
591.77,0
591.876,9
591.982,19
592.089,0
592.195,8
592.302,15
592.408,0
592.514,0
592.621,27
592.727,8
592.834,12
592.94,5
593.046,22
593.153,24
593.259,14
593.365,0
593.472,1
593.578,0
593.685,47
593.791,29
593.897,15
594.004,16
594.11,5
594.217,33
594.323,0
594.429,0
594.536,53
594.642,102
594.748,82
594.855,4
594.961,12
595.068,13
595.174,0
595.28,0
595.387,8
595.493,33
595.6,0
595.706,0
595.812,0
595.919,18
596.025,0
596.131,0
596.238,0
596.344,12
596.451,21
596.557,0
596.663,6
596.77,66
596.876,61
596.982,29
597.089,2
597.195,0
597.302,6
597.408,0
597.514,11
597.621,24
597.727,1
597.833,18
597.94,24
598.046,6
598.153,0
598.259,0
598.365,4
598.472,0
598.578,0
598.685,25
598.791,0
598.897,0
599.004,0
599.11,13
599.216,0
599.323,21
599.429,8
599.535,8
599.642,14
599.748,22
599.855,22
599.961,23
600.067,9
600.174,1
600.28,25
600.386,7
600.493,0
600.599,0
600.706,10
600.812,31
600.918,39
601.025,8
601.131,18
601.237,8
601.344,0
601.45,11
601.557,23
601.663,0
601.769,24
601.876,0
601.982,2
602.088,0
602.195,0
602.301,0
602.407,0
602.514,0
602.62,23
602.727,3
602.833,7
602.939,1
603.046,0
603.152,0
603.258,0
603.365,0
603.471,0
603.577,2
603.684,0
603.79,9
603.897,0
604.003,0
604.109,13
604.216,0
604.322,45
604.428,37
604.535,14
604.641,4
604.747,0
604.854,22
604.96,17
605.067,3
605.173,10
605.279,0
605.386,0
605.492,25
605.598,7
605.705,0
605.811,0
605.917,14
606.024,30
606.13,20
606.236,0
606.343,0
606.449,17
606.556,23
606.662,0
606.768,0
606.875,22
606.981,8
607.087,12
607.194,0
607.3,0
607.406,0
607.513,0
607.619,26
607.725,31
607.832,20
607.938,29
608.045,44
608.151,15
608.257,0
608.364,0
608.47,18
608.576,19
608.683,0
608.789,10
608.895,18
609.002,30
609.108,11
609.214,4
609.321,7
609.427,0
609.533,26
609.64,5
609.746,0
609.852,17
609.959,0
610.065,12
610.172,12
610.278,28
610.384,4
610.491,19
610.597,0
610.703,0
610.81,27
610.916,31
611.022,3
611.129,0
611.235,0
611.341,15
611.448,0
611.554,0
611.66,0
611.767,28
611.873,4
611.979,0
612.086,0
612.192,0
612.298,14
612.405,0
612.511,0
612.617,0
612.724,8
612.83,18
612.936,0
613.043,0
613.149,0
613.255,26
613.362,18
613.468,23
613.575,5
613.681,13
613.787,0
613.894,20
614,19
614.106,0
614.213,0
614.319,46
614.425,10
614.532,25
614.638,0
614.744,0
614.851,0
614.957,19
615.063,30
615.17,0
615.276,0
615.382,8
615.489,14
615.595,0
615.701,21
615.808,9
615.914,13
616.02,8
616.127,0
616.233,0
616.339,7
616.446,16
616.552,5
616.658,4
616.765,3
616.871,0
616.977,17
617.084,0
617.19,15
617.296,0
617.403,35
617.509,38
617.615,23
617.722,0
617.828,3
617.934,2
618.041,0
618.147,0
618.253,0
618.36,0
618.466,0
618.572,0
618.679,0
618.785,31
618.891,1
618.998,25
619.104,18
619.21,30
619.316,32
619.423,30
619.529,0
619.635,8
619.742,19
619.848,0
619.954,20
620.061,0
620.167,0
620.273,29
620.38,8
620.486,8
620.592,0
620.699,19
620.805,10
620.911,0
621.018,0
621.124,15
621.23,0
621.337,17
621.443,0
621.549,0
621.656,0
621.762,4
621.868,17
621.975,0
622.081,0
622.187,0
622.294,5
622.4,36
622.506,0
622.612,1
622.719,33
622.825,31
622.931,0
623.038,0
623.144,0
623.25,23
623.357,11
623.463,0
623.569,0
623.676,6
623.782,22
623.888,0
623.995,4
624.101,4
624.207,0
624.314,0
624.42,6
624.526,2
624.632,4
624.739,0
624.845,16
624.951,9
625.058,26
625.164,0
625.27,0
625.377,0
625.483,0
625.589,40
625.696,40
625.802,35
625.908,0
626.015,0
626.121,0
626.227,0
626.333,5
626.44,0
626.546,8
626.652,0
626.759,0
626.865,8
626.971,0
627.078,20
627.184,8
627.29,42
627.397,0
627.503,0
627.609,14
627.715,8
627.822,11
627.928,0
628.034,2
628.141,0
628.247,9
628.353,18
628.46,0
628.566,0
628.672,8
628.778,10
628.885,13
628.991,24
629.097,3
629.204,29
629.31,0
629.416,0
629.523,0
629.629,0
629.735,11
629.841,0
629.948,0
630.054,0
630.16,25
630.267,14
630.373,0
630.479,1
630.586,0
630.692,11
630.798,16
630.904,34
631.011,11
631.117,10
631.223,5
631.33,1
631.436,2
631.542,24
631.649,0
631.755,2
631.861,5
631.967,12
632.074,0
632.18,0
632.286,9
632.393,0
632.499,0
632.605,0
632.711,0
632.818,12
632.924,0
633.03,0
633.137,17
633.243,5
633.349,0
633.456,13
633.562,21
633.668,6
633.774,13
633.881,21
633.987,20
634.093,15
634.2,15
634.306,12
634.412,26
634.518,0
634.625,0
634.731,7
634.837,0
634.944,0
635.05,14
635.156,19
635.262,23
635.369,0
635.475,0
635.581,24
635.688,11
635.794,0
635.9,0
636.006,0
636.113,0
636.219,36
636.325,45
636.432,0
636.538,0
636.644,21
636.75,6
636.857,0
636.963,0
637.069,9
637.176,44
637.282,4
637.388,0
637.494,0
637.601,17
637.707,0
637.813,0
637.92,0
638.026,0
638.132,0
638.238,8
638.345,0
638.451,21
638.557,0
638.663,12
638.77,9
638.876,24
638.982,0
639.089,13
639.195,0
639.301,0
639.407,10
639.514,23
639.62,4
639.726,0
639.833,0
639.939,4
640.045,2
640.151,18
640.258,19
640.364,13
640.47,11
640.576,22
640.683,22
640.789,6
640.895,11
641.002,0
641.108,0
641.214,0
641.32,0
641.427,0
641.533,11
641.639,0
641.745,7
641.852,1
641.958,0
642.064,1
642.171,5
642.277,15
642.383,30
642.489,0
642.596,19
642.702,2
642.808,3
642.914,0
643.021,0
643.127,43
643.233,71
643.339,23
643.446,22
643.552,13
643.658,0
643.765,0
643.871,0
643.977,9
644.083,0
644.19,0
644.296,15
644.402,11
644.508,0
644.615,1
644.721,2
644.827,0
644.933,0
645.04,10
645.146,22
645.252,0
645.358,17
645.465,0
645.571,0
645.677,0
645.784,0
645.89,28
645.996,0
646.102,16
646.209,0
646.315,0
646.421,0
646.527,0
646.634,0
646.74,15
646.846,0
646.952,31
647.059,9
647.165,0
647.271,3
647.377,28
647.484,0
647.59,0
647.696,19
647.802,18
647.909,0
648.015,12
648.121,3
648.227,0
648.334,0
648.44,0
648.546,10
648.652,0
648.759,15
648.865,3
648.971,0
649.077,0
649.184,33
649.29,0
649.396,0
649.502,14
649.609,0
649.715,0
649.821,7
649.927,12
650.034,0
650.14,16
650.246,11
650.352,5
650.459,0
650.565,14
650.671,29
650.777,65
650.884,65
650.99,29
651.096,0
651.202,0
651.309,21
651.415,31
651.521,44
651.627,0
651.734,0
651.84,7
651.946,38
652.052,7
652.159,3
652.265,12
652.371,22
652.477,41
652.584,0
652.69,0
652.796,32
652.902,66
653.009,38
653.115,10
653.221,0
653.327,7
653.434,3
653.54,30
653.646,0
653.752,0
653.858,8
653.965,10
654.071,0
654.177,10
654.283,2
654.39,17
654.496,11
654.602,0
654.708,15
654.815,13
654.921,0
655.027,0
655.133,25
655.24,38
655.346,23
655.452,0
655.558,0
655.665,0
655.771,3
655.877,1
655.983,0
656.089,10
656.196,20
656.302,20
656.408,23
656.514,0
656.621,1
656.727,25
656.833,9
656.939,20
657.046,6
657.152,0
657.258,0
657.364,0
657.47,13
657.577,0
657.683,0
657.789,8
657.895,0
658.002,23
658.108,7
658.214,0
658.32,0
658.427,0
658.533,27
658.639,43
658.745,17
658.851,19
658.958,0
659.064,18
659.17,4
659.276,0
659.383,2
659.489,0
659.595,0
659.701,29
659.807,1
659.914,0
660.02,0
660.126,12
660.232,6
660.339,12
660.445,8
660.551,9
660.657,0
660.763,0
660.87,54
660.976,56
661.082,6
661.188,3
661.295,24
661.401,12
661.507,23
661.613,0
661.719,0
661.826,0
661.932,22
662.038,0
662.144,0
662.251,40
662.357,3
662.463,0
662.569,31
662.675,202
662.782,143
662.888,55
662.994,0
663.1,0
663.206,0
663.313,14
663.419,0
663.525,0
663.631,0
663.738,0
663.844,14
663.95,31
664.056,5
664.162,14
664.269,0
664.375,23
664.481,29
664.587,0
664.693,5
664.8,0
664.906,14
665.012,13
665.118,0
665.225,0
665.331,13
665.437,0
665.543,6
665.649,9
665.756,0
665.862,0
665.968,17
666.074,6
666.18,0
666.287,0
666.393,0
666.499,16
666.605,20
666.711,0
666.818,0
666.924,0
667.03,0
667.136,17
667.242,20
667.349,20
667.455,0
667.561,0
667.667,0
667.773,5
667.88,5
667.986,0
668.092,43
668.198,11
668.304,1
668.411,0
668.517,2
668.623,9
668.729,0
668.835,0
668.942,0
669.048,0
669.154,33
669.26,23
669.366,0
669.473,0
669.579,8
669.685,0
669.791,15
669.897,0
670.004,0
670.11,0
670.216,33
670.322,5
670.428,0
670.535,0
670.641,7
670.747,3
670.853,41
670.959,85
671.066,56
671.172,27
671.278,6
671.384,0
671.49,101
671.597,71
671.703,36
671.809,0
671.915,0
672.021,0
672.128,38
672.234,112
672.34,90
672.446,30
672.552,0
672.658,12
672.765,13
672.871,25
672.977,0
673.083,0
673.189,0
673.296,0
673.402,32
673.508,3
673.614,7
673.72,0
673.827,10
673.933,14
674.039,0
674.145,0
674.251,5
674.357,25
674.464,0
674.57,0
674.676,12
674.782,2
674.888,0
674.995,49
675.101,55
675.207,18
675.313,6
675.419,0
675.526,14
675.632,5
675.738,0
675.844,0
675.95,12
676.056,12
676.163,2
676.269,0
676.375,14
676.481,11
676.587,0
676.693,0
676.8,16
676.906,15
677.012,2
677.118,18
677.224,16
677.331,19
677.437,0
677.543,0
677.649,17
677.755,25
677.861,0
677.968,0
678.074,14
678.18,43
678.286,12
678.392,0
678.498,0
678.605,0
678.711,34
678.817,26
678.923,0
679.029,0
679.136,3
679.242,16
679.348,9
679.454,0
679.56,0
679.666,17
679.773,0
679.879,0
679.985,12
680.091,2
680.197,7
680.303,30
680.41,0
680.516,14
680.622,16
680.728,32
680.834,8
680.94,0
681.047,15
681.153,0
681.259,0
681.365,13
681.471,10
681.577,3
681.684,0
681.79,0
681.896,6
682.002,4
682.108,16
682.214,0
682.321,6
682.427,0
682.533,0
682.639,22
682.745,17
682.851,8
682.958,19
683.064,0
683.17,15
683.276,0
683.382,0
683.488,1
683.595,22
683.701,2
683.807,15
683.913,5
684.019,0
684.125,0
684.231,2
684.338,9
684.444,0
684.55,0
684.656,0
684.762,3
684.868,6
684.975,13
685.081,0
685.187,21
685.293,0
685.399,28
685.505,0
685.611,26
685.718,18
685.824,6
685.93,0
686.036,0
686.142,4
686.248,0
686.355,0
686.461,18
686.567,4
686.673,0
686.779,0
686.885,3
686.991,5
687.098,40
687.204,0
687.31,2
687.416,0
687.522,0
687.628,5
687.735,0
687.841,0
687.947,17
688.053,15
688.159,0
688.265,13
688.371,0
688.478,0
688.584,5
688.69,10
688.796,0
688.902,0
689.008,13
689.114,0
689.221,0
689.327,1
689.433,17
689.539,0
689.645,0
689.751,2
689.857,0
689.964,9
690.07,0
690.176,0
690.282,27
690.388,0
690.494,0
690.6,14
690.707,23
690.813,16
690.919,4
691.025,0
691.131,0
691.237,0
691.343,0
691.45,0
691.556,4
691.662,15
691.768,0
691.874,15
691.98,6
692.086,12
692.193,5
692.299,0
692.405,2
692.511,38
692.617,0
692.723,21
692.829,0
692.935,0
693.042,1
693.148,0
693.254,100
693.36,280
693.466,228
693.572,73
693.678,0
693.785,0
693.891,0
693.997,9
694.103,0
694.209,0
694.315,0
694.421,5
694.527,0
694.634,0
694.74,4
694.846,26
694.952,2
695.058,0
695.164,0
695.27,3
695.376,19
695.483,0
695.589,33
695.695,8
695.801,1
695.907,0
696.013,0
696.119,0
696.225,17
696.332,0
696.438,13
696.544,0
696.65,0
696.756,0
696.862,0
696.968,16
697.074,0
697.181,0
697.287,0
697.393,0
697.499,0
697.605,0
697.711,15
697.817,0
697.923,0
698.03,11
698.136,7
698.242,34
698.348,0
698.454,7
698.56,32
698.666,24
698.772,12
698.879,13
698.985,13
699.091,2
699.197,17
699.303,1
699.409,0
699.515,0
