59.6745,0
59.7747,0
59.8749,42
59.9751,13
60.0753,0
60.1755,5
60.2757,20
60.3759,0
60.476,0
60.5762,12
60.6764,0
60.7766,0
60.8768,38
60.977,0
61.0772,7
61.1774,28
61.2776,11
61.3778,18
61.478,12
61.5782,12
61.6784,12
61.7785,28
61.8787,9
61.9789,0
62.0791,7
62.1793,0
62.2795,0
62.3797,36
62.4799,14
62.5801,2
62.6803,0
62.7805,32
62.8807,37
62.9809,0
63.0811,4
63.1812,18
63.2814,20
63.3816,14
63.4818,0
63.582,0
63.6822,3
63.7824,13
63.8826,0
63.9828,0
64.083,3
64.1832,0
64.2834,29
64.3836,28
64.4838,13
64.584,0
64.6841,11
64.7843,12
64.8845,0
64.9847,12
65.0849,6
65.1851,0
65.2853,0
65.3855,25
65.4857,20
65.5859,0
65.6861,9
65.7863,21
65.8865,32
65.9867,36
66.0869,16
66.1871,0
66.2872,4
66.3874,10
66.4876,12
66.5878,7
66.688,2
66.7882,10
66.8884,21
66.9886,24
67.0888,0
67.189,18
67.2892,0
67.3894,6
67.4896,0
67.5898,13
67.69,10
67.7902,7
67.8904,15
67.9906,0
68.0907,37
68.1909,7
68.2911,0
68.3913,2
68.4915,0
68.5917,0
68.6919,17
68.7921,0
68.8923,0
68.9925,0
69.0927,6
69.1929,0
69.2931,11
69.3933,0
69.4935,18
69.5937,4
69.6939,0
69.7941,0
69.8943,20
69.9945,2
70.0946,14
70.1948,0
70.295,0
70.3952,9
70.4954,22
70.5956,0
70.6958,2
70.796,6
70.8962,0
70.9964,0
71.0966,0
71.1968,4
71.297,7
71.3972,16
71.4974,15
71.5976,0
71.6978,9
71.798,31
71.8982,16
71.9984,11
72.0986,11
72.1988,13
72.299,20
72.3992,8
72.4993,3
72.5995,14
72.6997,10
72.7999,0
72.9001,0
73.0003,7
73.1005,5
73.2007,0
73.3009,13
73.4011,0
73.5013,0
73.6015,7
73.7017,14
73.8019,3
73.9021,27
74.0023,16
74.1025,15
74.2027,23
74.3029,1
74.4031,19
74.5033,10
74.6035,0
74.7037,33
74.8039,20
74.9041,12
75.0043,30
75.1045,0
75.2047,0
75.3049,20
75.4051,24
75.5053,17
75.6054,0
75.7056,0
75.8058,12
75.906,0
76.0062,0
76.1064,0
76.2066,2
76.3068,28
76.407,0
76.5072,0
76.6074,42
76.7076,0
76.8078,3
76.908,14
77.0082,0
77.1084,37
77.2086,9
77.3088,0
77.409,0
77.5092,15
77.6094,0
77.7096,3
77.8098,16
77.91,29
78.0102,26
78.1104,2
78.2106,13
78.3108,16
78.411,16
78.5112,22
78.6114,27
78.7116,6
78.8118,4
78.912,16
79.0122,27
79.1124,0
79.2126,3
79.3128,12
79.413,28
79.5132,27
79.6134,7
79.7136,0
79.8138,0
79.914,41
80.0142,46
80.1144,18
80.2146,0
80.3148,0
80.4149,0
80.5151,0
80.6153,3
80.7155,0
80.8157,18
80.9159,36
81.0161,9
81.1163,0
81.2165,0
81.3167,19
81.4169,0
81.5171,6
81.6173,4
81.7175,0
81.8177,22
81.9179,6
82.0181,10
82.1183,14
82.2185,0
82.3187,32
82.4189,2
82.5191,0
82.6193,0
82.7195,0
82.8197,6
82.9199,10
83.0201,5
83.1203,12
83.2205,0
83.3207,0
83.4209,0
83.5211,0
83.6213,20
83.7215,0
83.8217,0
83.9219,12
84.0221,14
84.1223,9
84.2225,3
84.3227,26
84.4229,17
84.5231,0
84.6233,20
84.7235,21
84.8237,0
84.9239,0
85.0241,0
85.1243,0
85.2245,25
85.3247,0
85.4249,13
85.5251,5
85.6253,2
85.7255,15
85.8257,0
85.9259,8
86.0261,28
86.1263,0
86.2265,24
86.3267,3
86.4269,12
86.5271,0
86.6273,0
86.7275,0
86.8277,0
86.9279,22
87.0281,0
87.1283,0
87.2285,12
87.3287,14
87.4289,1
87.5291,8
87.6293,14
87.7295,6
87.8297,0
87.9299,0
88.0301,0
88.1303,0
88.2305,6
88.3307,0
88.4309,6
88.5311,8
88.6313,6
88.7315,7
88.8317,22
88.9319,15
89.0321,24
89.1323,0
89.2325,0
89.3327,0
89.4329,2
89.5331,0
89.6333,4
89.7335,0
89.8337,0
89.9339,30
90.0341,44
90.1343,0
90.2345,0
90.3347,0
90.435,0
90.5352,0
90.6354,16
90.7356,17
90.8358,0
90.936,1
91.0362,22
91.1364,26
91.2366,0
91.3368,0
91.437,0
91.5372,0
91.6374,10
91.7376,4
91.8378,33
91.938,3
92.0382,12
92.1384,12
92.2386,30
92.3388,2
92.439,0
92.5392,0
92.6394,44
92.7396,27
92.8398,0
92.94,2
93.0402,14
93.1404,1
93.2406,13
93.3408,37
93.441,11
93.5412,6
93.6414,11
93.7416,0
93.8418,34
93.942,0
94.0422,0
94.1424,17
94.2426,2
94.3428,18
94.443,0
94.5432,0
94.6434,19
94.7436,9
94.8438,0
94.944,0
95.0442,0
95.1444,0
95.2446,0
95.3448,0
95.445,0
95.5452,0
95.6454,0
95.7457,16
95.8459,5
95.9461,8
96.0463,3
96.1465,15
96.2467,0
96.3469,2
96.4471,6
96.5473,0
96.6475,0
96.7477,0
96.8479,14
96.9481,8
97.0483,0
97.1485,0
97.2487,11
97.3489,20
97.4491,11
97.5493,24
97.6495,3
97.7497,2
97.8499,14
97.9501,0
98.0503,6
98.1505,0
98.2507,4
98.3509,3
98.4511,0
98.5513,0
98.6515,0
98.7517,0
98.8519,6
98.9521,16
99.0523,9
99.1525,0
99.2528,0
99.353,3
99.4532,23
99.5534,14
99.6536,0
99.7538,0
99.854,0
99.9542,26
100.054,8
100.155,0
100.255,19
100.355,0
100.455,0
100.555,0
100.656,13
100.756,14
100.856,0
100.956,18
101.056,29
101.157,19
101.257,2
101.357,0
101.457,0
101.557,0
101.658,0
101.758,0
101.858,0
101.958,0
102.058,14
102.159,1
102.259,0
102.359,0
102.459,12
102.559,0
102.66,0
102.76,17
102.86,0
102.96,0
103.06,0
103.161,0
103.261,14
103.361,14
103.461,0
103.562,0
103.662,0
103.762,11
103.862,1
103.962,0
104.063,2
104.163,1
104.263,0
104.363,27
104.463,3
104.564,0
104.664,15
104.764,1
104.864,0
104.964,0
105.065,25
105.165,25
105.265,0
105.365,11
105.465,0
105.566,17
105.666,0
105.766,17
105.866,0
105.966,0
106.067,23
106.167,0
106.267,2
106.367,19
106.467,0
106.568,0
106.668,0
106.768,0
106.868,18
106.968,34
107.069,6
107.169,0
107.269,16
107.369,0
107.469,13
107.57,21
107.67,0
107.77,0
107.87,14
107.971,1
108.071,0
108.171,12
108.271,13
108.371,1
108.472,0
108.572,5
108.672,14
108.772,0
108.872,0
108.973,20
109.073,0
109.173,1
109.273,17
109.373,16
109.474,0
109.574,5
109.674,23
109.774,4
109.874,1
109.975,46
110.075,56
110.175,0
110.275,5
110.375,0
110.476,0
110.576,2
110.676,0
110.776,0
110.876,4
110.977,0
111.077,0
111.177,0
111.277,21
111.377,0
111.478,8
111.578,20
111.678,0
111.778,5
111.878,12
111.979,17
112.079,10
112.179,16
112.279,2
112.38,0
112.48,0
112.58,0
112.68,0
112.78,0
112.881,7
112.981,0
113.081,17
113.181,26
113.281,5
113.382,0
113.482,0
113.582,23
113.682,0
113.782,0
113.883,4
113.983,25
114.083,0
114.183,0
114.283,0
114.384,15
114.484,0
114.584,5
114.684,0
114.784,22
114.885,4
114.985,15
115.085,0
115.185,0
115.285,0
115.386,3
115.486,0
115.586,12
115.686,0
115.787,24
115.887,0
115.987,0
116.087,10
116.187,5
116.288,1
116.388,0
116.488,0
116.588,14
116.688,2
116.789,0
116.889,3
116.989,0
117.089,15
117.189,0
117.29,0
117.39,17
117.49,16
117.59,0
117.69,31
117.791,0
117.891,9
117.991,3
118.091,7
118.191,0
118.292,0
118.392,0
118.492,13
118.592,0
118.692,5
118.793,11
118.893,19
118.993,0
119.093,31
119.194,9
119.294,0
119.394,0
119.494,4
119.594,0
119.695,0
119.795,0
119.895,0
119.995,14
120.095,11
120.196,12
120.296,2
120.396,2
120.496,16
120.596,11
120.697,0
120.797,0
120.897,0
120.997,0
121.097,0
121.198,0
121.298,0
121.398,0
121.498,0
121.598,0
121.699,18
121.799,0
121.899,8
121.999,20
122.1,0
122.2,0
122.3,8
122.4,6
122.5,2
122.601,0
122.701,0
122.801,0
122.901,3
123.001,6
123.102,0
123.202,9
123.302,0
123.402,13
123.502,0
123.603,5
123.703,19
123.803,0
123.903,25
124.003,6
124.104,15
124.204,0
124.304,8
124.404,29
124.504,0
124.605,0
124.705,0
124.805,10
124.905,0
125.005,7
125.106,35
125.206,0
125.306,1
125.406,10
125.507,0
125.607,12
125.707,0
125.807,9
125.907,8
126.008,0
126.108,3
126.208,15
126.308,7
126.408,0
126.509,15
126.609,4
126.709,5
126.809,24
126.909,12
127.01,17
127.11,0
127.21,6
127.31,2
127.41,0
127.511,0
127.611,0
127.711,8
127.811,0
127.911,45
128.012,0
128.112,0
128.212,3
128.312,17
128.413,15
128.513,8
128.613,8
128.713,0
128.813,0
128.914,0
129.014,13
129.114,3
129.214,4
129.314,0
129.415,0
129.515,18
129.615,0
129.715,2
129.815,0
129.916,0
130.016,31
130.116,23
130.216,24
130.316,6
130.417,0
130.517,0
130.617,0
130.717,10
130.817,2
130.918,0
131.018,0
131.118,20
131.218,6
131.319,0
131.419,0
131.519,0
131.619,0
131.719,10
131.82,3
131.92,6
132.02,1
132.12,8
132.22,0
132.321,3
132.421,0
132.521,0
132.621,11
132.721,45
132.822,9
132.922,13
133.022,6
133.122,0
133.222,13
133.323,0
133.423,18
133.523,0
133.623,0
133.723,0
133.824,24
133.924,16
134.024,0
134.124,0
134.225,30
134.325,0
134.425,16
134.525,31
134.625,0
134.726,0
134.826,0
134.926,0
135.026,0
135.126,0
135.227,25
135.327,0
135.427,0
135.527,0
135.627,0
135.728,21
135.828,0
135.928,0
136.028,7
136.128,25
136.229,2
136.329,0
136.429,0
136.529,2
136.63,0
136.73,0
136.83,0
136.93,5
137.03,0
137.131,0
137.231,0
137.331,0
137.431,20
137.531,0
137.632,6
137.732,7
137.832,0
137.932,0
138.032,3
138.133,0
138.233,2
138.333,21
138.433,11
138.533,4
138.634,14
138.734,18
138.834,2
138.934,5
139.034,0
139.135,4
139.235,0
139.335,4
139.435,21
139.536,0
139.636,7
139.736,12
139.836,0
139.936,0
140.037,50
140.137,18
140.237,13
140.337,0
140.437,7
140.538,6
140.638,0
140.738,22
140.838,16
140.938,28
141.039,0
141.139,0
141.239,0
141.339,0
141.439,0
141.54,6
141.64,0
141.74,0
141.84,0
141.94,23
142.041,14
142.141,15
142.241,3
142.341,39
142.442,15
142.542,1
142.642,0
142.742,4
142.842,0
142.943,3
143.043,11
143.143,0
143.243,14
143.343,7
143.444,20
143.544,2
143.644,0
143.744,12
143.844,26
143.945,0
144.045,1
144.145,17
144.245,0
144.345,0
144.446,12
144.546,6
144.646,7
144.746,0
144.846,4
144.947,29
145.047,25
145.147,0
145.247,9
145.348,11
145.448,19
145.548,18
145.648,0
145.748,5
145.849,0
145.949,0
146.049,32
146.149,32
146.249,4
146.35,0
146.45,0
146.55,9
146.65,2
146.75,0
146.851,10
146.951,21
147.051,0
147.151,0
147.251,0
147.352,0
147.452,0
147.552,0
147.652,0
147.753,0
147.853,21
147.953,0
148.053,22
148.153,21
148.254,0
148.354,0
148.454,8
148.554,0
148.654,8
148.755,11
148.855,1
148.955,11
149.055,0
149.155,0
149.256,15
149.356,5
149.456,0
149.556,3
149.656,32
149.757,4
149.857,0
149.957,9
150.057,16
150.157,29
150.258,10
150.358,0
150.458,4
150.558,6
150.659,0
150.759,0
150.859,20
150.959,82
151.059,75
151.16,42
151.26,28
151.36,8
151.46,6
151.56,21
151.661,34
151.761,0
151.861,0
151.961,11
152.061,0
152.162,0
152.262,18
152.362,0
152.462,12
152.562,10
152.663,0
152.763,0
152.863,14
152.963,12
153.063,0
153.164,0
153.264,12
153.364,0
153.464,30
153.565,8
153.665,0
153.765,13
153.865,6
153.965,0
154.066,6
154.166,4
154.266,1
154.366,0
154.466,6
154.567,0
154.667,8
154.767,2
154.867,0
154.967,0
155.068,0
155.168,0
155.268,10
155.368,0
155.468,1
155.569,5
155.669,0
155.769,4
155.869,3
155.969,39
156.07,18
156.17,0
156.27,6
156.37,0
156.471,0
156.571,3
156.671,20
156.771,0
156.871,11
156.972,1
157.072,30
157.172,28
157.272,0
157.372,26
157.473,0
157.573,0
157.673,22
157.773,7
157.873,0
157.974,25
158.074,0
158.174,0
158.274,13
158.374,0
158.475,1
158.575,0
158.675,21
158.775,44
158.875,28
158.976,5
159.076,13
159.176,30
159.276,1
159.376,16
159.477,4
159.577,7
159.677,0
159.777,31
159.878,0
159.978,0
160.078,66
160.178,22
160.278,0
160.379,11
160.479,44
160.579,20
160.679,0
160.779,0
160.88,8
160.98,0
161.08,12
161.18,6
161.28,11
161.381,11
161.481,13
161.581,29
161.681,11
161.781,4
161.882,19
161.982,0
162.082,15
162.182,16
162.282,3
162.383,4
162.483,13
162.583,8
162.683,1
162.784,0
162.884,5
162.984,0
163.084,12
163.184,26
163.285,7
163.385,5
163.485,25
163.585,18
163.685,0
163.786,0
163.886,0
163.986,0
164.086,0
164.186,0
164.287,14
164.387,4
164.487,14
164.587,24
164.687,1
164.788,21
164.888,2
164.988,19
165.088,18
165.188,21
165.289,5
165.389,0
165.489,5
165.589,0
165.689,0
165.79,0
165.89,0
165.99,0
166.09,6
166.191,0
166.291,8
166.391,6
166.491,13
166.591,12
166.692,0
166.792,42
166.892,0
166.992,0
167.092,0
167.193,0
167.293,19
167.393,0
167.493,0
167.593,2
167.694,7
167.794,0
167.894,17
167.994,0
168.094,3
168.195,30
168.295,0
168.395,16
168.495,12
168.595,0
168.696,0
168.796,2
168.896,4
168.996,0
169.096,5
169.197,0
169.297,0
169.397,11
169.497,18
169.597,38
169.698,0
169.798,17
169.898,4
169.998,0
170.099,4
170.199,26
170.299,2
170.399,6
170.499,13
170.6,2
170.7,3
170.8,4
170.9,28
171,11
171.101,0
171.201,22
171.301,0
171.401,0
171.501,32
171.602,0
171.702,20
171.802,11
171.902,8
172.002,0
172.103,5
172.203,20
172.303,0
172.403,0
172.503,0
172.604,0
172.704,0
172.804,6
172.904,0
173.004,1
173.105,16
173.205,0
173.305,0
173.405,0
173.505,14
173.606,0
173.706,25
173.806,14
173.906,0
174.007,0
174.107,15
174.207,11
174.307,0
174.407,4
174.508,0
174.608,0
174.708,0
174.808,8
174.908,10
175.009,6
175.109,0
175.209,0
175.309,0
175.409,12
175.51,21
175.61,0
175.71,0
175.81,0
175.91,0
176.011,5
176.111,12
176.211,0
176.311,0
176.411,0
176.512,0
176.612,7
176.712,13
176.812,0
176.912,6
177.013,4
177.113,12
177.213,2
177.313,2
177.413,13
177.514,0
177.614,0
177.714,24
177.814,5
177.914,15
178.015,2
178.115,0
178.215,25
178.315,1
178.415,0
178.516,0
178.616,0
178.716,23
178.816,0
178.917,30
179.017,44
179.117,73
179.217,45
179.317,46
179.418,0
179.518,0
179.618,5
179.718,0
179.818,22
179.919,0
180.019,0
180.119,14
180.219,36
180.319,16
180.42,0
180.52,2
180.62,11
180.72,0
180.82,0
180.921,6
181.021,0
181.121,8
181.221,0
181.321,41
181.422,2
181.522,0
181.622,0
181.722,10
181.822,3
181.923,5
182.023,3
182.123,0
182.223,0
182.323,17
182.424,7
182.524,6
182.624,2
182.724,0
182.824,17
182.925,10
183.025,0
183.125,10
183.225,0
183.325,24
183.426,0
183.526,0
183.626,0
183.726,32
183.826,5
183.927,5
184.027,32
184.127,0
184.227,0
184.327,0
184.428,0
184.528,0
184.628,7
184.728,0
184.828,3
184.929,23
185.029,8
185.129,8
185.229,16
185.33,27
185.43,0
185.53,0
185.63,11
185.73,14
185.831,0
185.931,0
186.031,22
186.131,0
186.231,0
186.332,20
186.432,22
186.532,7
186.632,0
186.732,12
186.833,7
186.933,0
187.033,8
187.133,10
187.233,0
187.334,0
187.434,0
187.534,4
187.634,3
187.734,8
187.835,15
187.935,0
188.035,15
188.135,14
188.235,0
188.336,1
188.436,6
188.536,0
188.636,0
188.736,18
188.837,8
188.937,0
189.037,0
189.137,0
189.237,0
189.338,0
189.438,14
189.538,29
189.638,0
189.738,12
189.839,0
189.939,0
190.039,0
190.139,49
190.239,11
190.34,0
190.44,0
190.54,0
190.64,0
190.74,7
190.841,35
190.941,74
191.041,55
191.141,48
191.241,15
191.342,0
191.442,0
191.542,0
191.642,15
191.742,3
191.843,0
191.943,0
192.043,24
192.143,30
192.243,5
192.344,0
192.444,0
192.544,22
192.644,9
192.744,0
192.845,0
192.945,0
193.045,1
193.145,0
193.245,0
193.346,15
193.446,9
193.546,18
193.646,13
193.746,16
193.847,0
193.947,0
194.047,0
194.147,0
194.247,0
194.348,0
194.448,9
194.548,5
194.648,0
194.748,15
194.849,5
194.949,0
195.049,0
195.149,6
195.249,0
195.35,13
195.45,3
195.55,7
195.65,20
195.75,13
195.851,12
195.951,0
196.051,0
196.151,4
196.251,0
196.352,0
196.452,28
196.552,0
196.652,8
196.752,15
196.853,16
196.953,10
197.053,42
197.153,17
197.253,1
197.354,6
197.454,0
197.554,8
197.654,8
197.754,0
197.855,12
197.955,0
198.055,0
198.155,0
198.255,0
198.356,26
198.456,2
198.556,0
198.656,8
198.756,13
198.857,14
198.957,0
199.057,0
199.157,30
199.257,4
199.358,8
199.458,0
199.558,5
199.658,11
199.758,17
199.859,0
199.959,8
200.059,1
200.159,46
200.259,33
200.36,12
200.46,0
200.56,0
200.66,1
200.76,0
200.861,2
200.961,0
201.061,26
201.161,25
201.261,18
201.362,3
201.462,24
201.562,4
201.662,0
201.762,3
201.863,1
201.963,4
202.063,10
202.163,0
202.263,0
202.364,0
202.464,28
202.564,0
202.664,0
202.764,4
202.865,16
202.965,9
203.065,0
203.165,0
203.265,12
203.366,18
203.466,0
203.566,14
203.666,0
203.766,4
203.867,4
203.967,9
204.067,0
204.167,12
204.267,0
204.368,0
204.468,0
204.568,13
204.668,14
204.768,20
204.869,0
204.969,0
205.069,19
205.169,13
205.269,0
205.369,0
205.47,25
205.57,7
205.67,1
205.77,15
205.87,6
205.971,0
206.071,11
206.171,19
206.271,0
206.371,17
206.472,0
206.572,0
206.672,3
206.772,11
206.872,2
206.973,0
207.073,8
207.173,21
207.273,0
207.373,0
207.474,0
207.574,5
207.674,17
207.774,5
207.874,6
207.975,24
208.075,14
208.175,14
208.275,0
208.375,0
208.476,0
208.576,0
208.676,0
208.776,5
208.876,5
208.977,37
209.077,0
209.177,0
209.277,20
209.377,23
209.478,18
209.578,28
209.678,1
209.778,0
209.878,29
209.979,0
210.079,16
210.179,51
210.279,24
210.379,2
210.48,0
210.58,18
210.68,4
210.78,7
210.88,0
210.98,13
211.081,48
211.181,0
211.281,0
211.381,15
211.481,3
211.582,0
211.682,13
211.782,10
211.882,0
211.982,10
212.083,10
212.183,43
212.283,2
212.383,12
212.483,29
212.584,26
212.684,12
212.784,1
212.884,0
212.984,15
213.085,0
213.185,0
213.285,17
213.385,0
213.485,0
213.586,0
213.686,1
213.786,18
213.886,5
213.986,11
214.087,0
214.187,0
214.287,26
214.387,0
214.487,14
214.587,81
214.688,82
214.788,40
214.888,9
214.988,9
215.088,31
215.189,0
215.289,7
215.389,28
215.489,0
215.589,16
215.69,32
215.79,0
215.89,0
215.99,0
216.09,0
216.191,9
216.291,2
216.391,0
216.491,13
216.591,7
216.692,0
216.792,9
216.892,15
216.992,0
217.092,23
217.193,14
217.293,26
217.393,62
217.493,55
217.593,6
217.693,18
217.794,15
217.894,13
217.994,7
218.094,0
218.194,19
218.295,5
218.395,0
218.495,0
218.595,40
218.695,4
218.796,0
218.896,27
218.996,12
219.096,0
219.196,6
219.297,0
219.397,12
219.497,30
219.597,0
219.697,0
219.798,43
219.898,18
219.998,0
220.098,0
220.198,39
220.298,44
220.399,0
220.499,10
220.599,8
220.699,1
220.799,0
220.9,2
221,9
221.1,2
221.2,5
221.3,2
221.401,0
221.501,19
221.601,9
221.701,0
221.801,8
221.902,40
222.002,2
222.102,6
222.202,11
222.302,8
222.403,4
222.503,17
222.603,17
222.703,14
222.803,2
222.903,9
223.004,6
223.104,25
223.204,19
223.304,22
223.404,18
223.505,0
223.605,0
223.705,10
223.805,0
223.905,0
224.006,0
224.106,8
224.206,2
224.306,13
224.406,13
224.507,0
224.607,8
224.707,0
224.807,9
224.907,21
225.007,15
225.108,3
225.208,28
225.308,13
225.408,0
225.508,0
225.609,16
225.709,0
225.809,10
225.909,0
226.009,4
226.11,13
226.21,16
226.31,15
226.41,0
226.51,0
226.611,0
226.711,5
226.811,0
226.911,0
227.011,0
227.111,15
227.212,19
227.312,0
227.412,8
227.512,4
227.612,0
227.713,18
227.813,31
227.913,0
228.013,0
228.113,0
228.214,0
228.314,0
228.414,0
228.514,21
228.614,0
228.714,0
228.815,8
228.915,3
229.015,0
229.115,0
229.215,30
229.316,6
229.416,0
229.516,24
229.616,29
229.716,0
229.817,2
229.917,8
230.017,0
230.117,6
230.217,48
230.317,49
230.418,7
230.518,0
230.618,0
230.718,2
230.818,20
230.919,7
231.019,0
231.119,0
231.219,0
231.319,0
231.42,39
231.52,25
231.62,0
231.72,4
231.82,14
231.92,10
232.021,32
232.121,39
232.221,12
232.321,0
232.421,0
232.522,4
232.622,8
232.722,0
232.822,0
232.922,0
233.023,4
233.123,12
233.223,15
233.323,0
233.423,0
233.523,0
233.624,0
233.724,0
233.824,0
233.924,10
234.024,0
234.125,15
234.225,14
234.325,18
234.425,0
234.525,11
234.626,36
234.726,0
234.826,0
234.926,0
235.026,11
235.126,4
235.227,0
235.327,18
235.427,4
235.527,13
235.627,0
235.728,4
235.828,13
235.928,11
236.028,10
236.128,14
236.228,0
236.329,10
236.429,0
236.529,16
236.629,0
236.729,30
236.83,22
236.93,0
237.03,17
237.13,32
237.23,22
237.331,0
237.431,0
237.531,0
237.631,14
237.731,31
237.831,0
237.932,34
238.032,11
238.132,9
238.232,32
238.332,11
238.433,14
238.533,4
238.633,4
238.733,12
238.833,23
238.933,3
239.034,12
239.134,17
239.234,0
239.334,11
239.434,0
239.535,0
239.635,2
239.735,32
239.835,0
239.935,0
240.035,0
240.136,0
240.236,28
240.336,25
240.436,14
240.536,0
240.637,0
240.737,0
240.837,17
240.937,0
241.037,12
241.138,8
241.238,0
241.338,3
241.438,31
241.538,0
241.638,4
241.739,3
241.839,0
241.939,8
242.039,45
242.139,5
242.24,0
242.34,7
242.44,2
242.54,16
242.64,12
242.74,0
242.841,0
242.941,0
243.041,0
243.141,25
243.241,23
243.342,17
243.442,5
243.542,18
243.642,11
243.742,0
243.842,0
243.943,0
244.043,0
244.143,14
244.243,6
244.343,4
244.444,23
244.544,0
244.644,8
244.744,19
244.844,4
244.944,16
245.045,0
245.145,0
245.245,11
245.345,36
245.445,6
245.546,0
245.646,1
245.746,0
245.846,0
245.946,27
246.046,0
246.147,3
246.247,18
246.347,12
246.447,0
246.547,0
246.648,0
246.748,0
246.848,0
246.948,0
247.048,1
247.148,19
247.249,0
247.349,0
247.449,8
247.549,0
247.649,0
247.749,25
247.85,15
247.95,0
248.05,0
248.15,22
248.25,24
248.351,0
248.451,0
248.551,12
248.651,0
248.751,8
248.851,8
248.952,0
249.052,12
249.152,15
249.252,60
249.352,16
249.453,16
249.553,0
249.653,0
249.753,0
249.853,12
249.953,3
250.054,0
250.154,0
250.254,32
250.354,18
250.454,0
250.554,0
250.655,0
250.755,6
250.855,11
250.955,0
251.055,0
251.156,0
251.256,47
251.356,8
251.456,0
251.556,14
251.656,0
251.757,0
251.857,15
251.957,4
252.057,10
252.157,66
252.258,77
252.358,41
252.458,0
252.558,0
252.658,3
252.758,0
252.859,0
252.959,0
253.059,0
253.159,0
253.259,0
253.359,24
253.46,9
253.56,0
253.66,8
253.76,7
253.86,18
253.961,0
254.061,26
254.161,12
254.261,0
254.361,0
254.461,3
254.562,4
254.662,10
254.762,0
254.862,0
254.962,0
255.062,25
255.163,10
255.263,24
255.363,19
255.463,8
255.563,0
255.664,15
255.764,20
255.864,0
255.964,5
256.064,3
256.164,8
256.265,8
256.365,3
256.465,0
256.565,0
256.665,4
256.765,10
256.866,5
256.966,0
257.066,9
257.166,5
257.266,0
257.366,0
257.467,0
257.567,0
257.667,6
257.767,0
257.867,0
257.968,0
258.068,0
258.168,12
258.268,58
258.368,35
258.468,3
258.569,0
258.669,0
258.769,0
258.869,0
258.969,6
259.069,1
259.17,0
259.27,0
259.37,0
259.47,0
259.57,13
259.67,15
259.771,16
259.871,0
259.971,28
260.071,0
260.171,0
260.272,37
260.372,20
260.472,0
260.572,0
260.672,0
260.772,3
260.873,0
260.973,0
261.073,10
261.173,16
261.273,0
261.373,0
261.474,17
261.574,8
261.674,0
261.774,0
261.874,24
261.974,0
262.075,0
262.175,6
262.275,52
262.375,21
262.475,0
262.575,7
262.676,6
262.776,0
262.876,0
262.976,0
263.076,31
263.177,11
263.277,0
263.377,6
263.477,12
263.577,0
263.677,0
263.778,0
263.878,9
263.978,0
264.078,24
264.178,0
264.278,0
264.379,0
264.479,8
264.579,3
264.679,11
264.779,4
264.879,0
264.98,2
265.08,4
265.18,0
265.28,0
265.38,0
265.48,0
265.581,7
265.681,9
265.781,0
265.881,22
265.981,19
266.081,0
266.182,0
266.282,0
266.382,0
266.482,15
266.582,0
266.682,0
266.783,0
266.883,13
266.983,6
267.083,0
267.183,0
267.283,10
267.384,26
267.484,0
267.584,0
267.684,21
267.784,0
267.884,0
267.985,0
268.085,0
268.185,31
268.285,14
268.385,0
268.485,8
268.586,20
268.686,0
268.786,0
268.886,14
268.986,0
269.086,0
269.187,4
269.287,15
269.387,6
269.487,1
269.587,10
269.688,6
269.788,29
269.888,0
269.988,3
270.088,1
270.188,0
270.289,20
270.389,15
270.489,0
270.589,13
270.689,0
270.789,0
270.89,0
270.99,1
271.09,0
271.19,9
271.29,0
271.39,12
271.491,24
271.591,7
271.691,0
271.791,25
271.891,2
271.991,0
272.091,0
272.192,15
272.292,16
272.392,0
272.492,0
272.592,0
272.692,0
272.793,14
272.893,0
272.993,26
273.093,0
273.193,0
273.293,11
273.394,0
273.494,0
273.594,0
273.694,17
273.794,3
273.894,0
273.995,1
274.095,4
274.195,0
274.295,4
274.395,8
274.495,14
274.596,19
274.696,0
274.796,9
274.896,12
274.996,0
275.096,6
275.197,32
275.297,22
275.397,14
275.497,17
275.597,7
275.697,13
275.798,7
275.898,4
275.998,0
276.098,0
276.198,10
276.298,0
276.399,11
276.499,0
276.599,26
276.699,15
276.799,0
276.899,0
277,21
277.1,0
277.2,8
277.3,2
277.4,24
277.5,19
277.601,30
277.701,22
277.801,6
277.901,19
278.001,22
278.101,0
278.201,0
278.302,15
278.402,0
278.502,11
278.602,5
278.702,14
278.802,19
278.903,0
279.003,0
279.103,26
279.203,0
279.303,22
279.403,13
279.504,0
279.604,0
279.704,11
279.804,16
279.904,0
280.004,16
280.105,0
280.205,0
280.305,45
280.405,22
280.505,12
280.605,0
280.706,0
280.806,0
280.906,22
281.006,22
281.106,0
281.206,0
281.306,33
281.407,27
281.507,0
281.607,0
281.707,7
281.807,0
281.907,1
282.008,29
282.108,33
282.208,0
282.308,0
282.408,23
282.508,9
282.609,19
282.709,0
282.809,0
282.909,25
283.009,20
283.109,3
283.209,0
283.31,22
283.41,0
283.51,2
283.61,0
283.71,12
283.81,10
283.911,6
284.011,0
284.111,11
284.211,18
284.311,8
284.411,0
284.512,11
284.612,0
284.712,22
284.812,13
284.912,21
285.012,6
285.112,6
285.213,1
285.313,6
285.413,4
285.513,0
285.613,14
285.713,14
285.814,0
285.914,0
286.014,13
286.114,4
286.214,8
286.314,0
286.415,1
286.515,4
286.615,0
286.715,33
286.815,38
286.915,44
287.015,28
287.116,10
287.216,11
287.316,17
287.416,7
287.516,2
287.616,0
287.717,0
287.817,0
287.917,11
288.017,0
288.117,10
288.217,47
288.317,15
288.418,17
288.518,25
288.618,0
288.718,19
288.818,4
288.918,0
289.019,0
289.119,0
289.219,21
289.319,0
289.419,0
289.519,9
289.619,24
289.72,0
289.82,2
289.92,0
290.02,27
290.12,49
290.22,91
290.321,134
290.421,104
290.521,82
290.621,49
290.721,19
290.821,0
290.921,0
291.022,39
291.122,164
291.222,87
291.322,16
291.422,4
291.522,0
291.623,0
291.723,3
291.823,23
291.923,6
292.023,0
292.123,11
292.223,0
292.324,0
292.424,26
292.524,0
292.624,6
292.724,8
292.824,9
292.925,0
293.025,4
293.125,13
293.225,11
293.325,0
293.425,7
293.525,20
293.626,0
293.726,6
293.826,12
293.926,10
294.026,0
294.126,0
294.226,0
294.327,1
294.427,16
294.527,0
294.627,0
294.727,0
294.827,0
294.928,0
295.028,18
295.128,10
295.228,0
295.328,6
295.428,17
295.528,7
295.629,0
295.729,64
295.829,61
295.929,39
296.029,0
296.129,0
296.229,29
296.33,0
296.43,16
296.53,0
296.63,6
296.73,0
296.83,0
296.931,19
297.031,22
297.131,8
297.231,19
297.331,7
297.431,0
297.531,0
297.632,0
297.732,14
297.832,5
297.932,0
298.032,13
298.132,0
298.232,0
298.333,17
298.433,17
298.533,13
298.633,0
298.733,17
298.833,19
298.933,11
299.034,0
299.134,23
299.234,0
299.334,13
299.434,2
299.534,14
299.635,0
299.735,2
299.835,4
299.935,23
300.035,10
300.135,0
300.235,0
300.336,28
300.436,58
300.536,0
300.636,0
300.736,0
300.836,0
300.936,10
301.037,30
301.137,1
301.237,0
301.337,16
301.437,11
301.537,2
301.637,0
301.738,10
301.838,13
301.938,2
302.038,2
302.138,0
302.238,0
302.338,0
302.439,0
302.539,4
302.639,0
302.739,0
302.839,25
302.939,10
303.039,0
303.14,3
303.24,0
303.34,10
303.44,4
303.54,4
303.64,7
303.74,0
303.841,0
303.941,16
304.041,5
304.141,0
304.241,0
304.341,36
304.441,0
304.542,0
304.642,0
304.742,0
304.842,29
304.942,4
305.042,1
305.142,10
305.243,30
305.343,0
305.443,0
305.543,28
305.643,0
305.743,10
305.843,0
305.944,0
306.044,14
306.144,5
306.244,0
306.344,0
306.444,0
306.544,0
306.645,4
306.745,0
306.845,7
306.945,16
307.045,0
307.145,0
307.245,23
307.346,0
307.446,0
307.546,0
307.646,2
307.746,0
307.846,23
307.946,14
308.047,0
308.147,0
308.247,17
308.347,10
308.447,0
308.547,11
308.647,1
308.748,3
308.848,3
308.948,0
309.048,8
309.148,14
309.248,0
309.348,0
309.449,5
309.549,21
309.649,0
309.749,0
309.849,5
309.949,34
310.049,0
310.149,0
310.25,0
310.35,24
310.45,23
310.55,0
310.65,0
310.75,0
310.85,2
310.951,33
311.051,0
311.151,0
311.251,14
311.351,17
311.451,3
311.551,0
311.652,0
311.752,0
311.852,20
311.952,0
312.052,0
312.152,0
312.252,0
312.352,6
312.453,0
312.553,8
312.653,0
312.753,32
312.853,16
312.953,3
313.053,0
313.154,19
313.254,0
313.354,7
313.454,29
313.554,0
313.654,2
313.754,0
313.855,6
313.955,2
314.055,9
314.155,0
314.255,0
314.355,14
314.455,13
314.555,0
314.656,15
314.756,0
314.856,1
314.956,8
315.056,0
315.156,13
315.256,0
315.357,0
315.457,26
315.557,18
315.657,0
315.757,15
315.857,12
315.957,0
316.057,14
316.158,19
316.258,0
316.358,0
316.458,21
316.558,0
316.658,13
316.758,1
316.859,2
316.959,0
317.059,0
317.159,0
317.259,10
317.359,0
317.459,0
317.559,0
317.66,37
317.76,0
317.86,0
317.96,10
318.06,0
318.16,0
318.26,1
318.361,4
318.461,0
318.561,14
318.661,1
318.761,0
318.861,16
318.961,53
319.061,4
319.162,0
319.262,4
319.362,23
319.462,6
319.562,0
319.662,0
319.762,1
319.863,9
319.963,0
320.063,0
320.163,0
320.263,0
320.363,54
320.463,43
320.563,8
320.664,0
320.764,0
320.864,5
320.964,19
321.064,11
321.164,5
321.264,10
321.364,0
321.465,0
321.565,0
321.665,0
321.765,2
321.865,0
321.965,0
322.065,0
322.165,10
322.266,0
322.366,0
322.466,5
322.566,0
322.666,0
322.766,0
322.866,7
322.966,11
323.067,0
323.167,0
323.267,17
323.367,9
323.467,1
323.567,2
323.667,5
323.768,4
323.868,7
323.968,0
324.068,0
324.168,19
324.268,17
324.368,0
324.468,0
324.569,0
324.669,0
324.769,8
324.869,0
324.969,6
325.069,25
325.169,0
325.269,0
325.37,18
325.47,0
325.57,8
325.67,21
325.77,0
325.87,0
325.97,0
326.07,0
326.171,69
326.271,96
326.371,82
326.471,54
326.571,30
326.671,0
326.771,0
326.871,0
326.972,0
327.072,0
327.172,0
327.272,0
327.372,0
327.472,20
327.572,15
327.672,12
327.773,0
327.873,22
327.973,27
328.073,28
328.173,0
328.273,0
328.373,10
328.473,1
328.573,12
328.674,0
328.774,0
328.874,0
328.974,10
329.074,0
329.174,0
329.274,9
329.374,0
329.475,22
329.575,0
329.675,9
329.775,21
329.875,0
329.975,0
330.075,2
330.175,0
330.276,0
330.376,41
330.476,47
330.576,0
330.676,0
330.776,0
330.876,32
330.976,0
331.077,0
331.177,6
331.277,14
331.377,27
331.477,10
331.577,7
331.677,11
331.777,2
331.877,0
331.978,22
332.078,3
332.178,0
332.278,4
332.378,1
332.478,13
332.578,19
332.678,0
332.779,0
332.879,0
332.979,21
333.079,28
333.179,0
333.279,4
333.379,2
333.479,0
333.58,0
333.68,12
333.78,0
333.88,13
333.98,9
334.08,0
334.18,30
334.28,76
334.38,89
334.481,26
334.581,13
334.681,0
334.781,10
334.881,13
334.981,0
335.081,10
335.181,5
335.281,0
335.382,0
335.482,4
335.582,16
335.682,0
335.782,0
335.882,0
335.982,38
336.082,97
336.183,82
336.283,1
336.383,0
336.483,0
336.583,27
336.683,28
336.783,0
336.883,0
336.983,0
337.084,14
337.184,13
337.284,0
337.384,0
337.484,19
337.584,0
337.684,5
337.784,5
337.884,0
337.985,0
338.085,0
338.185,8
338.285,0
338.385,4
338.485,5
338.585,12
338.685,11
338.786,3
338.886,26
338.986,0
339.086,2
339.186,28
339.286,0
339.386,0
339.486,0
339.586,19
339.687,0
339.787,5
339.887,19
339.987,0
340.087,14
340.187,0
340.287,0
340.387,34
340.487,39
340.588,0
340.688,0
340.788,0
340.888,2
340.988,8
341.088,15
341.188,0
341.288,0
341.388,0
341.489,16
341.589,24
341.689,6
341.789,3
341.889,0
341.989,13
342.089,11
342.189,0
342.289,1
342.39,9
342.49,0
342.59,0
342.69,14
342.79,0
342.89,0
342.99,0
343.09,0
343.19,10
343.291,0
343.391,24
343.491,32
343.591,4
343.691,0
343.791,0
343.891,5
343.991,3
344.091,0
344.191,3
344.292,14
344.392,1
344.492,0
344.592,0
344.692,29
344.792,35
344.892,0
344.992,4
345.092,10
345.193,0
345.293,11
345.393,15
345.493,11
345.593,3
345.693,0
345.793,8
345.893,13
345.993,8
346.094,0
346.194,11
346.294,10
346.394,0
346.494,0
346.594,0
346.694,25
346.794,10
346.894,1
346.994,0
347.095,0
347.195,0
347.295,0
347.395,9
347.495,22
347.595,4
347.695,17
347.795,4
347.895,0
347.996,21
348.096,16
348.196,17
348.296,23
348.396,9
348.496,0
348.596,0
348.696,13
348.796,0
348.896,0
348.997,5
349.097,0
349.197,0
349.297,1
349.397,10
349.497,21
349.597,0
349.697,0
349.797,30
349.897,0
349.998,0
350.098,1
350.198,0
350.298,0
350.398,31
350.498,11
350.598,0
350.698,6
350.798,0
350.898,0
350.999,0
351.099,0
351.199,0
351.299,17
351.399,0
351.499,0
351.599,11
351.699,0
351.799,0
351.899,15
352,0
352.1,0
352.2,18
352.3,0
352.4,19
352.5,13
352.6,0
352.7,0
352.8,3
352.9,0
353.001,0
353.101,0
353.201,27
353.301,1
353.401,21
353.501,5
353.601,15
353.701,101
353.801,49
353.901,30
354.002,0
354.102,8
354.202,0
354.302,0
354.402,0
354.502,21
354.602,66
354.702,43
354.802,23
354.902,0
355.003,0
355.103,16
355.203,13
355.303,0
355.403,8
355.503,20
355.603,6
355.703,41
355.803,32
355.903,77
356.004,70
356.104,32
356.204,17
356.304,0
356.404,0
356.504,37
356.604,0
356.704,0
356.804,0
356.904,0
357.004,5
357.105,7
357.205,14
357.305,0
357.405,8
357.505,3
357.605,0
357.705,0
357.805,0
357.905,0
358.005,0
358.106,0
358.206,0
358.306,0
358.406,10
358.506,22
358.606,6
358.706,0
358.806,0
358.906,2
359.006,17
359.106,2
359.207,26
359.307,0
359.407,0
359.507,8
359.607,0
359.707,18
359.807,11
359.907,0
360.007,3
360.107,3
360.207,0
360.308,9
360.408,36
360.508,44
360.608,3
360.708,0
360.808,0
360.908,0
361.008,0
361.108,0
361.208,15
361.308,15
361.409,0
361.509,0
361.609,11
361.709,5
361.809,0
361.909,7
362.009,8
362.109,2
362.209,12
362.309,0
362.409,10
362.51,0
362.61,0
362.71,0
362.81,3
362.91,0
363.01,0
363.11,0
363.21,5
363.31,18
363.41,9
363.51,0
363.611,0
363.711,12
363.811,26
363.911,0
364.011,0
364.111,0
364.211,9
364.311,11
364.411,0
364.511,20
364.611,1
364.711,0
364.812,10
364.912,0
365.012,0
365.112,17
365.212,0
365.312,0
365.412,0
365.512,4
365.612,0
365.712,0
365.812,25
365.913,0
366.013,19
366.113,0
366.213,16
366.313,37
366.413,0
366.513,0
366.613,0
366.713,15
366.813,0
366.913,0
367.013,7
367.114,8
367.214,0
367.314,11
367.414,1
367.514,0
367.614,27
367.714,8
367.814,8
367.914,15
368.014,0
368.114,0
368.214,0
368.315,0
368.415,4
368.515,2
368.615,0
368.715,0
368.815,11
368.915,0
369.015,0
369.115,0
369.215,0
369.315,0
369.415,6
369.516,0
369.616,0
369.716,3
369.816,0
369.916,0
370.016,6
370.116,18
370.216,0
370.316,0
370.416,42
370.516,42
370.616,0
370.717,6
370.817,2
370.917,49
371.017,15
371.117,34
371.217,0
371.317,6
371.417,0
371.517,0
371.617,17
371.717,11
371.817,11
371.917,4
372.018,3
372.118,13
372.218,6
372.318,0
372.418,0
372.518,0
372.618,25
372.718,2
372.818,0
372.918,0
373.018,0
373.118,0
373.218,15
373.319,0
373.419,0
373.519,2
373.619,13
373.719,0
373.819,0
373.919,9
374.019,0
374.119,14
374.219,0
374.319,0
374.419,0
374.519,0
374.62,0
374.72,0
374.82,2
374.92,5
375.02,0
375.12,0
375.22,0
375.32,0
375.42,34
375.52,4
375.62,6
375.72,0
375.82,0
375.921,0
376.021,0
376.121,11
376.221,14
376.321,0
376.421,6
376.521,19
376.621,4
376.721,21
376.821,3
376.921,8
377.021,55
377.121,35
377.221,10
377.322,0
377.422,0
377.522,1
377.622,0
377.722,2
377.822,0
377.922,4
378.022,5
378.122,0
378.222,11
378.322,3
378.422,0
378.522,0
378.623,20
378.723,10
378.823,8
378.923,13
379.023,0
379.123,0
379.223,0
379.323,0
379.423,0
379.523,0
379.623,25
379.723,17
379.823,11
379.923,12
380.023,2
380.124,37
380.224,0
380.324,0
380.424,16
380.524,22
380.624,7
380.724,0
380.824,0
380.924,0
381.024,15
381.124,0
381.224,0
381.324,1
381.424,21
381.525,0
381.625,14
381.725,0
381.825,20
381.925,0
382.025,0
382.125,0
382.225,0
382.325,14
382.425,3
382.525,0
382.625,7
382.725,4
382.825,17
382.925,18
383.026,0
383.126,24
383.226,11
383.326,7
383.426,8
383.526,3
383.626,22
383.726,39
383.826,19
383.926,26
384.026,0
384.126,39
384.226,27
384.326,17
384.426,13
384.527,10
384.627,6
384.727,63
384.827,39
384.927,0
385.027,4
385.127,0
385.227,2
385.327,0
385.427,7
385.527,6
385.627,0
385.727,0
385.827,19
385.927,4
386.027,7
386.128,15
386.228,4
386.328,0
386.428,0
386.528,0
386.628,0
386.728,11
386.828,0
386.928,0
387.028,12
387.128,0
387.228,20
387.328,18
387.428,2
387.528,5
387.628,0
387.729,0
387.829,8
387.929,63
388.029,54
388.129,40
388.229,0
388.329,0
388.429,18
388.529,46
388.629,19
388.729,2
388.829,0
388.929,6
389.029,17
389.129,32
389.229,22
389.329,14
389.43,0
389.53,0
389.63,0
389.73,21
389.83,0
389.93,0
390.03,6
390.13,0
390.23,0
390.33,0
390.43,32
390.53,44
390.63,0
390.73,0
390.83,8
390.93,0
391.03,0
391.131,0
391.231,6
391.331,0
391.431,0
391.531,0
391.631,19
391.731,0
391.831,4
391.931,1
392.031,26
392.131,26
392.231,4
392.331,3
392.431,20
392.531,0
392.631,36
392.731,20
392.831,0
392.932,0
393.032,0
393.132,0
393.232,17
393.332,0
393.432,0
393.532,32
393.632,18
393.732,0
393.832,0
393.932,6
394.032,0
394.132,0
394.232,0
394.332,0
394.432,4
394.532,0
394.632,11
394.733,19
394.833,0
394.933,12
395.033,23
395.133,6
395.233,0
395.333,16
395.433,33
395.533,23
395.633,0
395.733,0
395.833,18
395.933,1
396.033,15
396.133,33
396.233,19
396.333,8
396.433,11
396.533,13
396.633,15
396.734,0
396.834,11
396.934,33
397.034,17
397.134,6
397.234,3
397.334,24
397.434,15
397.534,0
397.634,0
397.734,0
397.834,3
397.934,3
398.034,1
398.134,1
398.234,9
398.334,0
398.434,0
398.534,18
398.634,0
398.735,0
398.835,0
398.935,0
399.035,0
399.135,9
399.235,0
399.335,0
399.435,13
399.535,0
399.635,0
399.735,21
399.835,0
399.935,9
400.035,0
400.135,0
400.235,0
400.335,0
400.435,20
400.535,13
400.635,0
400.735,0
400.835,12
400.936,14
401.036,5
401.136,0
401.236,9
401.336,2
401.436,0
401.536,11
401.636,0
401.736,0
401.836,0
401.936,23
402.036,16
402.136,0
402.236,3
402.336,28
402.436,0
402.536,25
402.636,35
402.736,9
402.836,2
402.936,2
403.036,64
403.136,82
403.237,24
403.337,0
403.437,0
403.537,0
403.637,29
403.737,9
403.837,0
403.937,0
404.037,9
404.137,0
404.237,12
404.337,0
404.437,2
404.537,51
404.637,61
404.737,10
404.837,13
404.937,0
405.037,10
405.137,2
405.237,0
405.337,0
405.437,26
405.537,17
405.638,22
405.738,17
405.838,29
405.938,30
406.038,0
406.138,0
406.238,9
406.338,0
406.438,0
406.538,26
406.638,11
406.738,0
406.838,0
406.938,5
407.038,0
407.138,7
407.238,12
407.338,0
407.438,0
407.538,6
407.638,0
407.738,0
407.838,0
407.938,21
408.038,0
408.138,0
408.238,24
408.339,98
408.439,68
408.539,54
408.639,1
408.739,0
408.839,0
408.939,23
409.039,4
409.139,1
409.239,13
409.339,24
409.439,13
409.539,0
409.639,0
409.739,0
409.839,10
409.939,2
410.039,23
410.139,25
410.239,0
410.339,0
410.439,40
410.539,33
410.639,0
410.739,12
410.839,0
410.939,0
411.039,18
411.139,0
411.24,9
411.34,0
411.44,7
411.54,1
411.64,0
411.74,7
411.84,0
411.94,0
412.04,22
412.14,0
412.24,0
412.34,21
412.44,8
412.54,1
412.64,17
412.74,0
412.84,0
412.94,25
413.04,12
413.14,0
413.24,0
413.34,0
413.44,10
413.54,4
413.64,8
413.74,14
413.84,26
413.94,0
414.04,10
414.14,18
414.24,15
414.34,0
414.44,23
414.54,26
414.641,9
414.741,6
414.841,13
414.941,7
415.041,10
415.141,36
415.241,1
415.341,29
415.441,0
415.541,0
415.641,5
415.741,0
415.841,0
415.941,0
416.041,0
416.141,0
416.241,0
416.341,29
416.441,2
416.541,8
416.641,14
416.741,28
416.841,10
416.941,32
417.041,15
417.141,1
417.241,15
417.341,0
417.441,14
417.541,0
417.641,0
417.741,6
417.841,18
417.941,5
418.041,38
418.141,26
418.241,0
418.341,5
418.441,14
418.541,0
418.642,0
418.742,4
418.842,0
418.942,12
419.042,10
419.142,0
419.242,0
419.342,27
419.442,20
419.542,41
419.642,67
419.742,16
419.842,11
419.942,0
420.042,0
420.142,0
420.242,19
420.342,0
420.442,26
420.542,29
420.642,0
420.742,7
420.842,6
420.942,0
421.042,1
421.142,17
421.242,22
421.342,0
421.442,2
421.542,0
421.642,0
421.742,5
421.842,15
421.942,0
422.042,0
422.142,15
422.242,34
422.342,21
422.442,12
422.542,18
422.642,5
422.742,19
422.842,0
422.942,2
423.042,14
423.142,5
423.242,6
423.342,0
423.442,0
423.542,0
423.642,18
423.742,14
423.842,23
423.942,35
424.043,19
424.143,0
424.243,0
424.343,0
424.443,0
424.543,4
424.643,0
424.743,0
424.843,5
424.943,0
425.043,0
425.143,17
425.243,10
425.343,0
425.443,5
425.543,0
425.643,15
425.743,17
425.843,0
425.943,19
426.043,0
426.143,0
426.243,0
426.343,0
426.443,0
426.543,21
426.643,0
426.743,19
426.843,8
426.943,14
427.043,29
427.143,21
427.243,4
427.343,37
427.443,11
427.543,11
427.643,0
427.743,12
427.843,13
427.943,0
428.043,30
428.143,0
428.243,31
428.343,11
428.443,0
428.543,0
428.643,1
428.743,23
428.843,5
428.943,13
429.043,50
429.143,31
429.243,8
429.343,16
429.443,1
429.543,37
429.643,0
429.743,2
429.843,0
429.943,6
430.043,19
430.143,0
430.243,29
430.343,37
430.443,53
430.543,32
430.643,19
430.743,4
430.843,1
430.943,0
431.043,0
431.143,15
431.243,0
431.343,0
431.443,57
431.543,12
431.643,0
431.743,0
431.843,0
431.943,0
432.043,0
432.143,2
432.243,16
432.343,0
432.443,9
432.543,6
432.643,0
432.743,7
432.843,24
432.943,17
433.043,14
433.143,0
433.243,0
433.343,5
433.443,13
433.543,0
433.643,0
433.743,0
433.843,22
433.943,10
434.043,13
434.143,0
434.243,2
434.343,19
434.443,7
434.543,0
434.643,3
434.743,15
434.843,2
434.943,35
435.043,5
435.143,0
435.243,0
435.343,0
435.443,8
435.543,0
435.643,30
435.743,22
435.843,0
435.943,25
436.043,28
436.143,0
436.243,0
436.343,16
436.443,0
436.543,11
436.643,0
436.743,0
436.843,20
436.943,2
437.043,0
437.143,3
437.243,12
437.343,0
437.443,7
437.543,0
437.643,4
437.743,10
437.843,0
437.943,2
438.043,16
438.143,11
438.243,0
438.343,0
438.443,2
438.543,8
438.643,0
438.743,0
438.843,53
438.943,49
439.043,31
439.143,76
439.243,80
439.343,40
439.443,20
439.543,4
439.643,0
439.743,29
439.843,38
439.943,0
440.043,0
440.143,0
440.243,0
440.343,0
440.443,53
440.543,50
440.643,0
440.743,15
440.843,13
440.943,32
441.043,0
441.143,0
441.243,16
441.343,19
441.443,21
441.543,11
441.643,0
441.743,33
441.843,8
441.943,8
442.043,12
442.143,32
442.243,26
442.343,0
442.443,0
442.543,15
442.643,61
442.743,86
442.843,21
442.943,7
443.043,0
443.143,26
443.243,20
443.343,0
443.443,0
443.543,20
443.643,0
443.743,6
443.843,4
443.943,0
444.043,8
444.143,0
444.243,8
444.343,17
444.443,0
444.543,0
444.643,0
444.743,6
444.843,0
444.943,0
445.043,20
445.143,14
445.243,6
445.343,1
445.443,11
445.543,0
445.643,0
445.742,2
445.842,21
445.942,26
446.042,2
446.142,0
446.242,0
446.342,1
446.442,0
446.542,0
446.642,0
446.742,25
446.842,14
446.942,3
447.042,24
447.142,12
447.242,0
447.342,0
447.442,15
447.542,10
447.642,0
447.742,22
447.842,14
447.942,0
448.042,19
448.142,36
448.242,22
448.342,7
448.442,0
448.542,19
448.642,21
448.742,0
448.842,0
448.942,0
449.042,0
449.142,0
449.242,9
449.342,0
449.442,19
449.542,30
449.642,1
449.742,9
449.842,10
449.942,13
450.042,2
450.142,0
450.242,0
450.342,0
450.442,37
450.542,43
450.642,0
450.742,0
450.842,21
450.941,0
451.041,0
451.141,15
451.241,26
451.341,11
451.441,0
451.541,0
451.641,3
451.741,11
451.841,6
451.941,13
452.041,17
452.141,12
452.241,0
452.341,28
452.441,0
452.541,26
452.641,12
452.741,18
452.841,0
452.941,32
453.041,0
453.141,0
453.241,0
453.341,3
453.441,0
453.541,5
453.641,22
453.741,7
453.841,0
453.941,0
454.041,2
454.141,12
454.241,0
454.341,17
454.441,19
454.541,0
454.641,0
454.741,15
454.84,15
454.94,0
455.04,0
455.14,1
455.24,17
455.34,2
455.44,0
455.54,0
455.64,12
455.74,0
455.84,0
455.94,7
456.04,0
456.14,0
456.24,2
456.34,0
456.44,0
456.54,0
456.64,13
456.74,0
456.84,0
456.94,0
457.04,25
457.14,11
457.24,0
457.34,2
457.44,27
457.54,5
457.64,0
457.74,0
457.84,0
457.94,0
458.039,6
458.139,0
458.239,0
458.339,14
458.439,0
458.539,0
458.639,23
458.739,13
458.839,0
458.939,0
459.039,28
459.139,62
459.239,26
459.339,0
459.439,3
459.539,24
459.639,25
459.739,3
459.839,0
459.939,0
460.039,8
460.139,20
460.239,0
460.339,0
460.439,37
460.539,46
460.639,6
460.739,6
460.838,30
460.938,12
461.038,13
461.138,0
461.238,0
461.338,0
461.438,0
461.538,0
461.638,0
461.738,0
461.838,40
461.938,0
462.038,0
462.138,3
462.238,25
462.338,0
462.438,0
462.538,0
462.638,21
462.738,0
462.838,54
462.938,99
463.038,61
463.138,28
463.238,4
463.337,0
463.437,39
463.537,28
463.637,11
463.737,0
463.837,27
463.937,0
464.037,0
464.137,0
464.237,4
464.337,1
464.437,12
464.537,36
464.637,68
464.737,37
464.837,28
464.937,0
465.037,33
465.137,0
465.237,14
465.337,2
465.437,12
465.537,0
465.636,6
465.736,4
465.836,12
465.936,0
466.036,0
466.136,27
466.236,0
466.336,5
466.436,0
466.536,0
466.636,0
466.736,1
466.836,6
466.936,2
467.036,18
467.136,0
467.236,0
467.336,20
467.436,24
467.536,0
467.636,14
467.735,24
467.835,33
467.935,17
468.035,9
468.135,0
468.235,4
468.335,11
468.435,20
468.535,3
468.635,0
468.735,0
468.835,0
468.935,0
469.035,62
469.135,76
469.235,44
469.335,26
469.435,0
469.535,1
469.635,6
469.734,2
469.834,12
469.934,0
470.034,0
470.134,7
470.234,0
470.334,0
470.434,27
470.534,47
470.634,0
470.734,0
470.834,2
470.934,8
471.034,0
471.134,6
471.234,0
471.334,0
471.434,0
471.534,0
471.633,12
471.733,0
471.833,0
471.933,0
472.033,0
472.133,0
472.233,6
472.333,0
472.433,10
472.533,8
472.633,17
472.733,18
472.833,14
472.933,0
473.033,0
473.133,12
473.233,0
473.333,0
473.432,0
473.532,3
473.632,0
473.732,33
473.832,0
473.932,24
474.032,8
474.132,14
474.232,63
474.332,126
474.432,56
474.532,40
474.632,0
474.732,0
474.832,0
474.932,11
475.032,0
475.131,0
475.231,0
475.331,3
475.431,0
475.531,0
475.631,0
475.731,27
475.831,29
475.931,0
476.031,7
476.131,2
476.231,0
476.331,5
476.431,11
476.531,22
476.631,2
476.73,4
476.83,0
476.93,2
477.03,14
477.13,0
477.23,0
477.33,30
477.43,16
477.53,55
477.63,61
477.73,14
477.83,0
477.93,0
478.03,0
478.13,8
478.23,0
478.329,29
478.429,0
478.529,18
478.629,0
478.729,10
478.829,14
478.929,6
479.029,17
479.129,0
479.229,18
479.329,0
479.429,0
479.529,0
479.629,20
479.729,3
479.828,0
479.928,12
480.028,16
480.128,0
480.228,0
480.328,0
480.428,51
480.528,44
480.628,6
480.728,1
480.828,0
480.928,12
481.028,10
481.128,0
481.227,0
481.327,0
481.427,23
481.527,12
481.627,1
481.727,17
481.827,12
481.927,13
482.027,22
482.127,38
482.227,8
482.327,15
482.427,0
482.527,0
482.626,9
482.726,0
482.826,0
482.926,17
483.026,10
483.126,0
483.226,0
483.326,18
483.426,11
483.526,11
483.626,14
483.726,3
483.826,0
483.926,0
484.025,9
484.125,11
484.225,0
484.325,0
484.425,1
484.525,26
484.625,0
484.725,13
484.825,0
484.925,21
485.025,25
485.125,2
485.225,23
485.324,3
485.424,0
485.524,5
485.624,0
485.724,13
485.824,22
485.924,5
486.024,8
486.124,32
486.224,17
486.324,0
486.424,11
486.524,0
486.623,13
486.723,17
486.823,6
486.923,11
487.023,0
487.123,24
487.223,12
487.323,0
487.423,6
487.523,9
487.623,0
487.723,0
487.822,21
487.922,0
488.022,16
488.122,18
488.222,0
488.322,10
488.422,6
488.522,0
488.622,14
488.722,27
488.822,9
488.922,36
489.022,26
489.121,0
489.221,0
489.321,0
489.421,10
489.521,3
489.621,0
489.721,29
489.821,14
489.921,0
490.021,15
490.121,21
490.221,0
490.32,0
490.42,53
490.52,39
490.62,0
490.72,0
490.82,0
490.92,8
491.02,32
491.12,1
491.22,0
491.32,5
491.419,17
491.519,0
491.619,22
491.719,32
491.819,14
491.919,0
492.019,0
492.119,0
492.219,23
492.319,2
492.419,14
492.519,14
492.618,0
492.718,0
492.818,0
492.918,6
493.018,0
493.118,105
493.218,85
493.318,28
493.418,0
493.518,8
493.618,0
493.717,0
493.817,0
493.917,0
494.017,41
494.117,12
494.217,0
494.317,26
494.417,14
494.517,0
494.617,0
494.717,0
494.816,0
494.916,16
495.016,0
495.116,0
495.216,16
495.316,0
495.416,0
495.516,23
495.616,9
495.716,3
495.815,16
495.915,0
496.015,11
496.115,0
496.215,0
496.315,13
496.415,0
496.515,2
496.615,0
496.715,11
496.815,4
496.914,18
497.014,14
497.114,0
497.214,10
497.314,13
497.414,0
497.514,7
497.614,4
497.714,8
497.814,33
497.913,68
498.013,54
498.113,43
498.213,6
498.313,90
498.413,65
498.513,2
498.613,25
498.713,10
498.813,0
498.912,7
499.012,3
499.112,9
499.212,24
499.312,25
499.412,24
499.512,6
499.612,0
499.712,4
499.812,18
499.911,6
500.011,21
500.111,15
500.211,0
500.311,0
500.411,6
500.511,22
500.611,1
500.711,0
500.811,5
500.91,0
501.01,2
501.11,12
501.21,32
501.31,59
501.41,10
501.51,0
501.61,0
501.71,11
501.81,16
501.909,22
502.009,0
502.109,0
502.209,6
502.309,1
502.409,0
502.509,9
502.609,10
502.709,0
502.808,20
502.908,5
503.008,0
503.108,7
503.208,0
503.308,16
503.408,9
503.508,0
503.608,21
503.708,0
503.807,0
503.907,0
504.007,0
504.107,0
504.207,0
504.307,7
504.407,0
504.507,4
504.607,3
504.706,4
504.806,10
504.906,0
505.006,0
505.106,14
505.206,0
505.306,0
505.406,17
505.506,0
505.605,101
505.705,92
505.805,43
505.905,0
506.005,7
506.105,8
506.205,70
506.305,100
506.405,67
506.504,17
506.604,0
506.704,4
506.804,17
506.904,11
507.004,0
507.104,7
507.204,16
507.304,28
507.403,54
507.503,31
507.603,0
507.703,0
507.803,0
507.903,0
508.003,23
508.103,0
508.202,1
508.302,0
508.402,0
508.502,22
508.602,0
508.702,0
508.802,0
508.902,0
509.002,23
509.101,3
509.201,4
509.301,26
509.401,7
509.501,13
509.601,15
509.701,0
509.801,16
509.9,0
510,15
510.1,0
510.2,0
510.3,0
510.4,37
510.5,13
510.6,13
510.7,17
510.799,0
510.899,0
510.999,33
511.099,34
511.199,8
511.299,7
511.399,4
511.499,0
511.598,0
511.698,1
511.798,0
511.898,0
511.998,0
512.098,3
512.198,10
512.298,0
512.397,0
512.497,20
512.597,7
512.697,15
512.797,0
512.897,0
512.997,2
513.097,0
513.196,8
513.296,8
513.396,0
513.496,14
513.596,0
513.696,0
513.796,25
513.896,6
513.995,20
514.095,0
514.195,6
514.295,5
514.395,42
514.495,16
514.595,26
514.695,48
514.794,12
514.894,18
514.994,15
515.094,0
515.194,5
515.294,0
515.394,0
515.494,12
515.593,35
515.693,23
515.793,43
515.893,41
515.993,25
516.093,0
516.193,0
516.293,20
516.392,14
516.492,2
516.592,0
516.692,16
516.792,16
516.892,24
516.992,35
517.091,0
517.191,11
517.291,20
517.391,0
517.491,0
517.591,46
517.691,0
517.791,0
517.89,59
517.99,18
518.09,19
518.19,0
518.29,5
518.39,0
518.49,4
518.59,0
518.689,7
518.789,2
518.889,21
518.989,0
519.089,0
519.189,3
519.289,8
519.388,0
519.488,7
519.588,0
519.688,40
519.788,33
519.888,9
519.988,14
520.087,0
520.187,19
520.287,0
520.387,52
520.487,34
520.587,0
520.687,0
520.787,0
520.886,0
520.986,5
521.086,1
521.186,0
521.286,0
521.386,5
521.486,33
521.585,8
521.685,0
521.785,0
521.885,0
521.985,0
522.085,0
522.185,0
522.284,4
522.384,6
522.484,0
522.584,0
522.684,4
522.784,6
522.884,0
522.983,0
523.083,0
523.183,0
523.283,12
523.383,11
523.483,6
523.583,0
523.682,4
523.782,4
523.882,0
523.982,0
524.082,0
524.182,14
524.282,6
524.381,0
524.481,33
524.581,24
524.681,4
524.781,2
524.881,0
524.981,0
525.08,0
525.18,0
525.28,0
525.38,2
525.48,15
525.58,7
525.68,0
525.779,16
525.879,0
525.979,10
526.079,7
526.179,0
526.279,0
526.379,0
526.478,0
526.578,0
526.678,0
526.778,11
526.878,20
526.978,0
527.077,32
527.177,14
527.277,0
527.377,26
527.477,32
527.577,43
527.677,14
527.776,11
527.876,0
527.976,0
528.076,24
528.176,0
528.276,8
528.376,4
528.475,24
528.575,85
528.675,39
528.775,5
528.875,0
528.975,0
529.074,22
529.174,0
529.274,11
529.374,0
529.474,0
529.574,0
529.674,21
529.773,0
529.873,0
529.973,5
530.073,0
530.173,0
530.273,0
530.372,41
530.472,24
530.572,12
530.672,0
530.772,0
530.872,7
530.971,0
531.071,2
531.171,6
531.271,11
531.371,0
531.471,12
531.571,0
531.67,0
531.77,2
531.87,0
531.97,0
532.07,1
532.17,0
532.269,12
532.369,19
532.469,0
532.569,0
532.669,1
532.769,0
532.868,6
532.968,0
533.068,32
533.168,23
533.268,8
533.368,0
533.468,17
533.567,21
533.667,0
533.767,15
533.867,13
533.967,0
534.067,16
534.166,0
534.266,0
534.366,0
534.466,0
534.566,0
534.666,0
534.765,8
534.865,29
534.965,0
535.065,15
535.165,29
535.265,0
535.364,15
535.464,0
535.564,0
535.664,0
535.764,0
535.864,0
535.963,0
536.063,4
536.163,1
536.263,23
536.363,16
536.463,40
536.562,13
536.662,0
536.762,0
536.862,4
536.962,8
537.062,0
537.161,0
537.261,0
537.361,1
537.461,0
537.561,11
537.661,33
537.76,22
537.86,21
537.96,8
538.06,7
538.16,5
538.26,0
538.359,4
538.459,0
538.559,9
538.659,12
538.759,0
538.859,2
538.958,12
539.058,0
539.158,0
539.258,17
539.358,0
539.458,0
539.557,8
539.657,3
539.757,0
539.857,1
539.957,24
540.056,0
540.156,0
540.256,0
540.356,38
540.456,3
540.556,7
540.655,11
540.755,0
540.855,6
540.955,14
541.055,0
541.155,21
541.254,0
541.354,4
541.454,16
541.554,0
541.654,39
541.753,0
541.853,0
541.953,0
542.053,0
542.153,4
542.253,0
542.352,0
542.452,4
542.552,24
542.652,0
542.752,0
542.852,0
542.951,21
543.051,0
543.151,0
543.251,0
543.351,30
543.45,7
543.55,5
543.65,0
543.75,0
543.85,0
543.95,3
544.049,0
544.149,13
544.249,0
544.349,0
544.449,0
544.548,2
544.648,0
544.748,0
544.848,5
544.948,0
545.048,10
545.147,0
545.247,22
545.347,0
545.447,9
545.547,18
545.646,10
545.746,1
545.846,6
545.946,37
546.046,0
546.146,26
546.245,0
546.345,7
546.445,2
546.545,0
546.645,0
546.744,0
546.844,2
546.944,2
547.044,0
547.144,0
547.243,0
547.343,0
547.443,0
547.543,22
547.643,0
547.743,0
547.842,0
547.942,10
548.042,16
548.142,0
548.242,0
548.341,82
548.441,59
548.541,18
548.641,12
548.741,0
548.84,0
548.94,30
549.04,0
549.14,0
549.24,0
549.339,0
549.439,6
549.539,6
549.639,0
549.739,0
549.839,0
549.938,34
550.038,4
550.138,0
550.238,8
550.338,55
550.437,48
550.537,0
550.637,0
550.737,22
550.837,0
550.936,0
551.036,19
551.136,0
551.236,0
551.336,0
551.435,0
551.535,10
551.635,0
551.735,14
551.835,13
551.934,5
552.034,0
552.134,0
552.234,0
552.334,0
552.433,7
552.533,21
552.633,32
552.733,54
552.833,8
552.932,0
553.032,5
553.132,20
553.232,0
553.332,26
553.431,45
553.531,7
553.631,0
553.731,0
553.831,0
553.93,0
554.03,0
554.13,0
554.23,0
554.33,21
554.429,8
554.529,0
554.629,12
554.729,3
554.829,0
554.928,16
555.028,0
555.128,16
555.228,3
555.328,0
555.427,3
555.527,0
555.627,0
555.727,0
555.827,11
555.926,0
556.026,6
556.126,46
556.226,44
556.326,13
556.425,14
556.525,12
556.625,0
556.725,10
556.825,28
556.924,28
557.024,20
557.124,6
557.224,2
557.324,8
557.423,0
557.523,0
557.623,0
557.723,0
557.822,38
557.922,24
558.022,0
558.122,1
558.222,2
558.321,9
558.421,2
558.521,0
558.621,28
558.721,0
558.82,0
558.92,0
559.02,8
559.12,0
559.22,0
559.319,19
559.419,0
559.519,0
559.619,13
559.719,2
559.818,14
559.918,7
560.018,0
560.118,0
560.217,0
560.317,54
560.417,31
560.517,21
560.617,0
560.716,0
560.816,16
560.916,0
561.016,0
561.116,4
561.215,42
561.315,90
561.415,32
561.515,8
561.614,3
561.714,0
561.814,7
561.914,2
562.014,10
562.113,0
562.213,5
562.313,21
562.413,4
562.512,3
562.612,0
562.712,9
562.812,10
562.912,0
563.011,0
563.111,5
563.211,0
563.311,14
563.411,5
563.51,10
563.61,0
563.71,22
563.81,0
563.909,5
564.009,7
564.109,0
564.209,0
564.309,9
564.408,0
564.508,0
564.608,0
564.708,7
564.807,0
564.907,9
565.007,6
565.107,0
565.207,2
565.306,6
565.406,20
565.506,8
565.606,7
565.705,14
565.805,20
565.905,0
566.005,27
566.105,41
566.204,34
566.304,2
566.404,0
566.504,4
566.603,3
566.703,2
566.803,0
566.903,0
567.003,24
567.102,31
567.202,24
567.302,2
567.402,13
567.501,21
567.601,0
567.701,0
567.801,0
567.9,0
568,10
568.1,0
568.2,5
568.3,8
568.399,27
568.499,2
568.599,18
568.699,6
568.798,4
568.898,2
568.998,19
569.098,0
569.197,0
569.297,0
569.397,0
569.497,0
569.597,0
569.696,0
569.796,7
569.896,14
569.996,22
570.095,0
570.195,0
570.295,20
570.395,23
570.494,0
570.594,0
570.694,17
570.794,18
570.894,3
570.993,0
571.093,8
571.193,53
571.293,12
571.392,21
571.492,12
571.592,7
571.692,2
571.791,0
571.891,0
571.991,0
572.091,0
572.19,1
572.29,0
572.39,20
572.49,6
572.589,0
572.689,0
572.789,0
572.889,40
572.989,0
573.088,0
573.188,0
573.288,14
573.388,27
573.487,0
573.587,0
573.687,0
573.787,2
573.886,25
573.986,0
574.086,0
574.186,2
574.285,0
574.385,14
574.485,0
574.585,15
574.684,18
574.784,0
574.884,14
574.984,12
575.083,4
575.183,0
575.283,0
575.383,11
575.483,0
575.582,0
575.682,0
575.782,30
575.882,2
575.981,3
576.081,15
576.181,13
576.281,3
576.38,6
576.48,15
576.58,0
576.68,0
576.779,0
576.879,9
576.979,24
577.079,0
577.178,0
577.278,0
577.378,20
577.478,0
577.577,0
577.677,12
577.777,20
577.877,0
577.976,0
578.076,2
578.176,0
578.276,0
578.375,0
578.475,0
578.575,0
578.675,24
578.774,0
578.874,0
578.974,0
579.074,20
579.173,31
579.273,19
579.373,27
579.473,7
579.572,0
579.672,20
579.772,111
579.872,59
579.971,13
580.071,0
580.171,0
580.271,33
580.37,12
580.47,6
580.57,0
580.67,10
580.769,7
580.869,1
580.969,13
581.069,16
581.168,0
581.268,0
581.368,0
581.468,0
581.567,12
581.667,0
581.767,15
581.866,0
581.966,4
582.066,39
582.166,9
582.265,19
582.365,5
582.465,0
582.565,0
582.664,1
582.764,5
582.864,4
582.964,6
583.063,12
583.163,0
583.263,0
583.363,4
583.462,24
583.562,10
583.662,17
583.762,15
583.861,0
583.961,13
584.061,42
584.161,87
584.26,45
584.36,32
584.46,4
584.559,7
584.659,23
584.759,0
584.859,0
584.958,29
585.058,30
585.158,0
585.258,15
585.357,14
585.457,0
585.557,25
585.657,0
585.756,4
585.856,0
585.956,6
586.055,14
586.155,7
586.255,0
586.355,22
586.454,6
586.554,51
586.654,97
586.754,87
586.853,47
586.953,0
587.053,0
587.153,26
587.252,7
587.352,7
587.452,12
587.551,20
587.651,25
587.751,12
587.851,20
587.95,0
588.05,0
588.15,8
588.25,14
588.349,8
588.449,0
588.549,36
588.649,14
588.748,9
588.848,0
588.948,0
589.047,0
589.147,0
589.247,0
589.347,0
589.446,12
589.546,2
589.646,47
589.746,25
589.845,14
589.945,0
590.045,0
590.144,0
590.244,23
590.344,35
590.444,6
590.543,5
590.643,1
590.743,0
590.842,0
590.942,15
591.042,7
591.142,22
591.241,0
591.341,37
591.441,24
591.541,0
591.64,0
591.74,6
591.84,0
591.939,7
592.039,0
592.139,0
592.239,26
592.338,20
592.438,10
592.538,7
592.637,0
592.737,4
592.837,21
592.937,13
593.036,36
593.136,35
593.236,21
593.336,43
593.435,47
593.535,6
593.635,41
593.734,0
593.834,0
593.934,14
594.034,0
594.133,0
594.233,31
594.333,5
594.432,10
594.532,2
594.632,5
594.732,0
594.831,0
594.931,0
595.031,0
595.13,0
595.23,22
595.33,0
595.43,0
595.529,7
595.629,0
595.729,0
595.828,14
595.928,0
596.028,9
596.128,0
596.227,8
596.327,6
596.427,0
596.526,0
596.626,16
596.726,7
596.826,7
596.925,36
597.025,47
597.125,12
597.224,0
597.324,0
597.424,8
597.523,0
597.623,0
597.723,13
597.823,0
597.922,0
598.022,0
598.122,0
598.221,0
598.321,8
598.421,10
598.521,0
598.62,3
598.72,5
598.82,10
598.919,39
599.019,10
599.119,2
599.219,0
599.318,0
599.418,0
599.518,0
599.617,3
599.717,5
599.817,6
