59.6745,0
59.7814,0
59.8883,45
59.9952,18
60.1021,0
60.209,0
60.3159,0
60.4228,0
60.5296,0
60.6365,13
60.7434,10
60.8503,0
60.9572,4
61.0641,0
61.171,0
61.2779,0
61.3848,38
61.4917,16
61.5986,11
61.7055,5
61.8124,0
61.9193,16
62.0261,0
62.133,22
62.2399,1
62.3468,0
62.4537,11
62.5606,0
62.6675,4
62.7744,0
62.8813,37
62.9882,12
63.0951,4
63.202,20
63.3089,27
63.4158,6
63.5226,0
63.6295,13
63.7364,13
63.8433,22
63.9502,0
64.0571,32
64.164,1
64.2709,2
64.3778,0
64.4847,6
64.5916,15
64.6985,20
64.8054,1
64.9123,20
65.0192,32
65.1261,33
65.2329,17
65.3398,0
65.4467,6
65.5536,2
65.6605,4
65.7674,0
65.8743,7
65.9812,9
66.0881,25
66.195,4
66.3019,8
66.4088,0
66.5157,13
66.6226,3
66.7295,18
66.8364,21
66.9433,28
67.0502,5
67.157,0
67.2639,0
67.3708,28
67.4777,0
67.5846,0
67.6915,0
67.7984,31
67.9053,17
68.0122,10
68.1191,6
68.226,8
68.3329,5
68.4398,17
68.5467,2
68.6536,0
68.7605,3
68.8674,30
68.9743,11
69.0812,0
69.1881,0
69.295,1
69.4018,16
69.5087,0
69.6156,0
69.7225,4
69.8294,16
69.9363,0
70.0432,10
70.1501,14
70.257,10
70.3639,0
70.4708,0
70.5777,30
70.6846,21
70.7915,0
70.8984,0
71.0053,0
71.1122,6
71.2191,25
71.326,18
71.4329,19
71.5398,8
71.6467,0
71.7536,12
71.8605,1
71.9674,0
72.0742,11
72.1811,0
72.288,0
72.3949,21
72.5018,7
72.6087,0
72.7156,0
72.8225,7
72.9294,0
73.0363,11
73.1432,13
73.2501,0
73.357,0
73.4639,0
73.5708,14
73.6777,7
73.7846,0
73.8915,0
73.9984,45
74.1053,14
74.2122,0
74.3191,8
74.426,14
74.5329,8
74.6398,0
74.7467,16
74.8536,0
74.9605,15
75.0674,0
75.1743,0
75.2812,24
75.3881,42
75.495,0
75.6019,0
75.7088,6
75.8157,11
75.9225,7
76.0294,18
76.1363,31
76.2432,6
76.3501,0
76.457,24
76.5639,22
76.6708,0
76.7777,25
76.8846,15
76.9915,0
77.0984,0
77.2053,6
77.3122,0
77.4191,0
77.526,0
77.6329,19
77.7398,0
77.8467,0
77.9536,8
78.0605,1
78.1674,0
78.2743,0
78.3812,0
78.4881,9
78.595,37
78.7019,26
78.8088,21
78.9157,0
79.0226,2
79.1295,36
79.2364,12
79.3433,0
79.4502,0
79.5571,13
79.664,11
79.7709,3
79.8778,0
79.9847,15
80.0916,22
80.1985,0
80.3054,0
80.4123,8
80.5192,14
80.6261,0
80.733,0
80.8399,12
80.9468,16
81.0537,0
81.1606,0
81.2675,32
81.3744,32
81.4813,7
81.5882,0
81.6951,0
81.802,0
81.9089,4
82.0158,6
82.1227,19
82.2296,0
82.3365,19
82.4434,12
82.5503,5
82.6572,14
82.7641,3
82.871,23
82.9779,0
83.0848,0
83.1917,36
83.2986,14
83.4055,0
83.5124,1
83.6193,4
83.7262,11
83.8331,0
83.94,6
84.0469,0
84.1538,12
84.2607,0
84.3676,11
84.4745,0
84.5814,0
84.6883,0
84.7952,0
84.9021,0
85.009,0
85.1159,13
85.2228,0
85.3297,0
85.4366,0
85.5435,23
85.6504,0
85.7573,0
85.8642,33
85.9711,42
86.078,4
86.1849,0
86.2918,4
86.3987,0
86.5056,0
86.6125,8
86.7194,0
86.8263,0
86.9332,12
87.0401,0
87.147,0
87.2539,0
87.3608,0
87.4677,4
87.5746,0
87.6815,2
87.7884,20
87.8953,1
88.0022,0
88.1091,0
88.216,9
88.3229,8
88.4298,0
88.5367,10
88.6436,0
88.7505,3
88.8574,0
88.9643,2
89.0712,0
89.1781,11
89.285,14
89.3919,0
89.4988,10
89.6057,22
89.7126,16
89.8195,29
89.9264,2
90.0334,0
90.1403,0
90.2472,8
90.3541,0
90.461,6
90.5679,14
90.6748,0
90.7817,15
90.8886,0
90.9955,21
91.1024,22
91.2093,0
91.3162,13
91.4231,15
91.53,0
91.6369,14
91.7438,0
91.8507,0
91.9576,29
92.0645,0
92.1714,0
92.2783,1
92.3852,19
92.4921,10
92.599,19
92.7059,7
92.8128,0
92.9197,7
93.0266,0
93.1335,7
93.2404,0
93.3473,0
93.4542,0
93.5611,0
93.668,0
93.7749,15
93.8818,1
93.9887,0
94.0956,0
94.2025,26
94.3095,0
94.4164,0
94.5233,11
94.6302,2
94.7371,0
94.844,0
94.9509,2
95.0578,0
95.1647,10
95.2716,0
95.3785,0
95.4854,6
95.5923,9
95.6992,0
95.8061,0
95.913,24
96.0199,1
96.1268,0
96.2337,8
96.3406,0
96.4475,10
96.5544,0
96.6613,11
96.7682,0
96.8751,0
96.982,0
97.0889,0
97.1958,3
97.3027,0
97.4097,1
97.5166,0
97.6235,0
97.7304,0
97.8373,16
97.9442,5
98.0511,0
98.158,21
98.2649,0
98.3718,5
98.4787,25
98.5856,0
98.6925,0
98.7994,9
98.9063,9
99.0132,2
99.1201,25
99.227,5
99.3339,0
99.4408,0
99.5477,21
99.6546,0
99.7615,0
99.8684,0
99.9753,14
100.082,0
100.189,0
100.296,0
100.403,12
100.51,5
100.617,27
100.724,25
100.831,0
100.937,13
101.044,14
101.151,0
101.258,0
101.365,22
101.472,5
101.579,25
101.686,2
101.793,0
101.9,0
102.007,5
102.113,0
102.22,6
102.327,17
102.434,0
102.541,0
102.648,32
102.755,44
102.862,11
102.969,0
103.076,2
103.182,26
103.289,0
103.396,0
103.503,6
103.61,5
103.717,14
103.824,8
103.931,2
104.038,9
104.145,18
104.252,29
104.358,0
104.465,5
104.572,4
104.679,0
104.786,20
104.893,19
105,0
105.107,0
105.214,18
105.321,10
105.427,14
105.534,0
105.641,0
105.748,2
105.855,0
105.962,9
106.069,0
106.176,0
106.283,0
106.39,10
106.497,0
106.603,0
106.71,14
106.817,5
106.924,8
107.031,13
107.138,14
107.245,12
107.352,0
107.459,9
107.566,0
107.673,24
107.779,13
107.886,7
107.993,18
108.1,12
108.207,0
108.314,2
108.421,0
108.528,2
108.635,21
108.742,0
108.848,0
108.955,13
109.062,0
109.169,0
109.276,0
109.383,32
109.49,11
109.597,0
109.704,0
109.811,0
109.918,20
110.024,22
110.131,0
110.238,15
110.345,12
110.452,0
110.559,4
110.666,5
110.773,2
110.88,0
110.987,0
111.094,0
111.2,4
111.307,0
111.414,11
111.521,0
111.628,29
111.735,0
111.842,0
111.949,0
112.056,2
112.163,3
112.269,19
112.376,2
112.483,0
112.59,0
112.697,0
112.804,6
112.911,11
113.018,0
113.125,12
113.232,0
113.339,22
113.445,44
113.552,0
113.659,1
113.766,6
113.873,2
113.98,0
114.087,21
114.194,9
114.301,0
114.408,8
114.515,0
114.621,14
114.728,18
114.835,24
114.942,16
115.049,0
115.156,3
115.263,2
115.37,12
115.477,13
115.584,34
115.69,20
115.797,11
115.904,8
116.011,0
116.118,0
116.225,0
116.332,8
116.439,22
116.546,0
116.653,13
116.76,13
116.866,0
116.973,0
117.08,3
117.187,16
117.294,0
117.401,12
117.508,13
117.615,0
117.722,10
117.829,0
117.936,25
118.042,0
118.149,1
118.256,24
118.363,0
118.47,7
118.577,9
118.684,34
118.791,32
118.898,32
119.005,17
119.112,0
119.218,0
119.325,0
119.432,33
119.539,0
119.646,9
119.753,33
119.86,1
119.967,0
120.074,0
120.181,0
120.287,15
120.394,0
120.501,8
120.608,10
120.715,13
120.822,3
120.929,0
121.036,17
121.143,4
121.25,0
121.357,7
121.463,0
121.57,8
121.677,13
121.784,25
121.891,0
121.998,15
122.105,19
122.212,10
122.319,0
122.426,5
122.533,30
122.639,0
122.746,0
122.853,0
122.96,29
123.067,6
123.174,0
123.281,8
123.388,16
123.495,23
123.602,0
123.709,15
123.815,0
123.922,0
124.029,43
124.136,41
124.243,0
124.35,0
124.457,0
124.564,13
124.671,1
124.778,9
124.885,22
124.991,2
125.098,6
125.205,0
125.312,0
125.419,17
125.526,1
125.633,15
125.74,0
125.847,0
125.954,11
126.061,0
126.167,14
126.274,0
126.381,0
126.488,24
126.595,28
126.702,19
126.809,22
126.916,0
127.023,2
127.13,10
127.236,13
127.343,5
127.45,0
127.557,0
127.664,20
127.771,0
127.878,0
127.985,6
128.092,22
128.199,3
128.306,25
128.412,14
128.519,10
128.626,0
128.733,1
128.84,16
128.947,4
129.054,0
129.161,8
129.268,26
129.375,10
129.482,0
129.588,13
129.695,6
129.802,0
129.909,0
130.016,20
130.123,9
130.23,16
130.337,0
130.444,0
130.551,0
130.658,0
130.764,0
130.871,21
130.978,34
131.085,0
131.192,0
131.299,0
131.406,0
131.513,7
131.62,31
131.727,3
131.834,15
131.94,0
132.047,19
132.154,16
132.261,4
132.368,0
132.475,3
132.582,0
132.689,0
132.796,17
132.903,24
133.01,13
133.116,8
133.223,6
133.33,20
133.437,12
133.544,15
133.651,20
133.758,16
133.865,25
133.972,21
134.079,10
134.186,0
134.292,0
134.399,13
134.506,0
134.613,0
134.72,30
134.827,30
134.934,22
135.041,0
135.148,13
135.255,0
135.362,6
135.468,6
135.575,1
135.682,5
135.789,49
135.896,1
136.003,12
136.11,40
136.217,0
136.324,0
136.431,5
136.538,3
136.644,29
136.751,10
136.858,0
136.965,10
137.072,0
137.179,8
137.286,0
137.393,12
137.5,0
137.607,16
137.714,4
137.82,4
137.927,14
138.034,0
138.141,0
138.248,7
138.355,17
138.462,7
138.569,0
138.676,0
138.783,0
138.89,4
138.996,12
139.103,1
139.21,0
139.317,0
139.424,16
139.531,9
139.638,1
139.745,37
139.852,3
139.959,9
140.065,21
140.172,22
140.279,48
140.386,18
140.493,0
140.6,16
140.707,12
140.814,4
140.921,15
141.028,17
141.135,24
141.241,0
141.348,21
141.455,22
141.562,0
141.669,1
141.776,0
141.883,0
141.99,0
142.097,8
142.204,0
142.311,0
142.417,0
142.524,3
142.631,0
142.738,1
142.845,0
142.952,10
143.059,7
143.166,21
143.273,0
143.38,0
143.487,17
143.593,28
143.7,0
143.807,14
143.914,0
144.021,0
144.128,3
144.235,7
144.342,3
144.449,3
144.556,22
144.663,15
144.769,32
144.876,0
144.983,21
145.09,6
145.197,0
145.304,8
145.411,51
145.518,50
145.625,0
145.732,0
145.839,8
145.945,23
146.052,0
146.159,13
146.266,8
146.373,20
146.48,12
146.587,0
146.694,16
146.801,8
146.908,0
147.015,0
147.121,5
147.228,9
147.335,0
147.442,0
147.549,2
147.656,0
147.763,19
147.87,12
147.977,0
148.084,1
148.191,10
148.297,0
148.404,9
148.511,9
148.618,0
148.725,0
148.832,11
148.939,0
149.046,5
149.153,18
149.26,6
149.367,15
149.473,11
149.58,6
149.687,19
149.794,14
149.901,0
150.008,0
150.115,30
150.222,15
150.329,18
150.436,0
150.543,0
150.649,8
150.756,12
150.863,6
150.97,9
151.077,30
151.184,19
151.291,0
151.398,0
151.505,20
151.612,1
151.719,0
151.825,6
151.932,12
152.039,25
152.146,0
152.253,37
152.36,5
152.467,16
152.574,0
152.681,14
152.788,16
152.894,25
153.001,0
153.108,36
153.215,21
153.322,17
153.429,35
153.536,4
153.643,7
153.75,0
153.857,0
153.964,44
154.07,18
154.177,9
154.284,0
154.391,22
154.498,0
154.605,0
154.712,8
154.819,3
154.926,0
155.033,0
155.14,0
155.246,0
155.353,0
155.46,43
155.567,59
155.674,32
155.781,28
155.888,0
155.995,0
156.102,20
156.209,51
156.316,27
156.422,1
156.529,0
156.636,0
156.743,1
156.85,0
156.957,0
157.064,0
157.171,15
157.278,0
157.385,0
157.492,0
157.598,0
157.705,27
157.812,10
157.919,14
158.026,13
158.133,19
158.24,1
158.347,0
158.454,5
158.561,0
158.668,0
158.774,15
158.881,12
158.988,0
159.095,16
159.202,52
159.309,19
159.416,9
159.523,13
159.63,2
159.737,8
159.844,30
159.95,14
160.057,25
160.164,16
160.271,2
160.378,27
160.485,0
160.592,0
160.699,0
160.806,0
160.913,9
161.019,0
161.126,0
161.233,16
161.34,15
161.447,11
161.554,13
161.661,0
161.768,1
161.875,0
161.982,11
162.089,21
162.195,6
162.302,0
162.409,31
162.516,18
162.623,4
162.73,13
162.837,0
162.944,5
163.051,2
163.158,12
163.265,0
163.371,0
163.478,0
163.585,0
163.692,0
163.799,3
163.906,4
164.013,0
164.12,7
164.227,29
164.334,0
164.441,0
164.547,0
164.654,13
164.761,15
164.868,4
164.975,0
165.082,11
165.189,22
165.296,8
165.403,0
165.51,2
165.616,20
165.723,13
165.83,0
165.937,11
166.044,23
166.151,6
166.258,0
166.365,2
166.472,18
166.579,0
166.686,0
166.792,15
166.899,28
167.006,15
167.113,6
167.22,8
167.327,16
167.434,0
167.541,0
167.648,0
167.755,26
167.862,0
167.968,3
168.075,0
168.182,14
168.289,2
168.396,18
168.503,0
168.61,36
168.717,11
168.824,2
168.931,0
169.037,2
169.144,21
169.251,23
169.358,0
169.465,7
169.572,4
169.679,7
169.786,34
169.893,17
170,12
170.107,28
170.213,16
170.32,0
170.427,8
170.534,0
170.641,6
170.748,13
170.855,0
170.962,1
171.069,60
171.176,0
171.283,11
171.389,0
171.496,0
171.603,6
171.71,0
171.817,28
171.924,33
172.031,15
172.138,0
172.245,0
172.352,13
172.458,28
172.565,0
172.672,20
172.779,0
172.886,0
172.993,8
173.1,4
173.207,0
173.314,0
173.421,7
173.528,0
173.634,15
173.741,0
173.848,0
173.955,38
174.062,0
174.169,0
174.276,2
174.383,19
174.49,0
174.597,0
174.704,0
174.81,28
174.917,0
175.024,8
175.131,0
175.238,1
175.345,7
175.452,4
175.559,14
175.666,25
175.773,14
175.879,0
175.986,10
176.093,13
176.2,3
176.307,5
176.414,10
176.521,0
176.628,7
176.735,50
176.842,40
176.949,30
177.055,0
177.162,0
177.269,0
177.376,0
177.483,28
177.59,7
177.697,2
177.804,0
177.911,0
178.018,18
178.124,13
178.231,0
178.338,0
178.445,0
178.552,32
178.659,14
178.766,21
178.873,23
178.98,22
179.087,4
179.194,0
179.3,0
179.407,0
179.514,3
179.621,0
179.728,0
179.835,10
179.942,0
180.049,0
180.156,0
180.263,0
180.369,22
180.476,0
180.583,0
180.69,0
180.797,3
180.904,5
181.011,16
181.118,6
181.225,45
181.332,106
181.439,91
181.545,37
181.652,0
181.759,0
181.866,15
181.973,11
182.08,0
182.187,14
182.294,7
182.401,0
182.508,0
182.614,18
182.721,24
182.828,0
182.935,3
183.042,0
183.149,0
183.256,10
183.363,0
183.47,0
183.577,0
183.683,26
183.79,0
183.897,0
184.004,0
184.111,0
184.218,9
184.325,0
184.432,0
184.539,10
184.646,15
184.753,8
184.859,0
184.966,21
185.073,0
185.18,12
185.287,4
185.394,19
185.501,22
185.608,14
185.715,1
185.822,27
185.928,0
186.035,0
186.142,0
186.249,0
186.356,27
186.463,0
186.57,0
186.677,6
186.784,18
186.891,0
186.997,0
187.104,0
187.211,12
187.318,0
187.425,0
187.532,0
187.639,8
187.746,0
187.853,7
187.96,0
188.067,0
188.173,25
188.28,36
188.387,10
188.494,0
188.601,17
188.708,15
188.815,18
188.922,2
189.029,17
189.136,7
189.242,13
189.349,0
189.456,2
189.563,0
189.67,0
189.777,0
189.884,0
189.991,0
190.098,3
190.205,0
190.311,7
190.418,15
190.525,24
190.632,0
190.739,0
190.846,0
190.953,24
191.06,3
191.167,32
191.274,44
191.38,46
191.487,0
191.594,3
191.701,0
191.808,1
191.915,30
192.022,0
192.129,5
192.236,27
192.343,19
192.45,11
192.556,6
192.663,0
192.77,8
192.877,5
192.984,22
193.091,0
193.198,0
193.305,23
193.412,0
193.519,16
193.625,36
193.732,0
193.839,11
193.946,2
194.053,4
194.16,24
194.267,0
194.374,6
194.481,0
194.588,12
194.694,0
194.801,16
194.908,28
195.015,7
195.122,10
195.229,0
195.336,21
195.443,8
195.55,0
195.657,0
195.763,11
195.87,0
195.977,0
196.084,11
196.191,13
196.298,15
196.405,0
196.512,10
196.619,8
196.726,11
196.832,5
196.939,13
197.046,0
197.153,0
197.26,12
197.367,13
197.474,4
197.581,0
197.688,0
197.795,14
197.901,10
198.008,12
198.115,17
198.222,3
198.329,10
198.436,0
198.543,21
198.65,0
198.757,0
198.864,37
198.97,21
199.077,0
199.184,0
199.291,0
199.398,10
199.505,9
199.612,10
199.719,0
199.826,26
199.933,6
200.039,25
200.146,11
200.253,0
200.36,0
200.467,5
200.574,0
200.681,3
200.788,8
200.895,0
201.002,25
201.108,14
201.215,0
201.322,4
201.429,0
201.536,0
201.643,28
201.75,0
201.857,1
201.964,3
202.071,6
202.177,0
202.284,25
202.391,0
202.498,0
202.605,0
202.712,0
202.819,0
202.926,0
203.033,29
203.14,8
203.246,0
203.353,2
203.46,42
203.567,8
203.674,9
203.781,12
203.888,0
203.995,0
204.102,0
204.208,1
204.315,5
204.422,0
204.529,11
204.636,18
204.743,11
204.85,2
204.957,18
205.064,34
205.171,13
205.277,34
205.384,25
205.491,0
205.598,1
205.705,8
205.812,0
205.919,0
206.026,0
206.133,2
206.24,26
206.346,0
206.453,3
206.56,21
206.667,2
206.774,19
206.881,8
206.988,16
207.095,30
207.202,8
207.309,0
207.415,0
207.522,25
207.629,24
207.736,61
207.843,37
207.95,0
208.057,0
208.164,0
208.271,0
208.377,0
208.484,31
208.591,0
208.698,3
208.805,13
208.912,1
209.019,24
209.126,100
209.233,101
209.34,0
209.446,0
209.553,40
209.66,21
209.767,0
209.874,0
209.981,22
210.088,5
210.195,0
210.302,43
210.409,34
210.515,14
210.622,0
210.729,1
210.836,16
210.943,17
211.05,0
211.157,24
211.264,0
211.371,18
211.477,15
211.584,0
211.691,7
211.798,11
211.905,0
212.012,1
212.119,0
212.226,14
212.333,0
212.44,22
212.546,0
212.653,0
212.76,34
212.867,23
212.974,6
213.081,0
213.188,35
213.295,12
213.402,0
213.508,7
213.615,5
213.722,0
213.829,0
213.936,0
214.043,13
214.15,83
214.257,75
214.364,25
214.471,18
214.577,22
214.684,19
214.791,6
214.898,4
215.005,15
215.112,14
215.219,0
215.326,6
215.433,7
215.539,6
215.646,0
215.753,15
215.86,44
215.967,21
216.074,14
216.181,18
216.288,0
216.395,15
216.502,2
216.608,0
216.715,0
216.822,4
216.929,16
217.036,2
217.143,0
217.25,0
217.357,0
217.464,0
217.57,3
217.677,0
217.784,10
217.891,7
217.998,24
218.105,2
218.212,2
218.319,0
218.426,20
218.532,2
218.639,22
218.746,0
218.853,0
218.96,17
219.067,7
219.174,0
219.281,10
219.388,4
219.495,7
219.601,1
219.708,6
219.815,3
219.922,12
220.029,0
220.136,0
220.243,24
220.35,28
220.457,0
220.563,0
220.67,0
220.777,19
220.884,12
220.991,2
221.098,0
221.205,20
221.312,2
221.419,6
221.525,10
221.632,12
221.739,18
221.846,7
221.953,10
222.06,7
222.167,0
222.274,11
222.381,15
222.488,0
222.594,0
222.701,5
222.808,26
222.915,0
223.022,0
223.129,17
223.236,24
223.343,0
223.45,0
223.556,0
223.663,0
223.77,1
223.877,0
223.984,0
224.091,0
224.198,3
224.305,30
224.412,6
224.518,20
224.625,0
224.732,0
224.839,0
224.946,0
225.053,0
225.16,0
225.267,0
225.374,4
225.48,0
225.587,2
225.694,0
225.801,0
225.908,0
226.015,2
226.122,24
226.229,32
226.336,0
226.442,24
226.549,11
226.656,7
226.763,0
226.87,4
226.977,0
227.084,8
227.191,0
227.298,27
227.404,13
227.511,0
227.618,36
227.725,0
227.832,4
227.939,5
228.046,14
228.153,0
228.26,6
228.366,0
228.473,8
228.58,14
228.687,0
228.794,1
228.901,0
229.008,2
229.115,21
229.222,0
229.328,4
229.435,16
229.542,0
229.649,0
229.756,0
229.863,0
229.97,26
230.077,5
230.184,0
230.29,0
230.397,19
230.504,16
230.611,0
230.718,0
230.825,0
230.932,56
231.039,38
231.146,22
231.252,0
231.359,0
231.466,0
231.573,0
231.68,32
231.787,38
231.894,0
232.001,0
232.108,0
232.214,2
232.321,10
232.428,0
232.535,0
232.642,16
232.749,24
232.856,0
232.963,0
233.07,30
233.176,0
233.283,0
233.39,0
233.497,0
233.604,0
233.711,1
233.818,41
233.925,10
234.031,0
234.138,32
234.245,0
234.352,3
234.459,12
234.566,0
234.673,0
234.78,0
234.887,28
234.993,5
235.1,0
235.207,13
235.314,0
235.421,0
235.528,0
235.635,0
235.742,9
235.849,7
235.955,1
236.062,0
236.169,0
236.276,0
236.383,0
236.49,17
236.597,0
236.704,0
236.81,0
236.917,0
237.024,0
237.131,0
237.238,9
237.345,10
237.452,0
237.559,25
237.666,40
237.772,24
237.879,4
237.986,8
238.093,19
238.2,84
238.307,323
238.414,349
238.521,240
238.628,272
238.734,264
238.841,325
238.948,239
239.055,92
239.162,16
239.269,13
239.376,30
239.483,6
239.589,0
239.696,0
239.803,16
239.91,8
240.017,0
240.124,40
240.231,3
240.338,0
240.445,0
240.551,0
240.658,1
240.765,0
240.872,0
240.979,13
241.086,0
241.193,0
241.3,0
241.406,0
241.513,0
241.62,44
241.727,59
241.834,0
241.941,0
242.048,13
242.155,0
242.262,15
242.368,11
242.475,0
242.582,0
242.689,25
242.796,12
242.903,0
243.01,0
243.117,0
243.223,1
243.33,0
243.437,0
243.544,9
243.651,4
243.758,23
243.865,15
243.972,4
244.079,19
244.185,11
244.292,0
244.399,0
244.506,8
244.613,6
244.72,41
244.827,0
244.934,1
245.04,20
245.147,15
245.254,2
245.361,2
245.468,0
245.575,12
245.682,0
245.789,0
245.896,0
246.002,14
246.109,14
246.216,10
246.323,6
246.43,189
246.537,243
246.644,135
246.751,0
246.857,0
246.964,0
247.071,0
247.178,0
247.285,4
247.392,0
247.499,0
247.606,18
247.712,27
247.819,0
247.926,12
248.033,4
248.14,0
248.247,0
248.354,17
248.461,7
248.567,0
248.674,10
248.781,46
248.888,0
248.995,0
249.102,0
249.209,0
249.316,0
249.423,0
249.529,0
249.636,0
249.743,0
249.85,0
249.957,22
250.064,14
250.171,11
250.278,0
250.384,9
250.491,2
250.598,0
250.705,22
250.812,27
250.919,12
251.026,5
251.133,0
251.239,0
251.346,28
251.453,24
251.56,8
251.667,6
251.774,0
251.881,0
251.988,11
252.094,101
252.201,108
252.308,183
252.415,125
252.522,3
252.629,0
252.736,0
252.843,7
252.949,0
253.056,2
253.163,0
253.27,12
253.377,0
253.484,0
253.591,8
253.698,20
253.804,0
253.911,23
254.018,0
254.125,23
254.232,13
254.339,0
254.446,0
254.553,25
254.659,37
254.766,28
254.873,25
254.98,0
255.087,0
255.194,0
255.301,0
255.408,0
255.514,0
255.621,0
255.728,5
255.835,3
255.942,0
256.049,0
256.156,5
256.263,0
256.369,1
256.476,14
256.583,17
256.69,0
256.797,0
256.904,5
257.011,0
257.118,0
257.224,20
257.331,13
257.438,0
257.545,0
257.652,0
257.759,0
257.866,0
257.973,0
258.079,0
258.186,12
258.293,21
258.4,0
258.507,0
258.614,14
258.721,0
258.828,0
258.934,24
259.041,5
259.148,2
259.255,0
259.362,12
259.469,0
259.576,0
259.683,0
259.789,8
259.896,0
260.003,0
260.11,0
260.217,5
260.324,22
260.431,3
260.537,5
260.644,0
260.751,13
260.858,19
260.965,1
261.072,0
261.179,0
261.286,10
261.392,0
261.499,0
261.606,19
261.713,33
261.82,11
261.927,0
262.034,28
262.141,54
262.247,29
262.354,25
262.461,0
262.568,8
262.675,0
262.782,0
262.889,0
262.996,25
263.102,26
263.209,1
263.316,0
263.423,0
263.53,22
263.637,10
263.744,2
263.85,30
263.957,6
264.064,0
264.171,0
264.278,0
264.385,0
264.492,5
264.599,0
264.705,7
264.812,0
264.919,0
265.026,7
265.133,10
265.24,0
265.347,11
265.454,31
265.56,8
265.667,3
265.774,0
265.881,0
265.988,0
266.095,0
266.202,1
266.308,0
266.415,0
266.522,0
266.629,7
266.736,16
266.843,0
266.95,32
267.057,10
267.163,0
267.27,13
267.377,7
267.484,0
267.591,0
267.698,9
267.805,13
267.911,25
268.018,0
268.125,0
268.232,0
268.339,29
268.446,30
268.553,11
268.66,14
268.766,0
268.873,0
268.98,0
269.087,0
269.194,0
269.301,0
269.408,21
269.514,0
269.621,0
269.728,11
269.835,14
269.942,14
270.049,2
270.156,4
270.263,5
270.369,0
270.476,0
270.583,11
270.69,0
270.797,0
270.904,26
271.011,33
271.117,0
271.224,4
271.331,4
271.438,0
271.545,0
271.652,0
271.759,8
271.866,3
271.972,24
272.079,0
272.186,14
272.293,13
272.4,0
272.507,3
272.614,0
272.72,26
272.827,13
272.934,0
273.041,0
273.148,18
273.255,0
273.362,0
273.468,0
273.575,0
273.682,25
273.789,34
273.896,5
274.003,0
274.11,0
274.217,0
274.323,29
274.43,0
274.537,0
274.644,0
274.751,17
274.858,17
274.965,13
275.071,0
275.178,17
275.285,25
275.392,16
275.499,7
275.606,34
275.713,0
275.819,14
275.926,0
276.033,0
276.14,9
276.247,24
276.354,7
276.461,0
276.567,3
276.674,0
276.781,10
276.888,21
276.995,0
277.102,0
277.209,11
277.315,6
277.422,0
277.529,0
277.636,0
277.743,4
277.85,0
277.957,22
278.064,21
278.17,0
278.277,19
278.384,0
278.491,0
278.598,0
278.705,9
278.812,0
278.918,0
279.025,1
279.132,0
279.239,0
279.346,0
279.453,0
279.56,10
279.666,0
279.773,20
279.88,0
279.987,0
280.094,0
280.201,24
280.308,2
280.414,0
280.521,0
280.628,0
280.735,13
280.842,5
280.949,2
281.056,14
281.162,30
281.269,0
281.376,0
281.483,16
281.59,61
281.697,36
281.804,16
281.91,6
282.017,21
282.124,4
282.231,0
282.338,0
282.445,13
282.552,38
282.658,40
282.765,40
282.872,26
282.979,44
283.086,45
283.193,17
283.3,0
283.406,0
283.513,30
283.62,0
283.727,0
283.834,2
283.941,1
284.048,6
284.154,0
284.261,0
284.368,43
284.475,53
284.582,17
284.689,0
284.796,0
284.902,23
285.009,8
285.116,0
285.223,21
285.33,0
285.437,9
285.544,0
285.65,0
285.757,24
285.864,0
285.971,8
286.078,0
286.185,10
286.292,0
286.398,1
286.505,17
286.612,0
286.719,0
286.826,1
286.933,20
287.039,2
287.146,0
287.253,0
287.36,4
287.467,0
287.574,0
287.681,0
287.787,31
287.894,19
288.001,17
288.108,40
288.215,181
288.322,132
288.429,56
288.535,0
288.642,4
288.749,12
288.856,7
288.963,5
289.07,0
289.177,48
289.283,54
289.39,22
289.497,13
289.604,3
289.711,9
289.818,4
289.924,68
290.031,209
290.138,112
290.245,19
290.352,0
290.459,0
290.566,0
290.672,3
290.779,0
290.886,6
290.993,1
291.1,9
291.207,0
291.314,0
291.42,8
291.527,0
291.634,0
291.741,0
291.848,0
291.955,6
292.062,0
292.168,23
292.275,11
292.382,0
292.489,0
292.596,0
292.703,11
292.809,0
292.916,0
293.023,7
293.13,35
293.237,2
293.344,0
293.451,2
293.557,2
293.664,3
293.771,0
293.878,0
293.985,0
294.092,26
294.198,2
294.305,1
294.412,4
294.519,14
294.626,35
294.733,7
294.84,0
294.946,0
295.053,32
295.16,29
295.267,0
295.374,0
295.481,4
295.588,5
295.694,0
295.801,0
295.908,30
296.015,0
296.122,10
296.229,0
296.335,33
296.442,15
296.549,0
296.656,0
296.763,0
296.87,0
296.977,4
297.083,0
297.19,0
297.297,7
297.404,0
297.511,7
297.618,52
297.724,0
297.831,13
297.938,21
298.045,0
298.152,0
298.259,22
298.365,2
298.472,3
298.579,0
298.686,0
298.793,35
298.9,0
299.007,0
299.113,0
299.22,0
299.327,10
299.434,32
299.541,0
299.648,0
299.754,0
299.861,5
299.968,0
300.075,0
300.182,2
300.289,0
300.396,0
300.502,8
300.609,0
300.716,55
300.823,12
300.93,4
301.037,13
301.143,0
301.25,0
301.357,0
301.464,0
301.571,0
301.678,0
301.784,0
301.891,0
301.998,2
302.105,0
302.212,0
302.319,0
302.426,0
302.532,68
302.639,81
302.746,69
302.853,20
302.96,0
303.067,0
303.173,0
303.28,0
303.387,0
303.494,0
303.601,16
303.708,36
303.814,19
303.921,9
304.028,4
304.135,21
304.242,32
304.349,5
304.456,2
304.562,0
304.669,0
304.776,0
304.883,19
304.99,0
305.097,0
305.203,0
305.31,0
305.417,12
305.524,0
305.631,0
305.738,56
305.844,27
305.951,8
306.058,0
306.165,27
306.272,0
306.379,0
306.485,0
306.592,11
306.699,10
306.806,0
306.913,3
307.02,0
307.126,0
307.233,37
307.34,0
307.447,1
307.554,0
307.661,5
307.767,12
307.874,1
307.981,0
308.088,22
308.195,0
308.302,0
308.409,0
308.515,5
308.622,4
308.729,0
308.836,22
308.943,11
309.05,0
309.156,0
309.263,20
309.37,11
309.477,15
309.584,2
309.691,23
309.797,0
309.904,7
310.011,18
310.118,0
310.225,0
310.332,0
310.438,24
310.545,0
310.652,2
310.759,17
310.866,12
310.973,34
311.079,0
311.186,13
311.293,22
311.4,8
311.507,21
311.614,162
311.72,102
311.827,50
311.934,0
312.041,0
312.148,0
312.255,29
312.361,0
312.468,0
312.575,25
312.682,0
312.789,0
312.896,6
313.002,0
313.109,0
313.216,0
313.323,1
313.43,0
313.537,5
313.643,15
313.75,2
313.857,0
313.964,16
314.071,23
314.178,12
314.284,0
314.391,0
314.498,0
314.605,0
314.712,4
314.819,17
314.925,0
315.032,0
315.139,0
315.246,0
315.353,8
315.46,0
315.566,10
315.673,0
315.78,9
315.887,15
315.994,0
316.1,19
316.207,0
316.314,0
316.421,33
316.528,30
316.635,11
316.741,0
316.848,0
316.955,10
317.062,0
317.169,0
317.276,42
317.382,27
317.489,0
317.596,34
317.703,0
317.81,0
317.917,0
318.023,7
318.13,0
318.237,0
318.344,22
318.451,0
318.558,5
318.664,0
318.771,8
318.878,5
318.985,0
319.092,15
319.199,3
319.305,1
319.412,0
319.519,0
319.626,9
319.733,0
319.839,0
319.946,0
320.053,0
320.16,0
320.267,0
320.374,6
320.48,0
320.587,1
320.694,12
320.801,16
320.908,21
321.015,0
321.121,5
321.228,2
321.335,0
321.442,13
321.549,15
321.655,0
321.762,0
321.869,11
321.976,28
322.083,3
322.19,9
322.296,0
322.403,0
322.51,11
322.617,0
322.724,0
322.831,4
322.937,4
323.044,24
323.151,4
323.258,13
323.365,14
323.472,23
323.578,0
323.685,2
323.792,12
323.899,16
324.006,15
324.112,10
324.219,0
324.326,4
324.433,6
324.54,53
324.647,5
324.753,1
324.86,0
324.967,8
325.074,0
325.181,12
325.287,35
325.394,81
325.501,75
325.608,25
325.715,3
325.822,1
325.928,0
326.035,7
326.142,2
326.249,10
326.356,0
326.463,0
326.569,20
326.676,84
326.783,205
326.89,44
326.997,0
327.103,21
327.21,21
327.317,15
327.424,0
327.531,0
327.638,12
327.744,26
327.851,0
327.958,0
328.065,0
328.172,18
328.278,32
328.385,0
328.492,26
328.599,17
328.706,15
328.813,5
328.919,7
329.026,0
329.133,0
329.24,28
329.347,25
329.453,0
329.56,4
329.667,0
329.774,12
329.881,0
329.988,2
330.094,0
330.201,20
330.308,12
330.415,13
330.522,6
330.628,12
330.735,0
330.842,0
330.949,0
331.056,8
331.162,28
331.269,11
331.376,0
331.483,32
331.59,21
331.697,14
331.803,16
331.91,0
332.017,0
332.124,4
332.231,15
332.337,0
332.444,22
332.551,0
332.658,16
332.765,37
332.872,177
332.978,156
333.085,46
333.192,5
333.299,0
333.406,0
333.512,0
333.619,30
333.726,0
333.833,0
333.94,18
334.046,0
334.153,1
334.26,10
334.367,10
334.474,9
334.581,0
334.687,0
334.794,30
334.901,7
335.008,0
335.115,65
335.221,83
335.328,30
335.435,0
335.542,0
335.649,17
335.755,0
335.862,24
335.969,12
336.076,18
336.183,33
336.29,8
336.396,35
336.503,12
336.61,2
336.717,0
336.824,15
336.93,0
337.037,4
337.144,22
337.251,6
337.358,8
337.464,0
337.571,0
337.678,0
337.785,21
337.892,21
337.998,18
338.105,0
338.212,0
338.319,29
338.426,26
338.533,0
338.639,0
338.746,1
338.853,13
338.96,14
339.067,4
339.173,0
339.28,8
339.387,8
339.494,11
339.601,12
339.707,0
339.814,7
339.921,10
340.028,0
340.135,0
340.241,15
340.348,0
340.455,0
340.562,6
340.669,0
340.775,0
340.882,0
340.989,0
341.096,17
341.203,0
341.309,0
341.416,22
341.523,17
341.63,17
341.737,0
341.844,8
341.95,17
342.057,59
342.164,49
342.271,0
342.378,0
342.484,0
342.591,20
342.698,3
342.805,18
342.912,0
343.018,4
343.125,12
343.232,3
343.339,6
343.446,3
343.552,150
343.659,96
343.766,58
343.873,0
343.98,0
344.086,1
344.193,1
344.3,14
344.407,14
344.514,0
344.62,0
344.727,26
344.834,4
344.941,0
345.048,0
345.154,13
345.261,4
345.368,2
345.475,0
345.582,29
345.688,0
345.795,0
345.902,0
346.009,15
346.116,2
346.222,0
346.329,9
346.436,36
346.543,31
346.65,0
346.756,0
346.863,15
346.97,23
347.077,26
347.184,10
347.29,5
347.397,9
347.504,24
347.611,28
347.718,4
347.824,4
347.931,2
348.038,8
348.145,0
348.252,0
348.358,0
348.465,28
348.572,38
348.679,4
348.786,4
348.892,0
348.999,31
349.106,4
349.213,0
349.32,0
349.426,5
349.533,14
349.64,5
349.747,0
349.854,0
349.96,11
350.067,21
350.174,0
350.281,4
350.388,9
350.494,8
350.601,0
350.708,2
350.815,16
350.922,34
351.028,15
351.135,0
351.242,33
351.349,9
351.456,0
351.562,0
351.669,0
351.776,5
351.883,8
351.989,6
352.096,2
352.203,0
352.31,9
352.417,0
352.523,0
352.63,6
352.737,0
352.844,3
352.951,11
353.057,0
353.164,39
353.271,22
353.378,0
353.485,2
353.591,16
353.698,0
353.805,0
353.912,16
354.019,37
354.125,13
354.232,4
354.339,100
354.446,163
354.553,109
354.659,36
354.766,81
354.873,48
354.98,42
355.086,15
355.193,0
355.3,0
355.407,0
355.514,24
355.62,0
355.727,0
355.834,2
355.941,9
356.048,0
356.154,12
356.261,11
356.368,10
356.475,8
356.582,21
356.688,4
356.795,23
356.902,11
357.009,0
357.115,19
357.222,14
357.329,11
357.436,15
357.543,0
357.649,17
357.756,11
357.863,0
357.97,0
358.077,8
358.183,24
358.29,7
358.397,2
358.504,9
358.61,3
358.717,25
358.824,47
358.931,0
359.038,0
359.144,29
359.251,16
359.358,0
359.465,0
359.572,0
359.678,18
359.785,0
359.892,0
359.999,0
360.105,18
360.212,19
360.319,0
360.426,3
360.533,10
360.639,0
360.746,7
360.853,34
360.96,17
361.067,24
361.173,10
361.28,0
361.387,0
361.494,3
361.6,16
361.707,15
361.814,0
361.921,2
362.028,7
362.134,0
362.241,0
362.348,18
362.455,4
362.562,0
362.668,7
362.775,4
362.882,8
362.989,0
363.095,2
363.202,19
363.309,0
363.416,0
363.523,0
363.629,14
363.736,0
363.843,0
363.95,13
364.056,10
364.163,0
364.27,7
364.377,0
364.484,0
364.59,0
364.697,8
364.804,11
364.911,0
365.017,0
365.124,21
365.231,3
365.338,0
365.445,0
365.551,13
365.658,8
365.765,0
365.872,13
365.979,0
366.085,0
366.192,18
366.299,0
366.406,0
366.512,21
366.619,8
366.726,0
366.833,4
366.94,8
367.046,6
367.153,26
367.26,0
367.367,0
367.473,24
367.58,30
367.687,13
367.794,21
367.9,0
368.007,10
368.114,21
368.221,0
368.328,0
368.434,0
368.541,8
368.648,13
368.755,0
368.861,0
368.968,2
369.075,30
369.182,25
369.289,21
369.395,0
369.502,16
369.609,0
369.716,0
369.822,46
369.929,34
370.036,0
370.143,0
370.25,0
370.356,14
370.463,0
370.57,0
370.677,16
370.783,2
370.89,91
370.997,56
371.104,34
371.211,28
371.317,11
371.424,16
371.531,0
371.638,14
371.744,1
371.851,0
371.958,2
372.065,0
372.171,0
372.278,12
372.385,0
372.492,26
372.599,26
372.705,19
372.812,0
372.919,15
373.026,15
373.132,0
373.239,0
373.346,0
373.453,0
373.559,0
373.666,14
373.773,0
373.88,9
373.987,28
374.093,25
374.2,0
374.307,16
374.414,38
374.52,0
374.627,9
374.734,18
374.841,0
374.947,0
375.054,30
375.161,18
375.268,9
375.375,1
375.481,14
375.588,26
375.695,9
375.802,9
375.908,0
376.015,10
376.122,4
376.229,0
376.335,7
376.442,12
376.549,9
376.656,0
376.763,0
376.869,0
376.976,14
377.083,0
377.19,13
377.296,19
377.403,11
377.51,7
377.617,19
377.723,87
377.83,51
377.937,14
378.044,0
378.15,0
378.257,1
378.364,0
378.471,22
378.578,11
378.684,0
378.791,0
378.898,13
379.005,7
379.111,0
379.218,21
379.325,19
379.432,0
379.538,10
379.645,16
379.752,7
379.859,0
379.965,0
380.072,35
380.179,15
380.286,0
380.392,0
380.499,23
380.606,2
380.713,48
380.82,0
380.926,25
381.033,12
381.14,0
381.247,0
381.353,30
381.46,1
381.567,0
381.674,0
381.78,1
381.887,0
381.994,0
382.101,2
382.207,17
382.314,32
382.421,34
382.528,31
382.634,6
382.741,13
382.848,0
382.955,0
383.061,4
383.168,8
383.275,0
383.382,11
383.488,0
383.595,6
383.702,0
383.809,0
383.916,31
384.022,0
384.129,0
384.236,21
384.343,11
384.449,0
384.556,0
384.663,0
384.77,0
384.876,14
384.983,0
385.09,0
385.197,0
385.303,13
385.41,0
385.517,15
385.624,8
385.73,0
385.837,5
385.944,11
386.051,23
386.157,8
386.264,0
386.371,39
386.478,16
386.584,0
386.691,0
386.798,24
386.905,0
387.011,0
387.118,20
387.225,18
387.332,0
387.438,4
387.545,0
387.652,0
387.759,0
387.865,0
387.972,0
388.079,0
388.186,20
388.292,3
388.399,30
388.506,33
388.613,48
388.719,14
388.826,0
388.933,0
389.04,6
389.146,10
389.253,6
389.36,8
389.467,1
389.573,0
389.68,0
389.787,13
389.894,18
390,0
390.107,0
390.214,2
390.321,14
390.427,0
390.534,11
390.641,0
390.748,3
390.854,21
390.961,0
391.068,0
391.175,30
391.281,30
391.388,9
391.495,0
391.602,0
391.708,4
391.815,18
391.922,4
392.029,0
392.135,0
392.242,24
392.349,0
392.456,0
392.562,12
392.669,8
392.776,0
392.883,0
392.989,16
393.096,2
393.203,5
393.31,52
393.416,34
393.523,1
393.63,12
393.737,8
393.843,0
393.95,20
394.057,2
394.164,0
394.27,0
394.377,0
394.484,7
394.591,2
394.697,3
394.804,5
394.911,0
395.018,4
395.124,17
395.231,0
395.338,0
395.445,0
395.551,0
395.658,10
395.765,5
395.871,12
395.978,0
396.085,0
396.192,0
396.298,10
396.405,0
396.512,12
396.619,0
396.725,7
396.832,11
396.939,2
397.046,10
397.152,6
397.259,0
397.366,17
397.473,0
397.579,4
397.686,0
397.793,2
397.9,2
398.006,0
398.113,8
398.22,0
398.327,0
398.433,8
398.54,0
398.647,10
398.753,12
398.86,2
398.967,20
399.074,0
399.18,0
399.287,0
399.394,0
399.501,2
399.607,12
399.714,3
399.821,0
399.928,0
400.034,15
400.141,42
400.248,10
400.355,10
400.461,0
400.568,0
400.675,6
400.781,19
400.888,25
400.995,10
401.102,0
401.208,7
401.315,0
401.422,0
401.529,6
401.635,0
401.742,0
401.849,24
401.956,36
402.062,0
402.169,0
402.276,4
402.382,8
402.489,18
402.596,14
402.703,10
402.809,26
402.916,4
403.023,0
403.13,28
403.236,0
403.343,0
403.45,30
403.557,22
403.663,0
403.77,0
403.877,0
403.983,0
404.09,0
404.197,0
404.304,0
404.41,10
404.517,1
404.624,1
404.731,16
404.837,6
404.944,0
405.051,11
405.158,16
405.264,8
405.371,16
405.478,0
405.584,74
405.691,57
405.798,30
405.905,80
406.011,262
406.118,201
406.225,42
406.332,0
406.438,0
406.545,0
406.652,0
406.758,12
406.865,17
406.972,0
407.079,0
407.185,41
407.292,18
407.399,0
407.506,12
407.612,0
407.719,11
407.826,0
407.932,10
408.039,0
408.146,5
408.253,0
408.359,69
408.466,112
408.573,80
408.68,25
408.786,0
408.893,15
409,35
409.106,21
409.213,11
409.32,0
409.427,30
409.533,26
409.64,1
409.747,25
409.853,10
409.96,12
410.067,0
410.174,27
410.28,14
410.387,32
410.494,0
410.601,9
410.707,13
410.814,0
410.921,1
411.027,0
411.134,19
411.241,53
411.348,39
411.454,26
411.561,12
411.668,0
411.774,0
411.881,9
411.988,15
412.095,0
412.201,11
412.308,0
412.415,0
412.522,44
412.628,19
412.735,9
412.842,0
412.948,0
413.055,0
413.162,15
413.269,1
413.375,0
413.482,12
413.589,12
413.695,6
413.802,24
413.909,0
414.016,0
414.122,19
414.229,59
414.336,66
414.442,37
414.549,17
414.656,0
414.763,0
414.869,6
414.976,3
415.083,10
415.189,3
415.296,1
415.403,0
415.51,15
415.616,21
415.723,17
415.83,0
415.936,0
416.043,0
416.15,0
416.257,17
416.363,0
416.47,12
416.577,28
416.683,85
416.79,107
416.897,40
417.004,5
417.11,0
417.217,0
417.324,13
417.43,0
417.537,20
417.644,222
417.751,232
417.857,106
417.964,16
418.071,0
418.177,2
418.284,26
418.391,110
418.498,124
418.604,86
418.711,9
418.818,10
418.924,56
419.031,24
419.138,25
419.245,10
419.351,12
419.458,10
419.565,7
419.671,3
419.778,0
419.885,20
419.992,2
420.098,5
420.205,0
420.312,0
420.418,11
420.525,17
420.632,0
420.738,17
420.845,0
420.952,1
421.059,0
421.165,24
421.272,0
421.379,0
421.485,43
421.592,0
421.699,0
421.806,0
421.912,0
422.019,8
422.126,0
422.232,0
422.339,0
422.446,0
422.552,0
422.659,20
422.766,9
422.873,0
422.979,0
423.086,0
423.193,37
423.299,0
423.406,0
423.513,0
423.62,0
423.726,51
423.833,98
423.94,66
424.046,14
424.153,21
424.26,78
424.366,41
424.473,15
424.58,0
424.687,5
424.793,10
424.9,1
425.007,0
425.113,8
425.22,25
425.327,6
425.433,19
425.54,30
425.647,0
425.754,13
425.86,21
425.967,0
426.074,34
426.18,20
426.287,19
426.394,14
426.5,3
426.607,0
426.714,4
426.821,0
426.927,0
427.034,0
427.141,0
427.247,25
427.354,10
427.461,0
427.567,25
427.674,16
427.781,11
427.888,0
427.994,0
428.101,4
428.208,16
428.314,10
428.421,0
428.528,11
428.634,0
428.741,25
428.848,30
428.955,25
429.061,0
429.168,0
429.275,0
429.381,0
429.488,21
429.595,3
429.701,27
429.808,0
429.915,0
430.021,0
430.128,0
430.235,6
430.342,52
430.448,174
430.555,127
430.662,47
430.768,0
430.875,0
430.982,5
431.088,4
431.195,0
431.302,10
431.409,0
431.515,0
431.622,0
431.729,9
431.835,0
431.942,16
432.049,12
432.155,0
432.262,19
432.369,12
432.475,0
432.582,0
432.689,0
432.796,6
432.902,0
433.009,0
433.116,0
433.222,0
433.329,0
433.436,100
433.542,74
433.649,120
433.756,74
433.862,45
433.969,17
434.076,24
434.182,0
434.289,6
434.396,0
434.503,14
434.609,9
434.716,0
434.823,0
434.929,1
435.036,1
435.143,21
435.249,0
435.356,4
435.463,56
435.569,34
435.676,12
435.783,5
435.889,45
435.996,21
436.103,0
436.21,29
436.316,15
436.423,0
436.53,0
436.636,0
436.743,0
436.85,10
436.956,3
437.063,32
437.17,74
437.276,94
437.383,65
437.49,48
437.596,83
437.703,45
437.81,21
437.916,19
438.023,43
438.13,16
438.237,62
438.343,66
438.45,5
438.557,0
438.663,11
438.77,26
438.877,7
438.983,11
439.09,6
439.197,23
439.303,71
439.41,72
439.517,25
439.623,15
439.73,1
439.837,0
439.943,3
440.05,17
440.157,22
440.263,0
440.37,19
440.477,15
440.583,11
440.69,11
440.797,0
440.904,27
441.01,33
441.117,0
441.224,0
441.33,0
441.437,6
441.544,16
441.65,0
441.757,0
441.864,76
441.97,73
442.077,58
442.184,16
442.29,0
442.397,0
442.504,0
442.61,4
442.717,6
442.824,0
442.93,0
443.037,0
443.144,11
443.25,0
443.357,0
443.464,0
443.57,4
443.677,4
443.784,11
443.89,4
443.997,0
444.104,21
444.21,14
444.317,0
444.424,0
444.53,28
444.637,19
444.744,0
444.851,0
444.957,0
445.064,15
445.171,6
445.277,0
445.384,9
445.491,0
445.597,0
445.704,14
445.811,0
445.917,0
446.024,0
446.131,13
446.237,12
446.344,0
446.451,0
446.557,0
446.664,0
446.771,0
446.877,0
446.984,0
447.091,0
447.197,14
447.304,4
447.411,0
447.517,0
447.624,0
447.731,8
447.837,0
447.944,0
448.051,0
448.157,2
448.264,0
448.371,12
448.477,15
448.584,0
448.691,0
448.797,2
448.904,20
449.011,16
449.117,12
449.224,0
449.331,0
449.437,13
449.544,2
449.651,0
449.757,0
449.864,0
449.971,15
450.077,0
450.184,13
450.291,0
450.397,0
450.504,18
450.611,13
450.717,0
450.824,0
450.931,4
451.037,21
451.144,0
451.251,0
451.357,18
451.464,0
451.571,0
451.677,0
451.784,0
451.891,24
451.997,11
452.104,0
452.21,23
452.317,17
452.424,0
452.53,24
452.637,0
452.744,8
452.85,4
452.957,0
453.064,0
453.17,9
453.277,31
453.384,21
453.49,0
453.597,27
453.704,44
453.81,0
453.917,0
454.024,11
454.13,8
454.237,0
454.344,0
454.45,0
454.557,11
454.664,20
454.77,4
454.877,1
454.984,0
455.09,3
455.197,47
455.304,21
455.41,0
455.517,0
455.624,0
455.73,6
455.837,7
455.944,0
456.05,16
456.157,15
456.263,0
456.37,0
456.477,36
456.583,6
456.69,14
456.797,3
456.903,25
457.01,26
457.117,21
457.223,0
457.33,12
457.437,20
457.543,14
457.65,0
457.757,6
457.863,2
457.97,0
458.077,8
458.183,7
458.29,0
458.397,8
458.503,9
458.61,12
458.716,0
458.823,13
458.93,0
459.036,6
459.143,0
459.25,6
459.356,0
459.463,22
459.57,2
459.676,24
459.783,17
459.89,2
459.996,27
460.103,0
460.21,0
460.316,6
460.423,62
460.53,86
460.636,90
460.743,79
460.849,26
460.956,0
461.063,2
461.169,18
461.276,18
461.383,0
461.489,4
461.596,10
461.703,25
461.809,0
461.916,0
462.023,3
462.129,9
462.236,0
462.342,0
462.449,0
462.556,3
462.662,4
462.769,15
462.876,16
462.982,0
463.089,21
463.196,5
463.302,0
463.409,0
463.516,40
463.622,33
463.729,25
463.835,0
463.942,0
464.049,15
464.155,19
464.262,0
464.369,15
464.475,4
464.582,0
464.689,2
464.795,0
464.902,0
465.009,8
465.115,0
465.222,0
465.328,10
465.435,0
465.542,0
465.648,0
465.755,0
465.862,31
465.968,49
466.075,0
466.182,0
466.288,16
466.395,0
466.501,13
466.608,0
466.715,0
466.821,14
466.928,12
467.035,18
467.141,20
467.248,0
467.355,4
467.461,12
467.568,1
467.674,0
467.781,6
467.888,0
467.994,7
468.101,4
468.208,0
468.314,24
468.421,14
468.528,5
468.634,0
468.741,0
468.847,16
468.954,0
469.061,12
469.167,0
469.274,0
469.381,6
469.487,11
469.594,10
469.701,44
469.807,5
469.914,0
470.02,20
470.127,19
470.234,0
470.34,7
470.447,0
470.554,0
470.66,14
470.767,0
470.873,0
470.98,2
471.087,22
471.193,11
471.3,24
471.407,2
471.513,13
471.62,2
471.727,13
471.833,23
471.94,20
472.046,22
472.153,7
472.26,0
472.366,0
472.473,0
472.58,0
472.686,0
472.793,0
472.899,13
473.006,5
473.113,26
473.219,5
473.326,0
473.433,0
473.539,7
473.646,0
473.752,0
473.859,0
473.966,0
474.072,0
474.179,0
474.286,0
474.392,0
474.499,0
474.605,4
474.712,17
474.819,20
474.925,38
475.032,58
475.139,62
475.245,38
475.352,32
475.458,15
475.565,0
475.672,7
475.778,0
475.885,0
475.992,0
476.098,2
476.205,0
476.311,0
476.418,0
476.525,40
476.631,34
476.738,15
476.844,0
476.951,0
477.058,0
477.164,36
477.271,4
477.378,0
477.484,7
477.591,0
477.697,0
477.804,7
477.911,16
478.017,19
478.124,0
478.231,0
478.337,9
478.444,52
478.55,5
478.657,0
478.764,0
478.87,22
478.977,0
479.083,0
479.19,0
479.297,3
479.403,0
479.51,0
479.617,18
479.723,18
479.83,0
479.936,0
480.043,12
480.15,6
480.256,0
480.363,0
480.469,32
480.576,29
480.683,7
480.789,0
480.896,0
481.003,12
481.109,38
481.216,0
481.322,33
481.429,0
481.536,3
481.642,30
481.749,6
481.855,0
481.962,28
482.069,10
482.175,2
482.282,0
482.388,15
482.495,14
482.602,0
482.708,1
482.815,15
482.922,10
483.028,8
483.135,11
483.241,0
483.348,0
483.455,0
483.561,11
483.668,0
483.774,0
483.881,14
483.988,6
484.094,21
484.201,0
484.307,29
484.414,4
484.521,0
484.627,0
484.734,18
484.84,0
484.947,5
485.054,0
485.16,0
485.267,0
485.373,21
485.48,3
485.587,15
485.693,23
485.8,3
485.907,40
486.013,10
486.12,19
486.226,0
486.333,0
486.44,7
486.546,0
486.653,0
486.759,0
486.866,0
486.973,0
487.079,0
487.186,9
487.292,27
487.399,0
487.506,0
487.612,51
487.719,3
487.825,0
487.932,0
488.039,0
488.145,4
488.252,24
488.358,0
488.465,0
488.572,0
488.678,0
488.785,0
488.891,32
488.998,0
489.105,0
489.211,33
489.318,19
489.424,0
489.531,6
489.638,0
489.744,0
489.851,19
489.957,10
490.064,0
490.171,1
490.277,1
490.384,10
490.49,0
490.597,0
490.704,8
490.81,4
490.917,13
491.023,13
491.13,0
491.237,0
491.343,4
491.45,17
491.556,0
491.663,0
491.769,0
491.876,12
491.983,7
492.089,0
492.196,40
492.302,5
492.409,37
492.516,0
492.622,18
492.729,9
492.835,0
492.942,0
493.049,8
493.155,0
493.262,1
493.368,1
493.475,0
493.582,8
493.688,0
493.795,12
493.901,0
494.008,21
494.114,12
494.221,16
494.328,12
494.434,0
494.541,0
494.647,33
494.754,0
494.861,0
494.967,0
495.074,0
495.18,0
495.287,3
495.394,10
495.5,0
495.607,21
495.713,36
495.82,23
495.926,4
496.033,6
496.14,12
496.246,7
496.353,0
496.459,0
496.566,0
496.673,0
496.779,0
496.886,0
496.992,0
497.099,39
497.206,29
497.312,0
497.419,0
497.525,0
497.632,0
497.738,0
497.845,41
497.952,5
498.058,0
498.165,0
498.271,0
498.378,21
498.485,16
498.591,0
498.698,11
498.804,5
498.911,2
499.017,6
499.124,23
499.231,0
499.337,0
499.444,0
499.55,0
499.657,0
499.763,2
499.87,0
499.977,0
500.083,19
500.19,6
500.296,0
500.403,8
500.51,16
500.616,6
500.723,32
500.829,8
500.936,22
501.042,2
501.149,0
501.256,0
501.362,0
501.469,23
501.575,11
501.682,0
501.788,0
501.895,3
502.002,25
502.108,0
502.215,45
502.321,6
502.428,4
502.534,0
502.641,15
502.748,0
502.854,19
502.961,8
503.067,0
503.174,0
503.281,14
503.387,36
503.494,163
503.6,199
503.707,134
503.813,125
503.92,66
504.027,6
504.133,0
504.24,0
504.346,28
504.453,0
504.559,0
504.666,0
504.773,17
504.879,67
504.986,34
505.092,29
505.199,0
505.305,0
505.412,18
505.518,140
505.625,200
505.732,112
505.838,76
505.945,236
506.051,335
506.158,263
506.264,258
506.371,279
506.478,194
506.584,377
506.691,423
506.797,380
506.904,308
507.01,213
507.117,66
507.224,0
507.33,0
507.437,0
507.543,12
507.65,5
507.756,0
507.863,13
507.97,6
508.076,0
508.183,16
508.289,372
508.396,605
508.502,476
508.609,162
508.715,0
508.822,0
508.929,23
509.035,43
509.142,0
509.248,10
509.355,43
509.461,5
509.568,0
509.675,71
509.781,246
509.888,185
509.994,101
510.101,24
510.207,0
510.314,0
510.42,0
510.527,16
510.634,19
510.74,13
510.847,0
510.953,0
511.06,0
511.166,50
511.273,31
511.379,82
511.486,200
511.593,152
511.699,44
511.806,0
511.912,0
512.019,0
512.125,11
512.232,2
512.339,100
512.445,80
512.552,85
512.658,39
512.765,0
512.871,2
512.978,15
513.084,0
513.191,1
513.298,14
513.404,5
513.511,4
513.617,23
513.724,0
513.83,0
513.937,0
514.043,7
514.15,19
514.256,10
514.363,0
514.47,10
514.576,40
514.683,1
514.789,4
514.896,0
515.002,1
515.109,2
515.215,0
515.322,23
515.429,18
515.535,3
515.642,0
515.748,18
515.855,16
515.961,0
516.068,4
516.174,66
516.281,91
516.388,41
516.494,23
516.601,0
516.707,0
516.814,14
516.92,169
517.027,241
517.133,130
517.24,23
517.346,0
517.453,0
517.56,0
517.666,0
517.773,6
517.879,0
517.986,13
518.092,21
518.199,4
518.305,0
518.412,58
518.518,122
518.625,40
518.732,0
518.838,0
518.945,0
519.051,0
519.158,23
519.264,39
519.371,0
519.477,0
519.584,0
519.69,0
519.797,17
519.903,13
520.01,0
520.117,0
520.223,36
520.33,13
520.436,0
520.543,0
520.649,0
520.756,0
520.862,0
520.969,4
521.075,27
521.182,2
521.289,0
521.395,3
521.502,19
521.608,0
521.715,0
521.821,12
521.928,16
522.034,9
522.141,3
522.247,30
522.354,5
522.46,0
522.567,0
522.674,0
522.78,0
522.887,0
522.993,0
523.1,0
523.206,0
523.313,67
523.419,84
523.526,34
523.632,4
523.739,22
523.845,0
523.952,0
524.058,0
524.165,14
524.272,22
524.378,0
524.485,9
524.591,4
524.698,0
524.804,0
524.911,1
525.017,35
525.124,22
525.23,0
525.337,0
525.443,0
525.55,6
525.656,0
525.763,0
525.87,10
525.976,7
526.083,0
526.189,18
526.296,10
526.402,0
526.509,0
526.615,3
526.722,0
526.828,6
526.935,2
527.041,0
527.148,20
527.254,24
527.361,0
527.467,0
527.574,0
527.68,0
527.787,0
527.894,0
528,12
528.107,79
528.213,34
528.32,18
528.426,0
528.533,0
528.639,13
528.746,10
528.852,0
528.959,2
529.065,30
529.172,8
529.278,0
529.385,0
529.491,16
529.598,0
529.704,0
529.811,49
529.918,9
530.024,0
530.131,0
530.237,8
530.344,27
530.45,10
530.557,6
530.663,0
530.77,0
530.876,2
530.983,0
531.089,0
531.196,0
531.302,0
531.409,4
531.515,0
531.622,23
531.728,10
531.835,12
531.941,11
532.048,8
532.154,0
532.261,0
532.367,0
532.474,0
532.581,0
532.687,10
532.794,0
532.9,0
533.007,16
533.113,10
533.22,12
533.326,3
533.433,0
533.539,0
533.646,0
533.752,0
533.859,3
533.965,6
534.072,12
534.178,11
534.285,1
534.391,57
534.498,113
534.604,80
534.711,59
534.817,0
534.924,0
535.03,0
535.137,0
535.243,4
535.35,0
535.456,8
535.563,17
535.669,7
535.776,0
535.882,22
535.989,0
536.095,22
536.202,0
536.308,0
536.415,0
536.521,0
536.628,13
536.735,0
536.841,9
536.948,5
537.054,10
537.161,0
537.267,0
537.374,22
537.48,0
537.587,0
537.693,25
537.8,0
537.906,1
538.013,7
538.119,43
538.226,9
538.332,11
538.439,0
538.545,5
538.652,5
538.758,0
538.865,0
538.971,0
539.078,0
539.184,0
539.291,0
539.397,10
539.504,7
539.61,0
539.717,1
539.823,0
539.93,19
540.036,18
540.143,0
540.249,0
540.356,0
540.462,4
540.569,36
540.675,23
540.782,0
540.888,0
540.995,11
541.101,13
541.208,0
541.314,0
541.421,8
541.527,5
541.634,14
541.74,10
541.847,0
541.953,5
542.06,13
542.166,24
542.273,0
542.379,0
542.486,3
542.592,11
542.699,0
542.805,11
542.912,12
543.018,18
543.125,2
543.231,18
543.338,0
543.444,3
543.551,8
543.657,0
543.764,36
543.87,64
543.977,66
544.083,42
544.19,17
544.296,12
544.403,7
544.509,11
544.616,10
544.722,15
544.829,14
544.935,0
545.042,7
545.148,6
545.255,0
545.361,1
545.467,0
545.574,0
545.68,6
545.787,0
545.893,28
546,11
546.106,2
546.213,0
546.319,8
546.426,14
546.532,0
546.639,0
546.745,0
546.852,15
546.958,0
547.065,0
547.171,11
547.278,34
547.384,43
547.491,22
547.597,32
547.704,21
547.81,31
547.917,13
548.023,13
548.13,6
548.236,0
548.343,3
548.449,0
548.556,0
548.662,0
548.769,0
548.875,5
548.982,0
549.088,24
549.195,0
549.301,1
549.408,32
549.514,0
549.62,36
549.727,3
549.833,8
549.94,0
550.046,3
550.153,4
550.259,19
550.366,11
550.472,0
550.579,0
550.685,0
550.792,0
550.898,0
551.005,0
551.111,19
551.218,25
551.324,15
551.431,44
551.537,47
551.644,0
551.75,0
551.857,6
551.963,3
552.07,0
552.176,0
552.282,15
552.389,0
552.495,0
552.602,0
552.708,8
552.815,2
552.921,33
553.028,0
553.134,5
553.241,3
553.347,7
553.454,28
553.56,0
553.667,0
553.773,7
553.88,5
553.986,0
554.093,0
554.199,21
554.305,26
554.412,0
554.518,16
554.625,6
554.731,0
554.838,2
554.944,17
555.051,5
555.157,0
555.264,0
555.37,18
555.477,2
555.583,3
555.69,25
555.796,6
555.903,14
556.009,26
556.115,7
556.222,0
556.328,0
556.435,0
556.541,24
556.648,17
556.754,13
556.861,0
556.967,23
557.074,5
557.18,2
557.287,25
557.393,37
557.5,0
557.606,0
557.713,0
557.819,10
557.925,0
558.032,0
558.138,0
558.245,6
558.351,22
558.458,27
558.564,38
558.671,22
558.777,20
558.884,4
558.99,0
559.097,28
559.203,0
559.309,17
559.416,0
559.522,82
559.629,300
559.735,198
559.842,66
559.948,0
560.055,0
560.161,0
560.268,0
560.374,0
560.481,26
560.587,29
560.693,5
560.8,13
560.906,2
561.013,18
561.119,0
561.226,3
561.332,19
561.439,0
561.545,0
561.652,0
561.758,47
561.864,24
561.971,17
562.077,32
562.184,5
562.29,0
562.397,0
562.503,18
562.61,0
562.716,0
562.823,0
562.929,0
563.035,18
563.142,10
563.248,11
563.355,1
563.461,77
563.568,75
563.674,25
563.781,0
563.887,0
563.994,19
564.1,0
564.206,0
564.313,13
564.419,0
564.526,1
564.632,0
564.739,10
564.845,8
564.952,6
565.058,6
565.165,8
565.271,0
565.377,0
565.484,19
565.59,48
565.697,26
565.803,24
565.91,8
566.016,17
566.123,0
566.229,0
566.335,29
566.442,8
566.548,0
566.655,0
566.761,27
566.868,0
566.974,15
567.081,7
567.187,0
567.293,28
567.4,9
567.506,0
567.613,2
567.719,19
567.826,0
567.932,0
568.039,0
568.145,0
568.251,0
568.358,5
568.464,16
568.571,32
568.677,9
568.784,15
568.89,0
568.997,12
569.103,27
569.209,0
569.316,10
569.422,28
569.529,0
569.635,0
569.742,32
569.848,19
569.955,0
570.061,0
570.167,21
570.274,0
570.38,0
570.487,11
570.593,46
570.7,0
570.806,0
570.912,0
571.019,0
571.125,0
571.232,16
571.338,0
571.445,0
571.551,16
571.658,18
571.764,0
571.87,0
571.977,0
572.083,0
572.19,0
572.296,0
572.403,7
572.509,17
572.615,4
572.722,19
572.828,13
572.935,0
573.041,0
573.148,2
573.254,26
573.36,11
573.467,21
573.573,44
573.68,57
573.786,3
573.893,14
573.999,0
574.105,0
574.212,0
574.318,0
574.425,0
574.531,0
574.638,12
574.744,0
574.85,15
574.957,13
575.063,44
575.17,19
575.276,3
575.383,6
575.489,8
575.595,0
575.702,0
575.808,12
575.915,8
576.021,0
576.128,2
576.234,19
576.34,0
576.447,0
576.553,0
576.66,17
576.766,22
576.873,0
576.979,49
577.085,79
577.192,37
577.298,25
577.405,0
577.511,0
577.618,7
577.724,0
577.83,0
577.937,0
578.043,11
578.15,0
578.256,7
578.363,0
578.469,14
578.575,11
578.682,5
578.788,0
578.895,16
579.001,0
579.107,0
579.214,7
579.32,3
579.427,0
579.533,11
579.64,22
579.746,21
579.852,10
579.959,2
580.065,13
580.172,23
580.278,1
580.384,7
580.491,23
580.597,0
580.704,0
580.81,29
580.917,9
581.023,0
581.129,0
581.236,0
581.342,0
581.449,0
581.555,23
581.661,11
581.768,4
581.874,0
581.981,0
582.087,9
582.193,0
582.3,0
582.406,0
582.513,0
582.619,0
582.726,0
582.832,0
582.938,0
583.045,24
583.151,25
583.258,17
583.364,6
583.47,0
583.577,0
583.683,4
583.79,0
583.896,10
584.002,0
584.109,0
584.215,0
584.322,0
584.428,25
584.535,14
584.641,23
584.747,21
584.854,7
584.96,12
585.067,20
585.173,32
585.279,2
585.386,0
585.492,0
585.599,6
585.705,0
585.811,0
585.918,26
586.024,0
586.131,9
586.237,1
586.343,2
586.45,13
586.556,20
586.663,7
586.769,15
586.875,40
586.982,0
587.088,0
587.195,2
587.301,0
587.407,0
587.514,0
587.62,2
587.727,18
587.833,0
587.939,30
588.046,7
588.152,6
588.259,3
588.365,8
588.471,23
588.578,0
588.684,0
588.791,1
588.897,0
589.003,1
589.11,18
589.216,0
589.323,17
589.429,12
589.535,0
589.642,8
589.748,4
589.855,26
589.961,4
590.067,3
590.174,2
590.28,0
590.387,9
590.493,19
590.599,0
590.706,35
590.812,0
590.918,8
591.025,7
591.131,0
591.238,0
591.344,16
591.45,25
591.557,5
591.663,0
591.77,37
591.876,22
591.982,17
592.089,0
592.195,0
592.302,0
592.408,0
592.514,22
592.621,24
592.727,0
592.834,8
592.94,22
593.046,18
593.153,0
593.259,0
593.365,0
593.472,0
593.578,0
593.685,61
593.791,32
593.897,17
594.004,0
594.11,0
594.217,16
594.323,0
594.429,0
594.536,3
594.642,29
594.748,23
594.855,12
594.961,6
595.068,12
595.174,0
595.28,0
595.387,0
595.493,2
595.6,6
595.706,0
595.812,0
595.919,0
596.025,25
596.131,13
596.238,0
596.344,0
596.451,19
596.557,10
596.663,40
596.77,18
596.876,24
596.982,0
597.089,0
597.195,12
597.302,11
597.408,0
597.514,6
597.621,0
597.727,20
597.833,29
597.94,0
598.046,13
598.153,42
598.259,41
598.365,21
598.472,0
598.578,0
598.685,58
598.791,44
598.897,0
599.004,0
599.11,14
599.216,0
599.323,0
599.429,30
599.535,0
599.642,6
599.748,0
599.855,0
599.961,9
600.067,11
600.174,0
600.28,5
600.386,3
600.493,0
600.599,1
600.706,0
600.812,1
600.918,30
601.025,72
601.131,16
601.237,0
601.344,5
601.45,8
601.557,0
601.663,14
601.769,0
601.876,20
601.982,4
602.088,2
602.195,0
602.301,0
602.407,40
602.514,33
602.62,17
602.727,0
602.833,0
602.939,0
603.046,26
603.152,16
603.258,29
603.365,0
603.471,84
603.577,255
603.684,221
603.79,72
603.897,0
604.003,0
604.109,0
604.216,0
604.322,55
604.428,53
604.535,49
604.641,0
604.747,0
604.854,0
604.96,0
605.067,15
605.173,2
605.279,8
605.386,19
605.492,0
605.598,21
605.705,28
605.811,5
605.917,36
606.024,8
606.13,15
606.236,15
606.343,0
606.449,26
606.556,0
606.662,3
606.768,12
606.875,10
606.981,33
607.087,0
607.194,0
607.3,15
607.406,2
607.513,0
607.619,13
607.725,25
607.832,20
607.938,26
608.045,2
608.151,1
608.257,0
608.364,13
608.47,0
608.576,0
608.683,0
608.789,6
608.895,48
609.002,100
609.108,68
609.214,34
609.321,0
609.427,0
609.533,0
609.64,0
609.746,0
609.852,0
609.959,0
610.065,9
610.172,0
610.278,0
610.384,0
610.491,22
610.597,12
610.703,0
610.81,5
610.916,0
611.022,43
611.129,48
611.235,3
611.341,2
611.448,0
611.554,0
611.66,0
611.767,7
611.873,9
611.979,1
612.086,15
612.192,21
612.298,4
612.405,26
612.511,21
612.617,0
612.724,0
612.83,2
612.936,9
613.043,6
613.149,0
613.255,2
613.362,0
613.468,2
613.575,7
613.681,10
613.787,35
613.894,78
614,67
614.106,12
614.213,0
614.319,0
614.425,11
614.532,0
614.638,18
614.744,0
614.851,0
614.957,41
615.063,2
615.17,12
615.276,0
615.382,0
615.489,16
615.595,0
615.701,0
615.808,0
615.914,0
616.02,10
616.127,0
616.233,4
616.339,0
616.446,9
616.552,6
616.658,0
616.765,0
616.871,29
616.977,22
617.084,0
617.19,16
617.296,1
617.403,22
617.509,0
617.615,10
617.722,30
617.828,17
617.934,0
618.041,14
618.147,19
618.253,0
618.36,0
618.466,2
618.572,0
618.679,0
618.785,15
618.891,0
618.998,0
619.104,10
619.21,6
619.316,2
619.423,10
619.529,0
619.635,0
619.742,6
619.848,18
619.954,0
620.061,8
620.167,18
620.273,7
620.38,0
620.486,13
620.592,2
620.699,9
620.805,41
620.911,0
621.018,15
621.124,4
621.23,8
621.337,7
621.443,0
621.549,0
621.656,0
621.762,16
621.868,0
621.975,18
622.081,2
622.187,0
622.294,16
622.4,17
622.506,13
622.612,0
622.719,0
622.825,12
622.931,0
623.038,8
623.144,0
623.25,7
623.357,0
623.463,0
623.569,0
623.676,25
623.782,7
623.888,0
623.995,0
624.101,4
624.207,11
624.314,4
624.42,8
624.526,0
624.632,0
624.739,11
624.845,0
624.951,29
625.058,7
625.164,23
625.27,33
625.377,0
625.483,0
625.589,24
625.696,2
625.802,0
625.908,2
626.015,15
626.121,2
626.227,15
626.333,0
626.44,0
626.546,6
626.652,10
626.759,2
626.865,0
626.971,0
627.078,0
627.184,0
627.29,0
627.397,24
627.503,8
627.609,0
627.715,0
627.822,0
627.928,1
628.034,14
628.141,22
628.247,24
628.353,0
628.46,0
628.566,11
628.672,0
628.778,2
628.885,0
628.991,0
629.097,0
629.204,11
629.31,5
629.416,0
629.523,0
629.629,0
629.735,1
629.841,0
629.948,0
630.054,15
630.16,0
630.267,0
630.373,0
630.479,36
630.586,13
630.692,0
630.798,15
630.904,20
631.011,3
631.117,14
631.223,22
631.33,0
631.436,68
631.542,73
631.649,38
631.755,0
631.861,0
631.967,35
632.074,8
632.18,4
632.286,2
632.393,3
632.499,15
632.605,29
632.711,27
632.818,0
632.924,0
633.03,28
633.137,0
633.243,4
633.349,19
633.456,0
633.562,26
633.668,15
633.774,17
633.881,0
633.987,26
634.093,18
634.2,12
634.306,15
634.412,0
634.518,3
634.625,4
634.731,37
634.837,38
634.944,38
635.05,68
635.156,42
635.262,2
635.369,0
635.475,4
635.581,0
635.688,0
635.794,0
635.9,11
636.006,0
636.113,0
636.219,30
636.325,42
636.432,17
636.538,3
636.644,13
636.75,22
636.857,2
636.963,12
637.069,0
637.176,1
637.282,8
637.388,0
637.494,28
637.601,18
637.707,123
637.813,154
637.92,69
638.026,0
638.132,6
638.238,11
638.345,2
638.451,0
638.557,11
638.663,0
638.77,0
638.876,15
638.982,16
639.089,0
639.195,0
639.301,0
639.407,8
639.514,8
639.62,0
639.726,0
639.833,30
639.939,30
640.045,18
640.151,4
640.258,22
640.364,0
640.47,0
640.576,19
640.683,1
640.789,11
640.895,26
641.002,63
641.108,24
641.214,0
641.32,0
641.427,7
641.533,15
641.639,1
641.745,0
641.852,5
641.958,26
642.064,0
642.171,0
642.277,0
642.383,10
642.489,15
642.596,0
642.702,12
642.808,12
642.914,0
643.021,4
643.127,13
643.233,2
643.339,3
643.446,0
643.552,27
643.658,43
643.765,13
643.871,0
643.977,4
644.083,28
644.19,5
644.296,7
644.402,0
644.508,9
644.615,25
644.721,34
644.827,10
644.933,17
645.04,20
645.146,21
645.252,18
645.358,0
645.465,1
645.571,0
645.677,0
645.784,0
645.89,0
645.996,2
646.102,16
646.209,0
646.315,19
646.421,0
646.527,0
646.634,0
646.74,0
646.846,32
646.952,6
647.059,9
647.165,2
647.271,0
647.377,0
647.484,0
647.59,13
647.696,0
647.802,0
647.909,21
648.015,0
648.121,17
648.227,2
648.334,57
648.44,36
648.546,0
648.652,13
648.759,19
648.865,4
648.971,1
649.077,14
649.184,5
649.29,0
649.396,13
649.502,7
649.609,0
649.715,0
649.821,14
649.927,35
650.034,0
650.14,0
650.246,33
650.352,131
650.459,144
650.565,107
650.671,0
650.777,0
650.884,1
650.99,34
651.096,19
651.202,171
651.309,156
651.415,57
651.521,0
651.627,0
651.734,7
651.84,62
651.946,43
652.052,8
652.159,0
652.265,0
652.371,6
652.477,0
652.584,2
652.69,7
652.796,0
652.902,0
653.009,29
653.115,8
653.221,0
653.327,12
653.434,0
653.54,2
653.646,28
653.752,0
653.858,12
653.965,22
654.071,14
654.177,11
654.283,19
654.39,4
654.496,6
654.602,11
654.708,0
654.815,26
654.921,11
655.027,20
655.133,0
655.24,8
655.346,32
655.452,0
655.558,13
655.665,5
655.771,13
655.877,15
655.983,6
656.089,17
656.196,21
656.302,64
656.408,157
656.514,85
656.621,43
656.727,105
656.833,73
656.939,5
657.046,0
657.152,0
657.258,71
657.364,21
657.47,126
657.577,162
657.683,76
657.789,11
657.895,0
658.002,0
658.108,5
658.214,25
658.32,44
658.427,15
658.533,20
658.639,22
658.745,35
658.851,6
658.958,0
659.064,0
659.17,56
659.276,52
659.383,59
659.489,54
659.595,42
659.701,3
659.807,0
659.914,18
660.02,0
660.126,0
660.232,17
660.339,0
660.445,0
660.551,16
660.657,0
660.763,15
660.87,32
660.976,98
661.082,114
661.188,48
661.295,0
661.401,9
661.507,0
661.613,0
661.719,0
661.826,3
661.932,39
662.038,137
662.144,98
662.251,52
662.357,19
662.463,0
662.569,21
662.675,156
662.782,209
662.888,142
662.994,44
663.1,0
663.206,0
663.313,0
663.419,85
663.525,86
663.631,8
663.738,0
663.844,11
663.95,0
664.056,33
664.162,63
664.269,68
664.375,42
664.481,44
664.587,0
664.693,0
664.8,0
664.906,0
665.012,11
665.118,33
665.225,0
665.331,14
665.437,7
665.543,0
665.649,126
665.756,172
665.862,72
665.968,23
666.074,0
666.18,0
666.287,7
666.393,5
666.499,0
666.605,0
666.711,0
666.818,84
666.924,48
667.03,40
667.136,11
667.242,3
667.349,0
667.455,48
667.561,29
667.667,114
667.773,310
667.88,0
667.986,0
668.092,28
668.198,77
668.304,32
668.411,0
668.517,0
668.623,0
668.729,50
668.835,139
668.942,79
669.048,23
669.154,0
669.26,8
669.366,0
669.473,33
669.579,0
669.685,4
669.791,25
669.897,0
670.004,0
670.11,0
670.216,13
670.322,0
670.428,26
670.535,40
670.641,48
670.747,0
670.853,0
670.959,0
671.066,0
671.172,0
671.278,9
671.384,0
671.49,0
671.597,1
671.703,34
671.809,80
671.915,58
672.021,32
672.128,39
672.234,16
672.34,5
672.446,0
672.552,1
672.658,0
672.765,8
672.871,11
672.977,2
673.083,0
673.189,0
673.296,0
673.402,5
673.508,20
673.614,0
673.72,15
673.827,30
673.933,0
674.039,0
674.145,67
674.251,122
674.357,102
674.464,9
674.57,0
674.676,1
674.782,11
674.888,77
674.995,224
675.101,159
675.207,58
675.313,8
675.419,0
675.526,0
675.632,0
675.738,16
675.844,28
675.95,5
676.056,0
676.163,0
676.269,12
676.375,0
676.481,0
676.587,0
676.693,0
676.8,0
676.906,9
677.012,0
677.118,10
677.224,3
677.331,12
677.437,0
677.543,0
677.649,1
677.755,2
677.861,0
677.968,1
678.074,14
678.18,1
678.286,24
678.392,15
678.498,0
678.605,0
678.711,50
678.817,50
678.923,0
679.029,0
679.136,0
679.242,0
679.348,0
679.454,0
679.56,0
679.666,0
679.773,0
679.879,18
679.985,11
680.091,1
680.197,14
680.303,6
680.41,1
680.516,9
680.622,0
680.728,0
680.834,25
680.94,7
681.047,0
681.153,0
681.259,0
681.365,0
681.471,16
681.577,0
681.684,0
681.79,1
681.896,16
682.002,0
682.108,0
682.214,29
682.321,0
682.427,7
682.533,0
682.639,12
682.745,17
682.851,2
682.958,0
683.064,0
683.17,5
683.276,0
683.382,14
683.488,0
683.595,0
683.701,29
683.807,19
683.913,14
684.019,7
684.125,0
684.231,0
684.338,12
684.444,0
684.55,25
684.656,19
684.762,0
684.868,0
684.975,13
685.081,68
685.187,65
685.293,43
685.399,5
685.505,0
685.611,4
685.718,15
685.824,0
685.93,0
686.036,0
686.142,0
686.248,0
686.355,137
686.461,102
686.567,26
686.673,0
686.779,0
686.885,0
686.991,16
687.098,0
687.204,0
687.31,23
687.416,0
687.522,0
687.628,4
687.735,3
687.841,17
687.947,13
688.053,13
688.159,0
688.265,0
688.371,9
688.478,0
688.584,0
688.69,4
688.796,0
688.902,12
689.008,7
689.114,0
689.221,0
689.327,50
689.433,36
689.539,0
689.645,0
689.751,0
689.857,0
689.964,0
690.07,32
690.176,4
690.282,6
690.388,4
690.494,19
690.6,21
690.707,0
690.813,0
690.919,16
691.025,10
691.131,0
691.237,4
691.343,0
691.45,0
691.556,0
691.662,8
691.768,0
691.874,1
691.98,17
692.086,0
692.193,1
692.299,0
692.405,0
692.511,2
692.617,0
692.723,4
692.829,26
692.935,1
693.042,0
693.148,31
693.254,24
693.36,0
693.466,0
693.572,6
693.678,17
693.785,0
693.891,0
693.997,0
694.103,0
694.209,0
694.315,25
694.421,41
694.527,213
694.634,142
694.74,62
694.846,0
694.952,0
695.058,0
695.164,1
695.27,0
695.376,0
695.483,29
695.589,40
695.695,0
695.801,0
695.907,0
696.013,0
696.119,0
696.225,0
696.332,15
696.438,7
696.544,18
696.65,0
696.756,0
696.862,23
696.968,1
697.074,1
697.181,0
697.287,4
697.393,0
697.499,0
697.605,12
697.711,8
697.817,0
697.923,12
698.03,0
698.136,12
698.242,17
698.348,0
698.454,16
698.56,1
698.666,0
698.772,10
698.879,3
698.985,11
699.091,4
699.197,0
699.303,0
699.409,0
699.515,17
