59.6745,0
59.7814,1
59.8883,48
59.9952,28
60.1021,3
60.209,0
60.3159,17
60.4228,20
60.5296,0
60.6365,10
60.7434,0
60.8503,22
60.9572,14
61.0641,0
61.171,4
61.2779,30
61.3848,0
61.4917,8
61.5986,3
61.7055,12
61.8124,6
61.9193,0
62.0261,8
62.133,3
62.2399,8
62.3468,0
62.4537,17
62.5606,0
62.6675,24
62.7744,22
62.8813,13
62.9882,21
63.0951,0
63.202,0
63.3089,11
63.4158,9
63.5226,15
63.6295,7
63.7364,23
63.8433,0
63.9502,0
64.0571,0
64.164,29
64.2709,5
64.3778,0
64.4847,11
64.5916,0
64.6985,0
64.8054,16
64.9123,3
65.0192,2
65.1261,11
65.2329,27
65.3398,0
65.4467,10
65.5536,14
65.6605,5
65.7674,0
65.8743,4
65.9812,16
66.0881,17
66.195,2
66.3019,0
66.4088,0
66.5157,8
66.6226,3
66.7295,0
66.8364,0
66.9433,2
67.0502,21
67.157,7
67.2639,0
67.3708,9
67.4777,25
67.5846,4
67.6915,27
67.7984,37
67.9053,0
68.0122,19
68.1191,14
68.226,11
68.3329,0
68.4398,3
68.5467,6
68.6536,0
68.7605,0
68.8674,16
68.9743,2
69.0812,27
69.1881,0
69.295,2
69.4018,16
69.5087,0
69.6156,20
69.7225,0
69.8294,29
69.9363,0
70.0432,0
70.1501,10
70.257,0
70.3639,0
70.4708,0
70.5777,50
70.6846,23
70.7915,0
70.8984,0
71.0053,14
71.1122,0
71.2191,0
71.326,1
71.4329,24
71.5398,16
71.6467,0
71.7536,17
71.8605,2
71.9674,0
72.0742,0
72.1811,2
72.288,32
72.3949,38
72.5018,25
72.6087,0
72.7156,0
72.8225,3
72.9294,31
73.0363,0
73.1432,0
73.2501,11
73.357,31
73.4639,6
73.5708,5
73.6777,1
73.7846,0
73.8915,0
73.9984,0
74.1053,0
74.2122,21
74.3191,0
74.426,0
74.5329,10
74.6398,10
74.7467,25
74.8536,11
74.9605,20
75.0674,0
75.1743,0
75.2812,19
75.3881,0
75.495,10
75.6019,0
75.7088,13
75.8157,33
75.9225,0
76.0294,0
76.1363,0
76.2432,3
76.3501,22
76.457,10
76.5639,0
76.6708,17
76.7777,8
76.8846,10
76.9915,0
77.0984,9
77.2053,7
77.3122,0
77.4191,0
77.526,3
77.6329,13
77.7398,0
77.8467,11
77.9536,21
78.0605,0
78.1674,5
78.2743,22
78.3812,22
78.4881,12
78.595,0
78.7019,0
78.8088,0
78.9157,32
79.0226,29
79.1295,0
79.2364,2
79.3433,1
79.4502,14
79.5571,6
79.664,0
79.7709,0
79.8778,29
79.9847,6
80.0916,0
80.1985,29
80.3054,11
80.4123,0
80.5192,0
80.6261,0
80.733,5
80.8399,4
80.9468,0
81.0537,0
81.1606,0
81.2675,26
81.3744,38
81.4813,0
81.5882,0
81.6951,5
81.802,0
81.9089,4
82.0158,47
82.1227,0
82.2296,9
82.3365,1
82.4434,18
82.5503,5
82.6572,0
82.7641,1
82.871,9
82.9779,16
83.0848,39
83.1917,0
83.2986,0
83.4055,0
83.5124,19
83.6193,16
83.7262,3
83.8331,11
83.94,26
84.0469,0
84.1538,24
84.2607,16
84.3676,28
84.4745,0
84.5814,0
84.6883,0
84.7952,8
84.9021,39
85.009,29
85.1159,0
85.2228,11
85.3297,0
85.4366,32
85.5435,2
85.6504,0
85.7573,6
85.8642,15
85.9711,34
86.078,0
86.1849,26
86.2918,5
86.3987,11
86.5056,0
86.6125,24
86.7194,26
86.8263,5
86.9332,0
87.0401,0
87.147,7
87.2539,3
87.3608,0
87.4677,11
87.5746,14
87.6815,19
87.7884,5
87.8953,0
88.0022,2
88.1091,5
88.216,0
88.3229,2
88.4298,0
88.5367,0
88.6436,10
88.7505,0
88.8574,0
88.9643,6
89.0712,0
89.1781,0
89.285,15
89.3919,29
89.4988,6
89.6057,8
89.7126,23
89.8195,27
89.9264,0
90.0334,9
90.1403,10
90.2472,5
90.3541,3
90.461,0
90.5679,17
90.6748,5
90.7817,17
90.8886,21
90.9955,3
91.1024,8
91.2093,8
91.3162,0
91.4231,0
91.53,10
91.6369,10
91.7438,0
91.8507,0
91.9576,26
92.0645,36
92.1714,10
92.2783,3
92.3852,0
92.4921,0
92.599,17
92.7059,2
92.8128,28
92.9197,24
93.0266,4
93.1335,20
93.2404,13
93.3473,0
93.4542,0
93.5611,4
93.668,26
93.7749,21
93.8818,0
93.9887,0
94.0956,7
94.2025,7
94.3095,5
94.4164,3
94.5233,2
94.6302,11
94.7371,4
94.844,0
94.9509,4
95.0578,0
95.1647,13
95.2716,6
95.3785,0
95.4854,11
95.5923,5
95.6992,37
95.8061,22
95.913,29
96.0199,3
96.1268,17
96.2337,3
96.3406,36
96.4475,12
96.5544,0
96.6613,0
96.7682,0
96.8751,0
96.982,11
97.0889,0
97.1958,8
97.3027,0
97.4097,9
97.5166,10
97.6235,0
97.7304,7
97.8373,11
97.9442,0
98.0511,27
98.158,7
98.2649,0
98.3718,1
98.4787,4
98.5856,5
98.6925,0
98.7994,10
98.9063,24
99.0132,0
99.1201,0
99.227,0
99.3339,0
99.4408,0
99.5477,16
99.6546,32
99.7615,13
99.8684,6
99.9753,0
100.082,26
100.189,42
100.296,0
100.403,0
100.51,0
100.617,40
100.724,15
100.831,4
100.937,0
101.044,30
101.151,24
101.258,2
101.365,6
101.472,21
101.579,4
101.686,0
101.793,5
101.9,0
102.007,7
102.113,0
102.22,0
102.327,14
102.434,0
102.541,18
102.648,36
102.755,36
102.862,0
102.969,0
103.076,1
103.182,20
103.289,0
103.396,0
103.503,0
103.61,22
103.717,13
103.824,27
103.931,14
104.038,2
104.145,16
104.252,30
104.358,0
104.465,13
104.572,0
104.679,0
104.786,4
104.893,2
105,2
105.107,13
105.214,30
105.321,8
105.427,22
105.534,14
105.641,10
105.748,22
105.855,3
105.962,3
106.069,22
106.176,6
106.283,15
106.39,26
106.497,0
106.603,11
106.71,8
106.817,22
106.924,10
107.031,3
107.138,2
107.245,26
107.352,18
107.459,0
107.566,6
107.673,7
107.779,17
107.886,0
107.993,0
108.1,0
108.207,0
108.314,0
108.421,22
108.528,0
108.635,18
108.742,1
108.848,22
108.955,0
109.062,12
109.169,20
109.276,5
109.383,0
109.49,0
109.597,2
109.704,0
109.811,0
109.918,0
110.024,6
110.131,8
110.238,0
110.345,0
110.452,42
110.559,6
110.666,0
110.773,0
110.88,9
110.987,5
111.094,0
111.2,10
111.307,0
111.414,2
111.521,15
111.628,14
111.735,30
111.842,0
111.949,0
112.056,18
112.163,16
112.269,4
112.376,0
112.483,23
112.59,19
112.697,27
112.804,3
112.911,33
113.018,26
113.125,0
113.232,0
113.339,26
113.445,30
113.552,2
113.659,0
113.766,17
113.873,8
113.98,6
114.087,11
114.194,13
114.301,13
114.408,19
114.515,11
114.621,0
114.728,15
114.835,0
114.942,0
115.049,23
115.156,0
115.263,18
115.37,22
115.477,0
115.584,26
115.69,1
115.797,35
115.904,0
116.011,5
116.118,0
116.225,5
116.332,0
116.439,0
116.546,0
116.653,17
116.76,0
116.866,6
116.973,0
117.08,43
117.187,12
117.294,34
117.401,18
117.508,20
117.615,0
117.722,0
117.829,14
117.936,0
118.042,0
118.149,0
118.256,18
118.363,0
118.47,0
118.577,3
118.684,49
118.791,8
118.898,0
119.005,1
119.112,64
119.218,25
119.325,7
119.432,0
119.539,0
119.646,15
119.753,21
119.86,4
119.967,28
120.074,21
120.181,1
120.287,21
120.394,15
120.501,30
120.608,41
120.715,0
120.822,0
120.929,0
121.036,15
121.143,0
121.25,0
121.357,10
121.463,3
121.57,4
121.677,34
121.784,19
121.891,0
121.998,0
122.105,10
122.212,10
122.319,19
122.426,0
122.533,6
122.639,8
122.746,0
122.853,0
122.96,12
123.067,6
123.174,3
123.281,2
123.388,19
123.495,0
123.602,0
123.709,0
123.815,0
123.922,0
124.029,40
124.136,6
124.243,8
124.35,1
124.457,0
124.564,0
124.671,0
124.778,0
124.885,16
124.991,0
125.098,0
125.205,0
125.312,14
125.419,8
125.526,6
125.633,0
125.74,0
125.847,22
125.954,3
126.061,29
126.167,0
126.274,0
126.381,11
126.488,0
126.595,7
126.702,19
126.809,6
126.916,0
127.023,20
127.13,0
127.236,6
127.343,0
127.45,4
127.557,43
127.664,0
127.771,17
127.878,35
127.985,0
128.092,15
128.199,1
128.306,16
128.412,25
128.519,0
128.626,0
128.733,15
128.84,19
128.947,0
129.054,10
129.161,16
129.268,26
129.375,62
129.482,25
129.588,21
129.695,24
129.802,12
129.909,0
130.016,0
130.123,0
130.23,4
130.337,11
130.444,0
130.551,0
130.658,18
130.764,0
130.871,12
130.978,0
131.085,4
131.192,1
131.299,12
131.406,0
131.513,27
131.62,10
131.727,0
131.834,13
131.94,17
132.047,11
132.154,0
132.261,0
132.368,28
132.475,0
132.582,18
132.689,6
132.796,0
132.903,0
133.01,2
133.116,18
133.223,14
133.33,15
133.437,11
133.544,6
133.651,9
133.758,0
133.865,0
133.972,0
134.079,30
134.186,7
134.292,0
134.399,0
134.506,0
134.613,0
134.72,14
134.827,15
134.934,18
135.041,0
135.148,0
135.255,10
135.362,0
135.468,0
135.575,3
135.682,0
135.789,10
135.896,16
136.003,17
136.11,4
136.217,7
136.324,3
136.431,0
136.538,17
136.644,33
136.751,5
136.858,0
136.965,10
137.072,6
137.179,0
137.286,14
137.393,0
137.5,17
137.607,0
137.714,0
137.82,1
137.927,31
138.034,0
138.141,11
138.248,28
138.355,0
138.462,14
138.569,2
138.676,0
138.783,0
138.89,7
138.996,0
139.103,0
139.21,38
139.317,35
139.424,0
139.531,0
139.638,31
139.745,0
139.852,13
139.959,0
140.065,9
140.172,0
140.279,0
140.386,0
140.493,7
140.6,0
140.707,16
140.814,8
140.921,16
141.028,6
141.135,18
141.241,0
141.348,0
141.455,4
141.562,22
141.669,0
141.776,13
141.883,0
141.99,10
142.097,0
142.204,10
142.311,6
142.417,0
142.524,0
142.631,29
142.738,11
142.845,8
142.952,1
143.059,4
143.166,25
143.273,18
143.38,19
143.487,32
143.593,113
143.7,44
143.807,0
143.914,1
144.021,0
144.128,7
144.235,12
144.342,0
144.449,0
144.556,4
144.663,0
144.769,19
144.876,35
144.983,6
145.09,0
145.197,0
145.304,0
145.411,4
145.518,38
145.625,3
145.732,0
145.839,0
145.945,29
146.052,13
146.159,0
146.266,4
146.373,32
146.48,20
146.587,0
146.694,0
146.801,0
146.908,14
147.015,4
147.121,0
147.228,0
147.335,4
147.442,6
147.549,18
147.656,4
147.763,2
147.87,32
147.977,1
148.084,0
148.191,0
148.297,0
148.404,0
148.511,0
148.618,0
148.725,19
148.832,7
148.939,0
149.046,4
149.153,32
149.26,2
149.367,11
149.473,0
149.58,0
149.687,0
149.794,5
149.901,5
150.008,0
150.115,0
150.222,0
150.329,12
150.436,0
150.543,0
150.649,5
150.756,0
150.863,1
150.97,0
151.077,0
151.184,3
151.291,40
151.398,13
151.505,0
151.612,9
151.719,15
151.825,0
151.932,29
152.039,2
152.146,0
152.253,1
152.36,6
152.467,22
152.574,32
152.681,7
152.788,0
152.894,1
153.001,11
153.108,7
153.215,4
153.322,0
153.429,0
153.536,11
153.643,11
153.75,3
153.857,5
153.964,3
154.07,17
154.177,7
154.284,11
154.391,20
154.498,0
154.605,2
154.712,17
154.819,14
154.926,4
155.033,0
155.14,48
155.246,11
155.353,7
155.46,0
155.567,0
155.674,40
155.781,12
155.888,0
155.995,0
156.102,31
156.209,32
156.316,8
156.422,0
156.529,0
156.636,0
156.743,7
156.85,0
156.957,0
157.064,0
157.171,20
157.278,5
157.385,0
157.492,6
157.598,43
157.705,0
157.812,10
157.919,18
158.026,0
158.133,0
158.24,5
158.347,14
158.454,0
158.561,4
158.668,14
158.774,0
158.881,0
158.988,3
159.095,17
159.202,15
159.309,14
159.416,9
159.523,0
159.63,13
159.737,0
159.844,7
159.95,38
160.057,0
160.164,0
160.271,0
160.378,0
160.485,0
160.592,3
160.699,17
160.806,3
160.913,13
161.019,0
161.126,0
161.233,29
161.34,0
161.447,0
161.554,34
161.661,45
161.768,0
161.875,0
161.982,8
162.089,27
162.195,1
162.302,0
162.409,0
162.516,23
162.623,0
162.73,3
162.837,2
162.944,10
163.051,2
163.158,17
163.265,5
163.371,0
163.478,0
163.585,0
163.692,15
163.799,0
163.906,0
164.013,30
164.12,0
164.227,0
164.334,21
164.441,4
164.547,0
164.654,17
164.761,14
164.868,19
164.975,0
165.082,0
165.189,19
165.296,0
165.403,23
165.51,22
165.616,8
165.723,0
165.83,8
165.937,27
166.044,26
166.151,0
166.258,10
166.365,0
166.472,14
166.579,0
166.686,0
166.792,48
166.899,16
167.006,10
167.113,0
167.22,2
167.327,0
167.434,13
167.541,13
167.648,33
167.755,32
167.862,7
167.968,0
168.075,0
168.182,3
168.289,0
168.396,0
168.503,0
168.61,9
168.717,0
168.824,0
168.931,10
169.037,18
169.144,0
169.251,8
169.358,27
169.465,36
169.572,11
169.679,0
169.786,0
169.893,0
170,1
170.107,22
170.213,17
170.32,12
170.427,0
170.534,0
170.641,0
170.748,1
170.855,12
170.962,2
171.069,0
171.176,29
171.283,15
171.389,0
171.496,10
171.603,11
171.71,15
171.817,13
171.924,0
172.031,15
172.138,8
172.245,11
172.352,18
172.458,0
172.565,2
172.672,0
172.779,13
172.886,0
172.993,19
173.1,0
173.207,0
173.314,1
173.421,0
173.528,16
173.634,2
173.741,0
173.848,0
173.955,0
174.062,0
174.169,5
174.276,12
174.383,9
174.49,20
174.597,17
174.704,0
174.81,7
174.917,5
175.024,0
175.131,14
175.238,36
175.345,0
175.452,0
175.559,14
175.666,9
175.773,0
175.879,7
175.986,12
176.093,0
176.2,0
176.307,26
176.414,2
176.521,0
176.628,19
176.735,9
176.842,4
176.949,4
177.055,5
177.162,39
177.269,0
177.376,0
177.483,38
177.59,16
177.697,0
177.804,6
177.911,0
178.018,0
178.124,0
178.231,33
178.338,27
178.445,0
178.552,11
178.659,0
178.766,6
178.873,24
178.98,0
179.087,4
179.194,0
179.3,0
179.407,9
179.514,0
179.621,4
179.728,12
179.835,0
179.942,0
180.049,15
180.156,17
180.263,19
180.369,7
180.476,0
180.583,2
180.69,13
180.797,1
180.904,15
181.011,6
181.118,18
181.225,8
181.332,10
181.439,15
181.545,0
181.652,9
181.759,2
181.866,16
181.973,26
182.08,11
182.187,0
182.294,0
182.401,0
182.508,19
182.614,0
182.721,14
182.828,7
182.935,17
183.042,0
183.149,18
183.256,28
183.363,15
183.47,0
183.577,10
183.683,34
183.79,35
183.897,33
184.004,0
184.111,2
184.218,12
184.325,0
184.432,11
184.539,0
184.646,12
184.753,8
184.859,27
184.966,14
185.073,0
185.18,11
185.287,0
185.394,25
185.501,36
185.608,17
185.715,0
185.822,4
185.928,3
186.035,0
186.142,24
186.249,66
186.356,28
186.463,6
186.57,0
186.677,2
186.784,2
186.891,0
186.997,0
187.104,0
187.211,22
187.318,42
187.425,0
187.532,0
187.639,7
187.746,3
187.853,0
187.96,0
188.067,2
188.173,31
188.28,40
188.387,0
188.494,0
188.601,0
188.708,7
188.815,0
188.922,17
189.029,26
189.136,0
189.242,0
189.349,0
189.456,0
189.563,0
189.67,12
189.777,0
189.884,0
189.991,8
190.098,0
190.205,10
190.311,13
190.418,0
190.525,6
190.632,16
190.739,24
190.846,30
190.953,0
191.06,0
191.167,21
191.274,19
191.38,0
191.487,0
191.594,2
191.701,24
191.808,0
191.915,24
192.022,0
192.129,4
192.236,0
192.343,17
192.45,5
192.556,0
192.663,26
192.77,27
192.877,0
192.984,34
193.091,46
193.198,14
193.305,0
193.412,7
193.519,23
193.625,21
193.732,2
193.839,1
193.946,8
194.053,16
194.16,0
194.267,0
194.374,0
194.481,16
194.588,0
194.694,28
194.801,0
194.908,13
195.015,3
195.122,5
195.229,13
195.336,10
195.443,0
195.55,0
195.657,23
195.763,0
195.87,0
195.977,21
196.084,2
196.191,18
196.298,18
196.405,4
196.512,4
196.619,4
196.726,0
196.832,0
196.939,1
197.046,0
197.153,0
197.26,0
197.367,15
197.474,24
197.581,2
197.688,6
197.795,6
197.901,0
198.008,0
198.115,14
198.222,0
198.329,9
198.436,30
198.543,0
198.65,0
198.757,0
198.864,22
198.97,25
199.077,0
199.184,0
199.291,0
199.398,13
199.505,10
199.612,0
199.719,0
199.826,0
199.933,19
200.039,8
200.146,0
200.253,29
200.36,0
200.467,0
200.574,0
200.681,0
200.788,0
200.895,0
201.002,0
201.108,15
201.215,0
201.322,0
201.429,13
201.536,19
201.643,0
201.75,0
201.857,11
201.964,0
202.071,10
202.177,0
202.284,0
202.391,7
202.498,0
202.605,0
202.712,0
202.819,32
202.926,15
203.033,0
203.14,0
203.246,20
203.353,8
203.46,0
203.567,0
203.674,12
203.781,0
203.888,0
203.995,0
204.102,15
204.208,0
204.315,0
204.422,15
204.529,0
204.636,5
204.743,0
204.85,20
204.957,13
205.064,1
205.171,24
205.277,0
205.384,0
205.491,0
205.598,0
205.705,0
205.812,0
205.919,0
206.026,21
206.133,0
206.24,0
206.346,30
206.453,0
206.56,0
206.667,13
206.774,10
206.881,0
206.988,12
207.095,8
207.202,0
207.309,0
207.415,0
207.522,0
207.629,1
207.736,30
207.843,7
207.95,0
208.057,11
208.164,6
208.271,34
208.377,1
208.484,3
208.591,0
208.698,0
208.805,31
208.912,6
209.019,0
209.126,10
209.233,5
209.34,0
209.446,0
209.553,32
209.66,35
209.767,7
209.874,2
209.981,5
210.088,0
210.195,0
210.302,0
210.409,0
210.515,0
210.622,0
210.729,0
210.836,0
210.943,0
211.05,32
211.157,0
211.264,0
211.371,4
211.477,15
211.584,0
211.691,0
211.798,23
211.905,24
212.012,0
212.119,3
212.226,4
212.333,27
212.44,14
212.546,0
212.653,0
212.76,14
212.867,0
212.974,31
213.081,0
213.188,11
213.295,17
213.402,17
213.508,0
213.615,0
213.722,0
213.829,0
213.936,8
214.043,49
214.15,40
214.257,2
214.364,1
214.471,0
214.577,0
214.684,28
214.791,9
214.898,0
215.005,20
215.112,24
215.219,0
215.326,0
215.433,0
215.539,0
215.646,0
215.753,13
215.86,0
215.967,0
216.074,0
216.181,29
216.288,0
216.395,32
216.502,0
216.608,0
216.715,16
216.822,0
216.929,1
217.036,0
217.143,0
217.25,4
217.357,4
217.464,0
217.57,12
217.677,0
217.784,0
217.891,12
217.998,3
218.105,0
218.212,0
218.319,3
218.426,11
218.532,19
218.639,0
218.746,0
218.853,33
218.96,20
219.067,9
219.174,6
219.281,26
219.388,2
219.495,17
219.601,20
219.708,4
219.815,0
219.922,0
220.029,0
220.136,0
220.243,13
220.35,40
220.457,16
220.563,0
220.67,0
220.777,1
220.884,2
220.991,0
221.098,16
221.205,29
221.312,20
221.419,0
221.525,13
221.632,7
221.739,4
221.846,0
221.953,30
222.06,0
222.167,6
222.274,8
222.381,0
222.488,3
222.594,14
222.701,9
222.808,12
222.915,10
223.022,0
223.129,0
223.236,0
223.343,0
223.45,4
223.556,0
223.663,0
223.77,0
223.877,5
223.984,16
224.091,7
224.198,1
224.305,0
224.412,0
224.518,6
224.625,18
224.732,0
224.839,19
224.946,7
225.053,0
225.16,0
225.267,6
225.374,28
225.48,21
225.587,8
225.694,0
225.801,0
225.908,0
226.015,20
226.122,28
226.229,0
226.336,0
226.442,0
226.549,12
226.656,0
226.763,0
226.87,0
226.977,11
227.084,18
227.191,15
227.298,0
227.404,5
227.511,11
227.618,33
227.725,0
227.832,37
227.939,0
228.046,10
228.153,4
228.26,4
228.366,0
228.473,36
228.58,9
228.687,3
228.794,0
228.901,17
229.008,0
229.115,3
229.222,0
229.328,0
229.435,2
229.542,24
229.649,0
229.756,0
229.863,7
229.97,0
230.077,0
230.184,12
230.29,0
230.397,0
230.504,12
230.611,4
230.718,0
230.825,0
230.932,36
231.039,35
231.146,5
231.252,0
231.359,0
231.466,0
231.573,1
231.68,18
231.787,0
231.894,0
232.001,16
232.108,4
232.214,10
232.321,0
232.428,0
232.535,27
232.642,8
232.749,0
232.856,4
232.963,0
233.07,11
233.176,1
233.283,11
233.39,2
233.497,0
233.604,0
233.711,0
233.818,0
233.925,0
234.031,5
234.138,2
234.245,19
234.352,0
234.459,2
234.566,0
234.673,0
234.78,0
234.887,0
234.993,24
235.1,0
235.207,6
235.314,0
235.421,0
235.528,22
235.635,0
235.742,0
235.849,0
235.955,9
236.062,0
236.169,24
236.276,0
236.383,3
236.49,0
236.597,10
236.704,21
236.81,0
236.917,0
237.024,10
237.131,29
237.238,1
237.345,0
237.452,4
237.559,0
237.666,10
237.772,9
237.879,14
237.986,1
238.093,0
238.2,0
238.307,0
238.414,0
238.521,26
238.628,3
238.734,0
238.841,9
238.948,0
239.055,4
239.162,0
239.269,17
239.376,0
239.483,0
239.589,0
239.696,1
239.803,10
239.91,11
240.017,0
240.124,0
240.231,0
240.338,0
240.445,0
240.551,15
240.658,0
240.765,0
240.872,9
240.979,6
241.086,29
241.193,0
241.3,0
241.406,0
241.513,0
241.62,19
241.727,17
241.834,0
241.941,8
242.048,23
242.155,17
242.262,13
242.368,27
242.475,8
242.582,10
242.689,3
242.796,0
242.903,0
243.01,14
243.117,0
243.223,0
243.33,13
243.437,4
243.544,22
243.651,0
243.758,0
243.865,0
243.972,18
244.079,0
244.185,2
244.292,19
244.399,0
244.506,0
244.613,34
244.72,7
244.827,3
244.934,13
245.04,0
245.147,37
245.254,0
245.361,11
245.468,0
245.575,0
245.682,0
245.789,43
245.896,18
246.002,16
246.109,0
246.216,10
246.323,6
246.43,0
246.537,0
246.644,12
246.751,28
246.857,0
246.964,0
247.071,5
247.178,10
247.285,2
247.392,1
247.499,7
247.606,0
247.712,0
247.819,0
247.926,20
248.033,4
248.14,12
248.247,16
248.354,0
248.461,14
248.567,0
248.674,0
248.781,6
248.888,18
248.995,36
249.102,13
249.209,0
249.316,16
249.423,0
249.529,0
249.636,21
249.743,0
249.85,4
249.957,0
250.064,10
250.171,0
250.278,0
250.384,5
250.491,10
250.598,0
250.705,14
250.812,17
250.919,18
251.026,0
251.133,4
251.239,5
251.346,0
251.453,15
251.56,0
251.667,22
251.774,3
251.881,2
251.988,11
252.094,0
252.201,0
252.308,42
252.415,47
252.522,7
252.629,0
252.736,9
252.843,0
252.949,0
253.056,39
253.163,4
253.27,0
253.377,30
253.484,0
253.591,19
253.698,0
253.804,0
253.911,0
254.018,17
254.125,0
254.232,0
254.339,17
254.446,0
254.553,15
254.659,0
254.766,0
254.873,23
254.98,23
255.087,0
255.194,33
255.301,29
255.408,0
255.514,0
255.621,12
255.728,16
255.835,7
255.942,12
256.049,3
256.156,8
256.263,5
256.369,19
256.476,14
256.583,3
256.69,0
256.797,1
256.904,0
257.011,0
257.118,0
257.224,0
257.331,0
257.438,10
257.545,14
257.652,0
257.759,0
257.866,0
257.973,1
258.079,18
258.186,0
258.293,5
258.4,0
258.507,11
258.614,1
258.721,18
258.828,21
258.934,0
259.041,0
259.148,0
259.255,0
259.362,0
259.469,20
259.576,0
259.683,0
259.789,0
259.896,32
260.003,17
260.11,0
260.217,14
260.324,9
260.431,15
260.537,0
260.644,35
260.751,0
260.858,4
260.965,0
261.072,6
261.179,6
261.286,0
261.392,9
261.499,0
261.606,21
261.713,5
261.82,0
261.927,1
262.034,0
262.141,24
262.247,14
262.354,11
262.461,0
262.568,2
262.675,13
262.782,0
262.889,0
262.996,30
263.102,43
263.209,0
263.316,9
263.423,1
263.53,1
263.637,29
263.744,0
263.85,7
263.957,13
264.064,7
264.171,17
264.278,0
264.385,0
264.492,16
264.599,3
264.705,37
264.812,0
264.919,0
265.026,13
265.133,0
265.24,0
265.347,22
265.454,21
265.56,3
265.667,14
265.774,17
265.881,0
265.988,0
266.095,6
266.202,16
266.308,30
266.415,20
266.522,0
266.629,7
266.736,0
266.843,0
266.95,13
267.057,3
267.163,1
267.27,0
267.377,10
267.484,11
267.591,0
267.698,0
267.805,0
267.911,3
268.018,0
268.125,0
268.232,0
268.339,13
268.446,0
268.553,0
268.66,24
268.766,1
268.873,0
268.98,21
269.087,19
269.194,0
269.301,0
269.408,0
269.514,0
269.621,10
269.728,0
269.835,13
269.942,0
270.049,6
270.156,0
270.263,8
270.369,24
270.476,15
270.583,7
270.69,0
270.797,15
270.904,0
271.011,7
271.117,19
271.224,16
271.331,0
271.438,14
271.545,0
271.652,0
271.759,31
271.866,40
271.972,0
272.079,0
272.186,0
272.293,0
272.4,0
272.507,5
272.614,6
272.72,0
272.827,29
272.934,28
273.041,0
273.148,0
273.255,0
273.362,1
273.468,0
273.575,0
273.682,58
273.789,16
273.896,4
274.003,0
274.11,0
274.217,0
274.323,16
274.43,17
274.537,7
274.644,0
274.751,0
274.858,12
274.965,7
275.071,0
275.178,16
275.285,8
275.392,0
275.499,0
275.606,4
275.713,26
275.819,4
275.926,3
276.033,29
276.14,71
276.247,59
276.354,95
276.461,163
276.567,119
276.674,0
276.781,0
276.888,6
276.995,12
277.102,0
277.209,0
277.315,0
277.422,15
277.529,14
277.636,0
277.743,0
277.85,12
277.957,17
278.064,6
278.17,24
278.277,0
278.384,0
278.491,0
278.598,7
278.705,0
278.812,0
278.918,0
279.025,0
279.132,0
279.239,0
279.346,0
279.453,0
279.56,0
279.666,8
279.773,0
279.88,0
279.987,8
280.094,0
280.201,0
280.308,0
280.414,0
280.521,0
280.628,24
280.735,0
280.842,0
280.949,16
281.056,39
281.162,0
281.269,0
281.376,18
281.483,13
281.59,12
281.697,42
281.804,42
281.91,25
282.017,0
282.124,0
282.231,0
282.338,0
282.445,16
282.552,6
282.658,23
282.765,4
282.872,0
282.979,15
283.086,26
283.193,0
283.3,0
283.406,15
283.513,11
283.62,5
283.727,7
283.834,0
283.941,0
284.048,13
284.154,0
284.261,2
284.368,31
284.475,18
284.582,9
284.689,13
284.796,0
284.902,0
285.009,0
285.116,0
285.223,0
285.33,0
285.437,9
285.544,6
285.65,0
285.757,13
285.864,18
285.971,2
286.078,0
286.185,36
286.292,0
286.398,0
286.505,14
286.612,11
286.719,0
286.826,0
286.933,18
287.039,0
287.146,0
287.253,0
287.36,0
287.467,24
287.574,10
287.681,0
287.787,0
287.894,0
288.001,4
288.108,0
288.215,0
288.322,6
288.429,0
288.535,1
288.642,0
288.749,0
288.856,8
288.963,0
289.07,24
289.177,0
289.283,13
289.39,20
289.497,0
289.604,12
289.711,6
289.818,21
289.924,0
290.031,0
290.138,8
290.245,39
290.352,0
290.459,0
290.566,0
290.672,4
290.779,15
290.886,0
290.993,4
291.1,0
291.207,34
291.314,0
291.42,17
291.527,10
291.634,0
291.741,0
291.848,0
291.955,0
292.062,0
292.168,0
292.275,19
292.382,0
292.489,0
292.596,4
292.703,3
292.809,0
292.916,18
293.023,14
293.13,12
293.237,4
293.344,35
293.451,17
293.557,0
293.664,0
293.771,12
293.878,1
293.985,8
294.092,35
294.198,14
294.305,44
294.412,23
294.519,3
294.626,15
294.733,14
294.84,0
294.946,14
295.053,66
295.16,23
295.267,8
295.374,0
295.481,8
295.588,0
295.694,22
295.801,0
295.908,0
296.015,0
296.122,0
296.229,0
296.335,35
296.442,0
296.549,13
296.656,6
296.763,0
296.87,8
296.977,92
297.083,111
297.19,55
297.297,5
297.404,11
297.511,56
297.618,41
297.724,26
297.831,0
297.938,0
298.045,8
298.152,0
298.259,20
298.365,15
298.472,0
298.579,0
298.686,0
298.793,0
298.9,0
299.007,0
299.113,22
299.22,0
299.327,0
299.434,12
299.541,12
299.648,0
299.754,4
299.861,15
299.968,0
300.075,0
300.182,3
300.289,4
300.396,0
300.502,2
300.609,0
300.716,6
300.823,3
300.93,0
301.037,0
301.143,0
301.25,0
301.357,0
301.464,3
301.571,0
301.678,0
301.784,11
301.891,21
301.998,8
302.105,11
302.212,30
302.319,17
302.426,2
302.532,12
302.639,0
302.746,9
302.853,13
302.96,0
303.067,0
303.173,0
303.28,14
303.387,3
303.494,11
303.601,5
303.708,6
303.814,0
303.921,2
304.028,13
304.135,14
304.242,3
304.349,0
304.456,34
304.562,0
304.669,0
304.776,24
304.883,13
304.99,11
305.097,2
305.203,0
305.31,24
305.417,11
305.524,15
305.631,0
305.738,30
305.844,5
305.951,0
306.058,0
306.165,0
306.272,23
306.379,12
306.485,0
306.592,0
306.699,21
306.806,0
306.913,9
307.02,15
307.126,25
307.233,10
307.34,0
307.447,17
307.554,0
307.661,0
307.767,4
307.874,0
307.981,0
308.088,0
308.195,1
308.302,7
308.409,35
308.515,25
308.622,0
308.729,0
308.836,7
308.943,8
309.05,0
309.156,0
309.263,0
309.37,0
309.477,0
309.584,8
309.691,1
309.797,0
309.904,25
310.011,0
310.118,33
310.225,0
310.332,2
310.438,0
310.545,32
310.652,14
310.759,5
310.866,0
310.973,15
311.079,17
311.186,0
311.293,0
311.4,8
311.507,2
311.614,0
311.72,20
311.827,0
311.934,0
312.041,15
312.148,11
312.255,0
312.361,0
312.468,0
312.575,24
312.682,21
312.789,0
312.896,0
313.002,0
313.109,19
313.216,0
313.323,21
313.43,18
313.537,14
313.643,0
313.75,0
313.857,24
313.964,35
314.071,18
314.178,0
314.284,13
314.391,10
314.498,0
314.605,9
314.712,0
314.819,0
314.925,0
315.032,5
315.139,0
315.246,0
315.353,17
315.46,17
315.566,0
315.673,11
315.78,6
315.887,0
315.994,9
316.1,0
316.207,0
316.314,0
316.421,56
316.528,7
316.635,0
316.741,0
316.848,20
316.955,0
317.062,0
317.169,30
317.276,11
317.382,4
317.489,4
317.596,14
317.703,6
317.81,0
317.917,0
318.023,6
318.13,0
318.237,0
318.344,29
318.451,2
318.558,0
318.664,18
318.771,20
318.878,14
318.985,0
319.092,8
319.199,10
319.305,0
319.412,6
319.519,0
319.626,0
319.733,0
319.839,22
319.946,0
320.053,0
320.16,16
320.267,17
320.374,16
320.48,0
320.587,0
320.694,0
320.801,0
320.908,0
321.015,24
321.121,11
321.228,31
321.335,80
321.442,34
321.549,4
321.655,18
321.762,0
321.869,12
321.976,3
322.083,0
322.19,0
322.296,11
322.403,14
322.51,0
322.617,0
322.724,11
322.831,10
322.937,0
323.044,8
323.151,0
323.258,20
323.365,0
323.472,0
323.578,24
323.685,34
323.792,21
323.899,0
324.006,10
324.112,8
324.219,0
324.326,7
324.433,0
324.54,2
324.647,29
324.753,22
324.86,0
324.967,18
325.074,6
325.181,0
325.287,0
325.394,14
325.501,23
325.608,14
325.715,8
325.822,0
325.928,0
326.035,29
326.142,176
326.249,142
326.356,60
326.463,8
326.569,0
326.676,0
326.783,2
326.89,0
326.997,0
327.103,19
327.21,29
327.317,0
327.424,0
327.531,0
327.638,53
327.744,69
327.851,26
327.958,16
328.065,1
328.172,15
328.278,0
328.385,9
328.492,0
328.599,0
328.706,0
328.813,0
328.919,36
329.026,0
329.133,0
329.24,25
329.347,48
329.453,0
329.56,0
329.667,14
329.774,0
329.881,0
329.988,15
330.094,0
330.201,0
330.308,0
330.415,26
330.522,7
330.628,20
330.735,0
330.842,38
330.949,0
331.056,7
331.162,0
331.269,0
331.376,0
331.483,5
331.59,0
331.697,43
331.803,19
331.91,20
332.017,4
332.124,0
332.231,17
332.337,14
332.444,0
332.551,10
332.658,0
332.765,21
332.872,10
332.978,0
333.085,0
333.192,10
333.299,15
333.406,0
333.512,23
333.619,17
333.726,13
333.833,13
333.94,12
334.046,4
334.153,11
334.26,0
334.367,0
334.474,0
334.581,20
334.687,5
334.794,3
334.901,0
335.008,11
335.115,0
335.221,14
335.328,0
335.435,0
335.542,18
335.649,0
335.755,22
335.862,0
335.969,5
336.076,8
336.183,19
336.29,0
336.396,1
336.503,8
336.61,0
336.717,6
336.824,19
336.93,1
337.037,0
337.144,14
337.251,0
337.358,15
337.464,11
337.571,0
337.678,0
337.785,59
337.892,30
337.998,0
338.105,0
338.212,20
338.319,8
338.426,0
338.533,22
338.639,36
338.746,5
338.853,7
338.96,0
339.067,12
339.173,7
339.28,0
339.387,12
339.494,6
339.601,0
339.707,0
339.814,32
339.921,10
340.028,0
340.135,0
340.241,4
340.348,0
340.455,0
340.562,8
340.669,28
340.775,2
340.882,14
340.989,13
341.096,0
341.203,0
341.309,14
341.416,27
341.523,2
341.63,0
341.737,9
341.844,28
341.95,0
342.057,9
342.164,19
342.271,27
342.378,11
342.484,2
342.591,0
342.698,11
342.805,0
342.912,0
343.018,0
343.125,4
343.232,0
343.339,5
343.446,22
343.552,11
343.659,0
343.766,2
343.873,0
343.98,0
344.086,0
344.193,0
344.3,23
344.407,44
344.514,5
344.62,0
344.727,5
344.834,0
344.941,0
345.048,0
345.154,0
345.261,0
345.368,15
345.475,1
345.582,0
345.688,12
345.795,42
345.902,0
346.009,0
346.116,14
346.222,12
346.329,0
346.436,6
346.543,25
346.65,0
346.756,0
346.863,0
346.97,1
347.077,3
347.184,14
347.29,7
347.397,11
347.504,0
347.611,0
347.718,0
347.824,3
347.931,2
348.038,0
348.145,13
348.252,0
348.358,11
348.465,35
348.572,10
348.679,0
348.786,0
348.892,0
348.999,0
349.106,0
349.213,0
349.32,26
349.426,0
349.533,0
349.64,13
349.747,26
349.854,0
349.96,26
350.067,11
350.174,0
350.281,0
350.388,0
350.494,0
350.601,0
350.708,0
350.815,0
350.922,0
351.028,7
351.135,0
351.242,0
351.349,0
351.456,0
351.562,0
351.669,20
351.776,0
351.883,11
351.989,0
352.096,0
352.203,0
352.31,0
352.417,8
352.523,25
352.63,0
352.737,1
352.844,7
352.951,13
353.057,0
353.164,3
353.271,0
353.378,8
353.485,45
353.591,6
353.698,8
353.805,12
353.912,0
354.019,0
354.125,15
354.232,0
354.339,0
354.446,0
354.553,5
354.659,4
354.766,0
354.873,13
354.98,13
355.086,0
355.193,13
355.3,0
355.407,0
355.514,2
355.62,27
355.727,0
355.834,0
355.941,0
356.048,10
356.154,0
356.261,0
356.368,5
356.475,0
356.582,0
356.688,0
356.795,0
356.902,9
357.009,2
357.115,14
357.222,6
357.329,0
357.436,19
357.543,35
357.649,3
357.756,3
357.863,8
357.97,11
358.077,0
358.183,0
358.29,33
358.397,0
358.504,0
358.61,8
358.717,0
358.824,0
358.931,0
359.038,0
359.144,2
359.251,2
359.358,0
359.465,0
359.572,7
359.678,28
359.785,8
359.892,0
359.999,26
360.105,21
360.212,0
360.319,5
360.426,2
360.533,14
360.639,34
360.746,15
360.853,20
360.96,0
361.067,16
361.173,18
361.28,16
361.387,13
361.494,0
361.6,11
361.707,0
361.814,2
361.921,31
362.028,0
362.134,0
362.241,10
362.348,17
362.455,0
362.562,18
362.668,14
362.775,0
362.882,15
362.989,0
363.095,0
363.202,2
363.309,19
363.416,5
363.523,19
363.629,0
363.736,10
363.843,0
363.95,14
364.056,22
364.163,0
364.27,19
364.377,9
364.484,0
364.59,0
364.697,0
364.804,2
364.911,0
365.017,0
365.124,0
365.231,6
365.338,0
365.445,10
365.551,18
365.658,17
365.765,24
365.872,0
365.979,0
366.085,0
366.192,1
366.299,12
366.406,9
366.512,24
366.619,39
366.726,0
366.833,8
366.94,0
367.046,13
367.153,9
367.26,0
367.367,3
367.473,12
367.58,8
367.687,9
367.794,6
367.9,8
368.007,15
368.114,0
368.221,0
368.328,13
368.434,11
368.541,0
368.648,13
368.755,0
368.861,0
368.968,13
369.075,14
369.182,28
369.289,68
369.395,5
369.502,13
369.609,0
369.716,0
369.822,34
369.929,37
370.036,1
370.143,5
370.25,27
370.356,9
370.463,0
370.57,0
370.677,0
370.783,0
370.89,8
370.997,0
371.104,13
371.211,0
371.317,5
371.424,0
371.531,25
371.638,6
371.744,2
371.851,1
371.958,0
372.065,14
372.171,0
372.278,0
372.385,18
372.492,7
372.599,21
372.705,6
372.812,0
372.919,12
373.026,0
373.132,0
373.239,21
373.346,0
373.453,0
373.559,0
373.666,0
373.773,15
373.88,12
373.987,0
374.093,0
374.2,13
374.307,11
374.414,5
374.52,19
374.627,9
374.734,4
374.841,17
374.947,11
375.054,12
375.161,0
375.268,0
375.375,8
375.481,7
375.588,0
375.695,0
375.802,0
375.908,3
376.015,0
376.122,23
376.229,0
376.335,4
376.442,0
376.549,0
376.656,0
376.763,19
376.869,0
376.976,1
377.083,14
377.19,0
377.296,0
377.403,41
377.51,6
377.617,15
377.723,0
377.83,0
377.937,12
378.044,10
378.15,0
378.257,10
378.364,8
378.471,2
378.578,7
378.684,0
378.791,0
378.898,10
379.005,29
379.111,0
379.218,0
379.325,0
379.432,0
379.538,0
379.645,0
379.752,0
379.859,12
379.965,5
380.072,6
380.179,27
380.286,23
380.392,0
380.499,144
380.606,143
380.713,58
380.82,0
380.926,0
381.033,0
381.14,14
381.247,10
381.353,0
381.46,0
381.567,2
381.674,14
381.78,0
381.887,14
381.994,0
382.101,0
382.207,4
382.314,6
382.421,16
382.528,0
382.634,0
382.741,4
382.848,10
382.955,0
383.061,2
383.168,34
383.275,23
383.382,17
383.488,9
383.595,30
383.702,13
383.809,0
383.916,4
384.022,3
384.129,36
384.236,0
384.343,0
384.449,0
384.556,9
384.663,0
384.77,10
384.876,0
384.983,2
385.09,10
385.197,0
385.303,22
385.41,0
385.517,0
385.624,6
385.73,0
385.837,17
385.944,0
386.051,0
386.157,6
386.264,0
386.371,0
386.478,7
386.584,0
386.691,16
386.798,0
386.905,0
387.011,17
387.118,0
387.225,0
387.332,0
387.438,5
387.545,4
387.652,5
387.759,0
387.865,17
387.972,0
388.079,3
388.186,16
388.292,4
388.399,19
388.506,0
388.613,30
388.719,9
388.826,0
388.933,12
389.04,9
389.146,4
389.253,0
389.36,32
389.467,14
389.573,2
389.68,23
389.787,0
389.894,0
390,6
390.107,6
390.214,0
390.321,0
390.427,8
390.534,17
390.641,13
390.748,11
390.854,19
390.961,0
391.068,0
391.175,50
391.281,28
391.388,0
391.495,40
391.602,60
391.708,16
391.815,0
391.922,0
392.029,2
392.135,0
392.242,0
392.349,6
392.456,0
392.562,5
392.669,14
392.776,0
392.883,14
392.989,0
393.096,38
393.203,32
393.31,8
393.416,0
393.523,1
393.63,0
393.737,19
393.843,2
393.95,0
394.057,26
394.164,23
394.27,63
394.377,76
394.484,55
394.591,18
394.697,3
394.804,14
394.911,24
395.018,23
395.124,12
395.231,0
395.338,15
395.445,10
395.551,14
395.658,0
395.765,8
395.871,7
395.978,0
396.085,19
396.192,37
396.298,2
396.405,2
396.512,13
396.619,14
396.725,0
396.832,11
396.939,15
397.046,8
397.152,4
397.259,26
397.366,37
397.473,0
397.579,0
397.686,0
397.793,12
397.9,0
398.006,0
398.113,0
398.22,0
398.327,0
398.433,0
398.54,12
398.647,11
398.753,0
398.86,6
398.967,7
399.074,0
399.18,0
399.287,0
399.394,0
399.501,6
399.607,28
399.714,3
399.821,0
399.928,24
400.034,25
400.141,27
400.248,0
400.355,5
400.461,0
400.568,0
400.675,18
400.781,10
400.888,4
400.995,0
401.102,0
401.208,6
401.315,0
401.422,7
401.529,10
401.635,11
401.742,0
401.849,46
401.956,21
402.062,0
402.169,0
402.276,0
402.382,16
402.489,23
402.596,21
402.703,9
402.809,12
402.916,34
403.023,19
403.13,0
403.236,0
403.343,30
403.45,15
403.557,0
403.663,67
403.77,71
403.877,12
403.983,0
404.09,0
404.197,4
404.304,4
404.41,0
404.517,11
404.624,0
404.731,0
404.837,2
404.944,0
405.051,14
405.158,7
405.264,0
405.371,22
405.478,14
405.584,0
405.691,0
405.798,0
405.905,2
406.011,26
406.118,17
406.225,0
406.332,0
406.438,1
406.545,1
406.652,0
406.758,0
406.865,27
406.972,115
407.079,67
407.185,0
407.292,0
407.399,11
407.506,0
407.612,0
407.719,0
407.826,25
407.932,0
408.039,0
408.146,26
408.253,0
408.359,4
408.466,10
408.573,0
408.68,25
408.786,36
408.893,54
409,10
409.106,8
409.213,12
409.32,0
409.427,25
409.533,0
409.64,2
409.747,12
409.853,8
409.96,0
410.067,0
410.174,14
410.28,7
410.387,6
410.494,6
410.601,1
410.707,23
410.814,8
410.921,18
411.027,0
411.134,3
411.241,0
411.348,1
411.454,10
411.561,0
411.668,8
411.774,0
411.881,0
411.988,0
412.095,0
412.201,13
412.308,0
412.415,0
412.522,32
412.628,55
412.735,9
412.842,0
412.948,0
413.055,0
413.162,21
413.269,0
413.375,0
413.482,2
413.589,0
413.695,0
413.802,0
413.909,6
414.016,29
414.122,59
414.229,45
414.336,51
414.442,16
414.549,2
414.656,0
414.763,0
414.869,27
414.976,0
415.083,21
415.189,45
415.296,173
415.403,117
415.51,29
415.616,11
415.723,15
415.83,6
415.936,0
416.043,62
416.15,254
416.257,200
416.363,48
416.47,0
416.577,0
416.683,0
416.79,0
416.897,8
417.004,73
417.11,101
417.217,56
417.324,8
417.43,0
417.537,0
417.644,25
417.751,0
417.857,34
417.964,33
418.071,41
418.177,70
418.284,29
418.391,12
418.498,20
418.604,0
418.711,11
418.818,10
418.924,16
419.031,24
419.138,4
419.245,12
419.351,14
419.458,30
419.565,0
419.671,8
419.778,24
419.885,0
419.992,18
420.098,18
420.205,30
420.312,44
420.418,53
420.525,17
420.632,0
420.738,0
420.845,0
420.952,21
421.059,3
421.165,9
421.272,0
421.379,7
421.485,0
421.592,0
421.699,0
421.806,7
421.912,0
422.019,18
422.126,43
422.232,27
422.339,2
422.446,6
422.552,15
422.659,17
422.766,23
422.873,0
422.979,34
423.086,2
423.193,33
423.299,0
423.406,22
423.513,0
423.62,0
423.726,0
423.833,0
423.94,12
424.046,10
424.153,0
424.26,0
424.366,0
424.473,6
424.58,0
424.687,0
424.793,14
424.9,4
425.007,0
425.113,0
425.22,14
425.327,15
425.433,1
425.54,13
425.647,6
425.754,24
425.86,17
425.967,15
426.074,0
426.18,17
426.287,16
426.394,3
426.5,0
426.607,0
426.714,25
426.821,0
426.927,0
427.034,0
427.141,5
427.247,3
427.354,0
427.461,16
427.567,8
427.674,9
427.781,0
427.888,0
427.994,15
428.101,0
428.208,8
428.314,14
428.421,5
428.528,6
428.634,0
428.741,15
428.848,0
428.955,0
429.061,22
429.168,12
429.275,0
429.381,0
429.488,0
429.595,4
429.701,49
429.808,38
429.915,14
430.021,0
430.128,4
430.235,8
430.342,0
430.448,28
430.555,3
430.662,0
430.768,0
430.875,13
430.982,0
431.088,16
431.195,0
431.302,0
431.409,6
431.515,0
431.622,0
431.729,0
431.835,4
431.942,30
432.049,28
432.155,0
432.262,10
432.369,5
432.475,38
432.582,30
432.689,106
432.796,137
432.902,80
433.009,0
433.116,0
433.222,18
433.329,24
433.436,19
433.542,18
433.649,3
433.756,0
433.862,36
433.969,40
434.076,0
434.182,72
434.289,93
434.396,23
434.503,0
434.609,0
434.716,15
434.823,0
434.929,0
435.036,37
435.143,60
435.249,50
435.356,0
435.463,8
435.569,8
435.676,4
435.783,0
435.889,0
435.996,26
436.103,56
436.21,41
436.316,12
436.423,0
436.53,0
436.636,34
436.743,82
436.85,21
436.956,6
437.063,0
437.17,4
437.276,8
437.383,20
437.49,0
437.596,20
437.703,58
437.81,26
437.916,0
438.023,0
438.13,18
438.237,0
438.343,0
438.45,9
438.557,0
438.663,17
438.77,71
438.877,224
438.983,267
439.09,262
439.197,162
439.303,65
439.41,4
439.517,0
439.623,0
439.73,0
439.837,108
439.943,184
440.05,74
440.157,0
440.263,62
440.37,91
440.477,49
440.583,0
440.69,18
440.797,16
440.904,0
441.01,20
441.117,10
441.224,7
441.33,0
441.437,0
441.544,15
441.65,22
441.757,19
441.864,0
441.97,9
442.077,0
442.184,10
442.29,0
442.397,12
442.504,7
442.61,15
442.717,0
442.824,0
442.93,0
443.037,0
443.144,61
443.25,76
443.357,36
443.464,25
443.57,0
443.677,0
443.784,19
443.89,17
443.997,7
444.104,0
444.21,0
444.317,0
444.424,0
444.53,0
444.637,29
444.744,0
444.851,0
444.957,0
445.064,0
445.171,11
445.277,0
445.384,0
445.491,18
445.597,0
445.704,0
445.811,0
445.917,17
446.024,0
446.131,0
446.237,0
446.344,2
446.451,0
446.557,5
446.664,7
446.771,8
446.877,7
446.984,8
447.091,13
447.197,11
447.304,3
447.411,0
447.517,0
447.624,2
447.731,0
447.837,5
447.944,6
448.051,6
448.157,0
448.264,18
448.371,0
448.477,6
448.584,3
448.691,0
448.797,3
448.904,9
449.011,12
449.117,0
449.224,0
449.331,20
449.437,0
449.544,0
449.651,11
449.757,0
449.864,0
449.971,7
450.077,9
450.184,0
450.291,0
450.397,7
450.504,13
450.611,13
450.717,0
450.824,0
450.931,0
451.037,0
451.144,0
451.251,31
451.357,2
451.464,0
451.571,0
451.677,0
451.784,28
451.891,0
451.997,0
452.104,15
452.21,5
452.317,0
452.424,21
452.53,0
452.637,0
452.744,0
452.85,0
452.957,20
453.064,6
453.17,0
453.277,13
453.384,60
453.49,59
453.597,35
453.704,18
453.81,12
453.917,0
454.024,0
454.13,26
454.237,0
454.344,0
454.45,8
454.557,20
454.664,0
454.77,0
454.877,0
454.984,0
455.09,0
455.197,30
455.304,22
455.41,4
455.517,0
455.624,0
455.73,6
455.837,5
455.944,10
456.05,0
456.157,0
456.263,10
456.37,9
456.477,0
456.583,5
456.69,0
456.797,0
456.903,8
457.01,3
457.117,0
457.223,0
457.33,0
457.437,0
457.543,8
457.65,0
457.757,15
457.863,0
457.97,2
458.077,3
458.183,8
458.29,21
458.397,14
458.503,25
458.61,47
458.716,33
458.823,2
458.93,22
459.036,8
459.143,0
459.25,3
459.356,0
459.463,8
459.57,37
459.676,24
459.783,37
459.89,0
459.996,27
460.103,0
460.21,6
460.316,63
460.423,64
460.53,33
460.636,8
460.743,0
460.849,0
460.956,0
461.063,0
461.169,0
461.276,22
461.383,16
461.489,0
461.596,2
461.703,23
461.809,0
461.916,0
462.023,0
462.129,0
462.236,0
462.342,0
462.449,2
462.556,0
462.662,6
462.769,10
462.876,28
462.982,6
463.089,0
463.196,26
463.302,17
463.409,0
463.516,0
463.622,12
463.729,18
463.835,18
463.942,0
464.049,0
464.155,1
464.262,0
464.369,0
464.475,0
464.582,0
464.689,9
464.795,12
464.902,0
465.009,0
465.115,12
465.222,16
465.328,0
465.435,10
465.542,8
465.648,0
465.755,0
465.862,30
465.968,48
466.075,10
466.182,4
466.288,26
466.395,17
466.501,3
466.608,0
466.715,0
466.821,22
466.928,0
467.035,3
467.141,8
467.248,0
467.355,9
467.461,8
467.568,4
467.674,18
467.781,3
467.888,20
467.994,0
468.101,1
468.208,0
468.314,5
468.421,0
468.528,21
468.634,82
468.741,68
468.847,11
468.954,0
469.061,5
469.167,0
469.274,0
469.381,0
469.487,0
469.594,17
469.701,3
469.807,0
469.914,19
470.02,0
470.127,0
470.234,1
470.34,24
470.447,23
470.554,0
470.66,0
470.767,0
470.873,26
470.98,0
471.087,0
471.193,0
471.3,10
471.407,23
471.513,7
471.62,14
471.727,11
471.833,48
471.94,40
472.046,16
472.153,0
472.26,0
472.366,7
472.473,11
472.58,2
472.686,8
472.793,23
472.899,4
473.006,0
473.113,25
473.219,117
473.326,81
473.433,58
473.539,122
473.646,132
473.752,98
473.859,25
473.966,16
474.072,8
474.179,11
474.286,7
474.392,0
474.499,8
474.605,20
474.712,23
474.819,35
474.925,0
475.032,13
475.139,12
475.245,0
475.352,0
475.458,11
475.565,0
475.672,0
475.778,22
475.885,0
475.992,27
476.098,0
476.205,4
476.311,0
476.418,11
476.525,27
476.631,7
476.738,17
476.844,0
476.951,0
477.058,0
477.164,0
477.271,0
477.378,11
477.484,9
477.591,0
477.697,1
477.804,45
477.911,44
478.017,14
478.124,0
478.231,19
478.337,27
478.444,5
478.55,0
478.657,0
478.764,11
478.87,33
478.977,146
479.083,103
479.19,41
479.297,1
479.403,0
479.51,11
479.617,15
479.723,0
479.83,26
479.936,30
480.043,69
480.15,43
480.256,0
480.363,18
480.469,16
480.576,20
480.683,0
480.789,0
480.896,0
481.003,18
481.109,46
481.216,80
481.322,105
481.429,51
481.536,19
481.642,0
481.749,0
481.855,26
481.962,0
482.069,0
482.175,4
482.282,0
482.388,0
482.495,14
482.602,8
482.708,6
482.815,24
482.922,17
483.028,0
483.135,0
483.241,15
483.348,4
483.455,2
483.561,1
483.668,17
483.774,28
483.881,0
483.988,0
484.094,18
484.201,20
484.307,9
484.414,0
484.521,0
484.627,15
484.734,0
484.84,0
484.947,16
485.054,3
485.16,0
485.267,5
485.373,16
485.48,8
485.587,0
485.693,4
485.8,0
485.907,12
486.013,2
486.12,0
486.226,17
486.333,17
486.44,0
486.546,0
486.653,11
486.759,0
486.866,0
486.973,0
487.079,0
487.186,45
487.292,20
487.399,9
487.506,0
487.612,10
487.719,9
487.825,19
487.932,10
488.039,0
488.145,0
488.252,0
488.358,0
488.465,0
488.572,0
488.678,0
488.785,33
488.891,41
488.998,5
489.105,2
489.211,21
489.318,35
489.424,0
489.531,4
489.638,2
489.744,21
489.851,0
489.957,17
490.064,4
490.171,16
490.277,0
490.384,10
490.49,1
490.597,9
490.704,28
490.81,13
490.917,12
491.023,0
491.13,0
491.237,0
491.343,0
491.45,0
491.556,0
491.663,0
491.769,0
491.876,0
491.983,25
492.089,1
492.196,0
492.302,16
492.409,0
492.516,0
492.622,0
492.729,18
492.835,0
492.942,0
493.049,33
493.155,0
493.262,1
493.368,18
493.475,0
493.582,2
493.688,36
493.795,8
493.901,8
494.008,24
494.114,21
494.221,6
494.328,0
494.434,9
494.541,8
494.647,0
494.754,12
494.861,8
494.967,0
495.074,0
495.18,6
495.287,0
495.394,2
495.5,0
495.607,12
495.713,12
495.82,0
495.926,5
496.033,1
496.14,0
496.246,12
496.353,0
496.459,0
496.566,0
496.673,0
496.779,10
496.886,0
496.992,26
497.099,20
497.206,0
497.312,2
497.419,19
497.525,0
497.632,7
497.738,0
497.845,19
497.952,17
498.058,0
498.165,19
498.271,9
498.378,0
498.485,3
498.591,0
498.698,8
498.804,0
498.911,16
499.017,0
499.124,5
499.231,0
499.337,0
499.444,21
499.55,2
499.657,2
499.763,0
499.87,10
499.977,11
500.083,0
500.19,0
500.296,28
500.403,0
500.51,0
500.616,9
500.723,0
500.829,7
500.936,18
501.042,27
501.149,11
501.256,0
501.362,0
501.469,0
501.575,0
501.682,11
501.788,0
501.895,0
502.002,22
502.108,5
502.215,9
502.321,14
502.428,0
502.534,0
502.641,7
502.748,4
502.854,35
502.961,22
503.067,5
503.174,0
503.281,36
503.387,15
503.494,0
503.6,9
503.707,0
503.813,6
503.92,28
504.027,6
504.133,26
504.24,19
504.346,15
504.453,9
504.559,0
504.666,7
504.773,24
504.879,0
504.986,0
505.092,9
505.199,0
505.305,21
505.412,17
505.518,7
505.625,27
505.732,1
505.838,0
505.945,0
506.051,16
506.158,0
506.264,0
506.371,2
506.478,0
506.584,0
506.691,9
506.797,8
506.904,17
507.01,6
507.117,2
507.224,8
507.33,0
507.437,0
507.543,2
507.65,4
507.756,16
507.863,0
507.97,25
508.076,0
508.183,0
508.289,0
508.396,0
508.502,39
508.609,41
508.715,0
508.822,0
508.929,0
509.035,0
509.142,2
509.248,0
509.355,0
509.461,0
509.568,0
509.675,0
509.781,0
509.888,17
509.994,0
510.101,9
510.207,0
510.314,18
510.42,12
510.527,0
510.634,12
510.74,13
510.847,33
510.953,8
511.06,0
511.166,2
511.273,2
511.379,5
511.486,16
511.593,0
511.699,10
511.806,18
511.912,12
512.019,43
512.125,0
512.232,0
512.339,0
512.445,0
512.552,17
512.658,17
512.765,16
512.871,24
512.978,0
513.084,0
513.191,5
513.298,0
513.404,17
513.511,0
513.617,6
513.724,13
513.83,5
513.937,6
514.043,0
514.15,8
514.256,12
514.363,0
514.47,10
514.576,0
514.683,0
514.789,3
514.896,16
515.002,23
515.109,0
515.215,21
515.322,8
515.429,0
515.535,13
515.642,8
515.748,13
515.855,4
515.961,4
516.068,0
516.174,10
516.281,0
516.388,0
516.494,0
516.601,0
516.707,11
516.814,3
516.92,5
517.027,0
517.133,19
517.24,5
517.346,0
517.453,5
517.56,17
517.666,0
517.773,4
517.879,9
517.986,6
518.092,16
518.199,2
518.305,0
518.412,0
518.518,33
518.625,0
518.732,0
518.838,17
518.945,0
519.051,0
519.158,77
519.264,26
519.371,0
519.477,11
519.584,0
519.69,7
519.797,17
519.903,11
520.01,0
520.117,0
520.223,0
520.33,13
520.436,21
520.543,0
520.649,0
520.756,3
520.862,0
520.969,0
521.075,0
521.182,4
521.289,14
521.395,0
521.502,1
521.608,14
521.715,17
521.821,0
521.928,1
522.034,8
522.141,0
522.247,0
522.354,3
522.46,14
522.567,12
522.674,0
522.78,17
522.887,2
522.993,0
523.1,27
523.206,6
523.313,0
523.419,20
523.526,25
523.632,44
523.739,62
523.845,28
523.952,16
524.058,1
524.165,0
524.272,20
524.378,0
524.485,9
524.591,8
524.698,12
524.804,30
524.911,0
525.017,21
525.124,0
525.23,10
525.337,0
525.443,13
525.55,0
525.656,0
525.763,0
525.87,0
525.976,8
526.083,5
526.189,1
526.296,13
526.402,2
526.509,6
526.615,21
526.722,3
526.828,0
526.935,0
527.041,8
527.148,5
527.254,14
527.361,22
527.467,0
527.574,4
527.68,8
527.787,10
527.894,8
528,22
528.107,15
528.213,0
528.32,0
528.426,19
528.533,23
528.639,5
528.746,0
528.852,0
528.959,15
529.065,19
529.172,0
529.278,6
529.385,18
529.491,0
529.598,15
529.704,0
529.811,23
529.918,17
530.024,46
530.131,4
530.237,0
530.344,0
530.45,8
530.557,0
530.663,0
530.77,4
530.876,0
530.983,0
531.089,8
531.196,0
531.302,2
531.409,7
531.515,0
531.622,11
531.728,0
531.835,8
531.941,7
532.048,11
532.154,14
532.261,36
532.367,27
532.474,0
532.581,0
532.687,32
532.794,15
532.9,0
533.007,0
533.113,0
533.22,0
533.326,12
533.433,22
533.539,0
533.646,0
533.752,5
533.859,29
533.965,13
534.072,7
534.178,6
534.285,14
534.391,10
534.498,3
534.604,0
534.711,4
534.817,0
534.924,14
535.03,6
535.137,0
535.243,0
535.35,0
535.456,20
535.563,4
535.669,0
535.776,2
535.882,0
535.989,24
536.095,0
536.202,6
536.308,15
536.415,13
536.521,3
536.628,3
536.735,2
536.841,21
536.948,0
537.054,6
537.161,0
537.267,23
537.374,26
537.48,10
537.587,9
537.693,20
537.8,30
537.906,18
538.013,28
538.119,12
538.226,0
538.332,9
538.439,2
538.545,0
538.652,0
538.758,2
538.865,0
538.971,0
539.078,0
539.184,18
539.291,28
539.397,5
539.504,0
539.61,0
539.717,2
539.823,0
539.93,23
540.036,20
540.143,18
540.249,0
540.356,0
540.462,23
540.569,0
540.675,13
540.782,7
540.888,23
540.995,8
541.101,0
541.208,0
541.314,18
541.421,59
541.527,16
541.634,28
541.74,0
541.847,6
541.953,0
542.06,5
542.166,13
542.273,0
542.379,0
542.486,0
542.592,0
542.699,0
542.805,20
542.912,0
543.018,22
543.125,0
543.231,0
543.338,0
543.444,0
543.551,0
543.657,0
543.764,3
543.87,0
543.977,0
544.083,0
544.19,0
544.296,18
544.403,17
544.509,11
544.616,11
544.722,15
544.829,77
544.935,104
545.042,74
545.148,2
545.255,0
545.361,0
545.467,0
545.574,13
545.68,0
545.787,5
545.893,0
546,0
546.106,0
546.213,11
546.319,34
546.426,0
546.532,0
546.639,6
546.745,14
546.852,2
546.958,0
547.065,29
547.171,0
547.278,29
547.384,0
547.491,12
547.597,0
547.704,19
547.81,4
547.917,6
548.023,28
548.13,0
548.236,0
548.343,22
548.449,3
548.556,0
548.662,0
548.769,27
548.875,26
548.982,10
549.088,0
549.195,40
549.301,39
549.408,35
549.514,0
549.62,30
549.727,0
549.833,0
549.94,0
550.046,0
550.153,0
550.259,15
550.366,0
550.472,0
550.579,0
550.685,0
550.792,55
550.898,0
551.005,0
551.111,56
551.218,22
551.324,0
551.431,11
551.537,0
551.644,0
551.75,19
551.857,4
551.963,11
552.07,59
552.176,57
552.282,37
552.389,25
552.495,19
552.602,4
552.708,8
552.815,0
552.921,0
553.028,0
553.134,0
553.241,0
553.347,0
553.454,11
553.56,2
553.667,13
553.773,20
553.88,0
553.986,26
554.093,18
554.199,0
554.305,17
554.412,19
554.518,0
554.625,0
554.731,17
554.838,3
554.944,40
555.051,32
555.157,7
555.264,4
555.37,8
555.477,0
555.583,8
555.69,0
555.796,21
555.903,9
556.009,0
556.115,0
556.222,0
556.328,20
556.435,29
556.541,0
556.648,0
556.754,3
556.861,10
556.967,6
557.074,0
557.18,17
557.287,0
557.393,0
557.5,11
557.606,0
557.713,19
557.819,0
557.925,12
558.032,0
558.138,9
558.245,36
558.351,0
558.458,0
558.564,0
558.671,20
558.777,31
558.884,0
558.99,16
559.097,13
559.203,14
559.309,0
559.416,11
559.522,0
559.629,0
559.735,0
559.842,0
559.948,0
560.055,6
560.161,0
560.268,0
560.374,3
560.481,0
560.587,11
560.693,22
560.8,0
560.906,6
561.013,2
561.119,0
561.226,0
561.332,5
561.439,3
561.545,0
561.652,0
561.758,38
561.864,37
561.971,28
562.077,6
562.184,0
562.29,0
562.397,0
562.503,0
562.61,0
562.716,8
562.823,15
562.929,5
563.035,24
563.142,0
563.248,16
563.355,184
563.461,187
563.568,79
563.674,4
563.781,0
563.887,0
563.994,6
564.1,0
564.206,20
564.313,21
564.419,0
564.526,11
564.632,0
564.739,0
564.845,11
564.952,23
565.058,0
565.165,0
565.271,7
565.377,25
565.484,0
565.59,0
565.697,46
565.803,3
565.91,0
566.016,6
566.123,0
566.229,32
566.335,0
566.442,4
566.548,0
566.655,0
566.761,4
566.868,0
566.974,0
567.081,13
567.187,16
567.293,14
567.4,14
567.506,13
567.613,0
567.719,3
567.826,15
567.932,0
568.039,0
568.145,0
568.251,8
568.358,0
568.464,0
568.571,0
568.677,0
568.784,8
568.89,5
568.997,0
569.103,14
569.209,1
569.316,0
569.422,17
569.529,3
569.635,0
569.742,15
569.848,0
569.955,0
570.061,0
570.167,0
570.274,0
570.38,0
570.487,2
570.593,0
570.7,13
570.806,0
570.912,0
571.019,11
571.125,6
571.232,0
571.338,3
571.445,16
571.551,0
571.658,12
571.764,8
571.87,9
571.977,17
572.083,0
572.19,0
572.296,0
572.403,33
572.509,0
572.615,0
572.722,0
572.828,0
572.935,0
573.041,14
573.148,21
573.254,15
573.36,11
573.467,5
573.573,13
573.68,0
573.786,22
573.893,17
573.999,0
574.105,0
574.212,0
574.318,0
574.425,0
574.531,0
574.638,10
574.744,0
574.85,12
574.957,8
575.063,0
575.17,7
575.276,8
575.383,0
575.489,5
575.595,17
575.702,0
575.808,0
575.915,13
576.021,0
576.128,0
576.234,18
576.34,0
576.447,0
576.553,0
576.66,22
576.766,23
576.873,0
576.979,1
577.085,0
577.192,0
577.298,0
577.405,0
577.511,0
577.618,5
577.724,0
577.83,11
577.937,0
578.043,28
578.15,0
578.256,24
578.363,107
578.469,130
578.575,93
578.682,13
578.788,0
578.895,6
579.001,12
579.107,10
579.214,0
579.32,5
579.427,0
579.533,11
579.64,2
579.746,20
579.852,0
579.959,17
580.065,0
580.172,19
580.278,0
580.384,3
580.491,0
580.597,25
580.704,30
580.81,29
580.917,2
581.023,5
581.129,0
581.236,12
581.342,0
581.449,10
581.555,0
581.661,0
581.768,4
581.874,5
581.981,0
582.087,11
582.193,0
582.3,0
582.406,3
582.513,17
582.619,9
582.726,30
582.832,0
582.938,0
583.045,24
583.151,58
583.258,0
583.364,48
583.47,33
583.577,0
583.683,0
583.79,0
583.896,0
584.002,0
584.109,16
584.215,0
584.322,1
584.428,7
584.535,19
584.641,14
584.747,0
584.854,4
584.96,16
585.067,14
585.173,1
585.279,14
585.386,17
585.492,0
585.599,0
585.705,0
585.811,0
585.918,0
586.024,24
586.131,2
586.237,18
586.343,0
586.45,2
586.556,28
586.663,0
586.769,0
586.875,7
586.982,0
587.088,0
587.195,12
587.301,1
587.407,26
587.514,0
587.62,18
587.727,13
587.833,4
587.939,28
588.046,0
588.152,0
588.259,14
588.365,19
588.471,14
588.578,2
588.684,0
588.791,3
588.897,16
589.003,0
589.11,0
589.216,12
589.323,0
589.429,0
589.535,6
589.642,31
589.748,10
589.855,0
589.961,6
590.067,5
590.174,0
590.28,17
590.387,0
590.493,0
590.599,31
590.706,0
590.812,20
590.918,0
591.025,28
591.131,3
591.238,0
591.344,0
591.45,0
591.557,0
591.663,29
591.77,0
591.876,0
591.982,0
592.089,7
592.195,20
592.302,24
592.408,0
592.514,13
592.621,10
592.727,1
592.834,5
592.94,32
593.046,40
593.153,19
593.259,2
593.365,8
593.472,0
593.578,0
593.685,50
593.791,26
593.897,19
594.004,0
594.11,1
594.217,24
594.323,0
594.429,0
594.536,15
594.642,13
594.748,17
594.855,0
594.961,5
595.068,0
595.174,0
595.28,0
595.387,0
595.493,19
595.6,0
595.706,0
595.812,8
595.919,0
596.025,1
596.131,15
596.238,19
596.344,76
596.451,69
596.557,30
596.663,0
596.77,0
596.876,0
596.982,24
597.089,0
597.195,21
597.302,9
597.408,11
597.514,0
597.621,2
597.727,32
597.833,0
597.94,6
598.046,5
598.153,0
598.259,3
598.365,6
598.472,0
598.578,0
598.685,22
598.791,8
598.897,0
599.004,29
599.11,5
599.216,0
599.323,18
599.429,9
599.535,12
599.642,1
599.748,0
599.855,0
599.961,4
600.067,28
600.174,9
600.28,0
600.386,0
600.493,21
600.599,10
600.706,3
600.812,0
600.918,0
601.025,0
601.131,0
601.237,3
601.344,5
601.45,0
601.557,0
601.663,0
601.769,2
601.876,7
601.982,0
602.088,1
602.195,7
602.301,1
602.407,19
602.514,0
602.62,1
602.727,21
602.833,0
602.939,0
603.046,19
603.152,20
603.258,0
603.365,16
603.471,0
603.577,0
603.684,0
603.79,0
603.897,16
604.003,13
604.109,0
604.216,0
604.322,33
604.428,21
604.535,0
604.641,0
604.747,6
604.854,10
604.96,0
605.067,16
605.173,0
605.279,0
605.386,0
605.492,9
605.598,10
605.705,10
605.811,17
605.917,0
606.024,2
606.13,8
606.236,7
606.343,25
606.449,10
606.556,8
606.662,18
606.768,0
606.875,0
606.981,30
607.087,0
607.194,0
607.3,16
607.406,19
607.513,0
607.619,0
607.725,22
607.832,0
607.938,0
608.045,7
608.151,0
608.257,16
608.364,0
608.47,6
608.576,0
608.683,8
608.789,7
608.895,0
609.002,0
609.108,14
609.214,0
609.321,2
609.427,32
609.533,18
609.64,4
609.746,0
609.852,0
609.959,7
610.065,4
610.172,6
610.278,5
610.384,29
610.491,3
610.597,2
610.703,0
610.81,33
610.916,41
611.022,2
611.129,3
611.235,7
611.341,5
611.448,0
611.554,0
611.66,21
611.767,24
611.873,14
611.979,14
612.086,0
612.192,2
612.298,11
612.405,0
612.511,5
612.617,0
612.724,11
612.83,3
612.936,9
613.043,21
613.149,11
613.255,0
613.362,2
613.468,0
613.575,0
613.681,11
613.787,16
613.894,6
614,19
614.106,0
614.213,0
614.319,5
614.425,9
614.532,4
614.638,2
614.744,0
614.851,0
614.957,38
615.063,27
615.17,0
615.276,0
615.382,14
615.489,17
615.595,4
615.701,0
615.808,3
615.914,0
616.02,0
616.127,0
616.233,0
616.339,0
616.446,0
616.552,0
616.658,5
616.765,0
616.871,1
616.977,33
617.084,0
617.19,3
617.296,6
617.403,0
617.509,12
617.615,0
617.722,0
617.828,0
617.934,0
618.041,12
618.147,7
618.253,0
618.36,0
618.466,7
618.572,5
618.679,0
618.785,17
618.891,14
618.998,0
619.104,2
619.21,29
619.316,0
619.423,0
619.529,2
619.635,0
619.742,6
619.848,4
619.954,16
620.061,0
620.167,21
620.273,4
620.38,0
620.486,6
620.592,25
620.699,2
620.805,0
620.911,10
621.018,0
621.124,0
621.23,13
621.337,26
621.443,5
621.549,14
621.656,22
621.762,31
621.868,10
621.975,0
622.081,0
622.187,18
622.294,0
622.4,0
622.506,8
622.612,0
622.719,9
622.825,14
622.931,0
623.038,22
623.144,0
623.25,0
623.357,7
623.463,0
623.569,0
623.676,19
623.782,40
623.888,1
623.995,0
624.101,0
624.207,0
624.314,30
624.42,128
624.526,69
624.632,40
624.739,0
624.845,0
624.951,9
625.058,3
625.164,0
625.27,0
625.377,0
625.483,0
625.589,6
625.696,0
625.802,0
625.908,10
626.015,9
626.121,0
626.227,8
626.333,3
626.44,13
626.546,0
626.652,11
626.759,10
626.865,19
626.971,17
627.078,6
627.184,0
627.29,0
627.397,1
627.503,5
627.609,0
627.715,0
627.822,11
627.928,36
628.034,14
628.141,5
628.247,5
628.353,8
628.46,0
628.566,27
628.672,0
628.778,0
628.885,3
628.991,20
629.097,10
629.204,14
629.31,0
629.416,0
629.523,0
629.629,29
629.735,0
629.841,0
629.948,10
630.054,0
630.16,6
630.267,0
630.373,19
630.479,0
630.586,0
630.692,4
630.798,2
630.904,12
631.011,7
631.117,0
631.223,8
631.33,21
631.436,0
631.542,30
631.649,39
631.755,39
631.861,0
631.967,0
632.074,20
632.18,0
632.286,0
632.393,0
632.499,0
632.605,0
632.711,9
632.818,0
632.924,0
633.03,24
633.137,16
633.243,17
633.349,15
633.456,20
633.562,3
633.668,0
633.774,8
633.881,24
633.987,0
634.093,0
634.2,0
634.306,24
634.412,17
634.518,0
634.625,0
634.731,32
634.837,16
634.944,0
635.05,0
635.156,4
635.262,4
635.369,0
635.475,44
635.581,11
635.688,0
635.794,0
635.9,20
636.006,0
636.113,0
636.219,28
636.325,0
636.432,15
636.538,0
636.644,0
636.75,0
636.857,2
636.963,0
637.069,0
637.176,0
637.282,16
637.388,12
637.494,12
637.601,4
637.707,0
637.813,13
637.92,10
638.026,0
638.132,6
638.238,18
638.345,22
638.451,0
638.557,0
638.663,0
638.77,15
638.876,43
638.982,9
639.089,0
639.195,8
639.301,7
639.407,0
639.514,2
639.62,25
639.726,10
639.833,0
639.939,3
640.045,0
640.151,0
640.258,7
640.364,0
640.47,0
640.576,11
640.683,10
640.789,0
640.895,0
641.002,22
641.108,22
641.214,0
641.32,7
641.427,5
641.533,2
641.639,17
641.745,0
641.852,16
641.958,21
642.064,0
642.171,0
642.277,2
642.383,9
642.489,0
642.596,30
642.702,17
642.808,8
642.914,1
643.021,3
643.127,0
643.233,0
643.339,15
643.446,38
643.552,2
643.658,0
643.765,8
643.871,0
643.977,0
644.083,0
644.19,24
644.296,5
644.402,0
644.508,27
644.615,0
644.721,8
644.827,24
644.933,0
645.04,0
645.146,0
645.252,18
645.358,0
645.465,0
645.571,0
645.677,1
645.784,0
645.89,10
645.996,68
646.102,24
646.209,15
646.315,0
646.421,0
646.527,6
646.634,0
646.74,0
646.846,52
646.952,40
647.059,0
647.165,3
647.271,0
647.377,6
647.484,0
647.59,0
647.696,20
647.802,16
647.909,0
648.015,0
648.121,3
648.227,8
648.334,0
648.44,0
648.546,18
648.652,14
648.759,19
648.865,0
648.971,0
649.077,0
649.184,7
649.29,1
649.396,0
649.502,0
649.609,24
649.715,18
649.821,4
649.927,5
650.034,0
650.14,0
650.246,8
650.352,8
650.459,0
650.565,0
650.671,32
650.777,54
650.884,150
650.99,233
651.096,140
651.202,24
651.309,0
651.415,0
651.521,0
651.627,19
651.734,118
651.84,124
651.946,64
652.052,6
652.159,0
652.265,0
652.371,0
652.477,0
652.584,0
652.69,0
652.796,0
652.902,0
653.009,7
653.115,0
653.221,0
653.327,8
653.434,0
653.54,0
653.646,8
653.752,6
653.858,38
653.965,22
654.071,0
654.177,0
654.283,9
654.39,0
654.496,0
654.602,1
654.708,0
654.815,19
654.921,0
655.027,18
655.133,0
655.24,4
655.346,17
655.452,6
655.558,0
655.665,18
655.771,19
655.877,0
655.983,0
656.089,0
656.196,0
656.302,3
656.408,33
656.514,19
656.621,78
656.727,50
656.833,0
656.939,0
657.046,5
657.152,0
657.258,89
657.364,96
657.47,94
657.577,34
657.683,0
657.789,0
657.895,0
658.002,0
658.108,0
658.214,2
658.32,7
658.427,0
658.533,0
658.639,0
658.745,0
658.851,9
658.958,0
659.064,17
659.17,0
659.276,2
659.383,81
659.489,110
659.595,82
659.701,23
659.807,4
659.914,0
660.02,0
660.126,12
660.232,21
660.339,0
660.445,0
660.551,20
660.657,0
660.763,38
660.87,41
660.976,45
661.082,18
661.188,0
661.295,16
661.401,0
661.507,0
661.613,0
661.719,0
661.826,3
661.932,27
662.038,4
662.144,6
662.251,3
662.357,17
662.463,0
662.569,0
662.675,23
662.782,11
662.888,0
662.994,0
663.1,0
663.206,3
663.313,50
663.419,44
663.525,22
663.631,23
663.738,122
663.844,117
663.95,31
664.056,56
664.162,75
664.269,26
664.375,21
664.481,95
664.587,112
664.693,82
664.8,0
664.906,1
665.012,0
665.118,12
665.225,58
665.331,54
665.437,6
665.543,0
665.649,9
665.756,131
665.862,144
665.968,81
666.074,34
666.18,0
666.287,0
666.393,0
666.499,16
666.605,7
666.711,27
666.818,2
666.924,10
667.03,4
667.136,2
667.242,0
667.349,0
667.455,67
667.561,117
667.667,67
667.773,48
667.88,25
667.986,23
668.092,53
668.198,4
668.304,9
668.411,0
668.517,5
668.623,0
668.729,2
668.835,106
668.942,170
669.048,120
669.154,26
669.26,0
669.366,3
669.473,0
669.579,13
669.685,10
669.791,19
669.897,19
670.004,0
670.11,0
670.216,20
670.322,16
670.428,2
670.535,0
670.641,12
670.747,116
670.853,168
670.959,95
671.066,0
671.172,1
671.278,6
671.384,2
671.49,7
671.597,10
671.703,10
671.809,24
671.915,0
672.021,6
672.128,6
672.234,9
672.34,15
672.446,0
672.552,0
672.658,0
672.765,0
672.871,2
672.977,58
673.083,224
673.189,155
673.296,56
673.402,10
673.508,3
673.614,0
673.72,0
673.827,46
673.933,0
674.039,0
674.145,0
674.251,16
674.357,14
674.464,0
674.57,0
674.676,0
674.782,1
674.888,0
674.995,0
675.101,0
675.207,2
675.313,0
675.419,0
675.526,0
675.632,0
675.738,0
675.844,0
675.95,8
676.056,1
676.163,0
676.269,0
676.375,6
676.481,19
676.587,2
676.693,4
676.8,0
676.906,0
677.012,9
677.118,0
677.224,1
677.331,0
677.437,31
677.543,12
677.649,0
677.755,16
677.861,9
677.968,26
678.074,0
678.18,0
678.286,69
678.392,228
678.498,29
678.605,1
678.711,6
678.817,23
678.923,0
679.029,0
679.136,1
679.242,14
679.348,0
679.454,0
679.56,0
679.666,0
679.773,0
679.879,0
679.985,0
680.091,0
680.197,0
680.303,12
680.41,7
680.516,0
680.622,12
680.728,0
680.834,0
680.94,1
681.047,0
681.153,0
681.259,0
681.365,0
681.471,0
681.577,10
681.684,0
681.79,23
681.896,0
682.002,0
682.108,7
682.214,23
682.321,31
682.427,16
682.533,8
682.639,16
682.745,0
682.851,2
682.958,19
683.064,0
683.17,0
683.276,26
683.382,2
683.488,16
683.595,31
683.701,0
683.807,0
683.913,0
684.019,10
684.125,0
684.231,6
684.338,1
684.444,0
684.55,0
684.656,21
684.762,33
684.868,18
684.975,15
685.081,9
685.187,4
685.293,0
685.399,12
685.505,0
685.611,17
685.718,0
685.824,8
685.93,0
686.036,7
686.142,14
686.248,2
686.355,0
686.461,0
686.567,36
686.673,17
686.779,0
686.885,7
686.991,0
687.098,21
687.204,5
687.31,12
687.416,0
687.522,0
687.628,0
687.735,5
687.841,0
687.947,0
688.053,40
688.159,27
688.265,23
688.371,0
688.478,0
688.584,1
688.69,21
688.796,0
688.902,19
689.008,0
689.114,0
689.221,0
689.327,46
689.433,43
689.539,0
689.645,2
689.751,0
689.857,12
689.964,29
690.07,20
690.176,0
690.282,0
690.388,0
690.494,17
690.6,5
690.707,0
690.813,16
690.919,0
691.025,2
691.131,0
691.237,0
691.343,21
691.45,17
691.556,0
691.662,14
691.768,19
691.874,0
691.98,0
692.086,0
692.193,0
692.299,0
692.405,29
692.511,0
692.617,0
692.723,1
692.829,0
692.935,18
693.042,0
693.148,40
693.254,0
693.36,11
693.466,6
693.572,0
693.678,0
693.785,10
693.891,6
693.997,0
694.103,0
694.209,26
694.315,0
694.421,7
694.527,0
694.634,5
694.74,0
694.846,0
694.952,39
695.058,0
695.164,13
695.27,19
695.376,6
695.483,0
695.589,0
695.695,14
695.801,22
695.907,7
696.013,0
696.119,0
696.225,28
696.332,27
696.438,0
696.544,0
696.65,0
696.756,29
696.862,0
696.968,0
697.074,0
697.181,10
697.287,0
697.393,0
697.499,18
697.605,0
697.711,0
697.817,0
697.923,0
698.03,13
698.136,35
698.242,3
698.348,8
698.454,1
698.56,0
698.666,0
698.772,4
698.879,0
698.985,0
699.091,0
699.197,0
699.303,0
699.409,0
699.515,20
