59.6745,0
59.7814,0
59.8883,28
59.9952,40
60.1021,6
60.209,0
60.3159,10
60.4228,4
60.5296,27
60.6365,7
60.7434,0
60.8503,13
60.9572,23
61.0641,12
61.171,0
61.2779,16
61.3848,0
61.4917,12
61.5986,18
61.7055,0
61.8124,0
61.9193,16
62.0261,14
62.133,13
62.2399,20
62.3468,5
62.4537,13
62.5606,19
62.6675,0
62.7744,0
62.8813,3
62.9882,14
63.0951,5
63.202,0
63.3089,32
63.4158,38
63.5226,8
63.6295,0
63.7364,11
63.8433,0
63.9502,8
64.0571,25
64.164,0
64.2709,17
64.3778,7
64.4847,0
64.5916,18
64.6985,30
64.8054,30
64.9123,0
65.0192,9
65.1261,0
65.2329,1
65.3398,22
65.4467,5
65.5536,1
65.6605,0
65.7674,21
65.8743,0
65.9812,0
66.0881,28
66.195,11
66.3019,0
66.4088,0
66.5157,0
66.6226,18
66.7295,0
66.8364,10
66.9433,11
67.0502,25
67.157,27
67.2639,0
67.3708,20
67.4777,18
67.5846,5
67.6915,0
67.7984,12
67.9053,0
68.0122,0
68.1191,0
68.226,11
68.3329,35
68.4398,0
68.5467,10
68.6536,0
68.7605,0
68.8674,13
68.9743,11
69.0812,12
69.1881,16
69.295,16
69.4018,33
69.5087,0
69.6156,0
69.7225,21
69.8294,0
69.9363,0
70.0432,11
70.1501,2
70.257,8
70.3639,6
70.4708,0
70.5777,40
70.6846,30
70.7915,0
70.8984,0
71.0053,0
71.1122,33
71.2191,2
71.326,15
71.4329,0
71.5398,0
71.6467,30
71.7536,2
71.8605,21
71.9674,20
72.0742,26
72.1811,0
72.288,0
72.3949,48
72.5018,6
72.6087,0
72.7156,0
72.8225,0
72.9294,28
73.0363,0
73.1432,0
73.2501,22
73.357,21
73.4639,21
73.5708,14
73.6777,29
73.7846,11
73.8915,30
73.9984,0
74.1053,6
74.2122,21
74.3191,0
74.426,0
74.5329,7
74.6398,19
74.7467,8
74.8536,13
74.9605,9
75.0674,1
75.1743,0
75.2812,8
75.3881,11
75.495,15
75.6019,0
75.7088,0
75.8157,23
75.9225,5
76.0294,0
76.1363,0
76.2432,22
76.3501,14
76.457,10
76.5639,10
76.6708,2
76.7777,0
76.8846,16
76.9915,15
77.0984,11
77.2053,0
77.3122,12
77.4191,15
77.526,12
77.6329,0
77.7398,0
77.8467,13
77.9536,7
78.0605,0
78.1674,11
78.2743,8
78.3812,20
78.4881,19
78.595,8
78.7019,0
78.8088,0
78.9157,20
79.0226,0
79.1295,0
79.2364,0
79.3433,7
79.4502,14
79.5571,0
79.664,0
79.7709,2
79.8778,38
79.9847,0
80.0916,9
80.1985,4
80.3054,0
80.4123,0
80.5192,4
80.6261,0
80.733,20
80.8399,0
80.9468,0
81.0537,0
81.1606,0
81.2675,23
81.3744,39
81.4813,14
81.5882,0
81.6951,13
81.802,0
81.9089,26
82.0158,0
82.1227,4
82.2296,17
82.3365,4
82.4434,0
82.5503,45
82.6572,0
82.7641,0
82.871,20
82.9779,10
83.0848,0
83.1917,15
83.2986,0
83.4055,0
83.5124,3
83.6193,0
83.7262,0
83.8331,21
83.94,25
84.0469,0
84.1538,0
84.2607,25
84.3676,24
84.4745,10
84.5814,17
84.6883,7
84.7952,6
84.9021,10
85.009,5
85.1159,22
85.2228,7
85.3297,14
85.4366,0
85.5435,0
85.6504,14
85.7573,10
85.8642,0
85.9711,30
86.078,23
86.1849,0
86.2918,8
86.3987,27
86.5056,24
86.6125,19
86.7194,0
86.8263,0
86.9332,16
87.0401,0
87.147,0
87.2539,0
87.3608,4
87.4677,2
87.5746,0
87.6815,34
87.7884,6
87.8953,0
88.0022,0
88.1091,11
88.216,38
88.3229,41
88.4298,14
88.5367,0
88.6436,0
88.7505,0
88.8574,0
88.9643,31
89.0712,0
89.1781,0
89.285,25
89.3919,17
89.4988,0
89.6057,0
89.7126,14
89.8195,6
89.9264,19
90.0334,4
90.1403,0
90.2472,0
90.3541,18
90.461,5
90.5679,0
90.6748,0
90.7817,20
90.8886,20
90.9955,0
91.1024,5
91.2093,8
91.3162,6
91.4231,3
91.53,10
91.6369,9
91.7438,0
91.8507,0
91.9576,10
92.0645,33
92.1714,0
92.2783,0
92.3852,0
92.4921,0
92.599,14
92.7059,0
92.8128,1
92.9197,17
93.0266,11
93.1335,0
93.2404,22
93.3473,14
93.4542,7
93.5611,26
93.668,0
93.7749,0
93.8818,11
93.9887,30
94.0956,29
94.2025,15
94.3095,12
94.4164,0
94.5233,7
94.6302,0
94.7371,2
94.844,0
94.9509,0
95.0578,13
95.1647,0
95.2716,0
95.3785,0
95.4854,0
95.5923,17
95.6992,0
95.8061,4
95.913,14
96.0199,0
96.1268,0
96.2337,4
96.3406,4
96.4475,26
96.5544,0
96.6613,5
96.7682,0
96.8751,0
96.982,23
97.0889,20
97.1958,0
97.3027,0
97.4097,31
97.5166,6
97.6235,0
97.7304,4
97.8373,0
97.9442,5
98.0511,3
98.158,0
98.2649,11
98.3718,24
98.4787,9
98.5856,12
98.6925,6
98.7994,0
98.9063,7
99.0132,8
99.1201,13
99.227,0
99.3339,1
99.4408,26
99.5477,9
99.6546,41
99.7615,1
99.8684,11
99.9753,0
100.082,9
100.189,0
100.296,0
100.403,0
100.51,6
100.617,22
100.724,17
100.831,0
100.937,0
101.044,3
101.151,0
101.258,31
101.365,31
101.472,0
101.579,0
101.686,9
101.793,2
101.9,0
102.007,0
102.113,3
102.22,7
102.327,0
102.434,0
102.541,0
102.648,28
102.755,38
102.862,0
102.969,9
103.076,0
103.182,0
103.289,0
103.396,22
103.503,0
103.61,0
103.717,0
103.824,13
103.931,14
104.038,0
104.145,0
104.252,0
104.358,0
104.465,11
104.572,0
104.679,0
104.786,13
104.893,0
105,24
105.107,0
105.214,0
105.321,0
105.427,0
105.534,17
105.641,11
105.748,0
105.855,11
105.962,34
106.069,17
106.176,0
106.283,0
106.39,0
106.497,0
106.603,0
106.71,0
106.817,8
106.924,0
107.031,0
107.138,13
107.245,0
107.352,20
107.459,13
107.566,0
107.673,38
107.779,24
107.886,2
107.993,0
108.1,0
108.207,0
108.314,0
108.421,0
108.528,0
108.635,0
108.742,19
108.848,0
108.955,7
109.062,8
109.169,4
109.276,32
109.383,35
109.49,0
109.597,0
109.704,1
109.811,20
109.918,0
110.024,0
110.131,0
110.238,0
110.345,2
110.452,8
110.559,3
110.666,0
110.773,22
110.88,14
110.987,2
111.094,0
111.2,4
111.307,12
111.414,11
111.521,11
111.628,0
111.735,10
111.842,0
111.949,4
112.056,0
112.163,10
112.269,0
112.376,0
112.483,2
112.59,2
112.697,19
112.804,42
112.911,3
113.018,0
113.125,0
113.232,0
113.339,42
113.445,15
113.552,0
113.659,0
113.766,1
113.873,34
113.98,4
114.087,0
114.194,38
114.301,5
114.408,8
114.515,22
114.621,24
114.728,3
114.835,0
114.942,0
115.049,0
115.156,0
115.263,0
115.37,21
115.477,15
115.584,0
115.69,0
115.797,16
115.904,17
116.011,26
116.118,13
116.225,0
116.332,6
116.439,17
116.546,17
116.653,0
116.76,0
116.866,0
116.973,0
117.08,17
117.187,0
117.294,11
117.401,0
117.508,0
117.615,8
117.722,0
117.829,19
117.936,2
118.042,0
118.149,17
118.256,10
118.363,12
118.47,0
118.577,19
118.684,33
118.791,0
118.898,3
119.005,0
119.112,18
119.218,32
119.325,27
119.432,0
119.539,0
119.646,0
119.753,0
119.86,10
119.967,0
120.074,11
120.181,15
120.287,13
120.394,2
120.501,16
120.608,6
120.715,6
120.822,0
120.929,3
121.036,26
121.143,2
121.25,12
121.357,29
121.463,0
121.57,18
121.677,0
121.784,14
121.891,1
121.998,17
122.105,18
122.212,0
122.319,40
122.426,41
122.533,24
122.639,0
122.746,0
122.853,25
122.96,0
123.067,0
123.174,0
123.281,1
123.388,5
123.495,34
123.602,0
123.709,9
123.815,0
123.922,0
124.029,65
124.136,24
124.243,1
124.35,0
124.457,15
124.564,0
124.671,3
124.778,0
124.885,18
124.991,25
125.098,0
125.205,11
125.312,40
125.419,8
125.526,0
125.633,0
125.74,15
125.847,6
125.954,0
126.061,14
126.167,25
126.274,0
126.381,5
126.488,0
126.595,0
126.702,0
126.809,4
126.916,8
127.023,28
127.13,20
127.236,38
127.343,22
127.45,0
127.557,10
127.664,20
127.771,0
127.878,0
127.985,8
128.092,12
128.199,23
128.306,14
128.412,1
128.519,20
128.626,16
128.733,21
128.84,10
128.947,0
129.054,0
129.161,1
129.268,14
129.375,18
129.482,0
129.588,16
129.695,5
129.802,8
129.909,0
130.016,23
130.123,16
130.23,11
130.337,0
130.444,0
130.551,16
130.658,0
130.764,12
130.871,0
130.978,6
131.085,4
131.192,0
131.299,0
131.406,20
131.513,0
131.62,23
131.727,29
131.834,36
131.94,13
132.047,15
132.154,9
132.261,0
132.368,11
132.475,0
132.582,9
132.689,0
132.796,0
132.903,8
133.01,0
133.116,13
133.223,3
133.33,22
133.437,0
133.544,0
133.651,8
133.758,11
133.865,0
133.972,0
134.079,25
134.186,14
134.292,0
134.399,0
134.506,0
134.613,0
134.72,21
134.827,25
134.934,3
135.041,0
135.148,0
135.255,22
135.362,0
135.468,1
135.575,0
135.682,25
135.789,9
135.896,0
136.003,29
136.11,13
136.217,0
136.324,0
136.431,3
136.538,0
136.644,13
136.751,2
136.858,0
136.965,0
137.072,28
137.179,21
137.286,0
137.393,0
137.5,0
137.607,5
137.714,0
137.82,13
137.927,0
138.034,1
138.141,10
138.248,0
138.355,0
138.462,0
138.569,0
138.676,17
138.783,0
138.89,0
138.996,3
139.103,14
139.21,4
139.317,0
139.424,0
139.531,0
139.638,0
139.745,16
139.852,17
139.959,15
140.065,0
140.172,28
140.279,0
140.386,20
140.493,21
140.6,10
140.707,0
140.814,0
140.921,18
141.028,15
141.135,0
141.241,7
141.348,16
141.455,2
141.562,9
141.669,14
141.776,0
141.883,0
141.99,0
142.097,0
142.204,0
142.311,12
142.417,19
142.524,0
142.631,0
142.738,9
142.845,25
142.952,5
143.059,0
143.166,6
143.273,0
143.38,0
143.487,11
143.593,16
143.7,3
143.807,17
143.914,7
144.021,0
144.128,6
144.235,7
144.342,0
144.449,0
144.556,0
144.663,0
144.769,33
144.876,0
144.983,8
145.09,10
145.197,0
145.304,0
145.411,10
145.518,23
145.625,0
145.732,0
145.839,0
145.945,0
146.052,0
146.159,0
146.266,14
146.373,24
146.48,17
146.587,0
146.694,33
146.801,27
146.908,20
147.015,0
147.121,0
147.228,0
147.335,0
147.442,0
147.549,7
147.656,0
147.763,0
147.87,4
147.977,0
148.084,0
148.191,14
148.297,11
148.404,15
148.511,0
148.618,13
148.725,13
148.832,0
148.939,5
149.046,4
149.153,6
149.26,0
149.367,8
149.473,0
149.58,4
149.687,8
149.794,18
149.901,0
150.008,0
150.115,29
150.222,18
150.329,0
150.436,34
150.543,0
150.649,7
150.756,0
150.863,2
150.97,0
151.077,0
151.184,0
151.291,0
151.398,9
151.505,0
151.612,9
151.719,4
151.825,0
151.932,19
152.039,5
152.146,0
152.253,0
152.36,21
152.467,0
152.574,0
152.681,0
152.788,0
152.894,0
153.001,17
153.108,24
153.215,0
153.322,0
153.429,0
153.536,0
153.643,14
153.75,5
153.857,0
153.964,0
154.07,1
154.177,16
154.284,0
154.391,13
154.498,2
154.605,2
154.712,0
154.819,9
154.926,0
155.033,8
155.14,15
155.246,16
155.353,10
155.46,3
155.567,0
155.674,0
155.781,0
155.888,0
155.995,0
156.102,50
156.209,57
156.316,10
156.422,0
156.529,0
156.636,4
156.743,0
156.85,0
156.957,11
157.064,0
157.171,5
157.278,0
157.385,0
157.492,0
157.598,2
157.705,21
157.812,0
157.919,0
158.026,0
158.133,6
158.24,0
158.347,0
158.454,18
158.561,10
158.668,0
158.774,10
158.881,10
158.988,35
159.095,28
159.202,0
159.309,2
159.416,12
159.523,7
159.63,8
159.737,12
159.844,0
159.95,0
160.057,0
160.164,0
160.271,0
160.378,7
160.485,0
160.592,0
160.699,0
160.806,0
160.913,11
161.019,6
161.126,0
161.233,7
161.34,10
161.447,30
161.554,10
161.661,1
161.768,1
161.875,0
161.982,0
162.089,0
162.195,0
162.302,0
162.409,0
162.516,4
162.623,0
162.73,13
162.837,28
162.944,5
163.051,0
163.158,0
163.265,31
163.371,0
163.478,0
163.585,37
163.692,0
163.799,0
163.906,1
164.013,13
164.12,29
164.227,10
164.334,0
164.441,10
164.547,14
164.654,13
164.761,11
164.868,18
164.975,1
165.082,0
165.189,13
165.296,0
165.403,0
165.51,0
165.616,0
165.723,0
165.83,4
165.937,0
166.044,7
166.151,15
166.258,0
166.365,0
166.472,0
166.579,0
166.686,0
166.792,9
166.899,0
167.006,1
167.113,0
167.22,0
167.327,0
167.434,0
167.541,3
167.648,9
167.755,1
167.862,11
167.968,0
168.075,1
168.182,6
168.289,0
168.396,2
168.503,0
168.61,25
168.717,0
168.824,7
168.931,0
169.037,0
169.144,12
169.251,18
169.358,0
169.465,0
169.572,0
169.679,12
169.786,0
169.893,0
170,17
170.107,13
170.213,0
170.32,0
170.427,6
170.534,0
170.641,29
170.748,25
170.855,0
170.962,0
171.069,1
171.176,0
171.283,3
171.389,0
171.496,6
171.603,35
171.71,0
171.817,0
171.924,0
172.031,5
172.138,0
172.245,0
172.352,0
172.458,0
172.565,2
172.672,0
172.779,8
172.886,0
172.993,18
173.1,0
173.207,22
173.314,0
173.421,0
173.528,0
173.634,5
173.741,0
173.848,0
173.955,13
174.062,18
174.169,0
174.276,3
174.383,3
174.49,9
174.597,18
174.704,20
174.81,0
174.917,0
175.024,15
175.131,27
175.238,1
175.345,13
175.452,14
175.559,0
175.666,19
175.773,2
175.879,0
175.986,27
176.093,0
176.2,0
176.307,29
176.414,24
176.521,6
176.628,0
176.735,0
176.842,0
176.949,20
177.055,19
177.162,0
177.269,25
177.376,0
177.483,0
177.59,0
177.697,0
177.804,1
177.911,22
178.018,0
178.124,0
178.231,0
178.338,0
178.445,20
178.552,0
178.659,0
178.766,0
178.873,9
178.98,18
179.087,13
179.194,13
179.3,47
179.407,0
179.514,0
179.621,0
179.728,0
179.835,5
179.942,7
180.049,0
180.156,0
180.263,5
180.369,1
180.476,0
180.583,29
180.69,0
180.797,0
180.904,0
181.011,0
181.118,9
181.225,0
181.332,0
181.439,4
181.545,32
181.652,4
181.759,9
181.866,4
181.973,0
182.08,32
182.187,47
182.294,25
182.401,0
182.508,0
182.614,21
182.721,0
182.828,6
182.935,0
183.042,4
183.149,4
183.256,0
183.363,0
183.47,0
183.577,22
183.683,25
183.79,12
183.897,0
184.004,0
184.111,43
184.218,24
184.325,0
184.432,17
184.539,2
184.646,3
184.753,0
184.859,3
184.966,0
185.073,0
185.18,45
185.287,7
185.394,0
185.501,6
185.608,3
185.715,0
185.822,0
185.928,0
186.035,0
186.142,29
186.249,0
186.356,0
186.463,11
186.57,0
186.677,6
186.784,17
186.891,17
186.997,1
187.104,11
187.211,0
187.318,36
187.425,5
187.532,11
187.639,0
187.746,1
187.853,33
187.96,0
188.067,0
188.173,26
188.28,29
188.387,11
188.494,0
188.601,15
188.708,0
188.815,0
188.922,32
189.029,7
189.136,0
189.242,0
189.349,0
189.456,8
189.563,0
189.67,15
189.777,3
189.884,1
189.991,0
190.098,4
190.205,9
190.311,18
190.418,0
190.525,12
190.632,30
190.739,2
190.846,0
190.953,0
191.06,0
191.167,0
191.274,0
191.38,0
191.487,0
191.594,8
191.701,3
191.808,9
191.915,0
192.022,0
192.129,0
192.236,22
192.343,25
192.45,0
192.556,0
192.663,6
192.77,0
192.877,0
192.984,0
193.091,6
193.198,0
193.305,23
193.412,0
193.519,0
193.625,36
193.732,10
193.839,22
193.946,0
194.053,10
194.16,10
194.267,1
194.374,0
194.481,5
194.588,0
194.694,0
194.801,0
194.908,6
195.015,13
195.122,13
195.229,6
195.336,0
195.443,24
195.55,0
195.657,7
195.763,0
195.87,17
195.977,19
196.084,0
196.191,0
196.298,10
196.405,7
196.512,0
196.619,9
196.726,0
196.832,22
196.939,0
197.046,12
197.153,3
197.26,0
197.367,2
197.474,32
197.581,4
197.688,4
197.795,0
197.901,0
198.008,0
198.115,7
198.222,0
198.329,0
198.436,7
198.543,6
198.65,0
198.757,4
198.864,32
198.97,0
199.077,18
199.184,0
199.291,2
199.398,0
199.505,0
199.612,19
199.719,18
199.826,0
199.933,0
200.039,17
200.146,5
200.253,0
200.36,14
200.467,17
200.574,0
200.681,3
200.788,7
200.895,0
201.002,0
201.108,31
201.215,0
201.322,0
201.429,0
201.536,11
201.643,16
201.75,0
201.857,12
201.964,17
202.071,19
202.177,5
202.284,0
202.391,0
202.498,0
202.605,16
202.712,7
202.819,2
202.926,0
203.033,0
203.14,0
203.246,0
203.353,13
203.46,0
203.567,0
203.674,17
203.781,3
203.888,0
203.995,0
204.102,6
204.208,0
204.315,35
204.422,0
204.529,1
204.636,16
204.743,0
204.85,6
204.957,0
205.064,52
205.171,78
205.277,56
205.384,27
205.491,7
205.598,4
205.705,0
205.812,43
205.919,18
206.026,0
206.133,0
206.24,24
206.346,0
206.453,6
206.56,4
206.667,3
206.774,0
206.881,2
206.988,5
207.095,8
207.202,10
207.309,0
207.415,0
207.522,25
207.629,6
207.736,0
207.843,0
207.95,4
208.057,0
208.164,21
208.271,0
208.377,11
208.484,2
208.591,29
208.698,10
208.805,3
208.912,3
209.019,0
209.126,10
209.233,0
209.34,0
209.446,0
209.553,46
209.66,40
209.767,2
209.874,0
209.981,15
210.088,34
210.195,3
210.302,0
210.409,10
210.515,13
210.622,1
210.729,0
210.836,0
210.943,11
211.05,33
211.157,0
211.264,25
211.371,33
211.477,3
211.584,0
211.691,14
211.798,19
211.905,0
212.012,6
212.119,25
212.226,0
212.333,0
212.44,0
212.546,0
212.653,0
212.76,0
212.867,2
212.974,11
213.081,0
213.188,17
213.295,17
213.402,20
213.508,17
213.615,0
213.722,0
213.829,0
213.936,9
214.043,0
214.15,0
214.257,122
214.364,103
214.471,35
214.577,24
214.684,5
214.791,0
214.898,0
215.005,11
215.112,12
215.219,18
215.326,0
215.433,0
215.539,0
215.646,0
215.753,11
215.86,0
215.967,0
216.074,11
216.181,2
216.288,13
216.395,30
216.502,14
216.608,15
216.715,0
216.822,0
216.929,17
217.036,0
217.143,0
217.25,2
217.357,6
217.464,9
217.57,17
217.677,0
217.784,7
217.891,5
217.998,8
218.105,0
218.212,12
218.319,2
218.426,0
218.532,12
218.639,30
218.746,14
218.853,0
218.96,0
219.067,0
219.174,0
219.281,0
219.388,9
219.495,3
219.601,0
219.708,11
219.815,15
219.922,2
220.029,0
220.136,9
220.243,64
220.35,25
220.457,0
220.563,0
220.67,0
220.777,0
220.884,0
220.991,0
221.098,0
221.205,0
221.312,0
221.419,5
221.525,10
221.632,0
221.739,0
221.846,17
221.953,16
222.06,0
222.167,16
222.274,0
222.381,0
222.488,0
222.594,14
222.701,2
222.808,4
222.915,25
223.022,0
223.129,9
223.236,4
223.343,0
223.45,13
223.556,6
223.663,0
223.77,8
223.877,24
223.984,3
224.091,0
224.198,0
224.305,36
224.412,2
224.518,0
224.625,0
224.732,0
224.839,2
224.946,0
225.053,19
225.16,30
225.267,17
225.374,0
225.48,8
225.587,24
225.694,16
225.801,13
225.908,0
226.015,10
226.122,0
226.229,19
226.336,10
226.442,3
226.549,2
226.656,0
226.763,10
226.87,0
226.977,0
227.084,0
227.191,28
227.298,5
227.404,14
227.511,0
227.618,1
227.725,0
227.832,0
227.939,0
228.046,12
228.153,0
228.26,0
228.366,1
228.473,0
228.58,22
228.687,30
228.794,0
228.901,8
229.008,0
229.115,15
229.222,16
229.328,0
229.435,78
229.542,77
229.649,16
229.756,0
229.863,5
229.97,4
230.077,0
230.184,4
230.29,1
230.397,0
230.504,0
230.611,11
230.718,0
230.825,0
230.932,38
231.039,44
231.146,11
231.252,21
231.359,0
231.466,0
231.573,24
231.68,6
231.787,0
231.894,0
232.001,15
232.108,0
232.214,0
232.321,3
232.428,18
232.535,19
232.642,0
232.749,1
232.856,14
232.963,6
233.07,0
233.176,0
233.283,5
233.39,8
233.497,28
233.604,0
233.711,35
233.818,13
233.925,14
234.031,0
234.138,21
234.245,4
234.352,4
234.459,0
234.566,1
234.673,0
234.78,18
234.887,11
234.993,0
235.1,5
235.207,0
235.314,22
235.421,28
235.528,0
235.635,8
235.742,0
235.849,0
235.955,13
236.062,15
236.169,13
236.276,0
236.383,24
236.49,5
236.597,5
236.704,8
236.81,2
236.917,0
237.024,25
237.131,0
237.238,0
237.345,0
237.452,0
237.559,1
237.666,0
237.772,0
237.879,19
237.986,16
238.093,0
238.2,0
238.307,0
238.414,0
238.521,1
238.628,0
238.734,0
238.841,9
238.948,4
239.055,16
239.162,30
239.269,0
239.376,24
239.483,0
239.589,0
239.696,20
239.803,14
239.91,4
240.017,17
240.124,0
240.231,7
240.338,0
240.445,13
240.551,6
240.658,10
240.765,0
240.872,0
240.979,35
241.086,0
241.193,9
241.3,10
241.406,0
241.513,0
241.62,16
241.727,27
241.834,0
241.941,0
242.048,17
242.155,12
242.262,9
242.368,0
242.475,0
242.582,17
242.689,36
242.796,30
242.903,10
243.01,0
243.117,0
243.223,0
243.33,0
243.437,0
243.544,0
243.651,0
243.758,0
243.865,8
243.972,0
244.079,0
244.185,1
244.292,0
244.399,0
244.506,0
244.613,26
244.72,0
244.827,0
244.934,18
245.04,0
245.147,0
245.254,12
245.361,0
245.468,0
245.575,8
245.682,8
245.789,0
245.896,0
246.002,40
246.109,0
246.216,44
246.323,24
246.43,0
246.537,0
246.644,5
246.751,0
246.857,1
246.964,5
247.071,23
247.178,0
247.285,29
247.392,0
247.499,0
247.606,11
247.712,4
247.819,33
247.926,29
248.033,0
248.14,15
248.247,0
248.354,0
248.461,4
248.567,3
248.674,16
248.781,25
248.888,1
248.995,16
249.102,19
249.209,5
249.316,4
249.423,0
249.529,0
249.636,0
249.743,0
249.85,0
249.957,12
250.064,0
250.171,14
250.278,0
250.384,19
250.491,0
250.598,0
250.705,25
250.812,29
250.919,0
251.026,0
251.133,4
251.239,8
251.346,0
251.453,0
251.56,0
251.667,11
251.774,0
251.881,0
251.988,0
252.094,0
252.201,0
252.308,27
252.415,17
252.522,12
252.629,8
252.736,36
252.843,0
252.949,0
253.056,0
253.163,55
253.27,112
253.377,74
253.484,29
253.591,0
253.698,0
253.804,0
253.911,0
254.018,39
254.125,0
254.232,14
254.339,24
254.446,5
254.553,8
254.659,0
254.766,0
254.873,0
254.98,0
255.087,4
255.194,29
255.301,2
255.408,0
255.514,13
255.621,9
255.728,0
255.835,11
255.942,19
256.049,0
256.156,28
256.263,17
256.369,0
256.476,0
256.583,0
256.69,0
256.797,0
256.904,1
257.011,0
257.118,0
257.224,0
257.331,16
257.438,6
257.545,0
257.652,9
257.759,13
257.866,0
257.973,7
258.079,3
258.186,0
258.293,0
258.4,36
258.507,13
258.614,0
258.721,0
258.828,30
258.934,14
259.041,0
259.148,0
259.255,0
259.362,17
259.469,4
259.576,0
259.683,14
259.789,0
259.896,0
260.003,18
260.11,0
260.217,17
260.324,17
260.431,14
260.537,22
260.644,31
260.751,0
260.858,11
260.965,14
261.072,0
261.179,6
261.286,6
261.392,0
261.499,22
261.606,0
261.713,2
261.82,17
261.927,0
262.034,14
262.141,6
262.247,32
262.354,38
262.461,11
262.568,0
262.675,7
262.782,0
262.889,0
262.996,16
263.102,51
263.209,0
263.316,0
263.423,12
263.53,6
263.637,26
263.744,14
263.85,11
263.957,13
264.064,0
264.171,8
264.278,0
264.385,0
264.492,11
264.599,0
264.705,0
264.812,25
264.919,29
265.026,26
265.133,0
265.24,35
265.347,44
265.454,4
265.56,3
265.667,11
265.774,0
265.881,0
265.988,6
266.095,0
266.202,2
266.308,8
266.415,0
266.522,27
266.629,9
266.736,0
266.843,1
266.95,0
267.057,0
267.163,5
267.27,0
267.377,11
267.484,13
267.591,0
267.698,0
267.805,1
267.911,0
268.018,0
268.125,13
268.232,17
268.339,0
268.446,10
268.553,21
268.66,4
268.766,23
268.873,26
268.98,10
269.087,0
269.194,23
269.301,30
269.408,0
269.514,24
269.621,0
269.728,0
269.835,18
269.942,21
270.049,0
270.156,19
270.263,19
270.369,13
270.476,0
270.583,0
270.69,0
270.797,9
270.904,1
271.011,0
271.117,0
271.224,13
271.331,0
271.438,0
271.545,4
271.652,0
271.759,9
271.866,0
271.972,3
272.079,0
272.186,4
272.293,28
272.4,19
272.507,0
272.614,0
272.72,5
272.827,30
272.934,14
273.041,0
273.148,5
273.255,28
273.362,15
273.468,0
273.575,0
273.682,18
273.789,42
273.896,0
274.003,0
274.11,0
274.217,0
274.323,0
274.43,7
274.537,13
274.644,0
274.751,34
274.858,0
274.965,25
275.071,16
275.178,0
275.285,2
275.392,19
275.499,1
275.606,5
275.713,0
275.819,0
275.926,13
276.033,0
276.14,0
276.247,6
276.354,4
276.461,0
276.567,9
276.674,10
276.781,17
276.888,22
276.995,0
277.102,0
277.209,11
277.315,5
277.422,13
277.529,0
277.636,8
277.743,0
277.85,7
277.957,9
278.064,14
278.17,25
278.277,9
278.384,14
278.491,0
278.598,0
278.705,56
278.812,32
278.918,6
279.025,0
279.132,6
279.239,0
279.346,1
279.453,3
279.56,0
279.666,0
279.773,16
279.88,20
279.987,11
280.094,0
280.201,21
280.308,7
280.414,0
280.521,7
280.628,24
280.735,0
280.842,0
280.949,15
281.056,2
281.162,0
281.269,0
281.376,13
281.483,20
281.59,0
281.697,0
281.804,2
281.91,1
282.017,16
282.124,5
282.231,9
282.338,2
282.445,0
282.552,2
282.658,0
282.765,0
282.872,10
282.979,0
283.086,27
283.193,11
283.3,32
283.406,18
283.513,0
283.62,15
283.727,13
283.834,24
283.941,0
284.048,0
284.154,12
284.261,0
284.368,27
284.475,12
284.582,24
284.689,0
284.796,25
284.902,0
285.009,16
285.116,14
285.223,38
285.33,11
285.437,47
285.544,47
285.65,28
285.757,15
285.864,32
285.971,0
286.078,27
286.185,0
286.292,3
286.398,9
286.505,0
286.612,2
286.719,20
286.826,0
286.933,6
287.039,1
287.146,13
287.253,19
287.36,0
287.467,0
287.574,11
287.681,28
287.787,0
287.894,4
288.001,37
288.108,0
288.215,0
288.322,10
288.429,31
288.535,11
288.642,0
288.749,0
288.856,29
288.963,30
289.07,0
289.177,30
289.283,109
289.39,122
289.497,59
289.604,40
289.711,8
289.818,15
289.924,16
290.031,0
290.138,0
290.245,5
290.352,0
290.459,15
290.566,12
290.672,14
290.779,21
290.886,22
290.993,15
291.1,0
291.207,0
291.314,0
291.42,22
291.527,21
291.634,0
291.741,34
291.848,0
291.955,0
292.062,2
292.168,21
292.275,0
292.382,0
292.489,0
292.596,1
292.703,17
292.809,0
292.916,0
293.023,17
293.13,0
293.237,3
293.344,0
293.451,0
293.557,3
293.664,0
293.771,13
293.878,30
293.985,136
294.092,115
294.198,39
294.305,7
294.412,17
294.519,19
294.626,17
294.733,11
294.84,0
294.946,4
295.053,56
295.16,26
295.267,8
295.374,0
295.481,6
295.588,6
295.694,10
295.801,0
295.908,33
296.015,17
296.122,19
296.229,0
296.335,2
296.442,33
296.549,16
296.656,0
296.763,0
296.87,40
296.977,0
297.083,10
297.19,0
297.297,16
297.404,0
297.511,25
297.618,17
297.724,0
297.831,19
297.938,19
298.045,10
298.152,0
298.259,0
298.365,7
298.472,8
298.579,6
298.686,0
298.793,0
298.9,19
299.007,35
299.113,13
299.22,0
299.327,0
299.434,19
299.541,7
299.648,0
299.754,0
299.861,29
299.968,0
300.075,0
300.182,14
300.289,0
300.396,0
300.502,0
300.609,5
300.716,0
300.823,0
300.93,0
301.037,0
301.143,8
301.25,0
301.357,5
301.464,21
301.571,2
301.678,13
301.784,29
301.891,0
301.998,0
302.105,9
302.212,24
302.319,0
302.426,0
302.532,0
302.639,43
302.746,22
302.853,13
302.96,0
303.067,8
303.173,10
303.28,9
303.387,0
303.494,0
303.601,6
303.708,7
303.814,28
303.921,17
304.028,18
304.135,0
304.242,1
304.349,0
304.456,8
304.562,4
304.669,1
304.776,0
304.883,0
304.99,7
305.097,8
305.203,0
305.31,13
305.417,0
305.524,0
305.631,0
305.738,6
305.844,18
305.951,1
306.058,0
306.165,5
306.272,4
306.379,11
306.485,34
306.592,8
306.699,40
306.806,94
306.913,41
307.02,33
307.126,0
307.233,32
307.34,15
307.447,2
307.554,4
307.661,3
307.767,0
307.874,26
307.981,19
308.088,35
308.195,0
308.302,0
308.409,0
308.515,14
308.622,3
308.729,7
308.836,27
308.943,0
309.05,11
309.156,1
309.263,0
309.37,0
309.477,15
309.584,15
309.691,4
309.797,28
309.904,0
310.011,0
310.118,21
310.225,4
310.332,5
310.438,0
310.545,0
310.652,0
310.759,16
310.866,0
310.973,0
311.079,13
311.186,0
311.293,7
311.4,1
311.507,22
311.614,21
311.72,27
311.827,19
311.934,16
312.041,0
312.148,0
312.255,0
312.361,0
312.468,8
312.575,6
312.682,0
312.789,0
312.896,0
313.002,18
313.109,5
313.216,0
313.323,0
313.43,0
313.537,21
313.643,0
313.75,0
313.857,16
313.964,21
314.071,0
314.178,0
314.284,9
314.391,0
314.498,0
314.605,28
314.712,12
314.819,0
314.925,22
315.032,0
315.139,0
315.246,0
315.353,0
315.46,0
315.566,0
315.673,13
315.78,7
315.887,0
315.994,2
316.1,44
316.207,0
316.314,0
316.421,43
316.528,29
316.635,0
316.741,0
316.848,33
316.955,0
317.062,0
317.169,2
317.276,34
317.382,3
317.489,0
317.596,14
317.703,2
317.81,5
317.917,13
318.023,0
318.13,6
318.237,3
318.344,9
318.451,0
318.558,27
318.664,0
318.771,0
318.878,9
318.985,12
319.092,2
319.199,13
319.305,0
319.412,3
319.519,16
319.626,7
319.733,19
319.839,0
319.946,28
320.053,14
320.16,13
320.267,24
320.374,26
320.48,13
320.587,0
320.694,0
320.801,0
320.908,0
321.015,0
321.121,0
321.228,11
321.335,0
321.442,18
321.549,6
321.655,3
321.762,0
321.869,5
321.976,0
322.083,9
322.19,0
322.296,8
322.403,0
322.51,0
322.617,0
322.724,0
322.831,11
322.937,11
323.044,0
323.151,0
323.258,0
323.365,5
323.472,0
323.578,0
323.685,8
323.792,8
323.899,0
324.006,0
324.112,26
324.219,0
324.326,11
324.433,40
324.54,0
324.647,20
324.753,25
324.86,0
324.967,28
325.074,0
325.181,0
325.287,14
325.394,25
325.501,0
325.608,33
325.715,34
325.822,12
325.928,14
326.035,55
326.142,97
326.249,220
326.356,348
326.463,305
326.569,102
326.676,0
326.783,33
326.89,0
326.997,0
327.103,60
327.21,36
327.317,0
327.424,0
327.531,0
327.638,0
327.744,0
327.851,0
327.958,32
328.065,116
328.172,51
328.278,0
328.385,0
328.492,0
328.599,13
328.706,16
328.813,18
328.919,26
329.026,0
329.133,0
329.24,8
329.347,3
329.453,15
329.56,0
329.667,0
329.774,16
329.881,1
329.988,0
330.094,0
330.201,21
330.308,32
330.415,16
330.522,0
330.628,5
330.735,0
330.842,12
330.949,11
331.056,0
331.162,8
331.269,13
331.376,0
331.483,0
331.59,37
331.697,6
331.803,0
331.91,0
332.017,6
332.124,29
332.231,5
332.337,16
332.444,6
332.551,13
332.658,0
332.765,5
332.872,2
332.978,21
333.085,26
333.192,0
333.299,3
333.406,0
333.512,0
333.619,20
333.726,4
333.833,0
333.94,0
334.046,16
334.153,4
334.26,0
334.367,1
334.474,4
334.581,0
334.687,24
334.794,5
334.901,16
335.008,0
335.115,14
335.221,0
335.328,8
335.435,16
335.542,1
335.649,14
335.755,1
335.862,0
335.969,18
336.076,0
336.183,0
336.29,0
336.396,0
336.503,0
336.61,1
336.717,14
336.824,0
336.93,13
337.037,24
337.144,27
337.251,0
337.358,6
337.464,14
337.571,0
337.678,0
337.785,40
337.892,43
337.998,0
338.105,0
338.212,0
338.319,0
338.426,0
338.533,4
338.639,0
338.746,24
338.853,0
338.96,0
339.067,20
339.173,6
339.28,0
339.387,0
339.494,0
339.601,6
339.707,0
339.814,0
339.921,8
340.028,24
340.135,28
340.241,1
340.348,0
340.455,0
340.562,14
340.669,0
340.775,0
340.882,3
340.989,10
341.096,0
341.203,0
341.309,15
341.416,14
341.523,6
341.63,0
341.737,17
341.844,0
341.95,0
342.057,19
342.164,35
342.271,24
342.378,44
342.484,39
342.591,0
342.698,0
342.805,0
342.912,21
343.018,7
343.125,6
343.232,41
343.339,21
343.446,2
343.552,29
343.659,3
343.766,0
343.873,0
343.98,0
344.086,24
344.193,32
344.3,1
344.407,14
344.514,0
344.62,7
344.727,0
344.834,14
344.941,7
345.048,0
345.154,13
345.261,10
345.368,6
345.475,0
345.582,1
345.688,20
345.795,0
345.902,14
346.009,0
346.116,11
346.222,5
346.329,8
346.436,0
346.543,1
346.65,11
346.756,0
346.863,0
346.97,8
347.077,18
347.184,13
347.29,0
347.397,8
347.504,0
347.611,28
347.718,0
347.824,9
347.931,0
348.038,0
348.145,32
348.252,0
348.358,0
348.465,39
348.572,35
348.679,0
348.786,13
348.892,0
348.999,0
349.106,0
349.213,0
349.32,0
349.426,0
349.533,3
349.64,0
349.747,8
349.854,0
349.96,0
350.067,3
350.174,0
350.281,33
350.388,8
350.494,0
350.601,5
350.708,0
350.815,4
350.922,0
351.028,0
351.135,26
351.242,4
351.349,2
351.456,0
351.562,0
351.669,0
351.776,19
351.883,0
351.989,0
352.096,42
352.203,7
352.31,14
352.417,15
352.523,0
352.63,45
352.737,0
352.844,0
352.951,27
353.057,0
353.164,0
353.271,0
353.378,0
353.485,0
353.591,19
353.698,0
353.805,0
353.912,28
354.019,8
354.125,0
354.232,0
354.339,22
354.446,0
354.553,0
354.659,18
354.766,5
354.873,36
354.98,0
355.086,0
355.193,49
355.3,0
355.407,0
355.514,10
355.62,2
355.727,2
355.834,0
355.941,0
356.048,9
356.154,0
356.261,17
356.368,15
356.475,8
356.582,15
356.688,38
356.795,0
356.902,11
357.009,0
357.115,28
357.222,3
357.329,0
357.436,0
357.543,30
357.649,0
357.756,8
357.863,0
357.97,0
358.077,0
358.183,29
358.29,12
358.397,15
358.504,0
358.61,0
358.717,4
358.824,0
358.931,0
359.038,0
359.144,19
359.251,34
359.358,0
359.465,0
359.572,0
359.678,3
359.785,0
359.892,5
359.999,0
360.105,0
360.212,4
360.319,9
360.426,0
360.533,6
360.639,7
360.746,0
360.853,0
360.96,12
361.067,21
361.173,1
361.28,7
361.387,97
361.494,89
361.6,53
361.707,0
361.814,0
361.921,8
362.028,39
362.134,0
362.241,0
362.348,0
362.455,4
362.562,21
362.668,24
362.775,0
362.882,0
362.989,0
363.095,6
363.202,3
363.309,8
363.416,40
363.523,0
363.629,0
363.736,0
363.843,24
363.95,22
364.056,3
364.163,0
364.27,0
364.377,7
364.484,0
364.59,28
364.697,0
364.804,0
364.911,29
365.017,0
365.124,9
365.231,0
365.338,4
365.445,25
365.551,0
365.658,0
365.765,6
365.872,0
365.979,0
366.085,20
366.192,9
366.299,0
366.406,12
366.512,6
366.619,0
366.726,0
366.833,0
366.94,0
367.046,0
367.153,0
367.26,0
367.367,39
367.473,25
367.58,2
367.687,15
367.794,37
367.9,36
368.007,10
368.114,9
368.221,7
368.328,0
368.434,23
368.541,0
368.648,0
368.755,0
368.861,0
368.968,1
369.075,0
369.182,18
369.289,0
369.395,0
369.502,14
369.609,0
369.716,0
369.822,19
369.929,33
370.036,0
370.143,0
370.25,0
370.356,0
370.463,2
370.57,2
370.677,0
370.783,3
370.89,0
370.997,0
371.104,0
371.211,1
371.317,3
371.424,0
371.531,0
371.638,6
371.744,0
371.851,20
371.958,0
372.065,0
372.171,27
372.278,0
372.385,15
372.492,16
372.599,18
372.705,0
372.812,13
372.919,18
373.026,11
373.132,6
373.239,0
373.346,0
373.453,6
373.559,20
373.666,16
373.773,23
373.88,2
373.987,5
374.093,0
374.2,0
374.307,1
374.414,8
374.52,0
374.627,21
374.734,0
374.841,11
374.947,12
375.054,8
375.161,32
375.268,16
375.375,0
375.481,18
375.588,0
375.695,21
375.802,31
375.908,0
376.015,0
376.122,11
376.229,0
376.335,0
376.442,0
376.549,0
376.656,4
376.763,0
376.869,0
376.976,3
377.083,17
377.19,20
377.296,17
377.403,0
377.51,0
377.617,24
377.723,0
377.83,0
377.937,0
378.044,0
378.15,3
378.257,39
378.364,0
378.471,11
378.578,10
378.684,0
378.791,0
378.898,0
379.005,0
379.111,24
379.218,22
379.325,4
379.432,7
379.538,10
379.645,0
379.752,1
379.859,18
379.965,7
380.072,3
380.179,4
380.286,0
380.392,0
380.499,32
380.606,3
380.713,24
380.82,25
380.926,0
381.033,0
381.14,2
381.247,4
381.353,0
381.46,0
381.567,9
381.674,0
381.78,19
381.887,0
381.994,0
382.101,10
382.207,3
382.314,0
382.421,8
382.528,14
382.634,26
382.741,11
382.848,62
382.955,41
383.061,12
383.168,25
383.275,0
383.382,0
383.488,0
383.595,19
383.702,1
383.809,1
383.916,6
384.022,0
384.129,10
384.236,4
384.343,0
384.449,0
384.556,1
384.663,34
384.77,0
384.876,0
384.983,2
385.09,19
385.197,8
385.303,2
385.41,31
385.517,181
385.624,127
385.73,24
385.837,0
385.944,5
386.051,8
386.157,0
386.264,0
386.371,15
386.478,0
386.584,10
386.691,0
386.798,24
386.905,0
387.011,6
387.118,1
387.225,24
387.332,0
387.438,0
387.545,2
387.652,0
387.759,0
387.865,0
387.972,9
388.079,0
388.186,0
388.292,4
388.399,1
388.506,0
388.613,0
388.719,22
388.826,0
388.933,0
389.04,19
389.146,0
389.253,0
389.36,0
389.467,35
389.573,28
389.68,0
389.787,0
389.894,3
390,12
390.107,36
390.214,40
390.321,21
390.427,17
390.534,0
390.641,0
390.748,1
390.854,1
390.961,8
391.068,0
391.175,2
391.281,52
391.388,0
391.495,0
391.602,0
391.708,0
391.815,0
391.922,10
392.029,19
392.135,0
392.242,0
392.349,0
392.456,20
392.562,24
392.669,0
392.776,0
392.883,0
392.989,7
393.096,0
393.203,0
393.31,0
393.416,0
393.523,18
393.63,4
393.737,39
393.843,4
393.95,13
394.057,28
394.164,15
394.27,0
394.377,4
394.484,0
394.591,0
394.697,7
394.804,0
394.911,0
395.018,12
395.124,14
395.231,11
395.338,12
395.445,33
395.551,32
395.658,17
395.765,0
395.871,0
395.978,0
396.085,22
396.192,0
396.298,0
396.405,0
396.512,22
396.619,2
396.725,11
396.832,0
396.939,10
397.046,0
397.152,0
397.259,7
397.366,0
397.473,9
397.579,14
397.686,0
397.793,18
397.9,13
398.006,0
398.113,19
398.22,11
398.327,11
398.433,0
398.54,2
398.647,10
398.753,26
398.86,0
398.967,11
399.074,3
399.18,0
399.287,0
399.394,10
399.501,2
399.607,0
399.714,0
399.821,0
399.928,0
400.034,0
400.141,0
400.248,0
400.355,1
400.461,15
400.568,0
400.675,0
400.781,0
400.888,10
400.995,0
401.102,0
401.208,10
401.315,0
401.422,0
401.529,0
401.635,0
401.742,0
401.849,29
401.956,18
402.062,12
402.169,0
402.276,1
402.382,14
402.489,4
402.596,54
402.703,86
402.809,51
402.916,0
403.023,16
403.13,0
403.236,0
403.343,0
403.45,24
403.557,21
403.663,26
403.77,0
403.877,12
403.983,0
404.09,0
404.197,0
404.304,14
404.41,0
404.517,0
404.624,0
404.731,2
404.837,27
404.944,28
405.051,13
405.158,0
405.264,5
405.371,20
405.478,5
405.584,18
405.691,0
405.798,0
405.905,7
406.011,11
406.118,0
406.225,0
406.332,0
406.438,18
406.545,0
406.652,8
406.758,0
406.865,0
406.972,0
407.079,12
407.185,0
407.292,0
407.399,0
407.506,2
407.612,9
407.719,50
407.826,24
407.932,18
408.039,10
408.146,0
408.253,0
408.359,22
408.466,0
408.573,0
408.68,0
408.786,8
408.893,0
409,0
409.106,0
409.213,0
409.32,25
409.427,8
409.533,12
409.64,23
409.747,13
409.853,14
409.96,0
410.067,19
410.174,0
410.28,0
410.387,2
410.494,0
410.601,0
410.707,0
410.814,0
410.921,0
411.027,0
411.134,0
411.241,2
411.348,0
411.454,7
411.561,0
411.668,15
411.774,6
411.881,18
411.988,8
412.095,0
412.201,0
412.308,0
412.415,0
412.522,35
412.628,9
412.735,23
412.842,0
412.948,37
413.055,22
413.162,0
413.269,126
413.375,179
413.482,102
413.589,0
413.695,0
413.802,19
413.909,0
414.016,5
414.122,0
414.229,0
414.336,0
414.442,5
414.549,0
414.656,0
414.763,31
414.869,16
414.976,0
415.083,0
415.189,5
415.296,1
415.403,61
415.51,29
415.616,42
415.723,9
415.83,0
415.936,0
416.043,0
416.15,17
416.257,0
416.363,0
416.47,15
416.577,11
416.683,122
416.79,149
416.897,64
417.004,15
417.11,142
417.217,158
417.324,75
417.43,14
417.537,0
417.644,0
417.751,56
417.857,9
417.964,29
418.071,0
418.177,28
418.284,106
418.391,139
418.498,64
418.604,22
418.711,0
418.818,0
418.924,0
419.031,0
419.138,11
419.245,0
419.351,14
419.458,0
419.565,0
419.671,21
419.778,20
419.885,0
419.992,0
420.098,1
420.205,3
420.312,0
420.418,0
420.525,21
420.632,0
420.738,0
420.845,0
420.952,13
421.059,0
421.165,0
421.272,0
421.379,0
421.485,0
421.592,3
421.699,0
421.806,0
421.912,0
422.019,0
422.126,0
422.232,0
422.339,0
422.446,0
422.552,4
422.659,9
422.766,0
422.873,19
422.979,0
423.086,0
423.193,68
423.299,30
423.406,3
423.513,0
423.62,0
423.726,9
423.833,4
423.94,4
424.046,4
424.153,6
424.26,10
424.366,14
424.473,10
424.58,4
424.687,20
424.793,0
424.9,0
425.007,14
425.113,18
425.22,0
425.327,0
425.433,31
425.54,19
425.647,0
425.754,0
425.86,22
425.967,21
426.074,0
426.18,0
426.287,0
426.394,0
426.5,0
426.607,0
426.714,8
426.821,0
426.927,24
427.034,17
427.141,21
427.247,32
427.354,28
427.461,0
427.567,3
427.674,10
427.781,11
427.888,0
427.994,3
428.101,0
428.208,0
428.314,10
428.421,0
428.528,45
428.634,52
428.741,37
428.848,16
428.955,49
429.061,47
429.168,7
429.275,24
429.381,22
429.488,10
429.595,17
429.701,0
429.808,14
429.915,3
430.021,0
430.128,4
430.235,27
430.342,0
430.448,126
430.555,137
430.662,89
430.768,42
430.875,108
430.982,72
431.088,25
431.195,4
431.302,8
431.409,69
431.515,61
431.622,24
431.729,1
431.835,12
431.942,6
432.049,0
432.155,0
432.262,0
432.369,0
432.475,0
432.582,14
432.689,8
432.796,0
432.902,4
433.009,21
433.116,2
433.222,9
433.329,67
433.436,172
433.542,93
433.649,22
433.756,55
433.862,60
433.969,15
434.076,0
434.182,6
434.289,0
434.396,0
434.503,22
434.609,0
434.716,0
434.823,19
434.929,17
435.036,24
435.143,17
435.249,0
435.356,13
435.463,15
435.569,0
435.676,0
435.783,0
435.889,91
435.996,158
436.103,103
436.21,9
436.316,0
436.423,21
436.53,32
436.636,0
436.743,17
436.85,72
436.956,53
437.063,67
437.17,57
437.276,5
437.383,17
437.49,50
437.596,54
437.703,0
437.81,0
437.916,26
438.023,0
438.13,32
438.237,0
438.343,15
438.45,0
438.557,0
438.663,0
438.77,21
438.877,131
438.983,113
439.09,74
439.197,32
439.303,0
439.41,14
439.517,12
439.623,2
439.73,0
439.837,2
439.943,0
440.05,0
440.157,0
440.263,2
440.37,4
440.477,2
440.583,0
440.69,11
440.797,26
440.904,24
441.01,33
441.117,32
441.224,0
441.33,4
441.437,0
441.544,0
441.65,31
441.757,25
441.864,0
441.97,26
442.077,0
442.184,19
442.29,20
442.397,5
442.504,7
442.61,0
442.717,25
442.824,0
442.93,17
443.037,0
443.144,12
443.25,2
443.357,0
443.464,24
443.57,0
443.677,0
443.784,0
443.89,0
443.997,12
444.104,0
444.21,8
444.317,0
444.424,0
444.53,24
444.637,44
444.744,24
444.851,0
444.957,0
445.064,0
445.171,0
445.277,0
445.384,8
445.491,12
445.597,14
445.704,33
445.811,0
445.917,4
446.024,26
446.131,17
446.237,0
446.344,11
446.451,0
446.557,0
446.664,2
446.771,0
446.877,1
446.984,6
447.091,14
447.197,15
447.304,2
447.411,5
447.517,19
447.624,27
447.731,0
447.837,0
447.944,23
448.051,17
448.157,0
448.264,7
448.371,37
448.477,42
448.584,14
448.691,31
448.797,4
448.904,0
449.011,13
449.117,0
449.224,0
449.331,8
449.437,0
449.544,0
449.651,0
449.757,0
449.864,0
449.971,0
450.077,4
450.184,0
450.291,0
450.397,21
450.504,0
450.611,22
450.717,23
450.824,14
450.931,10
451.037,0
451.144,0
451.251,0
451.357,3
451.464,12
451.571,6
451.677,12
451.784,16
451.891,17
451.997,19
452.104,5
452.21,0
452.317,16
452.424,10
452.53,3
452.637,2
452.744,13
452.85,0
452.957,0
453.064,5
453.17,0
453.277,0
453.384,19
453.49,21
453.597,0
453.704,9
453.81,2
453.917,15
454.024,30
454.13,0
454.237,0
454.344,5
454.45,0
454.557,6
454.664,0
454.77,0
454.877,0
454.984,2
455.09,0
455.197,37
455.304,18
455.41,21
455.517,4
455.624,0
455.73,0
455.837,2
455.944,0
456.05,0
456.157,9
456.263,0
456.37,14
456.477,26
456.583,16
456.69,11
456.797,7
456.903,0
457.01,1
457.117,10
457.223,16
457.33,0
457.437,11
457.543,0
457.65,0
457.757,0
457.863,9
457.97,28
458.077,156
458.183,105
458.29,40
458.397,12
458.503,1
458.61,13
458.716,11
458.823,0
458.93,19
459.036,24
459.143,5
459.25,5
459.356,0
459.463,7
459.57,0
459.676,26
459.783,0
459.89,0
459.996,6
460.103,19
460.21,24
460.316,6
460.423,11
460.53,10
460.636,0
460.743,2
460.849,12
460.956,0
461.063,10
461.169,6
461.276,0
461.383,8
461.489,4
461.596,0
461.703,8
461.809,0
461.916,27
462.023,14
462.129,6
462.236,0
462.342,0
462.449,21
462.556,4
462.662,74
462.769,86
462.876,84
462.982,30
463.089,0
463.196,0
463.302,0
463.409,29
463.516,12
463.622,0
463.729,0
463.835,3
463.942,8
464.049,0
464.155,0
464.262,0
464.369,8
464.475,13
464.582,22
464.689,0
464.795,0
464.902,5
465.009,16
465.115,0
465.222,12
465.328,1
465.435,19
465.542,0
465.648,0
465.755,2
465.862,25
465.968,32
466.075,0
466.182,0
466.288,0
466.395,10
466.501,0
466.608,0
466.715,7
466.821,16
466.928,20
467.035,0
467.141,0
467.248,0
467.355,0
467.461,0
467.568,0
467.674,0
467.781,25
467.888,82
467.994,28
468.101,20
468.208,0
468.314,7
468.421,0
468.528,0
468.634,0
468.741,11
468.847,10
468.954,0
469.061,0
469.167,0
469.274,0
469.381,0
469.487,10
469.594,0
469.701,7
469.807,10
469.914,18
470.02,4
470.127,22
470.234,0
470.34,9
470.447,0
470.554,11
470.66,0
470.767,0
470.873,0
470.98,19
471.087,0
471.193,0
471.3,9
471.407,26
471.513,0
471.62,38
471.727,37
471.833,0
471.94,0
472.046,11
472.153,30
472.26,8
472.366,37
472.473,35
472.58,0
472.686,34
472.793,5
472.899,0
473.006,0
473.113,6
473.219,109
473.326,138
473.433,54
473.539,28
473.646,7
473.752,4
473.859,6
473.966,26
474.072,24
474.179,0
474.286,0
474.392,3
474.499,8
474.605,16
474.712,116
474.819,111
474.925,42
475.032,0
475.139,0
475.245,6
475.352,0
475.458,5
475.565,0
475.672,0
475.778,0
475.885,0
475.992,0
476.098,0
476.205,10
476.311,0
476.418,0
476.525,39
476.631,29
476.738,28
476.844,0
476.951,0
477.058,0
477.164,0
477.271,20
477.378,0
477.484,13
477.591,24
477.697,0
477.804,31
477.911,0
478.017,47
478.124,51
478.231,31
478.337,3
478.444,0
478.55,14
478.657,28
478.764,24
478.87,0
478.977,10
479.083,0
479.19,16
479.297,0
479.403,0
479.51,0
479.617,18
479.723,13
479.83,9
479.936,10
480.043,0
480.15,12
480.256,27
480.363,21
480.469,10
480.576,0
480.683,0
480.789,0
480.896,0
481.003,6
481.109,6
481.216,1
481.322,28
481.429,29
481.536,0
481.642,18
481.749,0
481.855,0
481.962,0
482.069,0
482.175,0
482.282,11
482.388,0
482.495,0
482.602,1
482.708,0
482.815,0
482.922,1
483.028,4
483.135,11
483.241,10
483.348,0
483.455,13
483.561,11
483.668,24
483.774,0
483.881,2
483.988,5
484.094,0
484.201,0
484.307,5
484.414,0
484.521,0
484.627,0
484.734,14
484.84,6
484.947,0
485.054,18
485.16,0
485.267,6
485.373,0
485.48,0
485.587,0
485.693,0
485.8,0
485.907,1
486.013,0
486.12,5
486.226,0
486.333,19
486.44,6
486.546,58
486.653,69
486.759,32
486.866,0
486.973,0
487.079,0
487.186,46
487.292,7
487.399,38
487.506,19
487.612,11
487.719,8
487.825,0
487.932,0
488.039,28
488.145,3
488.252,13
488.358,0
488.465,0
488.572,0
488.678,23
488.785,0
488.891,15
488.998,2
489.105,22
489.211,2
489.318,27
489.424,8
489.531,0
489.638,0
489.744,0
489.851,0
489.957,6
490.064,0
490.171,0
490.277,0
490.384,36
490.49,0
490.597,0
490.704,4
490.81,5
490.917,2
491.023,20
491.13,2
491.237,0
491.343,29
491.45,5
491.556,0
491.663,0
491.769,4
491.876,0
491.983,0
492.089,0
492.196,0
492.302,15
492.409,0
492.516,0
492.622,12
492.729,8
492.835,12
492.942,24
493.049,32
493.155,89
493.262,29
493.368,23
493.475,0
493.582,15
493.688,18
493.795,0
493.901,30
494.008,11
494.114,0
494.221,11
494.328,0
494.434,20
494.541,13
494.647,5
494.754,28
494.861,0
494.967,0
495.074,1
495.18,5
495.287,0
495.394,0
495.5,10
495.607,19
495.713,6
495.82,17
495.926,2
496.033,15
496.14,16
496.246,0
496.353,0
496.459,14
496.566,0
496.673,0
496.779,0
496.886,21
496.992,0
497.099,0
497.206,14
497.312,3
497.419,0
497.525,0
497.632,19
497.738,0
497.845,34
497.952,11
498.058,0
498.165,0
498.271,0
498.378,0
498.485,0
498.591,0
498.698,0
498.804,0
498.911,35
499.017,9
499.124,0
499.231,13
499.337,10
499.444,17
499.55,2
499.657,0
499.763,27
499.87,53
499.977,0
500.083,1
500.19,26
500.296,8
500.403,16
500.51,0
500.616,16
500.723,4
500.829,0
500.936,0
501.042,38
501.149,17
501.256,15
501.362,8
501.469,0
501.575,0
501.682,0
501.788,1
501.895,0
502.002,10
502.108,12
502.215,0
502.321,15
502.428,0
502.534,0
502.641,24
502.748,0
502.854,39
502.961,6
503.067,0
503.174,18
503.281,13
503.387,0
503.494,0
503.6,0
503.707,6
503.813,14
503.92,13
504.027,34
504.133,19
504.24,17
504.346,0
504.453,0
504.559,15
504.666,15
504.773,0
504.879,10
504.986,35
505.092,7
505.199,30
505.305,0
505.412,9
505.518,0
505.625,8
505.732,9
505.838,0
505.945,0
506.051,0
506.158,9
506.264,0
506.371,0
506.478,5
506.584,12
506.691,0
506.797,1
506.904,0
507.01,20
507.117,11
507.224,17
507.33,0
507.437,6
507.543,0
507.65,0
507.756,0
507.863,0
507.97,28
508.076,2
508.183,8
508.289,0
508.396,0
508.502,13
508.609,21
508.715,13
508.822,0
508.929,30
509.035,18
509.142,3
509.248,0
509.355,8
509.461,0
509.568,11
509.675,0
509.781,0
509.888,22
509.994,0
510.101,7
510.207,2
510.314,0
510.42,5
510.527,14
510.634,0
510.74,0
510.847,22
510.953,24
511.06,1
511.166,0
511.273,4
511.379,0
511.486,3
511.593,2
511.699,16
511.806,17
511.912,0
512.019,0
512.125,14
512.232,0
512.339,72
512.445,92
512.552,53
512.658,0
512.765,35
512.871,0
512.978,39
513.084,36
513.191,34
513.298,37
513.404,9
513.511,27
513.617,94
513.724,233
513.83,443
513.937,445
514.043,233
514.15,34
514.256,0
514.363,36
514.47,50
514.576,44
514.683,12
514.789,27
514.896,103
515.002,94
515.109,131
515.215,159
515.322,113
515.429,22
515.535,0
515.642,25
515.748,24
515.855,4
515.961,3
516.068,13
516.174,3
516.281,0
516.388,12
516.494,4
516.601,45
516.707,100
516.814,25
516.92,42
517.027,2
517.133,0
517.24,41
517.346,68
517.453,30
517.56,27
517.666,0
517.773,2
517.879,14
517.986,8
518.092,7
518.199,50
518.305,79
518.412,196
518.518,234
518.625,187
518.732,113
518.838,39
518.945,0
519.051,0
519.158,44
519.264,44
519.371,3
519.477,0
519.584,0
519.69,0
519.797,15
519.903,12
520.01,0
520.117,20
520.223,0
520.33,18
520.436,4
520.543,16
520.649,16
520.756,2
520.862,0
520.969,0
521.075,11
521.182,0
521.289,4
521.395,17
521.502,19
521.608,4
521.715,25
521.821,18
521.928,0
522.034,4
522.141,15
522.247,0
522.354,5
522.46,13
522.567,0
522.674,0
522.78,14
522.887,0
522.993,0
523.1,5
523.206,0
523.313,0
523.419,10
523.526,0
523.632,0
523.739,0
523.845,21
523.952,8
524.058,0
524.165,7
524.272,7
524.378,7
524.485,0
524.591,30
524.698,29
524.804,0
524.911,0
525.017,29
525.124,0
525.23,0
525.337,0
525.443,0
525.55,0
525.656,5
525.763,7
525.87,2
525.976,11
526.083,16
526.189,5
526.296,0
526.402,10
526.509,6
526.615,0
526.722,7
526.828,0
526.935,0
527.041,0
527.148,6
527.254,0
527.361,0
527.467,0
527.574,32
527.68,0
527.787,17
527.894,0
528,0
528.107,0
528.213,0
528.32,0
528.426,0
528.533,2
528.639,0
528.746,0
528.852,22
528.959,0
529.065,0
529.172,28
529.278,8
529.385,0
529.491,5
529.598,0
529.704,0
529.811,29
529.918,41
530.024,0
530.131,0
530.237,11
530.344,0
530.45,0
530.557,6
530.663,0
530.77,0
530.876,13
530.983,1
531.089,0
531.196,2
531.302,8
531.409,0
531.515,0
531.622,21
531.728,7
531.835,6
531.941,16
532.048,13
532.154,0
532.261,2
532.367,3
532.474,9
532.581,0
532.687,11
532.794,0
532.9,0
533.007,4
533.113,24
533.22,30
533.326,7
533.433,0
533.539,0
533.646,8
533.752,0
533.859,6
533.965,12
534.072,0
534.178,14
534.285,14
534.391,16
534.498,7
534.604,22
534.711,14
534.817,0
534.924,1
535.03,10
535.137,31
535.243,15
535.35,2
535.456,0
535.563,12
535.669,4
535.776,0
535.882,13
535.989,0
536.095,0
536.202,0
536.308,32
536.415,3
536.521,16
536.628,33
536.735,0
536.841,14
536.948,0
537.054,14
537.161,2
537.267,21
537.374,0
537.48,0
537.587,0
537.693,0
537.8,0
537.906,3
538.013,0
538.119,5
538.226,0
538.332,37
538.439,0
538.545,13
538.652,8
538.758,0
538.865,0
538.971,0
539.078,0
539.184,0
539.291,20
539.397,17
539.504,3
539.61,0
539.717,0
539.823,9
539.93,0
540.036,9
540.143,0
540.249,0
540.356,0
540.462,33
540.569,22
540.675,0
540.782,0
540.888,2
540.995,0
541.101,0
541.208,11
541.314,16
541.421,0
541.527,5
541.634,9
541.74,0
541.847,13
541.953,3
542.06,0
542.166,7
542.273,7
542.379,0
542.486,13
542.592,0
542.699,2
542.805,12
542.912,32
543.018,0
543.125,18
543.231,2
543.338,7
543.444,0
543.551,14
543.657,5
543.764,3
543.87,0
543.977,0
544.083,7
544.19,0
544.296,4
544.403,5
544.509,14
544.616,24
544.722,0
544.829,8
544.935,0
545.042,11
545.148,0
545.255,0
545.361,25
545.467,0
545.574,29
545.68,6
545.787,0
545.893,0
546,0
546.106,24
546.213,0
546.319,0
546.426,5
546.532,7
546.639,11
546.745,0
546.852,10
546.958,26
547.065,12
547.171,17
547.278,0
547.384,36
547.491,9
547.597,0
547.704,28
547.81,10
547.917,10
548.023,30
548.13,0
548.236,0
548.343,1
548.449,0
548.556,7
548.662,10
548.769,0
548.875,24
548.982,8
549.088,14
549.195,0
549.301,2
549.408,16
549.514,17
549.62,7
549.727,21
549.833,13
549.94,11
550.046,0
550.153,0
550.259,1
550.366,13
550.472,0
550.579,0
550.685,48
550.792,149
550.898,0
551.005,0
551.111,6
551.218,24
551.324,0
551.431,0
551.537,0
551.644,0
551.75,0
551.857,15
551.963,13
552.07,0
552.176,0
552.282,0
552.389,23
552.495,28
552.602,0
552.708,19
552.815,6
552.921,16
553.028,16
553.134,8
553.241,7
553.347,10
553.454,0
553.56,0
553.667,7
553.773,24
553.88,0
553.986,5
554.093,5
554.199,10
554.305,7
554.412,0
554.518,23
554.625,2
554.731,0
554.838,2
554.944,0
555.051,0
555.157,0
555.264,0
555.37,0
555.477,5
555.583,0
555.69,4
555.796,4
555.903,0
556.009,1
556.115,26
556.222,0
556.328,0
556.435,27
556.541,3
556.648,0
556.754,17
556.861,0
556.967,14
557.074,6
557.18,0
557.287,21
557.393,16
557.5,53
557.606,83
557.713,54
557.819,0
557.925,0
558.032,0
558.138,0
558.245,18
558.351,0
558.458,0
558.564,16
558.671,0
558.777,0
558.884,4
558.99,4
559.097,0
559.203,20
559.309,44
559.416,43
559.522,0
559.629,0
559.735,14
559.842,0
559.948,2
560.055,25
560.161,0
560.268,0
560.374,8
560.481,29
560.587,0
560.693,2
560.8,19
560.906,20
561.013,9
561.119,7
561.226,7
561.332,15
561.439,12
561.545,0
561.652,0
561.758,32
561.864,28
561.971,0
562.077,10
562.184,0
562.29,21
562.397,12
562.503,0
562.61,4
562.716,0
562.823,4
562.929,10
563.035,1
563.142,0
563.248,0
563.355,0
563.461,12
563.568,8
563.674,18
563.781,5
563.887,6
563.994,11
564.1,0
564.206,0
564.313,31
564.419,22
564.526,0
564.632,38
564.739,25
564.845,0
564.952,0
565.058,22
565.165,33
565.271,15
565.377,4
565.484,2
565.59,10
565.697,0
565.803,0
565.91,29
566.016,21
566.123,0
566.229,0
566.335,30
566.442,0
566.548,11
566.655,29
566.761,0
566.868,0
566.974,0
567.081,17
567.187,0
567.293,3
567.4,21
567.506,15
567.613,0
567.719,0
567.826,16
567.932,0
568.039,2
568.145,3
568.251,0
568.358,0
568.464,20
568.571,0
568.677,26
568.784,12
568.89,13
568.997,25
569.103,0
569.209,34
569.316,21
569.422,0
569.529,0
569.635,0
569.742,16
569.848,0
569.955,8
570.061,10
570.167,0
570.274,0
570.38,0
570.487,11
570.593,0
570.7,8
570.806,31
570.912,6
571.019,0
571.125,0
571.232,0
571.338,24
571.445,0
571.551,0
571.658,0
571.764,7
571.87,11
571.977,0
572.083,17
572.19,9
572.296,0
572.403,33
572.509,20
572.615,2
572.722,0
572.828,0
572.935,23
573.041,7
573.148,0
573.254,0
573.36,0
573.467,17
573.573,32
573.68,10
573.786,0
573.893,3
573.999,4
574.105,11
574.212,0
574.318,25
574.425,0
574.531,40
574.638,58
574.744,0
574.85,0
574.957,0
575.063,0
575.17,0
575.276,13
575.383,0
575.489,0
575.595,15
575.702,8
575.808,0
575.915,37
576.021,0
576.128,0
576.234,0
576.34,0
576.447,0
576.553,0
576.66,0
576.766,38
576.873,0
576.979,0
577.085,0
577.192,0
577.298,0
577.405,6
577.511,6
577.618,6
577.724,3
577.83,0
577.937,0
578.043,8
578.15,21
578.256,0
578.363,0
578.469,0
578.575,1
578.682,11
578.788,0
578.895,35
579.001,13
579.107,0
579.214,10
579.32,14
579.427,24
579.533,0
579.64,4
579.746,25
579.852,0
579.959,0
580.065,35
580.172,7
580.278,0
580.384,10
580.491,0
580.597,10
580.704,32
580.81,15
580.917,8
581.023,0
581.129,43
581.236,176
581.342,102
581.449,28
581.555,0
581.661,0
581.768,23
581.874,24
581.981,4
582.087,0
582.193,0
582.3,20
582.406,3
582.513,9
582.619,0
582.726,0
582.832,2
582.938,0
583.045,42
583.151,19
583.258,0
583.364,13
583.47,0
583.577,0
583.683,25
583.79,0
583.896,0
584.002,0
584.109,16
584.215,0
584.322,0
584.428,16
584.535,0
584.641,3
584.747,0
584.854,4
584.96,15
585.067,7
585.173,0
585.279,34
585.386,32
585.492,32
585.599,0
585.705,0
585.811,0
585.918,3
586.024,23
586.131,11
586.237,10
586.343,0
586.45,0
586.556,0
586.663,3
586.769,0
586.875,0
586.982,0
587.088,12
587.195,0
587.301,6
587.407,0
587.514,12
587.62,0
587.727,0
587.833,0
587.939,13
588.046,8
588.152,0
588.259,2
588.365,17
588.471,0
588.578,0
588.684,0
588.791,0
588.897,0
589.003,0
589.11,0
589.216,2
589.323,35
589.429,14
589.535,0
589.642,0
589.748,0
589.855,20
589.961,17
590.067,0
590.174,0
590.28,1
590.387,25
590.493,2
590.599,6
590.706,0
590.812,0
590.918,1
591.025,0
591.131,16
591.238,11
591.344,0
591.45,7
591.557,0
591.663,18
591.77,8
591.876,0
591.982,0
592.089,0
592.195,2
592.302,0
592.408,0
592.514,0
592.621,4
592.727,2
592.834,0
592.94,0
593.046,16
593.153,0
593.259,0
593.365,0
593.472,0
593.578,0
593.685,15
593.791,14
593.897,5
594.004,0
594.11,1
594.217,7
594.323,9
594.429,13
594.536,2
594.642,0
594.748,28
594.855,24
594.961,10
595.068,1
595.174,1
595.28,1
595.387,5
595.493,2
595.6,0
595.706,0
595.812,0
595.919,4
596.025,0
596.131,11
596.238,2
596.344,15
596.451,53
596.557,14
596.663,25
596.77,0
596.876,0
596.982,5
597.089,9
597.195,0
597.302,0
597.408,0
597.514,0
597.621,16
597.727,33
597.833,9
597.94,5
598.046,3
598.153,8
598.259,0
598.365,28
598.472,0
598.578,0
598.685,30
598.791,6
598.897,0
599.004,0
599.11,0
599.216,6
599.323,4
599.429,0
599.535,0
599.642,0
599.748,0
599.855,24
599.961,19
600.067,0
600.174,0
600.28,3
600.386,0
600.493,0
600.599,0
600.706,0
600.812,8
600.918,0
601.025,2
601.131,7
601.237,0
601.344,6
601.45,7
601.557,32
601.663,112
601.769,97
601.876,24
601.982,0
602.088,0
602.195,15
602.301,25
602.407,0
602.514,0
602.62,0
602.727,0
602.833,0
602.939,14
603.046,0
603.152,2
603.258,27
603.365,0
603.471,0
603.577,0
603.684,18
603.79,12
603.897,0
604.003,0
604.109,6
604.216,7
604.322,49
604.428,22
604.535,0
604.641,0
604.747,0
604.854,3
604.96,0
605.067,0
605.173,20
605.279,0
605.386,11
605.492,0
605.598,3
605.705,0
605.811,0
605.917,0
606.024,8
606.13,0
606.236,0
606.343,34
606.449,8
606.556,0
606.662,9
606.768,12
606.875,0
606.981,8
607.087,14
607.194,0
607.3,0
607.406,13
607.513,21
607.619,0
607.725,19
607.832,2
607.938,0
608.045,0
608.151,0
608.257,0
608.364,0
608.47,0
608.576,0
608.683,3
608.789,4
608.895,8
609.002,0
609.108,14
609.214,0
609.321,0
609.427,0
609.533,30
609.64,3
609.746,0
609.852,16
609.959,11
610.065,0
610.172,0
610.278,10
610.384,0
610.491,9
610.597,0
610.703,53
610.81,144
610.916,90
611.022,43
611.129,21
611.235,0
611.341,12
611.448,8
611.554,1
611.66,0
611.767,0
611.873,17
611.979,0
612.086,0
612.192,18
612.298,7
612.405,0
612.511,4
612.617,14
612.724,0
612.83,12
612.936,6
613.043,7
613.149,0
613.255,15
613.362,12
613.468,0
613.575,0
613.681,0
613.787,0
613.894,6
614,63
614.106,62
614.213,30
614.319,0
614.425,11
614.532,4
614.638,2
614.744,0
614.851,0
614.957,0
615.063,19
615.17,21
615.276,2
615.382,0
615.489,0
615.595,20
615.701,11
615.808,0
615.914,0
616.02,21
616.127,0
616.233,0
616.339,0
616.446,40
616.552,7
616.658,9
616.765,0
616.871,11
616.977,5
617.084,0
617.19,0
617.296,0
617.403,0
617.509,14
617.615,0
617.722,0
617.828,8
617.934,5
618.041,0
618.147,11
618.253,2
618.36,0
618.466,0
618.572,0
618.679,19
618.785,0
618.891,12
618.998,7
619.104,0
619.21,5
619.316,13
619.423,0
619.529,12
619.635,25
619.742,0
619.848,5
619.954,0
620.061,0
620.167,4
620.273,10
620.38,0
620.486,20
620.592,4
620.699,1
620.805,0
620.911,19
621.018,2
621.124,0
621.23,0
621.337,0
621.443,13
621.549,11
621.656,0
621.762,14
621.868,8
621.975,0
622.081,5
622.187,5
622.294,5
622.4,0
622.506,0
622.612,0
622.719,0
622.825,15
622.931,1
623.038,0
623.144,0
623.25,0
623.357,0
623.463,0
623.569,15
623.676,0
623.782,0
623.888,13
623.995,28
624.101,0
624.207,0
624.314,26
624.42,23
624.526,0
624.632,0
624.739,0
624.845,0
624.951,17
625.058,14
625.164,3
625.27,0
625.377,0
625.483,0
625.589,24
625.696,20
625.802,1
625.908,0
626.015,0
626.121,0
626.227,17
626.333,17
626.44,3
626.546,9
626.652,27
626.759,41
626.865,6
626.971,6
627.078,29
627.184,10
627.29,28
627.397,0
627.503,0
627.609,30
627.715,0
627.822,10
627.928,36
628.034,0
628.141,0
628.247,0
628.353,10
628.46,11
628.566,9
628.672,0
628.778,10
628.885,0
628.991,0
629.097,0
629.204,0
629.31,14
629.416,0
629.523,0
629.629,0
629.735,0
629.841,0
629.948,37
630.054,1
630.16,9
630.267,0
630.373,12
630.479,0
630.586,0
630.692,0
630.798,0
630.904,0
631.011,8
631.117,0
631.223,0
631.33,0
631.436,4
631.542,13
631.649,0
631.755,0
631.861,0
631.967,14
632.074,2
632.18,0
632.286,19
632.393,0
632.499,4
632.605,15
632.711,14
632.818,0
632.924,0
633.03,16
633.137,3
633.243,0
633.349,0
633.456,0
633.562,18
633.668,25
633.774,24
633.881,21
633.987,0
634.093,0
634.2,0
634.306,23
634.412,0
634.518,0
634.625,0
634.731,26
634.837,0
634.944,14
635.05,14
635.156,0
635.262,15
635.369,36
635.475,25
635.581,0
635.688,0
635.794,24
635.9,3
636.006,0
636.113,0
636.219,9
636.325,37
636.432,0
636.538,0
636.644,0
636.75,0
636.857,8
636.963,2
637.069,15
637.176,0
637.282,6
637.388,14
637.494,2
637.601,0
637.707,6
637.813,10
637.92,27
638.026,0
638.132,0
638.238,0
638.345,2
638.451,0
638.557,0
638.663,7
638.77,6
638.876,0
638.982,14
639.089,4
639.195,21
639.301,0
639.407,0
639.514,0
639.62,6
639.726,18
639.833,0
639.939,0
640.045,0
640.151,0
640.258,10
640.364,0
640.47,0
640.576,17
640.683,0
640.789,0
640.895,6
641.002,0
641.108,2
641.214,8
641.32,13
641.427,24
641.533,8
641.639,11
641.745,0
641.852,0
641.958,15
642.064,18
642.171,0
642.277,0
642.383,56
642.489,0
642.596,0
642.702,0
642.808,0
642.914,0
643.021,0
643.127,8
643.233,20
643.339,0
643.446,15
643.552,14
643.658,0
643.765,36
643.871,0
643.977,2
644.083,0
644.19,22
644.296,0
644.402,7
644.508,21
644.615,13
644.721,0
644.827,4
644.933,8
645.04,0
645.146,0
645.252,11
645.358,0
645.465,0
645.571,0
645.677,0
645.784,0
645.89,0
645.996,7
646.102,4
646.209,19
646.315,14
646.421,0
646.527,0
646.634,0
646.74,0
646.846,34
646.952,29
647.059,0
647.165,0
647.271,0
647.377,14
647.484,0
647.59,11
647.696,0
647.802,6
647.909,19
648.015,26
648.121,0
648.227,0
648.334,3
648.44,13
648.546,16
648.652,0
648.759,18
648.865,0
648.971,9
649.077,0
649.184,0
649.29,0
649.396,0
649.502,14
649.609,14
649.715,0
649.821,5
649.927,8
650.034,11
650.14,0
650.246,4
650.352,0
650.459,13
650.565,0
650.671,3
650.777,18
650.884,14
650.99,11
651.096,0
651.202,0
651.309,33
651.415,11
651.521,41
651.627,23
651.734,46
651.84,0
651.946,0
652.052,18
652.159,0
652.265,5
652.371,0
652.477,36
652.584,57
652.69,37
652.796,33
652.902,108
653.009,112
653.115,0
653.221,29
653.327,4
653.434,0
653.54,2
653.646,0
653.752,0
653.858,0
653.965,0
654.071,95
654.177,170
654.283,81
654.39,4
654.496,0
654.602,0
654.708,0
654.815,0
654.921,36
655.027,74
655.133,25
655.24,27
655.346,0
655.452,0
655.558,0
655.665,0
655.771,0
655.877,0
655.983,0
656.089,6
656.196,16
656.302,0
656.408,0
656.514,7
656.621,13
656.727,23
656.833,0
656.939,12
657.046,3
657.152,0
657.258,0
657.364,0
657.47,19
657.577,50
657.683,38
657.789,20
657.895,10
658.002,20
658.108,21
658.214,15
658.32,0
658.427,26
658.533,7
658.639,31
658.745,41
658.851,22
658.958,10
659.064,17
659.17,0
659.276,2
659.383,27
659.489,108
659.595,70
659.701,39
659.807,2
659.914,30
660.02,17
660.126,184
660.232,235
660.339,128
660.445,47
660.551,8
660.657,0
660.763,82
660.87,150
660.976,104
661.082,173
661.188,205
661.295,85
661.401,35
661.507,22
661.613,85
661.719,94
661.826,62
661.932,21
662.038,0
662.144,0
662.251,20
662.357,0
662.463,9
662.569,0
662.675,8
662.782,15
662.888,41
662.994,25
663.1,7
663.206,12
663.313,0
663.419,0
663.525,26
663.631,2
663.738,62
663.844,54
663.95,34
664.056,22
664.162,30
664.269,0
664.375,0
664.481,13
664.587,36
664.693,0
664.8,0
664.906,0
665.012,8
665.118,0
665.225,2
665.331,0
665.437,22
665.543,43
665.649,74
665.756,73
665.862,9
665.968,25
666.074,0
666.18,44
666.287,74
666.393,87
666.499,36
666.605,47
666.711,0
666.818,28
666.924,0
667.03,0
667.136,37
667.242,81
667.349,37
667.455,24
667.561,7
667.667,0
667.773,0
667.88,0
667.986,0
668.092,5
668.198,4
668.304,4
668.411,0
668.517,0
668.623,5
668.729,0
668.835,2
668.942,16
669.048,3
669.154,0
669.26,21
669.366,9
669.473,10
669.579,17
669.685,11
669.791,0
669.897,113
670.004,338
670.11,228
670.216,89
670.322,26
670.428,0
670.535,18
670.641,4
670.747,50
670.853,118
670.959,84
671.066,17
671.172,4
671.278,8
671.384,13
671.49,0
671.597,0
671.703,0
671.809,124
671.915,153
672.021,57
672.128,0
672.234,0
672.34,47
672.446,0
672.552,0
672.658,3
672.765,21
672.871,0
672.977,0
673.083,1
673.189,0
673.296,0
673.402,0
673.508,15
673.614,0
673.72,8
673.827,15
673.933,13
674.039,13
674.145,0
674.251,0
674.357,13
674.464,15
674.57,0
674.676,18
674.782,7
674.888,0
674.995,0
675.101,45
675.207,53
675.313,32
675.419,5
675.526,0
675.632,88
675.738,89
675.844,44
675.95,0
676.056,1
676.163,14
676.269,24
676.375,8
676.481,0
676.587,0
676.693,20
676.8,11
676.906,0
677.012,17
677.118,0
677.224,0
677.331,0
677.437,0
677.543,17
677.649,12
677.755,24
677.861,0
677.968,21
678.074,0
678.18,6
678.286,0
678.392,13
678.498,0
678.605,0
678.711,54
678.817,67
678.923,39
679.029,0
679.136,0
679.242,20
679.348,5
679.454,23
679.56,0
679.666,6
679.773,17
679.879,9
679.985,6
680.091,0
680.197,0
680.303,26
680.41,0
680.516,0
680.622,0
680.728,9
680.834,5
680.94,0
681.047,15
681.153,0
681.259,0
681.365,0
681.471,6
681.577,0
681.684,0
681.79,13
681.896,5
682.002,33
682.108,58
682.214,58
682.321,30
682.427,0
682.533,15
682.639,0
682.745,0
682.851,15
682.958,28
683.064,8
683.17,5
683.276,11
683.382,0
683.488,26
683.595,0
683.701,0
683.807,9
683.913,4
684.019,13
684.125,20
684.231,7
684.338,18
684.444,0
684.55,0
684.656,24
684.762,8
684.868,0
684.975,14
685.081,38
685.187,11
685.293,8
685.399,6
685.505,25
685.611,20
685.718,0
685.824,32
685.93,3
686.036,0
686.142,1
686.248,9
686.355,0
686.461,34
686.567,13
686.673,0
686.779,0
686.885,0
686.991,11
687.098,15
687.204,12
687.31,0
687.416,0
687.522,0
687.628,0
687.735,0
687.841,2
687.947,0
688.053,0
688.159,0
688.265,17
688.371,14
688.478,0
688.584,9
688.69,11
688.796,0
688.902,8
689.008,25
689.114,0
689.221,0
689.327,47
689.433,22
689.539,12
689.645,0
689.751,0
689.857,0
689.964,7
690.07,0
690.176,0
690.282,26
690.388,17
690.494,0
690.6,0
690.707,0
690.813,0
690.919,24
691.025,2
691.131,0
691.237,9
691.343,0
691.45,2
691.556,0
691.662,1
691.768,7
691.874,0
691.98,17
692.086,24
692.193,0
692.299,4
692.405,0
692.511,9
692.617,0
692.723,0
692.829,15
692.935,9
693.042,0
693.148,18
693.254,0
693.36,0
693.466,4
693.572,28
693.678,0
693.785,0
693.891,6
693.997,0
694.103,0
694.209,0
694.315,0
694.421,17
694.527,12
694.634,0
694.74,9
694.846,0
694.952,15
695.058,0
695.164,21
695.27,22
695.376,0
695.483,0
695.589,0
695.695,0
695.801,10
695.907,10
696.013,0
696.119,27
696.225,0
696.332,14
696.438,32
696.544,11
696.65,26
696.756,4
696.862,0
696.968,9
697.074,0
697.181,22
697.287,0
697.393,0
697.499,0
697.605,24
697.711,0
697.817,26
697.923,16
698.03,0
698.136,18
698.242,0
698.348,15
698.454,9
698.56,0
698.666,2
698.772,34
698.879,36
698.985,18
699.091,11
699.197,0
699.303,0
699.409,0
699.515,24
