59.6745,0
59.7814,0
59.8883,32
59.9952,36
60.1021,0
60.209,0
60.3159,0
60.4228,9
60.5296,0
60.6365,13
60.7434,0
60.8503,18
60.9572,0
61.0641,6
61.171,20
61.2779,0
61.3848,0
61.4917,8
61.5986,14
61.7055,6
61.8124,5
61.9193,0
62.0261,27
62.133,20
62.2399,0
62.3468,18
62.4537,4
62.5606,24
62.6675,5
62.7744,0
62.8813,8
62.9882,29
63.0951,8
63.202,0
63.3089,14
63.4158,0
63.5226,5
63.6295,11
63.7364,0
63.8433,13
63.9502,22
64.0571,21
64.164,15
64.2709,3
64.3778,0
64.4847,18
64.5916,0
64.6985,0
64.8054,21
64.9123,12
65.0192,0
65.1261,0
65.2329,41
65.3398,0
65.4467,0
65.5536,8
65.6605,29
65.7674,0
65.8743,0
65.9812,0
66.0881,0
66.195,12
66.3019,0
66.4088,14
66.5157,13
66.6226,5
66.7295,6
66.8364,0
66.9433,10
67.0502,0
67.157,0
67.2639,0
67.3708,11
67.4777,13
67.5846,8
67.6915,0
67.7984,21
67.9053,10
68.0122,11
68.1191,0
68.226,0
68.3329,0
68.4398,0
68.5467,3
68.6536,0
68.7605,0
68.8674,13
68.9743,0
69.0812,15
69.1881,24
69.295,0
69.4018,15
69.5087,0
69.6156,12
69.7225,8
69.8294,0
69.9363,11
70.0432,5
70.1501,15
70.257,8
70.3639,11
70.4708,0
70.5777,19
70.6846,21
70.7915,7
70.8984,6
71.0053,0
71.1122,6
71.2191,29
71.326,0
71.4329,10
71.5398,35
71.6467,21
71.7536,0
71.8605,9
71.9674,8
72.0742,0
72.1811,2
72.288,4
72.3949,5
72.5018,0
72.6087,25
72.7156,0
72.8225,0
72.9294,13
73.0363,0
73.1432,8
73.2501,0
73.357,9
73.4639,24
73.5708,2
73.6777,0
73.7846,3
73.8915,15
73.9984,22
74.1053,12
74.2122,12
74.3191,34
74.426,20
74.5329,0
74.6398,0
74.7467,0
74.8536,6
74.9605,4
75.0674,19
75.1743,28
75.2812,30
75.3881,0
75.495,0
75.6019,17
75.7088,30
75.8157,4
75.9225,0
76.0294,5
76.1363,16
76.2432,0
76.3501,14
76.457,0
76.5639,0
76.6708,7
76.7777,31
76.8846,0
76.9915,18
77.0984,29
77.2053,12
77.3122,0
77.4191,22
77.526,0
77.6329,0
77.7398,6
77.8467,0
77.9536,0
78.0605,2
78.1674,16
78.2743,4
78.3812,8
78.4881,0
78.595,21
78.7019,0
78.8088,3
78.9157,27
79.0226,0
79.1295,3
79.2364,31
79.3433,37
79.4502,0
79.5571,16
79.664,15
79.7709,0
79.8778,4
79.9847,0
80.0916,0
80.1985,26
80.3054,20
80.4123,0
80.5192,3
80.6261,5
80.733,0
80.8399,8
80.9468,0
81.0537,9
81.1606,0
81.2675,33
81.3744,69
81.4813,35
81.5882,2
81.6951,10
81.802,0
81.9089,0
82.0158,11
82.1227,3
82.2296,1
82.3365,32
82.4434,19
82.5503,1
82.6572,0
82.7641,14
82.871,19
82.9779,0
83.0848,6
83.1917,14
83.2986,21
83.4055,0
83.5124,0
83.6193,10
83.7262,2
83.8331,0
83.94,4
84.0469,20
84.1538,15
84.2607,0
84.3676,0
84.4745,14
84.5814,0
84.6883,0
84.7952,1
84.9021,0
85.009,1
85.1159,22
85.2228,15
85.3297,8
85.4366,13
85.5435,0
85.6504,2
85.7573,11
85.8642,26
85.9711,0
86.078,0
86.1849,17
86.2918,0
86.3987,38
86.5056,0
86.6125,0
86.7194,16
86.8263,0
86.9332,17
87.0401,26
87.147,0
87.2539,0
87.3608,17
87.4677,12
87.5746,5
87.6815,0
87.7884,7
87.8953,4
88.0022,15
88.1091,0
88.216,29
88.3229,17
88.4298,8
88.5367,21
88.6436,17
88.7505,24
88.8574,32
88.9643,20
89.0712,0
89.1781,27
89.285,16
89.3919,18
89.4988,2
89.6057,13
89.7126,11
89.8195,0
89.9264,21
90.0334,14
90.1403,9
90.2472,0
90.3541,16
90.461,14
90.5679,12
90.6748,0
90.7817,3
90.8886,24
90.9955,0
91.1024,19
91.2093,4
91.3162,11
91.4231,23
91.53,32
91.6369,7
91.7438,0
91.8507,0
91.9576,9
92.0645,29
92.1714,0
92.2783,10
92.3852,0
92.4921,0
92.599,18
92.7059,16
92.8128,4
92.9197,1
93.0266,0
93.1335,29
93.2404,25
93.3473,17
93.4542,0
93.5611,25
93.668,0
93.7749,14
93.8818,0
93.9887,9
94.0956,0
94.2025,0
94.3095,0
94.4164,0
94.5233,14
94.6302,14
94.7371,21
94.844,5
94.9509,20
95.0578,15
95.1647,17
95.2716,16
95.3785,0
95.4854,0
95.5923,30
95.6992,9
95.8061,0
95.913,9
96.0199,0
96.1268,0
96.2337,15
96.3406,16
96.4475,0
96.5544,19
96.6613,0
96.7682,0
96.8751,7
96.982,19
97.0889,0
97.1958,0
97.3027,0
97.4097,28
97.5166,5
97.6235,19
97.7304,0
97.8373,16
97.9442,5
98.0511,5
98.158,0
98.2649,16
98.3718,9
98.4787,0
98.5856,28
98.6925,6
98.7994,0
98.9063,0
99.0132,0
99.1201,0
99.227,0
99.3339,24
99.4408,25
99.5477,6
99.6546,20
99.7615,0
99.8684,17
99.9753,11
100.082,29
100.189,7
100.296,26
100.403,1
100.51,18
100.617,0
100.724,20
100.831,13
100.937,0
101.044,0
101.151,0
101.258,18
101.365,0
101.472,0
101.579,5
101.686,36
101.793,0
101.9,12
102.007,13
102.113,17
102.22,2
102.327,36
102.434,0
102.541,0
102.648,24
102.755,25
102.862,0
102.969,0
103.076,0
103.182,2
103.289,32
103.396,0
103.503,0
103.61,19
103.717,10
103.824,0
103.931,0
104.038,7
104.145,24
104.252,26
104.358,0
104.465,1
104.572,0
104.679,17
104.786,29
104.893,0
105,3
105.107,12
105.214,29
105.321,46
105.427,0
105.534,5
105.641,2
105.748,2
105.855,1
105.962,0
106.069,11
106.176,21
106.283,2
106.39,0
106.497,2
106.603,0
106.71,0
106.817,12
106.924,24
107.031,4
107.138,0
107.245,0
107.352,14
107.459,13
107.566,0
107.673,4
107.779,24
107.886,20
107.993,14
108.1,11
108.207,0
108.314,18
108.421,0
108.528,5
108.635,0
108.742,19
108.848,10
108.955,5
109.062,16
109.169,14
109.276,2
109.383,0
109.49,0
109.597,41
109.704,0
109.811,7
109.918,0
110.024,2
110.131,24
110.238,17
110.345,16
110.452,27
110.559,0
110.666,0
110.773,0
110.88,21
110.987,0
111.094,0
111.2,15
111.307,14
111.414,11
111.521,4
111.628,21
111.735,36
111.842,15
111.949,0
112.056,0
112.163,0
112.269,22
112.376,13
112.483,19
112.59,7
112.697,26
112.804,0
112.911,22
113.018,4
113.125,0
113.232,0
113.339,27
113.445,15
113.552,0
113.659,0
113.766,0
113.873,17
113.98,0
114.087,0
114.194,0
114.301,16
114.408,22
114.515,22
114.621,0
114.728,0
114.835,30
114.942,12
115.049,0
115.156,2
115.263,0
115.37,0
115.477,0
115.584,7
115.69,21
115.797,11
115.904,19
116.011,0
116.118,9
116.225,37
116.332,6
116.439,6
116.546,0
116.653,0
116.76,2
116.866,8
116.973,1
117.08,0
117.187,0
117.294,32
117.401,0
117.508,0
117.615,10
117.722,0
117.829,0
117.936,11
118.042,22
118.149,0
118.256,14
118.363,24
118.47,0
118.577,10
118.684,14
118.791,25
118.898,0
119.005,11
119.112,19
119.218,13
119.325,27
119.432,5
119.539,0
119.646,27
119.753,34
119.86,18
119.967,0
120.074,2
120.181,13
120.287,14
120.394,0
120.501,0
120.608,15
120.715,14
120.822,7
120.929,4
121.036,24
121.143,1
121.25,0
121.357,0
121.463,1
121.57,0
121.677,8
121.784,0
121.891,0
121.998,0
122.105,18
122.212,18
122.319,0
122.426,0
122.533,0
122.639,0
122.746,15
122.853,0
122.96,19
123.067,17
123.174,6
123.281,20
123.388,4
123.495,0
123.602,4
123.709,28
123.815,0
123.922,0
124.029,48
124.136,25
124.243,12
124.35,0
124.457,27
124.564,6
124.671,0
124.778,3
124.885,0
124.991,0
125.098,0
125.205,11
125.312,0
125.419,0
125.526,0
125.633,8
125.74,0
125.847,0
125.954,0
126.061,18
126.167,21
126.274,15
126.381,35
126.488,11
126.595,14
126.702,30
126.809,0
126.916,10
127.023,21
127.13,4
127.236,0
127.343,0
127.45,0
127.557,0
127.664,12
127.771,0
127.878,0
127.985,15
128.092,24
128.199,1
128.306,0
128.412,4
128.519,0
128.626,0
128.733,0
128.84,0
128.947,15
129.054,22
129.161,21
129.268,0
129.375,0
129.482,0
129.588,33
129.695,2
129.802,0
129.909,18
130.016,10
130.123,0
130.23,3
130.337,0
130.444,0
130.551,0
130.658,8
130.764,0
130.871,37
130.978,2
131.085,19
131.192,0
131.299,0
131.406,29
131.513,0
131.62,0
131.727,33
131.834,0
131.94,0
132.047,0
132.154,6
132.261,2
132.368,0
132.475,12
132.582,22
132.689,13
132.796,4
132.903,1
133.01,0
133.116,21
133.223,19
133.33,0
133.437,0
133.544,8
133.651,8
133.758,0
133.865,0
133.972,28
134.079,17
134.186,30
134.292,18
134.399,0
134.506,0
134.613,0
134.72,12
134.827,11
134.934,0
135.041,0
135.148,0
135.255,6
135.362,11
135.468,0
135.575,2
135.682,32
135.789,25
135.896,16
136.003,0
136.11,0
136.217,12
136.324,17
136.431,0
136.538,0
136.644,22
136.751,17
136.858,0
136.965,2
137.072,22
137.179,7
137.286,0
137.393,8
137.5,23
137.607,35
137.714,23
137.82,5
137.927,0
138.034,0
138.141,0
138.248,28
138.355,0
138.462,0
138.569,23
138.676,0
138.783,0
138.89,24
138.996,19
139.103,0
139.21,0
139.317,27
139.424,10
139.531,0
139.638,6
139.745,0
139.852,0
139.959,0
140.065,0
140.172,0
140.279,4
140.386,26
140.493,0
140.6,3
140.707,2
140.814,0
140.921,13
141.028,16
141.135,10
141.241,0
141.348,0
141.455,0
141.562,7
141.669,14
141.776,41
141.883,9
141.99,18
142.097,0
142.204,0
142.311,0
142.417,26
142.524,0
142.631,0
142.738,16
142.845,0
142.952,0
143.059,0
143.166,0
143.273,65
143.38,73
143.487,53
143.593,37
143.7,28
143.807,24
143.914,0
144.021,0
144.128,0
144.235,7
144.342,0
144.449,0
144.556,2
144.663,1
144.769,18
144.876,3
144.983,21
145.09,0
145.197,0
145.304,0
145.411,17
145.518,51
145.625,3
145.732,11
145.839,0
145.945,8
146.052,5
146.159,2
146.266,12
146.373,0
146.48,0
146.587,0
146.694,34
146.801,0
146.908,0
147.015,0
147.121,8
147.228,20
147.335,6
147.442,0
147.549,0
147.656,8
147.763,0
147.87,15
147.977,6
148.084,0
148.191,13
148.297,0
148.404,24
148.511,5
148.618,0
148.725,4
148.832,41
148.939,2
149.046,0
149.153,0
149.26,18
149.367,8
149.473,19
149.58,0
149.687,24
149.794,21
149.901,2
150.008,0
150.115,11
150.222,17
150.329,15
150.436,0
150.543,0
150.649,12
150.756,8
150.863,0
150.97,0
151.077,97
151.184,78
151.291,67
151.398,0
151.505,0
151.612,27
151.719,0
151.825,3
151.932,34
152.039,15
152.146,13
152.253,18
152.36,13
152.467,14
152.574,0
152.681,0
152.788,0
152.894,2
153.001,14
153.108,0
153.215,0
153.322,1
153.429,11
153.536,32
153.643,13
153.75,3
153.857,17
153.964,0
154.07,0
154.177,0
154.284,0
154.391,30
154.498,0
154.605,0
154.712,0
154.819,33
154.926,11
155.033,0
155.14,7
155.246,8
155.353,0
155.46,0
155.567,26
155.674,4
155.781,0
155.888,0
155.995,0
156.102,21
156.209,26
156.316,0
156.422,0
156.529,2
156.636,19
156.743,13
156.85,0
156.957,27
157.064,22
157.171,0
157.278,0
157.385,4
157.492,6
157.598,13
157.705,4
157.812,0
157.919,0
158.026,30
158.133,11
158.24,0
158.347,0
158.454,16
158.561,14
158.668,9
158.774,8
158.881,2
158.988,7
159.095,11
159.202,7
159.309,0
159.416,10
159.523,14
159.63,8
159.737,0
159.844,20
159.95,0
160.057,17
160.164,3
160.271,0
160.378,13
160.485,0
160.592,16
160.699,0
160.806,0
160.913,0
161.019,5
161.126,7
161.233,1
161.34,0
161.447,14
161.554,3
161.661,0
161.768,0
161.875,0
161.982,0
162.089,7
162.195,15
162.302,0
162.409,0
162.516,0
162.623,14
162.73,0
162.837,0
162.944,18
163.051,0
163.158,3
163.265,0
163.371,0
163.478,19
163.585,8
163.692,0
163.799,4
163.906,0
164.013,0
164.12,0
164.227,0
164.334,9
164.441,5
164.547,13
164.654,14
164.761,0
164.868,0
164.975,24
165.082,0
165.189,0
165.296,0
165.403,2
165.51,25
165.616,0
165.723,0
165.83,0
165.937,11
166.044,16
166.151,7
166.258,21
166.365,8
166.472,0
166.579,6
166.686,0
166.792,19
166.899,25
167.006,0
167.113,0
167.22,0
167.327,0
167.434,0
167.541,5
167.648,17
167.755,0
167.862,2
167.968,0
168.075,0
168.182,2
168.289,0
168.396,5
168.503,25
168.61,0
168.717,6
168.824,16
168.931,0
169.037,0
169.144,20
169.251,0
169.358,0
169.465,7
169.572,11
169.679,0
169.786,0
169.893,13
170,31
170.107,0
170.213,2
170.32,0
170.427,15
170.534,21
170.641,0
170.748,0
170.855,0
170.962,0
171.069,5
171.176,0
171.283,0
171.389,28
171.496,18
171.603,0
171.71,12
171.817,0
171.924,8
172.031,9
172.138,21
172.245,0
172.352,0
172.458,0
172.565,15
172.672,33
172.779,6
172.886,0
172.993,0
173.1,34
173.207,0
173.314,20
173.421,0
173.528,8
173.634,0
173.741,0
173.848,0
173.955,0
174.062,0
174.169,0
174.276,8
174.383,26
174.49,29
174.597,13
174.704,0
174.81,0
174.917,14
175.024,0
175.131,9
175.238,2
175.345,16
175.452,10
175.559,0
175.666,11
175.773,4
175.879,16
175.986,0
176.093,0
176.2,0
176.307,11
176.414,18
176.521,46
176.628,24
176.735,0
176.842,22
176.949,12
177.055,8
177.162,0
177.269,0
177.376,0
177.483,20
177.59,43
177.697,13
177.804,1
177.911,11
178.018,25
178.124,15
178.231,0
178.338,0
178.445,0
178.552,29
178.659,19
178.766,0
178.873,13
178.98,6
179.087,14
179.194,0
179.3,0
179.407,33
179.514,32
179.621,0
179.728,19
179.835,0
179.942,0
180.049,0
180.156,15
180.263,11
180.369,0
180.476,0
180.583,37
180.69,2
180.797,0
180.904,4
181.011,0
181.118,0
181.225,0
181.332,11
181.439,1
181.545,17
181.652,3
181.759,30
181.866,0
181.973,0
182.08,6
182.187,8
182.294,0
182.401,0
182.508,17
182.614,14
182.721,18
182.828,0
182.935,0
183.042,0
183.149,0
183.256,0
183.363,22
183.47,0
183.577,12
183.683,11
183.79,0
183.897,25
184.004,0
184.111,3
184.218,0
184.325,6
184.432,0
184.539,0
184.646,0
184.753,12
184.859,1
184.966,0
185.073,32
185.18,20
185.287,26
185.394,0
185.501,25
185.608,8
185.715,15
185.822,0
185.928,19
186.035,7
186.142,4
186.249,0
186.356,25
186.463,67
186.57,0
186.677,11
186.784,0
186.891,0
186.997,3
187.104,9
187.211,0
187.318,21
187.425,27
187.532,18
187.639,20
187.746,26
187.853,0
187.96,0
188.067,0
188.173,39
188.28,24
188.387,0
188.494,0
188.601,0
188.708,0
188.815,10
188.922,0
189.029,0
189.136,15
189.242,6
189.349,8
189.456,0
189.563,0
189.67,0
189.777,16
189.884,0
189.991,0
190.098,10
190.205,0
190.311,9
190.418,0
190.525,10
190.632,26
190.739,21
190.846,7
190.953,21
191.06,12
191.167,0
191.274,0
191.38,0
191.487,8
191.594,0
191.701,0
191.808,25
191.915,0
192.022,7
192.129,2
192.236,0
192.343,12
192.45,0
192.556,19
192.663,0
192.77,0
192.877,23
192.984,0
193.091,0
193.198,0
193.305,2
193.412,4
193.519,0
193.625,17
193.732,15
193.839,0
193.946,0
194.053,12
194.16,23
194.267,21
194.374,0
194.481,4
194.588,0
194.694,0
194.801,15
194.908,0
195.015,0
195.122,0
195.229,28
195.336,0
195.443,0
195.55,22
195.657,15
195.763,0
195.87,0
195.977,54
196.084,39
196.191,14
196.298,5
196.405,3
196.512,6
196.619,0
196.726,9
196.832,20
196.939,4
197.046,0
197.153,8
197.26,4
197.367,0
197.474,0
197.581,0
197.688,4
197.795,0
197.901,0
198.008,20
198.115,6
198.222,7
198.329,7
198.436,2
198.543,21
198.65,0
198.757,0
198.864,14
198.97,19
199.077,3
199.184,2
199.291,0
199.398,0
199.505,0
199.612,24
199.719,0
199.826,0
199.933,0
200.039,0
200.146,0
200.253,0
200.36,16
200.467,39
200.574,15
200.681,0
200.788,4
200.895,17
201.002,0
201.108,0
201.215,0
201.322,34
201.429,4
201.536,1
201.643,0
201.75,6
201.857,14
201.964,4
202.071,0
202.177,24
202.284,11
202.391,6
202.498,34
202.605,29
202.712,9
202.819,0
202.926,0
203.033,0
203.14,0
203.246,7
203.353,0
203.46,0
203.567,4
203.674,15
203.781,0
203.888,0
203.995,15
204.102,33
204.208,0
204.315,8
204.422,40
204.529,13
204.636,85
204.743,171
204.85,97
204.957,0
205.064,0
205.171,0
205.277,0
205.384,0
205.491,0
205.598,0
205.705,0
205.812,0
205.919,8
206.026,0
206.133,0
206.24,0
206.346,2
206.453,5
206.56,13
206.667,0
206.774,0
206.881,0
206.988,19
207.095,0
207.202,13
207.309,2
207.415,8
207.522,0
207.629,1
207.736,0
207.843,0
207.95,8
208.057,16
208.164,20
208.271,0
208.377,1
208.484,4
208.591,10
208.698,0
208.805,9
208.912,0
209.019,4
209.126,5
209.233,6
209.34,0
209.446,0
209.553,53
209.66,38
209.767,0
209.874,0
209.981,0
210.088,2
210.195,2
210.302,5
210.409,0
210.515,12
210.622,8
210.729,0
210.836,25
210.943,3
211.05,0
211.157,7
211.264,0
211.371,2
211.477,6
211.584,0
211.691,4
211.798,0
211.905,0
212.012,0
212.119,0
212.226,4
212.333,0
212.44,0
212.546,0
212.653,17
212.76,0
212.867,5
212.974,0
213.081,0
213.188,0
213.295,1
213.402,0
213.508,0
213.615,15
213.722,12
213.829,0
213.936,0
214.043,0
214.15,0
214.257,21
214.364,0
214.471,0
214.577,0
214.684,0
214.791,0
214.898,0
215.005,0
215.112,0
215.219,0
215.326,32
215.433,7
215.539,0
215.646,16
215.753,3
215.86,17
215.967,0
216.074,0
216.181,17
216.288,11
216.395,0
216.502,0
216.608,1
216.715,30
216.822,26
216.929,0
217.036,0
217.143,19
217.25,26
217.357,0
217.464,0
217.57,0
217.677,0
217.784,2
217.891,0
217.998,0
218.105,13
218.212,22
218.319,22
218.426,1
218.532,7
218.639,10
218.746,15
218.853,9
218.96,10
219.067,0
219.174,0
219.281,0
219.388,0
219.495,4
219.601,11
219.708,0
219.815,24
219.922,5
220.029,0
220.136,0
220.243,8
220.35,22
220.457,3
220.563,1
220.67,0
220.777,0
220.884,30
220.991,29
221.098,0
221.205,2
221.312,0
221.419,18
221.525,19
221.632,0
221.739,4
221.846,0
221.953,10
222.06,0
222.167,9
222.274,24
222.381,0
222.488,5
222.594,1
222.701,20
222.808,0
222.915,2
223.022,3
223.129,0
223.236,2
223.343,4
223.45,0
223.556,0
223.663,2
223.77,0
223.877,0
223.984,7
224.091,0
224.198,0
224.305,0
224.412,0
224.518,0
224.625,0
224.732,0
224.839,3
224.946,26
225.053,10
225.16,0
225.267,24
225.374,17
225.48,21
225.587,20
225.694,13
225.801,0
225.908,0
226.015,0
226.122,15
226.229,20
226.336,10
226.442,30
226.549,57
226.656,7
226.763,1
226.87,0
226.977,0
227.084,0
227.191,0
227.298,0
227.404,0
227.511,0
227.618,0
227.725,11
227.832,0
227.939,2
228.046,4
228.153,15
228.26,0
228.366,0
228.473,0
228.58,24
228.687,0
228.794,0
228.901,28
229.008,6
229.115,0
229.222,14
229.328,10
229.435,12
229.542,11
229.649,0
229.756,21
229.863,0
229.97,13
230.077,21
230.184,13
230.29,0
230.397,9
230.504,4
230.611,10
230.718,0
230.825,0
230.932,49
231.039,3
231.146,0
231.252,0
231.359,21
231.466,28
231.573,0
231.68,8
231.787,6
231.894,6
232.001,3
232.108,10
232.214,7
232.321,0
232.428,0
232.535,16
232.642,28
232.749,5
232.856,0
232.963,14
233.07,3
233.176,20
233.283,42
233.39,2
233.497,0
233.604,0
233.711,12
233.818,0
233.925,0
234.031,23
234.138,0
234.245,0
234.352,0
234.459,0
234.566,3
234.673,0
234.78,0
234.887,0
234.993,18
235.1,7
235.207,8
235.314,0
235.421,0
235.528,7
235.635,12
235.742,0
235.849,0
235.955,14
236.062,6
236.169,0
236.276,0
236.383,0
236.49,2
236.597,0
236.704,14
236.81,17
236.917,0
237.024,0
237.131,12
237.238,9
237.345,0
237.452,20
237.559,6
237.666,0
237.772,0
237.879,13
237.986,7
238.093,0
238.2,8
238.307,0
238.414,50
238.521,0
238.628,5
238.734,0
238.841,0
238.948,0
239.055,4
239.162,0
239.269,12
239.376,0
239.483,0
239.589,0
239.696,8
239.803,21
239.91,0
240.017,0
240.124,0
240.231,2
240.338,20
240.445,0
240.551,0
240.658,7
240.765,0
240.872,6
240.979,35
241.086,0
241.193,0
241.3,0
241.406,0
241.513,0
241.62,23
241.727,51
241.834,11
241.941,0
242.048,10
242.155,6
242.262,11
242.368,9
242.475,1
242.582,8
242.689,0
242.796,7
242.903,4
243.01,2
243.117,7
243.223,23
243.33,6
243.437,0
243.544,2
243.651,0
243.758,0
243.865,22
243.972,20
244.079,15
244.185,2
244.292,0
244.399,29
244.506,17
244.613,9
244.72,8
244.827,22
244.934,1
245.04,9
245.147,0
245.254,0
245.361,8
245.468,0
245.575,0
245.682,0
245.789,10
245.896,18
246.002,7
246.109,16
246.216,15
246.323,0
246.43,0
246.537,0
246.644,4
246.751,0
246.857,35
246.964,0
247.071,2
247.178,105
247.285,68
247.392,22
247.499,0
247.606,0
247.712,35
247.819,20
247.926,0
248.033,0
248.14,22
248.247,17
248.354,10
248.461,13
248.567,38
248.674,0
248.781,8
248.888,0
248.995,0
249.102,0
249.209,20
249.316,0
249.423,8
249.529,5
249.636,29
249.743,15
249.85,24
249.957,15
250.064,0
250.171,15
250.278,12
250.384,0
250.491,11
250.598,0
250.705,1
250.812,0
250.919,5
251.026,7
251.133,26
251.239,22
251.346,51
251.453,48
251.56,12
251.667,2
251.774,0
251.881,2
251.988,16
252.094,0
252.201,0
252.308,11
252.415,11
252.522,11
252.629,0
252.736,0
252.843,29
252.949,0
253.056,0
253.163,16
253.27,0
253.377,0
253.484,5
253.591,0
253.698,0
253.804,8
253.911,33
254.018,3
254.125,0
254.232,0
254.339,18
254.446,31
254.553,20
254.659,0
254.766,30
254.873,0
254.98,0
255.087,3
255.194,8
255.301,0
255.408,0
255.514,8
255.621,4
255.728,13
255.835,6
255.942,13
256.049,0
256.156,20
256.263,16
256.369,18
256.476,1
256.583,10
256.69,0
256.797,0
256.904,0
257.011,20
257.118,0
257.224,0
257.331,0
257.438,0
257.545,0
257.652,23
257.759,6
257.866,13
257.973,2
258.079,20
258.186,0
258.293,4
258.4,1
258.507,6
258.614,23
258.721,18
258.828,6
258.934,0
259.041,0
259.148,6
259.255,0
259.362,0
259.469,0
259.576,17
259.683,13
259.789,0
259.896,0
260.003,23
260.11,6
260.217,0
260.324,0
260.431,19
260.537,8
260.644,0
260.751,10
260.858,2
260.965,0
261.072,15
261.179,4
261.286,0
261.392,11
261.499,13
261.606,0
261.713,0
261.82,28
261.927,4
262.034,1
262.141,0
262.247,7
262.354,6
262.461,29
262.568,3
262.675,2
262.782,11
262.889,0
262.996,42
263.102,9
263.209,0
263.316,0
263.423,0
263.53,10
263.637,0
263.744,0
263.85,0
263.957,2
264.064,29
264.171,7
264.278,0
264.385,4
264.492,0
264.599,0
264.705,4
264.812,0
264.919,6
265.026,0
265.133,0
265.24,0
265.347,6
265.454,0
265.56,6
265.667,0
265.774,3
265.881,10
265.988,60
266.095,40
266.202,27
266.308,2
266.415,0
266.522,14
266.629,23
266.736,38
266.843,0
266.95,10
267.057,4
267.163,2
267.27,0
267.377,8
267.484,30
267.591,0
267.698,20
267.805,0
267.911,0
268.018,0
268.125,0
268.232,0
268.339,0
268.446,7
268.553,7
268.66,0
268.766,5
268.873,24
268.98,0
269.087,10
269.194,0
269.301,7
269.408,8
269.514,0
269.621,0
269.728,0
269.835,0
269.942,0
270.049,0
270.156,0
270.263,6
270.369,0
270.476,0
270.583,39
270.69,16
270.797,28
270.904,32
271.011,15
271.117,18
271.224,24
271.331,15
271.438,0
271.545,5
271.652,1
271.759,22
271.866,24
271.972,0
272.079,4
272.186,13
272.293,0
272.4,5
272.507,27
272.614,19
272.72,0
272.827,20
272.934,0
273.041,0
273.148,0
273.255,0
273.362,0
273.468,8
273.575,0
273.682,50
273.789,30
273.896,6
274.003,0
274.11,0
274.217,0
274.323,3
274.43,12
274.537,0
274.644,9
274.751,15
274.858,0
274.965,12
275.071,10
275.178,0
275.285,2
275.392,6
275.499,0
275.606,16
275.713,15
275.819,0
275.926,1
276.033,47
276.14,40
276.247,0
276.354,0
276.461,28
276.567,6
276.674,0
276.781,0
276.888,31
276.995,0
277.102,0
277.209,0
277.315,22
277.422,4
277.529,0
277.636,12
277.743,0
277.85,15
277.957,0
278.064,6
278.17,25
278.277,14
278.384,0
278.491,13
278.598,25
278.705,5
278.812,7
278.918,0
279.025,0
279.132,18
279.239,0
279.346,0
279.453,3
279.56,12
279.666,0
279.773,0
279.88,0
279.987,0
280.094,0
280.201,29
280.308,21
280.414,2
280.521,0
280.628,5
280.735,25
280.842,0
280.949,8
281.056,7
281.162,0
281.269,0
281.376,15
281.483,0
281.59,0
281.697,0
281.804,24
281.91,6
282.017,20
282.124,34
282.231,17
282.338,11
282.445,4
282.552,28
282.658,15
282.765,18
282.872,15
282.979,4
283.086,7
283.193,19
283.3,0
283.406,10
283.513,0
283.62,6
283.727,0
283.834,0
283.941,0
284.048,11
284.154,0
284.261,0
284.368,14
284.475,17
284.582,0
284.689,0
284.796,19
284.902,0
285.009,1
285.116,24
285.223,0
285.33,2
285.437,0
285.544,5
285.65,0
285.757,11
285.864,0
285.971,0
286.078,12
286.185,0
286.292,0
286.398,0
286.505,0
286.612,10
286.719,2
286.826,15
286.933,3
287.039,32
287.146,21
287.253,0
287.36,0
287.467,8
287.574,0
287.681,0
287.787,3
287.894,9
288.001,1
288.108,23
288.215,8
288.322,0
288.429,44
288.535,31
288.642,0
288.749,2
288.856,25
288.963,30
289.07,6
289.177,0
289.283,0
289.39,7
289.497,0
289.604,0
289.711,5
289.818,0
289.924,13
290.031,19
290.138,16
290.245,11
290.352,24
290.459,19
290.566,0
290.672,21
290.779,13
290.886,2
290.993,0
291.1,0
291.207,14
291.314,13
291.42,0
291.527,1
291.634,0
291.741,11
291.848,0
291.955,4
292.062,109
292.168,150
292.275,85
292.382,48
292.489,17
292.596,0
292.703,0
292.809,0
292.916,1
293.023,5
293.13,0
293.237,5
293.344,18
293.451,6
293.557,3
293.664,0
293.771,1
293.878,0
293.985,0
294.092,0
294.198,26
294.305,24
294.412,0
294.519,10
294.626,1
294.733,0
294.84,0
294.946,0
295.053,31
295.16,59
295.267,2
295.374,0
295.481,10
295.588,0
295.694,6
295.801,25
295.908,1
296.015,15
296.122,0
296.229,0
296.335,36
296.442,22
296.549,0
296.656,4
296.763,23
296.87,0
296.977,3
297.083,4
297.19,0
297.297,0
297.404,23
297.511,0
297.618,0
297.724,8
297.831,0
297.938,9
298.045,3
298.152,22
298.259,6
298.365,0
298.472,0
298.579,18
298.686,34
298.793,0
298.9,18
299.007,19
299.113,0
299.22,0
299.327,0
299.434,18
299.541,0
299.648,17
299.754,6
299.861,6
299.968,18
300.075,8
300.182,17
300.289,40
300.396,0
300.502,4
300.609,0
300.716,0
300.823,0
300.93,0
301.037,0
301.143,37
301.25,21
301.357,0
301.464,16
301.571,13
301.678,22
301.784,34
301.891,14
301.998,5
302.105,6
302.212,7
302.319,0
302.426,0
302.532,9
302.639,19
302.746,0
302.853,0
302.96,5
303.067,25
303.173,17
303.28,22
303.387,12
303.494,2
303.601,0
303.708,0
303.814,34
303.921,14
304.028,11
304.135,14
304.242,0
304.349,0
304.456,8
304.562,13
304.669,0
304.776,5
304.883,0
304.99,22
305.097,8
305.203,32
305.31,20
305.417,24
305.524,0
305.631,0
305.738,21
305.844,11
305.951,0
306.058,1
306.165,9
306.272,0
306.379,0
306.485,22
306.592,0
306.699,4
306.806,26
306.913,29
307.02,0
307.126,0
307.233,6
307.34,0
307.447,4
307.554,24
307.661,10
307.767,36
307.874,22
307.981,17
308.088,0
308.195,3
308.302,19
308.409,19
308.515,13
308.622,1
308.729,21
308.836,12
308.943,0
309.05,25
309.156,6
309.263,6
309.37,0
309.477,0
309.584,0
309.691,0
309.797,19
309.904,8
310.011,0
310.118,11
310.225,0
310.332,0
310.438,20
310.545,0
310.652,0
310.759,0
310.866,4
310.973,0
311.079,7
311.186,19
311.293,47
311.4,0
311.507,0
311.614,24
311.72,27
311.827,2
311.934,0
312.041,0
312.148,1
312.255,2
312.361,0
312.468,0
312.575,0
312.682,20
312.789,0
312.896,0
313.002,11
313.109,10
313.216,0
313.323,4
313.43,0
313.537,13
313.643,0
313.75,9
313.857,0
313.964,22
314.071,0
314.178,13
314.284,0
314.391,22
314.498,4
314.605,10
314.712,5
314.819,17
314.925,30
315.032,19
315.139,0
315.246,17
315.353,2
315.46,0
315.566,15
315.673,0
315.78,0
315.887,33
315.994,0
316.1,14
316.207,13
316.314,9
316.421,20
316.528,32
316.635,14
316.741,8
316.848,0
316.955,0
317.062,0
317.169,11
317.276,8
317.382,20
317.489,13
317.596,0
317.703,13
317.81,12
317.917,4
318.023,0
318.13,33
318.237,17
318.344,10
318.451,0
318.558,0
318.664,6
318.771,22
318.878,8
318.985,0
319.092,3
319.199,9
319.305,0
319.412,0
319.519,0
319.626,11
319.733,0
319.839,0
319.946,0
320.053,0
320.16,0
320.267,2
320.374,32
320.48,22
320.587,27
320.694,1
320.801,17
320.908,10
321.015,0
321.121,2
321.228,4
321.335,3
321.442,0
321.549,1
321.655,0
321.762,0
321.869,0
321.976,27
322.083,0
322.19,8
322.296,6
322.403,16
322.51,9
322.617,1
322.724,0
322.831,8
322.937,8
323.044,0
323.151,0
323.258,8
323.365,0
323.472,0
323.578,0
323.685,0
323.792,9
323.899,0
324.006,0
324.112,15
324.219,2
324.326,0
324.433,6
324.54,12
324.647,12
324.753,15
324.86,4
324.967,0
325.074,4
325.181,0
325.287,0
325.394,8
325.501,2
325.608,16
325.715,16
325.822,23
325.928,2
326.035,0
326.142,10
326.249,5
326.356,4
326.463,0
326.569,18
326.676,11
326.783,6
326.89,7
326.997,3
327.103,47
327.21,16
327.317,13
327.424,0
327.531,0
327.638,11
327.744,0
327.851,1
327.958,0
328.065,25
328.172,26
328.278,0
328.385,6
328.492,20
328.599,0
328.706,2
328.813,0
328.919,0
329.026,0
329.133,0
329.24,19
329.347,16
329.453,0
329.56,0
329.667,19
329.774,16
329.881,0
329.988,17
330.094,15
330.201,11
330.308,0
330.415,28
330.522,11
330.628,6
330.735,0
330.842,0
330.949,0
331.056,0
331.162,0
331.269,0
331.376,6
331.483,7
331.59,25
331.697,13
331.803,0
331.91,0
332.017,22
332.124,15
332.231,14
332.337,0
332.444,17
332.551,21
332.658,27
332.765,0
332.872,27
332.978,0
333.085,12
333.192,33
333.299,0
333.406,9
333.512,24
333.619,0
333.726,11
333.833,0
333.94,4
334.046,14
334.153,16
334.26,11
334.367,17
334.474,13
334.581,9
334.687,11
334.794,25
334.901,9
335.008,8
335.115,30
335.221,12
335.328,0
335.435,0
335.542,0
335.649,5
335.755,0
335.862,0
335.969,9
336.076,9
336.183,41
336.29,0
336.396,13
336.503,0
336.61,11
336.717,0
336.824,8
336.93,0
337.037,10
337.144,0
337.251,14
337.358,17
337.464,5
337.571,0
337.678,0
337.785,48
337.892,33
337.998,0
338.105,0
338.212,0
338.319,0
338.426,10
338.533,0
338.639,6
338.746,13
338.853,25
338.96,0
339.067,25
339.173,12
339.28,5
339.387,0
339.494,0
339.601,14
339.707,9
339.814,20
339.921,24
340.028,0
340.135,0
340.241,0
340.348,13
340.455,24
340.562,0
340.669,0
340.775,9
340.882,5
340.989,0
341.096,26
341.203,26
341.309,0
341.416,0
341.523,6
341.63,22
341.737,12
341.844,6
341.95,0
342.057,19
342.164,0
342.271,23
342.378,4
342.484,0
342.591,35
342.698,35
342.805,10
342.912,0
343.018,16
343.125,17
343.232,3
343.339,6
343.446,60
343.552,50
343.659,29
343.766,4
343.873,5
343.98,0
344.086,0
344.193,2
344.3,0
344.407,15
344.514,28
344.62,39
344.727,216
344.834,192
344.941,72
345.048,0
345.154,0
345.261,0
345.368,0
345.475,31
345.582,17
345.688,4
345.795,0
345.902,0
346.009,0
346.116,0
346.222,20
346.329,0
346.436,2
346.543,0
346.65,0
346.756,33
346.863,18
346.97,6
347.077,0
347.184,2
347.29,27
347.397,9
347.504,10
347.611,0
347.718,0
347.824,0
347.931,15
348.038,4
348.145,0
348.252,0
348.358,0
348.465,51
348.572,21
348.679,4
348.786,9
348.892,0
348.999,14
349.106,13
349.213,4
349.32,8
349.426,21
349.533,5
349.64,0
349.747,4
349.854,11
349.96,17
350.067,0
350.174,1
350.281,0
350.388,40
350.494,7
350.601,4
350.708,0
350.815,0
350.922,2
351.028,0
351.135,0
351.242,2
351.349,35
351.456,3
351.562,0
351.669,24
351.776,6
351.883,14
351.989,8
352.096,0
352.203,9
352.31,0
352.417,27
352.523,15
352.63,8
352.737,20
352.844,17
352.951,0
353.057,0
353.164,4
353.271,0
353.378,0
353.485,8
353.591,9
353.698,0
353.805,0
353.912,14
354.019,0
354.125,20
354.232,0
354.339,15
354.446,23
354.553,11
354.659,20
354.766,12
354.873,0
354.98,0
355.086,8
355.193,0
355.3,7
355.407,4
355.514,0
355.62,3
355.727,3
355.834,0
355.941,5
356.048,16
356.154,1
356.261,0
356.368,14
356.475,37
356.582,12
356.688,0
356.795,9
356.902,0
357.009,0
357.115,17
357.222,10
357.329,16
357.436,18
357.543,16
357.649,0
357.756,3
357.863,0
357.97,12
358.077,0
358.183,33
358.29,0
358.397,17
358.504,4
358.61,0
358.717,10
358.824,20
358.931,0
359.038,0
359.144,24
359.251,11
359.358,0
359.465,0
359.572,38
359.678,19
359.785,15
359.892,0
359.999,1
360.105,34
360.212,19
360.319,0
360.426,0
360.533,28
360.639,0
360.746,0
360.853,0
360.96,26
361.067,16
361.173,0
361.28,0
361.387,10
361.494,11
361.6,0
361.707,5
361.814,34
361.921,0
362.028,35
362.134,0
362.241,38
362.348,0
362.455,0
362.562,21
362.668,0
362.775,9
362.882,0
362.989,7
363.095,0
363.202,1
363.309,18
363.416,0
363.523,0
363.629,9
363.736,0
363.843,7
363.95,8
364.056,0
364.163,14
364.27,0
364.377,0
364.484,11
364.59,13
364.697,32
364.804,6
364.911,18
365.017,19
365.124,0
365.231,0
365.338,0
365.445,9
365.551,9
365.658,0
365.765,6
365.872,25
365.979,11
366.085,24
366.192,0
366.299,7
366.406,0
366.512,0
366.619,17
366.726,0
366.833,0
366.94,2
367.046,3
367.153,0
367.26,4
367.367,0
367.473,4
367.58,0
367.687,5
367.794,21
367.9,25
368.007,17
368.114,29
368.221,4
368.328,3
368.434,9
368.541,0
368.648,0
368.755,17
368.861,0
368.968,0
369.075,0
369.182,0
369.289,0
369.395,0
369.502,17
369.609,0
369.716,0
369.822,30
369.929,52
370.036,1
370.143,8
370.25,0
370.356,6
370.463,8
370.57,0
370.677,15
370.783,0
370.89,0
370.997,0
371.104,9
371.211,14
371.317,7
371.424,0
371.531,0
371.638,5
371.744,9
371.851,6
371.958,0
372.065,0
372.171,0
372.278,0
372.385,0
372.492,9
372.599,0
372.705,0
372.812,17
372.919,14
373.026,12
373.132,0
373.239,0
373.346,20
373.453,0
373.559,7
373.666,0
373.773,38
373.88,0
373.987,0
374.093,5
374.2,8
374.307,1
374.414,0
374.52,16
374.627,6
374.734,7
374.841,17
374.947,9
375.054,0
375.161,19
375.268,30
375.375,0
375.481,13
375.588,1
375.695,0
375.802,0
375.908,0
376.015,0
376.122,0
376.229,38
376.335,14
376.442,25
376.549,0
376.656,0
376.763,2
376.869,24
376.976,10
377.083,0
377.19,0
377.296,21
377.403,7
377.51,0
377.617,0
377.723,4
377.83,15
377.937,33
378.044,0
378.15,13
378.257,0
378.364,0
378.471,21
378.578,26
378.684,0
378.791,0
378.898,15
379.005,11
379.111,0
379.218,11
379.325,0
379.432,0
379.538,8
379.645,28
379.752,0
379.859,0
379.965,0
380.072,39
380.179,0
380.286,0
380.392,0
380.499,49
380.606,28
380.713,0
380.82,6
380.926,8
381.033,0
381.14,9
381.247,0
381.353,16
381.46,22
381.567,0
381.674,0
381.78,49
381.887,30
381.994,7
382.101,0
382.207,8
382.314,0
382.421,0
382.528,0
382.634,0
382.741,0
382.848,18
382.955,20
383.061,0
383.168,1
383.275,0
383.382,14
383.488,25
383.595,9
383.702,0
383.809,0
383.916,18
384.022,4
384.129,0
384.236,7
384.343,0
384.449,0
384.556,18
384.663,15
384.77,11
384.876,15
384.983,16
385.09,0
385.197,0
385.303,12
385.41,1
385.517,0
385.624,14
385.73,0
385.837,0
385.944,35
386.051,23
386.157,16
386.264,0
386.371,24
386.478,15
386.584,0
386.691,0
386.798,0
386.905,0
387.011,0
387.118,0
387.225,2
387.332,0
387.438,16
387.545,0
387.652,0
387.759,3
387.865,25
387.972,0
388.079,30
388.186,8
388.292,3
388.399,0
388.506,0
388.613,0
388.719,0
388.826,42
388.933,89
389.04,20
389.146,31
389.253,3
389.36,0
389.467,18
389.573,12
389.68,14
389.787,0
389.894,16
390,14
390.107,0
390.214,39
390.321,34
390.427,25
390.534,2
390.641,0
390.748,4
390.854,19
390.961,0
391.068,0
391.175,26
391.281,18
391.388,0
391.495,1
391.602,4
391.708,0
391.815,0
391.922,10
392.029,12
392.135,0
392.242,14
392.349,2
392.456,0
392.562,0
392.669,24
392.776,0
392.883,14
392.989,0
393.096,22
393.203,3
393.31,0
393.416,6
393.523,16
393.63,0
393.737,12
393.843,41
393.95,0
394.057,21
394.164,5
394.27,0
394.377,0
394.484,6
394.591,0
394.697,21
394.804,13
394.911,0
395.018,11
395.124,0
395.231,0
395.338,7
395.445,8
395.551,8
395.658,0
395.765,0
395.871,0
395.978,0
396.085,9
396.192,0
396.298,25
396.405,0
396.512,0
396.619,0
396.725,5
396.832,0
396.939,77
397.046,102
397.152,16
397.259,0
397.366,0
397.473,13
397.579,2
397.686,0
397.793,16
397.9,11
398.006,0
398.113,7
398.22,1
398.327,26
398.433,6
398.54,0
398.647,17
398.753,18
398.86,0
398.967,18
399.074,7
399.18,11
399.287,4
399.394,16
399.501,34
399.607,8
399.714,0
399.821,0
399.928,14
400.034,0
400.141,0
400.248,7
400.355,16
400.461,11
400.568,162
400.675,129
400.781,68
400.888,0
400.995,0
401.102,0
401.208,52
401.315,76
401.422,20
401.529,0
401.635,0
401.742,0
401.849,27
401.956,29
402.062,0
402.169,0
402.276,17
402.382,0
402.489,13
402.596,18
402.703,0
402.809,0
402.916,0
403.023,0
403.13,0
403.236,0
403.343,36
403.45,0
403.557,30
403.663,0
403.77,12
403.877,0
403.983,0
404.09,21
404.197,0
404.304,0
404.41,7
404.517,0
404.624,0
404.731,17
404.837,11
404.944,0
405.051,13
405.158,25
405.264,12
405.371,0
405.478,0
405.584,37
405.691,17
405.798,36
405.905,0
406.011,0
406.118,10
406.225,18
406.332,11
406.438,11
406.545,4
406.652,71
406.758,38
406.865,23
406.972,54
407.079,28
407.185,4
407.292,0
407.399,7
407.506,0
407.612,0
407.719,10
407.826,25
407.932,8
408.039,0
408.146,2
408.253,2
408.359,0
408.466,37
408.573,18
408.68,0
408.786,0
408.893,4
409,22
409.106,8
409.213,0
409.32,8
409.427,1
409.533,12
409.64,0
409.747,0
409.853,1
409.96,0
410.067,0
410.174,26
410.28,25
410.387,13
410.494,0
410.601,0
410.707,3
410.814,14
410.921,8
411.027,0
411.134,28
411.241,3
411.348,0
411.454,0
411.561,6
411.668,14
411.774,0
411.881,58
411.988,34
412.095,35
412.201,6
412.308,0
412.415,0
412.522,47
412.628,28
412.735,0
412.842,0
412.948,0
413.055,0
413.162,12
413.269,0
413.375,26
413.482,0
413.589,20
413.695,5
413.802,19
413.909,32
414.016,34
414.122,6
414.229,0
414.336,2
414.442,0
414.549,0
414.656,0
414.763,0
414.869,3
414.976,0
415.083,0
415.189,24
415.296,14
415.403,0
415.51,0
415.616,15
415.723,148
415.83,144
415.936,64
416.043,26
416.15,34
416.257,0
416.363,6
416.47,0
416.577,0
416.683,22
416.79,0
416.897,0
417.004,0
417.11,13
417.217,27
417.324,8
417.43,4
417.537,18
417.644,0
417.751,34
417.857,143
417.964,257
418.071,174
418.177,114
418.284,32
418.391,0
418.498,0
418.604,60
418.711,58
418.818,8
418.924,0
419.031,15
419.138,0
419.245,4
419.351,0
419.458,34
419.565,53
419.671,36
419.778,0
419.885,15
419.992,27
420.098,7
420.205,3
420.312,5
420.418,1
420.525,28
420.632,23
420.738,5
420.845,0
420.952,1
421.059,0
421.165,2
421.272,0
421.379,18
421.485,7
421.592,18
421.699,0
421.806,1
421.912,25
422.019,10
422.126,0
422.232,29
422.339,0
422.446,0
422.552,18
422.659,2
422.766,0
422.873,8
422.979,0
423.086,0
423.193,54
423.299,30
423.406,0
423.513,0
423.62,0
423.726,5
423.833,39
423.94,108
424.046,78
424.153,21
424.26,0
424.366,20
424.473,17
424.58,0
424.687,0
424.793,0
424.9,2
425.007,0
425.113,1
425.22,0
425.327,11
425.433,0
425.54,0
425.647,16
425.754,10
425.86,0
425.967,0
426.074,14
426.18,28
426.287,38
426.394,1
426.5,0
426.607,14
426.714,0
426.821,14
426.927,0
427.034,8
427.141,35
427.247,0
427.354,0
427.461,0
427.567,0
427.674,0
427.781,1
427.888,0
427.994,0
428.101,5
428.208,0
428.314,0
428.421,18
428.528,6
428.634,18
428.741,0
428.848,24
428.955,0
429.061,14
429.168,0
429.275,2
429.381,14
429.488,0
429.595,13
429.701,0
429.808,7
429.915,0
430.021,0
430.128,24
430.235,9
430.342,1
430.448,4
430.555,32
430.662,10
430.768,0
430.875,0
430.982,0
431.088,0
431.195,1
431.302,9
431.409,0
431.515,0
431.622,14
431.729,0
431.835,2
431.942,59
432.049,55
432.155,0
432.262,10
432.369,0
432.475,0
432.582,6
432.689,0
432.796,0
432.902,17
433.009,0
433.116,4
433.222,5
433.329,17
433.436,7
433.542,0
433.649,0
433.756,0
433.862,16
433.969,21
434.076,0
434.182,0
434.289,0
434.396,0
434.503,5
434.609,9
434.716,21
434.823,0
434.929,15
435.036,0
435.143,0
435.249,1
435.356,4
435.463,0
435.569,0
435.676,24
435.783,2
435.889,0
435.996,2
436.103,18
436.21,1
436.316,62
436.423,55
436.53,0
436.636,9
436.743,0
436.85,0
436.956,2
437.063,1
437.17,0
437.276,0
437.383,26
437.49,14
437.596,0
437.703,4
437.81,118
437.916,187
438.023,153
438.13,49
438.237,8
438.343,60
438.45,142
438.557,77
438.663,30
438.77,0
438.877,0
438.983,18
439.09,1
439.197,30
439.303,15
439.41,0
439.517,36
439.623,120
439.73,156
439.837,140
439.943,48
440.05,0
440.157,0
440.263,27
440.37,0
440.477,11
440.583,0
440.69,0
440.797,25
440.904,2
441.01,0
441.117,8
441.224,0
441.33,13
441.437,5
441.544,1
441.65,24
441.757,20
441.864,0
441.97,0
442.077,0
442.184,0
442.29,16
442.397,0
442.504,5
442.61,25
442.717,18
442.824,16
442.93,1
443.037,26
443.144,0
443.25,0
443.357,0
443.464,3
443.57,1
443.677,0
443.784,7
443.89,0
443.997,0
444.104,8
444.21,0
444.317,0
444.424,0
444.53,15
444.637,32
444.744,0
444.851,0
444.957,0
445.064,11
445.171,0
445.277,0
445.384,11
445.491,0
445.597,0
445.704,6
445.811,0
445.917,36
446.024,0
446.131,23
446.237,0
446.344,9
446.451,0
446.557,0
446.664,1
446.771,1
446.877,0
446.984,0
447.091,0
447.197,0
447.304,16
447.411,14
447.517,0
447.624,24
447.731,20
447.837,0
447.944,7
448.051,0
448.157,0
448.264,12
448.371,4
448.477,1
448.584,0
448.691,0
448.797,1
448.904,2
449.011,5
449.117,0
449.224,5
449.331,32
449.437,12
449.544,0
449.651,0
449.757,8
449.864,0
449.971,0
450.077,3
450.184,15
450.291,0
450.397,6
450.504,3
450.611,2
450.717,3
450.824,0
450.931,23
451.037,0
451.144,0
451.251,22
451.357,22
451.464,0
451.571,0
451.677,10
451.784,9
451.891,0
451.997,0
452.104,0
452.21,6
452.317,44
452.424,29
452.53,8
452.637,30
452.744,13
452.85,0
452.957,19
453.064,6
453.17,0
453.277,2
453.384,2
453.49,0
453.597,1
453.704,0
453.81,8
453.917,0
454.024,0
454.13,0
454.237,16
454.344,0
454.45,0
454.557,0
454.664,33
454.77,9
454.877,14
454.984,0
455.09,0
455.197,13
455.304,1
455.41,0
455.517,0
455.624,0
455.73,0
455.837,0
455.944,0
456.05,0
456.157,4
456.263,24
456.37,3
456.477,2
456.583,2
456.69,0
456.797,0
456.903,0
457.01,0
457.117,0
457.223,3
457.33,2
457.437,20
457.543,2
457.65,4
457.757,9
457.863,11
457.97,133
458.077,151
458.183,88
458.29,18
458.397,0
458.503,11
458.61,0
458.716,15
458.823,38
458.93,45
459.036,6
459.143,0
459.25,8
459.356,10
459.463,0
459.57,0
459.676,2
459.783,4
459.89,0
459.996,0
460.103,17
460.21,0
460.316,0
460.423,13
460.53,21
460.636,0
460.743,16
460.849,0
460.956,3
461.063,0
461.169,0
461.276,0
461.383,20
461.489,10
461.596,0
461.703,2
461.809,34
461.916,0
462.023,7
462.129,0
462.236,15
462.342,3
462.449,10
462.556,20
462.662,39
462.769,0
462.876,0
462.982,21
463.089,22
463.196,0
463.302,1
463.409,0
463.516,21
463.622,24
463.729,4
463.835,4
463.942,0
464.049,0
464.155,3
464.262,34
464.369,0
464.475,5
464.582,30
464.689,46
464.795,8
464.902,0
465.009,0
465.115,0
465.222,0
465.328,5
465.435,7
465.542,0
465.648,0
465.755,0
465.862,26
465.968,54
466.075,0
466.182,0
466.288,0
466.395,1
466.501,0
466.608,0
466.715,15
466.821,13
466.928,0
467.035,15
467.141,14
467.248,14
467.355,12
467.461,24
467.568,22
467.674,9
467.781,2
467.888,0
467.994,27
468.101,0
468.208,0
468.314,0
468.421,28
468.528,14
468.634,0
468.741,0
468.847,16
468.954,12
469.061,19
469.167,0
469.274,0
469.381,0
469.487,0
469.594,7
469.701,15
469.807,0
469.914,38
470.02,51
470.127,42
470.234,12
470.34,1
470.447,1
470.554,0
470.66,15
470.767,0
470.873,0
470.98,16
471.087,20
471.193,0
471.3,10
471.407,0
471.513,0
471.62,0
471.727,0
471.833,0
471.94,0
472.046,0
472.153,17
472.26,22
472.366,5
472.473,0
472.58,0
472.686,4
472.793,0
472.899,0
473.006,0
473.113,0
473.219,0
473.326,10
473.433,96
473.539,45
473.646,24
473.752,0
473.859,0
473.966,0
474.072,1
474.179,0
474.286,0
474.392,50
474.499,88
474.605,46
474.712,9
474.819,3
474.925,0
475.032,21
475.139,0
475.245,0
475.352,0
475.458,14
475.565,2
475.672,0
475.778,10
475.885,6
475.992,0
476.098,6
476.205,48
476.311,0
476.418,0
476.525,32
476.631,16
476.738,0
476.844,0
476.951,0
477.058,10
477.164,34
477.271,0
477.378,3
477.484,12
477.591,4
477.697,0
477.804,6
477.911,27
478.017,0
478.124,6
478.231,31
478.337,0
478.444,0
478.55,0
478.657,0
478.764,0
478.87,0
478.977,0
479.083,3
479.19,0
479.297,0
479.403,0
479.51,0
479.617,10
479.723,2
479.83,2
479.936,0
480.043,0
480.15,2
480.256,0
480.363,0
480.469,3
480.576,17
480.683,13
480.789,0
480.896,0
481.003,14
481.109,1
481.216,0
481.322,5
481.429,26
481.536,0
481.642,0
481.749,13
481.855,7
481.962,6
482.069,0
482.175,22
482.282,25
482.388,12
482.495,0
482.602,0
482.708,0
482.815,0
482.922,5
483.028,2
483.135,0
483.241,0
483.348,23
483.455,8
483.561,0
483.668,13
483.774,38
483.881,0
483.988,0
484.094,3
484.201,0
484.307,0
484.414,12
484.521,0
484.627,46
484.734,123
484.84,58
484.947,56
485.054,0
485.16,0
485.267,20
485.373,11
485.48,0
485.587,12
485.693,2
485.8,4
485.907,2
486.013,16
486.12,5
486.226,0
486.333,0
486.44,27
486.546,3
486.653,6
486.759,15
486.866,34
486.973,0
487.079,0
487.186,22
487.292,26
487.399,0
487.506,0
487.612,0
487.719,43
487.825,39
487.932,0
488.039,6
488.145,9
488.252,19
488.358,13
488.465,0
488.572,10
488.678,4
488.785,0
488.891,18
488.998,0
489.105,0
489.211,22
489.318,28
489.424,21
489.531,0
489.638,0
489.744,13
489.851,0
489.957,6
490.064,4
490.171,0
490.277,16
490.384,14
490.49,0
490.597,0
490.704,17
490.81,30
490.917,24
491.023,1
491.13,0
491.237,12
491.343,26
491.45,0
491.556,12
491.663,12
491.769,25
491.876,16
491.983,0
492.089,0
492.196,33
492.302,15
492.409,5
492.516,4
492.622,16
492.729,0
492.835,5
492.942,0
493.049,42
493.155,114
493.262,93
493.368,53
493.475,6
493.582,0
493.688,0
493.795,4
493.901,2
494.008,0
494.114,0
494.221,0
494.328,8
494.434,19
494.541,2
494.647,0
494.754,36
494.861,17
494.967,10
495.074,9
495.18,0
495.287,23
495.394,0
495.5,21
495.607,5
495.713,0
495.82,0
495.926,0
496.033,0
496.14,0
496.246,0
496.353,14
496.459,0
496.566,0
496.673,21
496.779,22
496.886,0
496.992,0
497.099,49
497.206,0
497.312,0
497.419,18
497.525,0
497.632,0
497.738,0
497.845,32
497.952,32
498.058,0
498.165,0
498.271,0
498.378,0
498.485,22
498.591,0
498.698,0
498.804,0
498.911,11
499.017,31
499.124,0
499.231,0
499.337,16
499.444,0
499.55,19
499.657,0
499.763,13
499.87,3
499.977,10
500.083,2
500.19,0
500.296,0
500.403,0
500.51,0
500.616,0
500.723,7
500.829,0
500.936,9
501.042,5
501.149,4
501.256,24
501.362,112
501.469,77
501.575,25
501.682,9
501.788,0
501.895,0
502.002,14
502.108,0
502.215,0
502.321,0
502.428,16
502.534,26
502.641,0
502.748,0
502.854,0
502.961,0
503.067,0
503.174,25
503.281,4
503.387,0
503.494,5
503.6,12
503.707,0
503.813,16
503.92,2
504.027,9
504.133,0
504.24,0
504.346,0
504.453,14
504.559,18
504.666,5
504.773,0
504.879,9
504.986,16
505.092,0
505.199,0
505.305,6
505.412,13
505.518,0
505.625,2
505.732,0
505.838,48
505.945,75
506.051,32
506.158,0
506.264,2
506.371,0
506.478,5
506.584,10
506.691,0
506.797,15
506.904,14
507.01,0
507.117,0
507.224,0
507.33,19
507.437,0
507.543,5
507.65,24
507.756,0
507.863,6
507.97,13
508.076,6
508.183,15
508.289,0
508.396,0
508.502,29
508.609,19
508.715,0
508.822,0
508.929,14
509.035,0
509.142,14
509.248,18
509.355,0
509.461,26
509.568,28
509.675,4
509.781,0
509.888,0
509.994,2
510.101,7
510.207,0
510.314,0
510.42,30
510.527,0
510.634,0
510.74,14
510.847,0
510.953,7
511.06,0
511.166,2
511.273,2
511.379,0
511.486,2
511.593,0
511.699,3
511.806,0
511.912,19
512.019,1
512.125,0
512.232,2
512.339,22
512.445,24
512.552,1
512.658,7
512.765,6
512.871,19
512.978,0
513.084,0
513.191,0
513.298,0
513.404,0
513.511,12
513.617,0
513.724,0
513.83,15
513.937,33
514.043,7
514.15,30
514.256,0
514.363,2
514.47,24
514.576,15
514.683,0
514.789,2
514.896,0
515.002,10
515.109,6
515.215,0
515.322,0
515.429,0
515.535,6
515.642,14
515.748,44
515.855,33
515.961,30
516.068,6
516.174,0
516.281,0
516.388,0
516.494,9
516.601,4
516.707,40
516.814,0
516.92,0
517.027,0
517.133,10
517.24,18
517.346,36
517.453,2
517.56,0
517.666,18
517.773,0
517.879,3
517.986,3
518.092,6
518.199,0
518.305,60
518.412,120
518.518,47
518.625,31
518.732,0
518.838,0
518.945,0
519.051,0
519.158,37
519.264,33
519.371,24
519.477,0
519.584,0
519.69,10
519.797,14
519.903,0
520.01,4
520.117,10
520.223,6
520.33,0
520.436,0
520.543,3
520.649,0
520.756,0
520.862,0
520.969,0
521.075,20
521.182,0
521.289,0
521.395,15
521.502,24
521.608,1
521.715,15
521.821,9
521.928,0
522.034,14
522.141,0
522.247,0
522.354,24
522.46,0
522.567,5
522.674,42
522.78,13
522.887,8
522.993,0
523.1,0
523.206,0
523.313,0
523.419,7
523.526,0
523.632,0
523.739,0
523.845,15
523.952,11
524.058,0
524.165,9
524.272,13
524.378,0
524.485,0
524.591,24
524.698,12
524.804,0
524.911,24
525.017,0
525.124,18
525.23,0
525.337,7
525.443,0
525.55,14
525.656,66
525.763,51
525.87,18
525.976,15
526.083,7
526.189,0
526.296,4
526.402,22
526.509,0
526.615,4
526.722,18
526.828,6
526.935,21
527.041,9
527.148,1
527.254,17
527.361,13
527.467,18
527.574,35
527.68,1
527.787,5
527.894,0
528,0
528.107,0
528.213,0
528.32,6
528.426,3
528.533,0
528.639,0
528.746,19
528.852,0
528.959,22
529.065,9
529.172,8
529.278,1
529.385,0
529.491,0
529.598,0
529.704,9
529.811,61
529.918,27
530.024,13
530.131,0
530.237,0
530.344,17
530.45,4
530.557,0
530.663,13
530.77,8
530.876,0
530.983,0
531.089,12
531.196,0
531.302,0
531.409,0
531.515,6
531.622,34
531.728,66
531.835,47
531.941,1
532.048,0
532.154,35
532.261,13
532.367,1
532.474,13
532.581,0
532.687,0
532.794,0
532.9,22
533.007,7
533.113,0
533.22,22
533.326,5
533.433,4
533.539,14
533.646,0
533.752,2
533.859,3
533.965,14
534.072,11
534.178,12
534.285,17
534.391,3
534.498,0
534.604,4
534.711,30
534.817,3
534.924,17
535.03,0
535.137,0
535.243,11
535.35,4
535.456,0
535.563,21
535.669,2
535.776,0
535.882,5
535.989,26
536.095,5
536.202,0
536.308,6
536.415,16
536.521,10
536.628,1
536.735,4
536.841,0
536.948,7
537.054,10
537.161,0
537.267,8
537.374,38
537.48,0
537.587,0
537.693,19
537.8,19
537.906,0
538.013,22
538.119,2
538.226,3
538.332,25
538.439,0
538.545,0
538.652,26
538.758,0
538.865,10
538.971,5
539.078,0
539.184,0
539.291,21
539.397,0
539.504,6
539.61,12
539.717,19
539.823,0
539.93,19
540.036,13
540.143,0
540.249,0
540.356,1
540.462,50
540.569,6
540.675,0
540.782,0
540.888,0
540.995,7
541.101,3
541.208,4
541.314,28
541.421,24
541.527,11
541.634,22
541.74,8
541.847,24
541.953,19
542.06,15
542.166,0
542.273,17
542.379,8
542.486,20
542.592,29
542.699,0
542.805,0
542.912,0
543.018,0
543.125,17
543.231,0
543.338,24
543.444,16
543.551,0
543.657,21
543.764,2
543.87,25
543.977,12
544.083,7
544.19,4
544.296,14
544.403,9
544.509,29
544.616,0
544.722,19
544.829,4
544.935,13
545.042,9
545.148,0
545.255,14
545.361,28
545.467,4
545.574,2
545.68,20
545.787,15
545.893,0
546,5
546.106,9
546.213,0
546.319,1
546.426,22
546.532,18
546.639,8
546.745,4
546.852,25
546.958,22
547.065,7
547.171,0
547.278,6
547.384,0
547.491,0
547.597,11
547.704,5
547.81,3
547.917,2
548.023,0
548.13,6
548.236,17
548.343,0
548.449,8
548.556,2
548.662,15
548.769,11
548.875,17
548.982,26
549.088,17
549.195,4
549.301,60
549.408,0
549.514,4
549.62,0
549.727,0
549.833,15
549.94,16
550.046,0
550.153,35
550.259,0
550.366,0
550.472,0
550.579,9
550.685,0
550.792,0
550.898,0
551.005,0
551.111,16
551.218,28
551.324,22
551.431,0
551.537,2
551.644,0
551.75,17
551.857,15
551.963,0
552.07,0
552.176,3
552.282,16
552.389,1
552.495,0
552.602,0
552.708,2
552.815,16
552.921,15
553.028,0
553.134,0
553.241,20
553.347,29
553.454,0
553.56,10
553.667,23
553.773,0
553.88,9
553.986,8
554.093,0
554.199,0
554.305,8
554.412,24
554.518,0
554.625,17
554.731,17
554.838,0
554.944,24
555.051,0
555.157,0
555.264,0
555.37,15
555.477,0
555.583,11
555.69,0
555.796,17
555.903,10
556.009,0
556.115,0
556.222,2
556.328,0
556.435,4
556.541,2
556.648,0
556.754,0
556.861,21
556.967,0
557.074,17
557.18,11
557.287,9
557.393,0
557.5,0
557.606,0
557.713,0
557.819,0
557.925,0
558.032,15
558.138,18
558.245,14
558.351,0
558.458,3
558.564,0
558.671,0
558.777,0
558.884,1
558.99,0
559.097,18
559.203,0
559.309,3
559.416,8
559.522,10
559.629,0
559.735,0
559.842,25
559.948,0
560.055,2
560.161,12
560.268,2
560.374,0
560.481,30
560.587,0
560.693,0
560.8,0
560.906,19
561.013,17
561.119,14
561.226,0
561.332,8
561.439,6
561.545,7
561.652,0
561.758,23
561.864,29
561.971,13
562.077,0
562.184,19
562.29,0
562.397,2
562.503,45
562.61,23
562.716,10
562.823,0
562.929,12
563.035,8
563.142,5
563.248,0
563.355,28
563.461,14
563.568,0
563.674,0
563.781,0
563.887,12
563.994,20
564.1,0
564.206,7
564.313,7
564.419,1
564.526,2
564.632,12
564.739,9
564.845,2
564.952,20
565.058,8
565.165,12
565.271,0
565.377,20
565.484,8
565.59,15
565.697,11
565.803,6
565.91,0
566.016,0
566.123,0
566.229,1
566.335,0
566.442,0
566.548,2
566.655,0
566.761,0
566.868,0
566.974,0
567.081,0
567.187,8
567.293,0
567.4,52
567.506,68
567.613,48
567.719,0
567.826,0
567.932,3
568.039,0
568.145,11
568.251,28
568.358,0
568.464,0
568.571,42
568.677,58
568.784,44
568.89,0
568.997,23
569.103,5
569.209,0
569.316,17
569.422,29
569.529,19
569.635,0
569.742,8
569.848,0
569.955,0
570.061,10
570.167,0
570.274,8
570.38,0
570.487,0
570.593,7
570.7,0
570.806,17
570.912,40
571.019,0
571.125,4
571.232,0
571.338,1
571.445,0
571.551,7
571.658,21
571.764,0
571.87,10
571.977,0
572.083,7
572.19,0
572.296,0
572.403,30
572.509,10
572.615,0
572.722,0
572.828,25
572.935,8
573.041,19
573.148,6
573.254,3
573.36,0
573.467,16
573.573,11
573.68,8
573.786,0
573.893,0
573.999,8
574.105,10
574.212,0
574.318,12
574.425,0
574.531,18
574.638,0
574.744,0
574.85,0
574.957,6
575.063,0
575.17,0
575.276,11
575.383,0
575.489,13
575.595,0
575.702,0
575.808,0
575.915,0
576.021,6
576.128,4
576.234,0
576.34,0
576.447,7
576.553,0
576.66,0
576.766,0
576.873,0
576.979,6
577.085,0
577.192,1
577.298,5
577.405,1
577.511,6
577.618,7
577.724,7
577.83,0
577.937,25
578.043,4
578.15,0
578.256,0
578.363,8
578.469,0
578.575,1
578.682,0
578.788,0
578.895,0
579.001,5
579.107,0
579.214,6
579.32,17
579.427,9
579.533,7
579.64,0
579.746,0
579.852,0
579.959,0
580.065,3
580.172,0
580.278,21
580.384,25
580.491,5
580.597,4
580.704,32
580.81,0
580.917,0
581.023,15
581.129,0
581.236,14
581.342,24
581.449,0
581.555,25
581.661,0
581.768,0
581.874,11
581.981,0
582.087,14
582.193,7
582.3,14
582.406,0
582.513,6
582.619,14
582.726,2
582.832,0
582.938,0
583.045,47
583.151,0
583.258,0
583.364,0
583.47,11
583.577,6
583.683,0
583.79,0
583.896,12
584.002,30
584.109,0
584.215,0
584.322,0
584.428,10
584.535,26
584.641,0
584.747,0
584.854,10
584.96,0
585.067,3
585.173,9
585.279,0
585.386,23
585.492,0
585.599,0
585.705,17
585.811,24
585.918,0
586.024,30
586.131,6
586.237,0
586.343,0
586.45,37
586.556,8
586.663,0
586.769,0
586.875,8
586.982,0
587.088,5
587.195,17
587.301,22
587.407,0
587.514,0
587.62,0
587.727,20
587.833,0
587.939,6
588.046,4
588.152,5
588.259,0
588.365,17
588.471,2
588.578,0
588.684,1
588.791,26
588.897,13
589.003,0
589.11,0
589.216,13
589.323,18
589.429,8
589.535,5
589.642,9
589.748,14
589.855,0
589.961,15
590.067,0
590.174,10
590.28,0
590.387,22
590.493,17
590.599,0
590.706,0
590.812,32
590.918,13
591.025,14
591.131,0
591.238,0
591.344,0
591.45,0
591.557,0
591.663,0
591.77,3
591.876,0
591.982,0
592.089,8
592.195,11
592.302,14
592.408,32
592.514,0
592.621,0
592.727,1
592.834,0
592.94,0
593.046,29
593.153,9
593.259,0
593.365,0
593.472,0
593.578,0
593.685,50
593.791,2
593.897,0
594.004,0
594.11,0
594.217,4
594.323,10
594.429,17
594.536,0
594.642,0
594.748,10
594.855,0
594.961,5
595.068,0
595.174,18
595.28,13
595.387,24
595.493,20
595.6,14
595.706,0
595.812,0
595.919,11
596.025,5
596.131,0
596.238,0
596.344,12
596.451,0
596.557,6
596.663,17
596.77,0
596.876,38
596.982,0
597.089,0
597.195,3
597.302,19
597.408,0
597.514,8
597.621,0
597.727,0
597.833,22
597.94,2
598.046,11
598.153,11
598.259,14
598.365,11
598.472,2
598.578,0
598.685,17
598.791,26
598.897,19
599.004,0
599.11,4
599.216,4
599.323,0
599.429,0
599.535,0
599.642,0
599.748,4
599.855,27
599.961,8
600.067,0
600.174,8
600.28,0
600.386,1
600.493,0
600.599,2
600.706,9
600.812,0
600.918,0
601.025,12
601.131,8
601.237,0
601.344,6
601.45,14
601.557,28
601.663,0
601.769,0
601.876,0
601.982,0
602.088,10
602.195,0
602.301,71
602.407,233
602.514,150
602.62,51
602.727,0
602.833,0
602.939,0
603.046,9
603.152,0
603.258,0
603.365,0
603.471,12
603.577,18
603.684,0
603.79,0
603.897,0
604.003,3
604.109,0
604.216,0
604.322,42
604.428,31
604.535,0
604.641,0
604.747,0
604.854,0
604.96,6
605.067,0
605.173,0
605.279,0
605.386,8
605.492,0
605.598,0
605.705,18
605.811,0
605.917,0
606.024,15
606.13,0
606.236,3
606.343,20
606.449,13
606.556,0
606.662,0
606.768,1
606.875,11
606.981,0
607.087,0
607.194,0
607.3,0
607.406,0
607.513,0
607.619,0
607.725,0
607.832,0
607.938,1
608.045,0
608.151,19
608.257,0
608.364,7
608.47,34
608.576,11
608.683,0
608.789,24
608.895,9
609.002,15
609.108,17
609.214,0
609.321,20
609.427,33
609.533,0
609.64,0
609.746,3
609.852,0
609.959,4
610.065,1
610.172,0
610.278,0
610.384,0
610.491,49
610.597,0
610.703,0
610.81,0
610.916,30
611.022,43
611.129,26
611.235,19
611.341,8
611.448,8
611.554,33
611.66,27
611.767,18
611.873,10
611.979,1
612.086,0
612.192,3
612.298,0
612.405,0
612.511,0
612.617,13
612.724,0
612.83,10
612.936,0
613.043,7
613.149,19
613.255,0
613.362,10
613.468,11
613.575,1
613.681,0
613.787,33
613.894,0
614,21
614.106,1
614.213,0
614.319,0
614.425,9
614.532,0
614.638,18
614.744,0
614.851,0
614.957,14
615.063,38
615.17,0
615.276,0
615.382,0
615.489,0
615.595,0
615.701,0
615.808,5
615.914,15
616.02,0
616.127,0
616.233,30
616.339,0
616.446,0
616.552,31
616.658,0
616.765,0
616.871,22
616.977,27
617.084,28
617.19,0
617.296,2
617.403,0
617.509,0
617.615,9
617.722,34
617.828,0
617.934,8
618.041,7
618.147,32
618.253,0
618.36,0
618.466,7
618.572,4
618.679,0
618.785,2
618.891,16
618.998,21
619.104,16
619.21,0
619.316,12
619.423,6
619.529,0
619.635,0
619.742,0
619.848,28
619.954,0
620.061,0
620.167,33
620.273,0
620.38,0
620.486,2
620.592,0
620.699,0
620.805,72
620.911,143
621.018,55
621.124,22
621.23,0
621.337,0
621.443,22
621.549,0
621.656,0
621.762,0
621.868,0
621.975,0
622.081,11
622.187,3
622.294,5
622.4,10
622.506,4
622.612,1
622.719,0
622.825,14
622.931,16
623.038,0
623.144,0
623.25,0
623.357,0
623.463,0
623.569,35
623.676,10
623.782,0
623.888,0
623.995,16
624.101,0
624.207,23
624.314,0
624.42,15
624.526,26
624.632,4
624.739,3
624.845,19
624.951,8
625.058,0
625.164,0
625.27,0
625.377,0
625.483,0
625.589,15
625.696,22
625.802,0
625.908,0
626.015,16
626.121,10
626.227,15
626.333,0
626.44,0
626.546,9
626.652,44
626.759,6
626.865,14
626.971,0
627.078,0
627.184,0
627.29,26
627.397,13
627.503,0
627.609,0
627.715,6
627.822,15
627.928,0
628.034,21
628.141,0
628.247,0
628.353,0
628.46,13
628.566,0
628.672,0
628.778,14
628.885,0
628.991,0
629.097,8
629.204,7
629.31,15
629.416,9
629.523,0
629.629,0
629.735,0
629.841,0
629.948,0
630.054,28
630.16,0
630.267,0
630.373,0
630.479,0
630.586,0
630.692,11
630.798,0
630.904,12
631.011,54
631.117,5
631.223,0
631.33,17
631.436,13
631.542,0
631.649,0
631.755,0
631.861,0
631.967,28
632.074,0
632.18,0
632.286,0
632.393,0
632.499,8
632.605,0
632.711,19
632.818,4
632.924,0
633.03,0
633.137,5
633.243,0
633.349,0
633.456,0
633.562,0
633.668,0
633.774,6
633.881,3
633.987,0
634.093,27
634.2,4
634.306,0
634.412,0
634.518,18
634.625,14
634.731,3
634.837,0
634.944,0
635.05,0
635.156,0
635.262,0
635.369,0
635.475,0
635.581,16
635.688,17
635.794,1
635.9,14
636.006,0
636.113,0
636.219,11
636.325,69
636.432,43
636.538,0
636.644,10
636.75,0
636.857,1
636.963,0
637.069,9
637.176,2
637.282,0
637.388,0
637.494,0
637.601,28
637.707,9
637.813,0
637.92,0
638.026,0
638.132,0
638.238,0
638.345,0
638.451,12
638.557,24
638.663,12
638.77,0
638.876,19
638.982,8
639.089,0
639.195,8
639.301,0
639.407,0
639.514,0
639.62,0
639.726,0
639.833,0
639.939,0
640.045,0
640.151,0
640.258,5
640.364,0
640.47,29
640.576,0
640.683,11
640.789,9
640.895,5
641.002,0
641.108,0
641.214,3
641.32,0
641.427,7
641.533,0
641.639,2
641.745,18
641.852,10
641.958,1
642.064,0
642.171,0
642.277,0
642.383,16
642.489,0
642.596,4
642.702,13
642.808,0
642.914,0
643.021,3
643.127,12
643.233,1
643.339,0
643.446,16
643.552,0
643.658,0
643.765,0
643.871,46
643.977,114
644.083,68
644.19,35
644.296,0
644.402,0
644.508,0
644.615,19
644.721,18
644.827,0
644.933,0
645.04,0
645.146,3
645.252,0
645.358,0
645.465,12
645.571,5
645.677,0
645.784,0
645.89,0
645.996,9
646.102,0
646.209,0
646.315,3
646.421,0
646.527,17
646.634,0
646.74,0
646.846,29
646.952,17
647.059,0
647.165,3
647.271,0
647.377,0
647.484,11
647.59,8
647.696,0
647.802,0
647.909,8
648.015,10
648.121,0
648.227,29
648.334,0
648.44,0
648.546,0
648.652,1
648.759,0
648.865,0
648.971,8
649.077,3
649.184,0
649.29,0
649.396,0
649.502,0
649.609,0
649.715,29
649.821,5
649.927,0
650.034,0
650.14,23
650.246,0
650.352,0
650.459,4
650.565,0
650.671,14
650.777,0
650.884,0
650.99,28
651.096,158
651.202,132
651.309,64
651.415,14
651.521,0
651.627,0
651.734,0
651.84,7
651.946,0
652.052,34
652.159,0
652.265,18
652.371,20
652.477,0
652.584,0
652.69,2
652.796,0
652.902,14
653.009,14
653.115,0
653.221,5
653.327,0
653.434,0
653.54,0
653.646,13
653.752,0
653.858,9
653.965,28
654.071,0
654.177,0
654.283,0
654.39,0
654.496,6
654.602,14
654.708,0
654.815,0
654.921,44
655.027,55
655.133,28
655.24,18
655.346,0
655.452,0
655.558,10
655.665,5
655.771,0
655.877,38
655.983,134
656.089,82
656.196,35
656.302,1
656.408,0
656.514,0
656.621,3
656.727,0
656.833,0
656.939,18
657.046,0
657.152,8
657.258,0
657.364,0
657.47,25
657.577,14
657.683,71
657.789,104
657.895,46
658.002,10
658.108,0
658.214,0
658.32,0
658.427,9
658.533,0
658.639,17
658.745,12
658.851,0
658.958,0
659.064,0
659.17,2
659.276,0
659.383,3
659.489,13
659.595,4
659.701,0
659.807,27
659.914,78
660.02,35
660.126,70
660.232,71
660.339,119
660.445,98
660.551,103
660.657,58
660.763,52
660.87,71
660.976,31
661.082,0
661.188,22
661.295,54
661.401,36
661.507,0
661.613,0
661.719,14
661.826,0
661.932,20
662.038,0
662.144,29
662.251,25
662.357,0
662.463,12
662.569,8
662.675,2
662.782,70
662.888,115
662.994,48
663.1,22
663.206,9
663.313,8
663.419,0
663.525,0
663.631,0
663.738,0
663.844,1
663.95,0
664.056,0
664.162,0
664.269,0
664.375,0
664.481,0
664.587,0
664.693,14
664.8,6
664.906,6
665.012,0
665.118,2
665.225,5
665.331,0
665.437,6
665.543,0
665.649,0
665.756,0
665.862,0
665.968,0
666.074,0
666.18,2
666.287,0
666.393,0
666.499,0
666.605,0
666.711,1
666.818,2
666.924,0
667.03,2
667.136,10
667.242,22
667.349,3
667.455,17
667.561,25
667.667,46
667.773,93
667.88,24
667.986,0
668.092,30
668.198,41
668.304,46
668.411,127
668.517,108
668.623,56
668.729,21
668.835,0
668.942,0
669.048,7
669.154,1
669.26,44
669.366,39
669.473,23
669.579,82
669.685,36
669.791,21
669.897,0
670.004,40
670.11,99
670.216,80
670.322,17
670.428,0
670.535,0
670.641,4
670.747,0
670.853,77
670.959,65
671.066,25
671.172,0
671.278,19
671.384,33
671.49,25
671.597,0
671.703,63
671.809,51
671.915,33
672.021,17
672.128,0
672.234,19
672.34,0
672.446,0
672.552,0
672.658,2
672.765,0
672.871,18
672.977,75
673.083,52
673.189,21
673.296,0
673.402,17
673.508,0
673.614,0
673.72,0
673.827,1
673.933,23
674.039,18
674.145,0
674.251,7
674.357,0
674.464,0
674.57,22
674.676,15
674.782,0
674.888,30
674.995,35
675.101,6
675.207,9
675.313,0
675.419,11
675.526,0
675.632,1
675.738,0
675.844,0
675.95,16
676.056,6
676.163,0
676.269,0
676.375,2
676.481,0
676.587,19
676.693,0
676.8,21
676.906,23
677.012,0
677.118,2
677.224,0
677.331,13
677.437,0
677.543,0
677.649,13
677.755,43
677.861,0
677.968,0
678.074,15
678.18,0
678.286,0
678.392,14
678.498,0
678.605,0
678.711,28
678.817,46
678.923,14
679.029,24
679.136,0
679.242,0
679.348,16
679.454,0
679.56,6
679.666,23
679.773,0
679.879,30
679.985,35
680.091,9
680.197,0
680.303,0
680.41,42
680.516,0
680.622,7
680.728,102
680.834,109
680.94,47
681.047,24
681.153,0
681.259,0
681.365,2
681.471,0
681.577,7
681.684,5
681.79,0
681.896,0
682.002,28
682.108,0
682.214,0
682.321,0
682.427,0
682.533,0
682.639,0
682.745,6
682.851,0
682.958,1
683.064,11
683.17,24
683.276,0
683.382,6
683.488,0
683.595,0
683.701,17
683.807,0
683.913,20
684.019,0
684.125,0
684.231,22
684.338,5
684.444,0
684.55,0
684.656,0
684.762,0
684.868,0
684.975,6
685.081,16
685.187,17
685.293,0
685.399,0
685.505,0
685.611,4
685.718,50
685.824,15
685.93,0
686.036,2
686.142,0
686.248,48
686.355,17
686.461,0
686.567,0
686.673,6
686.779,17
686.885,0
686.991,13
687.098,23
687.204,0
687.31,16
687.416,9
687.522,14
687.628,26
687.735,0
687.841,9
687.947,11
688.053,0
688.159,20
688.265,0
688.371,5
688.478,0
688.584,14
688.69,0
688.796,14
688.902,21
689.008,20
689.114,0
689.221,0
689.327,30
689.433,27
689.539,0
689.645,0
689.751,0
689.857,0
689.964,0
690.07,0
690.176,10
690.282,0
690.388,0
690.494,0
690.6,0
690.707,0
690.813,0
690.919,21
691.025,0
691.131,21
691.237,11
691.343,0
691.45,16
691.556,27
691.662,0
691.768,0
691.874,10
691.98,0
692.086,0
692.193,0
692.299,0
692.405,6
692.511,0
692.617,5
692.723,19
692.829,7
692.935,7
693.042,0
693.148,1
693.254,5
693.36,2
693.466,23
693.572,24
693.678,8
693.785,22
693.891,17
693.997,0
694.103,0
694.209,0
694.315,12
694.421,10
694.527,0
694.634,10
694.74,47
694.846,198
694.952,156
695.058,38
695.164,13
695.27,0
695.376,0
695.483,0
695.589,27
695.695,12
695.801,2
695.907,0
696.013,13
696.119,0
696.225,19
696.332,0
696.438,0
696.544,0
696.65,18
696.756,0
696.862,22
696.968,8
697.074,0
697.181,6
697.287,18
697.393,0
697.499,0
697.605,36
697.711,2
697.817,2
697.923,0
698.03,0
698.136,20
698.242,0
698.348,0
698.454,0
698.56,15
698.666,1
698.772,0
698.879,5
698.985,12
699.091,0
699.197,10
699.303,22
699.409,0
699.515,1
