59.6745,3
59.7814,0
59.8883,26
59.9952,38
60.1021,0
60.209,12
60.3159,17
60.4228,0
60.5296,22
60.6365,13
60.7434,4
60.8503,14
60.9572,0
61.0641,2
61.171,0
61.2779,1
61.3848,0
61.4917,0
61.5986,18
61.7055,0
61.8124,27
61.9193,6
62.0261,3
62.133,0
62.2399,5
62.3468,13
62.4537,41
62.5606,5
62.6675,0
62.7744,40
62.8813,12
62.9882,9
63.0951,0
63.202,0
63.3089,11
63.4158,20
63.5226,1
63.6295,20
63.7364,28
63.8433,14
63.9502,16
64.0571,0
64.164,25
64.2709,0
64.3778,0
64.4847,0
64.5916,13
64.6985,0
64.8054,17
64.9123,15
65.0192,30
65.1261,0
65.2329,20
65.3398,3
65.4467,0
65.5536,10
65.6605,6
65.7674,9
65.8743,0
65.9812,0
66.0881,6
66.195,0
66.3019,19
66.4088,12
66.5157,0
66.6226,0
66.7295,2
66.8364,19
66.9433,2
67.0502,17
67.157,0
67.2639,0
67.3708,32
67.4777,24
67.5846,8
67.6915,0
67.7984,18
67.9053,0
68.0122,16
68.1191,3
68.226,0
68.3329,0
68.4398,13
68.5467,6
68.6536,0
68.7605,16
68.8674,17
68.9743,9
69.0812,0
69.1881,2
69.295,39
69.4018,2
69.5087,4
69.6156,0
69.7225,6
69.8294,4
69.9363,23
70.0432,17
70.1501,31
70.257,0
70.3639,3
70.4708,20
70.5777,49
70.6846,50
70.7915,0
70.8984,5
71.0053,0
71.1122,14
71.2191,12
71.326,11
71.4329,30
71.5398,10
71.6467,32
71.7536,6
71.8605,43
71.9674,28
72.0742,0
72.1811,0
72.288,17
72.3949,0
72.5018,5
72.6087,8
72.7156,0
72.8225,44
72.9294,12
73.0363,0
73.1432,0
73.2501,11
73.357,16
73.4639,26
73.5708,2
73.6777,23
73.7846,21
73.8915,0
73.9984,9
74.1053,0
74.2122,8
74.3191,0
74.426,0
74.5329,4
74.6398,5
74.7467,29
74.8536,5
74.9605,42
75.0674,14
75.1743,0
75.2812,14
75.3881,3
75.495,0
75.6019,19
75.7088,17
75.8157,0
75.9225,0
76.0294,20
76.1363,15
76.2432,30
76.3501,17
76.457,0
76.5639,10
76.6708,0
76.7777,1
76.8846,6
76.9915,0
77.0984,11
77.2053,2
77.3122,8
77.4191,11
77.526,7
77.6329,0
77.7398,0
77.8467,0
77.9536,28
78.0605,0
78.1674,6
78.2743,7
78.3812,0
78.4881,24
78.595,22
78.7019,0
78.8088,9
78.9157,30
79.0226,6
79.1295,17
79.2364,0
79.3433,7
79.4502,5
79.5571,17
79.664,0
79.7709,18
79.8778,10
79.9847,0
80.0916,0
80.1985,0
80.3054,28
80.4123,14
80.5192,0
80.6261,18
80.733,17
80.8399,5
80.9468,19
81.0537,0
81.1606,0
81.2675,63
81.3744,42
81.4813,4
81.5882,0
81.6951,0
81.802,0
81.9089,7
82.0158,23
82.1227,10
82.2296,9
82.3365,9
82.4434,0
82.5503,5
82.6572,4
82.7641,13
82.871,0
82.9779,37
83.0848,14
83.1917,0
83.2986,18
83.4055,6
83.5124,0
83.6193,0
83.7262,20
83.8331,7
83.94,0
84.0469,0
84.1538,11
84.2607,0
84.3676,13
84.4745,0
84.5814,12
84.6883,12
84.7952,0
84.9021,0
85.009,21
85.1159,17
85.2228,0
85.3297,13
85.4366,21
85.5435,0
85.6504,17
85.7573,14
85.8642,2
85.9711,0
86.078,0
86.1849,4
86.2918,16
86.3987,0
86.5056,0
86.6125,12
86.7194,0
86.8263,2
86.9332,52
87.0401,37
87.147,4
87.2539,0
87.3608,22
87.4677,0
87.5746,36
87.6815,25
87.7884,0
87.8953,0
88.0022,45
88.1091,18
88.216,0
88.3229,2
88.4298,6
88.5367,10
88.6436,0
88.7505,13
88.8574,0
88.9643,11
89.0712,3
89.1781,0
89.285,6
89.3919,0
89.4988,6
89.6057,30
89.7126,19
89.8195,0
89.9264,0
90.0334,11
90.1403,27
90.2472,0
90.3541,0
90.461,16
90.5679,11
90.6748,0
90.7817,36
90.8886,20
90.9955,0
91.1024,0
91.2093,11
91.3162,2
91.4231,0
91.53,5
91.6369,36
91.7438,0
91.8507,0
91.9576,43
92.0645,50
92.1714,7
92.2783,0
92.3852,0
92.4921,11
92.599,8
92.7059,14
92.8128,0
92.9197,30
93.0266,9
93.1335,14
93.2404,14
93.3473,34
93.4542,0
93.5611,43
93.668,16
93.7749,3
93.8818,11
93.9887,0
94.0956,0
94.2025,28
94.3095,6
94.4164,15
94.5233,20
94.6302,19
94.7371,25
94.844,0
94.9509,0
95.0578,18
95.1647,10
95.2716,16
95.3785,0
95.4854,18
95.5923,15
95.6992,0
95.8061,17
95.913,12
96.0199,0
96.1268,0
96.2337,16
96.3406,21
96.4475,0
96.5544,0
96.6613,34
96.7682,0
96.8751,18
96.982,7
97.0889,7
97.1958,0
97.3027,0
97.4097,0
97.5166,35
97.6235,18
97.7304,11
97.8373,0
97.9442,0
98.0511,16
98.158,27
98.2649,1
98.3718,0
98.4787,35
98.5856,15
98.6925,9
98.7994,3
98.9063,0
99.0132,0
99.1201,0
99.227,0
99.3339,0
99.4408,0
99.5477,9
99.6546,26
99.7615,24
99.8684,13
99.9753,9
100.082,4
100.189,8
100.296,0
100.403,17
100.51,16
100.617,17
100.724,0
100.831,0
100.937,0
101.044,8
101.151,3
101.258,11
101.365,27
101.472,0
101.579,21
101.686,0
101.793,9
101.9,0
102.007,10
102.113,5
102.22,0
102.327,0
102.434,0
102.541,0
102.648,36
102.755,41
102.862,0
102.969,0
103.076,0
103.182,33
103.289,16
103.396,8
103.503,11
103.61,0
103.717,0
103.824,13
103.931,0
104.038,27
104.145,0
104.252,0
104.358,5
104.465,26
104.572,0
104.679,0
104.786,21
104.893,0
105,7
105.107,0
105.214,9
105.321,4
105.427,11
105.534,0
105.641,0
105.748,14
105.855,0
105.962,0
106.069,0
106.176,6
106.283,0
106.39,0
106.497,0
106.603,23
106.71,0
106.817,20
106.924,11
107.031,21
107.138,0
107.245,0
107.352,0
107.459,14
107.566,10
107.673,0
107.779,11
107.886,0
107.993,11
108.1,24
108.207,11
108.314,6
108.421,4
108.528,19
108.635,12
108.742,8
108.848,8
108.955,0
109.062,3
109.169,5
109.276,13
109.383,0
109.49,6
109.597,8
109.704,0
109.811,24
109.918,0
110.024,0
110.131,0
110.238,0
110.345,0
110.452,0
110.559,0
110.666,6
110.773,17
110.88,0
110.987,0
111.094,10
111.2,0
111.307,40
111.414,17
111.521,14
111.628,0
111.735,0
111.842,0
111.949,14
112.056,28
112.163,0
112.269,0
112.376,11
112.483,1
112.59,4
112.697,7
112.804,15
112.911,28
113.018,12
113.125,0
113.232,0
113.339,33
113.445,14
113.552,0
113.659,0
113.766,0
113.873,7
113.98,0
114.087,8
114.194,4
114.301,3
114.408,6
114.515,0
114.621,0
114.728,35
114.835,26
114.942,0
115.049,0
115.156,4
115.263,16
115.37,0
115.477,0
115.584,5
115.69,0
115.797,8
115.904,0
116.011,22
116.118,2
116.225,0
116.332,0
116.439,38
116.546,0
116.653,12
116.76,0
116.866,0
116.973,8
117.08,0
117.187,1
117.294,12
117.401,0
117.508,1
117.615,12
117.722,5
117.829,0
117.936,0
118.042,3
118.149,0
118.256,0
118.363,0
118.47,20
118.577,17
118.684,8
118.791,0
118.898,4
119.005,7
119.112,17
119.218,0
119.325,0
119.432,19
119.539,26
119.646,0
119.753,30
119.86,0
119.967,21
120.074,7
120.181,5
120.287,0
120.394,0
120.501,0
120.608,0
120.715,2
120.822,0
120.929,0
121.036,0
121.143,0
121.25,24
121.357,18
121.463,17
121.57,0
121.677,14
121.784,0
121.891,2
121.998,3
122.105,28
122.212,0
122.319,6
122.426,6
122.533,32
122.639,0
122.746,0
122.853,0
122.96,7
123.067,0
123.174,0
123.281,0
123.388,0
123.495,2
123.602,0
123.709,0
123.815,0
123.922,0
124.029,36
124.136,28
124.243,19
124.35,5
124.457,10
124.564,10
124.671,0
124.778,10
124.885,0
124.991,1
125.098,0
125.205,6
125.312,0
125.419,20
125.526,8
125.633,17
125.74,24
125.847,28
125.954,19
126.061,0
126.167,24
126.274,33
126.381,0
126.488,0
126.595,0
126.702,0
126.809,0
126.916,2
127.023,1
127.13,0
127.236,0
127.343,0
127.45,25
127.557,5
127.664,0
127.771,1
127.878,13
127.985,0
128.092,0
128.199,7
128.306,0
128.412,10
128.519,39
128.626,3
128.733,24
128.84,0
128.947,0
129.054,10
129.161,0
129.268,0
129.375,0
129.482,0
129.588,0
129.695,0
129.802,1
129.909,0
130.016,0
130.123,0
130.23,8
130.337,0
130.444,0
130.551,19
130.658,0
130.764,0
130.871,0
130.978,36
131.085,0
131.192,0
131.299,0
131.406,17
131.513,0
131.62,30
131.727,0
131.834,1
131.94,0
132.047,0
132.154,0
132.261,0
132.368,8
132.475,3
132.582,2
132.689,7
132.796,0
132.903,7
133.01,28
133.116,33
133.223,1
133.33,5
133.437,24
133.544,16
133.651,0
133.758,0
133.865,8
133.972,37
134.079,1
134.186,0
134.292,9
134.399,26
134.506,0
134.613,0
134.72,13
134.827,40
134.934,0
135.041,0
135.148,1
135.255,22
135.362,2
135.468,0
135.575,12
135.682,21
135.789,18
135.896,0
136.003,3
136.11,0
136.217,5
136.324,13
136.431,0
136.538,0
136.644,0
136.751,30
136.858,10
136.965,0
137.072,7
137.179,28
137.286,2
137.393,7
137.5,4
137.607,0
137.714,0
137.82,8
137.927,0
138.034,10
138.141,2
138.248,0
138.355,0
138.462,12
138.569,3
138.676,4
138.783,8
138.89,15
138.996,0
139.103,6
139.21,29
139.317,28
139.424,3
139.531,0
139.638,26
139.745,1
139.852,8
139.959,2
140.065,10
140.172,13
140.279,0
140.386,6
140.493,12
140.6,20
140.707,6
140.814,22
140.921,19
141.028,0
141.135,2
141.241,0
141.348,10
141.455,0
141.562,0
141.669,7
141.776,24
141.883,0
141.99,4
142.097,17
142.204,33
142.311,0
142.417,0
142.524,13
142.631,8
142.738,16
142.845,18
142.952,14
143.059,11
143.166,6
143.273,17
143.38,19
143.487,6
143.593,15
143.7,16
143.807,16
143.914,8
144.021,7
144.128,7
144.235,4
144.342,18
144.449,0
144.556,11
144.663,0
144.769,0
144.876,0
144.983,13
145.09,1
145.197,0
145.304,0
145.411,14
145.518,40
145.625,0
145.732,0
145.839,0
145.945,0
146.052,6
146.159,2
146.266,17
146.373,0
146.48,0
146.587,15
146.694,0
146.801,0
146.908,32
147.015,0
147.121,0
147.228,0
147.335,14
147.442,0
147.549,12
147.656,12
147.763,12
147.87,0
147.977,0
148.084,25
148.191,0
148.297,0
148.404,0
148.511,0
148.618,12
148.725,13
148.832,0
148.939,13
149.046,22
149.153,10
149.26,15
149.367,0
149.473,0
149.58,13
149.687,2
149.794,0
149.901,0
150.008,20
150.115,14
150.222,24
150.329,12
150.436,15
150.543,9
150.649,21
150.756,6
150.863,12
150.97,0
151.077,13
151.184,14
151.291,0
151.398,6
151.505,22
151.612,0
151.719,13
151.825,13
151.932,25
152.039,1
152.146,5
152.253,0
152.36,0
152.467,37
152.574,0
152.681,0
152.788,7
152.894,0
153.001,32
153.108,115
153.215,178
153.322,80
153.429,22
153.536,0
153.643,0
153.75,0
153.857,2
153.964,5
154.07,5
154.177,0
154.284,4
154.391,10
154.498,0
154.605,0
154.712,13
154.819,0
154.926,7
155.033,0
155.14,14
155.246,0
155.353,34
155.46,42
155.567,10
155.674,0
155.781,11
155.888,0
155.995,0
156.102,37
156.209,33
156.316,0
156.422,0
156.529,0
156.636,18
156.743,1
156.85,11
156.957,0
157.064,7
157.171,1
157.278,0
157.385,0
157.492,8
157.598,25
157.705,0
157.812,4
157.919,40
158.026,4
158.133,10
158.24,0
158.347,3
158.454,0
158.561,0
158.668,0
158.774,5
158.881,0
158.988,0
159.095,0
159.202,0
159.309,8
159.416,0
159.523,9
159.63,0
159.737,0
159.844,4
159.95,9
160.057,8
160.164,18
160.271,5
160.378,18
160.485,19
160.592,0
160.699,0
160.806,0
160.913,5
161.019,0
161.126,1
161.233,14
161.34,30
161.447,1
161.554,13
161.661,2
161.768,1
161.875,5
161.982,4
162.089,0
162.195,0
162.302,10
162.409,9
162.516,0
162.623,0
162.73,26
162.837,0
162.944,0
163.051,19
163.158,0
163.265,20
163.371,0
163.478,3
163.585,0
163.692,2
163.799,0
163.906,21
164.013,0
164.12,20
164.227,14
164.334,0
164.441,0
164.547,10
164.654,21
164.761,22
164.868,5
164.975,11
165.082,6
165.189,23
165.296,15
165.403,3
165.51,7
165.616,27
165.723,34
165.83,2
165.937,0
166.044,6
166.151,3
166.258,0
166.365,0
166.472,2
166.579,0
166.686,0
166.792,40
166.899,21
167.006,3
167.113,6
167.22,0
167.327,0
167.434,12
167.541,10
167.648,6
167.755,2
167.862,0
167.968,0
168.075,0
168.182,6
168.289,3
168.396,0
168.503,0
168.61,0
168.717,19
168.824,0
168.931,0
169.037,0
169.144,0
169.251,13
169.358,10
169.465,8
169.572,0
169.679,8
169.786,18
169.893,5
170,0
170.107,0
170.213,25
170.32,0
170.427,0
170.534,7
170.641,20
170.748,0
170.855,10
170.962,16
171.069,0
171.176,9
171.283,17
171.389,30
171.496,0
171.603,0
171.71,0
171.817,0
171.924,9
172.031,0
172.138,0
172.245,0
172.352,13
172.458,13
172.565,0
172.672,0
172.779,24
172.886,9
172.993,24
173.1,9
173.207,2
173.314,0
173.421,19
173.528,4
173.634,0
173.741,0
173.848,17
173.955,5
174.062,15
174.169,0
174.276,0
174.383,21
174.49,8
174.597,0
174.704,0
174.81,2
174.917,21
175.024,19
175.131,5
175.238,0
175.345,10
175.452,9
175.559,0
175.666,0
175.773,0
175.879,0
175.986,0
176.093,3
176.2,9
176.307,17
176.414,0
176.521,0
176.628,0
176.735,21
176.842,40
176.949,0
177.055,0
177.162,24
177.269,0
177.376,0
177.483,45
177.59,34
177.697,0
177.804,8
177.911,43
178.018,40
178.124,34
178.231,14
178.338,4
178.445,4
178.552,0
178.659,0
178.766,0
178.873,4
178.98,28
179.087,21
179.194,0
179.3,3
179.407,15
179.514,0
179.621,0
179.728,1
179.835,10
179.942,0
180.049,0
180.156,8
180.263,26
180.369,0
180.476,5
180.583,12
180.69,0
180.797,0
180.904,22
181.011,16
181.118,15
181.225,0
181.332,13
181.439,26
181.545,0
181.652,8
181.759,0
181.866,0
181.973,8
182.08,5
182.187,2
182.294,0
182.401,0
182.508,0
182.614,16
182.721,28
182.828,0
182.935,0
183.042,6
183.149,7
183.256,15
183.363,18
183.47,0
183.577,21
183.683,3
183.79,0
183.897,0
184.004,7
184.111,15
184.218,0
184.325,5
184.432,24
184.539,32
184.646,0
184.753,0
184.859,28
184.966,0
185.073,0
185.18,1
185.287,25
185.394,3
185.501,0
185.608,3
185.715,21
185.822,0
185.928,16
186.035,8
186.142,14
186.249,0
186.356,22
186.463,25
186.57,0
186.677,0
186.784,0
186.891,0
186.997,3
187.104,25
187.211,5
187.318,24
187.425,0
187.532,2
187.639,4
187.746,0
187.853,0
187.96,0
188.067,0
188.173,68
188.28,19
188.387,0
188.494,0
188.601,0
188.708,0
188.815,0
188.922,13
189.029,0
189.136,4
189.242,0
189.349,15
189.456,0
189.563,0
189.67,0
189.777,0
189.884,0
189.991,0
190.098,0
190.205,0
190.311,74
190.418,110
190.525,53
190.632,4
190.739,0
190.846,3
190.953,10
191.06,26
191.167,20
191.274,25
191.38,10
191.487,7
191.594,1
191.701,0
191.808,0
191.915,0
192.022,20
192.129,12
192.236,0
192.343,0
192.45,24
192.556,0
192.663,5
192.77,0
192.877,0
192.984,15
193.091,21
193.198,0
193.305,0
193.412,0
193.519,0
193.625,20
193.732,5
193.839,0
193.946,12
194.053,17
194.16,0
194.267,19
194.374,11
194.481,5
194.588,0
194.694,0
194.801,34
194.908,18
195.015,0
195.122,0
195.229,0
195.336,0
195.443,4
195.55,0
195.657,0
195.763,15
195.87,17
195.977,9
196.084,14
196.191,2
196.298,0
196.405,0
196.512,0
196.619,10
196.726,0
196.832,0
196.939,15
197.046,0
197.153,0
197.26,5
197.367,13
197.474,13
197.581,0
197.688,0
197.795,22
197.901,39
198.008,0
198.115,0
198.222,28
198.329,0
198.436,0
198.543,0
198.65,0
198.757,0
198.864,21
198.97,44
199.077,0
199.184,0
199.291,0
199.398,21
199.505,9
199.612,12
199.719,13
199.826,12
199.933,0
200.039,11
200.146,9
200.253,0
200.36,34
200.467,7
200.574,0
200.681,0
200.788,0
200.895,19
201.002,37
201.108,0
201.215,0
201.322,15
201.429,0
201.536,0
201.643,0
201.75,10
201.857,12
201.964,0
202.071,8
202.177,10
202.284,6
202.391,3
202.498,3
202.605,15
202.712,0
202.819,28
202.926,0
203.033,0
203.14,0
203.246,9
203.353,0
203.46,0
203.567,10
203.674,0
203.781,7
203.888,0
203.995,15
204.102,12
204.208,7
204.315,11
204.422,3
204.529,0
204.636,9
204.743,0
204.85,0
204.957,0
205.064,5
205.171,0
205.277,5
205.384,13
205.491,12
205.598,30
205.705,0
205.812,8
205.919,20
206.026,16
206.133,10
206.24,8
206.346,0
206.453,0
206.56,0
206.667,3
206.774,0
206.881,8
206.988,0
207.095,43
207.202,14
207.309,0
207.415,13
207.522,7
207.629,18
207.736,0
207.843,6
207.95,0
208.057,0
208.164,11
208.271,0
208.377,0
208.484,7
208.591,0
208.698,0
208.805,8
208.912,24
209.019,22
209.126,0
209.233,0
209.34,0
209.446,0
209.553,8
209.66,15
209.767,0
209.874,0
209.981,0
210.088,13
210.195,0
210.302,0
210.409,10
210.515,3
210.622,0
210.729,0
210.836,0
210.943,21
211.05,0
211.157,0
211.264,16
211.371,10
211.477,2
211.584,12
211.691,19
211.798,8
211.905,19
212.012,11
212.119,0
212.226,9
212.333,0
212.44,17
212.546,15
212.653,0
212.76,2
212.867,14
212.974,6
213.081,3
213.188,0
213.295,4
213.402,25
213.508,13
213.615,0
213.722,0
213.829,15
213.936,9
214.043,8
214.15,8
214.257,0
214.364,0
214.471,13
214.577,6
214.684,0
214.791,0
214.898,0
215.005,9
215.112,1
215.219,0
215.326,0
215.433,5
215.539,16
215.646,20
215.753,0
215.86,5
215.967,0
216.074,23
216.181,10
216.288,0
216.395,4
216.502,3
216.608,2
216.715,0
216.822,12
216.929,3
217.036,11
217.143,3
217.25,20
217.357,0
217.464,0
217.57,6
217.677,3
217.784,4
217.891,0
217.998,17
218.105,1
218.212,0
218.319,18
218.426,0
218.532,24
218.639,23
218.746,3
218.853,0
218.96,19
219.067,9
219.174,14
219.281,7
219.388,0
219.495,0
219.601,7
219.708,0
219.815,24
219.922,29
220.029,0
220.136,3
220.243,47
220.35,37
220.457,0
220.563,21
220.67,0
220.777,22
220.884,3
220.991,0
221.098,10
221.205,0
221.312,25
221.419,17
221.525,0
221.632,0
221.739,4
221.846,6
221.953,34
222.06,11
222.167,0
222.274,17
222.381,34
222.488,2
222.594,0
222.701,0
222.808,0
222.915,0
223.022,10
223.129,6
223.236,12
223.343,12
223.45,3
223.556,19
223.663,31
223.77,16
223.877,0
223.984,6
224.091,6
224.198,0
224.305,0
224.412,32
224.518,17
224.625,2
224.732,10
224.839,0
224.946,11
225.053,3
225.16,0
225.267,0
225.374,14
225.48,0
225.587,1
225.694,0
225.801,2
225.908,2
226.015,0
226.122,21
226.229,0
226.336,6
226.442,20
226.549,14
226.656,12
226.763,0
226.87,15
226.977,23
227.084,0
227.191,9
227.298,0
227.404,5
227.511,0
227.618,0
227.725,28
227.832,14
227.939,15
228.046,0
228.153,17
228.26,0
228.366,19
228.473,15
228.58,20
228.687,3
228.794,76
228.901,71
229.008,13
229.115,0
229.222,2
229.328,0
229.435,2
229.542,0
229.649,0
229.756,3
229.863,28
229.97,10
230.077,16
230.184,17
230.29,27
230.397,0
230.504,0
230.611,0
230.718,0
230.825,3
230.932,69
231.039,40
231.146,19
231.252,0
231.359,0
231.466,13
231.573,0
231.68,0
231.787,0
231.894,11
232.001,15
232.108,7
232.214,0
232.321,35
232.428,14
232.535,0
232.642,18
232.749,31
232.856,28
232.963,24
233.07,11
233.176,10
233.283,0
233.39,0
233.497,18
233.604,11
233.711,0
233.818,14
233.925,0
234.031,0
234.138,0
234.245,8
234.352,19
234.459,13
234.566,0
234.673,10
234.78,17
234.887,7
234.993,12
235.1,29
235.207,0
235.314,9
235.421,21
235.528,4
235.635,0
235.742,3
235.849,15
235.955,0
236.062,11
236.169,0
236.276,0
236.383,11
236.49,5
236.597,5
236.704,3
236.81,0
236.917,30
237.024,17
237.131,17
237.238,18
237.345,15
237.452,0
237.559,0
237.666,18
237.772,0
237.879,0
237.986,9
238.093,10
238.2,0
238.307,1
238.414,21
238.521,15
238.628,0
238.734,0
238.841,27
238.948,37
239.055,0
239.162,2
239.269,0
239.376,0
239.483,15
239.589,16
239.696,6
239.803,16
239.91,0
240.017,67
240.124,37
240.231,0
240.338,0
240.445,8
240.551,39
240.658,0
240.765,0
240.872,0
240.979,6
241.086,14
241.193,6
241.3,0
241.406,8
241.513,0
241.62,33
241.727,15
241.834,0
241.941,0
242.048,0
242.155,13
242.262,0
242.368,0
242.475,13
242.582,0
242.689,0
242.796,18
242.903,12
243.01,17
243.117,20
243.223,20
243.33,0
243.437,0
243.544,9
243.651,0
243.758,0
243.865,7
243.972,0
244.079,7
244.185,35
244.292,16
244.399,0
244.506,5
244.613,0
244.72,0
244.827,0
244.934,5
245.04,1
245.147,0
245.254,2
245.361,0
245.468,0
245.575,0
245.682,0
245.789,0
245.896,0
246.002,0
246.109,26
246.216,0
246.323,2
246.43,34
246.537,3
246.644,0
246.751,28
246.857,9
246.964,1
247.071,0
247.178,1
247.285,0
247.392,0
247.499,0
247.606,29
247.712,13
247.819,10
247.926,0
248.033,2
248.14,21
248.247,0
248.354,7
248.461,0
248.567,0
248.674,23
248.781,0
248.888,0
248.995,4
249.102,0
249.209,6
249.316,8
249.423,0
249.529,30
249.636,20
249.743,36
249.85,24
249.957,48
250.064,0
250.171,0
250.278,0
250.384,0
250.491,0
250.598,0
250.705,13
250.812,0
250.919,0
251.026,11
251.133,0
251.239,0
251.346,10
251.453,10
251.56,1
251.667,2
251.774,0
251.881,25
251.988,0
252.094,0
252.201,0
252.308,29
252.415,26
252.522,0
252.629,0
252.736,12
252.843,8
252.949,0
253.056,10
253.163,26
253.27,0
253.377,13
253.484,0
253.591,0
253.698,0
253.804,6
253.911,26
254.018,0
254.125,24
254.232,27
254.339,14
254.446,0
254.553,0
254.659,39
254.766,8
254.873,0
254.98,2
255.087,0
255.194,54
255.301,68
255.408,82
255.514,40
255.621,16
255.728,13
255.835,0
255.942,0
256.049,11
256.156,9
256.263,0
256.369,14
256.476,24
256.583,2
256.69,0
256.797,0
256.904,6
257.011,0
257.118,0
257.224,0
257.331,0
257.438,0
257.545,11
257.652,0
257.759,0
257.866,2
257.973,23
258.079,0
258.186,0
258.293,0
258.4,4
258.507,0
258.614,0
258.721,0
258.828,0
258.934,17
259.041,2
259.148,0
259.255,0
259.362,3
259.469,10
259.576,29
259.683,14
259.789,38
259.896,17
260.003,4
260.11,19
260.217,0
260.324,46
260.431,6
260.537,0
260.644,0
260.751,27
260.858,0
260.965,13
261.072,6
261.179,0
261.286,0
261.392,0
261.499,14
261.606,0
261.713,9
261.82,19
261.927,54
262.034,57
262.141,24
262.247,0
262.354,0
262.461,0
262.568,0
262.675,13
262.782,0
262.889,0
262.996,39
263.102,22
263.209,0
263.316,0
263.423,0
263.53,0
263.637,1
263.744,12
263.85,0
263.957,26
264.064,62
264.171,2
264.278,21
264.385,0
264.492,19
264.599,22
264.705,0
264.812,0
264.919,4
265.026,27
265.133,5
265.24,0
265.347,0
265.454,38
265.56,26
265.667,0
265.774,7
265.881,24
265.988,11
266.095,0
266.202,6
266.308,15
266.415,9
266.522,10
266.629,24
266.736,0
266.843,3
266.95,15
267.057,9
267.163,0
267.27,0
267.377,31
267.484,0
267.591,0
267.698,6
267.805,6
267.911,0
268.018,0
268.125,18
268.232,0
268.339,11
268.446,0
268.553,0
268.66,24
268.766,31
268.873,8
268.98,15
269.087,11
269.194,0
269.301,19
269.408,20
269.514,0
269.621,2
269.728,21
269.835,0
269.942,0
270.049,6
270.156,0
270.263,0
270.369,7
270.476,16
270.583,0
270.69,8
270.797,5
270.904,15
271.011,0
271.117,0
271.224,12
271.331,3
271.438,5
271.545,3
271.652,15
271.759,0
271.866,21
271.972,10
272.079,0
272.186,17
272.293,0
272.4,17
272.507,19
272.614,2
272.72,0
272.827,0
272.934,3
273.041,0
273.148,0
273.255,0
273.362,0
273.468,0
273.575,0
273.682,50
273.789,35
273.896,10
274.003,0
274.11,0
274.217,2
274.323,20
274.43,0
274.537,0
274.644,0
274.751,2
274.858,13
274.965,13
275.071,0
275.178,20
275.285,5
275.392,8
275.499,17
275.606,0
275.713,0
275.819,18
275.926,15
276.033,0
276.14,0
276.247,7
276.354,17
276.461,0
276.567,0
276.674,4
276.781,10
276.888,0
276.995,0
277.102,10
277.209,24
277.315,19
277.422,14
277.529,0
277.636,12
277.743,0
277.85,0
277.957,0
278.064,0
278.17,1
278.277,0
278.384,20
278.491,0
278.598,0
278.705,0
278.812,18
278.918,47
279.025,0
279.132,0
279.239,26
279.346,27
279.453,5
279.56,0
279.666,0
279.773,26
279.88,0
279.987,1
280.094,0
280.201,13
280.308,6
280.414,17
280.521,0
280.628,5
280.735,34
280.842,0
280.949,8
281.056,0
281.162,0
281.269,1
281.376,30
281.483,20
281.59,0
281.697,6
281.804,7
281.91,3
282.017,42
282.124,10
282.231,0
282.338,6
282.445,0
282.552,21
282.658,16
282.765,0
282.872,6
282.979,0
283.086,30
283.193,0
283.3,2
283.406,2
283.513,2
283.62,0
283.727,0
283.834,40
283.941,13
284.048,0
284.154,0
284.261,0
284.368,37
284.475,29
284.582,0
284.689,9
284.796,20
284.902,14
285.009,11
285.116,0
285.223,14
285.33,34
285.437,14
285.544,4
285.65,0
285.757,0
285.864,32
285.971,22
286.078,0
286.185,7
286.292,0
286.398,10
286.505,0
286.612,12
286.719,16
286.826,0
286.933,9
287.039,3
287.146,0
287.253,13
287.36,40
287.467,0
287.574,0
287.681,0
287.787,0
287.894,0
288.001,4
288.108,0
288.215,3
288.322,0
288.429,22
288.535,25
288.642,3
288.749,0
288.856,0
288.963,8
289.07,0
289.177,0
289.283,0
289.39,0
289.497,0
289.604,0
289.711,5
289.818,5
289.924,0
290.031,52
290.138,11
290.245,3
290.352,0
290.459,18
290.566,37
290.672,59
290.779,94
290.886,54
290.993,21
291.1,35
291.207,6
291.314,17
291.42,52
291.527,30
291.634,12
291.741,48
291.848,99
291.955,42
292.062,0
292.168,4
292.275,3
292.382,0
292.489,0
292.596,6
292.703,0
292.809,8
292.916,10
293.023,0
293.13,0
293.237,0
293.344,0
293.451,22
293.557,37
293.664,0
293.771,0
293.878,12
293.985,0
294.092,10
294.198,0
294.305,10
294.412,17
294.519,14
294.626,0
294.733,25
294.84,0
294.946,0
295.053,54
295.16,35
295.267,11
295.374,6
295.481,0
295.588,0
295.694,4
295.801,0
295.908,12
296.015,0
296.122,0
296.229,0
296.335,24
296.442,0
296.549,0
296.656,23
296.763,13
296.87,5
296.977,47
297.083,74
297.19,37
297.297,0
297.404,24
297.511,0
297.618,12
297.724,0
297.831,0
297.938,0
298.045,18
298.152,14
298.259,26
298.365,0
298.472,29
298.579,3
298.686,0
298.793,27
298.9,4
299.007,17
299.113,0
299.22,0
299.327,9
299.434,10
299.541,14
299.648,6
299.754,0
299.861,0
299.968,24
300.075,20
300.182,10
300.289,0
300.396,4
300.502,0
300.609,24
300.716,17
300.823,0
300.93,0
301.037,0
301.143,21
301.25,25
301.357,2
301.464,0
301.571,20
301.678,16
301.784,21
301.891,0
301.998,30
302.105,0
302.212,15
302.319,10
302.426,0
302.532,2
302.639,4
302.746,0
302.853,6
302.96,8
303.067,0
303.173,11
303.28,0
303.387,0
303.494,0
303.601,14
303.708,18
303.814,0
303.921,3
304.028,17
304.135,14
304.242,9
304.349,0
304.456,6
304.562,4
304.669,0
304.776,0
304.883,13
304.99,8
305.097,0
305.203,0
305.31,30
305.417,7
305.524,0
305.631,0
305.738,10
305.844,50
305.951,9
306.058,0
306.165,0
306.272,22
306.379,0
306.485,16
306.592,17
306.699,9
306.806,16
306.913,33
307.02,0
307.126,0
307.233,0
307.34,1
307.447,26
307.554,0
307.661,4
307.767,29
307.874,0
307.981,13
308.088,12
308.195,12
308.302,11
308.409,40
308.515,0
308.622,2
308.729,0
308.836,0
308.943,14
309.05,0
309.156,6
309.263,34
309.37,2
309.477,38
309.584,37
309.691,54
309.797,22
309.904,3
310.011,2
310.118,3
310.225,30
310.332,16
310.438,0
310.545,13
310.652,0
310.759,15
310.866,0
310.973,0
311.079,10
311.186,0
311.293,0
311.4,22
311.507,12
311.614,16
311.72,19
311.827,0
311.934,1
312.041,0
312.148,0
312.255,0
312.361,11
312.468,0
312.575,0
312.682,2
312.789,15
312.896,10
313.002,0
313.109,0
313.216,22
313.323,25
313.43,19
313.537,0
313.643,0
313.75,0
313.857,25
313.964,0
314.071,0
314.178,0
314.284,14
314.391,20
314.498,0
314.605,20
314.712,16
314.819,0
314.925,0
315.032,0
315.139,7
315.246,0
315.353,0
315.46,0
315.566,0
315.673,0
315.78,0
315.887,20
315.994,15
316.1,5
316.207,0
316.314,0
316.421,36
316.528,27
316.635,12
316.741,0
316.848,0
316.955,7
317.062,6
317.169,0
317.276,8
317.382,8
317.489,12
317.596,0
317.703,4
317.81,15
317.917,16
318.023,26
318.13,15
318.237,12
318.344,0
318.451,26
318.558,9
318.664,8
318.771,5
318.878,24
318.985,0
319.092,2
319.199,0
319.305,0
319.412,18
319.519,18
319.626,6
319.733,6
319.839,20
319.946,56
320.053,0
320.16,0
320.267,0
320.374,0
320.48,0
320.587,9
320.694,25
320.801,0
320.908,1
321.015,4
321.121,18
321.228,11
321.335,0
321.442,0
321.549,19
321.655,0
321.762,0
321.869,0
321.976,0
322.083,16
322.19,0
322.296,0
322.403,8
322.51,0
322.617,6
322.724,22
322.831,0
322.937,11
323.044,31
323.151,12
323.258,6
323.365,0
323.472,16
323.578,20
323.685,0
323.792,0
323.899,8
324.006,11
324.112,17
324.219,11
324.326,24
324.433,1
324.54,30
324.647,0
324.753,0
324.86,0
324.967,4
325.074,0
325.181,0
325.287,0
325.394,0
325.501,0
325.608,0
325.715,13
325.822,31
325.928,0
326.035,8
326.142,0
326.249,44
326.356,68
326.463,29
326.569,0
326.676,4
326.783,0
326.89,0
326.997,0
327.103,32
327.21,25
327.317,0
327.424,0
327.531,6
327.638,4
327.744,0
327.851,76
327.958,76
328.065,45
328.172,0
328.278,0
328.385,0
328.492,20
328.599,0
328.706,4
328.813,0
328.919,5
329.026,0
329.133,0
329.24,16
329.347,1
329.453,13
329.56,0
329.667,2
329.774,0
329.881,0
329.988,0
330.094,7
330.201,0
330.308,12
330.415,0
330.522,67
330.628,67
330.735,30
330.842,17
330.949,14
331.056,5
331.162,0
331.269,19
331.376,0
331.483,0
331.59,3
331.697,0
331.803,0
331.91,0
332.017,7
332.124,0
332.231,9
332.337,10
332.444,0
332.551,17
332.658,22
332.765,2
332.872,0
332.978,8
333.085,0
333.192,29
333.299,22
333.406,26
333.512,15
333.619,28
333.726,37
333.833,6
333.94,0
334.046,45
334.153,8
334.26,0
334.367,0
334.474,28
334.581,21
334.687,0
334.794,11
334.901,0
335.008,3
335.115,0
335.221,8
335.328,25
335.435,0
335.542,0
335.649,0
335.755,0
335.862,0
335.969,10
336.076,11
336.183,0
336.29,0
336.396,12
336.503,7
336.61,19
336.717,0
336.824,0
336.93,26
337.037,0
337.144,26
337.251,18
337.358,0
337.464,4
337.571,0
337.678,0
337.785,33
337.892,36
337.998,16
338.105,0
338.212,0
338.319,2
338.426,17
338.533,29
338.639,22
338.746,18
338.853,32
338.96,56
339.067,29
339.173,11
339.28,0
339.387,8
339.494,0
339.601,8
339.707,0
339.814,8
339.921,35
340.028,7
340.135,0
340.241,0
340.348,16
340.455,3
340.562,0
340.669,12
340.775,4
340.882,5
340.989,29
341.096,16
341.203,14
341.309,8
341.416,9
341.523,0
341.63,0
341.737,4
341.844,0
341.95,6
342.057,9
342.164,6
342.271,12
342.378,9
342.484,6
342.591,83
342.698,147
342.805,89
342.912,21
343.018,0
343.125,0
343.232,0
343.339,0
343.446,5
343.552,1
343.659,0
343.766,0
343.873,33
343.98,6
344.086,0
344.193,33
344.3,0
344.407,22
344.514,0
344.62,0
344.727,3
344.834,0
344.941,4
345.048,10
345.154,19
345.261,16
345.368,3
345.475,0
345.582,28
345.688,0
345.795,0
345.902,0
346.009,0
346.116,33
346.222,42
346.329,0
346.436,0
346.543,0
346.65,15
346.756,24
346.863,0
346.97,18
347.077,30
347.184,0
347.29,13
347.397,0
347.504,4
347.611,0
347.718,0
347.824,0
347.931,0
348.038,0
348.145,0
348.252,0
348.358,0
348.465,45
348.572,28
348.679,0
348.786,0
348.892,0
348.999,9
349.106,0
349.213,19
349.32,0
349.426,5
349.533,0
349.64,0
349.747,0
349.854,0
349.96,22
350.067,30
350.174,0
350.281,9
350.388,20
350.494,23
350.601,19
350.708,0
350.815,18
350.922,5
351.028,0
351.135,0
351.242,1
351.349,0
351.456,19
351.562,1
351.669,0
351.776,13
351.883,0
351.989,28
352.096,19
352.203,6
352.31,21
352.417,13
352.523,24
352.63,28
352.737,4
352.844,0
352.951,6
353.057,19
353.164,0
353.271,0
353.378,6
353.485,0
353.591,0
353.698,5
353.805,21
353.912,6
354.019,0
354.125,13
354.232,15
354.339,18
354.446,0
354.553,18
354.659,17
354.766,0
354.873,0
354.98,0
355.086,0
355.193,6
355.3,0
355.407,0
355.514,0
355.62,2
355.727,0
355.834,3
355.941,11
356.048,0
356.154,10
356.261,16
356.368,0
356.475,6
356.582,0
356.688,4
356.795,24
356.902,0
357.009,0
357.115,18
357.222,0
357.329,0
357.436,0
357.543,0
357.649,0
357.756,4
357.863,7
357.97,11
358.077,0
358.183,0
358.29,13
358.397,6
358.504,0
358.61,0
358.717,0
358.824,8
358.931,0
359.038,0
359.144,31
359.251,46
359.358,13
359.465,0
359.572,0
359.678,36
359.785,0
359.892,0
359.999,13
360.105,0
360.212,14
360.319,27
360.426,0
360.533,16
360.639,0
360.746,0
360.853,13
360.96,19
361.067,0
361.173,0
361.28,11
361.387,0
361.494,118
361.6,173
361.707,116
361.814,26
361.921,0
362.028,8
362.134,16
362.241,0
362.348,24
362.455,0
362.562,4
362.668,0
362.775,14
362.882,0
362.989,0
363.095,0
363.202,0
363.309,6
363.416,20
363.523,3
363.629,12
363.736,0
363.843,11
363.95,0
364.056,0
364.163,0
364.27,0
364.377,0
364.484,1
364.59,8
364.697,12
364.804,0
364.911,0
365.017,0
365.124,5
365.231,0
365.338,0
365.445,13
365.551,24
365.658,0
365.765,0
365.872,28
365.979,4
366.085,0
366.192,21
366.299,34
366.406,1
366.512,0
366.619,17
366.726,48
366.833,0
366.94,0
367.046,1
367.153,0
367.26,18
367.367,0
367.473,4
367.58,0
367.687,0
367.794,0
367.9,19
368.007,31
368.114,0
368.221,0
368.328,17
368.434,21
368.541,0
368.648,4
368.755,0
368.861,0
368.968,0
369.075,7
369.182,0
369.289,0
369.395,5
369.502,0
369.609,0
369.716,0
369.822,43
369.929,55
370.036,0
370.143,0
370.25,1
370.356,0
370.463,0
370.57,10
370.677,5
370.783,0
370.89,5
370.997,0
371.104,18
371.211,13
371.317,30
371.424,25
371.531,0
371.638,0
371.744,4
371.851,0
371.958,18
372.065,0
372.171,6
372.278,2
372.385,7
372.492,18
372.599,0
372.705,0
372.812,26
372.919,8
373.026,0
373.132,9
373.239,18
373.346,10
373.453,0
373.559,0
373.666,26
373.773,6
373.88,0
373.987,12
374.093,37
374.2,0
374.307,6
374.414,5
374.52,0
374.627,11
374.734,2
374.841,11
374.947,4
375.054,29
375.161,8
375.268,3
375.375,4
375.481,0
375.588,0
375.695,3
375.802,0
375.908,10
376.015,0
376.122,0
376.229,26
376.335,32
376.442,11
376.549,0
376.656,0
376.763,40
376.869,0
376.976,0
377.083,0
377.19,0
377.296,1
377.403,0
377.51,0
377.617,14
377.723,0
377.83,0
377.937,4
378.044,14
378.15,0
378.257,0
378.364,0
378.471,14
378.578,2
378.684,0
378.791,0
378.898,0
379.005,0
379.111,11
379.218,0
379.325,9
379.432,18
379.538,4
379.645,12
379.752,16
379.859,8
379.965,27
380.072,5
380.179,26
380.286,0
380.392,0
380.499,24
380.606,0
380.713,0
380.82,8
380.926,3
381.033,0
381.14,0
381.247,11
381.353,0
381.46,0
381.567,9
381.674,26
381.78,34
381.887,0
381.994,0
382.101,0
382.207,0
382.314,0
382.421,0
382.528,14
382.634,19
382.741,4
382.848,0
382.955,0
383.061,5
383.168,14
383.275,6
383.382,10
383.488,0
383.595,0
383.702,13
383.809,20
383.916,0
384.022,0
384.129,0
384.236,0
384.343,0
384.449,0
384.556,19
384.663,6
384.77,5
384.876,13
384.983,0
385.09,0
385.197,20
385.303,0
385.41,0
385.517,0
385.624,0
385.73,0
385.837,20
385.944,15
386.051,0
386.157,0
386.264,13
386.371,0
386.478,0
386.584,0
386.691,0
386.798,0
386.905,0
387.011,0
387.118,0
387.225,20
387.332,24
387.438,0
387.545,30
387.652,103
387.759,60
387.865,28
387.972,11
388.079,0
388.186,5
388.292,2
388.399,20
388.506,0
388.613,0
388.719,0
388.826,2
388.933,10
389.04,11
389.146,0
389.253,0
389.36,26
389.467,36
389.573,0
389.68,0
389.787,0
389.894,0
390,0
390.107,13
390.214,0
390.321,16
390.427,0
390.534,19
390.641,4
390.748,12
390.854,11
390.961,0
391.068,4
391.175,33
391.281,11
391.388,0
391.495,0
391.602,4
391.708,0
391.815,0
391.922,17
392.029,15
392.135,0
392.242,0
392.349,0
392.456,18
392.562,2
392.669,0
392.776,0
392.883,11
392.989,0
393.096,0
393.203,0
393.31,6
393.416,2
393.523,6
393.63,0
393.737,16
393.843,28
393.95,9
394.057,0
394.164,0
394.27,0
394.377,0
394.484,11
394.591,12
394.697,9
394.804,0
394.911,3
395.018,0
395.124,0
395.231,26
395.338,0
395.445,5
395.551,0
395.658,0
395.765,21
395.871,0
395.978,11
396.085,14
396.192,0
396.298,22
396.405,40
396.512,12
396.619,4
396.725,21
396.832,0
396.939,0
397.046,0
397.152,0
397.259,0
397.366,0
397.473,19
397.579,6
397.686,2
397.793,24
397.9,3
398.006,31
398.113,0
398.22,0
398.327,0
398.433,3
398.54,0
398.647,8
398.753,6
398.86,0
398.967,0
399.074,0
399.18,0
399.287,8
399.394,0
399.501,14
399.607,0
399.714,8
399.821,0
399.928,0
400.034,7
400.141,14
400.248,0
400.355,12
400.461,2
400.568,0
400.675,0
400.781,0
400.888,28
400.995,0
401.102,2
401.208,14
401.315,33
401.422,14
401.529,23
401.635,0
401.742,0
401.849,33
401.956,50
402.062,0
402.169,0
402.276,16
402.382,5
402.489,24
402.596,0
402.703,10
402.809,0
402.916,0
403.023,0
403.13,21
403.236,0
403.343,0
403.45,0
403.557,15
403.663,14
403.77,3
403.877,13
403.983,0
404.09,30
404.197,5
404.304,1
404.41,0
404.517,10
404.624,0
404.731,0
404.837,0
404.944,25
405.051,0
405.158,10
405.264,8
405.371,6
405.478,8
405.584,27
405.691,17
405.798,0
405.905,2
406.011,0
406.118,0
406.225,0
406.332,34
406.438,89
406.545,18
406.652,23
406.758,51
406.865,43
406.972,20
407.079,14
407.185,0
407.292,10
407.399,20
407.506,6
407.612,0
407.719,0
407.826,14
407.932,21
408.039,0
408.146,0
408.253,0
408.359,0
408.466,20
408.573,11
408.68,0
408.786,25
408.893,27
409,0
409.106,0
409.213,17
409.32,20
409.427,14
409.533,0
409.64,8
409.747,2
409.853,13
409.96,0
410.067,29
410.174,0
410.28,0
410.387,0
410.494,6
410.601,12
410.707,0
410.814,11
410.921,2
411.027,44
411.134,21
411.241,4
411.348,0
411.454,0
411.561,89
411.668,133
411.774,29
411.881,16
411.988,0
412.095,13
412.201,0
412.308,4
412.415,0
412.522,0
412.628,32
412.735,4
412.842,0
412.948,0
413.055,0
413.162,0
413.269,6
413.375,0
413.482,17
413.589,2
413.695,13
413.802,45
413.909,100
414.016,54
414.122,14
414.229,0
414.336,0
414.442,0
414.549,8
414.656,0
414.763,31
414.869,18
414.976,7
415.083,33
415.189,60
415.296,34
415.403,5
415.51,26
415.616,109
415.723,64
415.83,100
415.936,76
416.043,33
416.15,14
416.257,0
416.363,0
416.47,0
416.577,0
416.683,0
416.79,17
416.897,15
417.004,6
417.11,0
417.217,0
417.324,0
417.43,0
417.537,15
417.644,0
417.751,6
417.857,21
417.964,0
418.071,0
418.177,0
418.284,6
418.391,25
418.498,69
418.604,158
418.711,124
418.818,64
418.924,0
419.031,0
419.138,15
419.245,69
419.351,55
419.458,22
419.565,0
419.671,6
419.778,5
419.885,0
419.992,0
420.098,0
420.205,19
420.312,0
420.418,2
420.525,42
420.632,13
420.738,28
420.845,8
420.952,11
421.059,0
421.165,5
421.272,0
421.379,2
421.485,21
421.592,32
421.699,8
421.806,33
421.912,56
422.019,8
422.126,24
422.232,38
422.339,84
422.446,79
422.552,29
422.659,7
422.766,0
422.873,0
422.979,140
423.086,101
423.193,45
423.299,13
423.406,0
423.513,14
423.62,14
423.726,5
423.833,0
423.94,16
424.046,2
424.153,0
424.26,0
424.366,0
424.473,4
424.58,0
424.687,0
424.793,12
424.9,11
425.007,0
425.113,0
425.22,0
425.327,0
425.433,7
425.54,0
425.647,0
425.754,8
425.86,0
425.967,8
426.074,0
426.18,0
426.287,0
426.394,0
426.5,0
426.607,0
426.714,0
426.821,18
426.927,1
427.034,0
427.141,0
427.247,0
427.354,0
427.461,0
427.567,0
427.674,0
427.781,0
427.888,0
427.994,0
428.101,0
428.208,3
428.314,0
428.421,0
428.528,0
428.634,0
428.741,0
428.848,17
428.955,2
429.061,0
429.168,8
429.275,33
429.381,0
429.488,24
429.595,0
429.701,16
429.808,0
429.915,0
430.021,4
430.128,18
430.235,0
430.342,0
430.448,0
430.555,0
430.662,0
430.768,0
430.875,0
430.982,0
431.088,22
431.195,9
431.302,11
431.409,0
431.515,2
431.622,5
431.729,0
431.835,19
431.942,24
432.049,14
432.155,0
432.262,0
432.369,0
432.475,0
432.582,0
432.689,0
432.796,15
432.902,0
433.009,9
433.116,4
433.222,23
433.329,72
433.436,35
433.542,8
433.649,5
433.756,0
433.862,28
433.969,34
434.076,0
434.182,0
434.289,0
434.396,0
434.503,0
434.609,8
434.716,0
434.823,15
434.929,0
435.036,34
435.143,0
435.249,13
435.356,0
435.463,0
435.569,0
435.676,0
435.783,0
435.889,0
435.996,7
436.103,11
436.21,0
436.316,8
436.423,22
436.53,17
436.636,11
436.743,0
436.85,19
436.956,0
437.063,45
437.17,80
437.276,76
437.383,36
437.49,18
437.596,0
437.703,0
437.81,26
437.916,0
438.023,0
438.13,13
438.237,6
438.343,0
438.45,25
438.557,0
438.663,17
438.77,0
438.877,94
438.983,122
439.09,37
439.197,21
439.303,18
439.41,48
439.517,31
439.623,52
439.73,11
439.837,6
439.943,55
440.05,14
440.157,5
440.263,25
440.37,11
440.477,0
440.583,0
440.69,29
440.797,12
440.904,4
441.01,25
441.117,16
441.224,0
441.33,0
441.437,8
441.544,10
441.65,0
441.757,16
441.864,36
441.97,0
442.077,0
442.184,0
442.29,21
442.397,0
442.504,0
442.61,0
442.717,0
442.824,0
442.93,0
443.037,5
443.144,18
443.25,0
443.357,3
443.464,3
443.57,0
443.677,0
443.784,0
443.89,0
443.997,0
444.104,0
444.21,16
444.317,0
444.424,0
444.53,36
444.637,3
444.744,23
444.851,5
444.957,0
445.064,4
445.171,0
445.277,0
445.384,6
445.491,10
445.597,21
445.704,0
445.811,0
445.917,15
446.024,6
446.131,5
446.237,13
446.344,34
446.451,15
446.557,25
446.664,0
446.771,25
446.877,3
446.984,0
447.091,0
447.197,0
447.304,1
447.411,0
447.517,0
447.624,21
447.731,45
447.837,0
447.944,24
448.051,1
448.157,0
448.264,14
448.371,0
448.477,0
448.584,12
448.691,0
448.797,0
448.904,0
449.011,28
449.117,0
449.224,0
449.331,4
449.437,0
449.544,11
449.651,3
449.757,31
449.864,8
449.971,36
450.077,0
450.184,7
450.291,16
450.397,0
450.504,0
450.611,12
450.717,23
450.824,5
450.931,0
451.037,2
451.144,14
451.251,22
451.357,0
451.464,5
451.571,3
451.677,9
451.784,0
451.891,0
451.997,0
452.104,21
452.21,0
452.317,26
452.424,6
452.53,11
452.637,4
452.744,33
452.85,32
452.957,0
453.064,21
453.17,0
453.277,0
453.384,0
453.49,7
453.597,17
453.704,0
453.81,0
453.917,0
454.024,0
454.13,0
454.237,15
454.344,5
454.45,20
454.557,0
454.664,0
454.77,15
454.877,0
454.984,0
455.09,0
455.197,23
455.304,49
455.41,0
455.517,0
455.624,0
455.73,1
455.837,0
455.944,0
456.05,32
456.157,0
456.263,14
456.37,0
456.477,0
456.583,3
456.69,19
456.797,0
456.903,0
457.01,0
457.117,25
457.223,6
457.33,0
457.437,16
457.543,4
457.65,5
457.757,10
457.863,17
457.97,26
458.077,7
458.183,13
458.29,16
458.397,60
458.503,2
458.61,0
458.716,2
458.823,4
458.93,4
459.036,21
459.143,10
459.25,14
459.356,0
459.463,34
459.57,45
459.676,43
459.783,0
459.89,0
459.996,0
460.103,19
460.21,5
460.316,0
460.423,10
460.53,0
460.636,24
460.743,5
460.849,2
460.956,0
461.063,0
461.169,18
461.276,0
461.383,0
461.489,0
461.596,0
461.703,8
461.809,0
461.916,0
462.023,0
462.129,16
462.236,14
462.342,13
462.449,9
462.556,0
462.662,5
462.769,17
462.876,0
462.982,1
463.089,1
463.196,0
463.302,0
463.409,4
463.516,5
463.622,0
463.729,0
463.835,0
463.942,0
464.049,0
464.155,0
464.262,34
464.369,0
464.475,8
464.582,9
464.689,0
464.795,25
464.902,38
465.009,0
465.115,0
465.222,24
465.328,1
465.435,0
465.542,19
465.648,0
465.755,0
465.862,63
465.968,8
466.075,0
466.182,0
466.288,0
466.395,0
466.501,5
466.608,0
466.715,0
466.821,13
466.928,31
467.035,5
467.141,0
467.248,7
467.355,12
467.461,0
467.568,0
467.674,37
467.781,19
467.888,0
467.994,0
468.101,41
468.208,0
468.314,11
468.421,24
468.528,0
468.634,16
468.741,6
468.847,6
468.954,0
469.061,0
469.167,34
469.274,0
469.381,0
469.487,15
469.594,2
469.701,0
469.807,0
469.914,1
470.02,8
470.127,0
470.234,0
470.34,25
470.447,20
470.554,0
470.66,0
470.767,16
470.873,11
470.98,0
471.087,84
471.193,109
471.3,72
471.407,9
471.513,0
471.62,1
471.727,0
471.833,0
471.94,24
472.046,0
472.153,23
472.26,48
472.366,0
472.473,17
472.58,45
472.686,10
472.793,0
472.899,0
473.006,0
473.113,11
473.219,27
473.326,0
473.433,0
473.539,0
473.646,13
473.752,29
473.859,24
473.966,0
474.072,8
474.179,8
474.286,21
474.392,24
474.499,121
474.605,69
474.712,20
474.819,0
474.925,0
475.032,0
475.139,49
475.245,85
475.352,53
475.458,6
475.565,20
475.672,16
475.778,0
475.885,2
475.992,0
476.098,54
476.205,0
476.311,0
476.418,0
476.525,0
476.631,19
476.738,11
476.844,16
476.951,0
477.058,0
477.164,0
477.271,17
477.378,26
477.484,0
477.591,16
477.697,0
477.804,0
477.911,0
478.017,0
478.124,11
478.231,54
478.337,45
478.444,0
478.55,0
478.657,16
478.764,2
478.87,2
478.977,0
479.083,2
479.19,16
479.297,0
479.403,0
479.51,0
479.617,0
479.723,0
479.83,0
479.936,12
480.043,24
480.15,9
480.256,19
480.363,6
480.469,18
480.576,1
480.683,23
480.789,32
480.896,6
481.003,0
481.109,0
481.216,13
481.322,0
481.429,0
481.536,6
481.642,0
481.749,38
481.855,42
481.962,7
482.069,0
482.175,0
482.282,0
482.388,38
482.495,35
482.602,0
482.708,0
482.815,0
482.922,17
483.028,6
483.135,0
483.241,0
483.348,9
483.455,3
483.561,8
483.668,6
483.774,0
483.881,1
483.988,8
484.094,0
484.201,0
484.307,8
484.414,0
484.521,4
484.627,0
484.734,0
484.84,0
484.947,11
485.054,19
485.16,0
485.267,8
485.373,19
485.48,16
485.587,0
485.693,0
485.8,0
485.907,0
486.013,4
486.12,0
486.226,9
486.333,0
486.44,35
486.546,17
486.653,1
486.759,0
486.866,10
486.973,0
487.079,0
487.186,70
487.292,66
487.399,42
487.506,0
487.612,1
487.719,0
487.825,0
487.932,0
488.039,7
488.145,29
488.252,28
488.358,0
488.465,9
488.572,12
488.678,6
488.785,0
488.891,27
488.998,9
489.105,0
489.211,4
489.318,18
489.424,21
489.531,0
489.638,0
489.744,0
489.851,0
489.957,0
490.064,22
490.171,8
490.277,0
490.384,14
490.49,7
490.597,0
490.704,0
490.81,2
490.917,14
491.023,0
491.13,0
491.237,41
491.343,0
491.45,0
491.556,25
491.663,7
491.769,0
491.876,15
491.983,16
492.089,10
492.196,0
492.302,6
492.409,2
492.516,0
492.622,0
492.729,10
492.835,0
492.942,0
493.049,8
493.155,0
493.262,0
493.368,0
493.475,25
493.582,0
493.688,7
493.795,3
493.901,0
494.008,5
494.114,3
494.221,0
494.328,3
494.434,0
494.541,0
494.647,0
494.754,0
494.861,4
494.967,0
495.074,0
495.18,8
495.287,15
495.394,25
495.5,0
495.607,16
495.713,9
495.82,0
495.926,0
496.033,9
496.14,0
496.246,0
496.353,0
496.459,16
496.566,0
496.673,9
496.779,29
496.886,3
496.992,0
497.099,23
497.206,0
497.312,2
497.419,0
497.525,0
497.632,0
497.738,0
497.845,34
497.952,4
498.058,28
498.165,4
498.271,0
498.378,4
498.485,30
498.591,0
498.698,0
498.804,11
498.911,0
499.017,0
499.124,0
499.231,1
499.337,28
499.444,0
499.55,7
499.657,22
499.763,12
499.87,41
499.977,5
500.083,15
500.19,5
500.296,0
500.403,34
500.51,18
500.616,0
500.723,0
500.829,0
500.936,11
501.042,0
501.149,0
501.256,0
501.362,8
501.469,6
501.575,0
501.682,16
501.788,7
501.895,0
502.002,13
502.108,9
502.215,13
502.321,15
502.428,13
502.534,1
502.641,15
502.748,2
502.854,4
502.961,10
503.067,0
503.174,7
503.281,25
503.387,21
503.494,0
503.6,0
503.707,0
503.813,0
503.92,13
504.027,7
504.133,0
504.24,7
504.346,19
504.453,20
504.559,0
504.666,9
504.773,0
504.879,19
504.986,56
505.092,40
505.199,0
505.305,2
505.412,14
505.518,0
505.625,24
505.732,19
505.838,0
505.945,8
506.051,14
506.158,0
506.264,30
506.371,39
506.478,9
506.584,0
506.691,24
506.797,8
506.904,0
507.01,0
507.117,0
507.224,2
507.33,0
507.437,1
507.543,3
507.65,0
507.756,27
507.863,19
507.97,19
508.076,31
508.183,26
508.289,64
508.396,31
508.502,39
508.609,11
508.715,0
508.822,0
508.929,0
509.035,3
509.142,0
509.248,0
509.355,12
509.461,0
509.568,0
509.675,34
509.781,25
509.888,7
509.994,0
510.101,9
510.207,0
510.314,3
510.42,4
510.527,0
510.634,18
510.74,23
510.847,3
510.953,0
511.06,19
511.166,0
511.273,0
511.379,20
511.486,5
511.593,0
511.699,0
511.806,15
511.912,14
512.019,0
512.125,0
512.232,20
512.339,0
512.445,0
512.552,21
512.658,14
512.765,0
512.871,13
512.978,6
513.084,12
513.191,24
513.298,0
513.404,16
513.511,22
513.617,0
513.724,0
513.83,0
513.937,0
514.043,5
514.15,0
514.256,6
514.363,26
514.47,18
514.576,44
514.683,25
514.789,14
514.896,0
515.002,0
515.109,0
515.215,0
515.322,22
515.429,20
515.535,29
515.642,0
515.748,22
515.855,0
515.961,0
516.068,38
516.174,2
516.281,0
516.388,0
516.494,0
516.601,7
516.707,0
516.814,9
516.92,0
517.027,0
517.133,22
517.24,0
517.346,0
517.453,0
517.56,2
517.666,37
517.773,16
517.879,0
517.986,0
518.092,0
518.199,39
518.305,25
518.412,24
518.518,0
518.625,3
518.732,0
518.838,0
518.945,0
519.051,0
519.158,22
519.264,13
519.371,5
519.477,0
519.584,0
519.69,0
519.797,0
519.903,11
520.01,0
520.117,0
520.223,17
520.33,28
520.436,18
520.543,0
520.649,0
520.756,26
520.862,12
520.969,0
521.075,0
521.182,45
521.289,8
521.395,0
521.502,0
521.608,0
521.715,0
521.821,21
521.928,3
522.034,0
522.141,0
522.247,22
522.354,16
522.46,15
522.567,0
522.674,18
522.78,23
522.887,0
522.993,0
523.1,0
523.206,0
523.313,4
523.419,0
523.526,0
523.632,25
523.739,0
523.845,0
523.952,0
524.058,13
524.165,21
524.272,0
524.378,9
524.485,15
524.591,4
524.698,0
524.804,0
524.911,9
525.017,0
525.124,9
525.23,0
525.337,15
525.443,15
525.55,42
525.656,2
525.763,0
525.87,4
525.976,31
526.083,6
526.189,14
526.296,0
526.402,12
526.509,0
526.615,0
526.722,0
526.828,21
526.935,0
527.041,17
527.148,0
527.254,2
527.361,8
527.467,26
527.574,180
527.68,138
527.787,41
527.894,15
528,28
528.107,0
528.213,0
528.32,0
528.426,18
528.533,0
528.639,22
528.746,21
528.852,0
528.959,7
529.065,10
529.172,1
529.278,0
529.385,4
529.491,16
529.598,0
529.704,0
529.811,50
529.918,37
530.024,0
530.131,0
530.237,22
530.344,10
530.45,21
530.557,5
530.663,28
530.77,14
530.876,0
530.983,0
531.089,19
531.196,0
531.302,0
531.409,10
531.515,7
531.622,0
531.728,0
531.835,20
531.941,30
532.048,2
532.154,0
532.261,0
532.367,0
532.474,0
532.581,21
532.687,0
532.794,0
532.9,5
533.007,0
533.113,17
533.22,0
533.326,5
533.433,32
533.539,43
533.646,29
533.752,0
533.859,0
533.965,16
534.072,18
534.178,0
534.285,0
534.391,0
534.498,0
534.604,4
534.711,0
534.817,0
534.924,0
535.03,3
535.137,11
535.243,42
535.35,0
535.456,17
535.563,0
535.669,4
535.776,46
535.882,0
535.989,12
536.095,0
536.202,0
536.308,22
536.415,0
536.521,0
536.628,9
536.735,18
536.841,8
536.948,29
537.054,0
537.161,0
537.267,5
537.374,6
537.48,0
537.587,0
537.693,3
537.8,38
537.906,12
538.013,0
538.119,7
538.226,3
538.332,0
538.439,0
538.545,0
538.652,16
538.758,15
538.865,0
538.971,11
539.078,26
539.184,1
539.291,4
539.397,9
539.504,7
539.61,0
539.717,5
539.823,0
539.93,3
540.036,20
540.143,26
540.249,13
540.356,0
540.462,46
540.569,34
540.675,9
540.782,0
540.888,0
540.995,2
541.101,0
541.208,0
541.314,21
541.421,0
541.527,0
541.634,1
541.74,22
541.847,18
541.953,0
542.06,8
542.166,0
542.273,2
542.379,16
542.486,31
542.592,0
542.699,0
542.805,15
542.912,0
543.018,0
543.125,10
543.231,8
543.338,4
543.444,0
543.551,14
543.657,0
543.764,2
543.87,11
543.977,0
544.083,0
544.19,2
544.296,0
544.403,13
544.509,0
544.616,0
544.722,16
544.829,5
544.935,33
545.042,8
545.148,17
545.255,11
545.361,7
545.467,15
545.574,0
545.68,29
545.787,24
545.893,0
546,5
546.106,15
546.213,8
546.319,24
546.426,33
546.532,47
546.639,15
546.745,0
546.852,0
546.958,8
547.065,5
547.171,9
547.278,0
547.384,0
547.491,22
547.597,0
547.704,0
547.81,24
547.917,0
548.023,0
548.13,0
548.236,0
548.343,50
548.449,25
548.556,24
548.662,6
548.769,0
548.875,5
548.982,0
549.088,0
549.195,0
549.301,5
549.408,5
549.514,24
549.62,6
549.727,0
549.833,11
549.94,0
550.046,3
550.153,10
550.259,4
550.366,6
550.472,0
550.579,0
550.685,5
550.792,23
550.898,0
551.005,0
551.111,43
551.218,28
551.324,12
551.431,0
551.537,0
551.644,10
551.75,2
551.857,30
551.963,10
552.07,8
552.176,15
552.282,0
552.389,1
552.495,6
552.602,0
552.708,5
552.815,3
552.921,0
553.028,0
553.134,0
553.241,0
553.347,0
553.454,4
553.56,0
553.667,37
553.773,0
553.88,5
553.986,3
554.093,4
554.199,6
554.305,0
554.412,11
554.518,0
554.625,0
554.731,8
554.838,0
554.944,0
555.051,0
555.157,1
555.264,18
555.37,8
555.477,0
555.583,63
555.69,61
555.796,0
555.903,15
556.009,0
556.115,0
556.222,30
556.328,6
556.435,55
556.541,137
556.648,96
556.754,12
556.861,0
556.967,0
557.074,8
557.18,0
557.287,0
557.393,0
557.5,0
557.606,24
557.713,0
557.819,0
557.925,17
558.032,1
558.138,0
558.245,18
558.351,0
558.458,31
558.564,0
558.671,0
558.777,22
558.884,0
558.99,4
559.097,0
559.203,1
559.309,8
559.416,20
559.522,8
559.629,9
559.735,12
559.842,23
559.948,10
560.055,0
560.161,11
560.268,0
560.374,0
560.481,0
560.587,0
560.693,37
560.8,36
560.906,38
561.013,0
561.119,10
561.226,0
561.332,8
561.439,24
561.545,0
561.652,0
561.758,2
561.864,30
561.971,3
562.077,0
562.184,8
562.29,25
562.397,0
562.503,0
562.61,15
562.716,12
562.823,15
562.929,4
563.035,0
563.142,7
563.248,0
563.355,23
563.461,0
563.568,9
563.674,21
563.781,0
563.887,0
563.994,0
564.1,23
564.206,12
564.313,0
564.419,0
564.526,7
564.632,0
564.739,6
564.845,5
564.952,11
565.058,0
565.165,22
565.271,18
565.377,0
565.484,0
565.59,6
565.697,7
565.803,0
565.91,22
566.016,0
566.123,0
566.229,15
566.335,0
566.442,10
566.548,1
566.655,3
566.761,11
566.868,31
566.974,74
567.081,20
567.187,0
567.293,0
567.4,19
567.506,24
567.613,0
567.719,0
567.826,8
567.932,18
568.039,3
568.145,0
568.251,0
568.358,0
568.464,0
568.571,4
568.677,0
568.784,0
568.89,4
568.997,6
569.103,0
569.209,0
569.316,8
569.422,18
569.529,14
569.635,0
569.742,0
569.848,13
569.955,25
570.061,5
570.167,0
570.274,0
570.38,0
570.487,0
570.593,7
570.7,0
570.806,0
570.912,0
571.019,16
571.125,24
571.232,0
571.338,0
571.445,0
571.551,0
571.658,0
571.764,7
571.87,0
571.977,10
572.083,9
572.19,0
572.296,0
572.403,15
572.509,23
572.615,0
572.722,10
572.828,4
572.935,0
573.041,0
573.148,0
573.254,0
573.36,23
573.467,0
573.573,0
573.68,1
573.786,5
573.893,0
573.999,10
574.105,29
574.212,0
574.318,0
574.425,0
574.531,17
574.638,0
574.744,0
574.85,0
574.957,0
575.063,0
575.17,0
575.276,26
575.383,0
575.489,5
575.595,0
575.702,6
575.808,22
575.915,0
576.021,0
576.128,0
576.234,0
576.34,29
576.447,15
576.553,31
576.66,49
576.766,42
576.873,0
576.979,0
577.085,18
577.192,10
577.298,0
577.405,6
577.511,16
577.618,4
577.724,19
577.83,0
577.937,10
578.043,20
578.15,0
578.256,7
578.363,0
578.469,0
578.575,26
578.682,0
578.788,0
578.895,0
579.001,0
579.107,21
579.214,10
579.32,1
579.427,6
579.533,18
579.64,0
579.746,0
579.852,27
579.959,0
580.065,0
580.172,0
580.278,23
580.384,0
580.491,31
580.597,0
580.704,2
580.81,15
580.917,8
581.023,0
581.129,10
581.236,5
581.342,0
581.449,22
581.555,14
581.661,0
581.768,0
581.874,16
581.981,0
582.087,0
582.193,0
582.3,0
582.406,27
582.513,4
582.619,2
582.726,0
582.832,0
582.938,0
583.045,24
583.151,32
583.258,0
583.364,0
583.47,0
583.577,21
583.683,2
583.79,0
583.896,0
584.002,0
584.109,0
584.215,0
584.322,0
584.428,7
584.535,4
584.641,17
584.747,0
584.854,15
584.96,4
585.067,0
585.173,2
585.279,15
585.386,0
585.492,16
585.599,0
585.705,24
585.811,3
585.918,0
586.024,1
586.131,0
586.237,18
586.343,14
586.45,0
586.556,8
586.663,15
586.769,9
586.875,0
586.982,19
587.088,11
587.195,0
587.301,6
587.407,14
587.514,0
587.62,19
587.727,14
587.833,0
587.939,13
588.046,0
588.152,0
588.259,32
588.365,11
588.471,0
588.578,0
588.684,12
588.791,11
588.897,0
589.003,1
589.11,0
589.216,0
589.323,7
589.429,0
589.535,0
589.642,14
589.748,8
589.855,0
589.961,0
590.067,0
590.174,0
590.28,26
590.387,11
590.493,24
590.599,0
590.706,11
590.812,0
590.918,0
591.025,0
591.131,0
591.238,3
591.344,0
591.45,0
591.557,5
591.663,0
591.77,0
591.876,10
591.982,0
592.089,0
592.195,24
592.302,30
592.408,0
592.514,0
592.621,0
592.727,0
592.834,2
592.94,2
593.046,4
593.153,14
593.259,0
593.365,11
593.472,0
593.578,0
593.685,45
593.791,48
593.897,0
594.004,17
594.11,9
594.217,0
594.323,23
594.429,12
594.536,0
594.642,23
594.748,14
594.855,15
594.961,0
595.068,0
595.174,14
595.28,24
595.387,0
595.493,14
595.6,0
595.706,5
595.812,22
595.919,0
596.025,0
596.131,0
596.238,0
596.344,34
596.451,30
596.557,14
596.663,0
596.77,22
596.876,22
596.982,0
597.089,0
597.195,2
597.302,0
597.408,40
597.514,0
597.621,1
597.727,4
597.833,22
597.94,0
598.046,0
598.153,7
598.259,57
598.365,53
598.472,11
598.578,0
598.685,0
598.791,11
598.897,0
599.004,11
599.11,19
599.216,0
599.323,0
599.429,2
599.535,30
599.642,7
599.748,0
599.855,28
599.961,26
600.067,0
600.174,0
600.28,0
600.386,20
600.493,22
600.599,0
600.706,2
600.812,0
600.918,0
601.025,14
601.131,0
601.237,0
601.344,0
601.45,20
601.557,14
601.663,0
601.769,0
601.876,3
601.982,34
602.088,3
602.195,8
602.301,0
602.407,17
602.514,0
602.62,8
602.727,7
602.833,0
602.939,0
603.046,0
603.152,0
603.258,0
603.365,5
603.471,24
603.577,10
603.684,12
603.79,0
603.897,9
604.003,47
604.109,0
604.216,0
604.322,23
604.428,17
604.535,1
604.641,0
604.747,0
604.854,0
604.96,15
605.067,0
605.173,1
605.279,0
605.386,31
605.492,29
605.598,0
605.705,0
605.811,21
605.917,8
606.024,0
606.13,0
606.236,5
606.343,13
606.449,7
606.556,0
606.662,3
606.768,11
606.875,15
606.981,5
607.087,5
607.194,26
607.3,18
607.406,0
607.513,0
607.619,2
607.725,0
607.832,7
607.938,0
608.045,0
608.151,101
608.257,89
608.364,13
608.47,0
608.576,1
608.683,13
608.789,10
608.895,3
609.002,0
609.108,6
609.214,0
609.321,0
609.427,0
609.533,4
609.64,0
609.746,2
609.852,6
609.959,11
610.065,7
610.172,0
610.278,4
610.384,0
610.491,0
610.597,8
610.703,0
610.81,0
610.916,0
611.022,0
611.129,0
611.235,24
611.341,6
611.448,9
611.554,0
611.66,11
611.767,22
611.873,4
611.979,13
612.086,12
612.192,0
612.298,23
612.405,3
612.511,0
612.617,16
612.724,9
612.83,0
612.936,0
613.043,0
613.149,7
613.255,0
613.362,6
613.468,27
613.575,0
613.681,0
613.787,28
613.894,0
614,21
614.106,13
614.213,0
614.319,0
614.425,0
614.532,3
614.638,0
614.744,0
614.851,0
614.957,32
615.063,9
615.17,25
615.276,0
615.382,0
615.489,4
615.595,0
615.701,0
615.808,25
615.914,0
616.02,12
616.127,0
616.233,4
616.339,0
616.446,30
616.552,0
616.658,0
616.765,25
616.871,5
616.977,15
617.084,25
617.19,9
617.296,12
617.403,0
617.509,0
617.615,0
617.722,10
617.828,17
617.934,0
618.041,6
618.147,0
618.253,2
618.36,8
618.466,3
618.572,0
618.679,0
618.785,21
618.891,0
618.998,0
619.104,0
619.21,7
619.316,16
619.423,2
619.529,73
619.635,78
619.742,30
619.848,16
619.954,0
620.061,20
620.167,0
620.273,0
620.38,17
620.486,0
620.592,3
620.699,0
620.805,6
620.911,5
621.018,0
621.124,4
621.23,4
621.337,0
621.443,0
621.549,22
621.656,0
621.762,6
621.868,0
621.975,12
622.081,18
622.187,18
622.294,0
622.4,0
622.506,0
622.612,1
622.719,5
622.825,14
622.931,0
623.038,0
623.144,11
623.25,33
623.357,0
623.463,5
623.569,0
623.676,0
623.782,0
623.888,0
623.995,0
624.101,0
624.207,0
624.314,6
624.42,19
624.526,18
624.632,0
624.739,0
624.845,1
624.951,3
625.058,19
625.164,0
625.27,0
625.377,0
625.483,0
625.589,19
625.696,33
625.802,0
625.908,13
626.015,0
626.121,7
626.227,21
626.333,0
626.44,0
626.546,0
626.652,0
626.759,0
626.865,0
626.971,0
627.078,0
627.184,0
627.29,3
627.397,0
627.503,0
627.609,0
627.715,21
627.822,0
627.928,0
628.034,0
628.141,0
628.247,0
628.353,0
628.46,0
628.566,4
628.672,0
628.778,5
628.885,0
628.991,0
629.097,0
629.204,0
629.31,0
629.416,0
629.523,7
629.629,20
629.735,14
629.841,28
629.948,126
630.054,98
630.16,22
630.267,12
630.373,0
630.479,0
630.586,22
630.692,0
630.798,0
630.904,8
631.011,17
631.117,5
631.223,0
631.33,20
631.436,0
631.542,11
631.649,0
631.755,0
631.861,0
631.967,0
632.074,0
632.18,0
632.286,0
632.393,0
632.499,16
632.605,16
632.711,0
632.818,0
632.924,17
633.03,18
633.137,1
633.243,20
633.349,3
633.456,8
633.562,0
633.668,0
633.774,23
633.881,12
633.987,0
634.093,0
634.2,32
634.306,0
634.412,0
634.518,0
634.625,2
634.731,5
634.837,0
634.944,45
635.05,49
635.156,33
635.262,6
635.369,10
635.475,0
635.581,0
635.688,15
635.794,30
635.9,0
636.006,0
636.113,5
636.219,25
636.325,44
636.432,0
636.538,0
636.644,19
636.75,7
636.857,3
636.963,8
637.069,24
637.176,3
637.282,12
637.388,8
637.494,0
637.601,2
637.707,28
637.813,0
637.92,0
638.026,0
638.132,0
638.238,0
638.345,0
638.451,16
638.557,0
638.663,0
638.77,13
638.876,13
638.982,9
639.089,0
639.195,0
639.301,0
639.407,0
639.514,1
639.62,13
639.726,0
639.833,18
639.939,0
640.045,3
640.151,0
640.258,0
640.364,1
640.47,0
640.576,1
640.683,0
640.789,0
640.895,0
641.002,9
641.108,0
641.214,0
641.32,0
641.427,0
641.533,21
641.639,0
641.745,0
641.852,24
641.958,10
642.064,26
642.171,32
642.277,7
642.383,9
642.489,0
642.596,20
642.702,7
642.808,19
642.914,0
643.021,0
643.127,4
643.233,0
643.339,0
643.446,0
643.552,13
643.658,5
643.765,20
643.871,15
643.977,0
644.083,6
644.19,4
644.296,41
644.402,83
644.508,64
644.615,24
644.721,0
644.827,0
644.933,0
645.04,8
645.146,0
645.252,6
645.358,0
645.465,5
645.571,10
645.677,5
645.784,0
645.89,11
645.996,2
646.102,0
646.209,0
646.315,0
646.421,0
646.527,4
646.634,2
646.74,0
646.846,34
646.952,32
647.059,0
647.165,6
647.271,0
647.377,0
647.484,8
647.59,3
647.696,0
647.802,14
647.909,8
648.015,0
648.121,12
648.227,0
648.334,0
648.44,4
648.546,5
648.652,14
648.759,8
648.865,6
648.971,11
649.077,2
649.184,5
649.29,1
649.396,24
649.502,0
649.609,0
649.715,0
649.821,17
649.927,16
650.034,19
650.14,7
650.246,0
650.352,0
650.459,7
650.565,0
650.671,3
650.777,8
650.884,0
650.99,0
651.096,0
651.202,0
651.309,9
651.415,0
651.521,0
651.627,0
651.734,0
651.84,15
651.946,36
652.052,15
652.159,4
652.265,24
652.371,18
652.477,2
652.584,0
652.69,0
652.796,0
652.902,24
653.009,0
653.115,0
653.221,0
653.327,1
653.434,0
653.54,0
653.646,33
653.752,70
653.858,82
653.965,34
654.071,21
654.177,0
654.283,0
654.39,0
654.496,0
654.602,0
654.708,18
654.815,0
654.921,11
655.027,0
655.133,11
655.24,4
655.346,0
655.452,0
655.558,17
655.665,0
655.771,0
655.877,1
655.983,0
656.089,0
656.196,0
656.302,0
656.408,0
656.514,24
656.621,22
656.727,28
656.833,8
656.939,0
657.046,3
657.152,8
657.258,38
657.364,38
657.47,29
657.577,45
657.683,0
657.789,0
657.895,0
658.002,0
658.108,42
658.214,5
658.32,0
658.427,0
658.533,88
658.639,56
658.745,26
658.851,6
658.958,13
659.064,6
659.17,0
659.276,0
659.383,32
659.489,0
659.595,4
659.701,0
659.807,0
659.914,49
660.02,107
660.126,102
660.232,41
660.339,0
660.445,11
660.551,0
660.657,14
660.763,1
660.87,0
660.976,0
661.082,18
661.188,14
661.295,0
661.401,29
661.507,68
661.613,35
661.719,0
661.826,47
661.932,66
662.038,56
662.144,9
662.251,3
662.357,16
662.463,0
662.569,67
662.675,50
662.782,17
662.888,37
662.994,16
663.1,27
663.206,5
663.313,53
663.419,74
663.525,9
663.631,0
663.738,0
663.844,0
663.95,0
664.056,72
664.162,84
664.269,47
664.375,8
664.481,0
664.587,0
664.693,3
664.8,21
664.906,14
665.012,19
665.118,18
665.225,14
665.331,0
665.437,118
665.543,117
665.649,28
665.756,0
665.862,0
665.968,0
666.074,0
666.18,0
666.287,18
666.393,9
666.499,0
666.605,46
666.711,98
666.818,159
666.924,87
667.03,8
667.136,0
667.242,0
667.349,0
667.455,0
667.561,5
667.667,69
667.773,99
667.88,22
667.986,0
668.092,21
668.198,29
668.304,39
668.411,17
668.517,0
668.623,0
668.729,0
668.835,0
668.942,15
669.048,2
669.154,20
669.26,0
669.366,1
669.473,14
669.579,27
669.685,0
669.791,0
669.897,26
670.004,10
670.11,0
670.216,0
670.322,6
670.428,3
670.535,0
670.641,18
670.747,118
670.853,105
670.959,0
671.066,0
671.172,0
671.278,0
671.384,14
671.49,22
671.597,0
671.703,0
671.809,1
671.915,18
672.021,0
672.128,0
672.234,0
672.34,65
672.446,46
672.552,29
672.658,13
672.765,6
672.871,0
672.977,16
673.083,11
673.189,0
673.296,1
673.402,8
673.508,8
673.614,0
673.72,6
673.827,0
673.933,13
674.039,0
674.145,3
674.251,15
674.357,0
674.464,2
674.57,4
674.676,12
674.782,2
674.888,0
674.995,0
675.101,0
675.207,28
675.313,0
675.419,2
675.526,0
675.632,0
675.738,16
675.844,44
675.95,61
676.056,70
676.163,29
676.269,8
676.375,6
676.481,3
676.587,0
676.693,5
676.8,0
676.906,27
677.012,4
677.118,8
677.224,0
677.331,6
677.437,6
677.543,0
677.649,0
677.755,0
677.861,0
677.968,5
678.074,8
678.18,19
678.286,8
678.392,19
678.498,0
678.605,0
678.711,38
678.817,37
678.923,14
679.029,11
679.136,19
679.242,0
679.348,15
679.454,0
679.56,15
679.666,3
679.773,4
679.879,0
679.985,23
680.091,2
680.197,0
680.303,32
680.41,11
680.516,0
680.622,0
680.728,8
680.834,12
680.94,0
681.047,0
681.153,0
681.259,3
681.365,0
681.471,25
681.577,0
681.684,2
681.79,0
681.896,25
682.002,3
682.108,4
682.214,0
682.321,9
682.427,18
682.533,15
682.639,17
682.745,0
682.851,0
682.958,13
683.064,14
683.17,6
683.276,0
683.382,0
683.488,0
683.595,0
683.701,0
683.807,2
683.913,8
684.019,0
684.125,0
684.231,7
684.338,0
684.444,9
684.55,0
684.656,0
684.762,19
684.868,6
684.975,14
685.081,0
685.187,0
685.293,1
685.399,0
685.505,0
685.611,0
685.718,0
685.824,28
685.93,0
686.036,25
686.142,3
686.248,0
686.355,0
686.461,0
686.567,6
686.673,8
686.779,0
686.885,0
686.991,0
687.098,19
687.204,6
687.31,13
687.416,0
687.522,0
687.628,1
687.735,7
687.841,4
687.947,0
688.053,0
688.159,0
688.265,6
688.371,0
688.478,0
688.584,0
688.69,3
688.796,21
688.902,0
689.008,9
689.114,0
689.221,0
689.327,30
689.433,37
689.539,0
689.645,0
689.751,9
689.857,6
689.964,0
690.07,0
690.176,17
690.282,13
690.388,6
690.494,29
690.6,7
690.707,0
690.813,27
690.919,36
691.025,27
691.131,0
691.237,0
691.343,10
691.45,9
691.556,0
691.662,0
691.768,14
691.874,7
691.98,10
692.086,0
692.193,25
692.299,15
692.405,36
692.511,18
692.617,2
692.723,3
692.829,12
692.935,6
693.042,0
693.148,6
693.254,0
693.36,0
693.466,19
693.572,24
693.678,0
693.785,0
693.891,3
693.997,0
694.103,0
694.209,4
694.315,0
694.421,3
694.527,1
694.634,0
694.74,0
694.846,0
694.952,0
695.058,0
695.164,21
695.27,0
695.376,14
695.483,12
695.589,0
695.695,0
695.801,17
695.907,0
696.013,32
696.119,5
696.225,7
696.332,2
696.438,0
696.544,0
696.65,7
696.756,0
696.862,7
696.968,0
697.074,0
697.181,23
697.287,6
697.393,0
697.499,15
697.605,21
697.711,10
697.817,0
697.923,10
698.03,2
698.136,14
698.242,11
698.348,0
698.454,0
698.56,0
698.666,8
698.772,0
698.879,0
698.985,27
699.091,11
699.197,0
699.303,0
699.409,8
699.515,0
