59.6745,0
59.7814,0
59.8883,49
59.9952,10
60.1021,4
60.209,0
60.3159,11
60.4228,16
60.5296,0
60.6365,16
60.7434,49
60.8503,0
60.9572,11
61.0641,8
61.171,1
61.2779,4
61.3848,0
61.4917,2
61.5986,0
61.7055,4
61.8124,0
61.9193,0
62.0261,11
62.133,0
62.2399,0
62.3468,0
62.4537,0
62.5606,0
62.6675,12
62.7744,31
62.8813,17
62.9882,2
63.0951,0
63.202,41
63.3089,0
63.4158,0
63.5226,17
63.6295,20
63.7364,8
63.8433,17
63.9502,23
64.0571,14
64.164,22
64.2709,6
64.3778,2
64.4847,11
64.5916,9
64.6985,23
64.8054,0
64.9123,1
65.0192,20
65.1261,5
65.2329,32
65.3398,6
65.4467,13
65.5536,0
65.6605,9
65.7674,5
65.8743,0
65.9812,0
66.0881,21
66.195,1
66.3019,0
66.4088,11
66.5157,41
66.6226,0
66.7295,0
66.8364,20
66.9433,24
67.0502,0
67.157,0
67.2639,10
67.3708,2
67.4777,17
67.5846,7
67.6915,7
67.7984,16
67.9053,5
68.0122,27
68.1191,0
68.226,0
68.3329,6
68.4398,12
68.5467,2
68.6536,15
68.7605,1
68.8674,10
68.9743,16
69.0812,12
69.1881,0
69.295,0
69.4018,22
69.5087,7
69.6156,0
69.7225,18
69.8294,10
69.9363,8
70.0432,21
70.1501,0
70.257,0
70.3639,8
70.4708,0
70.5777,43
70.6846,13
70.7915,0
70.8984,0
71.0053,2
71.1122,32
71.2191,0
71.326,0
71.4329,1
71.5398,0
71.6467,17
71.7536,26
71.8605,8
71.9674,0
72.0742,9
72.1811,34
72.288,10
72.3949,0
72.5018,4
72.6087,8
72.7156,2
72.8225,0
72.9294,11
73.0363,10
73.1432,0
73.2501,26
73.357,4
73.4639,32
73.5708,5
73.6777,0
73.7846,20
73.8915,17
73.9984,20
74.1053,10
74.2122,5
74.3191,0
74.426,4
74.5329,0
74.6398,0
74.7467,0
74.8536,8
74.9605,23
75.0674,1
75.1743,7
75.2812,16
75.3881,19
75.495,21
75.6019,0
75.7088,0
75.8157,0
75.9225,0
76.0294,0
76.1363,0
76.2432,0
76.3501,8
76.457,0
76.5639,0
76.6708,15
76.7777,17
76.8846,2
76.9915,15
77.0984,5
77.2053,16
77.3122,23
77.4191,1
77.526,0
77.6329,0
77.7398,1
77.8467,0
77.9536,0
78.0605,7
78.1674,0
78.2743,15
78.3812,21
78.4881,32
78.595,0
78.7019,11
78.8088,0
78.9157,0
79.0226,11
79.1295,0
79.2364,0
79.3433,12
79.4502,0
79.5571,0
79.664,9
79.7709,4
79.8778,21
79.9847,0
80.0916,8
80.1985,30
80.3054,18
80.4123,14
80.5192,8
80.6261,0
80.733,0
80.8399,17
80.9468,0
81.0537,0
81.1606,0
81.2675,30
81.3744,26
81.4813,9
81.5882,0
81.6951,3
81.802,5
81.9089,0
82.0158,0
82.1227,15
82.2296,14
82.3365,10
82.4434,5
82.5503,0
82.6572,5
82.7641,0
82.871,5
82.9779,16
83.0848,34
83.1917,22
83.2986,0
83.4055,0
83.5124,3
83.6193,10
83.7262,0
83.8331,0
83.94,0
84.0469,0
84.1538,0
84.2607,0
84.3676,0
84.4745,0
84.5814,1
84.6883,22
84.7952,0
84.9021,22
85.009,22
85.1159,22
85.2228,5
85.3297,10
85.4366,0
85.5435,17
85.6504,4
85.7573,0
85.8642,0
85.9711,5
86.078,2
86.1849,0
86.2918,11
86.3987,14
86.5056,11
86.6125,4
86.7194,34
86.8263,9
86.9332,2
87.0401,0
87.147,0
87.2539,13
87.3608,0
87.4677,14
87.5746,6
87.6815,0
87.7884,23
87.8953,0
88.0022,0
88.1091,8
88.216,32
88.3229,0
88.4298,33
88.5367,25
88.6436,14
88.7505,0
88.8574,4
88.9643,24
89.0712,0
89.1781,3
89.285,17
89.3919,0
89.4988,0
89.6057,16
89.7126,37
89.8195,2
89.9264,0
90.0334,8
90.1403,0
90.2472,10
90.3541,0
90.461,0
90.5679,13
90.6748,0
90.7817,9
90.8886,24
90.9955,13
91.1024,0
91.2093,3
91.3162,35
91.4231,0
91.53,9
91.6369,2
91.7438,0
91.8507,0
91.9576,42
92.0645,4
92.1714,0
92.2783,0
92.3852,2
92.4921,0
92.599,0
92.7059,8
92.8128,8
92.9197,0
93.0266,0
93.1335,40
93.2404,36
93.3473,1
93.4542,0
93.5611,0
93.668,0
93.7749,8
93.8818,0
93.9887,8
94.0956,14
94.2025,14
94.3095,0
94.4164,0
94.5233,7
94.6302,11
94.7371,0
94.844,27
94.9509,3
95.0578,0
95.1647,5
95.2716,3
95.3785,21
95.4854,20
95.5923,0
95.6992,0
95.8061,23
95.913,16
96.0199,0
96.1268,24
96.2337,0
96.3406,0
96.4475,0
96.5544,29
96.6613,0
96.7682,12
96.8751,21
96.982,1
97.0889,0
97.1958,0
97.3027,27
97.4097,6
97.5166,18
97.6235,9
97.7304,0
97.8373,29
97.9442,7
98.0511,0
98.158,0
98.2649,24
98.3718,28
98.4787,5
98.5856,21
98.6925,0
98.7994,9
98.9063,0
99.0132,4
99.1201,2
99.227,4
99.3339,0
99.4408,6
99.5477,13
99.6546,19
99.7615,0
99.8684,12
99.9753,5
100.082,6
100.189,0
100.296,0
100.403,0
100.51,2
100.617,23
100.724,0
100.831,12
100.937,8
101.044,12
101.151,26
101.258,20
101.365,30
101.472,1
101.579,9
101.686,17
101.793,34
101.9,29
102.007,8
102.113,2
102.22,8
102.327,19
102.434,0
102.541,0
102.648,21
102.755,27
102.862,19
102.969,11
103.076,2
103.182,28
103.289,29
103.396,7
103.503,0
103.61,3
103.717,0
103.824,24
103.931,10
104.038,0
104.145,17
104.252,4
104.358,12
104.465,7
104.572,0
104.679,9
104.786,3
104.893,0
105,1
105.107,12
105.214,7
105.321,0
105.427,3
105.534,0
105.641,4
105.748,8
105.855,0
105.962,0
106.069,0
106.176,6
106.283,0
106.39,0
106.497,5
106.603,15
106.71,0
106.817,3
106.924,9
107.031,0
107.138,7
107.245,0
107.352,0
107.459,15
107.566,25
107.673,8
107.779,22
107.886,0
107.993,19
108.1,32
108.207,0
108.314,0
108.421,0
108.528,0
108.635,3
108.742,17
108.848,0
108.955,7
109.062,26
109.169,0
109.276,0
109.383,29
109.49,16
109.597,0
109.704,30
109.811,10
109.918,6
110.024,0
110.131,22
110.238,0
110.345,0
110.452,10
110.559,5
110.666,0
110.773,0
110.88,1
110.987,0
111.094,10
111.2,3
111.307,27
111.414,25
111.521,6
111.628,0
111.735,16
111.842,3
111.949,17
112.056,10
112.163,6
112.269,23
112.376,9
112.483,0
112.59,2
112.697,26
112.804,2
112.911,0
113.018,17
113.125,0
113.232,0
113.339,27
113.445,38
113.552,0
113.659,9
113.766,0
113.873,5
113.98,27
114.087,0
114.194,20
114.301,11
114.408,0
114.515,17
114.621,9
114.728,16
114.835,16
114.942,0
115.049,0
115.156,2
115.263,20
115.37,0
115.477,0
115.584,10
115.69,32
115.797,0
115.904,0
116.011,6
116.118,0
116.225,13
116.332,14
116.439,30
116.546,0
116.653,0
116.76,10
116.866,0
116.973,0
117.08,2
117.187,25
117.294,9
117.401,22
117.508,0
117.615,14
117.722,3
117.829,12
117.936,0
118.042,0
118.149,0
118.256,38
118.363,11
118.47,0
118.577,12
118.684,0
118.791,0
118.898,0
119.005,6
119.112,5
119.218,1
119.325,33
119.432,17
119.539,20
119.646,13
119.753,25
119.86,0
119.967,0
120.074,9
120.181,0
120.287,0
120.394,12
120.501,0
120.608,8
120.715,2
120.822,0
120.929,0
121.036,13
121.143,1
121.25,0
121.357,0
121.463,7
121.57,0
121.677,0
121.784,0
121.891,0
121.998,0
122.105,9
122.212,5
122.319,0
122.426,20
122.533,5
122.639,0
122.746,0
122.853,3
122.96,4
123.067,2
123.174,0
123.281,0
123.388,0
123.495,47
123.602,18
123.709,0
123.815,0
123.922,0
124.029,22
124.136,52
124.243,0
124.35,8
124.457,0
124.564,0
124.671,7
124.778,0
124.885,0
124.991,23
125.098,0
125.205,0
125.312,22
125.419,18
125.526,7
125.633,29
125.74,0
125.847,2
125.954,15
126.061,26
126.167,0
126.274,3
126.381,3
126.488,0
126.595,7
126.702,14
126.809,0
126.916,20
127.023,5
127.13,5
127.236,0
127.343,0
127.45,9
127.557,1
127.664,0
127.771,13
127.878,0
127.985,11
128.092,0
128.199,0
128.306,0
128.412,22
128.519,18
128.626,0
128.733,0
128.84,29
128.947,9
129.054,0
129.161,0
129.268,0
129.375,0
129.482,15
129.588,2
129.695,0
129.802,6
129.909,42
130.016,0
130.123,0
130.23,7
130.337,5
130.444,10
130.551,0
130.658,0
130.764,24
130.871,45
130.978,0
131.085,0
131.192,0
131.299,0
131.406,0
131.513,13
131.62,0
131.727,0
131.834,0
131.94,0
132.047,18
132.154,5
132.261,0
132.368,13
132.475,33
132.582,8
132.689,13
132.796,11
132.903,0
133.01,27
133.116,4
133.223,0
133.33,0
133.437,0
133.544,0
133.651,0
133.758,0
133.865,4
133.972,6
134.079,12
134.186,14
134.292,0
134.399,8
134.506,0
134.613,0
134.72,28
134.827,8
134.934,0
135.041,5
135.148,23
135.255,2
135.362,8
135.468,0
135.575,31
135.682,0
135.789,2
135.896,0
136.003,13
136.11,0
136.217,0
136.324,18
136.431,18
136.538,5
136.644,5
136.751,8
136.858,6
136.965,0
137.072,7
137.179,0
137.286,8
137.393,9
137.5,30
137.607,0
137.714,0
137.82,14
137.927,13
138.034,0
138.141,17
138.248,29
138.355,8
138.462,0
138.569,0
138.676,15
138.783,7
138.89,0
138.996,11
139.103,0
139.21,22
139.317,0
139.424,6
139.531,10
139.638,0
139.745,9
139.852,0
139.959,0
140.065,8
140.172,0
140.279,18
140.386,0
140.493,20
140.6,0
140.707,0
140.814,0
140.921,11
141.028,2
141.135,0
141.241,10
141.348,0
141.455,15
141.562,23
141.669,16
141.776,15
141.883,0
141.99,0
142.097,19
142.204,17
142.311,19
142.417,0
142.524,10
142.631,0
142.738,22
142.845,0
142.952,4
143.059,12
143.166,16
143.273,0
143.38,0
143.487,0
143.593,14
143.7,25
143.807,0
143.914,0
144.021,6
144.128,1
144.235,0
144.342,0
144.449,0
144.556,0
144.663,0
144.769,0
144.876,8
144.983,18
145.09,7
145.197,9
145.304,0
145.411,41
145.518,13
145.625,0
145.732,0
145.839,6
145.945,0
146.052,0
146.159,31
146.266,0
146.373,0
146.48,0
146.587,0
146.694,8
146.801,5
146.908,0
147.015,0
147.121,2
147.228,5
147.335,0
147.442,5
147.549,1
147.656,0
147.763,1
147.87,0
147.977,12
148.084,15
148.191,15
148.297,14
148.404,15
148.511,16
148.618,0
148.725,15
148.832,0
148.939,0
149.046,0
149.153,2
149.26,0
149.367,0
149.473,0
149.58,1
149.687,19
149.794,10
149.901,0
150.008,7
150.115,0
150.222,0
150.329,0
150.436,33
150.543,0
150.649,0
150.756,17
150.863,79
150.97,56
151.077,40
151.184,33
151.291,0
151.398,2
151.505,35
151.612,15
151.719,0
151.825,9
151.932,5
152.039,24
152.146,0
152.253,0
152.36,43
152.467,0
152.574,0
152.681,1
152.788,0
152.894,0
153.001,18
153.108,20
153.215,0
153.322,24
153.429,32
153.536,25
153.643,4
153.75,0
153.857,10
153.964,2
154.07,8
154.177,0
154.284,7
154.391,0
154.498,0
154.605,1
154.712,7
154.819,0
154.926,16
155.033,15
155.14,0
155.246,0
155.353,14
155.46,0
155.567,8
155.674,0
155.781,0
155.888,0
155.995,0
156.102,56
156.209,44
156.316,0
156.422,0
156.529,7
156.636,0
156.743,0
156.85,3
156.957,0
157.064,13
157.171,4
157.278,0
157.385,0
157.492,0
157.598,0
157.705,0
157.812,0
157.919,0
158.026,0
158.133,0
158.24,24
158.347,0
158.454,15
158.561,8
158.668,18
158.774,0
158.881,0
158.988,41
159.095,12
159.202,0
159.309,0
159.416,10
159.523,8
159.63,11
159.737,15
159.844,0
159.95,0
160.057,0
160.164,14
160.271,3
160.378,0
160.485,0
160.592,0
160.699,3
160.806,2
160.913,0
161.019,0
161.126,10
161.233,20
161.34,0
161.447,0
161.554,0
161.661,7
161.768,0
161.875,0
161.982,22
162.089,0
162.195,9
162.302,0
162.409,0
162.516,0
162.623,0
162.73,0
162.837,10
162.944,6
163.051,0
163.158,2
163.265,24
163.371,0
163.478,0
163.585,0
163.692,0
163.799,8
163.906,3
164.013,0
164.12,0
164.227,6
164.334,9
164.441,24
164.547,16
164.654,0
164.761,7
164.868,0
164.975,5
165.082,13
165.189,10
165.296,0
165.403,28
165.51,14
165.616,0
165.723,0
165.83,0
165.937,0
166.044,16
166.151,0
166.258,0
166.365,14
166.472,8
166.579,0
166.686,0
166.792,25
166.899,4
167.006,17
167.113,0
167.22,0
167.327,33
167.434,99
167.541,94
167.648,24
167.755,0
167.862,0
167.968,2
168.075,0
168.182,10
168.289,11
168.396,0
168.503,0
168.61,8
168.717,0
168.824,0
168.931,0
169.037,0
169.144,0
169.251,0
169.358,2
169.465,0
169.572,5
169.679,12
169.786,2
169.893,5
170,10
170.107,0
170.213,12
170.32,11
170.427,26
170.534,0
170.641,17
170.748,5
170.855,0
170.962,0
171.069,9
171.176,2
171.283,5
171.389,0
171.496,0
171.603,0
171.71,1
171.817,8
171.924,0
172.031,0
172.138,14
172.245,0
172.352,20
172.458,27
172.565,14
172.672,9
172.779,0
172.886,0
172.993,6
173.1,17
173.207,0
173.314,0
173.421,20
173.528,29
173.634,2
173.741,0
173.848,14
173.955,0
174.062,0
174.169,22
174.276,1
174.383,2
174.49,0
174.597,0
174.704,10
174.81,0
174.917,0
175.024,0
175.131,21
175.238,0
175.345,0
175.452,7
175.559,0
175.666,0
175.773,9
175.879,6
175.986,0
176.093,8
176.2,4
176.307,0
176.414,21
176.521,0
176.628,12
176.735,33
176.842,0
176.949,0
177.055,2
177.162,21
177.269,0
177.376,0
177.483,46
177.59,35
177.697,0
177.804,0
177.911,5
178.018,0
178.124,25
178.231,0
178.338,0
178.445,0
178.552,0
178.659,0
178.766,9
178.873,0
178.98,0
179.087,16
179.194,5
179.3,11
179.407,46
179.514,60
179.621,31
179.728,13
179.835,0
179.942,0
180.049,0
180.156,0
180.263,11
180.369,32
180.476,8
180.583,33
180.69,0
180.797,11
180.904,23
181.011,0
181.118,18
181.225,12
181.332,0
181.439,0
181.545,0
181.652,26
181.759,15
181.866,0
181.973,0
182.08,16
182.187,21
182.294,2
182.401,0
182.508,30
182.614,33
182.721,30
182.828,11
182.935,0
183.042,18
183.149,0
183.256,26
183.363,0
183.47,14
183.577,0
183.683,0
183.79,0
183.897,0
184.004,0
184.111,11
184.218,0
184.325,26
184.432,0
184.539,2
184.646,7
184.753,0
184.859,0
184.966,11
185.073,0
185.18,0
185.287,8
185.394,0
185.501,3
185.608,29
185.715,20
185.822,0
185.928,12
186.035,23
186.142,0
186.249,0
186.356,0
186.463,0
186.57,23
186.677,0
186.784,0
186.891,3
186.997,8
187.104,20
187.211,24
187.318,10
187.425,0
187.532,21
187.639,11
187.746,20
187.853,0
187.96,4
188.067,0
188.173,41
188.28,6
188.387,0
188.494,0
188.601,0
188.708,18
188.815,34
188.922,0
189.029,4
189.136,22
189.242,0
189.349,0
189.456,9
189.563,8
189.67,0
189.777,9
189.884,25
189.991,0
190.098,4
190.205,0
190.311,22
190.418,30
190.525,19
190.632,160
190.739,165
190.846,78
190.953,7
191.06,0
191.167,6
191.274,0
191.38,0
191.487,4
191.594,4
191.701,0
191.808,0
191.915,11
192.022,2
192.129,35
192.236,0
192.343,0
192.45,7
192.556,8
192.663,0
192.77,0
192.877,8
192.984,0
193.091,1
193.198,4
193.305,0
193.412,2
193.519,12
193.625,0
193.732,21
193.839,16
193.946,0
194.053,0
194.16,4
194.267,22
194.374,0
194.481,14
194.588,0
194.694,0
194.801,0
194.908,19
195.015,2
195.122,0
195.229,0
195.336,10
195.443,0
195.55,20
195.657,6
195.763,0
195.87,6
195.977,22
196.084,22
196.191,1
196.298,8
196.405,0
196.512,2
196.619,19
196.726,0
196.832,0
196.939,12
197.046,19
197.153,22
197.26,5
197.367,9
197.474,0
197.581,0
197.688,15
197.795,0
197.901,0
198.008,0
198.115,0
198.222,0
198.329,0
198.436,2
198.543,19
198.65,12
198.757,0
198.864,53
198.97,46
199.077,0
199.184,0
199.291,18
199.398,0
199.505,0
199.612,0
199.719,18
199.826,0
199.933,19
200.039,7
200.146,16
200.253,18
200.36,7
200.467,10
200.574,0
200.681,22
200.788,5
200.895,0
201.002,12
201.108,0
201.215,0
201.322,5
201.429,0
201.536,0
201.643,24
201.75,24
201.857,29
201.964,2
202.071,13
202.177,17
202.284,19
202.391,4
202.498,11
202.605,0
202.712,0
202.819,14
202.926,0
203.033,2
203.14,11
203.246,16
203.353,0
203.46,18
203.567,0
203.674,0
203.781,17
203.888,0
203.995,0
204.102,28
204.208,21
204.315,0
204.422,0
204.529,16
204.636,9
204.743,0
204.85,0
204.957,11
205.064,0
205.171,17
205.277,0
205.384,0
205.491,0
205.598,22
205.705,2
205.812,0
205.919,0
206.026,1
206.133,2
206.24,8
206.346,0
206.453,0
206.56,0
206.667,4
206.774,0
206.881,0
206.988,0
207.095,19
207.202,6
207.309,16
207.415,0
207.522,17
207.629,10
207.736,36
207.843,21
207.95,19
208.057,0
208.164,0
208.271,20
208.377,25
208.484,0
208.591,5
208.698,0
208.805,0
208.912,32
209.019,2
209.126,0
209.233,0
209.34,0
209.446,0
209.553,21
209.66,38
209.767,0
209.874,0
209.981,0
210.088,18
210.195,26
210.302,0
210.409,0
210.515,0
210.622,0
210.729,0
210.836,0
210.943,13
211.05,0
211.157,0
211.264,10
211.371,10
211.477,0
211.584,13
211.691,7
211.798,0
211.905,11
212.012,0
212.119,0
212.226,21
212.333,10
212.44,0
212.546,0
212.653,0
212.76,1
212.867,0
212.974,0
213.081,0
213.188,11
213.295,18
213.402,15
213.508,0
213.615,1
213.722,28
213.829,0
213.936,11
214.043,0
214.15,4
214.257,17
214.364,0
214.471,0
214.577,18
214.684,24
214.791,13
214.898,14
215.005,10
215.112,8
215.219,8
215.326,12
215.433,16
215.539,19
215.646,0
215.753,10
215.86,5
215.967,0
216.074,11
216.181,0
216.288,0
216.395,0
216.502,16
216.608,1
216.715,15
216.822,2
216.929,0
217.036,9
217.143,0
217.25,58
217.357,57
217.464,0
217.57,0
217.677,0
217.784,0
217.891,0
217.998,0
218.105,0
218.212,15
218.319,0
218.426,15
218.532,4
218.639,17
218.746,8
218.853,22
218.96,0
219.067,0
219.174,15
219.281,24
219.388,0
219.495,0
219.601,8
219.708,19
219.815,18
219.922,4
220.029,0
220.136,0
220.243,48
220.35,54
220.457,6
220.563,0
220.67,0
220.777,0
220.884,3
220.991,0
221.098,0
221.205,0
221.312,8
221.419,12
221.525,33
221.632,0
221.739,9
221.846,33
221.953,20
222.06,0
222.167,13
222.274,6
222.381,0
222.488,0
222.594,5
222.701,0
222.808,0
222.915,0
223.022,8
223.129,31
223.236,4
223.343,11
223.45,39
223.556,0
223.663,16
223.77,18
223.877,0
223.984,0
224.091,2
224.198,20
224.305,17
224.412,10
224.518,16
224.625,6
224.732,5
224.839,30
224.946,68
225.053,51
225.16,45
225.267,0
225.374,17
225.48,0
225.587,0
225.694,0
225.801,0
225.908,10
226.015,10
226.122,11
226.229,0
226.336,0
226.442,36
226.549,21
226.656,13
226.763,0
226.87,13
226.977,13
227.084,0
227.191,6
227.298,0
227.404,0
227.511,0
227.618,1
227.725,4
227.832,19
227.939,21
228.046,17
228.153,0
228.26,18
228.366,10
228.473,0
228.58,15
228.687,11
228.794,5
228.901,13
229.008,16
229.115,12
229.222,31
229.328,0
229.435,3
229.542,21
229.649,50
229.756,31
229.863,0
229.97,0
230.077,15
230.184,25
230.29,0
230.397,18
230.504,11
230.611,15
230.718,9
230.825,0
230.932,13
231.039,30
231.146,8
231.252,6
231.359,5
231.466,18
231.573,8
231.68,34
231.787,0
231.894,12
232.001,0
232.108,8
232.214,2
232.321,0
232.428,0
232.535,18
232.642,14
232.749,10
232.856,6
232.963,8
233.07,0
233.176,0
233.283,0
233.39,16
233.497,0
233.604,0
233.711,3
233.818,0
233.925,1
234.031,18
234.138,2
234.245,0
234.352,1
234.459,0
234.566,7
234.673,26
234.78,0
234.887,0
234.993,11
235.1,23
235.207,0
235.314,0
235.421,23
235.528,0
235.635,20
235.742,48
235.849,11
235.955,4
236.062,0
236.169,0
236.276,0
236.383,1
236.49,9
236.597,10
236.704,0
236.81,0
236.917,6
237.024,0
237.131,3
237.238,7
237.345,23
237.452,28
237.559,9
237.666,8
237.772,2
237.879,14
237.986,24
238.093,4
238.2,26
238.307,144
238.414,163
238.521,89
238.628,10
238.734,0
238.841,33
238.948,25
239.055,0
239.162,17
239.269,26
239.376,81
239.483,87
239.589,58
239.696,19
239.803,9
239.91,21
240.017,0
240.124,1
240.231,12
240.338,0
240.445,0
240.551,0
240.658,0
240.765,0
240.872,7
240.979,0
241.086,17
241.193,12
241.3,31
241.406,0
241.513,3
241.62,34
241.727,24
241.834,15
241.941,0
242.048,0
242.155,16
242.262,18
242.368,0
242.475,13
242.582,24
242.689,41
242.796,41
242.903,10
243.01,15
243.117,5
243.223,0
243.33,10
243.437,17
243.544,2
243.651,32
243.758,4
243.865,16
243.972,6
244.079,0
244.185,0
244.292,13
244.399,6
244.506,2
244.613,2
244.72,45
244.827,7
244.934,0
245.04,22
245.147,15
245.254,2
245.361,15
245.468,0
245.575,0
245.682,8
245.789,11
245.896,5
246.002,22
246.109,0
246.216,0
246.323,78
246.43,101
246.537,1
246.644,0
246.751,0
246.857,5
246.964,7
247.071,0
247.178,3
247.285,30
247.392,6
247.499,0
247.606,12
247.712,0
247.819,24
247.926,18
248.033,6
248.14,15
248.247,20
248.354,15
248.461,0
248.567,11
248.674,9
248.781,0
248.888,1
248.995,11
249.102,0
249.209,0
249.316,10
249.423,20
249.529,33
249.636,15
249.743,0
249.85,0
249.957,25
250.064,13
250.171,18
250.278,31
250.384,17
250.491,0
250.598,6
250.705,26
250.812,4
250.919,0
251.026,22
251.133,30
251.239,7
251.346,0
251.453,8
251.56,19
251.667,35
251.774,9
251.881,0
251.988,7
252.094,6
252.201,18
252.308,58
252.415,49
252.522,0
252.629,0
252.736,0
252.843,19
252.949,7
253.056,7
253.163,24
253.27,63
253.377,96
253.484,24
253.591,0
253.698,32
253.804,17
253.911,0
254.018,4
254.125,0
254.232,0
254.339,16
254.446,6
254.553,0
254.659,0
254.766,3
254.873,0
254.98,0
255.087,10
255.194,0
255.301,0
255.408,0
255.514,13
255.621,12
255.728,0
255.835,2
255.942,1
256.049,9
256.156,21
256.263,6
256.369,0
256.476,0
256.583,30
256.69,0
256.797,17
256.904,7
257.011,0
257.118,0
257.224,1
257.331,14
257.438,5
257.545,22
257.652,0
257.759,6
257.866,0
257.973,0
258.079,9
258.186,12
258.293,0
258.4,10
258.507,29
258.614,0
258.721,6
258.828,28
258.934,24
259.041,0
259.148,30
259.255,21
259.362,2
259.469,8
259.576,4
259.683,29
259.789,0
259.896,0
260.003,0
260.11,0
260.217,13
260.324,0
260.431,14
260.537,2
260.644,20
260.751,2
260.858,6
260.965,10
261.072,0
261.179,8
261.286,30
261.392,0
261.499,0
261.606,6
261.713,4
261.82,10
261.927,0
262.034,8
262.141,0
262.247,2
262.354,14
262.461,0
262.568,0
262.675,0
262.782,0
262.889,0
262.996,28
263.102,38
263.209,0
263.316,0
263.423,0
263.53,0
263.637,0
263.744,12
263.85,0
263.957,0
264.064,4
264.171,0
264.278,8
264.385,0
264.492,0
264.599,21
264.705,0
264.812,14
264.919,0
265.026,0
265.133,31
265.24,0
265.347,0
265.454,21
265.56,9
265.667,0
265.774,7
265.881,0
265.988,0
266.095,20
266.202,22
266.308,0
266.415,0
266.522,0
266.629,8
266.736,32
266.843,27
266.95,0
267.057,0
267.163,8
267.27,22
267.377,17
267.484,0
267.591,6
267.698,0
267.805,0
267.911,0
268.018,20
268.125,0
268.232,0
268.339,0
268.446,3
268.553,0
268.66,0
268.766,6
268.873,31
268.98,0
269.087,0
269.194,29
269.301,42
269.408,22
269.514,0
269.621,0
269.728,8
269.835,0
269.942,0
270.049,23
270.156,26
270.263,0
270.369,5
270.476,29
270.583,0
270.69,0
270.797,0
270.904,12
271.011,0
271.117,0
271.224,1
271.331,0
271.438,9
271.545,6
271.652,0
271.759,12
271.866,15
271.972,13
272.079,0
272.186,6
272.293,12
272.4,6
272.507,18
272.614,28
272.72,42
272.827,0
272.934,4
273.041,0
273.148,16
273.255,0
273.362,22
273.468,0
273.575,0
273.682,34
273.789,65
273.896,20
274.003,5
274.11,3
274.217,5
274.323,13
274.43,0
274.537,11
274.644,29
274.751,0
274.858,0
274.965,15
275.071,0
275.178,14
275.285,0
275.392,13
275.499,3
275.606,8
275.713,0
275.819,0
275.926,5
276.033,0
276.14,0
276.247,8
276.354,0
276.461,17
276.567,22
276.674,15
276.781,17
276.888,14
276.995,37
277.102,4
277.209,13
277.315,10
277.422,0
277.529,8
277.636,0
277.743,0
277.85,0
277.957,24
278.064,0
278.17,0
278.277,0
278.384,11
278.491,18
278.598,7
278.705,1
278.812,0
278.918,8
279.025,4
279.132,0
279.239,0
279.346,19
279.453,9
279.56,6
279.666,0
279.773,0
279.88,0
279.987,22
280.094,9
280.201,0
280.308,4
280.414,0
280.521,13
280.628,35
280.735,25
280.842,0
280.949,19
281.056,28
281.162,48
281.269,24
281.376,2
281.483,10
281.59,11
281.697,19
281.804,0
281.91,16
282.017,34
282.124,0
282.231,1
282.338,9
282.445,0
282.552,0
282.658,34
282.765,132
282.872,106
282.979,32
283.086,3
283.193,23
283.3,0
283.406,17
283.513,0
283.62,0
283.727,0
283.834,0
283.941,21
284.048,0
284.154,0
284.261,0
284.368,33
284.475,19
284.582,42
284.689,0
284.796,14
284.902,0
285.009,28
285.116,16
285.223,0
285.33,0
285.437,0
285.544,9
285.65,0
285.757,0
285.864,0
285.971,11
286.078,7
286.185,0
286.292,0
286.398,22
286.505,3
286.612,0
286.719,8
286.826,0
286.933,3
287.039,0
287.146,7
287.253,5
287.36,0
287.467,0
287.574,0
287.681,11
287.787,0
287.894,0
288.001,0
288.108,25
288.215,12
288.322,8
288.429,51
288.535,233
288.642,163
288.749,70
288.856,3
288.963,0
289.07,0
289.177,0
289.283,0
289.39,0
289.497,19
289.604,0
289.711,12
289.818,11
289.924,28
290.031,47
290.138,46
290.245,37
290.352,0
290.459,78
290.566,154
290.672,303
290.779,417
290.886,400
290.993,383
291.1,213
291.207,48
291.314,0
291.42,0
291.527,0
291.634,1
291.741,0
291.848,0
291.955,5
292.062,50
292.168,54
292.275,0
292.382,10
292.489,0
292.596,0
292.703,0
292.809,0
292.916,0
293.023,4
293.13,12
293.237,20
293.344,1
293.451,23
293.557,30
293.664,28
293.771,4
293.878,0
293.985,13
294.092,1
294.198,0
294.305,0
294.412,18
294.519,15
294.626,7
294.733,3
294.84,0
294.946,0
295.053,46
295.16,11
295.267,0
295.374,0
295.481,0
295.588,18
295.694,8
295.801,0
295.908,0
296.015,0
296.122,9
296.229,0
296.335,0
296.442,4
296.549,3
296.656,0
296.763,6
296.87,3
296.977,0
297.083,0
297.19,0
297.297,22
297.404,0
297.511,0
297.618,0
297.724,7
297.831,5
297.938,12
298.045,0
298.152,0
298.259,6
298.365,15
298.472,0
298.579,7
298.686,8
298.793,23
298.9,0
299.007,10
299.113,0
299.22,0
299.327,22
299.434,0
299.541,26
299.648,2
299.754,0
299.861,7
299.968,4
300.075,14
300.182,17
300.289,14
300.396,10
300.502,0
300.609,0
300.716,0
300.823,0
300.93,3
301.037,4
301.143,11
301.25,8
301.357,4
301.464,20
301.571,11
301.678,0
301.784,0
301.891,0
301.998,0
302.105,18
302.212,0
302.319,0
302.426,0
302.532,25
302.639,0
302.746,13
302.853,0
302.96,11
303.067,18
303.173,28
303.28,21
303.387,0
303.494,0
303.601,1
303.708,0
303.814,0
303.921,0
304.028,26
304.135,16
304.242,2
304.349,11
304.456,15
304.562,0
304.669,13
304.776,10
304.883,18
304.99,36
305.097,16
305.203,0
305.31,7
305.417,0
305.524,0
305.631,0
305.738,33
305.844,31
305.951,0
306.058,0
306.165,0
306.272,0
306.379,6
306.485,6
306.592,9
306.699,58
306.806,14
306.913,0
307.02,0
307.126,2
307.233,38
307.34,16
307.447,1
307.554,0
307.661,11
307.767,3
307.874,6
307.981,0
308.088,15
308.195,0
308.302,0
308.409,17
308.515,0
308.622,0
308.729,31
308.836,16
308.943,13
309.05,18
309.156,20
309.263,44
309.37,50
309.477,9
309.584,0
309.691,22
309.797,0
309.904,0
310.011,0
310.118,0
310.225,0
310.332,15
310.438,20
310.545,0
310.652,26
310.759,0
310.866,24
310.973,0
311.079,7
311.186,0
311.293,0
311.4,0
311.507,0
311.614,11
311.72,0
311.827,1
311.934,0
312.041,0
312.148,0
312.255,12
312.361,4
312.468,0
312.575,0
312.682,2
312.789,0
312.896,24
313.002,19
313.109,6
313.216,0
313.323,0
313.43,23
313.537,0
313.643,8
313.75,0
313.857,0
313.964,1
314.071,0
314.178,0
314.284,8
314.391,8
314.498,3
314.605,0
314.712,0
314.819,8
314.925,8
315.032,0
315.139,8
315.246,0
315.353,0
315.46,2
315.566,7
315.673,0
315.78,18
315.887,0
315.994,0
316.1,7
316.207,0
316.314,0
316.421,24
316.528,33
316.635,0
316.741,7
316.848,2
316.955,0
317.062,11
317.169,0
317.276,24
317.382,0
317.489,11
317.596,18
317.703,8
317.81,11
317.917,0
318.023,6
318.13,0
318.237,32
318.344,29
318.451,0
318.558,0
318.664,5
318.771,20
318.878,65
318.985,44
319.092,29
319.199,0
319.305,37
319.412,26
319.519,0
319.626,0
319.733,24
319.839,8
319.946,1
320.053,0
320.16,0
320.267,0
320.374,0
320.48,21
320.587,2
320.694,0
320.801,14
320.908,14
321.015,0
321.121,0
321.228,30
321.335,13
321.442,5
321.549,14
321.655,0
321.762,0
321.869,15
321.976,20
322.083,13
322.19,0
322.296,0
322.403,0
322.51,6
322.617,29
322.724,0
322.831,23
322.937,28
323.044,0
323.151,17
323.258,0
323.365,0
323.472,25
323.578,0
323.685,0
323.792,10
323.899,43
324.006,5
324.112,0
324.219,28
324.326,23
324.433,0
324.54,0
324.647,16
324.753,0
324.86,8
324.967,8
325.074,0
325.181,7
325.287,9
325.394,18
325.501,15
325.608,0
325.715,33
325.822,30
325.928,15
326.035,0
326.142,0
326.249,0
326.356,0
326.463,0
326.569,5
326.676,6
326.783,6
326.89,0
326.997,0
327.103,41
327.21,12
327.317,0
327.424,0
327.531,0
327.638,0
327.744,0
327.851,0
327.958,0
328.065,0
328.172,18
328.278,19
328.385,0
328.492,16
328.599,2
328.706,11
328.813,37
328.919,30
329.026,8
329.133,9
329.24,0
329.347,28
329.453,3
329.56,0
329.667,4
329.774,11
329.881,0
329.988,0
330.094,11
330.201,31
330.308,0
330.415,18
330.522,0
330.628,0
330.735,24
330.842,0
330.949,0
331.056,18
331.162,32
331.269,118
331.376,87
331.483,26
331.59,5
331.697,24
331.803,9
331.91,0
332.017,8
332.124,0
332.231,0
332.337,0
332.444,28
332.551,0
332.658,0
332.765,0
332.872,4
332.978,37
333.085,24
333.192,36
333.299,45
333.406,3
333.512,0
333.619,4
333.726,24
333.833,23
333.94,0
334.046,0
334.153,0
334.26,0
334.367,20
334.474,4
334.581,18
334.687,1
334.794,6
334.901,5
335.008,0
335.115,0
335.221,4
335.328,19
335.435,0
335.542,16
335.649,0
335.755,5
335.862,6
335.969,0
336.076,2
336.183,0
336.29,20
336.396,6
336.503,0
336.61,0
336.717,5
336.824,20
336.93,0
337.037,0
337.144,12
337.251,0
337.358,0
337.464,0
337.571,0
337.678,0
337.785,22
337.892,26
337.998,9
338.105,0
338.212,0
338.319,17
338.426,37
338.533,1
338.639,5
338.746,12
338.853,0
338.96,0
339.067,8
339.173,39
339.28,4
339.387,0
339.494,10
339.601,0
339.707,0
339.814,22
339.921,0
340.028,0
340.135,28
340.241,0
340.348,5
340.455,0
340.562,16
340.669,0
340.775,0
340.882,8
340.989,5
341.096,0
341.203,0
341.309,8
341.416,0
341.523,17
341.63,0
341.737,0
341.844,11
341.95,6
342.057,12
342.164,0
342.271,0
342.378,26
342.484,189
342.591,166
342.698,103
342.805,69
342.912,53
343.018,4
343.125,4
343.232,29
343.339,27
343.446,68
343.552,52
343.659,37
343.766,0
343.873,0
343.98,13
344.086,31
344.193,0
344.3,0
344.407,1
344.514,24
344.62,27
344.727,2
344.834,6
344.941,21
345.048,0
345.154,0
345.261,2
345.368,7
345.475,0
345.582,0
345.688,28
345.795,0
345.902,7
346.009,4
346.116,20
346.222,1
346.329,0
346.436,26
346.543,7
346.65,19
346.756,6
346.863,0
346.97,23
347.077,6
347.184,0
347.29,0
347.397,10
347.504,16
347.611,0
347.718,0
347.824,0
347.931,5
348.038,19
348.145,0
348.252,0
348.358,8
348.465,60
348.572,27
348.679,0
348.786,0
348.892,28
348.999,9
349.106,8
349.213,0
349.32,8
349.426,11
349.533,8
349.64,28
349.747,13
349.854,6
349.96,9
350.067,3
350.174,17
350.281,117
350.388,140
350.494,76
350.601,14
350.708,0
350.815,7
350.922,47
351.028,39
351.135,40
351.242,22
351.349,0
351.456,6
351.562,0
351.669,1
351.776,10
351.883,10
351.989,0
352.096,12
352.203,8
352.31,6
352.417,2
352.523,0
352.63,0
352.737,0
352.844,19
352.951,2
353.057,0
353.164,0
353.271,0
353.378,16
353.485,0
353.591,17
353.698,0
353.805,0
353.912,14
354.019,0
354.125,0
354.232,0
354.339,17
354.446,8
354.553,0
354.659,22
354.766,123
354.873,358
354.98,285
355.086,115
355.193,0
355.3,0
355.407,0
355.514,0
355.62,0
355.727,0
355.834,0
355.941,0
356.048,4
356.154,22
356.261,8
356.368,19
356.475,10
356.582,0
356.688,7
356.795,14
356.902,25
357.009,20
357.115,0
357.222,0
357.329,10
357.436,21
357.543,0
357.649,10
357.756,1
357.863,0
357.97,0
358.077,23
358.183,8
358.29,0
358.397,0
358.504,17
358.61,0
358.717,1
358.824,12
358.931,0
359.038,0
359.144,26
359.251,50
359.358,6
359.465,0
359.572,0
359.678,0
359.785,12
359.892,0
359.999,4
360.105,23
360.212,0
360.319,42
360.426,82
360.533,24
360.639,9
360.746,6
360.853,29
360.96,0
361.067,0
361.173,3
361.28,11
361.387,18
361.494,28
361.6,4
361.707,0
361.814,5
361.921,13
362.028,0
362.134,0
362.241,0
362.348,11
362.455,0
362.562,0
362.668,0
362.775,14
362.882,15
362.989,32
363.095,0
363.202,2
363.309,26
363.416,0
363.523,16
363.629,0
363.736,8
363.843,0
363.95,19
364.056,0
364.163,9
364.27,26
364.377,0
364.484,7
364.59,1
364.697,0
364.804,0
364.911,28
365.017,0
365.124,17
365.231,15
365.338,10
365.445,0
365.551,10
365.658,2
365.765,0
365.872,0
365.979,0
366.085,0
366.192,9
366.299,26
366.406,19
366.512,28
366.619,0
366.726,2
366.833,0
366.94,0
367.046,0
367.153,0
367.26,4
367.367,6
367.473,17
367.58,5
367.687,0
367.794,0
367.9,9
368.007,30
368.114,0
368.221,0
368.328,29
368.434,0
368.541,0
368.648,3
368.755,0
368.861,10
368.968,0
369.075,0
369.182,19
369.289,0
369.395,19
369.502,0
369.609,0
369.716,0
369.822,16
369.929,30
370.036,0
370.143,0
370.25,0
370.356,5
370.463,0
370.57,12
370.677,7
370.783,12
370.89,0
370.997,10
371.104,19
371.211,16
371.317,0
371.424,0
371.531,24
371.638,0
371.744,0
371.851,5
371.958,12
372.065,1
372.171,0
372.278,28
372.385,16
372.492,0
372.599,3
372.705,0
372.812,23
372.919,53
373.026,64
373.132,57
373.239,21
373.346,0
373.453,0
373.559,0
373.666,0
373.773,38
373.88,0
373.987,0
374.093,0
374.2,6
374.307,0
374.414,21
374.52,0
374.627,9
374.734,2
374.841,0
374.947,10
375.054,10
375.161,6
375.268,4
375.375,0
375.481,1
375.588,0
375.695,3
375.802,0
375.908,6
376.015,17
376.122,12
376.229,10
376.335,0
376.442,0
376.549,15
376.656,0
376.763,8
376.869,22
376.976,30
377.083,0
377.19,0
377.296,0
377.403,4
377.51,13
377.617,10
377.723,1
377.83,15
377.937,0
378.044,29
378.15,24
378.257,29
378.364,10
378.471,6
378.578,0
378.684,21
378.791,16
378.898,22
379.005,0
379.111,4
379.218,29
379.325,9
379.432,0
379.538,2
379.645,13
379.752,0
379.859,0
379.965,0
380.072,6
380.179,0
380.286,0
380.392,0
380.499,4
380.606,7
380.713,0
380.82,0
380.926,5
381.033,1
381.14,0
381.247,9
381.353,33
381.46,0
381.567,17
381.674,17
381.78,0
381.887,0
381.994,7
382.101,0
382.207,0
382.314,0
382.421,14
382.528,22
382.634,2
382.741,0
382.848,9
382.955,21
383.061,0
383.168,0
383.275,0
383.382,9
383.488,0
383.595,0
383.702,0
383.809,2
383.916,9
384.022,2
384.129,12
384.236,11
384.343,11
384.449,10
384.556,0
384.663,1
384.77,0
384.876,0
384.983,0
385.09,0
385.197,0
385.303,0
385.41,0
385.517,0
385.624,13
385.73,6
385.837,46
385.944,18
386.051,16
386.157,21
386.264,0
386.371,0
386.478,11
386.584,0
386.691,0
386.798,0
386.905,1
387.011,13
387.118,0
387.225,0
387.332,20
387.438,0
387.545,0
387.652,5
387.759,21
387.865,0
387.972,28
388.079,12
388.186,0
388.292,2
388.399,9
388.506,4
388.613,0
388.719,0
388.826,16
388.933,0
389.04,6
389.146,17
389.253,0
389.36,0
389.467,8
389.573,26
389.68,0
389.787,0
389.894,15
390,0
390.107,10
390.214,21
390.321,12
390.427,7
390.534,17
390.641,0
390.748,3
390.854,13
390.961,0
391.068,0
391.175,15
391.281,0
391.388,0
391.495,0
391.602,7
391.708,0
391.815,0
391.922,20
392.029,0
392.135,14
392.242,0
392.349,4
392.456,0
392.562,0
392.669,0
392.776,0
392.883,0
392.989,4
393.096,0
393.203,0
393.31,30
393.416,3
393.523,0
393.63,0
393.737,4
393.843,0
393.95,11
394.057,6
394.164,0
394.27,0
394.377,0
394.484,6
394.591,0
394.697,0
394.804,0
394.911,2
395.018,3
395.124,0
395.231,0
395.338,2
395.445,10
395.551,6
395.658,0
395.765,20
395.871,0
395.978,7
396.085,10
396.192,0
396.298,0
396.405,1
396.512,10
396.619,19
396.725,22
396.832,0
396.939,0
397.046,10
397.152,7
397.259,0
397.366,0
397.473,21
397.579,0
397.686,0
397.793,5
397.9,17
398.006,0
398.113,5
398.22,0
398.327,25
398.433,1
398.54,0
398.647,17
398.753,33
398.86,60
398.967,49
399.074,22
399.18,0
399.287,0
399.394,0
399.501,32
399.607,0
399.714,6
399.821,0
399.928,10
400.034,23
400.141,23
400.248,31
400.355,0
400.461,0
400.568,16
400.675,17
400.781,2
400.888,0
400.995,0
401.102,8
401.208,0
401.315,0
401.422,0
401.529,11
401.635,0
401.742,6
401.849,25
401.956,10
402.062,7
402.169,0
402.276,4
402.382,26
402.489,4
402.596,0
402.703,3
402.809,0
402.916,0
403.023,3
403.13,0
403.236,0
403.343,0
403.45,0
403.557,4
403.663,0
403.77,0
403.877,0
403.983,16
404.09,2
404.197,0
404.304,11
404.41,6
404.517,0
404.624,0
404.731,0
404.837,0
404.944,21
405.051,0
405.158,21
405.264,8
405.371,0
405.478,14
405.584,19
405.691,2
405.798,8
405.905,0
406.011,16
406.118,0
406.225,0
406.332,0
406.438,0
406.545,8
406.652,10
406.758,16
406.865,14
406.972,5
407.079,6
407.185,10
407.292,20
407.399,0
407.506,4
407.612,18
407.719,11
407.826,3
407.932,0
408.039,0
408.146,0
408.253,14
408.359,11
408.466,36
408.573,24
408.68,15
408.786,0
408.893,0
409,8
409.106,26
409.213,6
409.32,0
409.427,0
409.533,6
409.64,23
409.747,0
409.853,5
409.96,0
410.067,0
410.174,10
410.28,3
410.387,0
410.494,0
410.601,8
410.707,18
410.814,4
410.921,0
411.027,3
411.134,0
411.241,0
411.348,14
411.454,8
411.561,21
411.668,0
411.774,10
411.881,0
411.988,0
412.095,6
412.201,0
412.308,0
412.415,0
412.522,22
412.628,10
412.735,0
412.842,14
412.948,0
413.055,0
413.162,0
413.269,15
413.375,13
413.482,18
413.589,0
413.695,14
413.802,0
413.909,0
414.016,1
414.122,1
414.229,4
414.336,31
414.442,0
414.549,0
414.656,0
414.763,4
414.869,0
414.976,0
415.083,0
415.189,24
415.296,27
415.403,1
415.51,0
415.616,0
415.723,0
415.83,1
415.936,0
416.043,11
416.15,59
416.257,114
416.363,78
416.47,25
416.577,4
416.683,43
416.79,63
416.897,22
417.004,26
417.11,6
417.217,5
417.324,16
417.43,9
417.537,0
417.644,0
417.751,0
417.857,37
417.964,3
418.071,0
418.177,1
418.284,0
418.391,0
418.498,21
418.604,2
418.711,4
418.818,6
418.924,17
419.031,0
419.138,0
419.245,16
419.351,39
419.458,4
419.565,0
419.671,53
419.778,99
419.885,32
419.992,17
420.098,0
420.205,0
420.312,0
420.418,20
420.525,0
420.632,0
420.738,0
420.845,0
420.952,10
421.059,7
421.165,0
421.272,1
421.379,25
421.485,12
421.592,28
421.699,7
421.806,0
421.912,0
422.019,15
422.126,0
422.232,0
422.339,9
422.446,9
422.552,17
422.659,9
422.766,7
422.873,0
422.979,10
423.086,0
423.193,50
423.299,67
423.406,32
423.513,8
423.62,0
423.726,0
423.833,0
423.94,18
424.046,41
424.153,0
424.26,25
424.366,10
424.473,0
424.58,4
424.687,38
424.793,0
424.9,0
425.007,35
425.113,13
425.22,6
425.327,0
425.433,5
425.54,0
425.647,13
425.754,0
425.86,0
425.967,21
426.074,16
426.18,1
426.287,18
426.394,26
426.5,32
426.607,24
426.714,0
426.821,0
426.927,30
427.034,0
427.141,0
427.247,0
427.354,0
427.461,3
427.567,8
427.674,12
427.781,0
427.888,0
427.994,0
428.101,19
428.208,37
428.314,11
428.421,26
428.528,13
428.634,20
428.741,0
428.848,0
428.955,0
429.061,7
429.168,10
429.275,7
429.381,0
429.488,24
429.595,0
429.701,23
429.808,0
429.915,0
430.021,24
430.128,6
430.235,0
430.342,5
430.448,17
430.555,0
430.662,1
430.768,0
430.875,0
430.982,22
431.088,9
431.195,4
431.302,8
431.409,14
431.515,4
431.622,26
431.729,0
431.835,0
431.942,0
432.049,2
432.155,0
432.262,0
432.369,2
432.475,0
432.582,33
432.689,60
432.796,15
432.902,0
433.009,0
433.116,16
433.222,0
433.329,20
433.436,6
433.542,0
433.649,1
433.756,32
433.862,79
433.969,49
434.076,15
434.182,12
434.289,55
434.396,52
434.503,0
434.609,13
434.716,11
434.823,9
434.929,0
435.036,0
435.143,9
435.249,10
435.356,28
435.463,12
435.569,16
435.676,0
435.783,79
435.889,75
435.996,36
436.103,0
436.21,8
436.316,32
436.423,17
436.53,0
436.636,0
436.743,0
436.85,17
436.956,22
437.063,0
437.17,35
437.276,25
437.383,142
437.49,192
437.596,128
437.703,28
437.81,0
437.916,0
438.023,0
438.13,67
438.237,34
438.343,44
438.45,30
438.557,3
438.663,1
438.77,0
438.877,6
438.983,17
439.09,9
439.197,26
439.303,13
439.41,17
439.517,6
439.623,0
439.73,3
439.837,0
439.943,0
440.05,10
440.157,0
440.263,0
440.37,0
440.477,28
440.583,0
440.69,0
440.797,19
440.904,23
441.01,16
441.117,5
441.224,2
441.33,3
441.437,0
441.544,4
441.65,9
441.757,0
441.864,0
441.97,12
442.077,15
442.184,26
442.29,5
442.397,3
442.504,16
442.61,24
442.717,20
442.824,29
442.93,0
443.037,0
443.144,0
443.25,18
443.357,12
443.464,9
443.57,0
443.677,0
443.784,13
443.89,0
443.997,15
444.104,0
444.21,0
444.317,2
444.424,0
444.53,26
444.637,21
444.744,0
444.851,0
444.957,7
445.064,0
445.171,0
445.277,0
445.384,8
445.491,0
445.597,3
445.704,0
445.811,26
445.917,0
446.024,14
446.131,0
446.237,0
446.344,0
446.451,11
446.557,0
446.664,0
446.771,7
446.877,0
446.984,8
447.091,0
447.197,18
447.304,13
447.411,25
447.517,0
447.624,11
447.731,28
447.837,7
447.944,0
448.051,0
448.157,19
448.264,0
448.371,0
448.477,22
448.584,0
448.691,10
448.797,0
448.904,1
449.011,0
449.117,15
449.224,19
449.331,18
449.437,0
449.544,20
449.651,85
449.757,117
449.864,49
449.971,0
450.077,8
450.184,22
450.291,14
450.397,1
450.504,4
450.611,5
450.717,7
450.824,15
450.931,12
451.037,0
451.144,8
451.251,20
451.357,4
451.464,0
451.571,0
451.677,0
451.784,0
451.891,7
451.997,0
452.104,0
452.21,5
452.317,4
452.424,0
452.53,0
452.637,4
452.744,25
452.85,0
452.957,0
453.064,7
453.17,8
453.277,13
453.384,19
453.49,0
453.597,8
453.704,15
453.81,0
453.917,28
454.024,0
454.13,50
454.237,28
454.344,14
454.45,5
454.557,14
454.664,14
454.77,0
454.877,0
454.984,0
455.09,0
455.197,27
455.304,12
455.41,2
455.517,0
455.624,0
455.73,9
455.837,4
455.944,0
456.05,10
456.157,0
456.263,0
456.37,0
456.477,0
456.583,0
456.69,0
456.797,0
456.903,9
457.01,3
457.117,0
457.223,33
457.33,20
457.437,0
457.543,0
457.65,24
457.757,0
457.863,0
457.97,7
458.077,0
458.183,0
458.29,8
458.397,3
458.503,1
458.61,2
458.716,11
458.823,22
458.93,50
459.036,47
459.143,20
459.25,0
459.356,1
459.463,18
459.57,1
459.676,0
459.783,0
459.89,13
459.996,5
460.103,11
460.21,20
460.316,8
460.423,6
460.53,0
460.636,0
460.743,13
460.849,5
460.956,0
461.063,0
461.169,0
461.276,0
461.383,0
461.489,20
461.596,0
461.703,7
461.809,95
461.916,60
462.023,7
462.129,10
462.236,9
462.342,32
462.449,0
462.556,0
462.662,22
462.769,0
462.876,0
462.982,14
463.089,29
463.196,0
463.302,5
463.409,19
463.516,0
463.622,6
463.729,0
463.835,14
463.942,6
464.049,0
464.155,5
464.262,0
464.369,19
464.475,2
464.582,0
464.689,11
464.795,30
464.902,12
465.009,7
465.115,0
465.222,0
465.328,8
465.435,1
465.542,0
465.648,0
465.755,0
465.862,42
465.968,2
466.075,0
466.182,0
466.288,18
466.395,6
466.501,0
466.608,11
466.715,10
466.821,18
466.928,0
467.035,7
467.141,15
467.248,0
467.355,0
467.461,26
467.568,33
467.674,2
467.781,10
467.888,8
467.994,34
468.101,6
468.208,1
468.314,19
468.421,8
468.528,0
468.634,0
468.741,32
468.847,2
468.954,2
469.061,0
469.167,11
469.274,8
469.381,0
469.487,26
469.594,0
469.701,0
469.807,0
469.914,14
470.02,13
470.127,1
470.234,4
470.34,24
470.447,28
470.554,0
470.66,4
470.767,7
470.873,0
470.98,7
471.087,35
471.193,0
471.3,0
471.407,9
471.513,28
471.62,14
471.727,0
471.833,9
471.94,0
472.046,14
472.153,48
472.26,2
472.366,26
472.473,0
472.58,0
472.686,10
472.793,0
472.899,0
473.006,0
473.113,17
473.219,0
473.326,13
473.433,33
473.539,44
473.646,33
473.752,0
473.859,0
473.966,0
474.072,32
474.179,0
474.286,0
474.392,0
474.499,7
474.605,0
474.712,0
474.819,6
474.925,14
475.032,9
475.139,8
475.245,0
475.352,0
475.458,17
475.565,0
475.672,34
475.778,85
475.885,41
475.992,10
476.098,0
476.205,92
476.311,13
476.418,0
476.525,0
476.631,30
476.738,0
476.844,0
476.951,28
477.058,0
477.164,7
477.271,0
477.378,0
477.484,24
477.591,23
477.697,43
477.804,17
477.911,12
478.017,8
478.124,4
478.231,0
478.337,13
478.444,119
478.55,99
478.657,32
478.764,7
478.87,0
478.977,0
479.083,0
479.19,9
479.297,0
479.403,0
479.51,13
479.617,9
479.723,0
479.83,32
479.936,23
480.043,0
480.15,0
480.256,0
480.363,6
480.469,52
480.576,10
480.683,22
480.789,0
480.896,27
481.003,3
481.109,0
481.216,7
481.322,12
481.429,1
481.536,0
481.642,7
481.749,12
481.855,2
481.962,17
482.069,0
482.175,0
482.282,2
482.388,0
482.495,4
482.602,0
482.708,0
482.815,20
482.922,33
483.028,22
483.135,29
483.241,34
483.348,16
483.455,0
483.561,0
483.668,13
483.774,0
483.881,24
483.988,1
484.094,0
484.201,0
484.307,17
484.414,8
484.521,36
484.627,0
484.734,18
484.84,13
484.947,31
485.054,0
485.16,6
485.267,132
485.373,141
485.48,62
485.587,10
485.693,0
485.8,0
485.907,22
486.013,24
486.12,0
486.226,0
486.333,14
486.44,0
486.546,0
486.653,28
486.759,50
486.866,18
486.973,0
487.079,0
487.186,19
487.292,35
487.399,18
487.506,0
487.612,15
487.719,32
487.825,11
487.932,5
488.039,5
488.145,0
488.252,9
488.358,24
488.465,3
488.572,9
488.678,43
488.785,56
488.891,40
488.998,0
489.105,10
489.211,0
489.318,0
489.424,0
489.531,14
489.638,0
489.744,0
489.851,0
489.957,0
490.064,20
490.171,16
490.277,17
490.384,0
490.49,0
490.597,5
490.704,0
490.81,28
490.917,2
491.023,7
491.13,15
491.237,5
491.343,17
491.45,4
491.556,1
491.663,8
491.769,24
491.876,7
491.983,0
492.089,0
492.196,20
492.302,1
492.409,0
492.516,0
492.622,15
492.729,0
492.835,0
492.942,0
493.049,12
493.155,0
493.262,3
493.368,0
493.475,0
493.582,0
493.688,12
493.795,0
493.901,0
494.008,0
494.114,0
494.221,0
494.328,0
494.434,36
494.541,0
494.647,0
494.754,25
494.861,17
494.967,0
495.074,0
495.18,4
495.287,14
495.394,2
495.5,0
495.607,19
495.713,1
495.82,2
495.926,12
496.033,22
496.14,22
496.246,25
496.353,0
496.459,0
496.566,10
496.673,14
496.779,0
496.886,0
496.992,6
497.099,11
497.206,0
497.312,0
497.419,21
497.525,0
497.632,0
497.738,0
497.845,69
497.952,39
498.058,0
498.165,0
498.271,0
498.378,6
498.485,0
498.591,0
498.698,0
498.804,3
498.911,13
499.017,0
499.124,32
499.231,20
499.337,26
499.444,11
499.55,16
499.657,3
499.763,70
499.87,44
499.977,11
500.083,21
500.19,42
500.296,35
500.403,48
500.51,0
500.616,0
500.723,0
500.829,0
500.936,18
501.042,9
501.149,0
501.256,0
501.362,0
501.469,9
501.575,0
501.682,0
501.788,10
501.895,38
502.002,11
502.108,0
502.215,0
502.321,6
502.428,18
502.534,6
502.641,0
502.748,0
502.854,2
502.961,10
503.067,15
503.174,0
503.281,0
503.387,9
503.494,3
503.6,0
503.707,10
503.813,11
503.92,0
504.027,0
504.133,19
504.24,32
504.346,9
504.453,13
504.559,11
504.666,22
504.773,0
504.879,12
504.986,17
505.092,0
505.199,44
505.305,66
505.412,47
505.518,41
505.625,78
505.732,119
505.838,67
505.945,90
506.051,135
506.158,151
506.264,148
506.371,59
506.478,6
506.584,0
506.691,51
506.797,83
506.904,62
507.01,33
507.117,48
507.224,176
507.33,200
507.437,237
507.543,146
507.65,17
507.756,0
507.863,0
507.97,60
508.076,94
508.183,52
508.289,0
508.396,0
508.502,27
508.609,30
508.715,0
508.822,0
508.929,4
509.035,2
509.142,29
509.248,78
509.355,63
509.461,24
509.568,0
509.675,0
509.781,0
509.888,0
509.994,0
510.101,0
510.207,4
510.314,0
510.42,4
510.527,24
510.634,0
510.74,0
510.847,19
510.953,9
511.06,0
511.166,0
511.273,32
511.379,12
511.486,11
511.593,10
511.699,0
511.806,0
511.912,0
512.019,0
512.125,21
512.232,107
512.339,131
512.445,60
512.552,17
512.658,6
512.765,0
512.871,6
512.978,21
513.084,3
513.191,0
513.298,18
513.404,37
513.511,0
513.617,26
513.724,0
513.83,64
513.937,191
514.043,282
514.15,130
514.256,17
514.363,33
514.47,19
514.576,0
514.683,9
514.789,4
514.896,18
515.002,0
515.109,7
515.215,20
515.322,0
515.429,0
515.535,28
515.642,0
515.748,0
515.855,0
515.961,0
516.068,0
516.174,15
516.281,18
516.388,0
516.494,0
516.601,0
516.707,5
516.814,0
516.92,2
517.027,58
517.133,71
517.24,26
517.346,13
517.453,0
517.56,14
517.666,19
517.773,0
517.879,5
517.986,4
518.092,0
518.199,24
518.305,142
518.412,146
518.518,60
518.625,0
518.732,10
518.838,4
518.945,0
519.051,0
519.158,31
519.264,34
519.371,0
519.477,0
519.584,0
519.69,3
519.797,0
519.903,1
520.01,14
520.117,26
520.223,0
520.33,8
520.436,6
520.543,8
520.649,10
520.756,0
520.862,28
520.969,0
521.075,0
521.182,0
521.289,0
521.395,0
521.502,0
521.608,1
521.715,0
521.821,7
521.928,11
522.034,0
522.141,8
522.247,10
522.354,0
522.46,0
522.567,0
522.674,6
522.78,0
522.887,5
522.993,0
523.1,0
523.206,0
523.313,36
523.419,34
523.526,20
523.632,2
523.739,0
523.845,0
523.952,0
524.058,16
524.165,13
524.272,0
524.378,3
524.485,3
524.591,4
524.698,0
524.804,0
524.911,2
525.017,13
525.124,3
525.23,10
525.337,0
525.443,14
525.55,7
525.656,8
525.763,14
525.87,0
525.976,3
526.083,18
526.189,0
526.296,15
526.402,0
526.509,0
526.615,4
526.722,0
526.828,17
526.935,0
527.041,0
527.148,0
527.254,15
527.361,0
527.467,0
527.574,14
527.68,4
527.787,1
527.894,7
528,5
528.107,8
528.213,0
528.32,8
528.426,2
528.533,0
528.639,1
528.746,0
528.852,10
528.959,0
529.065,0
529.172,0
529.278,0
529.385,18
529.491,6
529.598,0
529.704,0
529.811,26
529.918,22
530.024,0
530.131,0
530.237,0
530.344,24
530.45,0
530.557,16
530.663,16
530.77,0
530.876,6
530.983,0
531.089,0
531.196,0
531.302,0
531.409,0
531.515,27
531.622,0
531.728,0
531.835,26
531.941,0
532.048,0
532.154,0
532.261,51
532.367,0
532.474,0
532.581,0
532.687,12
532.794,3
532.9,23
533.007,13
533.113,15
533.22,0
533.326,28
533.433,59
533.539,43
533.646,40
533.752,0
533.859,4
533.965,1
534.072,4
534.178,27
534.285,0
534.391,0
534.498,11
534.604,0
534.711,0
534.817,8
534.924,0
535.03,6
535.137,2
535.243,0
535.35,0
535.456,0
535.563,0
535.669,0
535.776,1
535.882,0
535.989,0
536.095,0
536.202,0
536.308,0
536.415,0
536.521,0
536.628,0
536.735,0
536.841,10
536.948,0
537.054,0
537.161,2
537.267,0
537.374,9
537.48,0
537.587,11
537.693,31
537.8,14
537.906,0
538.013,7
538.119,0
538.226,6
538.332,12
538.439,0
538.545,0
538.652,10
538.758,21
538.865,0
538.971,0
539.078,12
539.184,0
539.291,1
539.397,0
539.504,32
539.61,24
539.717,3
539.823,0
539.93,12
540.036,18
540.143,0
540.249,110
540.356,117
540.462,84
540.569,57
540.675,0
540.782,29
540.888,179
540.995,107
541.101,69
541.208,0
541.314,21
541.421,0
541.527,0
541.634,20
541.74,0
541.847,0
541.953,0
542.06,0
542.166,0
542.273,0
542.379,11
542.486,6
542.592,8
542.699,26
542.805,1
542.912,12
543.018,0
543.125,20
543.231,7
543.338,0
543.444,0
543.551,6
543.657,0
543.764,26
543.87,0
543.977,0
544.083,0
544.19,10
544.296,28
544.403,20
544.509,18
544.616,15
544.722,4
544.829,9
544.935,12
545.042,22
545.148,15
545.255,0
545.361,0
545.467,0
545.574,0
545.68,2
545.787,13
545.893,0
546,0
546.106,10
546.213,11
546.319,0
546.426,4
546.532,33
546.639,20
546.745,22
546.852,11
546.958,3
547.065,12
547.171,26
547.278,0
547.384,0
547.491,28
547.597,13
547.704,0
547.81,1
547.917,10
548.023,19
548.13,9
548.236,18
548.343,0
548.449,11
548.556,8
548.662,8
548.769,2
548.875,0
548.982,14
549.088,1
549.195,0
549.301,0
549.408,22
549.514,0
549.62,0
549.727,14
549.833,0
549.94,0
550.046,3
550.153,0
550.259,14
550.366,15
550.472,0
550.579,13
550.685,0
550.792,9
550.898,0
551.005,0
551.111,20
551.218,46
551.324,1
551.431,0
551.537,0
551.644,16
551.75,23
551.857,55
551.963,68
552.07,1
552.176,0
552.282,0
552.389,0
552.495,0
552.602,0
552.708,8
552.815,9
552.921,2
553.028,0
553.134,2
553.241,3
553.347,0
553.454,0
553.56,16
553.667,25
553.773,2
553.88,0
553.986,7
554.093,0
554.199,8
554.305,4
554.412,18
554.518,0
554.625,29
554.731,24
554.838,27
554.944,0
555.051,0
555.157,4
555.264,29
555.37,0
555.477,5
555.583,35
555.69,5
555.796,19
555.903,0
556.009,26
556.115,24
556.222,7
556.328,6
556.435,0
556.541,0
556.648,0
556.754,0
556.861,0
556.967,0
557.074,5
557.18,16
557.287,0
557.393,0
557.5,6
557.606,5
557.713,19
557.819,19
557.925,13
558.032,0
558.138,0
558.245,30
558.351,0
558.458,0
558.564,0
558.671,0
558.777,0
558.884,13
558.99,34
559.097,18
559.203,13
559.309,38
559.416,7
559.522,5
559.629,0
559.735,23
559.842,0
559.948,17
560.055,0
560.161,15
560.268,21
560.374,4
560.481,0
560.587,17
560.693,18
560.8,0
560.906,25
561.013,0
561.119,18
561.226,21
561.332,0
561.439,15
561.545,0
561.652,0
561.758,59
561.864,39
561.971,0
562.077,0
562.184,16
562.29,0
562.397,0
562.503,0
562.61,0
562.716,30
562.823,9
562.929,0
563.035,10
563.142,1
563.248,0
563.355,15
563.461,0
563.568,7
563.674,19
563.781,0
563.887,0
563.994,13
564.1,12
564.206,5
564.313,0
564.419,12
564.526,40
564.632,7
564.739,5
564.845,14
564.952,7
565.058,0
565.165,4
565.271,0
565.377,0
565.484,0
565.59,0
565.697,17
565.803,14
565.91,63
566.016,82
566.123,27
566.229,0
566.335,0
566.442,0
566.548,0
566.655,0
566.761,0
566.868,3
566.974,0
567.081,0
567.187,9
567.293,22
567.4,11
567.506,2
567.613,2
567.719,0
567.826,3
567.932,0
568.039,15
568.145,6
568.251,15
568.358,39
568.464,0
568.571,0
568.677,0
568.784,18
568.89,0
568.997,12
569.103,0
569.209,0
569.316,0
569.422,0
569.529,0
569.635,28
569.742,7
569.848,3
569.955,6
570.061,0
570.167,24
570.274,0
570.38,0
570.487,0
570.593,15
570.7,0
570.806,0
570.912,0
571.019,0
571.125,0
571.232,0
571.338,12
571.445,0
571.551,0
571.658,0
571.764,0
571.87,24
571.977,0
572.083,0
572.19,0
572.296,0
572.403,44
572.509,14
572.615,4
572.722,0
572.828,0
572.935,1
573.041,0
573.148,0
573.254,0
573.36,0
573.467,0
573.573,0
573.68,8
573.786,14
573.893,14
573.999,0
574.105,7
574.212,0
574.318,0
574.425,7
574.531,0
574.638,0
574.744,19
574.85,24
574.957,0
575.063,0
575.17,24
575.276,0
575.383,7
575.489,4
575.595,21
575.702,5
575.808,8
575.915,13
576.021,0
576.128,3
576.234,0
576.34,0
576.447,11
576.553,0
576.66,5
576.766,0
576.873,0
576.979,0
577.085,10
577.192,11
577.298,40
577.405,0
577.511,0
577.618,2
577.724,0
577.83,0
577.937,0
578.043,0
578.15,6
578.256,0
578.363,10
578.469,30
578.575,17
578.682,0
578.788,17
578.895,10
579.001,0
579.107,13
579.214,0
579.32,0
579.427,54
579.533,126
579.64,43
579.746,21
579.852,0
579.959,0
580.065,0
580.172,0
580.278,0
580.384,0
580.491,5
580.597,0
580.704,0
580.81,5
580.917,14
581.023,0
581.129,0
581.236,1
581.342,9
581.449,0
581.555,0
581.661,0
581.768,3
581.874,0
581.981,0
582.087,6
582.193,16
582.3,11
582.406,32
582.513,25
582.619,15
582.726,21
582.832,0
582.938,0
583.045,37
583.151,22
583.258,0
583.364,0
583.47,0
583.577,27
583.683,17
583.79,0
583.896,0
584.002,22
584.109,0
584.215,0
584.322,0
584.428,1
584.535,0
584.641,0
584.747,11
584.854,6
584.96,6
585.067,0
585.173,0
585.279,0
585.386,0
585.492,5
585.599,0
585.705,0
585.811,13
585.918,17
586.024,0
586.131,0
586.237,0
586.343,12
586.45,10
586.556,4
586.663,6
586.769,26
586.875,0
586.982,24
587.088,3
587.195,8
587.301,0
587.407,0
587.514,0
587.62,1
587.727,0
587.833,0
587.939,0
588.046,13
588.152,0
588.259,0
588.365,0
588.471,12
588.578,0
588.684,8
588.791,26
588.897,9
589.003,0
589.11,0
589.216,13
589.323,0
589.429,4
589.535,17
589.642,21
589.748,19
589.855,6
589.961,0
590.067,0
590.174,11
590.28,0
590.387,0
590.493,16
590.599,0
590.706,0
590.812,16
590.918,11
591.025,17
591.131,13
591.238,0
591.344,7
591.45,0
591.557,1
591.663,6
591.77,13
591.876,0
591.982,5
592.089,4
592.195,14
592.302,0
592.408,0
592.514,0
592.621,24
592.727,0
592.834,0
592.94,0
593.046,44
593.153,0
593.259,0
593.365,0
593.472,0
593.578,0
593.685,54
593.791,20
593.897,0
594.004,0
594.11,9
594.217,0
594.323,5
594.429,6
594.536,0
594.642,0
594.748,6
594.855,23
594.961,0
595.068,9
595.174,18
595.28,0
595.387,0
595.493,3
595.6,9
595.706,0
595.812,0
595.919,0
596.025,32
596.131,8
596.238,0
596.344,0
596.451,19
596.557,3
596.663,0
596.77,12
596.876,0
596.982,14
597.089,13
597.195,0
597.302,0
597.408,11
597.514,20
597.621,0
597.727,0
597.833,0
597.94,9
598.046,0
598.153,0
598.259,25
598.365,29
598.472,0
598.578,19
598.685,0
598.791,18
598.897,11
599.004,0
599.11,0
599.216,0
599.323,0
599.429,18
599.535,0
599.642,12
599.748,0
599.855,11
599.961,0
600.067,15
600.174,4
600.28,0
600.386,8
600.493,10
600.599,0
600.706,0
600.812,0
600.918,10
601.025,4
601.131,0
601.237,8
601.344,23
601.45,4
601.557,0
601.663,7
601.769,1
601.876,19
601.982,0
602.088,0
602.195,4
602.301,0
602.407,0
602.514,22
602.62,0
602.727,0
602.833,12
602.939,19
603.046,18
603.152,0
603.258,26
603.365,19
603.471,9
603.577,14
603.684,25
603.79,6
603.897,0
604.003,10
604.109,0
604.216,0
604.322,28
604.428,52
604.535,12
604.641,0
604.747,9
604.854,0
604.96,17
605.067,0
605.173,0
605.279,2
605.386,0
605.492,5
605.598,0
605.705,11
605.811,0
605.917,27
606.024,0
606.13,0
606.236,19
606.343,0
606.449,0
606.556,21
606.662,9
606.768,0
606.875,1
606.981,12
607.087,0
607.194,0
607.3,11
607.406,7
607.513,0
607.619,0
607.725,2
607.832,0
607.938,5
608.045,0
608.151,18
608.257,0
608.364,0
608.47,28
608.576,11
608.683,0
608.789,12
608.895,8
609.002,14
609.108,8
609.214,0
609.321,0
609.427,7
609.533,0
609.64,2
609.746,0
609.852,18
609.959,1
610.065,0
610.172,0
610.278,0
610.384,2
610.491,0
610.597,4
610.703,0
610.81,0
610.916,0
611.022,0
611.129,10
611.235,6
611.341,30
611.448,0
611.554,11
611.66,0
611.767,2
611.873,25
611.979,10
612.086,0
612.192,7
612.298,0
612.405,0
612.511,7
612.617,0
612.724,7
612.83,0
612.936,0
613.043,14
613.149,0
613.255,0
613.362,8
613.468,0
613.575,10
613.681,0
613.787,0
613.894,0
614,0
614.106,0
614.213,0
614.319,6
614.425,21
614.532,8
614.638,20
614.744,0
614.851,0
614.957,36
615.063,24
615.17,0
615.276,0
615.382,17
615.489,0
615.595,0
615.701,4
615.808,14
615.914,12
616.02,0
616.127,1
616.233,26
616.339,0
616.446,6
616.552,11
616.658,0
616.765,0
616.871,4
616.977,0
617.084,0
617.19,17
617.296,0
617.403,13
617.509,0
617.615,1
617.722,0
617.828,14
617.934,0
618.041,16
618.147,0
618.253,23
618.36,0
618.466,3
618.572,9
618.679,8
618.785,24
618.891,0
618.998,6
619.104,4
619.21,0
619.316,0
619.423,1
619.529,16
619.635,8
619.742,5
619.848,9
619.954,0
620.061,3
620.167,10
620.273,29
620.38,0
620.486,3
620.592,3
620.699,0
620.805,1
620.911,0
621.018,19
621.124,4
621.23,0
621.337,0
621.443,0
621.549,0
621.656,0
621.762,0
621.868,8
621.975,0
622.081,0
622.187,17
622.294,0
622.4,15
622.506,4
622.612,0
622.719,6
622.825,0
622.931,0
623.038,0
623.144,11
623.25,0
623.357,4
623.463,0
623.569,0
623.676,0
623.782,0
623.888,2
623.995,22
624.101,7
624.207,0
624.314,4
624.42,15
624.526,0
624.632,16
624.739,34
624.845,27
624.951,31
625.058,0
625.164,1
625.27,0
625.377,4
625.483,11
625.589,70
625.696,38
625.802,0
625.908,0
626.015,6
626.121,25
626.227,0
626.333,0
626.44,0
626.546,14
626.652,18
626.759,0
626.865,26
626.971,8
627.078,0
627.184,0
627.29,12
627.397,21
627.503,0
627.609,0
627.715,15
627.822,0
627.928,0
628.034,29
628.141,11
628.247,0
628.353,18
628.46,0
628.566,2
628.672,0
628.778,0
628.885,0
628.991,2
629.097,28
629.204,0
629.31,8
629.416,0
629.523,6
629.629,32
629.735,5
629.841,6
629.948,0
630.054,60
630.16,138
630.267,71
630.373,0
630.479,0
630.586,0
630.692,0
630.798,0
630.904,4
631.011,1
631.117,0
631.223,0
631.33,9
631.436,7
631.542,58
631.649,46
631.755,22
631.861,0
631.967,0
632.074,0
632.18,10
632.286,0
632.393,0
632.499,0
632.605,0
632.711,36
632.818,0
632.924,13
633.03,4
633.137,0
633.243,0
633.349,0
633.456,0
633.562,25
633.668,16
633.774,1
633.881,0
633.987,6
634.093,0
634.2,0
634.306,0
634.412,9
634.518,21
634.625,1
634.731,0
634.837,6
634.944,0
635.05,0
635.156,9
635.262,6
635.369,11
635.475,0
635.581,21
635.688,0
635.794,8
635.9,17
636.006,0
636.113,0
636.219,17
636.325,21
636.432,17
636.538,0
636.644,0
636.75,12
636.857,0
636.963,30
637.069,2
637.176,32
637.282,22
637.388,0
637.494,10
637.601,62
637.707,46
637.813,0
637.92,0
638.026,33
638.132,19
638.238,0
638.345,9
638.451,2
638.557,0
638.663,0
638.77,11
638.876,0
638.982,0
639.089,0
639.195,5
639.301,6
639.407,0
639.514,4
639.62,2
639.726,15
639.833,19
639.939,1
640.045,0
640.151,9
640.258,26
640.364,0
640.47,10
640.576,13
640.683,3
640.789,0
640.895,2
641.002,3
641.108,0
641.214,5
641.32,2
641.427,0
641.533,0
641.639,0
641.745,0
641.852,29
641.958,6
642.064,19
642.171,11
642.277,0
642.383,0
642.489,0
642.596,0
642.702,0
642.808,0
642.914,11
643.021,9
643.127,0
643.233,0
643.339,25
643.446,10
643.552,7
643.658,0
643.765,2
643.871,20
643.977,0
644.083,0
644.19,3
644.296,0
644.402,0
644.508,0
644.615,0
644.721,0
644.827,12
644.933,17
645.04,23
645.146,0
645.252,10
645.358,7
645.465,8
645.571,0
645.677,0
645.784,0
645.89,0
645.996,32
646.102,8
646.209,14
646.315,16
646.421,0
646.527,0
646.634,0
646.74,0
646.846,51
646.952,24
647.059,0
647.165,0
647.271,0
647.377,5
647.484,0
647.59,0
647.696,0
647.802,24
647.909,10
648.015,2
648.121,51
648.227,71
648.334,35
648.44,23
648.546,0
648.652,4
648.759,0
648.865,0
648.971,8
649.077,0
649.184,14
649.29,0
649.396,0
649.502,4
649.609,28
649.715,2
649.821,18
649.927,32
650.034,23
650.14,8
650.246,3
650.352,6
650.459,0
650.565,14
650.671,5
650.777,5
650.884,0
650.99,8
651.096,28
651.202,0
651.309,0
651.415,0
651.521,10
651.627,14
651.734,0
651.84,34
651.946,0
652.052,43
652.159,0
652.265,12
652.371,5
652.477,0
652.584,13
652.69,31
652.796,0
652.902,18
653.009,0
653.115,11
653.221,0
653.327,0
653.434,12
653.54,8
653.646,11
653.752,6
653.858,0
653.965,0
654.071,0
654.177,9
654.283,0
654.39,0
654.496,27
654.602,0
654.708,27
654.815,10
654.921,13
655.027,3
655.133,0
655.24,2
655.346,0
655.452,0
655.558,0
655.665,6
655.771,0
655.877,0
655.983,6
656.089,0
656.196,10
656.302,0
656.408,8
656.514,0
656.621,25
656.727,19
656.833,18
656.939,0
657.046,12
657.152,15
657.258,0
657.364,0
657.47,30
657.577,30
657.683,0
657.789,2
657.895,7
658.002,0
658.108,6
658.214,6
658.32,0
658.427,0
658.533,0
658.639,0
658.745,4
658.851,16
658.958,3
659.064,28
659.17,0
659.276,0
659.383,19
659.489,0
659.595,9
659.701,3
659.807,14
659.914,64
660.02,47
660.126,33
660.232,0
660.339,5
660.445,0
660.551,0
660.657,13
660.763,0
660.87,75
660.976,115
661.082,37
661.188,11
661.295,0
661.401,0
661.507,0
661.613,0
661.719,0
661.826,0
661.932,0
662.038,6
662.144,0
662.251,1
662.357,0
662.463,0
662.569,2
662.675,0
662.782,3
662.888,0
662.994,0
663.1,10
663.206,2
663.313,8
663.419,28
663.525,13
663.631,0
663.738,7
663.844,0
663.95,2
664.056,8
664.162,8
664.269,3
664.375,0
664.481,13
664.587,4
664.693,0
664.8,0
664.906,60
665.012,39
665.118,20
665.225,9
665.331,17
665.437,39
665.543,11
665.649,0
665.756,0
665.862,19
665.968,22
666.074,0
666.18,0
666.287,8
666.393,30
666.499,3
666.605,0
666.711,0
666.818,7
666.924,5
667.03,0
667.136,30
667.242,0
667.349,0
667.455,5
667.561,10
667.667,25
667.773,0
667.88,0
667.986,0
668.092,40
668.198,32
668.304,111
668.411,65
668.517,13
668.623,0
668.729,0
668.835,0
668.942,10
669.048,8
669.154,0
669.26,27
669.366,13
669.473,0
669.579,0
669.685,0
669.791,0
669.897,4
670.004,0
670.11,20
670.216,0
670.322,0
670.428,0
670.535,1
670.641,0
670.747,0
670.853,0
670.959,0
671.066,10
671.172,6
671.278,0
671.384,2
671.49,8
671.597,19
671.703,2
671.809,0
671.915,0
672.021,0
672.128,4
672.234,8
672.34,0
672.446,16
672.552,13
672.658,12
672.765,7
672.871,27
672.977,0
673.083,0
673.189,19
673.296,10
673.402,3
673.508,13
673.614,5
673.72,22
673.827,0
673.933,19
674.039,0
674.145,17
674.251,0
674.357,0
674.464,0
674.57,95
674.676,166
674.782,92
674.888,40
674.995,10
675.101,0
675.207,0
675.313,28
675.419,41
675.526,0
675.632,4
675.738,8
675.844,21
675.95,39
676.056,27
676.163,16
676.269,4
676.375,0
676.481,3
676.587,4
676.693,0
676.8,18
676.906,3
677.012,6
677.118,0
677.224,5
677.331,21
677.437,9
677.543,0
677.649,3
677.755,4
677.861,22
677.968,1
678.074,13
678.18,18
678.286,0
678.392,0
678.498,27
678.605,24
678.711,54
678.817,41
678.923,8
679.029,0
679.136,28
679.242,0
679.348,0
679.454,4
679.56,8
679.666,11
679.773,5
679.879,15
679.985,0
680.091,15
680.197,17
680.303,0
680.41,1
680.516,13
680.622,0
680.728,0
680.834,21
680.94,4
681.047,15
681.153,27
681.259,82
681.365,54
681.471,23
681.577,0
681.684,0
681.79,0
681.896,12
682.002,0
682.108,0
682.214,14
682.321,26
682.427,0
682.533,8
682.639,0
682.745,57
682.851,51
682.958,0
683.064,4
683.17,0
683.276,0
683.382,0
683.488,0
683.595,0
683.701,0
683.807,6
683.913,5
684.019,17
684.125,0
684.231,2
684.338,0
684.444,0
684.55,14
684.656,16
684.762,0
684.868,19
684.975,39
685.081,0
685.187,13
685.293,32
685.399,16
685.505,3
685.611,0
685.718,1
685.824,18
685.93,5
686.036,0
686.142,63
686.248,185
686.355,120
686.461,34
686.567,0
686.673,0
686.779,9
686.885,29
686.991,27
687.098,5
687.204,0
687.31,9
687.416,13
687.522,21
687.628,0
687.735,0
687.841,11
687.947,0
688.053,14
688.159,13
688.265,6
688.371,12
688.478,5
688.584,0
688.69,21
688.796,30
688.902,0
689.008,8
689.114,0
689.221,0
689.327,45
689.433,44
689.539,0
689.645,0
689.751,56
689.857,67
689.964,37
690.07,2
690.176,7
690.282,0
690.388,16
690.494,16
690.6,19
690.707,8
690.813,3
690.919,0
691.025,3
691.131,5
691.237,0
691.343,0
691.45,0
691.556,0
691.662,0
691.768,8
691.874,0
691.98,15
692.086,0
692.193,0
692.299,34
692.405,0
692.511,0
692.617,0
692.723,0
692.829,11
692.935,0
693.042,3
693.148,0
693.254,21
693.36,24
693.466,0
693.572,6
693.678,33
693.785,0
693.891,8
693.997,14
694.103,15
694.209,25
694.315,0
694.421,3
694.527,13
694.634,7
694.74,0
694.846,0
694.952,7
695.058,33
695.164,19
695.27,25
695.376,0
695.483,0
695.589,21
695.695,24
695.801,0
695.907,0
696.013,4
696.119,26
696.225,14
696.332,0
696.438,20
696.544,10
696.65,18
696.756,15
696.862,22
696.968,0
697.074,15
697.181,9
697.287,8
697.393,30
697.499,0
697.605,0
697.711,0
697.817,37
697.923,13
698.03,0
698.136,13
698.242,0
698.348,0
698.454,27
698.56,18
698.666,0
698.772,11
698.879,17
698.985,0
699.091,12
699.197,29
699.303,1
699.409,0
699.515,17
