59.6745,0
59.7814,0
59.8883,45
59.9952,55
60.1021,0
60.209,0
60.3159,4
60.4228,8
60.5296,11
60.6365,0
60.7434,7
60.8503,47
60.9572,9
61.0641,0
61.171,47
61.2779,16
61.3848,0
61.4917,1
61.5986,20
61.7055,0
61.8124,2
61.9193,15
62.0261,6
62.133,0
62.2399,27
62.3468,3
62.4537,12
62.5606,0
62.6675,0
62.7744,0
62.8813,34
62.9882,5
63.0951,18
63.202,0
63.3089,37
63.4158,15
63.5226,0
63.6295,1
63.7364,16
63.8433,0
63.9502,0
64.0571,0
64.164,6
64.2709,0
64.3778,0
64.4847,2
64.5916,9
64.6985,0
64.8054,39
64.9123,21
65.0192,0
65.1261,0
65.2329,0
65.3398,0
65.4467,2
65.5536,8
65.6605,0
65.7674,0
65.8743,5
65.9812,2
66.0881,8
66.195,1
66.3019,8
66.4088,6
66.5157,0
66.6226,13
66.7295,0
66.8364,12
66.9433,7
67.0502,13
67.157,0
67.2639,10
67.3708,31
67.4777,3
67.5846,18
67.6915,32
67.7984,22
67.9053,0
68.0122,0
68.1191,18
68.226,50
68.3329,0
68.4398,15
68.5467,1
68.6536,0
68.7605,0
68.8674,0
68.9743,1
69.0812,0
69.1881,11
69.295,18
69.4018,0
69.5087,0
69.6156,25
69.7225,22
69.8294,19
69.9363,0
70.0432,11
70.1501,6
70.257,0
70.3639,0
70.4708,0
70.5777,12
70.6846,17
70.7915,0
70.8984,7
71.0053,18
71.1122,0
71.2191,13
71.326,20
71.4329,11
71.5398,0
71.6467,4
71.7536,6
71.8605,0
71.9674,0
72.0742,0
72.1811,0
72.288,38
72.3949,0
72.5018,0
72.6087,0
72.7156,0
72.8225,0
72.9294,3
73.0363,26
73.1432,0
73.2501,5
73.357,42
73.4639,4
73.5708,0
73.6777,5
73.7846,42
73.8915,21
73.9984,39
74.1053,26
74.2122,0
74.3191,17
74.426,26
74.5329,0
74.6398,17
74.7467,0
74.8536,11
74.9605,0
75.0674,0
75.1743,0
75.2812,0
75.3881,4
75.495,8
75.6019,4
75.7088,0
75.8157,0
75.9225,2
76.0294,0
76.1363,7
76.2432,0
76.3501,3
76.457,0
76.5639,0
76.6708,15
76.7777,0
76.8846,0
76.9915,0
77.0984,0
77.2053,0
77.3122,0
77.4191,18
77.526,0
77.6329,0
77.7398,7
77.8467,0
77.9536,0
78.0605,26
78.1674,3
78.2743,14
78.3812,0
78.4881,0
78.595,0
78.7019,21
78.8088,9
78.9157,5
79.0226,0
79.1295,1
79.2364,19
79.3433,4
79.4502,29
79.5571,15
79.664,4
79.7709,0
79.8778,0
79.9847,5
80.0916,0
80.1985,6
80.3054,0
80.4123,0
80.5192,0
80.6261,12
80.733,23
80.8399,12
80.9468,9
81.0537,0
81.1606,0
81.2675,11
81.3744,2
81.4813,0
81.5882,1
81.6951,0
81.802,3
81.9089,0
82.0158,0
82.1227,25
82.2296,4
82.3365,0
82.4434,0
82.5503,7
82.6572,28
82.7641,0
82.871,0
82.9779,0
83.0848,0
83.1917,13
83.2986,5
83.4055,0
83.5124,0
83.6193,13
83.7262,13
83.8331,0
83.94,32
84.0469,10
84.1538,0
84.2607,0
84.3676,25
84.4745,14
84.5814,0
84.6883,0
84.7952,0
84.9021,2
85.009,0
85.1159,0
85.2228,0
85.3297,4
85.4366,2
85.5435,14
85.6504,0
85.7573,3
85.8642,33
85.9711,8
86.078,0
86.1849,0
86.2918,0
86.3987,4
86.5056,7
86.6125,0
86.7194,0
86.8263,12
86.9332,9
87.0401,5
87.147,15
87.2539,2
87.3608,8
87.4677,29
87.5746,5
87.6815,0
87.7884,4
87.8953,0
88.0022,21
88.1091,0
88.216,0
88.3229,17
88.4298,6
88.5367,0
88.6436,0
88.7505,22
88.8574,18
88.9643,7
89.0712,25
89.1781,0
89.285,8
89.3919,8
89.4988,0
89.6057,2
89.7126,0
89.8195,3
89.9264,12
90.0334,16
90.1403,0
90.2472,11
90.3541,18
90.461,21
90.5679,10
90.6748,7
90.7817,10
90.8886,0
90.9955,14
91.1024,0
91.2093,12
91.3162,0
91.4231,13
91.53,8
91.6369,0
91.7438,0
91.8507,0
91.9576,29
92.0645,40
92.1714,0
92.2783,3
92.3852,4
92.4921,0
92.599,12
92.7059,0
92.8128,4
92.9197,0
93.0266,24
93.1335,0
93.2404,0
93.3473,7
93.4542,5
93.5611,0
93.668,0
93.7749,10
93.8818,27
93.9887,0
94.0956,0
94.2025,0
94.3095,0
94.4164,4
94.5233,0
94.6302,0
94.7371,26
94.844,5
94.9509,4
95.0578,0
95.1647,14
95.2716,21
95.3785,10
95.4854,5
95.5923,8
95.6992,5
95.8061,0
95.913,5
96.0199,14
96.1268,4
96.2337,1
96.3406,0
96.4475,0
96.5544,14
96.6613,9
96.7682,11
96.8751,0
96.982,0
97.0889,28
97.1958,17
97.3027,0
97.4097,16
97.5166,1
97.6235,0
97.7304,0
97.8373,13
97.9442,3
98.0511,19
98.158,0
98.2649,0
98.3718,15
98.4787,0
98.5856,0
98.6925,19
98.7994,30
98.9063,0
99.0132,3
99.1201,11
99.227,16
99.3339,20
99.4408,12
99.5477,2
99.6546,10
99.7615,0
99.8684,14
99.9753,0
100.082,0
100.189,0
100.296,1
100.403,4
100.51,4
100.617,0
100.724,16
100.831,14
100.937,17
101.044,0
101.151,0
101.258,13
101.365,6
101.472,0
101.579,24
101.686,0
101.793,5
101.9,28
102.007,0
102.113,0
102.22,0
102.327,13
102.434,0
102.541,0
102.648,38
102.755,33
102.862,16
102.969,2
103.076,0
103.182,0
103.289,15
103.396,4
103.503,34
103.61,9
103.717,0
103.824,0
103.931,14
104.038,0
104.145,0
104.252,0
104.358,0
104.465,7
104.572,34
104.679,0
104.786,8
104.893,8
105,13
105.107,28
105.214,0
105.321,27
105.427,10
105.534,0
105.641,13
105.748,11
105.855,0
105.962,0
106.069,0
106.176,25
106.283,0
106.39,10
106.497,33
106.603,0
106.71,2
106.817,15
106.924,9
107.031,0
107.138,1
107.245,20
107.352,0
107.459,5
107.566,0
107.673,0
107.779,17
107.886,15
107.993,7
108.1,33
108.207,11
108.314,15
108.421,0
108.528,0
108.635,0
108.742,0
108.848,0
108.955,21
109.062,21
109.169,5
109.276,0
109.383,29
109.49,15
109.597,0
109.704,0
109.811,7
109.918,0
110.024,15
110.131,24
110.238,14
110.345,33
110.452,6
110.559,6
110.666,0
110.773,10
110.88,15
110.987,4
111.094,2
111.2,2
111.307,18
111.414,29
111.521,2
111.628,4
111.735,35
111.842,2
111.949,0
112.056,8
112.163,29
112.269,7
112.376,16
112.483,11
112.59,6
112.697,0
112.804,2
112.911,6
113.018,0
113.125,0
113.232,0
113.339,47
113.445,20
113.552,2
113.659,6
113.766,21
113.873,0
113.98,30
114.087,3
114.194,0
114.301,0
114.408,10
114.515,21
114.621,0
114.728,6
114.835,16
114.942,0
115.049,10
115.156,12
115.263,0
115.37,34
115.477,12
115.584,0
115.69,0
115.797,11
115.904,0
116.011,8
116.118,11
116.225,14
116.332,11
116.439,0
116.546,0
116.653,4
116.76,15
116.866,0
116.973,4
117.08,5
117.187,0
117.294,35
117.401,0
117.508,0
117.615,13
117.722,0
117.829,22
117.936,7
118.042,7
118.149,10
118.256,5
118.363,4
118.47,12
118.577,32
118.684,5
118.791,6
118.898,14
119.005,16
119.112,2
119.218,20
119.325,5
119.432,0
119.539,0
119.646,13
119.753,7
119.86,0
119.967,6
120.074,26
120.181,5
120.287,0
120.394,13
120.501,26
120.608,2
120.715,0
120.822,6
120.929,0
121.036,14
121.143,14
121.25,6
121.357,13
121.463,15
121.57,14
121.677,12
121.784,24
121.891,6
121.998,0
122.105,0
122.212,14
122.319,0
122.426,19
122.533,0
122.639,0
122.746,9
122.853,39
122.96,0
123.067,0
123.174,11
123.281,14
123.388,7
123.495,0
123.602,0
123.709,9
123.815,0
123.922,0
124.029,44
124.136,45
124.243,18
124.35,0
124.457,0
124.564,13
124.671,8
124.778,3
124.885,0
124.991,34
125.098,13
125.205,2
125.312,6
125.419,18
125.526,13
125.633,18
125.74,5
125.847,10
125.954,0
126.061,0
126.167,23
126.274,0
126.381,0
126.488,10
126.595,18
126.702,14
126.809,22
126.916,0
127.023,0
127.13,0
127.236,0
127.343,0
127.45,0
127.557,2
127.664,3
127.771,6
127.878,6
127.985,3
128.092,6
128.199,49
128.306,36
128.412,0
128.519,2
128.626,0
128.733,0
128.84,27
128.947,0
129.054,0
129.161,21
129.268,34
129.375,10
129.482,0
129.588,0
129.695,0
129.802,23
129.909,10
130.016,8
130.123,0
130.23,41
130.337,0
130.444,0
130.551,0
130.658,25
130.764,14
130.871,0
130.978,8
131.085,0
131.192,24
131.299,6
131.406,2
131.513,1
131.62,20
131.727,0
131.834,7
131.94,19
132.047,20
132.154,28
132.261,7
132.368,19
132.475,0
132.582,0
132.689,22
132.796,21
132.903,34
133.01,2
133.116,6
133.223,14
133.33,32
133.437,0
133.544,0
133.651,0
133.758,7
133.865,8
133.972,0
134.079,0
134.186,14
134.292,3
134.399,0
134.506,0
134.613,0
134.72,29
134.827,44
134.934,0
135.041,0
135.148,0
135.255,7
135.362,17
135.468,0
135.575,0
135.682,19
135.789,13
135.896,7
136.003,0
136.11,0
136.217,8
136.324,0
136.431,42
136.538,21
136.644,0
136.751,0
136.858,2
136.965,0
137.072,0
137.179,2
137.286,0
137.393,0
137.5,36
137.607,25
137.714,17
137.82,5
137.927,4
138.034,22
138.141,0
138.248,0
138.355,14
138.462,5
138.569,16
138.676,0
138.783,2
138.89,13
138.996,13
139.103,0
139.21,20
139.317,12
139.424,2
139.531,11
139.638,17
139.745,0
139.852,0
139.959,2
140.065,14
140.172,13
140.279,0
140.386,0
140.493,25
140.6,0
140.707,2
140.814,0
140.921,17
141.028,0
141.135,5
141.241,3
141.348,24
141.455,36
141.562,0
141.669,0
141.776,11
141.883,3
141.99,0
142.097,0
142.204,14
142.311,3
142.417,0
142.524,0
142.631,11
142.738,19
142.845,20
142.952,0
143.059,0
143.166,25
143.273,31
143.38,0
143.487,31
143.593,13
143.7,0
143.807,0
143.914,32
144.021,1
144.128,0
144.235,28
144.342,5
144.449,12
144.556,11
144.663,0
144.769,34
144.876,14
144.983,14
145.09,0
145.197,0
145.304,0
145.411,39
145.518,43
145.625,8
145.732,0
145.839,0
145.945,0
146.052,0
146.159,15
146.266,6
146.373,1
146.48,19
146.587,24
146.694,18
146.801,0
146.908,12
147.015,22
147.121,0
147.228,0
147.335,0
147.442,36
147.549,10
147.656,3
147.763,2
147.87,17
147.977,0
148.084,6
148.191,0
148.297,1
148.404,0
148.511,0
148.618,21
148.725,0
148.832,1
148.939,21
149.046,27
149.153,3
149.26,20
149.367,0
149.473,12
149.58,5
149.687,0
149.794,8
149.901,0
150.008,2
150.115,0
150.222,0
150.329,8
150.436,0
150.543,0
150.649,1
150.756,4
150.863,79
150.97,102
151.077,41
151.184,0
151.291,0
151.398,14
151.505,0
151.612,0
151.719,0
151.825,0
151.932,45
152.039,1
152.146,0
152.253,30
152.36,8
152.467,6
152.574,9
152.681,28
152.788,36
152.894,0
153.001,0
153.108,0
153.215,0
153.322,34
153.429,9
153.536,0
153.643,8
153.75,4
153.857,19
153.964,13
154.07,0
154.177,0
154.284,13
154.391,13
154.498,13
154.605,0
154.712,4
154.819,0
154.926,15
155.033,17
155.14,0
155.246,5
155.353,0
155.46,0
155.567,0
155.674,16
155.781,9
155.888,0
155.995,8
156.102,45
156.209,8
156.316,0
156.422,0
156.529,10
156.636,0
156.743,19
156.85,0
156.957,0
157.064,0
157.171,26
157.278,0
157.385,6
157.492,21
157.598,0
157.705,0
157.812,8
157.919,6
158.026,0
158.133,0
158.24,0
158.347,10
158.454,6
158.561,17
158.668,0
158.774,20
158.881,20
158.988,31
159.095,14
159.202,19
159.309,18
159.416,17
159.523,32
159.63,0
159.737,0
159.844,0
159.95,1
160.057,2
160.164,5
160.271,36
160.378,43
160.485,20
160.592,11
160.699,12
160.806,0
160.913,8
161.019,0
161.126,0
161.233,0
161.34,1
161.447,15
161.554,12
161.661,0
161.768,2
161.875,10
161.982,0
162.089,8
162.195,43
162.302,48
162.409,0
162.516,15
162.623,17
162.73,3
162.837,6
162.944,0
163.051,6
163.158,17
163.265,2
163.371,0
163.478,18
163.585,27
163.692,5
163.799,15
163.906,1
164.013,19
164.12,1
164.227,1
164.334,0
164.441,0
164.547,0
164.654,10
164.761,9
164.868,0
164.975,6
165.082,2
165.189,0
165.296,40
165.403,8
165.51,1
165.616,7
165.723,0
165.83,8
165.937,0
166.044,12
166.151,8
166.258,11
166.365,3
166.472,0
166.579,0
166.686,0
166.792,23
166.899,25
167.006,0
167.113,0
167.22,22
167.327,6
167.434,0
167.541,0
167.648,0
167.755,22
167.862,0
167.968,0
168.075,0
168.182,24
168.289,22
168.396,0
168.503,0
168.61,13
168.717,19
168.824,0
168.931,0
169.037,14
169.144,11
169.251,0
169.358,0
169.465,1
169.572,0
169.679,0
169.786,16
169.893,0
170,0
170.107,0
170.213,6
170.32,0
170.427,0
170.534,0
170.641,18
170.748,2
170.855,0
170.962,0
171.069,6
171.176,0
171.283,0
171.389,9
171.496,0
171.603,13
171.71,0
171.817,0
171.924,4
172.031,3
172.138,22
172.245,8
172.352,0
172.458,0
172.565,0
172.672,0
172.779,0
172.886,8
172.993,0
173.1,0
173.207,7
173.314,0
173.421,4
173.528,2
173.634,2
173.741,18
173.848,13
173.955,10
174.062,2
174.169,2
174.276,0
174.383,27
174.49,8
174.597,0
174.704,0
174.81,6
174.917,0
175.024,0
175.131,0
175.238,0
175.345,7
175.452,0
175.559,14
175.666,0
175.773,5
175.879,0
175.986,23
176.093,17
176.2,0
176.307,0
176.414,1
176.521,7
176.628,23
176.735,0
176.842,24
176.949,16
177.055,27
177.162,0
177.269,0
177.376,0
177.483,44
177.59,55
177.697,5
177.804,0
177.911,0
178.018,0
178.124,14
178.231,0
178.338,0
178.445,2
178.552,18
178.659,13
178.766,17
178.873,2
178.98,0
179.087,27
179.194,0
179.3,0
179.407,0
179.514,0
179.621,1
179.728,24
179.835,0
179.942,0
180.049,1
180.156,0
180.263,22
180.369,17
180.476,14
180.583,0
180.69,22
180.797,19
180.904,0
181.011,0
181.118,11
181.225,0
181.332,0
181.439,0
181.545,2
181.652,4
181.759,0
181.866,19
181.973,13
182.08,13
182.187,0
182.294,16
182.401,20
182.508,3
182.614,0
182.721,11
182.828,13
182.935,27
183.042,0
183.149,0
183.256,3
183.363,23
183.47,3
183.577,0
183.683,30
183.79,17
183.897,0
184.004,5
184.111,5
184.218,2
184.325,0
184.432,21
184.539,0
184.646,0
184.753,0
184.859,20
184.966,22
185.073,10
185.18,0
185.287,7
185.394,12
185.501,8
185.608,11
185.715,18
185.822,0
185.928,7
186.035,4
186.142,6
186.249,19
186.356,0
186.463,1
186.57,25
186.677,0
186.784,19
186.891,18
186.997,12
187.104,13
187.211,0
187.318,8
187.425,0
187.532,7
187.639,21
187.746,0
187.853,16
187.96,0
188.067,0
188.173,25
188.28,34
188.387,0
188.494,0
188.601,0
188.708,8
188.815,5
188.922,7
189.029,0
189.136,4
189.242,21
189.349,1
189.456,7
189.563,0
189.67,0
189.777,9
189.884,20
189.991,0
190.098,0
190.205,0
190.311,2
190.418,5
190.525,2
190.632,8
190.739,0
190.846,0
190.953,0
191.06,15
191.167,8
191.274,0
191.38,28
191.487,26
191.594,0
191.701,0
191.808,3
191.915,0
192.022,0
192.129,0
192.236,0
192.343,0
192.45,16
192.556,0
192.663,3
192.77,4
192.877,11
192.984,40
193.091,0
193.198,19
193.305,9
193.412,0
193.519,7
193.625,0
193.732,1
193.839,0
193.946,22
194.053,0
194.16,0
194.267,25
194.374,1
194.481,25
194.588,4
194.694,2
194.801,2
194.908,28
195.015,16
195.122,15
195.229,16
195.336,1
195.443,0
195.55,28
195.657,0
195.763,12
195.87,18
195.977,0
196.084,0
196.191,22
196.298,9
196.405,0
196.512,0
196.619,16
196.726,6
196.832,0
196.939,0
197.046,0
197.153,13
197.26,7
197.367,0
197.474,0
197.581,13
197.688,12
197.795,0
197.901,2
198.008,0
198.115,5
198.222,0
198.329,23
198.436,0
198.543,0
198.65,0
198.757,0
198.864,13
198.97,10
199.077,0
199.184,0
199.291,12
199.398,0
199.505,0
199.612,2
199.719,0
199.826,13
199.933,0
200.039,0
200.146,0
200.253,10
200.36,6
200.467,3
200.574,4
200.681,15
200.788,7
200.895,0
201.002,18
201.108,4
201.215,0
201.322,0
201.429,9
201.536,5
201.643,0
201.75,28
201.857,13
201.964,0
202.071,31
202.177,0
202.284,0
202.391,0
202.498,4
202.605,0
202.712,18
202.819,0
202.926,0
203.033,14
203.14,7
203.246,0
203.353,20
203.46,17
203.567,9
203.674,11
203.781,0
203.888,0
203.995,0
204.102,10
204.208,24
204.315,0
204.422,28
204.529,1
204.636,34
204.743,25
204.85,0
204.957,0
205.064,0
205.171,1
205.277,0
205.384,0
205.491,0
205.598,7
205.705,0
205.812,4
205.919,0
206.026,19
206.133,28
206.24,31
206.346,0
206.453,12
206.56,4
206.667,6
206.774,0
206.881,0
206.988,0
207.095,20
207.202,1
207.309,0
207.415,0
207.522,13
207.629,34
207.736,0
207.843,0
207.95,0
208.057,5
208.164,0
208.271,1
208.377,15
208.484,0
208.591,37
208.698,9
208.805,17
208.912,12
209.019,0
209.126,0
209.233,0
209.34,0
209.446,0
209.553,43
209.66,38
209.767,21
209.874,0
209.981,0
210.088,7
210.195,11
210.302,12
210.409,0
210.515,6
210.622,17
210.729,0
210.836,0
210.943,36
211.05,0
211.157,33
211.264,0
211.371,8
211.477,5
211.584,0
211.691,0
211.798,0
211.905,0
212.012,10
212.119,0
212.226,0
212.333,5
212.44,0
212.546,0
212.653,0
212.76,43
212.867,0
212.974,7
213.081,0
213.188,27
213.295,0
213.402,0
213.508,11
213.615,2
213.722,0
213.829,26
213.936,0
214.043,22
214.15,6
214.257,3
214.364,14
214.471,0
214.577,5
214.684,0
214.791,4
214.898,6
215.005,14
215.112,0
215.219,0
215.326,0
215.433,0
215.539,0
215.646,0
215.753,0
215.86,11
215.967,32
216.074,24
216.181,0
216.288,10
216.395,0
216.502,0
216.608,4
216.715,0
216.822,0
216.929,0
217.036,0
217.143,2
217.25,0
217.357,0
217.464,11
217.57,9
217.677,2
217.784,3
217.891,4
217.998,0
218.105,0
218.212,17
218.319,6
218.426,0
218.532,0
218.639,0
218.746,0
218.853,0
218.96,9
219.067,1
219.174,0
219.281,9
219.388,23
219.495,0
219.601,0
219.708,0
219.815,0
219.922,2
220.029,0
220.136,0
220.243,27
220.35,0
220.457,0
220.563,10
220.67,0
220.777,0
220.884,12
220.991,0
221.098,0
221.205,0
221.312,5
221.419,0
221.525,0
221.632,15
221.739,0
221.846,0
221.953,18
222.06,17
222.167,0
222.274,0
222.381,25
222.488,0
222.594,0
222.701,4
222.808,0
222.915,9
223.022,0
223.129,9
223.236,10
223.343,0
223.45,0
223.556,0
223.663,14
223.77,0
223.877,13
223.984,0
224.091,0
224.198,16
224.305,0
224.412,0
224.518,19
224.625,16
224.732,0
224.839,25
224.946,2
225.053,15
225.16,0
225.267,6
225.374,13
225.48,27
225.587,4
225.694,0
225.801,0
225.908,8
226.015,18
226.122,0
226.229,0
226.336,2
226.442,8
226.549,9
226.656,0
226.763,13
226.87,0
226.977,52
227.084,14
227.191,3
227.298,0
227.404,3
227.511,0
227.618,9
227.725,0
227.832,0
227.939,0
228.046,13
228.153,0
228.26,0
228.366,0
228.473,0
228.58,0
228.687,0
228.794,18
228.901,15
229.008,0
229.115,0
229.222,24
229.328,0
229.435,0
229.542,0
229.649,8
229.756,0
229.863,0
229.97,19
230.077,10
230.184,20
230.29,5
230.397,0
230.504,18
230.611,0
230.718,0
230.825,0
230.932,45
231.039,43
231.146,0
231.252,0
231.359,0
231.466,0
231.573,0
231.68,0
231.787,4
231.894,18
232.001,18
232.108,22
232.214,21
232.321,1
232.428,5
232.535,25
232.642,2
232.749,13
232.856,0
232.963,0
233.07,0
233.176,0
233.283,0
233.39,0
233.497,7
233.604,22
233.711,25
233.818,0
233.925,0
234.031,16
234.138,6
234.245,15
234.352,0
234.459,0
234.566,0
234.673,0
234.78,13
234.887,0
234.993,0
235.1,2
235.207,0
235.314,0
235.421,0
235.528,0
235.635,20
235.742,0
235.849,30
235.955,0
236.062,0
236.169,1
236.276,5
236.383,0
236.49,5
236.597,1
236.704,0
236.81,12
236.917,0
237.024,0
237.131,11
237.238,8
237.345,32
237.452,10
237.559,0
237.666,7
237.772,26
237.879,7
237.986,0
238.093,0
238.2,0
238.307,0
238.414,14
238.521,0
238.628,0
238.734,2
238.841,19
238.948,0
239.055,2
239.162,0
239.269,0
239.376,0
239.483,0
239.589,6
239.696,0
239.803,0
239.91,0
240.017,0
240.124,0
240.231,18
240.338,0
240.445,5
240.551,0
240.658,6
240.765,32
240.872,0
240.979,0
241.086,0
241.193,0
241.3,0
241.406,0
241.513,0
241.62,33
241.727,15
241.834,3
241.941,0
242.048,0
242.155,6
242.262,0
242.368,2
242.475,36
242.582,14
242.689,0
242.796,24
242.903,21
243.01,18
243.117,0
243.223,10
243.33,10
243.437,0
243.544,10
243.651,13
243.758,14
243.865,9
243.972,0
244.079,16
244.185,28
244.292,0
244.399,0
244.506,0
244.613,0
244.72,8
244.827,0
244.934,27
245.04,16
245.147,3
245.254,3
245.361,10
245.468,0
245.575,1
245.682,0
245.789,7
245.896,11
246.002,19
246.109,0
246.216,4
246.323,24
246.43,10
246.537,2
246.644,0
246.751,34
246.857,16
246.964,25
247.071,8
247.178,1
247.285,0
247.392,0
247.499,7
247.606,0
247.712,0
247.819,0
247.926,0
248.033,9
248.14,34
248.247,25
248.354,0
248.461,0
248.567,17
248.674,0
248.781,20
248.888,21
248.995,16
249.102,0
249.209,0
249.316,0
249.423,8
249.529,0
249.636,0
249.743,0
249.85,0
249.957,5
250.064,16
250.171,14
250.278,0
250.384,0
250.491,14
250.598,27
250.705,0
250.812,22
250.919,26
251.026,3
251.133,0
251.239,3
251.346,0
251.453,4
251.56,0
251.667,3
251.774,0
251.881,27
251.988,5
252.094,0
252.201,0
252.308,59
252.415,42
252.522,0
252.629,0
252.736,23
252.843,0
252.949,23
253.056,30
253.163,24
253.27,11
253.377,0
253.484,0
253.591,26
253.698,22
253.804,0
253.911,0
254.018,0
254.125,0
254.232,8
254.339,19
254.446,0
254.553,0
254.659,0
254.766,0
254.873,14
254.98,19
255.087,0
255.194,10
255.301,4
255.408,12
255.514,4
255.621,0
255.728,0
255.835,0
255.942,0
256.049,0
256.156,12
256.263,16
256.369,14
256.476,0
256.583,17
256.69,5
256.797,13
256.904,0
257.011,0
257.118,0
257.224,0
257.331,5
257.438,2
257.545,0
257.652,0
257.759,0
257.866,24
257.973,0
258.079,2
258.186,12
258.293,0
258.4,7
258.507,26
258.614,23
258.721,0
258.828,9
258.934,0
259.041,2
259.148,11
259.255,0
259.362,5
259.469,0
259.576,0
259.683,20
259.789,8
259.896,13
260.003,2
260.11,22
260.217,7
260.324,0
260.431,0
260.537,0
260.644,6
260.751,24
260.858,0
260.965,0
261.072,18
261.179,17
261.286,2
261.392,0
261.499,0
261.606,9
261.713,35
261.82,0
261.927,0
262.034,21
262.141,13
262.247,0
262.354,0
262.461,0
262.568,7
262.675,0
262.782,0
262.889,8
262.996,19
263.102,2
263.209,0
263.316,0
263.423,1
263.53,12
263.637,0
263.744,21
263.85,0
263.957,17
264.064,18
264.171,8
264.278,2
264.385,16
264.492,14
264.599,2
264.705,0
264.812,11
264.919,0
265.026,0
265.133,0
265.24,0
265.347,0
265.454,5
265.56,10
265.667,0
265.774,17
265.881,15
265.988,0
266.095,18
266.202,0
266.308,4
266.415,12
266.522,30
266.629,3
266.736,4
266.843,0
266.95,0
267.057,25
267.163,10
267.27,0
267.377,39
267.484,19
267.591,0
267.698,0
267.805,0
267.911,37
268.018,0
268.125,4
268.232,1
268.339,2
268.446,0
268.553,13
268.66,0
268.766,0
268.873,0
268.98,14
269.087,8
269.194,27
269.301,15
269.408,5
269.514,3
269.621,24
269.728,24
269.835,0
269.942,3
270.049,42
270.156,4
270.263,0
270.369,0
270.476,0
270.583,16
270.69,0
270.797,0
270.904,10
271.011,0
271.117,38
271.224,8
271.331,16
271.438,1
271.545,0
271.652,0
271.759,0
271.866,13
271.972,16
272.079,16
272.186,0
272.293,0
272.4,3
272.507,17
272.614,16
272.72,16
272.827,4
272.934,52
273.041,56
273.148,11
273.255,0
273.362,0
273.468,0
273.575,0
273.682,30
273.789,15
273.896,7
274.003,0
274.11,0
274.217,13
274.323,10
274.43,0
274.537,10
274.644,0
274.751,18
274.858,10
274.965,0
275.071,0
275.178,0
275.285,0
275.392,0
275.499,0
275.606,11
275.713,3
275.819,0
275.926,0
276.033,44
276.14,0
276.247,2
276.354,11
276.461,7
276.567,9
276.674,0
276.781,6
276.888,8
276.995,11
277.102,5
277.209,0
277.315,4
277.422,17
277.529,8
277.636,20
277.743,0
277.85,0
277.957,3
278.064,0
278.17,10
278.277,0
278.384,0
278.491,0
278.598,2
278.705,0
278.812,1
278.918,0
279.025,0
279.132,10
279.239,0
279.346,19
279.453,47
279.56,74
279.666,76
279.773,16
279.88,0
279.987,0
280.094,0
280.201,0
280.308,3
280.414,0
280.521,14
280.628,13
280.735,0
280.842,0
280.949,9
281.056,13
281.162,9
281.269,0
281.376,5
281.483,0
281.59,0
281.697,0
281.804,0
281.91,0
282.017,24
282.124,11
282.231,0
282.338,26
282.445,3
282.552,14
282.658,0
282.765,24
282.872,14
282.979,3
283.086,14
283.193,0
283.3,11
283.406,9
283.513,0
283.62,3
283.727,26
283.834,0
283.941,0
284.048,0
284.154,0
284.261,0
284.368,38
284.475,34
284.582,0
284.689,0
284.796,0
284.902,0
285.009,0
285.116,11
285.223,11
285.33,9
285.437,2
285.544,25
285.65,0
285.757,0
285.864,11
285.971,14
286.078,0
286.185,0
286.292,0
286.398,12
286.505,0
286.612,0
286.719,0
286.826,0
286.933,0
287.039,0
287.146,2
287.253,0
287.36,0
287.467,19
287.574,0
287.681,0
287.787,34
287.894,3
288.001,7
288.108,16
288.215,0
288.322,0
288.429,0
288.535,0
288.642,2
288.749,13
288.856,5
288.963,24
289.07,26
289.177,3
289.283,18
289.39,0
289.497,0
289.604,9
289.711,20
289.818,6
289.924,10
290.031,0
290.138,0
290.245,42
290.352,47
290.459,53
290.566,45
290.672,161
290.779,179
290.886,81
290.993,0
291.1,0
291.207,0
291.314,0
291.42,0
291.527,11
291.634,0
291.741,0
291.848,0
291.955,11
292.062,0
292.168,0
292.275,5
292.382,70
292.489,66
292.596,16
292.703,0
292.809,0
292.916,24
293.023,0
293.13,0
293.237,10
293.344,19
293.451,0
293.557,13
293.664,4
293.771,0
293.878,6
293.985,13
294.092,4
294.198,0
294.305,31
294.412,0
294.519,3
294.626,0
294.733,0
294.84,0
294.946,0
295.053,17
295.16,32
295.267,0
295.374,0
295.481,8
295.588,0
295.694,16
295.801,11
295.908,0
296.015,0
296.122,0
296.229,4
296.335,3
296.442,0
296.549,0
296.656,6
296.763,0
296.87,12
296.977,0
297.083,0
297.19,0
297.297,25
297.404,17
297.511,0
297.618,4
297.724,8
297.831,0
297.938,0
298.045,0
298.152,0
298.259,7
298.365,2
298.472,17
298.579,7
298.686,5
298.793,24
298.9,0
299.007,0
299.113,0
299.22,20
299.327,9
299.434,2
299.541,11
299.648,8
299.754,0
299.861,0
299.968,129
300.075,114
300.182,45
300.289,0
300.396,0
300.502,13
300.609,45
300.716,32
300.823,2
300.93,33
301.037,0
301.143,0
301.25,7
301.357,0
301.464,3
301.571,23
301.678,0
301.784,22
301.891,22
301.998,0
302.105,0
302.212,0
302.319,19
302.426,0
302.532,2
302.639,0
302.746,0
302.853,52
302.96,24
303.067,0
303.173,0
303.28,13
303.387,2
303.494,0
303.601,7
303.708,24
303.814,30
303.921,0
304.028,2
304.135,4
304.242,0
304.349,0
304.456,0
304.562,0
304.669,0
304.776,0
304.883,11
304.99,0
305.097,25
305.203,13
305.31,0
305.417,19
305.524,0
305.631,0
305.738,39
305.844,19
305.951,0
306.058,0
306.165,13
306.272,0
306.379,3
306.485,9
306.592,16
306.699,15
306.806,0
306.913,18
307.02,10
307.126,16
307.233,12
307.34,26
307.447,0
307.554,0
307.661,35
307.767,24
307.874,1
307.981,3
308.088,0
308.195,13
308.302,6
308.409,0
308.515,2
308.622,13
308.729,0
308.836,0
308.943,23
309.05,0
309.156,1
309.263,39
309.37,0
309.477,0
309.584,3
309.691,0
309.797,0
309.904,0
310.011,4
310.118,33
310.225,0
310.332,0
310.438,20
310.545,14
310.652,0
310.759,0
310.866,0
310.973,26
311.079,18
311.186,0
311.293,12
311.4,41
311.507,53
311.614,22
311.72,29
311.827,9
311.934,0
312.041,0
312.148,0
312.255,20
312.361,0
312.468,12
312.575,15
312.682,0
312.789,0
312.896,0
313.002,15
313.109,0
313.216,6
313.323,5
313.43,0
313.537,0
313.643,0
313.75,25
313.857,6
313.964,0
314.071,10
314.178,10
314.284,10
314.391,22
314.498,4
314.605,0
314.712,25
314.819,5
314.925,2
315.032,19
315.139,0
315.246,18
315.353,12
315.46,10
315.566,7
315.673,11
315.78,0
315.887,19
315.994,13
316.1,2
316.207,0
316.314,3
316.421,51
316.528,25
316.635,2
316.741,7
316.848,0
316.955,10
317.062,15
317.169,11
317.276,0
317.382,0
317.489,0
317.596,17
317.703,0
317.81,0
317.917,10
318.023,22
318.13,8
318.237,4
318.344,23
318.451,8
318.558,0
318.664,0
318.771,0
318.878,0
318.985,0
319.092,0
319.199,0
319.305,4
319.412,0
319.519,13
319.626,8
319.733,3
319.839,0
319.946,0
320.053,0
320.16,0
320.267,29
320.374,29
320.48,27
320.587,3
320.694,15
320.801,0
320.908,0
321.015,5
321.121,0
321.228,4
321.335,10
321.442,0
321.549,20
321.655,34
321.762,11
321.869,29
321.976,29
322.083,1
322.19,1
322.296,19
322.403,2
322.51,0
322.617,3
322.724,9
322.831,8
322.937,0
323.044,6
323.151,0
323.258,0
323.365,35
323.472,23
323.578,17
323.685,7
323.792,42
323.899,0
324.006,6
324.112,4
324.219,0
324.326,4
324.433,8
324.54,0
324.647,0
324.753,4
324.86,0
324.967,0
325.074,4
325.181,46
325.287,0
325.394,0
325.501,11
325.608,0
325.715,25
325.822,19
325.928,0
326.035,4
326.142,17
326.249,26
326.356,0
326.463,0
326.569,15
326.676,0
326.783,1
326.89,0
326.997,0
327.103,25
327.21,46
327.317,0
327.424,0
327.531,30
327.638,14
327.744,2
327.851,29
327.958,20
328.065,19
328.172,9
328.278,26
328.385,12
328.492,11
328.599,6
328.706,0
328.813,29
328.919,8
329.026,0
329.133,15
329.24,10
329.347,0
329.453,10
329.56,3
329.667,12
329.774,0
329.881,11
329.988,24
330.094,16
330.201,5
330.308,13
330.415,0
330.522,0
330.628,5
330.735,0
330.842,13
330.949,18
331.056,18
331.162,32
331.269,28
331.376,0
331.483,12
331.59,0
331.697,1
331.803,1
331.91,11
332.017,0
332.124,35
332.231,0
332.337,0
332.444,8
332.551,0
332.658,0
332.765,29
332.872,27
332.978,0
333.085,29
333.192,17
333.299,0
333.406,0
333.512,0
333.619,0
333.726,0
333.833,0
333.94,8
334.046,0
334.153,10
334.26,1
334.367,0
334.474,28
334.581,23
334.687,0
334.794,16
334.901,3
335.008,0
335.115,0
335.221,0
335.328,0
335.435,3
335.542,17
335.649,30
335.755,0
335.862,12
335.969,0
336.076,12
336.183,0
336.29,0
336.396,7
336.503,41
336.61,4
336.717,25
336.824,0
336.93,0
337.037,1
337.144,0
337.251,0
337.358,0
337.464,119
337.571,37
337.678,1
337.785,32
337.892,46
337.998,0
338.105,3
338.212,0
338.319,7
338.426,0
338.533,24
338.639,36
338.746,23
338.853,0
338.96,0
339.067,0
339.173,8
339.28,4
339.387,5
339.494,16
339.601,14
339.707,22
339.814,0
339.921,23
340.028,0
340.135,10
340.241,10
340.348,0
340.455,13
340.562,4
340.669,9
340.775,13
340.882,100
340.989,92
341.096,42
341.203,22
341.309,0
341.416,0
341.523,29
341.63,25
341.737,0
341.844,2
341.95,0
342.057,19
342.164,62
342.271,47
342.378,39
342.484,80
342.591,86
342.698,28
342.805,16
342.912,0
343.018,0
343.125,1
343.232,0
343.339,3
343.446,0
343.552,10
343.659,0
343.766,8
343.873,7
343.98,18
344.086,1
344.193,14
344.3,2
344.407,5
344.514,0
344.62,19
344.727,25
344.834,15
344.941,9
345.048,23
345.154,5
345.261,4
345.368,5
345.475,4
345.582,8
345.688,0
345.795,6
345.902,9
346.009,0
346.116,0
346.222,16
346.329,8
346.436,0
346.543,0
346.65,3
346.756,1
346.863,0
346.97,0
347.077,2
347.184,14
347.29,0
347.397,0
347.504,17
347.611,0
347.718,0
347.824,0
347.931,21
348.038,0
348.145,23
348.252,0
348.358,0
348.465,37
348.572,27
348.679,12
348.786,0
348.892,0
348.999,0
349.106,0
349.213,18
349.32,2
349.426,0
349.533,0
349.64,3
349.747,5
349.854,0
349.96,22
350.067,11
350.174,0
350.281,0
350.388,5
350.494,26
350.601,13
350.708,0
350.815,12
350.922,8
351.028,19
351.135,9
351.242,0
351.349,20
351.456,0
351.562,0
351.669,4
351.776,0
351.883,0
351.989,11
352.096,0
352.203,17
352.31,23
352.417,2
352.523,0
352.63,12
352.737,32
352.844,21
352.951,4
353.057,0
353.164,8
353.271,16
353.378,6
353.485,2
353.591,0
353.698,22
353.805,14
353.912,6
354.019,0
354.125,31
354.232,4
354.339,8
354.446,0
354.553,9
354.659,0
354.766,20
354.873,0
354.98,0
355.086,0
355.193,14
355.3,0
355.407,0
355.514,12
355.62,0
355.727,19
355.834,9
355.941,70
356.048,42
356.154,18
356.261,0
356.368,3
356.475,37
356.582,0
356.688,6
356.795,0
356.902,0
357.009,22
357.115,6
357.222,0
357.329,0
357.436,29
357.543,24
357.649,24
357.756,1
357.863,6
357.97,0
358.077,0
358.183,18
358.29,8
358.397,0
358.504,0
358.61,1
358.717,0
358.824,9
358.931,0
359.038,0
359.144,51
359.251,19
359.358,0
359.465,0
359.572,6
359.678,0
359.785,0
359.892,2
359.999,0
360.105,6
360.212,9
360.319,8
360.426,0
360.533,6
360.639,0
360.746,0
360.853,0
360.96,0
361.067,2
361.173,8
361.28,12
361.387,2
361.494,15
361.6,8
361.707,0
361.814,6
361.921,0
362.028,0
362.134,7
362.241,55
362.348,36
362.455,30
362.562,17
362.668,3
362.775,12
362.882,0
362.989,0
363.095,13
363.202,17
363.309,0
363.416,20
363.523,39
363.629,0
363.736,0
363.843,4
363.95,0
364.056,18
364.163,0
364.27,0
364.377,0
364.484,4
364.59,3
364.697,20
364.804,0
364.911,3
365.017,4
365.124,0
365.231,21
365.338,6
365.445,12
365.551,18
365.658,19
365.765,4
365.872,0
365.979,15
366.085,0
366.192,0
366.299,36
366.406,112
366.512,87
366.619,25
366.726,14
366.833,0
366.94,10
367.046,8
367.153,4
367.26,19
367.367,30
367.473,7
367.58,0
367.687,46
367.794,39
367.9,5
368.007,14
368.114,0
368.221,7
368.328,0
368.434,0
368.541,0
368.648,23
368.755,17
368.861,0
368.968,0
369.075,4
369.182,0
369.289,2
369.395,11
369.502,0
369.609,0
369.716,0
369.822,25
369.929,35
370.036,13
370.143,0
370.25,7
370.356,7
370.463,0
370.57,0
370.677,19
370.783,2
370.89,0
370.997,3
371.104,21
371.211,0
371.317,0
371.424,9
371.531,0
371.638,2
371.744,14
371.851,30
371.958,0
372.065,0
372.171,2
372.278,7
372.385,0
372.492,8
372.599,0
372.705,13
372.812,2
372.919,4
373.026,0
373.132,2
373.239,9
373.346,0
373.453,0
373.559,20
373.666,21
373.773,15
373.88,13
373.987,19
374.093,0
374.2,5
374.307,0
374.414,0
374.52,30
374.627,0
374.734,0
374.841,0
374.947,4
375.054,0
375.161,0
375.268,15
375.375,0
375.481,0
375.588,0
375.695,21
375.802,0
375.908,0
376.015,0
376.122,0
376.229,6
376.335,2
376.442,0
376.549,5
376.656,1
376.763,0
376.869,22
376.976,15
377.083,0
377.19,6
377.296,5
377.403,0
377.51,23
377.617,0
377.723,13
377.83,15
377.937,0
378.044,0
378.15,11
378.257,25
378.364,0
378.471,14
378.578,5
378.684,21
378.791,1
378.898,0
379.005,20
379.111,5
379.218,1
379.325,0
379.432,0
379.538,30
379.645,7
379.752,0
379.859,0
379.965,0
380.072,12
380.179,0
380.286,3
380.392,0
380.499,57
380.606,26
380.713,6
380.82,0
380.926,0
381.033,6
381.14,3
381.247,0
381.353,0
381.46,0
381.567,29
381.674,0
381.78,21
381.887,5
381.994,11
382.101,2
382.207,0
382.314,0
382.421,6
382.528,0
382.634,17
382.741,0
382.848,17
382.955,0
383.061,0
383.168,10
383.275,3
383.382,0
383.488,0
383.595,0
383.702,0
383.809,3
383.916,0
384.022,3
384.129,0
384.236,2
384.343,1
384.449,0
384.556,0
384.663,0
384.77,14
384.876,5
384.983,0
385.09,8
385.197,17
385.303,0
385.41,11
385.517,0
385.624,1
385.73,2
385.837,29
385.944,18
386.051,0
386.157,7
386.264,6
386.371,18
386.478,0
386.584,15
386.691,18
386.798,0
386.905,0
387.011,0
387.118,24
387.225,0
387.332,0
387.438,0
387.545,1
387.652,7
387.759,24
387.865,0
387.972,8
388.079,37
388.186,16
388.292,22
388.399,0
388.506,0
388.613,0
388.719,0
388.826,0
388.933,0
389.04,0
389.146,0
389.253,30
389.36,0
389.467,15
389.573,0
389.68,5
389.787,32
389.894,13
390,0
390.107,0
390.214,0
390.321,6
390.427,10
390.534,0
390.641,0
390.748,0
390.854,16
390.961,0
391.068,0
391.175,38
391.281,55
391.388,11
391.495,0
391.602,0
391.708,11
391.815,0
391.922,0
392.029,0
392.135,4
392.242,9
392.349,2
392.456,0
392.562,11
392.669,6
392.776,0
392.883,0
392.989,35
393.096,4
393.203,0
393.31,0
393.416,0
393.523,0
393.63,2
393.737,3
393.843,0
393.95,1
394.057,6
394.164,5
394.27,12
394.377,0
394.484,10
394.591,0
394.697,0
394.804,0
394.911,0
395.018,20
395.124,10
395.231,1
395.338,18
395.445,0
395.551,0
395.658,0
395.765,0
395.871,8
395.978,0
396.085,0
396.192,5
396.298,13
396.405,24
396.512,5
396.619,14
396.725,26
396.832,0
396.939,0
397.046,0
397.152,0
397.259,0
397.366,3
397.473,11
397.579,0
397.686,0
397.793,0
397.9,12
398.006,7
398.113,0
398.22,9
398.327,14
398.433,0
398.54,0
398.647,0
398.753,7
398.86,6
398.967,0
399.074,7
399.18,10
399.287,0
399.394,0
399.501,20
399.607,0
399.714,0
399.821,0
399.928,19
400.034,27
400.141,7
400.248,6
400.355,0
400.461,24
400.568,7
400.675,0
400.781,0
400.888,41
400.995,8
401.102,0
401.208,14
401.315,2
401.422,23
401.529,10
401.635,0
401.742,0
401.849,21
401.956,18
402.062,15
402.169,0
402.276,0
402.382,4
402.489,0
402.596,12
402.703,26
402.809,0
402.916,0
403.023,0
403.13,0
403.236,0
403.343,8
403.45,0
403.557,14
403.663,5
403.77,0
403.877,0
403.983,32
404.09,19
404.197,4
404.304,0
404.41,14
404.517,35
404.624,101
404.731,167
404.837,156
404.944,56
405.051,13
405.158,0
405.264,12
405.371,7
405.478,0
405.584,10
405.691,1
405.798,62
405.905,49
406.011,20
406.118,7
406.225,0
406.332,0
406.438,0
406.545,2
406.652,5
406.758,18
406.865,5
406.972,4
407.079,0
407.185,0
407.292,0
407.399,22
407.506,0
407.612,21
407.719,24
407.826,0
407.932,32
408.039,12
408.146,26
408.253,2
408.359,2
408.466,0
408.573,0
408.68,14
408.786,6
408.893,0
409,5
409.106,0
409.213,6
409.32,0
409.427,17
409.533,7
409.64,29
409.747,0
409.853,3
409.96,0
410.067,0
410.174,0
410.28,12
410.387,0
410.494,7
410.601,4
410.707,0
410.814,12
410.921,0
411.027,15
411.134,97
411.241,105
411.348,34
411.454,9
411.561,12
411.668,9
411.774,22
411.881,0
411.988,0
412.095,2
412.201,0
412.308,0
412.415,0
412.522,41
412.628,4
412.735,0
412.842,1
412.948,0
413.055,0
413.162,0
413.269,22
413.375,30
413.482,7
413.589,12
413.695,0
413.802,0
413.909,15
414.016,12
414.122,6
414.229,14
414.336,16
414.442,19
414.549,76
414.656,139
414.763,76
414.869,16
414.976,0
415.083,0
415.189,0
415.296,14
415.403,9
415.51,18
415.616,6
415.723,14
415.83,11
415.936,1
416.043,7
416.15,3
416.257,0
416.363,0
416.47,20
416.577,3
416.683,0
416.79,6
416.897,0
417.004,0
417.11,8
417.217,23
417.324,0
417.43,0
417.537,21
417.644,33
417.751,32
417.857,29
417.964,16
418.071,0
418.177,0
418.284,0
418.391,5
418.498,2
418.604,0
418.711,4
418.818,6
418.924,0
419.031,14
419.138,8
419.245,18
419.351,20
419.458,0
419.565,0
419.671,4
419.778,13
419.885,2
419.992,5
420.098,11
420.205,17
420.312,68
420.418,56
420.525,38
420.632,13
420.738,5
420.845,0
420.952,0
421.059,6
421.165,0
421.272,0
421.379,9
421.485,7
421.592,0
421.699,0
421.806,15
421.912,13
422.019,19
422.126,0
422.232,0
422.339,13
422.446,4
422.552,2
422.659,35
422.766,8
422.873,0
422.979,38
423.086,41
423.193,48
423.299,10
423.406,27
423.513,0
423.62,2
423.726,14
423.833,0
423.94,0
424.046,4
424.153,0
424.26,1
424.366,0
424.473,17
424.58,13
424.687,0
424.793,0
424.9,25
425.007,13
425.113,0
425.22,0
425.327,7
425.433,0
425.54,13
425.647,0
425.754,53
425.86,44
425.967,41
426.074,85
426.18,26
426.287,2
426.394,13
426.5,0
426.607,0
426.714,0
426.821,29
426.927,16
427.034,0
427.141,23
427.247,4
427.354,0
427.461,0
427.567,18
427.674,0
427.781,0
427.888,0
427.994,0
428.101,0
428.208,7
428.314,0
428.421,1
428.528,0
428.634,3
428.741,6
428.848,0
428.955,15
429.061,12
429.168,0
429.275,29
429.381,26
429.488,0
429.595,0
429.701,2
429.808,3
429.915,0
430.021,0
430.128,17
430.235,7
430.342,0
430.448,0
430.555,7
430.662,3
430.768,8
430.875,1
430.982,1
431.088,0
431.195,0
431.302,21
431.409,5
431.515,10
431.622,0
431.729,0
431.835,22
431.942,0
432.049,14
432.155,2
432.262,10
432.369,20
432.475,0
432.582,0
432.689,0
432.796,0
432.902,0
433.009,0
433.116,0
433.222,19
433.329,24
433.436,28
433.542,26
433.649,52
433.756,33
433.862,34
433.969,0
434.076,8
434.182,29
434.289,3
434.396,15
434.503,17
434.609,30
434.716,19
434.823,25
434.929,0
435.036,19
435.143,33
435.249,13
435.356,0
435.463,9
435.569,9
435.676,0
435.783,14
435.889,6
435.996,0
436.103,0
436.21,15
436.316,27
436.423,0
436.53,0
436.636,0
436.743,17
436.85,32
436.956,31
437.063,3
437.17,76
437.276,113
437.383,45
437.49,0
437.596,0
437.703,0
437.81,5
437.916,17
438.023,0
438.13,8
438.237,55
438.343,69
438.45,16
438.557,31
438.663,132
438.77,93
438.877,32
438.983,0
439.09,13
439.197,182
439.303,183
439.41,66
439.517,81
439.623,74
439.73,33
439.837,5
439.943,0
440.05,0
440.157,47
440.263,50
440.37,7
440.477,0
440.583,67
440.69,76
440.797,54
440.904,0
441.01,0
441.117,11
441.224,2
441.33,10
441.437,42
441.544,0
441.65,0
441.757,1
441.864,8
441.97,0
442.077,21
442.184,2
442.29,7
442.397,116
442.504,103
442.61,36
442.717,0
442.824,0
442.93,14
443.037,0
443.144,0
443.25,0
443.357,0
443.464,19
443.57,0
443.677,0
443.784,8
443.89,2
443.997,8
444.104,0
444.21,0
444.317,0
444.424,0
444.53,11
444.637,97
444.744,85
444.851,27
444.957,0
445.064,4
445.171,0
445.277,0
445.384,0
445.491,6
445.597,36
445.704,0
445.811,0
445.917,0
446.024,2
446.131,0
446.237,54
446.344,136
446.451,58
446.557,45
446.664,0
446.771,0
446.877,22
446.984,0
447.091,30
447.197,2
447.304,0
447.411,0
447.517,0
447.624,0
447.731,0
447.837,0
447.944,0
448.051,15
448.157,24
448.264,0
448.371,0
448.477,18
448.584,12
448.691,0
448.797,0
448.904,4
449.011,10
449.117,0
449.224,9
449.331,0
449.437,2
449.544,5
449.651,12
449.757,0
449.864,18
449.971,35
450.077,7
450.184,0
450.291,18
450.397,27
450.504,36
450.611,0
450.717,0
450.824,10
450.931,0
451.037,0
451.144,2
451.251,7
451.357,0
451.464,0
451.571,8
451.677,17
451.784,6
451.891,6
451.997,0
452.104,8
452.21,8
452.317,0
452.424,0
452.53,20
452.637,0
452.744,4
452.85,4
452.957,0
453.064,0
453.17,0
453.277,0
453.384,8
453.49,0
453.597,0
453.704,21
453.81,0
453.917,6
454.024,10
454.13,0
454.237,11
454.344,8
454.45,0
454.557,0
454.664,26
454.77,17
454.877,12
454.984,0
455.09,0
455.197,17
455.304,39
455.41,0
455.517,36
455.624,56
455.73,32
455.837,28
455.944,0
456.05,0
456.157,0
456.263,0
456.37,16
456.477,0
456.583,24
456.69,0
456.797,0
456.903,2
457.01,0
457.117,27
457.223,61
457.33,33
457.437,28
457.543,0
457.65,0
457.757,12
457.863,5
457.97,28
458.077,0
458.183,0
458.29,11
458.397,0
458.503,0
458.61,5
458.716,4
458.823,0
458.93,0
459.036,0
459.143,0
459.25,0
459.356,48
459.463,101
459.57,60
459.676,0
459.783,37
459.89,6
459.996,0
460.103,10
460.21,0
460.316,0
460.423,0
460.53,0
460.636,0
460.743,19
460.849,102
460.956,203
461.063,146
461.169,36
461.276,12
461.383,0
461.489,0
461.596,7
461.703,24
461.809,0
461.916,0
462.023,0
462.129,0
462.236,0
462.342,0
462.449,0
462.556,4
462.662,0
462.769,16
462.876,0
462.982,17
463.089,10
463.196,21
463.302,0
463.409,3
463.516,22
463.622,0
463.729,8
463.835,44
463.942,49
464.049,30
464.155,18
464.262,0
464.369,0
464.475,13
464.582,0
464.689,0
464.795,17
464.902,0
465.009,0
465.115,16
465.222,0
465.328,0
465.435,0
465.542,0
465.648,0
465.755,0
465.862,23
465.968,26
466.075,4
466.182,0
466.288,0
466.395,22
466.501,0
466.608,5
466.715,2
466.821,30
466.928,6
467.035,0
467.141,0
467.248,0
467.355,0
467.461,0
467.568,10
467.674,10
467.781,10
467.888,0
467.994,2
468.101,37
468.208,54
468.314,0
468.421,0
468.528,0
468.634,0
468.741,0
468.847,12
468.954,8
469.061,0
469.167,0
469.274,2
469.381,0
469.487,14
469.594,2
469.701,0
469.807,12
469.914,2
470.02,0
470.127,0
470.234,3
470.34,0
470.447,0
470.554,6
470.66,7
470.767,0
470.873,24
470.98,10
471.087,0
471.193,3
471.3,0
471.407,0
471.513,22
471.62,0
471.727,0
471.833,7
471.94,0
472.046,0
472.153,0
472.26,13
472.366,11
472.473,11
472.58,20
472.686,13
472.793,11
472.899,0
473.006,0
473.113,0
473.219,17
473.326,0
473.433,0
473.539,0
473.646,21
473.752,9
473.859,2
473.966,0
474.072,5
474.179,2
474.286,0
474.392,7
474.499,0
474.605,0
474.712,16
474.819,0
474.925,29
475.032,71
475.139,41
475.245,24
475.352,32
475.458,15
475.565,14
475.672,0
475.778,20
475.885,7
475.992,7
476.098,5
476.205,21
476.311,0
476.418,48
476.525,134
476.631,96
476.738,0
476.844,0
476.951,0
477.058,0
477.164,1
477.271,0
477.378,30
477.484,19
477.591,0
477.697,19
477.804,0
477.911,0
478.017,0
478.124,3
478.231,0
478.337,1
478.444,0
478.55,28
478.657,12
478.764,0
478.87,20
478.977,8
479.083,14
479.19,5
479.297,12
479.403,2
479.51,0
479.617,10
479.723,0
479.83,0
479.936,0
480.043,10
480.15,0
480.256,0
480.363,5
480.469,0
480.576,0
480.683,19
480.789,6
480.896,29
481.003,0
481.109,0
481.216,12
481.322,0
481.429,3
481.536,0
481.642,0
481.749,12
481.855,0
481.962,0
482.069,17
482.175,15
482.282,6
482.388,0
482.495,13
482.602,20
482.708,21
482.815,0
482.922,25
483.028,28
483.135,0
483.241,2
483.348,9
483.455,0
483.561,13
483.668,1
483.774,10
483.881,0
483.988,15
484.094,0
484.201,0
484.307,30
484.414,0
484.521,26
484.627,0
484.734,0
484.84,10
484.947,0
485.054,17
485.16,1
485.267,1
485.373,50
485.48,19
485.587,0
485.693,6
485.8,8
485.907,24
486.013,6
486.12,0
486.226,0
486.333,1
486.44,14
486.546,0
486.653,3
486.759,0
486.866,25
486.973,57
487.079,14
487.186,54
487.292,40
487.399,0
487.506,1
487.612,0
487.719,0
487.825,7
487.932,0
488.039,0
488.145,0
488.252,2
488.358,0
488.465,2
488.572,0
488.678,16
488.785,6
488.891,0
488.998,5
489.105,24
489.211,20
489.318,9
489.424,0
489.531,0
489.638,0
489.744,0
489.851,0
489.957,0
490.064,23
490.171,1
490.277,4
490.384,6
490.49,0
490.597,0
490.704,0
490.81,0
490.917,0
491.023,10
491.13,0
491.237,14
491.343,0
491.45,0
491.556,5
491.663,0
491.769,0
491.876,11
491.983,5
492.089,7
492.196,2
492.302,8
492.409,24
492.516,9
492.622,0
492.729,11
492.835,0
492.942,9
493.049,37
493.155,0
493.262,0
493.368,8
493.475,0
493.582,12
493.688,0
493.795,0
493.901,16
494.008,11
494.114,0
494.221,0
494.328,0
494.434,0
494.541,31
494.647,5
494.754,0
494.861,0
494.967,0
495.074,96
495.18,98
495.287,28
495.394,0
495.5,0
495.607,9
495.713,28
495.82,7
495.926,0
496.033,0
496.14,0
496.246,0
496.353,0
496.459,11
496.566,2
496.673,0
496.779,8
496.886,42
496.992,0
497.099,0
497.206,0
497.312,0
497.419,0
497.525,11
497.632,2
497.738,0
497.845,46
497.952,4
498.058,0
498.165,0
498.271,0
498.378,0
498.485,18
498.591,2
498.698,0
498.804,0
498.911,0
499.017,5
499.124,15
499.231,0
499.337,11
499.444,0
499.55,39
499.657,23
499.763,6
499.87,25
499.977,5
500.083,0
500.19,0
500.296,0
500.403,12
500.51,4
500.616,0
500.723,7
500.829,0
500.936,0
501.042,10
501.149,2
501.256,0
501.362,0
501.469,15
501.575,0
501.682,0
501.788,0
501.895,0
502.002,10
502.108,1
502.215,0
502.321,0
502.428,0
502.534,0
502.641,24
502.748,0
502.854,8
502.961,8
503.067,0
503.174,0
503.281,0
503.387,13
503.494,20
503.6,0
503.707,0
503.813,17
503.92,25
504.027,10
504.133,0
504.24,20
504.346,0
504.453,0
504.559,6
504.666,0
504.773,0
504.879,10
504.986,1
505.092,27
505.199,14
505.305,12
505.412,16
505.518,37
505.625,25
505.732,0
505.838,0
505.945,18
506.051,22
506.158,5
506.264,0
506.371,12
506.478,0
506.584,13
506.691,4
506.797,0
506.904,19
507.01,17
507.117,24
507.224,0
507.33,7
507.437,12
507.543,0
507.65,0
507.756,4
507.863,4
507.97,1
508.076,5
508.183,0
508.289,0
508.396,0
508.502,43
508.609,31
508.715,0
508.822,0
508.929,0
509.035,21
509.142,0
509.248,0
509.355,4
509.461,7
509.568,9
509.675,0
509.781,7
509.888,23
509.994,0
510.101,0
510.207,0
510.314,21
510.42,0
510.527,8
510.634,37
510.74,15
510.847,0
510.953,26
511.06,26
511.166,11
511.273,1
511.379,8
511.486,0
511.593,0
511.699,19
511.806,34
511.912,13
512.019,0
512.125,0
512.232,13
512.339,0
512.445,46
512.552,18
512.658,0
512.765,13
512.871,0
512.978,16
513.084,0
513.191,12
513.298,15
513.404,7
513.511,0
513.617,0
513.724,11
513.83,0
513.937,2
514.043,38
514.15,35
514.256,3
514.363,2
514.47,0
514.576,0
514.683,12
514.789,49
514.896,0
515.002,32
515.109,11
515.215,6
515.322,7
515.429,0
515.535,0
515.642,0
515.748,36
515.855,6
515.961,0
516.068,0
516.174,0
516.281,13
516.388,8
516.494,0
516.601,0
516.707,0
516.814,1
516.92,8
517.027,15
517.133,18
517.24,4
517.346,10
517.453,26
517.56,0
517.666,5
517.773,12
517.879,0
517.986,0
518.092,40
518.199,10
518.305,0
518.412,0
518.518,10
518.625,10
518.732,0
518.838,0
518.945,0
519.051,0
519.158,26
519.264,29
519.371,0
519.477,0
519.584,13
519.69,8
519.797,122
519.903,92
520.01,34
520.117,16
520.223,13
520.33,0
520.436,0
520.543,6
520.649,17
520.756,14
520.862,0
520.969,0
521.075,28
521.182,13
521.289,0
521.395,18
521.502,0
521.608,15
521.715,16
521.821,0
521.928,9
522.034,0
522.141,30
522.247,0
522.354,0
522.46,16
522.567,19
522.674,17
522.78,6
522.887,0
522.993,3
523.1,0
523.206,0
523.313,0
523.419,0
523.526,24
523.632,0
523.739,0
523.845,10
523.952,31
524.058,0
524.165,2
524.272,11
524.378,10
524.485,0
524.591,0
524.698,6
524.804,5
524.911,16
525.017,12
525.124,18
525.23,0
525.337,10
525.443,0
525.55,0
525.656,6
525.763,0
525.87,0
525.976,0
526.083,15
526.189,14
526.296,0
526.402,20
526.509,0
526.615,0
526.722,7
526.828,0
526.935,0
527.041,0
527.148,3
527.254,16
527.361,6
527.467,6
527.574,11
527.68,0
527.787,0
527.894,17
528,8
528.107,0
528.213,0
528.32,4
528.426,11
528.533,8
528.639,0
528.746,0
528.852,0
528.959,0
529.065,19
529.172,0
529.278,0
529.385,28
529.491,74
529.598,56
529.704,21
529.811,42
529.918,23
530.024,21
530.131,0
530.237,0
530.344,0
530.45,24
530.557,0
530.663,8
530.77,0
530.876,0
530.983,0
531.089,0
531.196,8
531.302,26
531.409,0
531.515,12
531.622,0
531.728,5
531.835,1
531.941,0
532.048,2
532.154,0
532.261,0
532.367,9
532.474,0
532.581,10
532.687,9
532.794,7
532.9,19
533.007,32
533.113,26
533.22,3
533.326,0
533.433,2
533.539,0
533.646,22
533.752,17
533.859,11
533.965,0
534.072,30
534.178,10
534.285,13
534.391,0
534.498,37
534.604,31
534.711,29
534.817,0
534.924,0
535.03,24
535.137,25
535.243,18
535.35,12
535.456,4
535.563,6
535.669,0
535.776,8
535.882,10
535.989,17
536.095,0
536.202,13
536.308,0
536.415,0
536.521,8
536.628,8
536.735,0
536.841,0
536.948,15
537.054,22
537.161,4
537.267,16
537.374,13
537.48,15
537.587,0
537.693,0
537.8,2
537.906,0
538.013,15
538.119,19
538.226,0
538.332,0
538.439,0
538.545,41
538.652,18
538.758,10
538.865,0
538.971,0
539.078,16
539.184,26
539.291,0
539.397,2
539.504,13
539.61,12
539.717,0
539.823,13
539.93,35
540.036,0
540.143,0
540.249,0
540.356,0
540.462,20
540.569,40
540.675,14
540.782,1
540.888,0
540.995,16
541.101,10
541.208,8
541.314,2
541.421,1
541.527,5
541.634,7
541.74,3
541.847,8
541.953,0
542.06,14
542.166,0
542.273,8
542.379,18
542.486,0
542.592,0
542.699,8
542.805,8
542.912,14
543.018,0
543.125,4
543.231,9
543.338,0
543.444,13
543.551,64
543.657,85
543.764,60
543.87,26
543.977,0
544.083,0
544.19,22
544.296,0
544.403,0
544.509,0
544.616,6
544.722,0
544.829,0
544.935,8
545.042,0
545.148,5
545.255,9
545.361,0
545.467,7
545.574,0
545.68,19
545.787,13
545.893,1
546,0
546.106,0
546.213,0
546.319,36
546.426,0
546.532,0
546.639,18
546.745,0
546.852,0
546.958,2
547.065,17
547.171,16
547.278,20
547.384,13
547.491,1
547.597,0
547.704,7
547.81,15
547.917,2
548.023,0
548.13,8
548.236,0
548.343,16
548.449,7
548.556,13
548.662,0
548.769,17
548.875,0
548.982,3
549.088,20
549.195,0
549.301,0
549.408,0
549.514,15
549.62,0
549.727,0
549.833,7
549.94,0
550.046,0
550.153,12
550.259,28
550.366,8
550.472,11
550.579,100
550.685,105
550.792,69
550.898,0
551.005,0
551.111,30
551.218,20
551.324,6
551.431,0
551.537,32
551.644,22
551.75,0
551.857,0
551.963,24
552.07,17
552.176,6
552.282,15
552.389,0
552.495,0
552.602,25
552.708,17
552.815,14
552.921,0
553.028,0
553.134,20
553.241,0
553.347,17
553.454,0
553.56,33
553.667,10
553.773,1
553.88,6
553.986,0
554.093,0
554.199,16
554.305,6
554.412,0
554.518,0
554.625,0
554.731,15
554.838,0
554.944,0
555.051,20
555.157,0
555.264,2
555.37,18
555.477,0
555.583,10
555.69,65
555.796,64
555.903,28
556.009,43
556.115,44
556.222,33
556.328,12
556.435,8
556.541,5
556.648,0
556.754,0
556.861,0
556.967,0
557.074,1
557.18,15
557.287,6
557.393,0
557.5,0
557.606,0
557.713,16
557.819,3
557.925,18
558.032,0
558.138,22
558.245,14
558.351,0
558.458,20
558.564,9
558.671,0
558.777,24
558.884,18
558.99,0
559.097,0
559.203,0
559.309,3
559.416,0
559.522,0
559.629,17
559.735,7
559.842,39
559.948,5
560.055,0
560.161,14
560.268,8
560.374,0
560.481,5
560.587,15
560.693,0
560.8,0
560.906,0
561.013,31
561.119,14
561.226,0
561.332,20
561.439,0
561.545,0
561.652,46
561.758,90
561.864,28
561.971,12
562.077,16
562.184,4
562.29,0
562.397,0
562.503,15
562.61,25
562.716,0
562.823,0
562.929,17
563.035,24
563.142,8
563.248,0
563.355,21
563.461,0
563.568,2
563.674,1
563.781,8
563.887,14
563.994,1
564.1,5
564.206,0
564.313,0
564.419,11
564.526,43
564.632,0
564.739,6
564.845,10
564.952,3
565.058,0
565.165,3
565.271,23
565.377,22
565.484,0
565.59,20
565.697,10
565.803,7
565.91,36
566.016,13
566.123,14
566.229,0
566.335,11
566.442,16
566.548,14
566.655,18
566.761,0
566.868,24
566.974,10
567.081,0
567.187,7
567.293,10
567.4,0
567.506,0
567.613,16
567.719,19
567.826,0
567.932,0
568.039,25
568.145,7
568.251,0
568.358,2
568.464,0
568.571,0
568.677,2
568.784,9
568.89,0
568.997,38
569.103,27
569.209,69
569.316,53
569.422,8
569.529,16
569.635,0
569.742,8
569.848,6
569.955,5
570.061,0
570.167,0
570.274,27
570.38,0
570.487,0
570.593,0
570.7,18
570.806,2
570.912,0
571.019,0
571.125,0
571.232,0
571.338,0
571.445,15
571.551,0
571.658,0
571.764,0
571.87,1
571.977,0
572.083,6
572.19,0
572.296,1
572.403,0
572.509,20
572.615,6
572.722,11
572.828,15
572.935,0
573.041,0
573.148,24
573.254,28
573.36,12
573.467,14
573.573,2
573.68,7
573.786,11
573.893,7
573.999,0
574.105,0
574.212,25
574.318,5
574.425,0
574.531,4
574.638,0
574.744,24
574.85,35
574.957,18
575.063,0
575.17,20
575.276,16
575.383,26
575.489,10
575.595,21
575.702,23
575.808,8
575.915,20
576.021,0
576.128,42
576.234,39
576.34,47
576.447,10
576.553,0
576.66,16
576.766,14
576.873,0
576.979,8
577.085,0
577.192,6
577.298,0
577.405,6
577.511,11
577.618,0
577.724,0
577.83,25
577.937,31
578.043,7
578.15,0
578.256,32
578.363,13
578.469,10
578.575,0
578.682,56
578.788,0
578.895,30
579.001,0
579.107,0
579.214,0
579.32,0
579.427,17
579.533,5
579.64,0
579.746,0
579.852,4
579.959,6
580.065,25
580.172,1
580.278,0
580.384,1
580.491,0
580.597,0
580.704,0
580.81,5
580.917,19
581.023,0
581.129,1
581.236,0
581.342,1
581.449,6
581.555,5
581.661,0
581.768,10
581.874,15
581.981,0
582.087,0
582.193,6
582.3,16
582.406,6
582.513,0
582.619,0
582.726,34
582.832,0
582.938,0
583.045,21
583.151,32
583.258,23
583.364,0
583.47,0
583.577,8
583.683,0
583.79,9
583.896,24
584.002,0
584.109,0
584.215,4
584.322,18
584.428,0
584.535,1
584.641,0
584.747,23
584.854,8
584.96,0
585.067,24
585.173,12
585.279,15
585.386,0
585.492,0
585.599,6
585.705,0
585.811,3
585.918,1
586.024,21
586.131,3
586.237,0
586.343,16
586.45,10
586.556,0
586.663,4
586.769,0
586.875,2
586.982,0
587.088,9
587.195,0
587.301,24
587.407,17
587.514,4
587.62,16
587.727,0
587.833,0
587.939,3
588.046,10
588.152,0
588.259,0
588.365,3
588.471,0
588.578,0
588.684,30
588.791,0
588.897,2
589.003,0
589.11,16
589.216,0
589.323,0
589.429,0
589.535,0
589.642,60
589.748,44
589.855,18
589.961,0
590.067,0
590.174,19
590.28,0
590.387,2
590.493,3
590.599,11
590.706,14
590.812,0
590.918,0
591.025,37
591.131,41
591.238,19
591.344,0
591.45,0
591.557,5
591.663,28
591.77,16
591.876,12
591.982,0
592.089,16
592.195,0
592.302,14
592.408,5
592.514,0
592.621,24
592.727,0
592.834,4
592.94,32
593.046,11
593.153,5
593.259,0
593.365,0
593.472,4
593.578,0
593.685,17
593.791,0
593.897,4
594.004,15
594.11,13
594.217,0
594.323,7
594.429,9
594.536,0
594.642,0
594.748,0
594.855,0
594.961,0
595.068,0
595.174,8
595.28,3
595.387,0
595.493,1
595.6,0
595.706,8
595.812,0
595.919,7
596.025,0
596.131,0
596.238,16
596.344,19
596.451,0
596.557,1
596.663,42
596.77,146
596.876,117
596.982,71
597.089,83
597.195,17
597.302,22
597.408,6
597.514,7
597.621,20
597.727,0
597.833,13
597.94,10
598.046,0
598.153,11
598.259,0
598.365,24
598.472,0
598.578,36
598.685,7
598.791,0
598.897,0
599.004,2
599.11,24
599.216,15
599.323,0
599.429,12
599.535,0
599.642,0
599.748,0
599.855,0
599.961,0
600.067,6
600.174,9
600.28,0
600.386,5
600.493,8
600.599,17
600.706,0
600.812,11
600.918,26
601.025,0
601.131,5
601.237,0
601.344,0
601.45,10
601.557,0
601.663,3
601.769,10
601.876,0
601.982,28
602.088,17
602.195,21
602.301,15
602.407,0
602.514,2
602.62,8
602.727,0
602.833,0
602.939,0
603.046,0
603.152,16
603.258,19
603.365,0
603.471,16
603.577,33
603.684,0
603.79,12
603.897,0
604.003,10
604.109,0
604.216,0
604.322,28
604.428,32
604.535,4
604.641,0
604.747,0
604.854,0
604.96,21
605.067,0
605.173,18
605.279,0
605.386,3
605.492,18
605.598,10
605.705,0
605.811,0
605.917,0
606.024,0
606.13,0
606.236,0
606.343,0
606.449,0
606.556,9
606.662,0
606.768,0
606.875,7
606.981,17
607.087,7
607.194,20
607.3,0
607.406,0
607.513,18
607.619,0
607.725,22
607.832,0
607.938,1
608.045,3
608.151,0
608.257,0
608.364,8
608.47,3
608.576,0
608.683,0
608.789,7
608.895,37
609.002,17
609.108,9
609.214,0
609.321,11
609.427,18
609.533,19
609.64,0
609.746,0
609.852,3
609.959,0
610.065,0
610.172,5
610.278,13
610.384,9
610.491,0
610.597,17
610.703,34
610.81,26
610.916,0
611.022,0
611.129,0
611.235,19
611.341,16
611.448,16
611.554,12
611.66,17
611.767,12
611.873,11
611.979,1
612.086,0
612.192,8
612.298,6
612.405,0
612.511,0
612.617,32
612.724,8
612.83,0
612.936,0
613.043,14
613.149,0
613.255,6
613.362,0
613.468,30
613.575,0
613.681,9
613.787,0
613.894,5
614,2
614.106,0
614.213,0
614.319,22
614.425,0
614.532,0
614.638,12
614.744,0
614.851,0
614.957,30
615.063,28
615.17,0
615.276,0
615.382,13
615.489,0
615.595,0
615.701,9
615.808,2
615.914,15
616.02,0
616.127,0
616.233,18
616.339,0
616.446,0
616.552,7
616.658,20
616.765,28
616.871,0
616.977,8
617.084,27
617.19,0
617.296,0
617.403,14
617.509,2
617.615,0
617.722,0
617.828,2
617.934,6
618.041,0
618.147,0
618.253,0
618.36,18
618.466,7
618.572,21
618.679,0
618.785,0
618.891,0
618.998,40
619.104,0
619.21,0
619.316,0
619.423,1
619.529,1
619.635,0
619.742,0
619.848,0
619.954,0
620.061,2
620.167,17
620.273,0
620.38,0
620.486,8
620.592,4
620.699,0
620.805,0
620.911,2
621.018,0
621.124,0
621.23,0
621.337,30
621.443,0
621.549,12
621.656,30
621.762,0
621.868,0
621.975,0
622.081,3
622.187,35
622.294,9
622.4,0
622.506,5
622.612,1
622.719,3
622.825,11
622.931,11
623.038,0
623.144,0
623.25,27
623.357,13
623.463,0
623.569,0
623.676,20
623.782,10
623.888,0
623.995,0
624.101,0
624.207,21
624.314,6
624.42,0
624.526,37
624.632,38
624.739,10
624.845,0
624.951,5
625.058,3
625.164,13
625.27,4
625.377,0
625.483,0
625.589,26
625.696,44
625.802,5
625.908,25
626.015,0
626.121,11
626.227,16
626.333,17
626.44,23
626.546,2
626.652,0
626.759,33
626.865,3
626.971,16
627.078,8
627.184,22
627.29,0
627.397,0
627.503,18
627.609,0
627.715,0
627.822,0
627.928,24
628.034,5
628.141,3
628.247,0
628.353,0
628.46,22
628.566,0
628.672,0
628.778,11
628.885,8
628.991,0
629.097,1
629.204,15
629.31,34
629.416,0
629.523,11
629.629,0
629.735,0
629.841,21
629.948,11
630.054,13
630.16,0
630.267,0
630.373,0
630.479,0
630.586,7
630.692,21
630.798,11
630.904,0
631.011,0
631.117,30
631.223,17
631.33,10
631.436,14
631.542,0
631.649,0
631.755,0
631.861,6
631.967,9
632.074,2
632.18,19
632.286,0
632.393,10
632.499,15
632.605,23
632.711,6
632.818,7
632.924,0
633.03,0
633.137,41
633.243,5
633.349,0
633.456,17
633.562,10
633.668,0
633.774,3
633.881,12
633.987,0
634.093,0
634.2,40
634.306,105
634.412,20
634.518,12
634.625,0
634.731,12
634.837,0
634.944,16
635.05,2
635.156,15
635.262,0
635.369,0
635.475,26
635.581,0
635.688,12
635.794,0
635.9,3
636.006,0
636.113,0
636.219,49
636.325,23
636.432,0
636.538,0
636.644,18
636.75,8
636.857,2
636.963,0
637.069,4
637.176,0
637.282,0
637.388,0
637.494,2
637.601,1
637.707,38
637.813,29
637.92,27
638.026,0
638.132,0
638.238,0
638.345,0
638.451,1
638.557,0
638.663,0
638.77,0
638.876,17
638.982,0
639.089,0
639.195,4
639.301,17
639.407,8
639.514,11
639.62,0
639.726,0
639.833,0
639.939,0
640.045,15
640.151,10
640.258,0
640.364,8
640.47,30
640.576,0
640.683,0
640.789,10
640.895,17
641.002,14
641.108,28
641.214,2
641.32,8
641.427,5
641.533,16
641.639,0
641.745,3
641.852,5
641.958,7
642.064,0
642.171,0
642.277,12
642.383,0
642.489,2
642.596,3
642.702,5
642.808,11
642.914,0
643.021,19
643.127,4
643.233,0
643.339,10
643.446,0
643.552,0
643.658,0
643.765,8
643.871,18
643.977,7
644.083,4
644.19,0
644.296,10
644.402,14
644.508,0
644.615,11
644.721,0
644.827,0
644.933,0
645.04,0
645.146,0
645.252,0
645.358,6
645.465,0
645.571,10
645.677,5
645.784,15
645.89,0
645.996,24
646.102,98
646.209,39
646.315,11
646.421,0
646.527,0
646.634,0
646.74,0
646.846,82
646.952,82
647.059,44
647.165,0
647.271,0
647.377,0
647.484,0
647.59,0
647.696,5
647.802,0
647.909,11
648.015,3
648.121,0
648.227,0
648.334,10
648.44,0
648.546,0
648.652,0
648.759,3
648.865,19
648.971,0
649.077,13
649.184,0
649.29,0
649.396,17
649.502,21
649.609,0
649.715,10
649.821,3
649.927,0
650.034,1
650.14,0
650.246,0
650.352,0
650.459,26
650.565,6
650.671,0
650.777,0
650.884,0
650.99,0
651.096,0
651.202,0
651.309,8
651.415,23
651.521,27
651.627,0
651.734,0
651.84,24
651.946,19
652.052,0
652.159,3
652.265,9
652.371,36
652.477,0
652.584,0
652.69,90
652.796,148
652.902,42
653.009,42
653.115,0
653.221,0
653.327,0
653.434,58
653.54,68
653.646,50
653.752,20
653.858,5
653.965,0
654.071,0
654.177,37
654.283,29
654.39,56
654.496,230
654.602,196
654.708,68
654.815,15
654.921,0
655.027,0
655.133,17
655.24,0
655.346,0
655.452,8
655.558,0
655.665,33
655.771,24
655.877,0
655.983,0
656.089,2
656.196,0
656.302,0
656.408,14
656.514,0
656.621,0
656.727,0
656.833,0
656.939,0
657.046,7
657.152,0
657.258,0
657.364,0
657.47,30
657.577,24
657.683,0
657.789,0
657.895,25
658.002,98
658.108,70
658.214,15
658.32,0
658.427,48
658.533,56
658.639,31
658.745,0
658.851,0
658.958,31
659.064,42
659.17,3
659.276,14
659.383,0
659.489,6
659.595,0
659.701,30
659.807,11
659.914,0
660.02,6
660.126,7
660.232,5
660.339,0
660.445,10
660.551,0
660.657,0
660.763,7
660.87,0
660.976,6
661.082,0
661.188,0
661.295,0
661.401,0
661.507,0
661.613,0
661.719,11
661.826,90
661.932,75
662.038,29
662.144,0
662.251,19
662.357,24
662.463,12
662.569,5
662.675,10
662.782,0
662.888,0
662.994,0
663.1,8
663.206,0
663.313,0
663.419,0
663.525,0
663.631,0
663.738,10
663.844,130
663.95,147
664.056,87
664.162,10
664.269,18
664.375,0
664.481,0
664.587,0
664.693,0
664.8,0
664.906,0
665.012,16
665.118,32
665.225,45
665.331,43
665.437,0
665.543,0
665.649,0
665.756,4
665.862,0
665.968,0
666.074,3
666.18,0
666.287,0
666.393,27
666.499,4
666.605,10
666.711,0
666.818,6
666.924,3
667.03,0
667.136,15
667.242,10
667.349,4
667.455,0
667.561,0
667.667,11
667.773,12
667.88,0
667.986,0
668.092,34
668.198,10
668.304,0
668.411,0
668.517,0
668.623,1
668.729,2
668.835,26
668.942,96
669.048,138
669.154,138
669.26,76
669.366,19
669.473,19
669.579,42
669.685,20
669.791,3
669.897,0
670.004,0
670.11,12
670.216,5
670.322,2
670.428,0
670.535,32
670.641,0
670.747,18
670.853,22
670.959,6
671.066,0
671.172,131
671.278,280
671.384,199
671.49,44
671.597,1
671.703,0
671.809,0
671.915,0
672.021,4
672.128,0
672.234,2
672.34,0
672.446,0
672.552,0
672.658,0
672.765,81
672.871,125
672.977,67
673.083,33
673.189,25
673.296,0
673.402,11
673.508,175
673.614,162
673.72,46
673.827,0
673.933,0
674.039,0
674.145,0
674.251,0
674.357,0
674.464,2
674.57,0
674.676,0
674.782,3
674.888,5
674.995,8
675.101,0
675.207,24
675.313,0
675.419,0
675.526,0
675.632,0
675.738,0
675.844,0
675.95,0
676.056,0
676.163,12
676.269,0
676.375,17
676.481,8
676.587,30
676.693,62
676.8,28
676.906,6
677.012,0
677.118,0
677.224,5
677.331,0
677.437,0
677.543,0
677.649,0
677.755,19
677.861,5
677.968,0
678.074,19
678.18,31
678.286,52
678.392,40
678.498,20
678.605,0
678.711,4
678.817,28
678.923,0
679.029,0
679.136,2
679.242,1
679.348,0
679.454,2
679.56,0
679.666,0
679.773,7
679.879,22
679.985,125
680.091,184
680.197,70
680.303,0
680.41,0
680.516,3
680.622,37
680.728,48
680.834,5
680.94,8
681.047,21
681.153,13
681.259,0
681.365,0
681.471,27
681.577,43
681.684,26
681.79,0
681.896,0
682.002,0
682.108,0
682.214,0
682.321,0
682.427,23
682.533,5
682.639,0
682.745,29
682.851,0
682.958,10
683.064,13
683.17,0
683.276,0
683.382,43
683.488,0
683.595,23
683.701,0
683.807,0
683.913,0
684.019,0
684.125,0
684.231,0
684.338,22
684.444,0
684.55,13
684.656,19
684.762,21
684.868,21
684.975,0
685.081,0
685.187,1
685.293,1
685.399,6
685.505,0
685.611,0
685.718,0
685.824,0
685.93,3
686.036,4
686.142,0
686.248,11
686.355,11
686.461,0
686.567,0
686.673,27
686.779,41
686.885,0
686.991,12
687.098,0
687.204,0
687.31,34
687.416,33
687.522,10
687.628,22
687.735,11
687.841,3
687.947,14
688.053,14
688.159,11
688.265,2
688.371,0
688.478,28
688.584,0
688.69,0
688.796,0
688.902,0
689.008,0
689.114,0
689.221,0
689.327,32
689.433,64
689.539,29
689.645,0
689.751,3
689.857,0
689.964,30
690.07,0
690.176,0
690.282,5
690.388,5
690.494,19
690.6,0
690.707,0
690.813,14
690.919,26
691.025,0
691.131,0
691.237,19
691.343,21
691.45,0
691.556,0
691.662,3
691.768,0
691.874,18
691.98,7
692.086,0
692.193,11
692.299,10
692.405,0
692.511,1
692.617,10
692.723,0
692.829,0
692.935,0
693.042,0
693.148,35
693.254,0
693.36,0
693.466,0
693.572,0
693.678,0
693.785,0
693.891,0
693.997,3
694.103,0
694.209,0
694.315,30
694.421,25
694.527,0
694.634,0
694.74,0
694.846,0
694.952,11
695.058,10
695.164,0
695.27,0
695.376,0
695.483,0
695.589,0
695.695,0
695.801,0
695.907,5
696.013,0
696.119,0
696.225,0
696.332,40
696.438,9
696.544,6
696.65,0
696.756,0
696.862,38
696.968,8
697.074,6
697.181,0
697.287,0
697.393,0
697.499,10
697.605,0
697.711,11
697.817,4
697.923,0
698.03,13
698.136,0
698.242,18
698.348,41
698.454,0
698.56,6
698.666,7
698.772,0
698.879,30
698.985,18
699.091,0
699.197,0
699.303,23
699.409,0
699.515,10
