59.6745,18
59.7814,0
59.8883,32
59.9952,19
60.1021,0
60.209,0
60.3159,9
60.4228,22
60.5296,7
60.6365,17
60.7434,0
60.8503,18
60.9572,0
61.0641,9
61.171,0
61.2779,4
61.3848,0
61.4917,0
61.5986,17
61.7055,0
61.8124,17
61.9193,42
62.0261,6
62.133,0
62.2399,0
62.3468,10
62.4537,11
62.5606,1
62.6675,0
62.7744,23
62.8813,2
62.9882,0
63.0951,5
63.202,44
63.3089,0
63.4158,8
63.5226,12
63.6295,37
63.7364,0
63.8433,0
63.9502,22
64.0571,0
64.164,0
64.2709,0
64.3778,1
64.4847,3
64.5916,15
64.6985,9
64.8054,40
64.9123,0
65.0192,11
65.1261,16
65.2329,39
65.3398,2
65.4467,8
65.5536,0
65.6605,0
65.7674,16
65.8743,4
65.9812,21
66.0881,17
66.195,6
66.3019,7
66.4088,1
66.5157,13
66.6226,22
66.7295,1
66.8364,0
66.9433,5
67.0502,35
67.157,5
67.2639,0
67.3708,0
67.4777,13
67.5846,6
67.6915,0
67.7984,4
67.9053,0
68.0122,0
68.1191,12
68.226,0
68.3329,0
68.4398,20
68.5467,6
68.6536,0
68.7605,10
68.8674,0
68.9743,0
69.0812,17
69.1881,5
69.295,4
69.4018,8
69.5087,20
69.6156,6
69.7225,1
69.8294,4
69.9363,4
70.0432,19
70.1501,0
70.257,0
70.3639,0
70.4708,0
70.5777,14
70.6846,21
70.7915,1
70.8984,0
71.0053,0
71.1122,6
71.2191,0
71.326,0
71.4329,4
71.5398,7
71.6467,11
71.7536,0
71.8605,12
71.9674,16
72.0742,6
72.1811,0
72.288,14
72.3949,0
72.5018,2
72.6087,0
72.7156,2
72.8225,10
72.9294,0
73.0363,1
73.1432,5
73.2501,0
73.357,28
73.4639,15
73.5708,9
73.6777,1
73.7846,10
73.8915,0
73.9984,0
74.1053,0
74.2122,21
74.3191,15
74.426,0
74.5329,0
74.6398,32
74.7467,13
74.8536,29
74.9605,11
75.0674,3
75.1743,0
75.2812,11
75.3881,2
75.495,28
75.6019,20
75.7088,0
75.8157,0
75.9225,12
76.0294,11
76.1363,0
76.2432,0
76.3501,0
76.457,35
76.5639,20
76.6708,0
76.7777,0
76.8846,0
76.9915,16
77.0984,0
77.2053,0
77.3122,1
77.4191,0
77.526,0
77.6329,0
77.7398,10
77.8467,0
77.9536,0
78.0605,13
78.1674,0
78.2743,19
78.3812,34
78.4881,29
78.595,0
78.7019,21
78.8088,11
78.9157,21
79.0226,4
79.1295,5
79.2364,9
79.3433,3
79.4502,10
79.5571,27
79.664,23
79.7709,0
79.8778,13
79.9847,0
80.0916,0
80.1985,27
80.3054,5
80.4123,0
80.5192,0
80.6261,5
80.733,18
80.8399,0
80.9468,0
81.0537,0
81.1606,0
81.2675,26
81.3744,34
81.4813,0
81.5882,0
81.6951,23
81.802,8
81.9089,0
82.0158,15
82.1227,0
82.2296,0
82.3365,0
82.4434,8
82.5503,20
82.6572,42
82.7641,0
82.871,30
82.9779,51
83.0848,7
83.1917,0
83.2986,14
83.4055,0
83.5124,4
83.6193,21
83.7262,0
83.8331,14
83.94,4
84.0469,0
84.1538,23
84.2607,25
84.3676,0
84.4745,0
84.5814,17
84.6883,16
84.7952,11
84.9021,2
85.009,0
85.1159,2
85.2228,0
85.3297,0
85.4366,5
85.5435,0
85.6504,0
85.7573,0
85.8642,19
85.9711,0
86.078,1
86.1849,22
86.2918,19
86.3987,0
86.5056,0
86.6125,28
86.7194,0
86.8263,16
86.9332,29
87.0401,16
87.147,9
87.2539,11
87.3608,0
87.4677,10
87.5746,11
87.6815,23
87.7884,14
87.8953,7
88.0022,0
88.1091,0
88.216,7
88.3229,0
88.4298,0
88.5367,0
88.6436,45
88.7505,6
88.8574,18
88.9643,38
89.0712,27
89.1781,9
89.285,29
89.3919,15
89.4988,0
89.6057,3
89.7126,4
89.8195,4
89.9264,0
90.0334,24
90.1403,4
90.2472,0
90.3541,0
90.461,19
90.5679,0
90.6748,0
90.7817,0
90.8886,7
90.9955,0
91.1024,8
91.2093,49
91.3162,5
91.4231,11
91.53,0
91.6369,0
91.7438,0
91.8507,0
91.9576,18
92.0645,5
92.1714,0
92.2783,0
92.3852,26
92.4921,3
92.599,8
92.7059,12
92.8128,28
92.9197,0
93.0266,0
93.1335,0
93.2404,12
93.3473,9
93.4542,0
93.5611,9
93.668,7
93.7749,10
93.8818,13
93.9887,30
94.0956,15
94.2025,0
94.3095,8
94.4164,22
94.5233,19
94.6302,0
94.7371,0
94.844,4
94.9509,6
95.0578,10
95.1647,0
95.2716,0
95.3785,19
95.4854,15
95.5923,0
95.6992,14
95.8061,15
95.913,0
96.0199,23
96.1268,0
96.2337,10
96.3406,0
96.4475,12
96.5544,0
96.6613,0
96.7682,0
96.8751,3
96.982,5
97.0889,0
97.1958,0
97.3027,0
97.4097,0
97.5166,0
97.6235,0
97.7304,0
97.8373,15
97.9442,0
98.0511,7
98.158,7
98.2649,25
98.3718,24
98.4787,13
98.5856,0
98.6925,0
98.7994,31
98.9063,3
99.0132,0
99.1201,9
99.227,22
99.3339,3
99.4408,12
99.5477,12
99.6546,0
99.7615,0
99.8684,18
99.9753,0
100.082,0
100.189,8
100.296,0
100.403,0
100.51,0
100.617,0
100.724,2
100.831,34
100.937,0
101.044,0
101.151,15
101.258,4
101.365,6
101.472,0
101.579,12
101.686,1
101.793,0
101.9,7
102.007,36
102.113,0
102.22,44
102.327,21
102.434,0
102.541,0
102.648,58
102.755,22
102.862,0
102.969,1
103.076,0
103.182,16
103.289,8
103.396,0
103.503,6
103.61,0
103.717,13
103.824,0
103.931,0
104.038,34
104.145,11
104.252,0
104.358,0
104.465,10
104.572,0
104.679,0
104.786,4
104.893,0
105,0
105.107,25
105.214,0
105.321,0
105.427,15
105.534,0
105.641,0
105.748,22
105.855,0
105.962,0
106.069,19
106.176,0
106.283,9
106.39,25
106.497,8
106.603,6
106.71,16
106.817,11
106.924,20
107.031,3
107.138,15
107.245,21
107.352,12
107.459,0
107.566,20
107.673,23
107.779,0
107.886,0
107.993,0
108.1,21
108.207,8
108.314,0
108.421,24
108.528,7
108.635,19
108.742,25
108.848,0
108.955,4
109.062,15
109.169,22
109.276,17
109.383,0
109.49,0
109.597,13
109.704,2
109.811,12
109.918,0
110.024,1
110.131,2
110.238,37
110.345,30
110.452,7
110.559,0
110.666,8
110.773,36
110.88,30
110.987,0
111.094,8
111.2,0
111.307,16
111.414,0
111.521,13
111.628,0
111.735,19
111.842,4
111.949,0
112.056,24
112.163,0
112.269,14
112.376,0
112.483,0
112.59,15
112.697,0
112.804,21
112.911,26
113.018,0
113.125,0
113.232,0
113.339,42
113.445,12
113.552,0
113.659,23
113.766,0
113.873,0
113.98,0
114.087,27
114.194,17
114.301,0
114.408,4
114.515,9
114.621,31
114.728,56
114.835,0
114.942,7
115.049,0
115.156,0
115.263,52
115.37,30
115.477,30
115.584,4
115.69,0
115.797,0
115.904,23
116.011,3
116.118,0
116.225,0
116.332,0
116.439,18
116.546,0
116.653,0
116.76,9
116.866,1
116.973,3
117.08,48
117.187,0
117.294,0
117.401,0
117.508,12
117.615,9
117.722,0
117.829,0
117.936,16
118.042,19
118.149,15
118.256,5
118.363,0
118.47,11
118.577,37
118.684,11
118.791,0
118.898,16
119.005,8
119.112,0
119.218,0
119.325,0
119.432,0
119.539,0
119.646,5
119.753,0
119.86,0
119.967,0
120.074,30
120.181,9
120.287,0
120.394,32
120.501,39
120.608,6
120.715,10
120.822,3
120.929,0
121.036,0
121.143,0
121.25,2
121.357,0
121.463,0
121.57,11
121.677,20
121.784,25
121.891,26
121.998,0
122.105,0
122.212,5
122.319,21
122.426,12
122.533,21
122.639,3
122.746,20
122.853,0
122.96,5
123.067,0
123.174,0
123.281,8
123.388,27
123.495,31
123.602,0
123.709,28
123.815,12
123.922,0
124.029,32
124.136,8
124.243,8
124.35,0
124.457,11
124.564,0
124.671,0
124.778,0
124.885,26
124.991,8
125.098,37
125.205,0
125.312,31
125.419,0
125.526,2
125.633,0
125.74,25
125.847,10
125.954,23
126.061,0
126.167,16
126.274,31
126.381,0
126.488,0
126.595,0
126.702,0
126.809,26
126.916,0
127.023,0
127.13,0
127.236,0
127.343,6
127.45,0
127.557,4
127.664,14
127.771,9
127.878,6
127.985,21
128.092,19
128.199,0
128.306,34
128.412,24
128.519,8
128.626,0
128.733,13
128.84,20
128.947,0
129.054,12
129.161,6
129.268,13
129.375,0
129.482,0
129.588,16
129.695,9
129.802,0
129.909,0
130.016,30
130.123,17
130.23,7
130.337,15
130.444,35
130.551,20
130.658,20
130.764,1
130.871,11
130.978,26
131.085,4
131.192,0
131.299,0
131.406,2
131.513,8
131.62,36
131.727,0
131.834,20
131.94,0
132.047,17
132.154,0
132.261,16
132.368,0
132.475,1
132.582,18
132.689,7
132.796,0
132.903,40
133.01,0
133.116,0
133.223,11
133.33,26
133.437,21
133.544,5
133.651,5
133.758,0
133.865,1
133.972,0
134.079,13
134.186,0
134.292,3
134.399,22
134.506,0
134.613,0
134.72,23
134.827,34
134.934,4
135.041,0
135.148,23
135.255,0
135.362,11
135.468,38
135.575,8
135.682,7
135.789,4
135.896,5
136.003,0
136.11,5
136.217,14
136.324,3
136.431,33
136.538,0
136.644,1
136.751,11
136.858,0
136.965,41
137.072,22
137.179,0
137.286,0
137.393,15
137.5,11
137.607,8
137.714,13
137.82,19
137.927,25
138.034,10
138.141,9
138.248,0
138.355,16
138.462,22
138.569,17
138.676,0
138.783,0
138.89,29
138.996,12
139.103,15
139.21,31
139.317,0
139.424,0
139.531,33
139.638,0
139.745,0
139.852,0
139.959,8
140.065,16
140.172,0
140.279,12
140.386,7
140.493,0
140.6,13
140.707,0
140.814,6
140.921,0
141.028,5
141.135,14
141.241,0
141.348,0
141.455,0
141.562,11
141.669,3
141.776,0
141.883,14
141.99,8
142.097,0
142.204,21
142.311,0
142.417,0
142.524,24
142.631,0
142.738,23
142.845,6
142.952,9
143.059,21
143.166,13
143.273,8
143.38,6
143.487,6
143.593,18
143.7,0
143.807,0
143.914,0
144.021,3
144.128,6
144.235,0
144.342,16
144.449,8
144.556,0
144.663,0
144.769,20
144.876,0
144.983,26
145.09,10
145.197,1
145.304,0
145.411,35
145.518,44
145.625,10
145.732,0
145.839,18
145.945,0
146.052,16
146.159,0
146.266,3
146.373,30
146.48,0
146.587,19
146.694,0
146.801,5
146.908,0
147.015,18
147.121,29
147.228,0
147.335,2
147.442,0
147.549,29
147.656,16
147.763,0
147.87,1
147.977,0
148.084,0
148.191,23
148.297,26
148.404,22
148.511,0
148.618,8
148.725,0
148.832,0
148.939,0
149.046,3
149.153,23
149.26,5
149.367,0
149.473,6
149.58,0
149.687,12
149.794,16
149.901,9
150.008,21
150.115,0
150.222,21
150.329,16
150.436,21
150.543,19
150.649,11
150.756,0
150.863,0
150.97,29
151.077,4
151.184,0
151.291,0
151.398,0
151.505,8
151.612,1
151.719,11
151.825,0
151.932,0
152.039,0
152.146,4
152.253,11
152.36,0
152.467,0
152.574,6
152.681,4
152.788,2
152.894,10
153.001,20
153.108,32
153.215,17
153.322,10
153.429,0
153.536,11
153.643,8
153.75,23
153.857,0
153.964,11
154.07,10
154.177,17
154.284,0
154.391,19
154.498,13
154.605,7
154.712,0
154.819,0
154.926,9
155.033,0
155.14,22
155.246,0
155.353,0
155.46,12
155.567,0
155.674,0
155.781,23
155.888,0
155.995,0
156.102,12
156.209,21
156.316,0
156.422,0
156.529,0
156.636,7
156.743,18
156.85,0
156.957,8
157.064,17
157.171,22
157.278,24
157.385,0
157.492,12
157.598,15
157.705,3
157.812,20
157.919,9
158.026,17
158.133,0
158.24,34
158.347,11
158.454,6
158.561,15
158.668,0
158.774,0
158.881,17
158.988,4
159.095,10
159.202,18
159.309,3
159.416,22
159.523,0
159.63,8
159.737,14
159.844,13
159.95,0
160.057,8
160.164,22
160.271,19
160.378,11
160.485,0
160.592,25
160.699,24
160.806,0
160.913,0
161.019,0
161.126,14
161.233,16
161.34,0
161.447,6
161.554,8
161.661,0
161.768,0
161.875,0
161.982,1
162.089,25
162.195,0
162.302,0
162.409,0
162.516,4
162.623,6
162.73,15
162.837,8
162.944,16
163.051,0
163.158,12
163.265,8
163.371,0
163.478,6
163.585,0
163.692,0
163.799,28
163.906,17
164.013,0
164.12,15
164.227,0
164.334,4
164.441,6
164.547,11
164.654,0
164.761,0
164.868,5
164.975,0
165.082,0
165.189,0
165.296,14
165.403,19
165.51,0
165.616,27
165.723,0
165.83,0
165.937,13
166.044,23
166.151,30
166.258,0
166.365,0
166.472,26
166.579,0
166.686,0
166.792,16
166.899,30
167.006,0
167.113,0
167.22,14
167.327,14
167.434,0
167.541,0
167.648,23
167.755,32
167.862,21
167.968,0
168.075,8
168.182,12
168.289,7
168.396,23
168.503,3
168.61,0
168.717,14
168.824,2
168.931,4
169.037,11
169.144,0
169.251,14
169.358,0
169.465,2
169.572,0
169.679,15
169.786,0
169.893,0
170,8
170.107,0
170.213,0
170.32,4
170.427,9
170.534,22
170.641,0
170.748,0
170.855,5
170.962,3
171.069,0
171.176,0
171.283,0
171.389,0
171.496,6
171.603,0
171.71,24
171.817,0
171.924,0
172.031,22
172.138,0
172.245,0
172.352,0
172.458,23
172.565,32
172.672,10
172.779,14
172.886,0
172.993,1
173.1,12
173.207,0
173.314,1
173.421,12
173.528,1
173.634,3
173.741,0
173.848,0
173.955,27
174.062,10
174.169,0
174.276,11
174.383,114
174.49,56
174.597,11
174.704,0
174.81,0
174.917,10
175.024,14
175.131,0
175.238,0
175.345,21
175.452,0
175.559,0
175.666,24
175.773,0
175.879,0
175.986,14
176.093,0
176.2,2
176.307,0
176.414,5
176.521,0
176.628,2
176.735,11
176.842,0
176.949,0
177.055,27
177.162,1
177.269,0
177.376,0
177.483,32
177.59,16
177.697,5
177.804,0
177.911,0
178.018,21
178.124,0
178.231,0
178.338,0
178.445,65
178.552,89
178.659,39
178.766,5
178.873,0
178.98,7
179.087,0
179.194,8
179.3,18
179.407,18
179.514,140
179.621,130
179.728,48
179.835,0
179.942,0
180.049,0
180.156,0
180.263,20
180.369,6
180.476,43
180.583,8
180.69,9
180.797,3
180.904,10
181.011,0
181.118,0
181.225,0
181.332,0
181.439,0
181.545,51
181.652,161
181.759,162
181.866,67
181.973,22
182.08,0
182.187,0
182.294,0
182.401,5
182.508,18
182.614,26
182.721,0
182.828,0
182.935,0
183.042,0
183.149,36
183.256,0
183.363,0
183.47,4
183.577,17
183.683,11
183.79,0
183.897,9
184.004,4
184.111,0
184.218,0
184.325,0
184.432,10
184.539,0
184.646,0
184.753,0
184.859,21
184.966,0
185.073,6
185.18,0
185.287,16
185.394,27
185.501,0
185.608,14
185.715,12
185.822,1
185.928,20
186.035,6
186.142,23
186.249,0
186.356,0
186.463,46
186.57,3
186.677,1
186.784,24
186.891,26
186.997,6
187.104,0
187.211,16
187.318,43
187.425,0
187.532,0
187.639,1
187.746,15
187.853,25
187.96,0
188.067,0
188.173,69
188.28,52
188.387,0
188.494,6
188.601,0
188.708,13
188.815,12
188.922,0
189.029,10
189.136,8
189.242,0
189.349,4
189.456,0
189.563,0
189.67,0
189.777,11
189.884,14
189.991,21
190.098,0
190.205,13
190.311,24
190.418,4
190.525,16
190.632,0
190.739,13
190.846,16
190.953,0
191.06,0
191.167,19
191.274,15
191.38,0
191.487,0
191.594,27
191.701,3
191.808,32
191.915,7
192.022,18
192.129,0
192.236,0
192.343,2
192.45,11
192.556,0
192.663,0
192.77,2
192.877,15
192.984,0
193.091,32
193.198,15
193.305,27
193.412,0
193.519,0
193.625,28
193.732,18
193.839,0
193.946,0
194.053,8
194.16,17
194.267,20
194.374,32
194.481,24
194.588,36
194.694,0
194.801,0
194.908,19
195.015,4
195.122,0
195.229,8
195.336,0
195.443,0
195.55,16
195.657,0
195.763,0
195.87,0
195.977,15
196.084,0
196.191,21
196.298,0
196.405,37
196.512,26
196.619,6
196.726,8
196.832,24
196.939,2
197.046,0
197.153,25
197.26,3
197.367,0
197.474,0
197.581,0
197.688,16
197.795,9
197.901,0
198.008,13
198.115,11
198.222,22
198.329,22
198.436,4
198.543,0
198.65,0
198.757,0
198.864,22
198.97,17
199.077,13
199.184,4
199.291,0
199.398,0
199.505,4
199.612,28
199.719,11
199.826,0
199.933,26
200.039,23
200.146,0
200.253,15
200.36,0
200.467,0
200.574,0
200.681,20
200.788,12
200.895,1
201.002,0
201.108,0
201.215,0
201.322,11
201.429,0
201.536,5
201.643,15
201.75,0
201.857,0
201.964,19
202.071,17
202.177,3
202.284,14
202.391,3
202.498,12
202.605,0
202.712,34
202.819,0
202.926,5
203.033,11
203.14,0
203.246,8
203.353,42
203.46,5
203.567,11
203.674,4
203.781,10
203.888,0
203.995,0
204.102,2
204.208,0
204.315,0
204.422,5
204.529,0
204.636,0
204.743,0
204.85,0
204.957,37
205.064,0
205.171,0
205.277,0
205.384,24
205.491,2
205.598,21
205.705,0
205.812,24
205.919,7
206.026,4
206.133,11
206.24,0
206.346,0
206.453,29
206.56,0
206.667,12
206.774,18
206.881,0
206.988,38
207.095,6
207.202,0
207.309,11
207.415,0
207.522,0
207.629,19
207.736,0
207.843,0
207.95,4
208.057,36
208.164,10
208.271,0
208.377,0
208.484,7
208.591,0
208.698,7
208.805,0
208.912,0
209.019,0
209.126,17
209.233,14
209.34,0
209.446,0
209.553,67
209.66,38
209.767,0
209.874,0
209.981,16
210.088,13
210.195,34
210.302,30
210.409,5
210.515,0
210.622,0
210.729,0
210.836,0
210.943,6
211.05,1
211.157,24
211.264,2
211.371,10
211.477,0
211.584,0
211.691,11
211.798,0
211.905,4
212.012,4
212.119,0
212.226,0
212.333,0
212.44,8
212.546,56
212.653,62
212.76,26
212.867,2
212.974,10
213.081,0
213.188,0
213.295,20
213.402,0
213.508,6
213.615,0
213.722,0
213.829,13
213.936,8
214.043,0
214.15,4
214.257,6
214.364,14
214.471,4
214.577,20
214.684,63
214.791,46
214.898,17
215.005,36
215.112,46
215.219,19
215.326,0
215.433,1
215.539,0
215.646,32
215.753,0
215.86,6
215.967,0
216.074,0
216.181,6
216.288,0
216.395,0
216.502,11
216.608,0
216.715,0
216.822,0
216.929,8
217.036,7
217.143,0
217.25,0
217.357,0
217.464,14
217.57,1
217.677,0
217.784,8
217.891,44
217.998,18
218.105,3
218.212,4
218.319,0
218.426,0
218.532,0
218.639,0
218.746,15
218.853,10
218.96,0
219.067,0
219.174,25
219.281,4
219.388,0
219.495,6
219.601,0
219.708,3
219.815,14
219.922,0
220.029,0
220.136,0
220.243,43
220.35,33
220.457,0
220.563,0
220.67,0
220.777,0
220.884,4
220.991,14
221.098,20
221.205,1
221.312,2
221.419,0
221.525,3
221.632,7
221.739,0
221.846,8
221.953,0
222.06,22
222.167,0
222.274,9
222.381,0
222.488,10
222.594,0
222.701,9
222.808,0
222.915,0
223.022,13
223.129,15
223.236,0
223.343,0
223.45,8
223.556,9
223.663,0
223.77,0
223.877,4
223.984,17
224.091,12
224.198,0
224.305,9
224.412,9
224.518,25
224.625,0
224.732,0
224.839,6
224.946,0
225.053,0
225.16,9
225.267,0
225.374,0
225.48,27
225.587,0
225.694,14
225.801,0
225.908,26
226.015,48
226.122,0
226.229,0
226.336,0
226.442,13
226.549,0
226.656,4
226.763,8
226.87,19
226.977,0
227.084,0
227.191,13
227.298,16
227.404,0
227.511,0
227.618,0
227.725,22
227.832,9
227.939,0
228.046,0
228.153,0
228.26,0
228.366,0
228.473,0
228.58,3
228.687,20
228.794,0
228.901,0
229.008,33
229.115,8
229.222,0
229.328,0
229.435,0
229.542,0
229.649,13
229.756,3
229.863,22
229.97,10
230.077,0
230.184,0
230.29,11
230.397,0
230.504,6
230.611,6
230.718,0
230.825,0
230.932,47
231.039,55
231.146,10
231.252,0
231.359,4
231.466,0
231.573,11
231.68,3
231.787,0
231.894,0
232.001,5
232.108,0
232.214,0
232.321,0
232.428,3
232.535,0
232.642,0
232.749,11
232.856,0
232.963,7
233.07,23
233.176,0
233.283,11
233.39,3
233.497,0
233.604,0
233.711,6
233.818,19
233.925,0
234.031,0
234.138,13
234.245,0
234.352,3
234.459,12
234.566,12
234.673,30
234.78,23
234.887,0
234.993,0
235.1,13
235.207,0
235.314,0
235.421,0
235.528,0
235.635,0
235.742,0
235.849,0
235.955,0
236.062,20
236.169,0
236.276,8
236.383,0
236.49,0
236.597,24
236.704,14
236.81,0
236.917,4
237.024,0
237.131,4
237.238,1
237.345,19
237.452,4
237.559,38
237.666,44
237.772,41
237.879,23
237.986,49
238.093,317
238.2,846
238.307,741
238.414,314
238.521,7
238.628,0
238.734,0
238.841,78
238.948,137
239.055,94
239.162,21
239.269,57
239.376,108
239.483,52
239.589,0
239.696,0
239.803,0
239.91,30
240.017,0
240.124,9
240.231,0
240.338,12
240.445,81
240.551,101
240.658,43
240.765,10
240.872,11
240.979,0
241.086,0
241.193,0
241.3,0
241.406,0
241.513,0
241.62,36
241.727,42
241.834,0
241.941,0
242.048,0
242.155,0
242.262,16
242.368,36
242.475,3
242.582,31
242.689,35
242.796,13
242.903,9
243.01,0
243.117,0
243.223,0
243.33,0
243.437,0
243.544,16
243.651,19
243.758,0
243.865,3
243.972,28
244.079,21
244.185,0
244.292,17
244.399,6
244.506,13
244.613,0
244.72,6
244.827,0
244.934,0
245.04,1
245.147,10
245.254,56
245.361,34
245.468,2
245.575,161
245.682,237
245.789,127
245.896,9
246.002,0
246.109,0
246.216,2
246.323,12
246.43,0
246.537,0
246.644,0
246.751,4
246.857,0
246.964,0
247.071,4
247.178,84
247.285,71
247.392,31
247.499,0
247.606,0
247.712,0
247.819,26
247.926,11
248.033,10
248.14,0
248.247,0
248.354,13
248.461,12
248.567,0
248.674,3
248.781,20
248.888,0
248.995,31
249.102,0
249.209,6
249.316,1
249.423,5
249.529,0
249.636,10
249.743,1
249.85,5
249.957,4
250.064,18
250.171,14
250.278,0
250.384,0
250.491,9
250.598,0
250.705,16
250.812,15
250.919,0
251.026,0
251.133,8
251.239,1
251.346,0
251.453,0
251.56,9
251.667,3
251.774,4
251.881,44
251.988,140
252.094,3
252.201,0
252.308,20
252.415,0
252.522,10
252.629,0
252.736,0
252.843,0
252.949,0
253.056,0
253.163,0
253.27,0
253.377,12
253.484,41
253.591,10
253.698,0
253.804,9
253.911,3
254.018,8
254.125,0
254.232,0
254.339,0
254.446,0
254.553,19
254.659,21
254.766,0
254.873,0
254.98,0
255.087,14
255.194,13
255.301,0
255.408,0
255.514,0
255.621,0
255.728,0
255.835,0
255.942,7
256.049,0
256.156,0
256.263,12
256.369,49
256.476,5
256.583,0
256.69,40
256.797,23
256.904,1
257.011,8
257.118,8
257.224,13
257.331,4
257.438,6
257.545,7
257.652,0
257.759,0
257.866,2
257.973,16
258.079,6
258.186,3
258.293,0
258.4,12
258.507,6
258.614,13
258.721,10
258.828,0
258.934,0
259.041,0
259.148,11
259.255,0
259.362,0
259.469,7
259.576,0
259.683,0
259.789,88
259.896,130
260.003,71
260.11,8
260.217,0
260.324,1
260.431,0
260.537,3
260.644,0
260.751,7
260.858,0
260.965,0
261.072,0
261.179,6
261.286,2
261.392,9
261.499,0
261.606,1
261.713,8
261.82,17
261.927,2
262.034,0
262.141,0
262.247,0
262.354,6
262.461,0
262.568,2
262.675,0
262.782,0
262.889,0
262.996,19
263.102,3
263.209,10
263.316,0
263.423,8
263.53,9
263.637,0
263.744,20
263.85,7
263.957,13
264.064,7
264.171,3
264.278,7
264.385,0
264.492,0
264.599,0
264.705,2
264.812,8
264.919,0
265.026,22
265.133,17
265.24,24
265.347,10
265.454,2
265.56,0
265.667,12
265.774,0
265.881,16
265.988,0
266.095,0
266.202,1
266.308,17
266.415,0
266.522,9
266.629,22
266.736,14
266.843,0
266.95,0
267.057,0
267.163,10
267.27,28
267.377,0
267.484,0
267.591,0
267.698,10
267.805,0
267.911,0
268.018,6
268.125,2
268.232,0
268.339,0
268.446,22
268.553,0
268.66,0
268.766,0
268.873,0
268.98,0
269.087,0
269.194,4
269.301,21
269.408,0
269.514,4
269.621,17
269.728,48
269.835,20
269.942,6
270.049,26
270.156,0
270.263,0
270.369,2
270.476,16
270.583,3
270.69,0
270.797,0
270.904,13
271.011,17
271.117,14
271.224,9
271.331,22
271.438,34
271.545,18
271.652,30
271.759,26
271.866,0
271.972,27
272.079,0
272.186,2
272.293,14
272.4,0
272.507,5
272.614,13
272.72,13
272.827,0
272.934,4
273.041,0
273.148,14
273.255,29
273.362,1
273.468,0
273.575,0
273.682,16
273.789,29
273.896,0
274.003,0
274.11,0
274.217,7
274.323,1
274.43,3
274.537,7
274.644,0
274.751,0
274.858,24
274.965,12
275.071,0
275.178,0
275.285,0
275.392,0
275.499,12
275.606,6
275.713,0
275.819,0
275.926,3
276.033,32
276.14,14
276.247,97
276.354,101
276.461,71
276.567,28
276.674,0
276.781,0
276.888,0
276.995,10
277.102,0
277.209,11
277.315,0
277.422,0
277.529,2
277.636,4
277.743,0
277.85,0
277.957,32
278.064,0
278.17,2
278.277,22
278.384,43
278.491,13
278.598,0
278.705,89
278.812,77
278.918,44
279.025,6
279.132,0
279.239,0
279.346,0
279.453,0
279.56,3
279.666,0
279.773,0
279.88,16
279.987,0
280.094,3
280.201,0
280.308,28
280.414,6
280.521,0
280.628,0
280.735,13
280.842,7
280.949,0
281.056,8
281.162,10
281.269,28
281.376,13
281.483,0
281.59,0
281.697,17
281.804,0
281.91,0
282.017,17
282.124,4
282.231,4
282.338,24
282.445,16
282.552,34
282.658,17
282.765,0
282.872,0
282.979,14
283.086,18
283.193,0
283.3,21
283.406,26
283.513,0
283.62,2
283.727,0
283.834,0
283.941,2
284.048,8
284.154,0
284.261,0
284.368,4
284.475,57
284.582,8
284.689,0
284.796,0
284.902,0
285.009,0
285.116,0
285.223,0
285.33,34
285.437,0
285.544,16
285.65,17
285.757,0
285.864,0
285.971,0
286.078,24
286.185,19
286.292,0
286.398,10
286.505,7
286.612,4
286.719,0
286.826,0
286.933,15
287.039,2
287.146,0
287.253,0
287.36,6
287.467,0
287.574,0
287.681,0
287.787,0
287.894,0
288.001,14
288.108,83
288.215,50
288.322,19
288.429,0
288.535,8
288.642,8
288.749,0
288.856,0
288.963,0
289.07,6
289.177,0
289.283,12
289.39,28
289.497,8
289.604,0
289.711,25
289.818,8
289.924,0
290.031,6
290.138,0
290.245,11
290.352,0
290.459,4
290.566,16
290.672,15
290.779,0
290.886,3
290.993,3
291.1,0
291.207,0
291.314,3
291.42,12
291.527,0
291.634,13
291.741,0
291.848,0
291.955,0
292.062,9
292.168,11
292.275,11
292.382,3
292.489,13
292.596,27
292.703,0
292.809,0
292.916,0
293.023,4
293.13,0
293.237,11
293.344,11
293.451,0
293.557,7
293.664,48
293.771,72
293.878,65
293.985,24
294.092,12
294.198,0
294.305,0
294.412,6
294.519,21
294.626,0
294.733,14
294.84,0
294.946,0
295.053,36
295.16,49
295.267,0
295.374,0
295.481,0
295.588,3
295.694,6
295.801,4
295.908,0
296.015,6
296.122,4
296.229,0
296.335,0
296.442,2
296.549,0
296.656,16
296.763,6
296.87,0
296.977,6
297.083,0
297.19,14
297.297,0
297.404,3
297.511,16
297.618,14
297.724,18
297.831,17
297.938,3
298.045,0
298.152,0
298.259,0
298.365,0
298.472,0
298.579,6
298.686,0
298.793,8
298.9,4
299.007,0
299.113,19
299.22,7
299.327,0
299.434,0
299.541,16
299.648,0
299.754,0
299.861,0
299.968,0
300.075,0
300.182,0
300.289,15
300.396,0
300.502,0
300.609,0
300.716,0
300.823,6
300.93,12
301.037,0
301.143,0
301.25,0
301.357,0
301.464,2
301.571,0
301.678,39
301.784,0
301.891,0
301.998,0
302.105,6
302.212,13
302.319,8
302.426,3
302.532,0
302.639,30
302.746,21
302.853,14
302.96,0
303.067,2
303.173,29
303.28,13
303.387,0
303.494,0
303.601,0
303.708,36
303.814,7
303.921,14
304.028,6
304.135,38
304.242,17
304.349,0
304.456,0
304.562,5
304.669,0
304.776,0
304.883,0
304.99,0
305.097,0
305.203,12
305.31,0
305.417,0
305.524,0
305.631,0
305.738,33
305.844,29
305.951,0
306.058,0
306.165,5
306.272,17
306.379,10
306.485,5
306.592,61
306.699,88
306.806,50
306.913,7
307.02,7
307.126,0
307.233,5
307.34,0
307.447,4
307.554,0
307.661,1
307.767,0
307.874,0
307.981,0
308.088,0
308.195,0
308.302,15
308.409,0
308.515,17
308.622,0
308.729,22
308.836,0
308.943,0
309.05,2
309.156,0
309.263,19
309.37,13
309.477,2
309.584,0
309.691,20
309.797,5
309.904,0
310.011,11
310.118,0
310.225,0
310.332,15
310.438,30
310.545,0
310.652,0
310.759,1
310.866,14
310.973,18
311.079,4
311.186,0
311.293,17
311.4,0
311.507,0
311.614,0
311.72,14
311.827,0
311.934,18
312.041,1
312.148,12
312.255,20
312.361,5
312.468,17
312.575,0
312.682,0
312.789,0
312.896,14
313.002,0
313.109,0
313.216,8
313.323,0
313.43,11
313.537,0
313.643,0
313.75,14
313.857,22
313.964,5
314.071,0
314.178,15
314.284,0
314.391,0
314.498,0
314.605,8
314.712,23
314.819,0
314.925,5
315.032,0
315.139,5
315.246,8
315.353,0
315.46,5
315.566,0
315.673,6
315.78,24
315.887,0
315.994,9
316.1,0
316.207,0
316.314,0
316.421,44
316.528,28
316.635,20
316.741,0
316.848,24
316.955,0
317.062,0
317.169,24
317.276,4
317.382,0
317.489,0
317.596,0
317.703,20
317.81,0
317.917,0
318.023,6
318.13,0
318.237,0
318.344,11
318.451,17
318.558,36
318.664,12
318.771,0
318.878,14
318.985,7
319.092,0
319.199,30
319.305,63
319.412,33
319.519,0
319.626,0
319.733,0
319.839,0
319.946,6
320.053,0
320.16,0
320.267,60
320.374,51
320.48,6
320.587,16
320.694,34
320.801,19
320.908,32
321.015,51
321.121,23
321.228,0
321.335,19
321.442,0
321.549,18
321.655,29
321.762,1
321.869,27
321.976,23
322.083,30
322.19,13
322.296,0
322.403,9
322.51,14
322.617,0
322.724,6
322.831,9
322.937,0
323.044,16
323.151,0
323.258,2
323.365,0
323.472,12
323.578,0
323.685,0
323.792,7
323.899,0
324.006,16
324.112,0
324.219,5
324.326,0
324.433,0
324.54,0
324.647,27
324.753,19
324.86,11
324.967,12
325.074,32
325.181,68
325.287,114
325.394,44
325.501,0
325.608,11
325.715,4
325.822,0
325.928,0
326.035,15
326.142,2
326.249,35
326.356,2
326.463,6
326.569,4
326.676,29
326.783,21
326.89,0
326.997,10
327.103,66
327.21,57
327.317,8
327.424,0
327.531,3
327.638,0
327.744,10
327.851,0
327.958,35
328.065,58
328.172,40
328.278,30
328.385,21
328.492,11
328.599,25
328.706,6
328.813,9
328.919,7
329.026,6
329.133,0
329.24,28
329.347,36
329.453,0
329.56,14
329.667,37
329.774,3
329.881,0
329.988,4
330.094,4
330.201,21
330.308,0
330.415,0
330.522,7
330.628,6
330.735,18
330.842,0
330.949,19
331.056,13
331.162,19
331.269,7
331.376,28
331.483,6
331.59,10
331.697,52
331.803,79
331.91,21
332.017,8
332.124,20
332.231,0
332.337,3
332.444,8
332.551,0
332.658,0
332.765,0
332.872,0
332.978,42
333.085,5
333.192,0
333.299,19
333.406,28
333.512,0
333.619,21
333.726,0
333.833,4
333.94,0
334.046,75
334.153,40
334.26,0
334.367,10
334.474,0
334.581,0
334.687,11
334.794,0
334.901,8
335.008,0
335.115,20
335.221,34
335.328,0
335.435,40
335.542,13
335.649,2
335.755,0
335.862,0
335.969,8
336.076,0
336.183,1
336.29,15
336.396,0
336.503,0
336.61,0
336.717,11
336.824,3
336.93,0
337.037,0
337.144,0
337.251,0
337.358,14
337.464,0
337.571,0
337.678,0
337.785,30
337.892,27
337.998,0
338.105,0
338.212,0
338.319,0
338.426,0
338.533,0
338.639,8
338.746,8
338.853,0
338.96,27
339.067,4
339.173,0
339.28,0
339.387,10
339.494,20
339.601,0
339.707,0
339.814,31
339.921,30
340.028,3
340.135,2
340.241,17
340.348,0
340.455,0
340.562,0
340.669,6
340.775,0
340.882,0
340.989,1
341.096,41
341.203,0
341.309,0
341.416,0
341.523,4
341.63,0
341.737,32
341.844,47
341.95,114
342.057,211
342.164,123
342.271,53
342.378,59
342.484,104
342.591,72
342.698,35
342.805,0
342.912,9
343.018,0
343.125,10
343.232,0
343.339,13
343.446,0
343.552,0
343.659,0
343.766,12
343.873,0
343.98,0
344.086,8
344.193,0
344.3,20
344.407,2
344.514,0
344.62,0
344.727,19
344.834,24
344.941,21
345.048,12
345.154,23
345.261,11
345.368,4
345.475,8
345.582,13
345.688,0
345.795,0
345.902,0
346.009,0
346.116,18
346.222,7
346.329,0
346.436,11
346.543,15
346.65,30
346.756,3
346.863,0
346.97,2
347.077,0
347.184,0
347.29,0
347.397,0
347.504,14
347.611,6
347.718,0
347.824,12
347.931,24
348.038,5
348.145,31
348.252,4
348.358,0
348.465,50
348.572,7
348.679,0
348.786,9
348.892,0
348.999,0
349.106,37
349.213,5
349.32,0
349.426,0
349.533,12
349.64,3
349.747,41
349.854,9
349.96,31
350.067,18
350.174,0
350.281,12
350.388,13
350.494,0
350.601,0
350.708,0
350.815,33
350.922,18
351.028,7
351.135,0
351.242,26
351.349,24
351.456,16
351.562,0
351.669,25
351.776,16
351.883,0
351.989,11
352.096,0
352.203,0
352.31,0
352.417,9
352.523,0
352.63,0
352.737,16
352.844,0
352.951,0
353.057,0
353.164,13
353.271,67
353.378,118
353.485,68
353.591,21
353.698,0
353.805,0
353.912,13
354.019,0
354.125,0
354.232,0
354.339,14
354.446,0
354.553,30
354.659,60
354.766,66
354.873,79
354.98,108
355.086,62
355.193,18
355.3,0
355.407,0
355.514,15
355.62,18
355.727,65
355.834,59
355.941,22
356.048,6
356.154,0
356.261,48
356.368,9
356.475,35
356.582,0
356.688,0
356.795,3
356.902,0
357.009,19
357.115,0
357.222,3
357.329,15
357.436,9
357.543,0
357.649,0
357.756,44
357.863,24
357.97,7
358.077,8
358.183,0
358.29,15
358.397,8
358.504,31
358.61,0
358.717,28
358.824,34
358.931,0
359.038,0
359.144,39
359.251,0
359.358,0
359.465,3
359.572,0
359.678,0
359.785,0
359.892,0
359.999,0
360.105,0
360.212,0
360.319,2
360.426,0
360.533,0
360.639,0
360.746,4
360.853,0
360.96,0
361.067,4
361.173,15
361.28,25
361.387,0
361.494,0
361.6,13
361.707,0
361.814,0
361.921,12
362.028,0
362.134,0
362.241,0
362.348,35
362.455,0
362.562,6
362.668,4
362.775,1
362.882,0
362.989,3
363.095,15
363.202,0
363.309,1
363.416,10
363.523,29
363.629,6
363.736,0
363.843,4
363.95,6
364.056,38
364.163,19
364.27,18
364.377,14
364.484,16
364.59,4
364.697,20
364.804,25
364.911,0
365.017,0
365.124,11
365.231,3
365.338,4
365.445,9
365.551,3
365.658,38
365.765,0
365.872,32
365.979,10
366.085,0
366.192,41
366.299,51
366.406,29
366.512,0
366.619,0
366.726,0
366.833,18
366.94,28
367.046,0
367.153,0
367.26,4
367.367,10
367.473,9
367.58,0
367.687,0
367.794,1
367.9,19
368.007,16
368.114,0
368.221,0
368.328,0
368.434,4
368.541,18
368.648,13
368.755,0
368.861,0
368.968,0
369.075,0
369.182,18
369.289,26
369.395,0
369.502,0
369.609,0
369.716,0
369.822,22
369.929,22
370.036,0
370.143,0
370.25,0
370.356,0
370.463,0
370.57,3
370.677,29
370.783,6
370.89,0
370.997,20
371.104,100
371.211,27
371.317,8
371.424,14
371.531,0
371.638,2
371.744,18
371.851,4
371.958,13
372.065,2
372.171,0
372.278,17
372.385,8
372.492,8
372.599,1
372.705,2
372.812,9
372.919,0
373.026,27
373.132,32
373.239,0
373.346,34
373.453,0
373.559,1
373.666,26
373.773,16
373.88,8
373.987,32
374.093,19
374.2,19
374.307,0
374.414,4
374.52,0
374.627,7
374.734,13
374.841,0
374.947,8
375.054,0
375.161,0
375.268,0
375.375,0
375.481,0
375.588,20
375.695,1
375.802,0
375.908,0
376.015,0
376.122,26
376.229,0
376.335,0
376.442,0
376.549,0
376.656,0
376.763,10
376.869,2
376.976,0
377.083,23
377.19,16
377.296,0
377.403,8
377.51,32
377.617,14
377.723,1
377.83,0
377.937,0
378.044,0
378.15,1
378.257,0
378.364,16
378.471,0
378.578,6
378.684,16
378.791,46
378.898,24
379.005,0
379.111,14
379.218,0
379.325,0
379.432,0
379.538,0
379.645,0
379.752,0
379.859,0
379.965,0
380.072,21
380.179,0
380.286,0
380.392,0
380.499,25
380.606,0
380.713,8
380.82,2
380.926,0
381.033,0
381.14,2
381.247,8
381.353,9
381.46,4
381.567,0
381.674,13
381.78,0
381.887,0
381.994,7
382.101,8
382.207,10
382.314,0
382.421,21
382.528,0
382.634,0
382.741,8
382.848,3
382.955,12
383.061,0
383.168,15
383.275,8
383.382,16
383.488,6
383.595,0
383.702,36
383.809,13
383.916,0
384.022,0
384.129,7
384.236,1
384.343,12
384.449,0
384.556,0
384.663,11
384.77,0
384.876,0
384.983,60
385.09,53
385.197,26
385.303,15
385.41,24
385.517,6
385.624,4
385.73,0
385.837,0
385.944,5
386.051,3
386.157,3
386.264,26
386.371,1
386.478,3
386.584,4
386.691,10
386.798,0
386.905,36
387.011,2
387.118,0
387.225,22
387.332,0
387.438,18
387.545,0
387.652,18
387.759,0
387.865,13
387.972,12
388.079,7
388.186,0
388.292,0
388.399,9
388.506,0
388.613,0
388.719,0
388.826,20
388.933,0
389.04,0
389.146,3
389.253,0
389.36,15
389.467,0
389.573,0
389.68,0
389.787,0
389.894,0
390,5
390.107,16
390.214,0
390.321,7
390.427,85
390.534,63
390.641,42
390.748,14
390.854,0
390.961,0
391.068,0
391.175,38
391.281,31
391.388,0
391.495,8
391.602,17
391.708,18
391.815,6
391.922,12
392.029,4
392.135,17
392.242,0
392.349,16
392.456,0
392.562,25
392.669,8
392.776,10
392.883,18
392.989,0
393.096,0
393.203,0
393.31,0
393.416,13
393.523,5
393.63,0
393.737,14
393.843,25
393.95,0
394.057,0
394.164,14
394.27,0
394.377,60
394.484,56
394.591,17
394.697,25
394.804,0
394.911,5
395.018,18
395.124,6
395.231,0
395.338,0
395.445,0
395.551,5
395.658,4
395.765,0
395.871,17
395.978,0
396.085,25
396.192,76
396.298,44
396.405,33
396.512,0
396.619,0
396.725,0
396.832,4
396.939,0
397.046,49
397.152,22
397.259,34
397.366,112
397.473,63
397.579,15
397.686,1
397.793,7
397.9,0
398.006,32
398.113,1
398.22,0
398.327,2
398.433,14
398.54,23
398.647,0
398.753,22
398.86,0
398.967,0
399.074,9
399.18,0
399.287,0
399.394,9
399.501,7
399.607,24
399.714,25
399.821,18
399.928,0
400.034,12
400.141,7
400.248,0
400.355,0
400.461,15
400.568,0
400.675,0
400.781,0
400.888,20
400.995,0
401.102,0
401.208,4
401.315,0
401.422,8
401.529,18
401.635,0
401.742,0
401.849,61
401.956,47
402.062,0
402.169,0
402.276,0
402.382,0
402.489,0
402.596,7
402.703,14
402.809,2
402.916,3
403.023,0
403.13,26
403.236,4
403.343,0
403.45,0
403.557,0
403.663,13
403.77,6
403.877,0
403.983,0
404.09,0
404.197,9
404.304,0
404.41,10
404.517,25
404.624,14
404.731,0
404.837,4
404.944,0
405.051,0
405.158,1
405.264,15
405.371,0
405.478,2
405.584,0
405.691,19
405.798,0
405.905,0
406.011,6
406.118,0
406.225,0
406.332,5
406.438,33
406.545,32
406.652,0
406.758,11
406.865,0
406.972,0
407.079,0
407.185,20
407.292,0
407.399,0
407.506,23
407.612,0
407.719,0
407.826,12
407.932,4
408.039,4
408.146,4
408.253,1
408.359,13
408.466,16
408.573,0
408.68,0
408.786,0
408.893,0
409,8
409.106,0
409.213,21
409.32,5
409.427,118
409.533,100
409.64,44
409.747,0
409.853,0
409.96,6
410.067,1
410.174,30
410.28,11
410.387,0
410.494,26
410.601,0
410.707,20
410.814,0
410.921,0
411.027,12
411.134,29
411.241,0
411.348,0
411.454,0
411.561,13
411.668,0
411.774,3
411.881,12
411.988,24
412.095,11
412.201,0
412.308,0
412.415,0
412.522,7
412.628,26
412.735,39
412.842,0
412.948,10
413.055,12
413.162,49
413.269,43
413.375,50
413.482,22
413.589,0
413.695,32
413.802,6
413.909,0
414.016,0
414.122,0
414.229,31
414.336,16
414.442,28
414.549,0
414.656,3
414.763,20
414.869,3
414.976,0
415.083,0
415.189,0
415.296,0
415.403,10
415.51,41
415.616,11
415.723,41
415.83,59
415.936,48
416.043,46
416.15,0
416.257,0
416.363,0
416.47,36
416.577,55
416.683,20
416.79,0
416.897,2
417.004,9
417.11,2
417.217,0
417.324,19
417.43,13
417.537,0
417.644,6
417.751,0
417.857,12
417.964,5
418.071,77
418.177,71
418.284,4
418.391,42
418.498,126
418.604,93
418.711,22
418.818,0
418.924,2
419.031,0
419.138,1
419.245,28
419.351,0
419.458,8
419.565,0
419.671,0
419.778,1
419.885,11
419.992,0
420.098,0
420.205,0
420.312,0
420.418,0
420.525,9
420.632,0
420.738,0
420.845,0
420.952,0
421.059,21
421.165,54
421.272,66
421.379,42
421.485,23
421.592,0
421.699,0
421.806,5
421.912,0
422.019,6
422.126,6
422.232,15
422.339,12
422.446,20
422.552,0
422.659,20
422.766,29
422.873,0
422.979,39
423.086,5
423.193,40
423.299,25
423.406,25
423.513,0
423.62,0
423.726,0
423.833,0
423.94,10
424.046,12
424.153,0
424.26,2
424.366,20
424.473,0
424.58,0
424.687,0
424.793,23
424.9,0
425.007,42
425.113,102
425.22,71
425.327,53
425.433,25
425.54,0
425.647,0
425.754,0
425.86,7
425.967,8
426.074,8
426.18,14
426.287,17
426.394,0
426.5,0
426.607,0
426.714,0
426.821,0
426.927,0
427.034,21
427.141,30
427.247,36
427.354,2
427.461,10
427.567,5
427.674,12
427.781,11
427.888,0
427.994,9
428.101,0
428.208,15
428.314,14
428.421,0
428.528,0
428.634,11
428.741,16
428.848,0
428.955,11
429.061,14
429.168,8
429.275,0
429.381,7
429.488,13
429.595,5
429.701,3
429.808,8
429.915,2
430.021,0
430.128,2
430.235,8
430.342,0
430.448,16
430.555,0
430.662,0
430.768,4
430.875,0
430.982,0
431.088,0
431.195,0
431.302,6
431.409,0
431.515,28
431.622,0
431.729,0
431.835,0
431.942,13
432.049,0
432.155,9
432.262,2
432.369,22
432.475,0
432.582,0
432.689,35
432.796,8
432.902,26
433.009,87
433.116,58
433.222,0
433.329,0
433.436,0
433.542,0
433.649,0
433.756,0
433.862,68
433.969,85
434.076,32
434.182,0
434.289,0
434.396,9
434.503,29
434.609,0
434.716,0
434.823,13
434.929,64
435.036,74
435.143,34
435.249,0
435.356,0
435.463,0
435.569,7
435.676,0
435.783,0
435.889,15
435.996,0
436.103,4
436.21,33
436.316,32
436.423,0
436.53,3
436.636,1
436.743,0
436.85,0
436.956,0
437.063,6
437.17,14
437.276,0
437.383,0
437.49,15
437.596,7
437.703,0
437.81,60
437.916,81
438.023,27
438.13,0
438.237,0
438.343,4
438.45,0
438.557,16
438.663,6
438.77,0
438.877,0
438.983,22
439.09,18
439.197,6
439.303,27
439.41,3
439.517,115
439.623,168
439.73,66
439.837,29
439.943,0
440.05,0
440.157,10
440.263,0
440.37,0
440.477,15
440.583,0
440.69,0
440.797,6
440.904,0
441.01,6
441.117,0
441.224,0
441.33,7
441.437,4
441.544,0
441.65,6
441.757,2
441.864,0
441.97,30
442.077,21
442.184,35
442.29,8
442.397,0
442.504,0
442.61,3
442.717,15
442.824,0
442.93,9
443.037,0
443.144,0
443.25,12
443.357,0
443.464,3
443.57,10
443.677,5
443.784,19
443.89,0
443.997,0
444.104,18
444.21,0
444.317,11
444.424,0
444.53,25
444.637,24
444.744,13
444.851,0
444.957,0
445.064,0
445.171,6
445.277,0
445.384,21
445.491,0
445.597,12
445.704,22
445.811,24
445.917,31
446.024,16
446.131,10
446.237,17
446.344,1
446.451,0
446.557,0
446.664,18
446.771,2
446.877,0
446.984,6
447.091,28
447.197,11
447.304,1
447.411,0
447.517,32
447.624,6
447.731,0
447.837,0
447.944,51
448.051,102
448.157,53
448.264,19
448.371,0
448.477,0
448.584,31
448.691,25
448.797,0
448.904,11
449.011,4
449.117,8
449.224,19
449.331,0
449.437,0
449.544,0
449.651,0
449.757,5
449.864,0
449.971,0
450.077,0
450.184,0
450.291,15
450.397,6
450.504,0
450.611,9
450.717,0
450.824,0
450.931,0
451.037,0
451.144,16
451.251,0
451.357,0
451.464,9
451.571,0
451.677,0
451.784,20
451.891,29
451.997,8
452.104,3
452.21,0
452.317,0
452.424,4
452.53,0
452.637,0
452.744,0
452.85,0
452.957,0
453.064,0
453.17,8
453.277,0
453.384,0
453.49,0
453.597,1
453.704,0
453.81,15
453.917,1
454.024,0
454.13,15
454.237,20
454.344,0
454.45,19
454.557,16
454.664,0
454.77,18
454.877,7
454.984,0
455.09,0
455.197,17
455.304,41
455.41,14
455.517,0
455.624,7
455.73,6
455.837,0
455.944,13
456.05,0
456.157,0
456.263,2
456.37,81
456.477,97
456.583,15
456.69,0
456.797,0
456.903,18
457.01,0
457.117,0
457.223,0
457.33,0
457.437,7
457.543,20
457.65,0
457.757,0
457.863,0
457.97,26
458.077,19
458.183,0
458.29,0
458.397,13
458.503,0
458.61,6
458.716,8
458.823,0
458.93,0
459.036,0
459.143,4
459.25,0
459.356,0
459.463,0
459.57,4
459.676,15
459.783,15
459.89,0
459.996,0
460.103,32
460.21,137
460.316,113
460.423,56
460.53,10
460.636,0
460.743,0
460.849,14
460.956,0
461.063,3
461.169,8
461.276,0
461.383,2
461.489,146
461.596,169
461.703,78
461.809,6
461.916,0
462.023,19
462.129,0
462.236,91
462.342,111
462.449,57
462.556,1
462.662,0
462.769,0
462.876,8
462.982,0
463.089,12
463.196,4
463.302,7
463.409,0
463.516,3
463.622,0
463.729,0
463.835,19
463.942,0
464.049,0
464.155,0
464.262,0
464.369,0
464.475,0
464.582,0
464.689,1
464.795,0
464.902,0
465.009,0
465.115,25
465.222,13
465.328,3
465.435,4
465.542,0
465.648,0
465.755,0
465.862,11
465.968,0
466.075,7
466.182,0
466.288,0
466.395,0
466.501,15
466.608,0
466.715,0
466.821,12
466.928,33
467.035,0
467.141,1
467.248,0
467.355,6
467.461,6
467.568,3
467.674,0
467.781,3
467.888,0
467.994,12
468.101,6
468.208,17
468.314,0
468.421,4
468.528,0
468.634,42
468.741,121
468.847,103
468.954,46
469.061,2
469.167,0
469.274,0
469.381,12
469.487,0
469.594,0
469.701,4
469.807,6
469.914,0
470.02,27
470.127,0
470.234,0
470.34,0
470.447,2
470.554,10
470.66,0
470.767,7
470.873,0
470.98,0
471.087,9
471.193,16
471.3,0
471.407,0
471.513,13
471.62,5
471.727,0
471.833,0
471.94,0
472.046,10
472.153,43
472.26,32
472.366,5
472.473,3
472.58,0
472.686,0
472.793,6
472.899,0
473.006,6
473.113,15
473.219,0
473.326,10
473.433,8
473.539,2
473.646,0
473.752,0
473.859,0
473.966,0
474.072,0
474.179,0
474.286,17
474.392,0
474.499,0
474.605,29
474.712,10
474.819,1
474.925,0
475.032,6
475.139,0
475.245,0
475.352,9
475.458,116
475.565,172
475.672,90
475.778,24
475.885,6
475.992,0
476.098,0
476.205,6
476.311,0
476.418,0
476.525,53
476.631,46
476.738,10
476.844,0
476.951,0
477.058,10
477.164,0
477.271,0
477.378,0
477.484,4
477.591,0
477.697,24
477.804,9
477.911,0
478.017,64
478.124,41
478.231,0
478.337,0
478.444,0
478.55,0
478.657,6
478.764,32
478.87,0
478.977,5
479.083,0
479.19,0
479.297,0
479.403,6
479.51,0
479.617,12
479.723,13
479.83,0
479.936,0
480.043,0
480.15,9
480.256,16
480.363,0
480.469,0
480.576,16
480.683,11
480.789,14
480.896,0
481.003,29
481.109,11
481.216,0
481.322,4
481.429,0
481.536,3
481.642,0
481.749,6
481.855,0
481.962,3
482.069,13
482.175,0
482.282,0
482.388,0
482.495,7
482.602,0
482.708,0
482.815,4
482.922,0
483.028,16
483.135,23
483.241,17
483.348,0
483.455,21
483.561,12
483.668,0
483.774,0
483.881,0
483.988,24
484.094,2
484.201,0
484.307,0
484.414,0
484.521,0
484.627,0
484.734,5
484.84,0
484.947,0
485.054,11
485.16,0
485.267,0
485.373,10
485.48,0
485.587,0
485.693,0
485.8,15
485.907,11
486.013,13
486.12,0
486.226,0
486.333,10
486.44,0
486.546,0
486.653,0
486.759,0
486.866,39
486.973,0
487.079,0
487.186,51
487.292,11
487.399,0
487.506,0
487.612,0
487.719,0
487.825,0
487.932,0
488.039,0
488.145,14
488.252,4
488.358,1
488.465,0
488.572,18
488.678,0
488.785,2
488.891,0
488.998,21
489.105,17
489.211,14
489.318,14
489.424,3
489.531,0
489.638,9
489.744,0
489.851,0
489.957,0
490.064,0
490.171,4
490.277,9
490.384,0
490.49,0
490.597,0
490.704,16
490.81,21
490.917,0
491.023,0
491.13,4
491.237,0
491.343,22
491.45,20
491.556,0
491.663,0
491.769,3
491.876,0
491.983,0
492.089,5
492.196,0
492.302,9
492.409,0
492.516,33
492.622,24
492.729,0
492.835,0
492.942,0
493.049,11
493.155,0
493.262,0
493.368,53
493.475,24
493.582,0
493.688,10
493.795,0
493.901,0
494.008,0
494.114,15
494.221,0
494.328,0
494.434,28
494.541,0
494.647,46
494.754,0
494.861,0
494.967,51
495.074,65
495.18,18
495.287,0
495.394,0
495.5,0
495.607,0
495.713,4
495.82,0
495.926,0
496.033,29
496.14,0
496.246,0
496.353,12
496.459,0
496.566,0
496.673,13
496.779,16
496.886,0
496.992,15
497.099,0
497.206,0
497.312,0
497.419,0
497.525,2
497.632,0
497.738,0
497.845,24
497.952,45
498.058,0
498.165,0
498.271,0
498.378,28
498.485,0
498.591,3
498.698,37
498.804,0
498.911,10
499.017,12
499.124,0
499.231,18
499.337,11
499.444,0
499.55,21
499.657,17
499.763,1
499.87,10
499.977,0
500.083,17
500.19,18
500.296,0
500.403,6
500.51,0
500.616,22
500.723,2
500.829,0
500.936,13
501.042,40
501.149,0
501.256,0
501.362,0
501.469,4
501.575,0
501.682,6
501.788,3
501.895,46
502.002,20
502.108,3
502.215,0
502.321,0
502.428,8
502.534,23
502.641,0
502.748,3
502.854,0
502.961,14
503.067,69
503.174,154
503.281,129
503.387,40
503.494,17
503.6,20
503.707,85
503.813,47
503.92,85
504.027,86
504.133,54
504.24,14
504.346,1
504.453,0
504.559,0
504.666,9
504.773,37
504.879,41
504.986,4
505.092,52
505.199,118
505.305,71
505.412,149
505.518,361
505.625,593
505.732,515
505.838,363
505.945,136
506.051,118
506.158,200
506.264,175
506.371,301
506.478,282
506.584,135
506.691,59
506.797,173
506.904,306
507.01,421
507.117,405
507.224,331
507.33,134
507.437,0
507.543,58
507.65,7
507.756,7
507.863,14
507.97,24
508.076,27
508.183,24
508.289,0
508.396,0
508.502,33
508.609,36
508.715,34
508.822,0
508.929,17
509.035,10
509.142,0
509.248,0
509.355,114
509.461,189
509.568,135
509.675,41
509.781,20
509.888,37
509.994,0
510.101,67
510.207,188
510.314,154
510.42,56
510.527,26
510.634,23
510.74,0
510.847,0
510.953,0
511.06,0
511.166,0
511.273,0
511.379,0
511.486,1
511.593,0
511.699,24
511.806,0
511.912,0
512.019,20
512.125,13
512.232,21
512.339,5
512.445,0
512.552,10
512.658,0
512.765,1
512.871,0
512.978,0
513.084,0
513.191,7
513.298,0
513.404,2
513.511,0
513.617,0
513.724,12
513.83,62
513.937,33
514.043,0
514.15,0
514.256,0
514.363,0
514.47,0
514.576,0
514.683,1
514.789,13
514.896,0
515.002,8
515.109,34
515.215,22
515.322,0
515.429,0
515.535,8
515.642,19
515.748,11
515.855,0
515.961,0
516.068,11
516.174,15
516.281,0
516.388,33
516.494,8
516.601,4
516.707,2
516.814,0
516.92,0
517.027,0
517.133,0
517.24,11
517.346,9
517.453,0
517.56,42
517.666,13
517.773,6
517.879,0
517.986,0
518.092,15
518.199,24
518.305,0
518.412,30
518.518,39
518.625,21
518.732,2
518.838,23
518.945,0
519.051,2
519.158,25
519.264,15
519.371,6
519.477,9
519.584,21
519.69,23
519.797,13
519.903,13
520.01,2
520.117,0
520.223,13
520.33,2
520.436,0
520.543,0
520.649,31
520.756,8
520.862,0
520.969,2
521.075,6
521.182,20
521.289,0
521.395,0
521.502,43
521.608,24
521.715,28
521.821,15
521.928,0
522.034,12
522.141,3
522.247,0
522.354,0
522.46,0
522.567,0
522.674,0
522.78,0
522.887,0
522.993,3
523.1,10
523.206,24
523.313,10
523.419,10
523.526,4
523.632,0
523.739,0
523.845,0
523.952,0
524.058,0
524.165,3
524.272,0
524.378,0
524.485,0
524.591,8
524.698,15
524.804,0
524.911,0
525.017,15
525.124,0
525.23,13
525.337,21
525.443,0
525.55,0
525.656,0
525.763,17
525.87,16
525.976,0
526.083,20
526.189,36
526.296,16
526.402,0
526.509,17
526.615,7
526.722,2
526.828,12
526.935,0
527.041,21
527.148,15
527.254,5
527.361,23
527.467,13
527.574,33
527.68,14
527.787,8
527.894,72
528,92
528.107,177
528.213,269
528.32,143
528.426,22
528.533,0
528.639,0
528.746,0
528.852,0
528.959,0
529.065,0
529.172,2
529.278,2
529.385,0
529.491,21
529.598,0
529.704,0
529.811,20
529.918,0
530.024,0
530.131,0
530.237,0
530.344,0
530.45,0
530.557,0
530.663,1
530.77,14
530.876,2
530.983,7
531.089,6
531.196,0
531.302,0
531.409,0
531.515,14
531.622,0
531.728,0
531.835,22
531.941,0
532.048,0
532.154,18
532.261,0
532.367,11
532.474,19
532.581,0
532.687,8
532.794,0
532.9,8
533.007,0
533.113,0
533.22,12
533.326,5
533.433,3
533.539,0
533.646,0
533.752,41
533.859,19
533.965,0
534.072,0
534.178,0
534.285,1
534.391,0
534.498,0
534.604,18
534.711,1
534.817,15
534.924,0
535.03,0
535.137,8
535.243,9
535.35,0
535.456,0
535.563,16
535.669,0
535.776,0
535.882,13
535.989,16
536.095,0
536.202,19
536.308,11
536.415,0
536.521,5
536.628,0
536.735,4
536.841,0
536.948,13
537.054,8
537.161,0
537.267,0
537.374,0
537.48,21
537.587,10
537.693,0
537.8,8
537.906,0
538.013,0
538.119,17
538.226,0
538.332,1
538.439,20
538.545,0
538.652,0
538.758,9
538.865,0
538.971,0
539.078,13
539.184,0
539.291,0
539.397,0
539.504,28
539.61,8
539.717,0
539.823,18
539.93,4
540.036,6
540.143,0
540.249,1
540.356,0
540.462,25
540.569,40
540.675,5
540.782,0
540.888,27
540.995,8
541.101,26
541.208,5
541.314,36
541.421,0
541.527,15
541.634,5
541.74,0
541.847,0
541.953,0
542.06,14
542.166,0
542.273,6
542.379,3
542.486,10
542.592,19
542.699,6
542.805,7
542.912,0
543.018,6
543.125,8
543.231,2
543.338,13
543.444,0
543.551,3
543.657,8
543.764,9
543.87,2
543.977,0
544.083,0
544.19,0
544.296,32
544.403,18
544.509,7
544.616,0
544.722,0
544.829,0
544.935,22
545.042,9
545.148,4
545.255,2
545.361,24
545.467,20
545.574,0
545.68,0
545.787,33
545.893,14
546,0
546.106,0
546.213,0
546.319,11
546.426,1
546.532,0
546.639,2
546.745,0
546.852,8
546.958,3
547.065,0
547.171,0
547.278,0
547.384,43
547.491,65
547.597,52
547.704,11
547.81,8
547.917,0
548.023,21
548.13,7
548.236,4
548.343,0
548.449,10
548.556,0
548.662,0
548.769,5
548.875,14
548.982,8
549.088,8
549.195,22
549.301,0
549.408,24
549.514,20
549.62,11
549.727,3
549.833,13
549.94,0
550.046,5
550.153,0
550.259,14
550.366,16
550.472,0
550.579,0
550.685,30
550.792,0
550.898,0
551.005,0
551.111,51
551.218,22
551.324,0
551.431,6
551.537,15
551.644,0
551.75,17
551.857,14
551.963,9
552.07,19
552.176,7
552.282,30
552.389,0
552.495,20
552.602,0
552.708,7
552.815,0
552.921,20
553.028,0
553.134,0
553.241,7
553.347,0
553.454,0
553.56,0
553.667,8
553.773,5
553.88,0
553.986,1
554.093,0
554.199,0
554.305,0
554.412,31
554.518,0
554.625,0
554.731,3
554.838,6
554.944,21
555.051,0
555.157,5
555.264,31
555.37,63
555.477,28
555.583,27
555.69,0
555.796,0
555.903,32
556.009,8
556.115,10
556.222,5
556.328,0
556.435,0
556.541,0
556.648,0
556.754,0
556.861,0
556.967,0
557.074,11
557.18,20
557.287,9
557.393,19
557.5,33
557.606,10
557.713,7
557.819,14
557.925,1
558.032,0
558.138,0
558.245,4
558.351,0
558.458,6
558.564,1
558.671,0
558.777,87
558.884,97
558.99,64
559.097,29
559.203,1
559.309,7
559.416,0
559.522,20
559.629,17
559.735,19
559.842,66
559.948,100
560.055,89
560.161,16
560.268,0
560.374,14
560.481,9
560.587,11
560.693,0
560.8,20
560.906,19
561.013,36
561.119,25
561.226,4
561.332,0
561.439,0
561.545,0
561.652,0
561.758,33
561.864,104
561.971,56
562.077,31
562.184,6
562.29,0
562.397,9
562.503,4
562.61,1
562.716,0
562.823,0
562.929,7
563.035,0
563.142,0
563.248,17
563.355,8
563.461,0
563.568,8
563.674,25
563.781,8
563.887,18
563.994,27
564.1,39
564.206,0
564.313,0
564.419,17
564.526,7
564.632,0
564.739,0
564.845,6
564.952,0
565.058,0
565.165,23
565.271,19
565.377,24
565.484,25
565.59,14
565.697,1
565.803,3
565.91,26
566.016,6
566.123,27
566.229,12
566.335,25
566.442,13
566.548,0
566.655,0
566.761,0
566.868,12
566.974,4
567.081,13
567.187,0
567.293,0
567.4,0
567.506,33
567.613,1
567.719,0
567.826,0
567.932,1
568.039,24
568.145,0
568.251,14
568.358,26
568.464,3
568.571,1
568.677,14
568.784,26
568.89,9
568.997,23
569.103,8
569.209,0
569.316,19
569.422,4
569.529,0
569.635,2
569.742,0
569.848,2
569.955,16
570.061,0
570.167,12
570.274,0
570.38,0
570.487,0
570.593,26
570.7,8
570.806,9
570.912,11
571.019,0
571.125,18
571.232,0
571.338,0
571.445,0
571.551,0
571.658,19
571.764,0
571.87,0
571.977,29
572.083,16
572.19,6
572.296,0
572.403,32
572.509,30
572.615,0
572.722,0
572.828,15
572.935,0
573.041,12
573.148,14
573.254,3
573.36,27
573.467,0
573.573,13
573.68,10
573.786,29
573.893,15
573.999,0
574.105,10
574.212,44
574.318,0
574.425,44
574.531,78
574.638,22
574.744,34
574.85,0
574.957,29
575.063,0
575.17,0
575.276,1
575.383,0
575.489,7
575.595,6
575.702,5
575.808,20
575.915,20
576.021,15
576.128,3
576.234,0
576.34,22
576.447,70
576.553,94
576.66,67
576.766,7
576.873,26
576.979,6
577.085,10
577.192,1
577.298,11
577.405,16
577.511,11
577.618,32
577.724,8
577.83,8
577.937,15
578.043,0
578.15,25
578.256,0
578.363,14
578.469,0
578.575,0
578.682,0
578.788,17
578.895,15
579.001,0
579.107,0
579.214,8
579.32,0
579.427,1
579.533,27
579.64,10
579.746,0
579.852,2
579.959,11
580.065,7
580.172,4
580.278,18
580.384,11
580.491,11
580.597,0
580.704,2
580.81,18
580.917,11
581.023,15
581.129,6
581.236,0
581.342,7
581.449,13
581.555,13
581.661,10
581.768,5
581.874,0
581.981,0
582.087,2
582.193,0
582.3,22
582.406,0
582.513,17
582.619,10
582.726,0
582.832,0
582.938,0
583.045,36
583.151,11
583.258,0
583.364,0
583.47,4
583.577,3
583.683,0
583.79,0
583.896,0
584.002,10
584.109,8
584.215,0
584.322,0
584.428,0
584.535,34
584.641,0
584.747,21
584.854,0
584.96,20
585.067,23
585.173,0
585.279,19
585.386,16
585.492,0
585.599,0
585.705,0
585.811,0
585.918,0
586.024,56
586.131,0
586.237,6
586.343,0
586.45,21
586.556,45
586.663,18
586.769,0
586.875,13
586.982,23
587.088,0
587.195,13
587.301,2
587.407,0
587.514,10
587.62,7
587.727,0
587.833,0
587.939,8
588.046,11
588.152,5
588.259,0
588.365,0
588.471,28
588.578,25
588.684,0
588.791,0
588.897,25
589.003,0
589.11,3
589.216,0
589.323,0
589.429,0
589.535,0
589.642,0
589.748,0
589.855,10
589.961,0
590.067,0
590.174,0
590.28,0
590.387,0
590.493,0
590.599,3
590.706,24
590.812,0
590.918,15
591.025,23
591.131,11
591.238,23
591.344,16
591.45,31
591.557,0
591.663,0
591.77,28
591.876,0
591.982,166
592.089,139
592.195,64
592.302,24
592.408,0
592.514,0
592.621,2
592.727,0
592.834,0
592.94,24
593.046,69
593.153,128
593.259,59
593.365,4
593.472,0
593.578,0
593.685,20
593.791,26
593.897,3
594.004,0
594.11,11
594.217,14
594.323,0
594.429,0
594.536,20
594.642,26
594.748,22
594.855,23
594.961,13
595.068,0
595.174,0
595.28,0
595.387,0
595.493,41
595.6,10
595.706,0
595.812,0
595.919,6
596.025,0
596.131,5
596.238,34
596.344,35
596.451,2
596.557,0
596.663,0
596.77,27
596.876,0
596.982,0
597.089,0
597.195,21
597.302,0
597.408,5
597.514,5
597.621,0
597.727,29
597.833,8
597.94,0
598.046,7
598.153,26
598.259,0
598.365,0
598.472,13
598.578,13
598.685,6
598.791,0
598.897,0
599.004,4
599.11,0
599.216,27
599.323,0
599.429,0
599.535,0
599.642,33
599.748,28
599.855,0
599.961,3
600.067,0
600.174,0
600.28,0
600.386,9
600.493,0
600.599,0
600.706,15
600.812,0
600.918,0
601.025,0
601.131,6
601.237,0
601.344,0
601.45,0
601.557,15
601.663,20
601.769,0
601.876,0
601.982,0
602.088,7
602.195,8
602.301,10
602.407,3
602.514,0
602.62,11
602.727,18
602.833,9
602.939,25
603.046,20
603.152,16
603.258,0
603.365,14
603.471,0
603.577,0
603.684,20
603.79,10
603.897,0
604.003,14
604.109,0
604.216,0
604.322,59
604.428,56
604.535,0
604.641,0
604.747,0
604.854,0
604.96,0
605.067,0
605.173,24
605.279,0
605.386,0
605.492,0
605.598,37
605.705,8
605.811,2
605.917,128
606.024,118
606.13,29
606.236,8
606.343,5
606.449,0
606.556,0
606.662,7
606.768,0
606.875,19
606.981,7
607.087,0
607.194,8
607.3,0
607.406,15
607.513,11
607.619,0
607.725,0
607.832,9
607.938,0
608.045,38
608.151,2
608.257,0
608.364,17
608.47,13
608.576,0
608.683,6
608.789,21
608.895,0
609.002,18
609.108,12
609.214,0
609.321,0
609.427,0
609.533,29
609.64,0
609.746,8
609.852,5
609.959,18
610.065,15
610.172,8
610.278,0
610.384,12
610.491,28
610.597,4
610.703,0
610.81,36
610.916,48
611.022,42
611.129,0
611.235,0
611.341,0
611.448,13
611.554,0
611.66,23
611.767,13
611.873,0
611.979,3
612.086,2
612.192,6
612.298,5
612.405,0
612.511,27
612.617,8
612.724,0
612.83,0
612.936,25
613.043,0
613.149,0
613.255,0
613.362,0
613.468,0
613.575,0
613.681,0
613.787,0
613.894,0
614,5
614.106,15
614.213,0
614.319,0
614.425,1
614.532,14
614.638,0
614.744,0
614.851,0
614.957,17
615.063,18
615.17,0
615.276,2
615.382,13
615.489,9
615.595,0
615.701,11
615.808,33
615.914,25
616.02,0
616.127,0
616.233,13
616.339,0
616.446,0
616.552,3
616.658,0
616.765,16
616.871,17
616.977,9
617.084,24
617.19,0
617.296,6
617.403,7
617.509,30
617.615,29
617.722,32
617.828,27
617.934,0
618.041,5
618.147,0
618.253,0
618.36,0
618.466,0
618.572,0
618.679,5
618.785,9
618.891,25
618.998,0
619.104,9
619.21,2
619.316,0
619.423,0
619.529,25
619.635,0
619.742,19
619.848,4
619.954,9
620.061,0
620.167,18
620.273,0
620.38,0
620.486,17
620.592,14
620.699,0
620.805,15
620.911,1
621.018,0
621.124,4
621.23,0
621.337,0
621.443,0
621.549,0
621.656,11
621.762,16
621.868,0
621.975,0
622.081,8
622.187,7
622.294,22
622.4,27
622.506,29
622.612,0
622.719,32
622.825,4
622.931,0
623.038,2
623.144,0
623.25,0
623.357,0
623.463,0
623.569,32
623.676,11
623.782,15
623.888,0
623.995,10
624.101,8
624.207,8
624.314,19
624.42,0
624.526,0
624.632,0
624.739,19
624.845,0
624.951,0
625.058,33
625.164,11
625.27,0
625.377,33
625.483,0
625.589,55
625.696,7
625.802,10
625.908,0
626.015,0
626.121,0
626.227,14
626.333,0
626.44,4
626.546,12
626.652,0
626.759,3
626.865,12
626.971,20
627.078,0
627.184,5
627.29,93
627.397,69
627.503,34
627.609,0
627.715,0
627.822,0
627.928,8
628.034,37
628.141,82
628.247,71
628.353,12
628.46,0
628.566,14
628.672,65
628.778,35
628.885,0
628.991,0
629.097,12
629.204,0
629.31,0
629.416,12
629.523,19
629.629,0
629.735,24
629.841,1
629.948,32
630.054,39
630.16,2
630.267,0
630.373,25
630.479,14
630.586,4
630.692,0
630.798,0
630.904,0
631.011,11
631.117,0
631.223,0
631.33,0
631.436,10
631.542,0
631.649,26
631.755,30
631.861,0
631.967,6
632.074,27
632.18,0
632.286,14
632.393,0
632.499,0
632.605,18
632.711,4
632.818,0
632.924,0
633.03,15
633.137,0
633.243,0
633.349,4
633.456,16
633.562,7
633.668,14
633.774,82
633.881,62
633.987,21
634.093,0
634.2,3
634.306,7
634.412,0
634.518,0
634.625,0
634.731,14
634.837,22
634.944,10
635.05,16
635.156,10
635.262,18
635.369,118
635.475,77
635.581,4
635.688,0
635.794,0
635.9,15
636.006,0
636.113,0
636.219,64
636.325,20
636.432,12
636.538,0
636.644,0
636.75,21
636.857,0
636.963,15
637.069,31
637.176,8
637.282,6
637.388,0
637.494,0
637.601,6
637.707,16
637.813,0
637.92,0
638.026,5
638.132,11
638.238,0
638.345,3
638.451,25
638.557,0
638.663,0
638.77,0
638.876,18
638.982,88
639.089,39
639.195,5
639.301,0
639.407,11
639.514,0
639.62,0
639.726,19
639.833,0
639.939,16
640.045,0
640.151,11
640.258,0
640.364,10
640.47,0
640.576,0
640.683,0
640.789,3
640.895,52
641.002,48
641.108,14
641.214,29
641.32,32
641.427,31
641.533,0
641.639,0
641.745,8
641.852,0
641.958,0
642.064,0
642.171,0
642.277,8
642.383,1
642.489,0
642.596,6
642.702,0
642.808,32
642.914,10
643.021,18
643.127,12
643.233,0
643.339,1
643.446,0
643.552,18
643.658,11
643.765,21
643.871,28
643.977,0
644.083,5
644.19,0
644.296,37
644.402,6
644.508,0
644.615,2
644.721,14
644.827,11
644.933,0
645.04,0
645.146,12
645.252,29
645.358,0
645.465,0
645.571,0
645.677,14
645.784,0
645.89,0
645.996,4
646.102,14
646.209,18
646.315,0
646.421,0
646.527,7
646.634,0
646.74,0
646.846,27
646.952,13
647.059,0
647.165,0
647.271,0
647.377,24
647.484,10
647.59,11
647.696,9
647.802,14
647.909,27
648.015,0
648.121,2
648.227,40
648.334,0
648.44,18
648.546,29
648.652,22
648.759,14
648.865,0
648.971,8
649.077,0
649.184,26
649.29,0
649.396,0
649.502,22
649.609,0
649.715,23
649.821,0
649.927,9
650.034,38
650.14,27
650.246,0
650.352,0
650.459,96
650.565,296
650.671,253
650.777,130
650.884,0
650.99,0
651.096,102
651.202,88
651.309,53
651.415,63
651.521,130
651.627,118
651.734,49
651.84,6
651.946,0
652.052,0
652.159,0
652.265,0
652.371,1
652.477,0
652.584,6
652.69,17
652.796,11
652.902,20
653.009,17
653.115,6
653.221,0
653.327,0
653.434,0
653.54,0
653.646,0
653.752,167
653.858,246
653.965,98
654.071,3
654.177,0
654.283,0
654.39,0
654.496,16
654.602,0
654.708,0
654.815,157
654.921,125
655.027,16
655.133,0
655.24,25
655.346,103
655.452,93
655.558,77
655.665,25
655.771,0
655.877,11
655.983,0
656.089,0
656.196,20
656.302,1
656.408,2
656.514,0
656.621,0
656.727,35
656.833,6
656.939,0
657.046,0
657.152,9
657.258,0
657.364,0
657.47,51
657.577,9
657.683,0
657.789,0
657.895,15
658.002,0
658.108,0
658.214,36
658.32,13
658.427,27
658.533,0
658.639,95
658.745,144
658.851,153
658.958,101
659.064,24
659.17,10
659.276,0
659.383,0
659.489,31
659.595,0
659.701,26
659.807,8
659.914,1
660.02,0
660.126,0
660.232,1
660.339,0
660.445,25
660.551,24
660.657,36
660.763,0
660.87,0
660.976,0
661.082,29
661.188,30
661.295,39
661.401,13
661.507,0
661.613,11
661.719,17
661.826,6
661.932,0
662.038,0
662.144,0
662.251,84
662.357,39
662.463,0
662.569,12
662.675,8
662.782,21
662.888,0
662.994,33
663.1,115
663.206,76
663.313,0
663.419,0
663.525,28
663.631,14
663.738,33
663.844,29
663.95,0
664.056,7
664.162,0
664.269,0
664.375,0
664.481,2
664.587,0
664.693,3
664.8,0
664.906,71
665.012,72
665.118,16
665.225,14
665.331,0
665.437,2
665.543,0
665.649,32
665.756,41
665.862,61
665.968,0
666.074,0
666.18,0
666.287,14
666.393,0
666.499,0
666.605,0
666.711,0
666.818,2
666.924,0
667.03,0
667.136,0
667.242,0
667.349,0
667.455,7
667.561,14
667.667,0
667.773,0
667.88,0
667.986,0
668.092,45
668.198,0
668.304,20
668.411,0
668.517,10
668.623,31
668.729,57
668.835,39
668.942,65
669.048,60
669.154,6
669.26,14
669.366,66
669.473,44
669.579,0
669.685,0
669.791,0
669.897,0
670.004,43
670.11,32
670.216,0
670.322,13
670.428,0
670.535,0
670.641,0
670.747,0
670.853,4
670.959,0
671.066,0
671.172,12
671.278,15
671.384,0
671.49,0
671.597,20
671.703,0
671.809,0
671.915,0
672.021,3
672.128,20
672.234,28
672.34,0
672.446,96
672.552,60
672.658,40
672.765,0
672.871,0
672.977,0
673.083,0
673.189,0
673.296,0
673.402,13
673.508,0
673.614,0
673.72,10
673.827,0
673.933,0
674.039,8
674.145,0
674.251,0
674.357,9
674.464,0
674.57,0
674.676,5
674.782,24
674.888,7
674.995,0
675.101,1
675.207,34
675.313,10
675.419,0
675.526,4
675.632,0
675.738,6
675.844,0
675.95,0
676.056,0
676.163,0
676.269,9
676.375,0
676.481,0
676.587,0
676.693,0
676.8,0
676.906,0
677.012,3
677.118,0
677.224,0
677.331,10
677.437,0
677.543,0
677.649,0
677.755,0
677.861,2
677.968,0
678.074,0
678.18,3
678.286,4
678.392,0
678.498,0
678.605,0
678.711,20
678.817,24
678.923,0
679.029,1
679.136,0
679.242,0
679.348,10
679.454,15
679.56,0
679.666,0
679.773,0
679.879,12
679.985,0
680.091,0
680.197,0
680.303,25
680.41,46
680.516,11
680.622,0
680.728,4
680.834,26
680.94,0
681.047,0
681.153,0
681.259,4
681.365,0
681.471,0
681.577,0
681.684,0
681.79,28
681.896,29
682.002,13
682.108,18
682.214,36
682.321,15
682.427,15
682.533,4
682.639,0
682.745,0
682.851,0
682.958,18
683.064,2
683.17,0
683.276,0
683.382,18
683.488,0
683.595,8
683.701,11
683.807,0
683.913,0
684.019,10
684.125,24
684.231,0
684.338,0
684.444,3
684.55,4
684.656,8
684.762,8
684.868,19
684.975,0
685.081,13
685.187,0
685.293,2
685.399,18
685.505,13
685.611,0
685.718,4
685.824,6
685.93,10
686.036,0
686.142,0
686.248,0
686.355,14
686.461,0
686.567,3
686.673,0
686.779,5
686.885,0
686.991,7
687.098,1
687.204,0
687.31,2
687.416,6
687.522,0
687.628,0
687.735,17
687.841,4
687.947,11
688.053,0
688.159,0
688.265,13
688.371,6
688.478,5
688.584,7
688.69,0
688.796,18
688.902,10
689.008,0
689.114,0
689.221,0
689.327,33
689.433,15
689.539,0
689.645,0
689.751,11
689.857,14
689.964,0
690.07,7
690.176,8
690.282,0
690.388,0
690.494,11
690.6,0
690.707,7
690.813,0
690.919,0
691.025,0
691.131,0
691.237,0
691.343,32
691.45,26
691.556,2
691.662,10
691.768,5
691.874,4
691.98,12
692.086,7
692.193,0
692.299,0
692.405,0
692.511,16
692.617,0
692.723,15
692.829,4
692.935,6
693.042,13
693.148,4
693.254,7
693.36,36
693.466,4
693.572,0
693.678,0
693.785,14
693.891,5
693.997,0
694.103,23
694.209,8
694.315,2
694.421,0
694.527,0
694.634,6
694.74,0
694.846,0
694.952,18
695.058,0
695.164,22
695.27,14
695.376,0
695.483,0
695.589,0
695.695,13
695.801,9
695.907,0
696.013,0
696.119,25
696.225,0
696.332,3
696.438,8
696.544,2
696.65,7
696.756,5
696.862,0
696.968,5
697.074,0
697.181,0
697.287,0
697.393,0
697.499,0
697.605,2
697.711,13
697.817,0
697.923,29
698.03,14
698.136,3
698.242,0
698.348,24
698.454,24
698.56,0
698.666,0
698.772,0
698.879,0
698.985,3
699.091,37
699.197,9
699.303,16
699.409,6
699.515,14
