59.6745,0
59.7814,0
59.8883,63
59.9952,27
60.1021,0
60.209,0
60.3159,6
60.4228,14
60.5296,0
60.6365,24
60.7434,0
60.8503,4
60.9572,50
61.0641,41
61.171,7
61.2779,10
61.3848,28
61.4917,1
61.5986,8
61.7055,19
61.8124,0
61.9193,6
62.0261,0
62.133,0
62.2399,15
62.3468,21
62.4537,14
62.5606,14
62.6675,41
62.7744,25
62.8813,7
62.9882,2
63.0951,21
63.202,3
63.3089,10
63.4158,0
63.5226,1
63.6295,0
63.7364,0
63.8433,0
63.9502,0
64.0571,4
64.164,13
64.2709,25
64.3778,7
64.4847,23
64.5916,0
64.6985,32
64.8054,3
64.9123,1
65.0192,0
65.1261,0
65.2329,18
65.3398,0
65.4467,0
65.5536,16
65.6605,20
65.7674,14
65.8743,1
65.9812,0
66.0881,8
66.195,0
66.3019,1
66.4088,26
66.5157,20
66.6226,0
66.7295,0
66.8364,0
66.9433,31
67.0502,10
67.157,1
67.2639,31
67.3708,31
67.4777,4
67.5846,24
67.6915,0
67.7984,0
67.9053,9
68.0122,17
68.1191,6
68.226,0
68.3329,0
68.4398,21
68.5467,21
68.6536,3
68.7605,12
68.8674,0
68.9743,22
69.0812,34
69.1881,33
69.295,0
69.4018,30
69.5087,5
69.6156,21
69.7225,15
69.8294,0
69.9363,9
70.0432,1
70.1501,0
70.257,32
70.3639,0
70.4708,0
70.5777,20
70.6846,21
70.7915,0
70.8984,1
71.0053,0
71.1122,0
71.2191,0
71.326,4
71.4329,2
71.5398,7
71.6467,19
71.7536,0
71.8605,0
71.9674,0
72.0742,10
72.1811,6
72.288,17
72.3949,0
72.5018,0
72.6087,26
72.7156,24
72.8225,20
72.9294,11
73.0363,0
73.1432,11
73.2501,2
73.357,20
73.4639,18
73.5708,0
73.6777,8
73.7846,10
73.8915,8
73.9984,0
74.1053,24
74.2122,0
74.3191,0
74.426,11
74.5329,12
74.6398,14
74.7467,27
74.8536,0
74.9605,8
75.0674,0
75.1743,0
75.2812,4
75.3881,24
75.495,13
75.6019,12
75.7088,2
75.8157,19
75.9225,25
76.0294,26
76.1363,0
76.2432,0
76.3501,3
76.457,34
76.5639,2
76.6708,11
76.7777,13
76.8846,0
76.9915,0
77.0984,5
77.2053,26
77.3122,0
77.4191,18
77.526,12
77.6329,0
77.7398,0
77.8467,14
77.9536,16
78.0605,0
78.1674,0
78.2743,0
78.3812,0
78.4881,13
78.595,0
78.7019,0
78.8088,0
78.9157,22
79.0226,3
79.1295,0
79.2364,0
79.3433,40
79.4502,14
79.5571,0
79.664,0
79.7709,0
79.8778,0
79.9847,12
80.0916,10
80.1985,5
80.3054,1
80.4123,0
80.5192,9
80.6261,10
80.733,18
80.8399,0
80.9468,0
81.0537,0
81.1606,4
81.2675,44
81.3744,41
81.4813,1
81.5882,0
81.6951,0
81.802,19
81.9089,10
82.0158,0
82.1227,21
82.2296,9
82.3365,7
82.4434,14
82.5503,0
82.6572,0
82.7641,13
82.871,19
82.9779,0
83.0848,8
83.1917,5
83.2986,0
83.4055,0
83.5124,0
83.6193,15
83.7262,48
83.8331,16
83.94,15
84.0469,28
84.1538,0
84.2607,34
84.3676,0
84.4745,6
84.5814,0
84.6883,0
84.7952,0
84.9021,0
85.009,4
85.1159,0
85.2228,0
85.3297,1
85.4366,18
85.5435,13
85.6504,0
85.7573,15
85.8642,2
85.9711,0
86.078,0
86.1849,9
86.2918,0
86.3987,11
86.5056,0
86.6125,9
86.7194,6
86.8263,20
86.9332,4
87.0401,8
87.147,10
87.2539,0
87.3608,0
87.4677,9
87.5746,0
87.6815,0
87.7884,32
87.8953,26
88.0022,0
88.1091,0
88.216,0
88.3229,4
88.4298,15
88.5367,0
88.6436,0
88.7505,19
88.8574,0
88.9643,4
89.0712,14
89.1781,3
89.285,21
89.3919,17
89.4988,3
89.6057,11
89.7126,11
89.8195,0
89.9264,12
90.0334,2
90.1403,2
90.2472,0
90.3541,18
90.461,4
90.5679,9
90.6748,0
90.7817,0
90.8886,0
90.9955,6
91.1024,0
91.2093,7
91.3162,0
91.4231,3
91.53,41
91.6369,0
91.7438,0
91.8507,0
91.9576,17
92.0645,21
92.1714,0
92.2783,0
92.3852,0
92.4921,0
92.599,7
92.7059,16
92.8128,0
92.9197,4
93.0266,16
93.1335,13
93.2404,0
93.3473,0
93.4542,25
93.5611,0
93.668,0
93.7749,13
93.8818,0
93.9887,2
94.0956,20
94.2025,26
94.3095,0
94.4164,0
94.5233,0
94.6302,6
94.7371,0
94.844,6
94.9509,22
95.0578,3
95.1647,0
95.2716,24
95.3785,7
95.4854,18
95.5923,4
95.6992,0
95.8061,19
95.913,0
96.0199,0
96.1268,0
96.2337,11
96.3406,8
96.4475,22
96.5544,14
96.6613,8
96.7682,14
96.8751,3
96.982,0
97.0889,0
97.1958,0
97.3027,0
97.4097,0
97.5166,0
97.6235,6
97.7304,3
97.8373,0
97.9442,0
98.0511,2
98.158,32
98.2649,13
98.3718,0
98.4787,5
98.5856,11
98.6925,14
98.7994,0
98.9063,9
99.0132,17
99.1201,0
99.227,0
99.3339,0
99.4408,0
99.5477,0
99.6546,8
99.7615,0
99.8684,37
99.9753,0
100.082,1
100.189,3
100.296,13
100.403,0
100.51,21
100.617,34
100.724,0
100.831,20
100.937,11
101.044,0
101.151,0
101.258,0
101.365,8
101.472,0
101.579,0
101.686,19
101.793,3
101.9,0
102.007,7
102.113,8
102.22,3
102.327,0
102.434,0
102.541,0
102.648,46
102.755,17
102.862,0
102.969,0
103.076,6
103.182,28
103.289,19
103.396,8
103.503,29
103.61,14
103.717,0
103.824,25
103.931,14
104.038,0
104.145,7
104.252,22
104.358,0
104.465,0
104.572,0
104.679,0
104.786,13
104.893,19
105,0
105.107,22
105.214,4
105.321,17
105.427,17
105.534,7
105.641,0
105.748,2
105.855,49
105.962,0
106.069,0
106.176,0
106.283,13
106.39,5
106.497,19
106.603,13
106.71,8
106.817,0
106.924,0
107.031,0
107.138,18
107.245,14
107.352,16
107.459,9
107.566,0
107.673,17
107.779,18
107.886,0
107.993,11
108.1,2
108.207,0
108.314,5
108.421,12
108.528,0
108.635,15
108.742,42
108.848,0
108.955,0
109.062,6
109.169,2
109.276,0
109.383,29
109.49,9
109.597,0
109.704,4
109.811,23
109.918,16
110.024,0
110.131,5
110.238,13
110.345,0
110.452,16
110.559,18
110.666,0
110.773,0
110.88,0
110.987,11
111.094,10
111.2,0
111.307,4
111.414,6
111.521,0
111.628,4
111.735,0
111.842,9
111.949,22
112.056,0
112.163,0
112.269,0
112.376,8
112.483,26
112.59,11
112.697,5
112.804,16
112.911,0
113.018,19
113.125,0
113.232,0
113.339,44
113.445,22
113.552,0
113.659,5
113.766,0
113.873,0
113.98,0
114.087,11
114.194,0
114.301,0
114.408,3
114.515,20
114.621,0
114.728,0
114.835,0
114.942,12
115.049,0
115.156,0
115.263,8
115.37,24
115.477,7
115.584,0
115.69,0
115.797,9
115.904,18
116.011,0
116.118,0
116.225,0
116.332,29
116.439,0
116.546,0
116.653,7
116.76,49
116.866,2
116.973,16
117.08,16
117.187,0
117.294,0
117.401,1
117.508,0
117.615,0
117.722,0
117.829,6
117.936,13
118.042,6
118.149,15
118.256,5
118.363,19
118.47,10
118.577,13
118.684,0
118.791,39
118.898,7
119.005,0
119.112,17
119.218,8
119.325,6
119.432,8
119.539,7
119.646,18
119.753,0
119.86,14
119.967,30
120.074,20
120.181,0
120.287,4
120.394,18
120.501,1
120.608,0
120.715,6
120.822,15
120.929,1
121.036,0
121.143,5
121.25,34
121.357,7
121.463,11
121.57,0
121.677,16
121.784,13
121.891,17
121.998,15
122.105,16
122.212,10
122.319,0
122.426,0
122.533,9
122.639,0
122.746,9
122.853,39
122.96,24
123.067,7
123.174,4
123.281,9
123.388,0
123.495,6
123.602,0
123.709,36
123.815,0
123.922,0
124.029,41
124.136,29
124.243,16
124.35,14
124.457,0
124.564,0
124.671,44
124.778,0
124.885,0
124.991,8
125.098,4
125.205,0
125.312,0
125.419,0
125.526,0
125.633,0
125.74,10
125.847,20
125.954,14
126.061,8
126.167,0
126.274,37
126.381,0
126.488,34
126.595,16
126.702,33
126.809,0
126.916,5
127.023,10
127.13,0
127.236,4
127.343,0
127.45,7
127.557,0
127.664,0
127.771,22
127.878,15
127.985,0
128.092,8
128.199,23
128.306,16
128.412,0
128.519,0
128.626,0
128.733,0
128.84,0
128.947,0
129.054,13
129.161,26
129.268,0
129.375,21
129.482,11
129.588,0
129.695,28
129.802,0
129.909,10
130.016,15
130.123,24
130.23,0
130.337,17
130.444,24
130.551,0
130.658,0
130.764,10
130.871,9
130.978,4
131.085,24
131.192,8
131.299,10
131.406,3
131.513,0
131.62,0
131.727,5
131.834,0
131.94,40
132.047,0
132.154,9
132.261,0
132.368,0
132.475,23
132.582,0
132.689,6
132.796,13
132.903,14
133.01,0
133.116,5
133.223,14
133.33,0
133.437,0
133.544,0
133.651,6
133.758,0
133.865,0
133.972,0
134.079,0
134.186,0
134.292,34
134.399,0
134.506,0
134.613,0
134.72,12
134.827,36
134.934,25
135.041,0
135.148,4
135.255,0
135.362,10
135.468,0
135.575,0
135.682,4
135.789,4
135.896,0
136.003,6
136.11,15
136.217,0
136.324,0
136.431,18
136.538,6
136.644,8
136.751,18
136.858,26
136.965,15
137.072,0
137.179,0
137.286,14
137.393,26
137.5,5
137.607,30
137.714,0
137.82,0
137.927,21
138.034,0
138.141,8
138.248,7
138.355,25
138.462,5
138.569,0
138.676,0
138.783,16
138.89,6
138.996,0
139.103,0
139.21,0
139.317,23
139.424,0
139.531,17
139.638,17
139.745,0
139.852,0
139.959,4
140.065,0
140.172,36
140.279,0
140.386,1
140.493,4
140.6,0
140.707,0
140.814,0
140.921,6
141.028,0
141.135,0
141.241,21
141.348,2
141.455,0
141.562,0
141.669,5
141.776,17
141.883,9
141.99,0
142.097,0
142.204,0
142.311,13
142.417,12
142.524,5
142.631,9
142.738,34
142.845,19
142.952,19
143.059,17
143.166,7
143.273,2
143.38,3
143.487,0
143.593,22
143.7,0
143.807,0
143.914,0
144.021,17
144.128,12
144.235,0
144.342,0
144.449,0
144.556,4
144.663,0
144.769,4
144.876,0
144.983,0
145.09,0
145.197,0
145.304,0
145.411,34
145.518,32
145.625,25
145.732,0
145.839,0
145.945,13
146.052,34
146.159,2
146.266,2
146.373,0
146.48,0
146.587,16
146.694,6
146.801,0
146.908,0
147.015,9
147.121,10
147.228,0
147.335,0
147.442,13
147.549,0
147.656,0
147.763,2
147.87,0
147.977,0
148.084,15
148.191,0
148.297,0
148.404,0
148.511,1
148.618,0
148.725,0
148.832,8
148.939,0
149.046,1
149.153,21
149.26,3
149.367,0
149.473,0
149.58,0
149.687,8
149.794,0
149.901,0
150.008,5
150.115,0
150.222,6
150.329,0
150.436,34
150.543,18
150.649,4
150.756,0
150.863,0
150.97,24
151.077,32
151.184,32
151.291,4
151.398,7
151.505,0
151.612,0
151.719,0
151.825,12
151.932,0
152.039,5
152.146,25
152.253,24
152.36,0
152.467,0
152.574,0
152.681,16
152.788,0
152.894,0
153.001,0
153.108,0
153.215,14
153.322,7
153.429,0
153.536,12
153.643,22
153.75,0
153.857,0
153.964,0
154.07,6
154.177,13
154.284,2
154.391,16
154.498,14
154.605,0
154.712,0
154.819,0
154.926,0
155.033,7
155.14,9
155.246,0
155.353,6
155.46,0
155.567,0
155.674,0
155.781,0
155.888,0
155.995,0
156.102,37
156.209,45
156.316,0
156.422,0
156.529,10
156.636,20
156.743,1
156.85,16
156.957,19
157.064,2
157.171,18
157.278,2
157.385,22
157.492,20
157.598,0
157.705,0
157.812,25
157.919,0
158.026,2
158.133,5
158.24,0
158.347,7
158.454,0
158.561,0
158.668,0
158.774,10
158.881,19
158.988,3
159.095,0
159.202,7
159.309,0
159.416,0
159.523,12
159.63,0
159.737,0
159.844,0
159.95,11
160.057,10
160.164,0
160.271,25
160.378,13
160.485,26
160.592,0
160.699,9
160.806,13
160.913,24
161.019,0
161.126,2
161.233,0
161.34,0
161.447,10
161.554,11
161.661,0
161.768,0
161.875,0
161.982,24
162.089,0
162.195,14
162.302,0
162.409,2
162.516,43
162.623,10
162.73,17
162.837,8
162.944,0
163.051,7
163.158,15
163.265,4
163.371,6
163.478,0
163.585,28
163.692,8
163.799,2
163.906,0
164.013,17
164.12,0
164.227,2
164.334,0
164.441,0
164.547,27
164.654,4
164.761,0
164.868,18
164.975,8
165.082,7
165.189,10
165.296,0
165.403,0
165.51,0
165.616,24
165.723,14
165.83,0
165.937,0
166.044,22
166.151,9
166.258,6
166.365,0
166.472,16
166.579,0
166.686,0
166.792,33
166.899,26
167.006,0
167.113,0
167.22,0
167.327,0
167.434,6
167.541,11
167.648,0
167.755,0
167.862,0
167.968,4
168.075,0
168.182,0
168.289,16
168.396,0
168.503,16
168.61,0
168.717,0
168.824,14
168.931,10
169.037,0
169.144,0
169.251,0
169.358,1
169.465,9
169.572,16
169.679,11
169.786,0
169.893,7
170,0
170.107,3
170.213,0
170.32,10
170.427,0
170.534,29
170.641,0
170.748,0
170.855,3
170.962,0
171.069,3
171.176,9
171.283,0
171.389,5
171.496,6
171.603,0
171.71,4
171.817,0
171.924,0
172.031,0
172.138,2
172.245,0
172.352,0
172.458,22
172.565,0
172.672,23
172.779,6
172.886,0
172.993,0
173.1,0
173.207,1
173.314,0
173.421,12
173.528,7
173.634,0
173.741,2
173.848,0
173.955,22
174.062,3
174.169,1
174.276,24
174.383,3
174.49,0
174.597,0
174.704,0
174.81,0
174.917,28
175.024,0
175.131,23
175.238,0
175.345,0
175.452,19
175.559,10
175.666,13
175.773,0
175.879,0
175.986,9
176.093,3
176.2,0
176.307,0
176.414,2
176.521,0
176.628,0
176.735,4
176.842,11
176.949,0
177.055,3
177.162,8
177.269,0
177.376,5
177.483,32
177.59,46
177.697,16
177.804,32
177.911,20
178.018,0
178.124,13
178.231,11
178.338,0
178.445,0
178.552,0
178.659,0
178.766,10
178.873,29
178.98,0
179.087,0
179.194,0
179.3,1
179.407,24
179.514,0
179.621,0
179.728,39
179.835,13
179.942,0
180.049,2
180.156,11
180.263,0
180.369,0
180.476,0
180.583,0
180.69,8
180.797,2
180.904,0
181.011,0
181.118,14
181.225,0
181.332,14
181.439,0
181.545,0
181.652,12
181.759,16
181.866,12
181.973,0
182.08,13
182.187,16
182.294,22
182.401,20
182.508,9
182.614,36
182.721,0
182.828,0
182.935,0
183.042,0
183.149,20
183.256,22
183.363,4
183.47,0
183.577,0
183.683,18
183.79,0
183.897,0
184.004,0
184.111,0
184.218,0
184.325,3
184.432,5
184.539,0
184.646,11
184.753,4
184.859,33
184.966,3
185.073,0
185.18,59
185.287,59
185.394,26
185.501,3
185.608,3
185.715,3
185.822,123
185.928,76
186.035,13
186.142,11
186.249,4
186.356,0
186.463,0
186.57,5
186.677,0
186.784,0
186.891,12
186.997,0
187.104,2
187.211,0
187.318,3
187.425,0
187.532,0
187.639,12
187.746,2
187.853,0
187.96,0
188.067,0
188.173,5
188.28,30
188.387,6
188.494,0
188.601,2
188.708,13
188.815,18
188.922,0
189.029,0
189.136,6
189.242,9
189.349,14
189.456,0
189.563,0
189.67,21
189.777,0
189.884,19
189.991,0
190.098,0
190.205,7
190.311,21
190.418,0
190.525,0
190.632,18
190.739,0
190.846,0
190.953,13
191.06,19
191.167,0
191.274,11
191.38,0
191.487,0
191.594,0
191.701,0
191.808,0
191.915,6
192.022,4
192.129,6
192.236,19
192.343,0
192.45,0
192.556,13
192.663,24
192.77,15
192.877,0
192.984,0
193.091,6
193.198,4
193.305,0
193.412,0
193.519,12
193.625,0
193.732,17
193.839,0
193.946,0
194.053,0
194.16,0
194.267,0
194.374,0
194.481,32
194.588,21
194.694,1
194.801,11
194.908,0
195.015,33
195.122,22
195.229,0
195.336,0
195.443,0
195.55,14
195.657,0
195.763,0
195.87,19
195.977,6
196.084,25
196.191,4
196.298,0
196.405,28
196.512,8
196.619,2
196.726,3
196.832,0
196.939,0
197.046,2
197.153,0
197.26,0
197.367,13
197.474,0
197.581,0
197.688,10
197.795,17
197.901,0
198.008,15
198.115,14
198.222,1
198.329,7
198.436,0
198.543,0
198.65,0
198.757,0
198.864,36
198.97,39
199.077,4
199.184,0
199.291,4
199.398,0
199.505,12
199.612,17
199.719,0
199.826,9
199.933,0
200.039,0
200.146,26
200.253,0
200.36,0
200.467,3
200.574,18
200.681,14
200.788,0
200.895,0
201.002,26
201.108,7
201.215,0
201.322,13
201.429,0
201.536,2
201.643,9
201.75,1
201.857,1
201.964,4
202.071,17
202.177,0
202.284,21
202.391,9
202.498,0
202.605,0
202.712,22
202.819,0
202.926,6
203.033,1
203.14,6
203.246,19
203.353,0
203.46,0
203.567,19
203.674,14
203.781,0
203.888,11
203.995,10
204.102,0
204.208,17
204.315,15
204.422,13
204.529,1
204.636,5
204.743,18
204.85,0
204.957,10
205.064,0
205.171,0
205.277,11
205.384,0
205.491,0
205.598,0
205.705,3
205.812,0
205.919,0
206.026,2
206.133,12
206.24,0
206.346,0
206.453,23
206.56,0
206.667,6
206.774,11
206.881,0
206.988,0
207.095,24
207.202,17
207.309,0
207.415,2
207.522,32
207.629,11
207.736,13
207.843,7
207.95,0
208.057,0
208.164,2
208.271,0
208.377,10
208.484,0
208.591,8
208.698,0
208.805,0
208.912,18
209.019,0
209.126,0
209.233,0
209.34,0
209.446,0
209.553,12
209.66,39
209.767,0
209.874,7
209.981,33
210.088,0
210.195,4
210.302,6
210.409,0
210.515,0
210.622,33
210.729,11
210.836,18
210.943,6
211.05,35
211.157,6
211.264,4
211.371,1
211.477,7
211.584,20
211.691,2
211.798,4
211.905,0
212.012,0
212.119,26
212.226,15
212.333,20
212.44,0
212.546,0
212.653,20
212.76,0
212.867,0
212.974,4
213.081,0
213.188,9
213.295,22
213.402,0
213.508,0
213.615,6
213.722,24
213.829,8
213.936,7
214.043,4
214.15,0
214.257,21
214.364,127
214.471,120
214.577,73
214.684,3
214.791,0
214.898,0
215.005,0
215.112,0
215.219,0
215.326,2
215.433,8
215.539,11
215.646,0
215.753,4
215.86,0
215.967,0
216.074,1
216.181,0
216.288,0
216.395,0
216.502,0
216.608,0
216.715,7
216.822,1
216.929,21
217.036,0
217.143,15
217.25,15
217.357,0
217.464,16
217.57,35
217.677,0
217.784,0
217.891,0
217.998,0
218.105,0
218.212,18
218.319,21
218.426,3
218.532,4
218.639,0
218.746,8
218.853,0
218.96,14
219.067,0
219.174,16
219.281,3
219.388,4
219.495,16
219.601,0
219.708,0
219.815,0
219.922,0
220.029,0
220.136,0
220.243,24
220.35,53
220.457,1
220.563,0
220.67,6
220.777,2
220.884,24
220.991,0
221.098,0
221.205,0
221.312,14
221.419,0
221.525,0
221.632,4
221.739,11
221.846,0
221.953,10
222.06,0
222.167,0
222.274,4
222.381,0
222.488,8
222.594,0
222.701,3
222.808,5
222.915,15
223.022,0
223.129,13
223.236,12
223.343,13
223.45,0
223.556,0
223.663,17
223.77,29
223.877,0
223.984,0
224.091,34
224.198,21
224.305,0
224.412,5
224.518,0
224.625,15
224.732,0
224.839,0
224.946,0
225.053,21
225.16,16
225.267,14
225.374,11
225.48,7
225.587,2
225.694,0
225.801,2
225.908,15
226.015,0
226.122,0
226.229,0
226.336,5
226.442,0
226.549,0
226.656,0
226.763,14
226.87,9
226.977,25
227.084,0
227.191,0
227.298,16
227.404,18
227.511,0
227.618,0
227.725,2
227.832,6
227.939,17
228.046,0
228.153,17
228.26,21
228.366,0
228.473,0
228.58,29
228.687,5
228.794,0
228.901,0
229.008,0
229.115,9
229.222,3
229.328,0
229.435,0
229.542,0
229.649,19
229.756,26
229.863,7
229.97,5
230.077,13
230.184,16
230.29,32
230.397,20
230.504,20
230.611,0
230.718,0
230.825,0
230.932,14
231.039,21
231.146,0
231.252,0
231.359,3
231.466,2
231.573,5
231.68,0
231.787,0
231.894,9
232.001,2
232.108,3
232.214,2
232.321,0
232.428,16
232.535,6
232.642,16
232.749,16
232.856,0
232.963,0
233.07,0
233.176,0
233.283,3
233.39,0
233.497,17
233.604,13
233.711,24
233.818,13
233.925,14
234.031,0
234.138,1
234.245,14
234.352,2
234.459,0
234.566,2
234.673,6
234.78,0
234.887,0
234.993,7
235.1,0
235.207,14
235.314,20
235.421,0
235.528,10
235.635,11
235.742,0
235.849,17
235.955,7
236.062,6
236.169,6
236.276,9
236.383,17
236.49,10
236.597,7
236.704,23
236.81,8
236.917,0
237.024,22
237.131,0
237.238,0
237.345,0
237.452,1
237.559,13
237.666,9
237.772,0
237.879,0
237.986,12
238.093,0
238.2,0
238.307,17
238.414,14
238.521,0
238.628,21
238.734,0
238.841,44
238.948,36
239.055,7
239.162,0
239.269,37
239.376,28
239.483,14
239.589,0
239.696,0
239.803,0
239.91,8
240.017,0
240.124,0
240.231,0
240.338,6
240.445,20
240.551,0
240.658,16
240.765,34
240.872,0
240.979,0
241.086,0
241.193,0
241.3,0
241.406,0
241.513,0
241.62,36
241.727,38
241.834,18
241.941,0
242.048,0
242.155,0
242.262,35
242.368,0
242.475,10
242.582,2
242.689,0
242.796,0
242.903,0
243.01,12
243.117,15
243.223,25
243.33,0
243.437,1
243.544,26
243.651,26
243.758,0
243.865,0
243.972,0
244.079,14
244.185,14
244.292,0
244.399,11
244.506,0
244.613,15
244.72,2
244.827,6
244.934,0
245.04,24
245.147,44
245.254,36
245.361,0
245.468,0
245.575,0
245.682,13
245.789,0
245.896,0
246.002,0
246.109,0
246.216,0
246.323,11
246.43,14
246.537,0
246.644,0
246.751,16
246.857,19
246.964,6
247.071,2
247.178,28
247.285,8
247.392,0
247.499,0
247.606,0
247.712,19
247.819,0
247.926,4
248.033,0
248.14,45
248.247,0
248.354,0
248.461,19
248.567,19
248.674,0
248.781,13
248.888,23
248.995,0
249.102,5
249.209,0
249.316,0
249.423,0
249.529,6
249.636,0
249.743,15
249.85,19
249.957,13
250.064,23
250.171,28
250.278,41
250.384,4
250.491,0
250.598,2
250.705,0
250.812,14
250.919,0
251.026,7
251.133,16
251.239,0
251.346,33
251.453,20
251.56,0
251.667,11
251.774,8
251.881,5
251.988,21
252.094,38
252.201,25
252.308,32
252.415,12
252.522,0
252.629,0
252.736,0
252.843,3
252.949,44
253.056,127
253.163,100
253.27,21
253.377,12
253.484,11
253.591,0
253.698,0
253.804,2
253.911,4
254.018,11
254.125,4
254.232,0
254.339,10
254.446,9
254.553,6
254.659,0
254.766,16
254.873,26
254.98,0
255.087,0
255.194,8
255.301,0
255.408,19
255.514,0
255.621,0
255.728,6
255.835,8
255.942,6
256.049,0
256.156,12
256.263,14
256.369,0
256.476,0
256.583,32
256.69,0
256.797,17
256.904,12
257.011,0
257.118,0
257.224,28
257.331,1
257.438,0
257.545,11
257.652,6
257.759,30
257.866,30
257.973,15
258.079,9
258.186,18
258.293,16
258.4,25
258.507,0
258.614,0
258.721,10
258.828,10
258.934,9
259.041,0
259.148,7
259.255,18
259.362,0
259.469,0
259.576,15
259.683,38
259.789,3
259.896,0
260.003,28
260.11,0
260.217,0
260.324,9
260.431,0
260.537,31
260.644,0
260.751,0
260.858,16
260.965,17
261.072,8
261.179,0
261.286,4
261.392,0
261.499,32
261.606,30
261.713,24
261.82,8
261.927,10
262.034,5
262.141,0
262.247,0
262.354,1
262.461,6
262.568,16
262.675,6
262.782,0
262.889,0
262.996,30
263.102,16
263.209,0
263.316,6
263.423,0
263.53,4
263.637,0
263.744,21
263.85,26
263.957,0
264.064,0
264.171,20
264.278,23
264.385,0
264.492,0
264.599,0
264.705,18
264.812,29
264.919,0
265.026,0
265.133,23
265.24,0
265.347,0
265.454,11
265.56,0
265.667,2
265.774,5
265.881,20
265.988,2
266.095,6
266.202,0
266.308,2
266.415,25
266.522,35
266.629,17
266.736,6
266.843,20
266.95,0
267.057,7
267.163,12
267.27,0
267.377,0
267.484,0
267.591,64
267.698,34
267.805,7
267.911,6
268.018,0
268.125,35
268.232,0
268.339,0
268.446,2
268.553,0
268.66,0
268.766,2
268.873,2
268.98,0
269.087,5
269.194,23
269.301,17
269.408,2
269.514,28
269.621,5
269.728,45
269.835,0
269.942,6
270.049,0
270.156,0
270.263,1
270.369,9
270.476,0
270.583,0
270.69,0
270.797,0
270.904,0
271.011,0
271.117,8
271.224,6
271.331,11
271.438,24
271.545,0
271.652,0
271.759,30
271.866,22
271.972,7
272.079,0
272.186,8
272.293,0
272.4,3
272.507,29
272.614,0
272.72,0
272.827,19
272.934,9
273.041,0
273.148,0
273.255,0
273.362,40
273.468,0
273.575,0
273.682,38
273.789,30
273.896,0
274.003,0
274.11,15
274.217,17
274.323,0
274.43,20
274.537,0
274.644,0
274.751,21
274.858,15
274.965,7
275.071,8
275.178,0
275.285,5
275.392,2
275.499,28
275.606,18
275.713,0
275.819,34
275.926,2
276.033,16
276.14,14
276.247,26
276.354,9
276.461,0
276.567,6
276.674,0
276.781,5
276.888,2
276.995,0
277.102,16
277.209,13
277.315,7
277.422,0
277.529,6
277.636,24
277.743,13
277.85,0
277.957,21
278.064,12
278.17,8
278.277,0
278.384,10
278.491,0
278.598,21
278.705,0
278.812,6
278.918,17
279.025,23
279.132,9
279.239,6
279.346,0
279.453,0
279.56,29
279.666,11
279.773,0
279.88,0
279.987,0
280.094,6
280.201,0
280.308,0
280.414,11
280.521,19
280.628,0
280.735,0
280.842,27
280.949,0
281.056,19
281.162,10
281.269,0
281.376,8
281.483,14
281.59,39
281.697,6
281.804,0
281.91,3
282.017,11
282.124,0
282.231,10
282.338,19
282.445,0
282.552,31
282.658,0
282.765,5
282.872,8
282.979,0
283.086,7
283.193,11
283.3,0
283.406,0
283.513,21
283.62,0
283.727,36
283.834,0
283.941,8
284.048,0
284.154,0
284.261,2
284.368,40
284.475,29
284.582,0
284.689,0
284.796,0
284.902,0
285.009,1
285.116,0
285.223,13
285.33,5
285.437,7
285.544,15
285.65,4
285.757,6
285.864,0
285.971,15
286.078,0
286.185,0
286.292,0
286.398,15
286.505,0
286.612,0
286.719,16
286.826,15
286.933,0
287.039,0
287.146,20
287.253,7
287.36,17
287.467,0
287.574,8
287.681,17
287.787,13
287.894,6
288.001,13
288.108,25
288.215,23
288.322,0
288.429,0
288.535,24
288.642,0
288.749,0
288.856,0
288.963,0
289.07,0
289.177,20
289.283,12
289.39,12
289.497,0
289.604,13
289.711,20
289.818,0
289.924,33
290.031,7
290.138,1
290.245,32
290.352,0
290.459,0
290.566,5
290.672,0
290.779,0
290.886,1
290.993,0
291.1,10
291.207,13
291.314,0
291.42,11
291.527,0
291.634,0
291.741,19
291.848,40
291.955,10
292.062,2
292.168,40
292.275,48
292.382,13
292.489,12
292.596,14
292.703,0
292.809,17
292.916,0
293.023,8
293.13,1
293.237,0
293.344,15
293.451,0
293.557,18
293.664,17
293.771,6
293.878,0
293.985,0
294.092,0
294.198,0
294.305,22
294.412,11
294.519,0
294.626,2
294.733,8
294.84,0
294.946,0
295.053,50
295.16,19
295.267,18
295.374,0
295.481,0
295.588,19
295.694,10
295.801,30
295.908,0
296.015,11
296.122,0
296.229,6
296.335,0
296.442,3
296.549,8
296.656,11
296.763,0
296.87,13
296.977,24
297.083,22
297.19,3
297.297,0
297.404,4
297.511,17
297.618,0
297.724,0
297.831,0
297.938,0
298.045,22
298.152,8
298.259,0
298.365,7
298.472,12
298.579,0
298.686,18
298.793,8
298.9,0
299.007,3
299.113,9
299.22,0
299.327,15
299.434,0
299.541,0
299.648,27
299.754,17
299.861,0
299.968,6
300.075,7
300.182,0
300.289,0
300.396,28
300.502,34
300.609,0
300.716,2
300.823,9
300.93,0
301.037,4
301.143,8
301.25,0
301.357,0
301.464,0
301.571,0
301.678,14
301.784,20
301.891,14
301.998,0
302.105,17
302.212,0
302.319,24
302.426,3
302.532,0
302.639,0
302.746,18
302.853,4
302.96,0
303.067,1
303.173,28
303.28,11
303.387,0
303.494,0
303.601,0
303.708,2
303.814,0
303.921,0
304.028,5
304.135,2
304.242,0
304.349,27
304.456,16
304.562,0
304.669,0
304.776,0
304.883,8
304.99,4
305.097,34
305.203,0
305.31,37
305.417,7
305.524,0
305.631,0
305.738,63
305.844,42
305.951,16
306.058,8
306.165,7
306.272,0
306.379,0
306.485,6
306.592,10
306.699,3
306.806,4
306.913,4
307.02,0
307.126,9
307.233,0
307.34,6
307.447,13
307.554,2
307.661,0
307.767,26
307.874,18
307.981,22
308.088,14
308.195,29
308.302,28
308.409,0
308.515,0
308.622,26
308.729,3
308.836,0
308.943,8
309.05,25
309.156,0
309.263,5
309.37,0
309.477,0
309.584,14
309.691,10
309.797,0
309.904,0
310.011,33
310.118,7
310.225,22
310.332,0
310.438,0
310.545,36
310.652,12
310.759,0
310.866,0
310.973,8
311.079,1
311.186,22
311.293,13
311.4,0
311.507,2
311.614,0
311.72,2
311.827,6
311.934,0
312.041,28
312.148,28
312.255,1
312.361,38
312.468,130
312.575,119
312.682,32
312.789,0
312.896,0
313.002,5
313.109,11
313.216,1
313.323,0
313.43,29
313.537,28
313.643,19
313.75,17
313.857,13
313.964,0
314.071,0
314.178,4
314.284,1
314.391,10
314.498,28
314.605,9
314.712,11
314.819,2
314.925,0
315.032,14
315.139,24
315.246,5
315.353,0
315.46,0
315.566,10
315.673,0
315.78,4
315.887,3
315.994,29
316.1,0
316.207,0
316.314,0
316.421,49
316.528,76
316.635,0
316.741,0
316.848,0
316.955,0
317.062,0
317.169,0
317.276,4
317.382,0
317.489,0
317.596,17
317.703,7
317.81,12
317.917,24
318.023,15
318.13,0
318.237,10
318.344,0
318.451,0
318.558,14
318.664,1
318.771,0
318.878,0
318.985,15
319.092,9
319.199,13
319.305,1
319.412,0
319.519,12
319.626,16
319.733,0
319.839,0
319.946,0
320.053,31
320.16,0
320.267,0
320.374,0
320.48,24
320.587,0
320.694,2
320.801,19
320.908,0
321.015,8
321.121,13
321.228,0
321.335,4
321.442,0
321.549,11
321.655,0
321.762,0
321.869,0
321.976,0
322.083,0
322.19,0
322.296,13
322.403,14
322.51,0
322.617,0
322.724,13
322.831,0
322.937,16
323.044,11
323.151,20
323.258,0
323.365,18
323.472,19
323.578,14
323.685,0
323.792,0
323.899,29
324.006,0
324.112,0
324.219,0
324.326,20
324.433,14
324.54,0
324.647,3
324.753,0
324.86,9
324.967,10
325.074,7
325.181,0
325.287,0
325.394,14
325.501,2
325.608,0
325.715,0
325.822,0
325.928,10
326.035,0
326.142,0
326.249,12
326.356,0
326.463,4
326.569,0
326.676,12
326.783,0
326.89,0
326.997,0
327.103,43
327.21,47
327.317,3
327.424,0
327.531,8
327.638,9
327.744,20
327.851,13
327.958,4
328.065,8
328.172,19
328.278,34
328.385,8
328.492,8
328.599,14
328.706,0
328.813,0
328.919,0
329.026,0
329.133,30
329.24,0
329.347,7
329.453,0
329.56,15
329.667,5
329.774,14
329.881,16
329.988,14
330.094,1
330.201,0
330.308,8
330.415,6
330.522,15
330.628,11
330.735,0
330.842,7
330.949,6
331.056,6
331.162,15
331.269,11
331.376,0
331.483,0
331.59,0
331.697,8
331.803,18
331.91,0
332.017,0
332.124,15
332.231,21
332.337,8
332.444,0
332.551,2
332.658,14
332.765,4
332.872,0
332.978,0
333.085,6
333.192,41
333.299,0
333.406,6
333.512,0
333.619,0
333.726,0
333.833,13
333.94,0
334.046,7
334.153,0
334.26,0
334.367,17
334.474,26
334.581,1
334.687,1
334.794,0
334.901,0
335.008,6
335.115,19
335.221,0
335.328,0
335.435,17
335.542,6
335.649,0
335.755,8
335.862,0
335.969,20
336.076,0
336.183,0
336.29,19
336.396,0
336.503,13
336.61,0
336.717,34
336.824,12
336.93,31
337.037,6
337.144,2
337.251,52
337.358,19
337.464,5
337.571,61
337.678,58
337.785,45
337.892,48
337.998,0
338.105,0
338.212,7
338.319,0
338.426,0
338.533,0
338.639,0
338.746,20
338.853,0
338.96,24
339.067,21
339.173,0
339.28,0
339.387,21
339.494,12
339.601,0
339.707,11
339.814,6
339.921,23
340.028,0
340.135,0
340.241,0
340.348,3
340.455,0
340.562,1
340.669,30
340.775,4
340.882,0
340.989,13
341.096,8
341.203,18
341.309,22
341.416,0
341.523,0
341.63,0
341.737,4
341.844,61
341.95,0
342.057,0
342.164,8
342.271,7
342.378,34
342.484,31
342.591,49
342.698,14
342.805,15
342.912,8
343.018,26
343.125,29
343.232,0
343.339,12
343.446,0
343.552,13
343.659,0
343.766,0
343.873,26
343.98,23
344.086,5
344.193,32
344.3,20
344.407,11
344.514,13
344.62,16
344.727,0
344.834,0
344.941,15
345.048,0
345.154,0
345.261,0
345.368,0
345.475,0
345.582,2
345.688,9
345.795,11
345.902,0
346.009,8
346.116,30
346.222,17
346.329,0
346.436,0
346.543,0
346.65,0
346.756,0
346.863,0
346.97,0
347.077,0
347.184,0
347.29,22
347.397,0
347.504,0
347.611,0
347.718,0
347.824,4
347.931,11
348.038,9
348.145,90
348.252,0
348.358,0
348.465,28
348.572,1
348.679,11
348.786,15
348.892,17
348.999,4
349.106,23
349.213,0
349.32,1
349.426,12
349.533,10
349.64,8
349.747,0
349.854,5
349.96,2
350.067,19
350.174,0
350.281,1
350.388,0
350.494,0
350.601,0
350.708,9
350.815,3
350.922,0
351.028,28
351.135,4
351.242,0
351.349,8
351.456,15
351.562,0
351.669,0
351.776,23
351.883,0
351.989,0
352.096,12
352.203,0
352.31,0
352.417,0
352.523,30
352.63,0
352.737,0
352.844,4
352.951,0
353.057,21
353.164,0
353.271,4
353.378,0
353.485,0
353.591,11
353.698,0
353.805,0
353.912,15
354.019,15
354.125,7
354.232,20
354.339,20
354.446,28
354.553,3
354.659,10
354.766,6
354.873,0
354.98,0
355.086,1
355.193,0
355.3,8
355.407,13
355.514,0
355.62,105
355.727,228
355.834,131
355.941,24
356.048,0
356.154,0
356.261,0
356.368,0
356.475,3
356.582,0
356.688,0
356.795,7
356.902,13
357.009,0
357.115,0
357.222,17
357.329,35
357.436,6
357.543,0
357.649,18
357.756,2
357.863,0
357.97,2
358.077,0
358.183,0
358.29,0
358.397,2
358.504,8
358.61,17
358.717,13
358.824,0
358.931,6
359.038,0
359.144,62
359.251,28
359.358,0
359.465,0
359.572,0
359.678,7
359.785,0
359.892,2
359.999,0
360.105,14
360.212,13
360.319,14
360.426,4
360.533,9
360.639,0
360.746,1
360.853,0
360.96,0
361.067,0
361.173,0
361.28,7
361.387,0
361.494,0
361.6,23
361.707,0
361.814,21
361.921,3
362.028,1
362.134,0
362.241,4
362.348,0
362.455,0
362.562,0
362.668,1
362.775,24
362.882,0
362.989,0
363.095,0
363.202,11
363.309,14
363.416,7
363.523,26
363.629,1
363.736,0
363.843,12
363.95,4
364.056,0
364.163,12
364.27,56
364.377,33
364.484,10
364.59,4
364.697,0
364.804,0
364.911,0
365.017,0
365.124,3
365.231,0
365.338,0
365.445,4
365.551,0
365.658,15
365.765,13
365.872,10
365.979,0
366.085,0
366.192,11
366.299,0
366.406,0
366.512,10
366.619,13
366.726,17
366.833,0
366.94,0
367.046,0
367.153,13
367.26,0
367.367,0
367.473,4
367.58,4
367.687,22
367.794,4
367.9,0
368.007,0
368.114,3
368.221,17
368.328,1
368.434,0
368.541,2
368.648,6
368.755,13
368.861,8
368.968,0
369.075,8
369.182,2
369.289,0
369.395,7
369.502,0
369.609,0
369.716,0
369.822,44
369.929,41
370.036,0
370.143,0
370.25,0
370.356,9
370.463,8
370.57,3
370.677,0
370.783,0
370.89,0
370.997,0
371.104,0
371.211,0
371.317,0
371.424,0
371.531,23
371.638,3
371.744,0
371.851,0
371.958,2
372.065,0
372.171,0
372.278,0
372.385,9
372.492,0
372.599,18
372.705,16
372.812,0
372.919,0
373.026,0
373.132,12
373.239,0
373.346,6
373.453,0
373.559,0
373.666,8
373.773,1
373.88,5
373.987,0
374.093,0
374.2,11
374.307,4
374.414,0
374.52,10
374.627,2
374.734,0
374.841,0
374.947,0
375.054,0
375.161,12
375.268,8
375.375,0
375.481,0
375.588,0
375.695,11
375.802,0
375.908,0
376.015,0
376.122,0
376.229,1
376.335,0
376.442,2
376.549,26
376.656,0
376.763,0
376.869,15
376.976,0
377.083,0
377.19,21
377.296,0
377.403,10
377.51,10
377.617,9
377.723,14
377.83,0
377.937,17
378.044,21
378.15,0
378.257,0
378.364,0
378.471,9
378.578,0
378.684,7
378.791,0
378.898,0
379.005,17
379.111,0
379.218,0
379.325,0
379.432,8
379.538,5
379.645,0
379.752,14
379.859,0
379.965,24
380.072,2
380.179,3
380.286,0
380.392,0
380.499,27
380.606,17
380.713,0
380.82,0
380.926,13
381.033,0
381.14,13
381.247,7
381.353,0
381.46,20
381.567,17
381.674,0
381.78,0
381.887,11
381.994,0
382.101,8
382.207,0
382.314,2
382.421,0
382.528,0
382.634,0
382.741,0
382.848,8
382.955,2
383.061,0
383.168,0
383.275,0
383.382,0
383.488,7
383.595,9
383.702,0
383.809,1
383.916,14
384.022,19
384.129,1
384.236,14
384.343,13
384.449,3
384.556,0
384.663,0
384.77,11
384.876,0
384.983,0
385.09,0
385.197,18
385.303,0
385.41,0
385.517,0
385.624,37
385.73,0
385.837,0
385.944,27
386.051,0
386.157,7
386.264,8
386.371,11
386.478,9
386.584,18
386.691,0
386.798,9
386.905,0
387.011,0
387.118,0
387.225,0
387.332,0
387.438,21
387.545,0
387.652,4
387.759,3
387.865,20
387.972,0
388.079,0
388.186,0
388.292,0
388.399,0
388.506,0
388.613,22
388.719,6
388.826,0
388.933,14
389.04,0
389.146,0
389.253,2
389.36,0
389.467,2
389.573,0
389.68,28
389.787,59
389.894,56
390,9
390.107,36
390.214,0
390.321,0
390.427,0
390.534,3
390.641,41
390.748,33
390.854,0
390.961,0
391.068,0
391.175,33
391.281,9
391.388,21
391.495,14
391.602,0
391.708,0
391.815,6
391.922,11
392.029,14
392.135,19
392.242,0
392.349,7
392.456,8
392.562,0
392.669,4
392.776,22
392.883,20
392.989,5
393.096,0
393.203,24
393.31,17
393.416,0
393.523,0
393.63,0
393.737,2
393.843,1
393.95,0
394.057,5
394.164,9
394.27,0
394.377,7
394.484,9
394.591,6
394.697,0
394.804,23
394.911,0
395.018,0
395.124,13
395.231,14
395.338,2
395.445,0
395.551,0
395.658,0
395.765,7
395.871,13
395.978,0
396.085,0
396.192,27
396.298,37
396.405,0
396.512,7
396.619,0
396.725,9
396.832,0
396.939,0
397.046,1
397.152,7
397.259,0
397.366,0
397.473,23
397.579,0
397.686,17
397.793,4
397.9,0
398.006,0
398.113,0
398.22,4
398.327,0
398.433,0
398.54,0
398.647,14
398.753,7
398.86,0
398.967,0
399.074,14
399.18,22
399.287,17
399.394,0
399.501,9
399.607,34
399.714,2
399.821,13
399.928,18
400.034,8
400.141,0
400.248,24
400.355,10
400.461,9
400.568,0
400.675,3
400.781,24
400.888,0
400.995,11
401.102,21
401.208,0
401.315,0
401.422,11
401.529,0
401.635,0
401.742,0
401.849,5
401.956,16
402.062,26
402.169,8
402.276,14
402.382,0
402.489,0
402.596,14
402.703,0
402.809,0
402.916,19
403.023,6
403.13,0
403.236,28
403.343,0
403.45,8
403.557,11
403.663,0
403.77,0
403.877,0
403.983,19
404.09,0
404.197,4
404.304,12
404.41,24
404.517,10
404.624,0
404.731,0
404.837,12
404.944,0
405.051,0
405.158,0
405.264,25
405.371,0
405.478,0
405.584,0
405.691,0
405.798,5
405.905,0
406.011,2
406.118,5
406.225,6
406.332,4
406.438,10
406.545,0
406.652,0
406.758,0
406.865,7
406.972,4
407.079,0
407.185,0
407.292,19
407.399,13
407.506,82
407.612,140
407.719,118
407.826,15
407.932,0
408.039,0
408.146,0
408.253,7
408.359,0
408.466,24
408.573,7
408.68,0
408.786,1
408.893,15
409,3
409.106,12
409.213,1
409.32,22
409.427,0
409.533,0
409.64,0
409.747,5
409.853,0
409.96,21
410.067,0
410.174,0
410.28,7
410.387,0
410.494,18
410.601,0
410.707,0
410.814,16
410.921,0
411.027,0
411.134,0
411.241,0
411.348,0
411.454,0
411.561,0
411.668,2
411.774,19
411.881,14
411.988,2
412.095,0
412.201,0
412.308,7
412.415,0
412.522,34
412.628,41
412.735,12
412.842,0
412.948,0
413.055,0
413.162,30
413.269,36
413.375,0
413.482,0
413.589,21
413.695,0
413.802,0
413.909,24
414.016,2
414.122,3
414.229,16
414.336,0
414.442,3
414.549,0
414.656,0
414.763,0
414.869,22
414.976,13
415.083,30
415.189,16
415.296,21
415.403,21
415.51,17
415.616,0
415.723,17
415.83,18
415.936,7
416.043,0
416.15,12
416.257,40
416.363,0
416.47,8
416.577,0
416.683,0
416.79,0
416.897,22
417.004,1
417.11,0
417.217,14
417.324,38
417.43,45
417.537,0
417.644,21
417.751,18
417.857,0
417.964,0
418.071,0
418.177,6
418.284,29
418.391,0
418.498,9
418.604,0
418.711,36
418.818,5
418.924,0
419.031,0
419.138,8
419.245,0
419.351,12
419.458,14
419.565,0
419.671,0
419.778,16
419.885,9
419.992,5
420.098,11
420.205,0
420.312,14
420.418,18
420.525,7
420.632,12
420.738,25
420.845,17
420.952,0
421.059,0
421.165,0
421.272,0
421.379,0
421.485,13
421.592,0
421.699,0
421.806,0
421.912,3
422.019,0
422.126,0
422.232,29
422.339,0
422.446,0
422.552,0
422.659,0
422.766,0
422.873,7
422.979,8
423.086,43
423.193,103
423.299,46
423.406,0
423.513,0
423.62,0
423.726,2
423.833,0
423.94,7
424.046,42
424.153,32
424.26,0
424.366,26
424.473,0
424.58,0
424.687,15
424.793,0
424.9,0
425.007,0
425.113,62
425.22,44
425.327,8
425.433,8
425.54,0
425.647,10
425.754,0
425.86,0
425.967,13
426.074,6
426.18,91
426.287,127
426.394,50
426.5,24
426.607,0
426.714,0
426.821,5
426.927,7
427.034,0
427.141,0
427.247,13
427.354,10
427.461,12
427.567,0
427.674,19
427.781,0
427.888,0
427.994,0
428.101,7
428.208,0
428.314,3
428.421,5
428.528,0
428.634,14
428.741,0
428.848,38
428.955,0
429.061,0
429.168,0
429.275,24
429.381,0
429.488,0
429.595,19
429.701,0
429.808,8
429.915,63
430.021,48
430.128,36
430.235,18
430.342,6
430.448,18
430.555,3
430.662,19
430.768,35
430.875,0
430.982,11
431.088,13
431.195,6
431.302,8
431.409,32
431.515,18
431.622,16
431.729,0
431.835,0
431.942,2
432.049,5
432.155,6
432.262,29
432.369,0
432.475,26
432.582,47
432.689,234
432.796,194
432.902,111
433.009,9
433.116,0
433.222,0
433.329,10
433.436,0
433.542,22
433.649,30
433.756,9
433.862,29
433.969,5
434.076,109
434.182,143
434.289,45
434.396,17
434.503,0
434.609,2
434.716,0
434.823,9
434.929,36
435.036,82
435.143,50
435.249,14
435.356,0
435.463,0
435.569,1
435.676,35
435.783,0
435.889,0
435.996,4
436.103,0
436.21,6
436.316,7
436.423,0
436.53,0
436.636,30
436.743,18
436.85,10
436.956,0
437.063,0
437.17,0
437.276,13
437.383,32
437.49,44
437.596,47
437.703,32
437.81,0
437.916,0
438.023,19
438.13,21
438.237,12
438.343,12
438.45,9
438.557,0
438.663,0
438.77,13
438.877,27
438.983,0
439.09,5
439.197,90
439.303,108
439.41,43
439.517,7
439.623,0
439.73,0
439.837,0
439.943,0
440.05,6
440.157,0
440.263,0
440.37,6
440.477,0
440.583,0
440.69,9
440.797,23
440.904,0
441.01,0
441.117,34
441.224,37
441.33,23
441.437,4
441.544,16
441.65,25
441.757,18
441.864,10
441.97,0
442.077,6
442.184,12
442.29,11
442.397,0
442.504,0
442.61,0
442.717,0
442.824,18
442.93,7
443.037,10
443.144,15
443.25,0
443.357,14
443.464,14
443.57,3
443.677,29
443.784,0
443.89,0
443.997,0
444.104,28
444.21,8
444.317,0
444.424,0
444.53,10
444.637,15
444.744,0
444.851,6
444.957,0
445.064,22
445.171,0
445.277,28
445.384,0
445.491,11
445.597,0
445.704,0
445.811,0
445.917,0
446.024,7
446.131,0
446.237,45
446.344,5
446.451,8
446.557,19
446.664,0
446.771,14
446.877,9
446.984,0
447.091,0
447.197,2
447.304,0
447.411,0
447.517,0
447.624,0
447.731,1
447.837,2
447.944,0
448.051,0
448.157,0
448.264,18
448.371,0
448.477,5
448.584,0
448.691,10
448.797,26
448.904,0
449.011,11
449.117,36
449.224,23
449.331,0
449.437,0
449.544,42
449.651,18
449.757,9
449.864,26
449.971,6
450.077,11
450.184,6
450.291,0
450.397,0
450.504,16
450.611,8
450.717,0
450.824,0
450.931,26
451.037,0
451.144,0
451.251,20
451.357,0
451.464,0
451.571,21
451.677,2
451.784,0
451.891,7
451.997,0
452.104,0
452.21,0
452.317,11
452.424,4
452.53,0
452.637,0
452.744,0
452.85,2
452.957,29
453.064,0
453.17,0
453.277,15
453.384,0
453.49,0
453.597,0
453.704,0
453.81,3
453.917,19
454.024,4
454.13,0
454.237,0
454.344,4
454.45,0
454.557,0
454.664,0
454.77,0
454.877,25
454.984,0
455.09,0
455.197,32
455.304,32
455.41,16
455.517,0
455.624,0
455.73,2
455.837,0
455.944,0
456.05,21
456.157,0
456.263,4
456.37,10
456.477,0
456.583,21
456.69,3
456.797,15
456.903,0
457.01,0
457.117,7
457.223,88
457.33,99
457.437,85
457.543,23
457.65,0
457.757,0
457.863,2
457.97,0
458.077,13
458.183,3
458.29,17
458.397,22
458.503,27
458.61,58
458.716,46
458.823,14
458.93,12
459.036,0
459.143,16
459.25,0
459.356,14
459.463,0
459.57,0
459.676,5
459.783,0
459.89,18
459.996,21
460.103,0
460.21,4
460.316,0
460.423,6
460.53,0
460.636,0
460.743,5
460.849,10
460.956,2
461.063,3
461.169,1
461.276,0
461.383,0
461.489,4
461.596,0
461.703,0
461.809,3
461.916,2
462.023,5
462.129,1
462.236,9
462.342,27
462.449,10
462.556,18
462.662,0
462.769,26
462.876,0
462.982,0
463.089,2
463.196,3
463.302,0
463.409,37
463.516,24
463.622,0
463.729,0
463.835,11
463.942,0
464.049,0
464.155,3
464.262,12
464.369,6
464.475,2
464.582,32
464.689,24
464.795,13
464.902,0
465.009,0
465.115,21
465.222,0
465.328,0
465.435,6
465.542,4
465.648,0
465.755,0
465.862,21
465.968,25
466.075,7
466.182,94
466.288,111
466.395,43
466.501,6
466.608,0
466.715,0
466.821,0
466.928,0
467.035,0
467.141,19
467.248,7
467.355,0
467.461,11
467.568,23
467.674,24
467.781,10
467.888,0
467.994,0
468.101,25
468.208,10
468.314,4
468.421,8
468.528,0
468.634,23
468.741,0
468.847,0
468.954,11
469.061,38
469.167,10
469.274,0
469.381,15
469.487,4
469.594,21
469.701,23
469.807,0
469.914,0
470.02,0
470.127,0
470.234,0
470.34,13
470.447,3
470.554,0
470.66,0
470.767,25
470.873,9
470.98,0
471.087,46
471.193,28
471.3,0
471.407,8
471.513,6
471.62,0
471.727,11
471.833,0
471.94,0
472.046,25
472.153,33
472.26,0
472.366,12
472.473,8
472.58,17
472.686,0
472.793,38
472.899,0
473.006,7
473.113,0
473.219,0
473.326,42
473.433,58
473.539,42
473.646,44
473.752,33
473.859,15
473.966,0
474.072,3
474.179,0
474.286,0
474.392,64
474.499,123
474.605,54
474.712,0
474.819,3
474.925,0
475.032,15
475.139,0
475.245,13
475.352,0
475.458,1
475.565,0
475.672,5
475.778,0
475.885,0
475.992,1
476.098,8
476.205,17
476.311,5
476.418,0
476.525,32
476.631,7
476.738,6
476.844,0
476.951,0
477.058,8
477.164,0
477.271,20
477.378,27
477.484,11
477.591,0
477.697,10
477.804,6
477.911,0
478.017,4
478.124,22
478.231,0
478.337,1
478.444,20
478.55,20
478.657,0
478.764,0
478.87,18
478.977,6
479.083,16
479.19,0
479.297,4
479.403,0
479.51,0
479.617,6
479.723,32
479.83,0
479.936,0
480.043,0
480.15,0
480.256,24
480.363,3
480.469,0
480.576,18
480.683,13
480.789,0
480.896,0
481.003,0
481.109,10
481.216,0
481.322,0
481.429,0
481.536,0
481.642,0
481.749,8
481.855,0
481.962,8
482.069,0
482.175,0
482.282,0
482.388,16
482.495,0
482.602,4
482.708,0
482.815,0
482.922,6
483.028,0
483.135,6
483.241,13
483.348,0
483.455,3
483.561,6
483.668,0
483.774,21
483.881,4
483.988,30
484.094,0
484.201,0
484.307,0
484.414,0
484.521,0
484.627,0
484.734,9
484.84,7
484.947,20
485.054,0
485.16,29
485.267,0
485.373,0
485.48,0
485.587,0
485.693,24
485.8,0
485.907,4
486.013,13
486.12,16
486.226,18
486.333,20
486.44,25
486.546,11
486.653,0
486.759,0
486.866,19
486.973,0
487.079,0
487.186,26
487.292,31
487.399,0
487.506,0
487.612,6
487.719,0
487.825,0
487.932,0
488.039,0
488.145,30
488.252,2
488.358,7
488.465,23
488.572,8
488.678,0
488.785,6
488.891,0
488.998,0
489.105,0
489.211,0
489.318,0
489.424,9
489.531,0
489.638,12
489.744,0
489.851,0
489.957,15
490.064,0
490.171,0
490.277,33
490.384,22
490.49,0
490.597,0
490.704,1
490.81,15
490.917,2
491.023,8
491.13,9
491.237,10
491.343,4
491.45,3
491.556,0
491.663,17
491.769,0
491.876,0
491.983,20
492.089,0
492.196,2
492.302,2
492.409,0
492.516,20
492.622,0
492.729,14
492.835,24
492.942,0
493.049,14
493.155,0
493.262,28
493.368,4
493.475,13
493.582,24
493.688,15
493.795,21
493.901,0
494.008,24
494.114,34
494.221,0
494.328,3
494.434,8
494.541,9
494.647,0
494.754,0
494.861,16
494.967,0
495.074,10
495.18,0
495.287,17
495.394,11
495.5,0
495.607,0
495.713,4
495.82,8
495.926,0
496.033,0
496.14,8
496.246,15
496.353,0
496.459,0
496.566,3
496.673,0
496.779,0
496.886,0
496.992,0
497.099,0
497.206,18
497.312,22
497.419,5
497.525,0
497.632,0
497.738,0
497.845,23
497.952,64
498.058,7
498.165,0
498.271,10
498.378,0
498.485,0
498.591,1
498.698,0
498.804,0
498.911,0
499.017,20
499.124,11
499.231,0
499.337,8
499.444,13
499.55,1
499.657,12
499.763,4
499.87,0
499.977,10
500.083,0
500.19,6
500.296,6
500.403,6
500.51,1
500.616,4
500.723,57
500.829,78
500.936,58
501.042,0
501.149,2
501.256,0
501.362,11
501.469,4
501.575,2
501.682,0
501.788,0
501.895,20
502.002,10
502.108,0
502.215,0
502.321,0
502.428,3
502.534,0
502.641,0
502.748,12
502.854,30
502.961,3
503.067,0
503.174,20
503.281,9
503.387,22
503.494,0
503.6,0
503.707,0
503.813,17
503.92,39
504.027,0
504.133,0
504.24,19
504.346,56
504.453,53
504.559,45
504.666,0
504.773,0
504.879,17
504.986,0
505.092,25
505.199,47
505.305,28
505.412,4
505.518,0
505.625,0
505.732,0
505.838,0
505.945,0
506.051,0
506.158,0
506.264,0
506.371,0
506.478,56
506.584,6
506.691,1
506.797,16
506.904,0
507.01,1
507.117,19
507.224,0
507.33,0
507.437,0
507.543,0
507.65,1
507.756,0
507.863,0
507.97,0
508.076,18
508.183,30
508.289,0
508.396,0
508.502,34
508.609,41
508.715,7
508.822,0
508.929,0
509.035,12
509.142,9
509.248,0
509.355,0
509.461,11
509.568,10
509.675,0
509.781,20
509.888,18
509.994,2
510.101,0
510.207,0
510.314,15
510.42,10
510.527,0
510.634,14
510.74,6
510.847,13
510.953,11
511.06,0
511.166,4
511.273,23
511.379,7
511.486,9
511.593,0
511.699,2
511.806,6
511.912,0
512.019,6
512.125,0
512.232,0
512.339,0
512.445,0
512.552,0
512.658,1
512.765,158
512.871,109
512.978,39
513.084,0
513.191,0
513.298,0
513.404,11
513.511,2
513.617,0
513.724,14
513.83,0
513.937,0
514.043,2
514.15,0
514.256,16
514.363,11
514.47,5
514.576,17
514.683,0
514.789,15
514.896,17
515.002,5
515.109,10
515.215,22
515.322,7
515.429,0
515.535,0
515.642,0
515.748,1
515.855,0
515.961,0
516.068,0
516.174,15
516.281,0
516.388,0
516.494,0
516.601,6
516.707,10
516.814,0
516.92,6
517.027,0
517.133,26
517.24,0
517.346,0
517.453,13
517.56,12
517.666,4
517.773,0
517.879,18
517.986,0
518.092,2
518.199,0
518.305,18
518.412,0
518.518,0
518.625,15
518.732,0
518.838,1
518.945,0
519.051,0
519.158,65
519.264,85
519.371,37
519.477,4
519.584,0
519.69,0
519.797,15
519.903,17
520.01,0
520.117,0
520.223,1
520.33,1
520.436,6
520.543,0
520.649,0
520.756,6
520.862,0
520.969,0
521.075,32
521.182,10
521.289,0
521.395,0
521.502,0
521.608,0
521.715,0
521.821,18
521.928,0
522.034,0
522.141,25
522.247,0
522.354,2
522.46,8
522.567,0
522.674,0
522.78,0
522.887,0
522.993,8
523.1,3
523.206,0
523.313,0
523.419,0
523.526,0
523.632,7
523.739,16
523.845,0
523.952,0
524.058,2
524.165,5
524.272,7
524.378,0
524.485,0
524.591,5
524.698,21
524.804,6
524.911,7
525.017,15
525.124,0
525.23,0
525.337,21
525.443,0
525.55,1
525.656,0
525.763,16
525.87,0
525.976,8
526.083,0
526.189,36
526.296,35
526.402,8
526.509,0
526.615,35
526.722,8
526.828,9
526.935,0
527.041,11
527.148,0
527.254,0
527.361,8
527.467,14
527.574,0
527.68,4
527.787,0
527.894,0
528,0
528.107,0
528.213,9
528.32,0
528.426,0
528.533,0
528.639,19
528.746,0
528.852,0
528.959,13
529.065,8
529.172,6
529.278,0
529.385,0
529.491,15
529.598,0
529.704,0
529.811,9
529.918,20
530.024,14
530.131,0
530.237,5
530.344,29
530.45,65
530.557,130
530.663,66
530.77,9
530.876,14
530.983,19
531.089,0
531.196,0
531.302,8
531.409,4
531.515,0
531.622,0
531.728,3
531.835,2
531.941,4
532.048,0
532.154,19
532.261,4
532.367,11
532.474,0
532.581,3
532.687,0
532.794,14
532.9,0
533.007,10
533.113,0
533.22,3
533.326,5
533.433,0
533.539,0
533.646,0
533.752,0
533.859,11
533.965,4
534.072,0
534.178,17
534.285,24
534.391,8
534.498,5
534.604,0
534.711,11
534.817,4
534.924,0
535.03,16
535.137,0
535.243,4
535.35,0
535.456,0
535.563,8
535.669,0
535.776,0
535.882,12
535.989,8
536.095,0
536.202,1
536.308,8
536.415,0
536.521,1
536.628,15
536.735,0
536.841,0
536.948,0
537.054,3
537.161,0
537.267,4
537.374,0
537.48,0
537.587,0
537.693,9
537.8,0
537.906,0
538.013,1
538.119,18
538.226,19
538.332,0
538.439,3
538.545,0
538.652,0
538.758,26
538.865,0
538.971,0
539.078,14
539.184,0
539.291,5
539.397,0
539.504,14
539.61,3
539.717,0
539.823,0
539.93,15
540.036,18
540.143,0
540.249,0
540.356,0
540.462,45
540.569,13
540.675,11
540.782,0
540.888,0
540.995,19
541.101,0
541.208,0
541.314,0
541.421,0
541.527,14
541.634,11
541.74,29
541.847,8
541.953,0
542.06,0
542.166,0
542.273,0
542.379,0
542.486,20
542.592,14
542.699,7
542.805,2
542.912,5
543.018,14
543.125,0
543.231,4
543.338,3
543.444,0
543.551,0
543.657,11
543.764,5
543.87,17
543.977,1
544.083,0
544.19,0
544.296,19
544.403,7
544.509,0
544.616,0
544.722,22
544.829,7
544.935,5
545.042,0
545.148,9
545.255,4
545.361,20
545.467,17
545.574,0
545.68,3
545.787,13
545.893,4
546,1
546.106,0
546.213,0
546.319,21
546.426,0
546.532,13
546.639,4
546.745,0
546.852,15
546.958,0
547.065,0
547.171,16
547.278,22
547.384,15
547.491,4
547.597,0
547.704,8
547.81,3
547.917,0
548.023,11
548.13,0
548.236,8
548.343,17
548.449,0
548.556,6
548.662,0
548.769,113
548.875,126
548.982,52
549.088,13
549.195,0
549.301,13
549.408,0
549.514,0
549.62,6
549.727,0
549.833,5
549.94,17
550.046,0
550.153,5
550.259,20
550.366,25
550.472,2
550.579,22
550.685,0
550.792,2
550.898,0
551.005,0
551.111,32
551.218,37
551.324,14
551.431,0
551.537,0
551.644,21
551.75,18
551.857,1
551.963,0
552.07,0
552.176,0
552.282,2
552.389,0
552.495,0
552.602,12
552.708,3
552.815,0
552.921,9
553.028,0
553.134,12
553.241,4
553.347,49
553.454,22
553.56,0
553.667,0
553.773,0
553.88,0
553.986,0
554.093,3
554.199,0
554.305,0
554.412,4
554.518,0
554.625,0
554.731,0
554.838,11
554.944,13
555.051,47
555.157,7
555.264,34
555.37,5
555.477,0
555.583,30
555.69,0
555.796,4
555.903,0
556.009,0
556.115,0
556.222,5
556.328,5
556.435,1
556.541,1
556.648,0
556.754,0
556.861,1
556.967,0
557.074,10
557.18,0
557.287,3
557.393,0
557.5,18
557.606,0
557.713,0
557.819,0
557.925,0
558.032,0
558.138,22
558.245,3
558.351,0
558.458,0
558.564,32
558.671,6
558.777,6
558.884,0
558.99,17
559.097,0
559.203,0
559.309,0
559.416,0
559.522,0
559.629,10
559.735,14
559.842,9
559.948,15
560.055,43
560.161,0
560.268,17
560.374,14
560.481,0
560.587,7
560.693,0
560.8,0
560.906,18
561.013,0
561.119,0
561.226,12
561.332,0
561.439,1
561.545,0
561.652,1
561.758,23
561.864,39
561.971,0
562.077,0
562.184,0
562.29,0
562.397,0
562.503,0
562.61,8
562.716,3
562.823,0
562.929,0
563.035,1
563.142,6
563.248,0
563.355,7
563.461,0
563.568,15
563.674,0
563.781,0
563.887,0
563.994,9
564.1,0
564.206,0
564.313,0
564.419,0
564.526,0
564.632,9
564.739,0
564.845,0
564.952,0
565.058,7
565.165,0
565.271,2
565.377,0
565.484,0
565.59,14
565.697,0
565.803,0
565.91,0
566.016,5
566.123,0
566.229,12
566.335,15
566.442,10
566.548,0
566.655,14
566.761,31
566.868,0
566.974,6
567.081,5
567.187,0
567.293,0
567.4,23
567.506,3
567.613,0
567.719,0
567.826,0
567.932,16
568.039,0
568.145,11
568.251,0
568.358,11
568.464,0
568.571,0
568.677,1
568.784,1
568.89,0
568.997,2
569.103,0
569.209,0
569.316,14
569.422,121
569.529,108
569.635,10
569.742,0
569.848,0
569.955,16
570.061,0
570.167,0
570.274,0
570.38,5
570.487,4
570.593,5
570.7,0
570.806,0
570.912,31
571.019,2
571.125,2
571.232,18
571.338,37
571.445,21
571.551,0
571.658,6
571.764,17
571.87,0
571.977,0
572.083,9
572.19,0
572.296,0
572.403,26
572.509,13
572.615,10
572.722,13
572.828,7
572.935,28
573.041,5
573.148,8
573.254,9
573.36,0
573.467,18
573.573,0
573.68,3
573.786,0
573.893,0
573.999,28
574.105,22
574.212,0
574.318,5
574.425,0
574.531,0
574.638,41
574.744,8
574.85,0
574.957,24
575.063,20
575.17,7
575.276,0
575.383,0
575.489,0
575.595,37
575.702,9
575.808,0
575.915,0
576.021,13
576.128,5
576.234,0
576.34,17
576.447,5
576.553,0
576.66,0
576.766,3
576.873,8
576.979,0
577.085,0
577.192,5
577.298,0
577.405,0
577.511,0
577.618,4
577.724,0
577.83,27
577.937,0
578.043,17
578.15,5
578.256,0
578.363,0
578.469,0
578.575,0
578.682,0
578.788,0
578.895,0
579.001,14
579.107,0
579.214,0
579.32,3
579.427,7
579.533,2
579.64,18
579.746,0
579.852,0
579.959,0
580.065,0
580.172,0
580.278,0
580.384,7
580.491,3
580.597,9
580.704,5
580.81,17
580.917,5
581.023,8
581.129,6
581.236,0
581.342,20
581.449,15
581.555,0
581.661,32
581.768,9
581.874,25
581.981,0
582.087,8
582.193,0
582.3,23
582.406,7
582.513,11
582.619,2
582.726,7
582.832,0
582.938,0
583.045,18
583.151,9
583.258,12
583.364,5
583.47,0
583.577,0
583.683,0
583.79,6
583.896,30
584.002,12
584.109,0
584.215,4
584.322,4
584.428,11
584.535,11
584.641,0
584.747,0
584.854,11
584.96,10
585.067,0
585.173,4
585.279,12
585.386,0
585.492,4
585.599,0
585.705,2
585.811,17
585.918,21
586.024,28
586.131,0
586.237,0
586.343,0
586.45,0
586.556,0
586.663,0
586.769,0
586.875,0
586.982,3
587.088,0
587.195,22
587.301,23
587.407,0
587.514,0
587.62,6
587.727,0
587.833,0
587.939,0
588.046,0
588.152,0
588.259,4
588.365,13
588.471,0
588.578,0
588.684,3
588.791,0
588.897,10
589.003,27
589.11,4
589.216,0
589.323,8
589.429,7
589.535,0
589.642,0
589.748,0
589.855,11
589.961,7
590.067,0
590.174,8
590.28,14
590.387,0
590.493,4
590.599,13
590.706,0
590.812,0
590.918,0
591.025,0
591.131,12
591.238,14
591.344,0
591.45,0
591.557,0
591.663,0
591.77,8
591.876,0
591.982,0
592.089,10
592.195,5
592.302,0
592.408,0
592.514,17
592.621,2
592.727,28
592.834,1
592.94,0
593.046,0
593.153,11
593.259,0
593.365,0
593.472,0
593.578,0
593.685,24
593.791,0
593.897,0
594.004,0
594.11,0
594.217,4
594.323,10
594.429,0
594.536,15
594.642,0
594.748,0
594.855,0
594.961,0
595.068,0
595.174,0
595.28,13
595.387,0
595.493,0
595.6,2
595.706,22
595.812,4
595.919,0
596.025,0
596.131,0
596.238,3
596.344,0
596.451,0
596.557,10
596.663,17
596.77,0
596.876,8
596.982,1
597.089,0
597.195,0
597.302,0
597.408,0
597.514,0
597.621,18
597.727,0
597.833,18
597.94,0
598.046,0
598.153,0
598.259,7
598.365,6
598.472,0
598.578,30
598.685,21
598.791,0
598.897,7
599.004,5
599.11,14
599.216,4
599.323,10
599.429,2
599.535,0
599.642,0
599.748,0
599.855,0
599.961,25
600.067,0
600.174,23
600.28,13
600.386,3
600.493,2
600.599,0
600.706,19
600.812,8
600.918,9
601.025,8
601.131,7
601.237,6
601.344,0
601.45,0
601.557,0
601.663,0
601.769,5
601.876,7
601.982,0
602.088,0
602.195,0
602.301,0
602.407,0
602.514,0
602.62,6
602.727,0
602.833,0
602.939,0
603.046,4
603.152,3
603.258,32
603.365,0
603.471,0
603.577,28
603.684,32
603.79,16
603.897,1
604.003,5
604.109,0
604.216,8
604.322,14
604.428,29
604.535,65
604.641,24
604.747,14
604.854,14
604.96,0
605.067,0
605.173,2
605.279,0
605.386,0
605.492,0
605.598,16
605.705,0
605.811,0
605.917,0
606.024,10
606.13,6
606.236,13
606.343,5
606.449,0
606.556,0
606.662,7
606.768,3
606.875,6
606.981,28
607.087,0
607.194,5
607.3,8
607.406,0
607.513,0
607.619,0
607.725,0
607.832,0
607.938,11
608.045,0
608.151,0
608.257,0
608.364,20
608.47,0
608.576,4
608.683,11
608.789,3
608.895,38
609.002,6
609.108,11
609.214,20
609.321,0
609.427,0
609.533,14
609.64,1
609.746,3
609.852,0
609.959,2
610.065,2
610.172,0
610.278,0
610.384,2
610.491,17
610.597,3
610.703,1
610.81,0
610.916,0
611.022,0
611.129,6
611.235,0
611.341,4
611.448,21
611.554,21
611.66,16
611.767,18
611.873,20
611.979,0
612.086,3
612.192,25
612.298,0
612.405,0
612.511,0
612.617,0
612.724,0
612.83,7
612.936,11
613.043,0
613.149,0
613.255,0
613.362,0
613.468,11
613.575,0
613.681,13
613.787,0
613.894,0
614,5
614.106,15
614.213,0
614.319,0
614.425,7
614.532,27
614.638,30
614.744,0
614.851,0
614.957,50
615.063,0
615.17,11
615.276,0
615.382,12
615.489,2
615.595,23
615.701,0
615.808,0
615.914,14
616.02,0
616.127,0
616.233,7
616.339,12
616.446,0
616.552,0
616.658,13
616.765,18
616.871,5
616.977,4
617.084,0
617.19,9
617.296,34
617.403,0
617.509,0
617.615,0
617.722,0
617.828,0
617.934,4
618.041,9
618.147,0
618.253,0
618.36,9
618.466,0
618.572,7
618.679,29
618.785,27
618.891,5
618.998,0
619.104,0
619.21,2
619.316,23
619.423,1
619.529,0
619.635,0
619.742,13
619.848,0
619.954,0
620.061,0
620.167,0
620.273,0
620.38,1
620.486,0
620.592,18
620.699,68
620.805,95
620.911,67
621.018,16
621.124,0
621.23,28
621.337,3
621.443,0
621.549,0
621.656,35
621.762,51
621.868,46
621.975,6
622.081,4
622.187,0
622.294,0
622.4,0
622.506,0
622.612,10
622.719,0
622.825,0
622.931,22
623.038,15
623.144,0
623.25,3
623.357,0
623.463,3
623.569,0
623.676,0
623.782,20
623.888,22
623.995,0
624.101,0
624.207,3
624.314,0
624.42,0
624.526,0
624.632,0
624.739,0
624.845,7
624.951,0
625.058,0
625.164,12
625.27,0
625.377,0
625.483,0
625.589,23
625.696,6
625.802,0
625.908,0
626.015,25
626.121,0
626.227,1
626.333,30
626.44,14
626.546,25
626.652,0
626.759,1
626.865,6
626.971,3
627.078,0
627.184,0
627.29,0
627.397,13
627.503,0
627.609,0
627.715,0
627.822,0
627.928,21
628.034,20
628.141,0
628.247,8
628.353,12
628.46,0
628.566,2
628.672,0
628.778,0
628.885,0
628.991,0
629.097,11
629.204,0
629.31,0
629.416,0
629.523,25
629.629,6
629.735,0
629.841,5
629.948,0
630.054,16
630.16,0
630.267,0
630.373,0
630.479,13
630.586,0
630.692,0
630.798,0
630.904,1
631.011,0
631.117,14
631.223,0
631.33,25
631.436,11
631.542,0
631.649,20
631.755,24
631.861,21
631.967,24
632.074,17
632.18,0
632.286,0
632.393,22
632.499,0
632.605,0
632.711,2
632.818,22
632.924,0
633.03,7
633.137,10
633.243,0
633.349,17
633.456,14
633.562,0
633.668,0
633.774,13
633.881,2
633.987,0
634.093,0
634.2,24
634.306,0
634.412,6
634.518,8
634.625,4
634.731,6
634.837,1
634.944,4
635.05,1
635.156,4
635.262,0
635.369,0
635.475,8
635.581,8
635.688,6
635.794,0
635.9,0
636.006,0
636.113,0
636.219,19
636.325,30
636.432,4
636.538,0
636.644,0
636.75,0
636.857,2
636.963,34
637.069,30
637.176,0
637.282,14
637.388,4
637.494,0
637.601,8
637.707,29
637.813,30
637.92,0
638.026,36
638.132,16
638.238,0
638.345,0
638.451,1
638.557,14
638.663,0
638.77,0
638.876,25
638.982,24
639.089,0
639.195,1
639.301,10
639.407,0
639.514,1
639.62,14
639.726,9
639.833,0
639.939,20
640.045,7
640.151,0
640.258,0
640.364,20
640.47,4
640.576,0
640.683,6
640.789,0
640.895,0
641.002,22
641.108,10
641.214,15
641.32,19
641.427,19
641.533,0
641.639,30
641.745,3
641.852,0
641.958,0
642.064,0
642.171,14
642.277,10
642.383,14
642.489,0
642.596,0
642.702,12
642.808,0
642.914,0
643.021,8
643.127,0
643.233,0
643.339,0
643.446,0
643.552,6
643.658,11
643.765,0
643.871,15
643.977,0
644.083,0
644.19,20
644.296,24
644.402,11
644.508,10
644.615,0
644.721,4
644.827,0
644.933,0
645.04,1
645.146,16
645.252,33
645.358,0
645.465,6
645.571,38
645.677,0
645.784,2
645.89,14
645.996,2
646.102,58
646.209,23
646.315,8
646.421,19
646.527,8
646.634,0
646.74,0
646.846,42
646.952,30
647.059,20
647.165,0
647.271,2
647.377,41
647.484,13
647.59,0
647.696,0
647.802,6
647.909,2
648.015,0
648.121,12
648.227,22
648.334,16
648.44,0
648.546,0
648.652,30
648.759,0
648.865,3
648.971,11
649.077,0
649.184,3
649.29,23
649.396,7
649.502,18
649.609,20
649.715,10
649.821,7
649.927,8
650.034,6
650.14,14
650.246,52
650.352,24
650.459,0
650.565,0
650.671,0
650.777,9
650.884,21
650.99,8
651.096,0
651.202,0
651.309,0
651.415,8
651.521,31
651.627,144
651.734,142
651.84,122
651.946,60
652.052,0
652.159,0
652.265,11
652.371,0
652.477,0
652.584,0
652.69,0
652.796,12
652.902,11
653.009,4
653.115,0
653.221,0
653.327,16
653.434,0
653.54,6
653.646,1
653.752,12
653.858,0
653.965,17
654.071,0
654.177,0
654.283,1
654.39,7
654.496,2
654.602,11
654.708,0
654.815,6
654.921,0
655.027,4
655.133,0
655.24,0
655.346,2
655.452,0
655.558,0
655.665,30
655.771,57
655.877,53
655.983,33
656.089,33
656.196,14
656.302,12
656.408,18
656.514,0
656.621,0
656.727,4
656.833,0
656.939,0
657.046,0
657.152,13
657.258,0
657.364,0
657.47,45
657.577,92
657.683,51
657.789,34
657.895,8
658.002,19
658.108,0
658.214,0
658.32,0
658.427,0
658.533,7
658.639,62
658.745,14
658.851,5
658.958,0
659.064,4
659.17,45
659.276,38
659.383,24
659.489,0
659.595,51
659.701,82
659.807,43
659.914,27
660.02,0
660.126,0
660.232,102
660.339,128
660.445,81
660.551,57
660.657,0
660.763,0
660.87,21
660.976,32
661.082,0
661.188,0
661.295,9
661.401,0
661.507,14
661.613,11
661.719,9
661.826,14
661.932,15
662.038,0
662.144,31
662.251,14
662.357,18
662.463,27
662.569,0
662.675,1
662.782,5
662.888,0
662.994,0
663.1,7
663.206,14
663.313,0
663.419,0
663.525,21
663.631,0
663.738,14
663.844,0
663.95,62
664.056,174
664.162,109
664.269,34
664.375,0
664.481,14
664.587,0
664.693,0
664.8,12
664.906,5
665.012,0
665.118,12
665.225,43
665.331,24
665.437,30
665.543,9
665.649,12
665.756,58
665.862,30
665.968,0
666.074,8
666.18,0
666.287,14
666.393,2
666.499,0
666.605,6
666.711,38
666.818,29
666.924,112
667.03,60
667.136,17
667.242,0
667.349,7
667.455,0
667.561,14
667.667,0
667.773,0
667.88,0
667.986,0
668.092,35
668.198,27
668.304,74
668.411,169
668.517,233
668.623,153
668.729,78
668.835,0
668.942,0
669.048,0
669.154,0
669.26,11
669.366,14
669.473,0
669.579,0
669.685,37
669.791,31
669.897,52
670.004,50
670.11,36
670.216,0
670.322,0
670.428,58
670.535,0
670.641,0
670.747,0
670.853,23
670.959,0
671.066,7
671.172,20
671.278,0
671.384,6
671.49,11
671.597,0
671.703,0
671.809,0
671.915,0
672.021,0
672.128,23
672.234,16
672.34,0
672.446,17
672.552,13
672.658,5
672.765,20
672.871,22
672.977,26
673.083,29
673.189,5
673.296,23
673.402,28
673.508,12
673.614,0
673.72,23
673.827,4
673.933,3
674.039,9
674.145,14
674.251,18
674.357,0
674.464,0
674.57,24
674.676,0
674.782,0
674.888,0
674.995,0
675.101,36
675.207,34
675.313,17
675.419,9
675.526,0
675.632,0
675.738,0
675.844,5
675.95,9
676.056,0
676.163,0
676.269,9
676.375,0
676.481,1
676.587,0
676.693,12
676.8,2
676.906,11
677.012,14
677.118,0
677.224,2
677.331,7
677.437,0
677.543,18
677.649,4
677.755,15
677.861,53
677.968,30
678.074,27
678.18,0
678.286,0
678.392,45
678.498,0
678.605,0
678.711,60
678.817,54
678.923,29
679.029,0
679.136,0
679.242,21
679.348,0
679.454,0
679.56,1
679.666,18
679.773,4
679.879,9
679.985,0
680.091,0
680.197,9
680.303,0
680.41,0
680.516,33
680.622,0
680.728,0
680.834,0
680.94,7
681.047,1
681.153,0
681.259,28
681.365,17
681.471,4
681.577,7
681.684,3
681.79,0
681.896,10
682.002,15
682.108,18
682.214,0
682.321,1
682.427,14
682.533,0
682.639,3
682.745,0
682.851,12
682.958,12
683.064,20
683.17,8
683.276,14
683.382,4
683.488,5
683.595,17
683.701,21
683.807,0
683.913,0
684.019,0
684.125,0
684.231,17
684.338,6
684.444,0
684.55,0
684.656,0
684.762,0
684.868,23
684.975,0
685.081,0
685.187,14
685.293,14
685.399,2
685.505,60
685.611,50
685.718,0
685.824,12
685.93,26
686.036,9
686.142,15
686.248,30
686.355,15
686.461,0
686.567,19
686.673,7
686.779,0
686.885,10
686.991,0
687.098,0
687.204,7
687.31,0
687.416,0
687.522,12
687.628,21
687.735,6
687.841,12
687.947,11
688.053,5
688.159,0
688.265,15
688.371,0
688.478,3
688.584,11
688.69,4
688.796,26
688.902,13
689.008,18
689.114,0
689.221,0
689.327,42
689.433,28
689.539,8
689.645,0
689.751,0
689.857,24
689.964,5
690.07,21
690.176,0
690.282,0
690.388,0
690.494,0
690.6,6
690.707,0
690.813,11
690.919,0
691.025,5
691.131,31
691.237,153
691.343,97
691.45,24
691.556,12
691.662,0
691.768,0
691.874,0
691.98,23
692.086,0
692.193,0
692.299,17
692.405,50
692.511,15
692.617,0
692.723,0
692.829,10
692.935,0
693.042,0
693.148,38
693.254,2
693.36,0
693.466,24
693.572,0
693.678,0
693.785,28
693.891,0
693.997,0
694.103,19
694.209,7
694.315,15
694.421,12
694.527,20
694.634,14
694.74,3
694.846,0
694.952,0
695.058,0
695.164,0
695.27,0
695.376,6
695.483,0
695.589,0
695.695,0
695.801,8
695.907,12
696.013,13
696.119,0
696.225,12
696.332,24
696.438,0
696.544,0
696.65,0
696.756,0
696.862,0
696.968,0
697.074,11
697.181,8
697.287,5
697.393,8
697.499,0
697.605,7
697.711,15
697.817,0
697.923,0
698.03,17
698.136,0
698.242,33
698.348,9
698.454,0
698.56,0
698.666,32
698.772,7
698.879,12
698.985,11
699.091,12
699.197,14
699.303,13
699.409,0
699.515,0
