59.6745,2
59.7814,16
59.8883,11
59.9952,18
60.1021,0
60.209,0
60.3159,8
60.4228,2
60.5296,0
60.6365,0
60.7434,4
60.8503,0
60.9572,7
61.0641,0
61.171,3
61.2779,29
61.3848,0
61.4917,0
61.5986,1
61.7055,24
61.8124,0
61.9193,12
62.0261,9
62.133,0
62.2399,20
62.3468,16
62.4537,7
62.5606,20
62.6675,0
62.7744,0
62.8813,14
62.9882,4
63.0951,7
63.202,5
63.3089,7
63.4158,0
63.5226,12
63.6295,0
63.7364,2
63.8433,21
63.9502,0
64.0571,0
64.164,9
64.2709,6
64.3778,2
64.4847,7
64.5916,2
64.6985,15
64.8054,34
64.9123,0
65.0192,0
65.1261,6
65.2329,0
65.3398,0
65.4467,0
65.5536,0
65.6605,0
65.7674,0
65.8743,0
65.9812,0
66.0881,0
66.195,0
66.3019,0
66.4088,0
66.5157,6
66.6226,14
66.7295,36
66.8364,0
66.9433,0
67.0502,27
67.157,13
67.2639,0
67.3708,10
67.4777,10
67.5846,3
67.6915,0
67.7984,13
67.9053,19
68.0122,5
68.1191,22
68.226,29
68.3329,2
68.4398,38
68.5467,1
68.6536,8
68.7605,26
68.8674,2
68.9743,14
69.0812,7
69.1881,0
69.295,16
69.4018,7
69.5087,18
69.6156,0
69.7225,24
69.8294,34
69.9363,2
70.0432,0
70.1501,4
70.257,0
70.3639,0
70.4708,0
70.5777,35
70.6846,9
70.7915,0
70.8984,0
71.0053,0
71.1122,0
71.2191,0
71.326,0
71.4329,14
71.5398,9
71.6467,22
71.7536,12
71.8605,4
71.9674,17
72.0742,0
72.1811,0
72.288,0
72.3949,15
72.5018,26
72.6087,0
72.7156,22
72.8225,11
72.9294,0
73.0363,0
73.1432,17
73.2501,4
73.357,0
73.4639,0
73.5708,15
73.6777,23
73.7846,0
73.8915,0
73.9984,19
74.1053,18
74.2122,18
74.3191,0
74.426,19
74.5329,28
74.6398,6
74.7467,8
74.8536,9
74.9605,0
75.0674,0
75.1743,34
75.2812,0
75.3881,0
75.495,23
75.6019,9
75.7088,31
75.8157,22
75.9225,8
76.0294,7
76.1363,0
76.2432,26
76.3501,0
76.457,0
76.5639,16
76.6708,0
76.7777,1
76.8846,0
76.9915,0
77.0984,0
77.2053,12
77.3122,0
77.4191,2
77.526,0
77.6329,11
77.7398,40
77.8467,23
77.9536,21
78.0605,2
78.1674,0
78.2743,26
78.3812,3
78.4881,0
78.595,0
78.7019,6
78.8088,28
78.9157,0
79.0226,8
79.1295,9
79.2364,0
79.3433,22
79.4502,12
79.5571,0
79.664,0
79.7709,0
79.8778,0
79.9847,6
80.0916,9
80.1985,11
80.3054,0
80.4123,6
80.5192,0
80.6261,14
80.733,0
80.8399,0
80.9468,14
81.0537,0
81.1606,12
81.2675,33
81.3744,9
81.4813,0
81.5882,0
81.6951,4
81.802,0
81.9089,0
82.0158,0
82.1227,0
82.2296,9
82.3365,16
82.4434,14
82.5503,0
82.6572,0
82.7641,39
82.871,13
82.9779,0
83.0848,15
83.1917,0
83.2986,0
83.4055,2
83.5124,7
83.6193,19
83.7262,2
83.8331,27
83.94,21
84.0469,0
84.1538,0
84.2607,9
84.3676,18
84.4745,0
84.5814,0
84.6883,0
84.7952,0
84.9021,0
85.009,24
85.1159,0
85.2228,0
85.3297,7
85.4366,5
85.5435,0
85.6504,1
85.7573,26
85.8642,27
85.9711,13
86.078,0
86.1849,0
86.2918,23
86.3987,17
86.5056,0
86.6125,1
86.7194,4
86.8263,0
86.9332,0
87.0401,0
87.147,5
87.2539,12
87.3608,5
87.4677,8
87.5746,37
87.6815,0
87.7884,25
87.8953,12
88.0022,4
88.1091,9
88.216,12
88.3229,13
88.4298,0
88.5367,0
88.6436,7
88.7505,0
88.8574,17
88.9643,10
89.0712,19
89.1781,12
89.285,5
89.3919,7
89.4988,0
89.6057,12
89.7126,30
89.8195,10
89.9264,25
90.0334,7
90.1403,0
90.2472,19
90.3541,0
90.461,26
90.5679,13
90.6748,20
90.7817,0
90.8886,7
90.9955,9
91.1024,0
91.2093,19
91.3162,18
91.4231,0
91.53,15
91.6369,0
91.7438,0
91.8507,3
91.9576,23
92.0645,28
92.1714,0
92.2783,32
92.3852,21
92.4921,5
92.599,0
92.7059,22
92.8128,0
92.9197,0
93.0266,0
93.1335,0
93.2404,4
93.3473,15
93.4542,0
93.5611,6
93.668,0
93.7749,11
93.8818,39
93.9887,0
94.0956,0
94.2025,45
94.3095,2
94.4164,10
94.5233,0
94.6302,9
94.7371,0
94.844,0
94.9509,0
95.0578,4
95.1647,0
95.2716,8
95.3785,6
95.4854,0
95.5923,5
95.6992,6
95.8061,33
95.913,8
96.0199,0
96.1268,0
96.2337,32
96.3406,0
96.4475,0
96.5544,0
96.6613,10
96.7682,12
96.8751,5
96.982,17
97.0889,0
97.1958,0
97.3027,0
97.4097,0
97.5166,9
97.6235,0
97.7304,0
97.8373,10
97.9442,23
98.0511,0
98.158,0
98.2649,10
98.3718,7
98.4787,0
98.5856,0
98.6925,15
98.7994,31
98.9063,0
99.0132,37
99.1201,5
99.227,0
99.3339,0
99.4408,30
99.5477,7
99.6546,0
99.7615,0
99.8684,5
99.9753,0
100.082,0
100.189,13
100.296,0
100.403,0
100.51,24
100.617,10
100.724,16
100.831,0
100.937,41
101.044,0
101.151,0
101.258,0
101.365,0
101.472,13
101.579,0
101.686,20
101.793,4
101.9,25
102.007,7
102.113,17
102.22,6
102.327,0
102.434,0
102.541,0
102.648,45
102.755,34
102.862,3
102.969,0
103.076,20
103.182,17
103.289,30
103.396,13
103.503,0
103.61,25
103.717,24
103.824,0
103.931,0
104.038,0
104.145,40
104.252,9
104.358,0
104.465,0
104.572,0
104.679,0
104.786,2
104.893,9
105,0
105.107,0
105.214,14
105.321,4
105.427,12
105.534,6
105.641,15
105.748,13
105.855,0
105.962,24
106.069,0
106.176,19
106.283,2
106.39,10
106.497,3
106.603,0
106.71,0
106.817,15
106.924,23
107.031,0
107.138,0
107.245,10
107.352,0
107.459,0
107.566,10
107.673,4
107.779,2
107.886,21
107.993,0
108.1,0
108.207,6
108.314,0
108.421,0
108.528,13
108.635,40
108.742,12
108.848,0
108.955,7
109.062,8
109.169,0
109.276,0
109.383,7
109.49,12
109.597,12
109.704,0
109.811,0
109.918,6
110.024,0
110.131,0
110.238,22
110.345,9
110.452,0
110.559,0
110.666,0
110.773,10
110.88,34
110.987,19
111.094,28
111.2,0
111.307,0
111.414,26
111.521,0
111.628,2
111.735,25
111.842,7
111.949,0
112.056,17
112.163,23
112.269,8
112.376,16
112.483,24
112.59,3
112.697,0
112.804,0
112.911,0
113.018,9
113.125,0
113.232,0
113.339,22
113.445,32
113.552,0
113.659,0
113.766,0
113.873,12
113.98,0
114.087,0
114.194,7
114.301,12
114.408,0
114.515,0
114.621,0
114.728,0
114.835,32
114.942,1
115.049,12
115.156,0
115.263,0
115.37,11
115.477,50
115.584,16
115.69,15
115.797,0
115.904,0
116.011,0
116.118,13
116.225,0
116.332,21
116.439,0
116.546,0
116.653,15
116.76,0
116.866,1
116.973,6
117.08,1
117.187,0
117.294,0
117.401,0
117.508,7
117.615,0
117.722,0
117.829,17
117.936,0
118.042,0
118.149,0
118.256,10
118.363,3
118.47,6
118.577,16
118.684,4
118.791,11
118.898,0
119.005,0
119.112,29
119.218,26
119.325,0
119.432,8
119.539,16
119.646,0
119.753,2
119.86,5
119.967,16
120.074,0
120.181,41
120.287,26
120.394,21
120.501,30
120.608,23
120.715,0
120.822,14
120.929,0
121.036,0
121.143,6
121.25,0
121.357,17
121.463,18
121.57,1
121.677,0
121.784,0
121.891,13
121.998,6
122.105,0
122.212,0
122.319,9
122.426,0
122.533,0
122.639,0
122.746,0
122.853,0
122.96,22
123.067,0
123.174,0
123.281,9
123.388,7
123.495,12
123.602,10
123.709,15
123.815,0
123.922,0
124.029,42
124.136,36
124.243,0
124.35,0
124.457,0
124.564,12
124.671,0
124.778,0
124.885,20
124.991,17
125.098,0
125.205,8
125.312,18
125.419,0
125.526,11
125.633,36
125.74,0
125.847,0
125.954,19
126.061,10
126.167,0
126.274,0
126.381,14
126.488,6
126.595,0
126.702,6
126.809,8
126.916,14
127.023,0
127.13,0
127.236,0
127.343,13
127.45,0
127.557,0
127.664,12
127.771,25
127.878,0
127.985,10
128.092,20
128.199,0
128.306,24
128.412,0
128.519,21
128.626,16
128.733,0
128.84,0
128.947,5
129.054,0
129.161,0
129.268,10
129.375,13
129.482,2
129.588,6
129.695,26
129.802,3
129.909,0
130.016,12
130.123,23
130.23,6
130.337,4
130.444,7
130.551,16
130.658,4
130.764,2
130.871,0
130.978,0
131.085,0
131.192,1
131.299,23
131.406,18
131.513,0
131.62,0
131.727,26
131.834,4
131.94,2
132.047,7
132.154,4
132.261,7
132.368,13
132.475,2
132.582,2
132.689,15
132.796,24
132.903,3
133.01,12
133.116,16
133.223,4
133.33,0
133.437,0
133.544,0
133.651,0
133.758,0
133.865,13
133.972,12
134.079,29
134.186,0
134.292,0
134.399,38
134.506,0
134.613,0
134.72,32
134.827,33
134.934,5
135.041,8
135.148,0
135.255,10
135.362,11
135.468,11
135.575,9
135.682,27
135.789,0
135.896,0
136.003,37
136.11,6
136.217,0
136.324,15
136.431,11
136.538,0
136.644,0
136.751,7
136.858,10
136.965,6
137.072,0
137.179,13
137.286,0
137.393,4
137.5,36
137.607,19
137.714,2
137.82,8
137.927,15
138.034,20
138.141,9
138.248,5
138.355,20
138.462,3
138.569,3
138.676,4
138.783,0
138.89,9
138.996,12
139.103,30
139.21,11
139.317,0
139.424,17
139.531,12
139.638,33
139.745,29
139.852,0
139.959,0
140.065,0
140.172,22
140.279,11
140.386,0
140.493,21
140.6,2
140.707,21
140.814,6
140.921,31
141.028,1
141.135,0
141.241,3
141.348,30
141.455,0
141.562,2
141.669,0
141.776,0
141.883,14
141.99,5
142.097,5
142.204,16
142.311,0
142.417,0
142.524,0
142.631,0
142.738,5
142.845,1
142.952,3
143.059,0
143.166,0
143.273,4
143.38,8
143.487,2
143.593,0
143.7,24
143.807,0
143.914,3
144.021,29
144.128,2
144.235,5
144.342,0
144.449,8
144.556,0
144.663,15
144.769,6
144.876,0
144.983,0
145.09,6
145.197,2
145.304,0
145.411,25
145.518,15
145.625,0
145.732,0
145.839,24
145.945,6
146.052,5
146.159,21
146.266,11
146.373,0
146.48,16
146.587,0
146.694,0
146.801,10
146.908,0
147.015,14
147.121,0
147.228,0
147.335,5
147.442,4
147.549,0
147.656,0
147.763,0
147.87,13
147.977,4
148.084,21
148.191,4
148.297,0
148.404,13
148.511,23
148.618,0
148.725,8
148.832,0
148.939,6
149.046,0
149.153,21
149.26,0
149.367,2
149.473,8
149.58,13
149.687,9
149.794,21
149.901,4
150.008,0
150.115,11
150.222,0
150.329,0
150.436,0
150.543,4
150.649,0
150.756,1
150.863,14
150.97,0
151.077,20
151.184,21
151.291,12
151.398,14
151.505,6
151.612,1
151.719,27
151.825,0
151.932,6
152.039,7
152.146,0
152.253,21
152.36,8
152.467,0
152.574,0
152.681,0
152.788,0
152.894,0
153.001,19
153.108,17
153.215,2
153.322,5
153.429,44
153.536,0
153.643,7
153.75,0
153.857,22
153.964,15
154.07,39
154.177,0
154.284,0
154.391,20
154.498,39
154.605,0
154.712,3
154.819,18
154.926,22
155.033,19
155.14,2
155.246,10
155.353,11
155.46,0
155.567,13
155.674,1
155.781,12
155.888,0
155.995,3
156.102,43
156.209,4
156.316,7
156.422,0
156.529,0
156.636,0
156.743,27
156.85,20
156.957,11
157.064,29
157.171,0
157.278,8
157.385,20
157.492,11
157.598,0
157.705,33
157.812,16
157.919,0
158.026,0
158.133,0
158.24,0
158.347,0
158.454,3
158.561,16
158.668,15
158.774,4
158.881,25
158.988,18
159.095,0
159.202,0
159.309,0
159.416,0
159.523,0
159.63,11
159.737,13
159.844,12
159.95,0
160.057,0
160.164,0
160.271,9
160.378,0
160.485,4
160.592,0
160.699,0
160.806,0
160.913,4
161.019,11
161.126,2
161.233,0
161.34,3
161.447,8
161.554,13
161.661,9
161.768,13
161.875,0
161.982,15
162.089,45
162.195,2
162.302,19
162.409,26
162.516,5
162.623,0
162.73,0
162.837,21
162.944,0
163.051,0
163.158,14
163.265,18
163.371,9
163.478,11
163.585,16
163.692,0
163.799,13
163.906,3
164.013,0
164.12,23
164.227,38
164.334,2
164.441,14
164.547,0
164.654,24
164.761,0
164.868,10
164.975,10
165.082,6
165.189,8
165.296,0
165.403,21
165.51,12
165.616,0
165.723,0
165.83,14
165.937,30
166.044,17
166.151,6
166.258,12
166.365,5
166.472,8
166.579,0
166.686,0
166.792,25
166.899,7
167.006,0
167.113,3
167.22,0
167.327,0
167.434,25
167.541,20
167.648,0
167.755,0
167.862,12
167.968,23
168.075,0
168.182,2
168.289,0
168.396,6
168.503,8
168.61,0
168.717,4
168.824,27
168.931,19
169.037,4
169.144,0
169.251,0
169.358,10
169.465,0
169.572,4
169.679,1
169.786,47
169.893,19
170,13
170.107,5
170.213,0
170.32,17
170.427,27
170.534,0
170.641,0
170.748,0
170.855,19
170.962,0
171.069,11
171.176,0
171.283,0
171.389,2
171.496,0
171.603,0
171.71,10
171.817,4
171.924,0
172.031,8
172.138,30
172.245,0
172.352,0
172.458,0
172.565,1
172.672,0
172.779,2
172.886,0
172.993,19
173.1,11
173.207,3
173.314,14
173.421,16
173.528,0
173.634,0
173.741,14
173.848,10
173.955,27
174.062,12
174.169,32
174.276,11
174.383,0
174.49,0
174.597,0
174.704,13
174.81,0
174.917,0
175.024,2
175.131,25
175.238,2
175.345,0
175.452,5
175.559,0
175.666,10
175.773,0
175.879,14
175.986,4
176.093,0
176.2,21
176.307,10
176.414,0
176.521,20
176.628,8
176.735,5
176.842,7
176.949,0
177.055,0
177.162,18
177.269,0
177.376,0
177.483,24
177.59,50
177.697,0
177.804,3
177.911,3
178.018,19
178.124,11
178.231,32
178.338,7
178.445,11
178.552,6
178.659,0
178.766,4
178.873,17
178.98,0
179.087,16
179.194,0
179.3,0
179.407,0
179.514,0
179.621,0
179.728,15
179.835,7
179.942,0
180.049,3
180.156,12
180.263,3
180.369,0
180.476,7
180.583,10
180.69,0
180.797,0
180.904,0
181.011,21
181.118,12
181.225,0
181.332,0
181.439,13
181.545,0
181.652,8
181.759,3
181.866,1
181.973,17
182.08,27
182.187,17
182.294,0
182.401,0
182.508,4
182.614,6
182.721,0
182.828,13
182.935,33
183.042,19
183.149,11
183.256,0
183.363,0
183.47,0
183.577,0
183.683,19
183.79,12
183.897,0
184.004,10
184.111,0
184.218,0
184.325,16
184.432,0
184.539,10
184.646,23
184.753,0
184.859,0
184.966,9
185.073,14
185.18,0
185.287,14
185.394,2
185.501,21
185.608,20
185.715,5
185.822,6
185.928,0
186.035,32
186.142,30
186.249,0
186.356,0
186.463,9
186.57,4
186.677,5
186.784,0
186.891,0
186.997,0
187.104,0
187.211,0
187.318,0
187.425,0
187.532,16
187.639,0
187.746,12
187.853,15
187.96,0
188.067,0
188.173,34
188.28,13
188.387,3
188.494,0
188.601,0
188.708,0
188.815,0
188.922,0
189.029,0
189.136,6
189.242,0
189.349,16
189.456,7
189.563,12
189.67,15
189.777,0
189.884,0
189.991,30
190.098,58
190.205,36
190.311,5
190.418,5
190.525,7
190.632,6
190.739,6
190.846,0
190.953,36
191.06,24
191.167,7
191.274,3
191.38,0
191.487,5
191.594,35
191.701,0
191.808,0
191.915,0
192.022,14
192.129,19
192.236,0
192.343,0
192.45,0
192.556,3
192.663,10
192.77,0
192.877,0
192.984,26
193.091,0
193.198,0
193.305,0
193.412,0
193.519,30
193.625,4
193.732,3
193.839,0
193.946,26
194.053,14
194.16,12
194.267,0
194.374,15
194.481,8
194.588,0
194.694,0
194.801,7
194.908,0
195.015,0
195.122,8
195.229,23
195.336,0
195.443,0
195.55,9
195.657,27
195.763,0
195.87,0
195.977,12
196.084,13
196.191,0
196.298,0
196.405,0
196.512,0
196.619,0
196.726,16
196.832,16
196.939,5
197.046,22
197.153,0
197.26,0
197.367,9
197.474,14
197.581,0
197.688,0
197.795,0
197.901,0
198.008,0
198.115,0
198.222,0
198.329,13
198.436,17
198.543,3
198.65,0
198.757,0
198.864,41
198.97,62
199.077,9
199.184,0
199.291,0
199.398,12
199.505,0
199.612,0
199.719,0
199.826,0
199.933,1
200.039,0
200.146,0
200.253,5
200.36,0
200.467,0
200.574,17
200.681,6
200.788,0
200.895,0
201.002,9
201.108,38
201.215,19
201.322,4
201.429,4
201.536,9
201.643,31
201.75,2
201.857,16
201.964,12
202.071,0
202.177,0
202.284,0
202.391,0
202.498,0
202.605,0
202.712,0
202.819,26
202.926,19
203.033,25
203.14,0
203.246,2
203.353,14
203.46,0
203.567,0
203.674,24
203.781,0
203.888,0
203.995,0
204.102,0
204.208,0
204.315,13
204.422,0
204.529,5
204.636,10
204.743,35
204.85,11
204.957,0
205.064,25
205.171,32
205.277,2
205.384,0
205.491,0
205.598,0
205.705,13
205.812,0
205.919,0
206.026,13
206.133,24
206.24,0
206.346,2
206.453,3
206.56,0
206.667,0
206.774,9
206.881,0
206.988,22
207.095,0
207.202,0
207.309,5
207.415,18
207.522,18
207.629,2
207.736,0
207.843,32
207.95,4
208.057,1
208.164,9
208.271,0
208.377,10
208.484,9
208.591,17
208.698,0
208.805,0
208.912,5
209.019,0
209.126,0
209.233,30
209.34,0
209.446,0
209.553,26
209.66,20
209.767,0
209.874,0
209.981,16
210.088,41
210.195,23
210.302,2
210.409,0
210.515,4
210.622,11
210.729,0
210.836,0
210.943,5
211.05,26
211.157,11
211.264,7
211.371,0
211.477,23
211.584,17
211.691,13
211.798,0
211.905,34
212.012,12
212.119,8
212.226,12
212.333,9
212.44,0
212.546,22
212.653,25
212.76,22
212.867,0
212.974,15
213.081,0
213.188,0
213.295,0
213.402,20
213.508,8
213.615,0
213.722,13
213.829,2
213.936,0
214.043,14
214.15,18
214.257,0
214.364,2
214.471,0
214.577,6
214.684,5
214.791,2
214.898,0
215.005,3
215.112,15
215.219,15
215.326,11
215.433,0
215.539,0
215.646,11
215.753,0
215.86,0
215.967,6
216.074,18
216.181,2
216.288,45
216.395,0
216.502,0
216.608,0
216.715,4
216.822,8
216.929,12
217.036,0
217.143,0
217.25,0
217.357,1
217.464,0
217.57,15
217.677,10
217.784,0
217.891,0
217.998,0
218.105,8
218.212,0
218.319,25
218.426,4
218.532,1
218.639,3
218.746,8
218.853,0
218.96,7
219.067,11
219.174,3
219.281,29
219.388,0
219.495,0
219.601,16
219.708,18
219.815,0
219.922,0
220.029,2
220.136,0
220.243,12
220.35,19
220.457,19
220.563,2
220.67,9
220.777,26
220.884,0
220.991,0
221.098,19
221.205,18
221.312,0
221.419,0
221.525,52
221.632,0
221.739,0
221.846,22
221.953,0
222.06,0
222.167,0
222.274,8
222.381,0
222.488,0
222.594,0
222.701,0
222.808,47
222.915,11
223.022,29
223.129,25
223.236,33
223.343,18
223.45,27
223.556,0
223.663,0
223.77,12
223.877,0
223.984,0
224.091,11
224.198,0
224.305,6
224.412,25
224.518,21
224.625,0
224.732,0
224.839,2
224.946,20
225.053,0
225.16,0
225.267,8
225.374,3
225.48,0
225.587,5
225.694,1
225.801,0
225.908,5
226.015,0
226.122,7
226.229,0
226.336,0
226.442,9
226.549,0
226.656,0
226.763,0
226.87,0
226.977,24
227.084,0
227.191,27
227.298,38
227.404,3
227.511,0
227.618,0
227.725,12
227.832,11
227.939,0
228.046,0
228.153,0
228.26,0
228.366,3
228.473,7
228.58,4
228.687,4
228.794,0
228.901,0
229.008,18
229.115,14
229.222,1
229.328,7
229.435,0
229.542,13
229.649,0
229.756,10
229.863,0
229.97,22
230.077,2
230.184,10
230.29,0
230.397,0
230.504,44
230.611,23
230.718,0
230.825,0
230.932,48
231.039,29
231.146,0
231.252,0
231.359,22
231.466,19
231.573,0
231.68,20
231.787,10
231.894,0
232.001,21
232.108,25
232.214,0
232.321,8
232.428,9
232.535,26
232.642,25
232.749,0
232.856,0
232.963,11
233.07,6
233.176,16
233.283,34
233.39,0
233.497,18
233.604,0
233.711,33
233.818,22
233.925,0
234.031,19
234.138,12
234.245,10
234.352,0
234.459,14
234.566,0
234.673,20
234.78,27
234.887,0
234.993,0
235.1,0
235.207,0
235.314,8
235.421,3
235.528,0
235.635,16
235.742,6
235.849,0
235.955,6
236.062,33
236.169,24
236.276,0
236.383,0
236.49,30
236.597,0
236.704,0
236.81,0
236.917,0
237.024,4
237.131,3
237.238,10
237.345,0
237.452,0
237.559,0
237.666,3
237.772,0
237.879,13
237.986,61
238.093,24
238.2,8
238.307,32
238.414,0
238.521,14
238.628,8
238.734,18
238.841,26
238.948,0
239.055,0
239.162,25
239.269,25
239.376,0
239.483,25
239.589,0
239.696,37
239.803,24
239.91,0
240.017,2
240.124,0
240.231,18
240.338,0
240.445,30
240.551,14
240.658,17
240.765,0
240.872,11
240.979,0
241.086,11
241.193,7
241.3,0
241.406,0
241.513,0
241.62,29
241.727,5
241.834,0
241.941,11
242.048,14
242.155,12
242.262,10
242.368,2
242.475,3
242.582,0
242.689,5
242.796,0
242.903,0
243.01,0
243.117,30
243.223,0
243.33,11
243.437,15
243.544,4
243.651,0
243.758,24
243.865,0
243.972,0
244.079,9
244.185,1
244.292,10
244.399,0
244.506,0
244.613,11
244.72,0
244.827,9
244.934,0
245.04,0
245.147,0
245.254,19
245.361,1
245.468,41
245.575,3
245.682,0
245.789,0
245.896,0
246.002,0
246.109,3
246.216,0
246.323,0
246.43,0
246.537,6
246.644,0
246.751,28
246.857,0
246.964,0
247.071,24
247.178,12
247.285,0
247.392,54
247.499,64
247.606,6
247.712,0
247.819,5
247.926,11
248.033,61
248.14,42
248.247,22
248.354,5
248.461,12
248.567,0
248.674,0
248.781,13
248.888,0
248.995,0
249.102,6
249.209,15
249.316,0
249.423,0
249.529,6
249.636,18
249.743,0
249.85,0
249.957,4
250.064,17
250.171,3
250.278,3
250.384,0
250.491,19
250.598,5
250.705,3
250.812,0
250.919,0
251.026,21
251.133,27
251.239,0
251.346,22
251.453,7
251.56,0
251.667,21
251.774,5
251.881,18
251.988,11
252.094,0
252.201,0
252.308,74
252.415,15
252.522,0
252.629,0
252.736,12
252.843,5
252.949,11
253.056,0
253.163,18
253.27,1
253.377,0
253.484,0
253.591,21
253.698,5
253.804,0
253.911,0
254.018,0
254.125,9
254.232,0
254.339,0
254.446,0
254.553,0
254.659,14
254.766,23
254.873,9
254.98,1
255.087,0
255.194,19
255.301,3
255.408,12
255.514,0
255.621,3
255.728,0
255.835,0
255.942,8
256.049,36
256.156,0
256.263,0
256.369,17
256.476,0
256.583,32
256.69,0
256.797,0
256.904,0
257.011,0
257.118,0
257.224,0
257.331,0
257.438,0
257.545,0
257.652,4
257.759,30
257.866,0
257.973,0
258.079,15
258.186,0
258.293,12
258.4,0
258.507,8
258.614,0
258.721,0
258.828,10
258.934,0
259.041,14
259.148,0
259.255,0
259.362,26
259.469,0
259.576,0
259.683,0
259.789,0
259.896,6
260.003,12
260.11,17
260.217,11
260.324,30
260.431,0
260.537,0
260.644,0
260.751,18
260.858,0
260.965,0
261.072,0
261.179,0
261.286,0
261.392,6
261.499,30
261.606,9
261.713,0
261.82,0
261.927,2
262.034,0
262.141,0
262.247,0
262.354,12
262.461,12
262.568,6
262.675,0
262.782,0
262.889,0
262.996,23
263.102,27
263.209,0
263.316,0
263.423,0
263.53,24
263.637,0
263.744,0
263.85,0
263.957,0
264.064,6
264.171,2
264.278,0
264.385,0
264.492,15
264.599,31
264.705,0
264.812,15
264.919,2
265.026,3
265.133,6
265.24,16
265.347,8
265.454,7
265.56,0
265.667,0
265.774,0
265.881,19
265.988,0
266.095,0
266.202,7
266.308,22
266.415,2
266.522,0
266.629,6
266.736,18
266.843,0
266.95,0
267.057,0
267.163,0
267.27,0
267.377,0
267.484,17
267.591,0
267.698,14
267.805,17
267.911,4
268.018,0
268.125,0
268.232,12
268.339,0
268.446,0
268.553,0
268.66,0
268.766,0
268.873,12
268.98,31
269.087,7
269.194,0
269.301,0
269.408,9
269.514,19
269.621,0
269.728,0
269.835,0
269.942,10
270.049,0
270.156,0
270.263,2
270.369,11
270.476,0
270.583,4
270.69,4
270.797,21
270.904,3
271.011,0
271.117,2
271.224,0
271.331,0
271.438,7
271.545,18
271.652,17
271.759,6
271.866,0
271.972,11
272.079,0
272.186,0
272.293,0
272.4,0
272.507,0
272.614,36
272.72,5
272.827,13
272.934,1
273.041,1
273.148,25
273.255,16
273.362,16
273.468,0
273.575,2
273.682,10
273.789,27
273.896,0
274.003,0
274.11,0
274.217,0
274.323,0
274.43,29
274.537,17
274.644,0
274.751,0
274.858,0
274.965,6
275.071,0
275.178,0
275.285,0
275.392,0
275.499,0
275.606,20
275.713,5
275.819,14
275.926,58
276.033,34
276.14,32
276.247,0
276.354,24
276.461,0
276.567,2
276.674,9
276.781,0
276.888,30
276.995,15
277.102,0
277.209,3
277.315,9
277.422,6
277.529,0
277.636,14
277.743,0
277.85,0
277.957,22
278.064,0
278.17,5
278.277,0
278.384,16
278.491,10
278.598,0
278.705,0
278.812,0
278.918,23
279.025,0
279.132,0
279.239,21
279.346,0
279.453,15
279.56,10
279.666,0
279.773,1
279.88,15
279.987,3
280.094,0
280.201,0
280.308,0
280.414,26
280.521,7
280.628,0
280.735,2
280.842,26
280.949,0
281.056,14
281.162,15
281.269,8
281.376,0
281.483,0
281.59,0
281.697,0
281.804,0
281.91,0
282.017,34
282.124,9
282.231,0
282.338,19
282.445,0
282.552,0
282.658,6
282.765,0
282.872,7
282.979,4
283.086,16
283.193,7
283.3,0
283.406,13
283.513,0
283.62,18
283.727,0
283.834,0
283.941,17
284.048,19
284.154,0
284.261,0
284.368,23
284.475,34
284.582,20
284.689,0
284.796,0
284.902,21
285.009,0
285.116,22
285.223,10
285.33,0
285.437,5
285.544,8
285.65,0
285.757,0
285.864,0
285.971,11
286.078,10
286.185,41
286.292,0
286.398,0
286.505,0
286.612,0
286.719,3
286.826,0
286.933,0
287.039,0
287.146,17
287.253,0
287.36,0
287.467,21
287.574,18
287.681,0
287.787,2
287.894,0
288.001,11
288.108,0
288.215,0
288.322,14
288.429,11
288.535,0
288.642,0
288.749,14
288.856,0
288.963,0
289.07,21
289.177,4
289.283,5
289.39,0
289.497,0
289.604,25
289.711,7
289.818,0
289.924,0
290.031,14
290.138,25
290.245,9
290.352,14
290.459,22
290.566,17
290.672,0
290.779,23
290.886,3
290.993,12
291.1,0
291.207,3
291.314,14
291.42,5
291.527,0
291.634,11
291.741,0
291.848,0
291.955,0
292.062,5
292.168,0
292.275,8
292.382,0
292.489,24
292.596,0
292.703,0
292.809,5
292.916,13
293.023,0
293.13,0
293.237,6
293.344,0
293.451,0
293.557,0
293.664,30
293.771,3
293.878,4
293.985,0
294.092,0
294.198,3
294.305,19
294.412,1
294.519,3
294.626,0
294.733,0
294.84,0
294.946,0
295.053,11
295.16,33
295.267,9
295.374,6
295.481,0
295.588,3
295.694,0
295.801,6
295.908,13
296.015,0
296.122,28
296.229,0
296.335,20
296.442,0
296.549,0
296.656,33
296.763,15
296.87,0
296.977,2
297.083,16
297.19,0
297.297,15
297.404,2
297.511,0
297.618,21
297.724,0
297.831,0
297.938,0
298.045,1
298.152,0
298.259,10
298.365,0
298.472,0
298.579,10
298.686,20
298.793,0
298.9,30
299.007,3
299.113,4
299.22,25
299.327,0
299.434,7
299.541,41
299.648,0
299.754,0
299.861,4
299.968,0
300.075,16
300.182,10
300.289,0
300.396,0
300.502,21
300.609,6
300.716,22
300.823,30
300.93,0
301.037,19
301.143,0
301.25,0
301.357,10
301.464,0
301.571,17
301.678,0
301.784,0
301.891,7
301.998,8
302.105,0
302.212,36
302.319,20
302.426,22
302.532,0
302.639,0
302.746,26
302.853,7
302.96,0
303.067,26
303.173,0
303.28,1
303.387,0
303.494,0
303.601,0
303.708,7
303.814,0
303.921,7
304.028,0
304.135,2
304.242,1
304.349,0
304.456,0
304.562,7
304.669,0
304.776,11
304.883,23
304.99,0
305.097,0
305.203,0
305.31,0
305.417,0
305.524,0
305.631,0
305.738,8
305.844,7
305.951,0
306.058,0
306.165,0
306.272,19
306.379,1
306.485,0
306.592,0
306.699,16
306.806,17
306.913,0
307.02,6
307.126,2
307.233,9
307.34,0
307.447,3
307.554,21
307.661,0
307.767,0
307.874,14
307.981,4
308.088,0
308.195,0
308.302,15
308.409,7
308.515,0
308.622,21
308.729,3
308.836,13
308.943,0
309.05,5
309.156,0
309.263,8
309.37,19
309.477,0
309.584,4
309.691,0
309.797,0
309.904,19
310.011,32
310.118,0
310.225,15
310.332,11
310.438,0
310.545,0
310.652,7
310.759,0
310.866,4
310.973,0
311.079,0
311.186,8
311.293,13
311.4,4
311.507,9
311.614,22
311.72,8
311.827,1
311.934,0
312.041,6
312.148,10
312.255,6
312.361,10
312.468,0
312.575,0
312.682,13
312.789,12
312.896,0
313.002,0
313.109,41
313.216,0
313.323,2
313.43,4
313.537,0
313.643,21
313.75,3
313.857,0
313.964,0
314.071,5
314.178,0
314.284,6
314.391,0
314.498,17
314.605,20
314.712,0
314.819,0
314.925,0
315.032,20
315.139,16
315.246,15
315.353,0
315.46,0
315.566,0
315.673,0
315.78,4
315.887,15
315.994,8
316.1,1
316.207,0
316.314,0
316.421,32
316.528,15
316.635,11
316.741,0
316.848,0
316.955,21
317.062,14
317.169,0
317.276,0
317.382,12
317.489,22
317.596,0
317.703,0
317.81,0
317.917,6
318.023,13
318.13,0
318.237,0
318.344,2
318.451,18
318.558,0
318.664,16
318.771,12
318.878,0
318.985,0
319.092,0
319.199,32
319.305,0
319.412,0
319.519,1
319.626,11
319.733,6
319.839,10
319.946,1
320.053,0
320.16,0
320.267,0
320.374,0
320.48,0
320.587,5
320.694,8
320.801,0
320.908,17
321.015,22
321.121,0
321.228,11
321.335,5
321.442,24
321.549,31
321.655,38
321.762,0
321.869,8
321.976,14
322.083,0
322.19,2
322.296,0
322.403,9
322.51,0
322.617,6
322.724,9
322.831,0
322.937,27
323.044,13
323.151,0
323.258,18
323.365,11
323.472,5
323.578,0
323.685,0
323.792,0
323.899,15
324.006,0
324.112,0
324.219,0
324.326,22
324.433,0
324.54,0
324.647,0
324.753,14
324.86,0
324.967,0
325.074,0
325.181,9
325.287,0
325.394,21
325.501,0
325.608,0
325.715,17
325.822,16
325.928,9
326.035,0
326.142,0
326.249,20
326.356,47
326.463,3
326.569,6
326.676,5
326.783,6
326.89,13
326.997,22
327.103,71
327.21,46
327.317,13
327.424,0
327.531,0
327.638,0
327.744,24
327.851,37
327.958,14
328.065,0
328.172,0
328.278,19
328.385,6
328.492,0
328.599,0
328.706,0
328.813,0
328.919,16
329.026,0
329.133,8
329.24,0
329.347,8
329.453,42
329.56,3
329.667,5
329.774,17
329.881,0
329.988,20
330.094,2
330.201,0
330.308,0
330.415,19
330.522,0
330.628,0
330.735,18
330.842,0
330.949,7
331.056,2
331.162,0
331.269,40
331.376,17
331.483,33
331.59,15
331.697,0
331.803,0
331.91,34
332.017,0
332.124,0
332.231,21
332.337,0
332.444,6
332.551,15
332.658,5
332.765,21
332.872,22
332.978,0
333.085,4
333.192,0
333.299,37
333.406,6
333.512,0
333.619,0
333.726,2
333.833,17
333.94,3
334.046,0
334.153,16
334.26,1
334.367,10
334.474,0
334.581,0
334.687,16
334.794,7
334.901,0
335.008,0
335.115,44
335.221,6
335.328,0
335.435,0
335.542,0
335.649,11
335.755,0
335.862,2
335.969,8
336.076,0
336.183,24
336.29,0
336.396,6
336.503,0
336.61,0
336.717,10
336.824,6
336.93,0
337.037,18
337.144,0
337.251,2
337.358,0
337.464,0
337.571,0
337.678,0
337.785,40
337.892,28
337.998,0
338.105,0
338.212,0
338.319,0
338.426,3
338.533,10
338.639,0
338.746,24
338.853,5
338.96,0
339.067,7
339.173,10
339.28,18
339.387,0
339.494,30
339.601,0
339.707,0
339.814,3
339.921,0
340.028,7
340.135,11
340.241,11
340.348,0
340.455,22
340.562,0
340.669,0
340.775,2
340.882,21
340.989,32
341.096,15
341.203,2
341.309,28
341.416,0
341.523,34
341.63,2
341.737,39
341.844,71
341.95,30
342.057,0
342.164,8
342.271,14
342.378,24
342.484,0
342.591,38
342.698,11
342.805,0
342.912,11
343.018,43
343.125,1
343.232,22
343.339,0
343.446,12
343.552,0
343.659,0
343.766,0
343.873,5
343.98,11
344.086,0
344.193,15
344.3,4
344.407,20
344.514,7
344.62,12
344.727,0
344.834,0
344.941,4
345.048,0
345.154,1
345.261,0
345.368,12
345.475,0
345.582,18
345.688,13
345.795,0
345.902,7
346.009,7
346.116,7
346.222,31
346.329,0
346.436,0
346.543,0
346.65,9
346.756,0
346.863,0
346.97,0
347.077,22
347.184,0
347.29,1
347.397,0
347.504,16
347.611,0
347.718,0
347.824,0
347.931,13
348.038,14
348.145,5
348.252,0
348.358,0
348.465,25
348.572,29
348.679,3
348.786,0
348.892,10
348.999,0
349.106,0
349.213,16
349.32,0
349.426,7
349.533,35
349.64,24
349.747,0
349.854,21
349.96,25
350.067,0
350.174,0
350.281,0
350.388,0
350.494,18
350.601,0
350.708,0
350.815,13
350.922,0
351.028,0
351.135,25
351.242,10
351.349,7
351.456,15
351.562,0
351.669,0
351.776,60
351.883,6
351.989,0
352.096,19
352.203,0
352.31,0
352.417,24
352.523,17
352.63,29
352.737,0
352.844,0
352.951,18
353.057,20
353.164,16
353.271,28
353.378,0
353.485,0
353.591,0
353.698,0
353.805,0
353.912,24
354.019,22
354.125,0
354.232,5
354.339,5
354.446,42
354.553,17
354.659,0
354.766,0
354.873,4
354.98,24
355.086,0
355.193,10
355.3,0
355.407,29
355.514,14
355.62,0
355.727,5
355.834,0
355.941,12
356.048,12
356.154,4
356.261,19
356.368,7
356.475,13
356.582,0
356.688,8
356.795,13
356.902,0
357.009,1
357.115,12
357.222,21
357.329,0
357.436,0
357.543,10
357.649,32
357.756,2
357.863,0
357.97,0
358.077,14
358.183,0
358.29,6
358.397,0
358.504,0
358.61,0
358.717,0
358.824,4
358.931,0
359.038,0
359.144,0
359.251,52
359.358,15
359.465,0
359.572,0
359.678,2
359.785,18
359.892,0
359.999,23
360.105,8
360.212,0
360.319,5
360.426,21
360.533,4
360.639,0
360.746,17
360.853,17
360.96,16
361.067,17
361.173,17
361.28,4
361.387,0
361.494,3
361.6,13
361.707,8
361.814,8
361.921,36
362.028,3
362.134,14
362.241,12
362.348,19
362.455,0
362.562,39
362.668,7
362.775,0
362.882,27
362.989,6
363.095,0
363.202,2
363.309,0
363.416,5
363.523,0
363.629,2
363.736,0
363.843,6
363.95,14
364.056,8
364.163,0
364.27,0
364.377,0
364.484,0
364.59,10
364.697,4
364.804,0
364.911,15
365.017,11
365.124,0
365.231,15
365.338,11
365.445,16
365.551,0
365.658,8
365.765,4
365.872,5
365.979,0
366.085,0
366.192,23
366.299,5
366.406,5
366.512,0
366.619,0
366.726,2
366.833,0
366.94,0
367.046,28
367.153,0
367.26,14
367.367,8
367.473,13
367.58,4
367.687,0
367.794,0
367.9,17
368.007,1
368.114,0
368.221,26
368.328,10
368.434,0
368.541,0
368.648,24
368.755,22
368.861,26
368.968,0
369.075,0
369.182,0
369.289,18
369.395,8
369.502,0
369.609,0
369.716,0
369.822,34
369.929,32
370.036,0
370.143,0
370.25,0
370.356,0
370.463,4
370.57,0
370.677,0
370.783,3
370.89,0
370.997,0
371.104,2
371.211,6
371.317,20
371.424,0
371.531,9
371.638,4
371.744,14
371.851,5
371.958,16
372.065,2
372.171,5
372.278,0
372.385,0
372.492,23
372.599,3
372.705,0
372.812,7
372.919,12
373.026,0
373.132,0
373.239,5
373.346,0
373.453,11
373.559,12
373.666,12
373.773,0
373.88,13
373.987,2
374.093,22
374.2,28
374.307,0
374.414,15
374.52,6
374.627,0
374.734,0
374.841,18
374.947,7
375.054,6
375.161,4
375.268,22
375.375,0
375.481,8
375.588,17
375.695,0
375.802,8
375.908,21
376.015,0
376.122,0
376.229,11
376.335,2
376.442,0
376.549,0
376.656,12
376.763,0
376.869,0
376.976,9
377.083,14
377.19,2
377.296,10
377.403,0
377.51,13
377.617,0
377.723,0
377.83,0
377.937,0
378.044,7
378.15,0
378.257,0
378.364,27
378.471,8
378.578,0
378.684,30
378.791,11
378.898,4
379.005,0
379.111,3
379.218,0
379.325,0
379.432,0
379.538,3
379.645,18
379.752,0
379.859,23
379.965,0
380.072,19
380.179,0
380.286,138
380.392,100
380.499,95
380.606,12
380.713,0
380.82,8
380.926,11
381.033,16
381.14,0
381.247,0
381.353,18
381.46,3
381.567,39
381.674,0
381.78,22
381.887,0
381.994,6
382.101,8
382.207,4
382.314,4
382.421,13
382.528,2
382.634,8
382.741,0
382.848,13
382.955,22
383.061,12
383.168,9
383.275,19
383.382,10
383.488,13
383.595,0
383.702,0
383.809,0
383.916,15
384.022,0
384.129,0
384.236,0
384.343,13
384.449,0
384.556,0
384.663,22
384.77,23
384.876,25
384.983,6
385.09,0
385.197,25
385.303,0
385.41,17
385.517,18
385.624,0
385.73,0
385.837,10
385.944,1
386.051,0
386.157,7
386.264,0
386.371,3
386.478,19
386.584,10
386.691,32
386.798,0
386.905,3
387.011,3
387.118,6
387.225,8
387.332,0
387.438,0
387.545,11
387.652,0
387.759,19
387.865,30
387.972,14
388.079,9
388.186,6
388.292,8
388.399,0
388.506,18
388.613,25
388.719,0
388.826,12
388.933,8
389.04,0
389.146,17
389.253,1
389.36,0
389.467,0
389.573,0
389.68,7
389.787,2
389.894,15
390,6
390.107,15
390.214,0
390.321,0
390.427,0
390.534,0
390.641,15
390.748,0
390.854,0
390.961,0
391.068,0
391.175,32
391.281,19
391.388,0
391.495,0
391.602,0
391.708,16
391.815,8
391.922,0
392.029,14
392.135,25
392.242,32
392.349,63
392.456,72
392.562,33
392.669,24
392.776,0
392.883,0
392.989,26
393.096,0
393.203,9
393.31,14
393.416,8
393.523,0
393.63,0
393.737,21
393.843,0
393.95,14
394.057,0
394.164,0
394.27,14
394.377,20
394.484,0
394.591,1
394.697,7
394.804,24
394.911,0
395.018,0
395.124,11
395.231,32
395.338,0
395.445,16
395.551,0
395.658,0
395.765,0
395.871,0
395.978,0
396.085,0
396.192,0
396.298,0
396.405,16
396.512,15
396.619,0
396.725,24
396.832,6
396.939,8
397.046,4
397.152,0
397.259,0
397.366,0
397.473,0
397.579,0
397.686,0
397.793,10
397.9,0
398.006,0
398.113,28
398.22,16
398.327,0
398.433,0
398.54,0
398.647,0
398.753,0
398.86,0
398.967,32
399.074,27
399.18,30
399.287,9
399.394,8
399.501,24
399.607,21
399.714,0
399.821,0
399.928,13
400.034,23
400.141,0
400.248,0
400.355,11
400.461,0
400.568,6
400.675,0
400.781,0
400.888,12
400.995,28
401.102,24
401.208,0
401.315,38
401.422,3
401.529,0
401.635,0
401.742,0
401.849,52
401.956,46
402.062,0
402.169,0
402.276,0
402.382,17
402.489,0
402.596,6
402.703,7
402.809,19
402.916,10
403.023,0
403.13,15
403.236,7
403.343,0
403.45,0
403.557,11
403.663,0
403.77,0
403.877,0
403.983,26
404.09,14
404.197,0
404.304,0
404.41,18
404.517,0
404.624,40
404.731,50
404.837,18
404.944,4
405.051,23
405.158,15
405.264,0
405.371,11
405.478,0
405.584,0
405.691,0
405.798,8
405.905,8
406.011,0
406.118,0
406.225,0
406.332,19
406.438,19
406.545,0
406.652,0
406.758,16
406.865,0
406.972,18
407.079,8
407.185,0
407.292,0
407.399,0
407.506,0
407.612,22
407.719,7
407.826,0
407.932,43
408.039,0
408.146,32
408.253,8
408.359,0
408.466,4
408.573,17
408.68,0
408.786,0
408.893,3
409,0
409.106,13
409.213,8
409.32,26
409.427,0
409.533,0
409.64,0
409.747,0
409.853,20
409.96,20
410.067,7
410.174,12
410.28,17
410.387,14
410.494,0
410.601,0
410.707,12
410.814,6
410.921,0
411.027,20
411.134,2
411.241,2
411.348,38
411.454,4
411.561,0
411.668,0
411.774,0
411.881,6
411.988,2
412.095,0
412.201,36
412.308,0
412.415,0
412.522,28
412.628,6
412.735,4
412.842,0
412.948,16
413.055,27
413.162,0
413.269,14
413.375,39
413.482,20
413.589,10
413.695,11
413.802,0
413.909,3
414.016,0
414.122,25
414.229,22
414.336,0
414.442,7
414.549,15
414.656,0
414.763,0
414.869,12
414.976,21
415.083,0
415.189,0
415.296,17
415.403,28
415.51,14
415.616,0
415.723,26
415.83,11
415.936,2
416.043,0
416.15,0
416.257,0
416.363,0
416.47,2
416.577,16
416.683,28
416.79,52
416.897,15
417.004,8
417.11,20
417.217,59
417.324,0
417.43,0
417.537,14
417.644,26
417.751,0
417.857,10
417.964,0
418.071,0
418.177,0
418.284,0
418.391,0
418.498,15
418.604,181
418.711,181
418.818,64
418.924,24
419.031,0
419.138,0
419.245,35
419.351,131
419.458,76
419.565,9
419.671,0
419.778,0
419.885,0
419.992,0
420.098,12
420.205,0
420.312,0
420.418,26
420.525,17
420.632,0
420.738,0
420.845,0
420.952,20
421.059,22
421.165,8
421.272,12
421.379,0
421.485,11
421.592,9
421.699,0
421.806,0
421.912,32
422.019,19
422.126,0
422.232,4
422.339,0
422.446,13
422.552,6
422.659,0
422.766,0
422.873,12
422.979,0
423.086,0
423.193,52
423.299,36
423.406,0
423.513,14
423.62,6
423.726,0
423.833,0
423.94,12
424.046,7
424.153,0
424.26,0
424.366,24
424.473,0
424.58,23
424.687,0
424.793,0
424.9,14
425.007,0
425.113,8
425.22,8
425.327,0
425.433,0
425.54,37
425.647,69
425.754,24
425.86,17
425.967,0
426.074,0
426.18,0
426.287,12
426.394,0
426.5,0
426.607,9
426.714,18
426.821,0
426.927,0
427.034,11
427.141,3
427.247,0
427.354,0
427.461,20
427.567,12
427.674,0
427.781,0
427.888,0
427.994,0
428.101,12
428.208,0
428.314,0
428.421,2
428.528,0
428.634,0
428.741,10
428.848,13
428.955,34
429.061,33
429.168,17
429.275,74
429.381,108
429.488,27
429.595,4
429.701,2
429.808,0
429.915,10
430.021,0
430.128,0
430.235,0
430.342,16
430.448,6
430.555,9
430.662,5
430.768,1
430.875,0
430.982,0
431.088,3
431.195,5
431.302,41
431.409,4
431.515,0
431.622,20
431.729,0
431.835,0
431.942,8
432.049,6
432.155,32
432.262,0
432.369,0
432.475,30
432.582,0
432.689,0
432.796,2
432.902,24
433.009,14
433.116,0
433.222,14
433.329,0
433.436,5
433.542,41
433.649,0
433.756,0
433.862,30
433.969,35
434.076,8
434.182,0
434.289,5
434.396,11
434.503,0
434.609,14
434.716,15
434.823,0
434.929,26
435.036,54
435.143,26
435.249,24
435.356,9
435.463,9
435.569,0
435.676,18
435.783,35
435.889,33
435.996,47
436.103,30
436.21,0
436.316,6
436.423,18
436.53,25
436.636,24
436.743,10
436.85,28
436.956,40
437.063,72
437.17,70
437.276,13
437.383,0
437.49,7
437.596,19
437.703,16
437.81,0
437.916,3
438.023,11
438.13,1
438.237,16
438.343,12
438.45,2
438.557,18
438.663,0
438.77,64
438.877,261
438.983,212
439.09,246
439.197,131
439.303,41
439.41,8
439.517,0
439.623,0
439.73,0
439.837,0
439.943,0
440.05,35
440.157,99
440.263,56
440.37,24
440.477,0
440.583,0
440.69,28
440.797,0
440.904,0
441.01,0
441.117,0
441.224,5
441.33,0
441.437,0
441.544,4
441.65,0
441.757,20
441.864,0
441.97,0
442.077,26
442.184,6
442.29,59
442.397,53
442.504,29
442.61,37
442.717,0
442.824,0
442.93,9
443.037,0
443.144,2
443.25,0
443.357,0
443.464,10
443.57,19
443.677,11
443.784,10
443.89,10
443.997,0
444.104,0
444.21,0
444.317,0
444.424,0
444.53,43
444.637,23
444.744,0
444.851,0
444.957,15
445.064,11
445.171,0
445.277,0
445.384,6
445.491,10
445.597,2
445.704,21
445.811,18
445.917,0
446.024,0
446.131,20
446.237,3
446.344,0
446.451,14
446.557,6
446.664,6
446.771,12
446.877,0
446.984,19
447.091,1
447.197,27
447.304,10
447.411,0
447.517,7
447.624,0
447.731,0
447.837,0
447.944,1
448.051,10
448.157,0
448.264,0
448.371,0
448.477,24
448.584,15
448.691,0
448.797,4
448.904,0
449.011,0
449.117,0
449.224,18
449.331,2
449.437,30
449.544,12
449.651,12
449.757,22
449.864,3
449.971,0
450.077,0
450.184,32
450.291,6
450.397,0
450.504,4
450.611,8
450.717,0
450.824,0
450.931,14
451.037,32
451.144,0
451.251,32
451.357,0
451.464,0
451.571,0
451.677,4
451.784,0
451.891,14
451.997,0
452.104,0
452.21,0
452.317,0
452.424,3
452.53,0
452.637,10
452.744,10
452.85,0
452.957,36
453.064,9
453.17,0
453.277,0
453.384,28
453.49,5
453.597,4
453.704,0
453.81,12
453.917,0
454.024,0
454.13,0
454.237,4
454.344,0
454.45,3
454.557,0
454.664,2
454.77,0
454.877,9
454.984,0
455.09,0
455.197,50
455.304,33
455.41,7
455.517,0
455.624,32
455.73,26
455.837,0
455.944,23
456.05,37
456.157,8
456.263,0
456.37,0
456.477,11
456.583,0
456.69,0
456.797,11
456.903,15
457.01,14
457.117,0
457.223,72
457.33,21
457.437,2
457.543,0
457.65,8
457.757,20
457.863,0
457.97,31
458.077,41
458.183,0
458.29,0
458.397,0
458.503,0
458.61,0
458.716,0
458.823,10
458.93,23
459.036,10
459.143,0
459.25,0
459.356,0
459.463,18
459.57,0
459.676,2
459.783,29
459.89,0
459.996,0
460.103,0
460.21,0
460.316,0
460.423,0
460.53,0
460.636,8
460.743,0
460.849,0
460.956,0
461.063,0
461.169,0
461.276,6
461.383,15
461.489,0
461.596,0
461.703,6
461.809,11
461.916,0
462.023,0
462.129,0
462.236,0
462.342,23
462.449,24
462.556,6
462.662,29
462.769,0
462.876,26
462.982,0
463.089,9
463.196,16
463.302,0
463.409,0
463.516,0
463.622,0
463.729,0
463.835,0
463.942,0
464.049,7
464.155,0
464.262,0
464.369,10
464.475,15
464.582,13
464.689,23
464.795,0
464.902,6
465.009,0
465.115,0
465.222,32
465.328,21
465.435,0
465.542,0
465.648,0
465.755,0
465.862,30
465.968,35
466.075,0
466.182,2
466.288,17
466.395,0
466.501,3
466.608,0
466.715,2
466.821,0
466.928,16
467.035,10
467.141,14
467.248,4
467.355,13
467.461,9
467.568,17
467.674,3
467.781,11
467.888,28
467.994,9
468.101,23
468.208,0
468.314,0
468.421,10
468.528,12
468.634,0
468.741,2
468.847,0
468.954,8
469.061,7
469.167,0
469.274,0
469.381,0
469.487,0
469.594,12
469.701,0
469.807,0
469.914,0
470.02,14
470.127,37
470.234,20
470.34,3
470.447,10
470.554,18
470.66,0
470.767,0
470.873,11
470.98,0
471.087,0
471.193,0
471.3,0
471.407,0
471.513,18
471.62,27
471.727,0
471.833,0
471.94,7
472.046,4
472.153,6
472.26,30
472.366,0
472.473,5
472.58,0
472.686,0
472.793,5
472.899,12
473.006,10
473.113,0
473.219,24
473.326,0
473.433,26
473.539,0
473.646,0
473.752,5
473.859,28
473.966,1
474.072,17
474.179,0
474.286,19
474.392,51
474.499,49
474.605,74
474.712,24
474.819,0
474.925,0
475.032,8
475.139,0
475.245,4
475.352,40
475.458,32
475.565,8
475.672,7
475.778,0
475.885,2
475.992,0
476.098,0
476.205,20
476.311,0
476.418,0
476.525,24
476.631,22
476.738,0
476.844,0
476.951,0
477.058,0
477.164,13
477.271,0
477.378,18
477.484,4
477.591,2
477.697,20
477.804,0
477.911,23
478.017,2
478.124,13
478.231,9
478.337,0
478.444,0
478.55,0
478.657,35
478.764,0
478.87,0
478.977,0
479.083,0
479.19,0
479.297,20
479.403,0
479.51,0
479.617,0
479.723,0
479.83,22
479.936,0
480.043,0
480.15,2
480.256,0
480.363,0
480.469,0
480.576,0
480.683,5
480.789,18
480.896,16
481.003,7
481.109,20
481.216,22
481.322,17
481.429,0
481.536,12
481.642,0
481.749,16
481.855,0
481.962,0
482.069,4
482.175,13
482.282,0
482.388,0
482.495,12
482.602,7
482.708,1
482.815,0
482.922,21
483.028,6
483.135,2
483.241,0
483.348,0
483.455,0
483.561,0
483.668,0
483.774,1
483.881,13
483.988,23
484.094,5
484.201,0
484.307,8
484.414,26
484.521,2
484.627,19
484.734,113
484.84,74
484.947,33
485.054,2
485.16,1
485.267,0
485.373,0
485.48,4
485.587,0
485.693,11
485.8,25
485.907,16
486.013,26
486.12,8
486.226,15
486.333,0
486.44,0
486.546,0
486.653,0
486.759,0
486.866,74
486.973,0
487.079,0
487.186,46
487.292,44
487.399,17
487.506,2
487.612,0
487.719,12
487.825,10
487.932,2
488.039,0
488.145,0
488.252,2
488.358,0
488.465,18
488.572,0
488.678,0
488.785,2
488.891,0
488.998,0
489.105,0
489.211,0
489.318,0
489.424,0
489.531,0
489.638,0
489.744,0
489.851,0
489.957,3
490.064,17
490.171,1
490.277,6
490.384,0
490.49,0
490.597,17
490.704,15
490.81,0
490.917,0
491.023,5
491.13,11
491.237,0
491.343,0
491.45,10
491.556,0
491.663,0
491.769,0
491.876,0
491.983,35
492.089,7
492.196,1
492.302,14
492.409,0
492.516,11
492.622,0
492.729,0
492.835,0
492.942,0
493.049,6
493.155,0
493.262,21
493.368,9
493.475,0
493.582,3
493.688,0
493.795,0
493.901,8
494.008,0
494.114,2
494.221,0
494.328,22
494.434,18
494.541,0
494.647,0
494.754,37
494.861,0
494.967,0
495.074,0
495.18,0
495.287,15
495.394,24
495.5,11
495.607,3
495.713,38
495.82,19
495.926,8
496.033,0
496.14,0
496.246,1
496.353,0
496.459,0
496.566,14
496.673,22
496.779,0
496.886,0
496.992,0
497.099,22
497.206,0
497.312,0
497.419,36
497.525,0
497.632,0
497.738,0
497.845,18
497.952,32
498.058,3
498.165,0
498.271,5
498.378,0
498.485,5
498.591,0
498.698,17
498.804,24
498.911,0
499.017,0
499.124,19
499.231,13
499.337,0
499.444,0
499.55,0
499.657,19
499.763,0
499.87,10
499.977,8
500.083,30
500.19,6
500.296,37
500.403,6
500.51,31
500.616,0
500.723,5
500.829,2
500.936,0
501.042,8
501.149,7
501.256,0
501.362,0
501.469,42
501.575,0
501.682,0
501.788,0
501.895,1
502.002,13
502.108,0
502.215,0
502.321,31
502.428,8
502.534,0
502.641,2
502.748,14
502.854,0
502.961,0
503.067,0
503.174,0
503.281,13
503.387,0
503.494,0
503.6,9
503.707,23
503.813,5
503.92,0
504.027,0
504.133,10
504.24,19
504.346,8
504.453,0
504.559,0
504.666,0
504.773,1
504.879,28
504.986,0
505.092,0
505.199,11
505.305,0
505.412,8
505.518,11
505.625,0
505.732,0
505.838,0
505.945,9
506.051,16
506.158,4
506.264,9
506.371,0
506.478,2
506.584,20
506.691,20
506.797,4
506.904,26
507.01,0
507.117,0
507.224,0
507.33,0
507.437,26
507.543,0
507.65,0
507.756,16
507.863,7
507.97,0
508.076,0
508.183,6
508.289,0
508.396,0
508.502,31
508.609,31
508.715,1
508.822,0
508.929,0
509.035,0
509.142,8
509.248,0
509.355,5
509.461,0
509.568,4
509.675,6
509.781,0
509.888,0
509.994,0
510.101,0
510.207,0
510.314,0
510.42,0
510.527,0
510.634,12
510.74,4
510.847,0
510.953,0
511.06,16
511.166,0
511.273,0
511.379,0
511.486,24
511.593,16
511.699,8
511.806,0
511.912,0
512.019,1
512.125,0
512.232,5
512.339,0
512.445,0
512.552,11
512.658,0
512.765,0
512.871,0
512.978,4
513.084,0
513.191,0
513.298,9
513.404,5
513.511,0
513.617,0
513.724,4
513.83,0
513.937,0
514.043,0
514.15,0
514.256,4
514.363,17
514.47,15
514.576,23
514.683,3
514.789,0
514.896,24
515.002,13
515.109,0
515.215,0
515.322,2
515.429,0
515.535,0
515.642,0
515.748,0
515.855,1
515.961,2
516.068,29
516.174,0
516.281,0
516.388,1
516.494,0
516.601,39
516.707,29
516.814,0
516.92,24
517.027,6
517.133,13
517.24,68
517.346,77
517.453,11
517.56,22
517.666,0
517.773,0
517.879,3
517.986,12
518.092,0
518.199,19
518.305,0
518.412,0
518.518,40
518.625,34
518.732,0
518.838,0
518.945,0
519.051,2
519.158,33
519.264,28
519.371,11
519.477,5
519.584,18
519.69,12
519.797,0
519.903,14
520.01,0
520.117,0
520.223,4
520.33,0
520.436,0
520.543,0
520.649,10
520.756,3
520.862,0
520.969,0
521.075,0
521.182,0
521.289,16
521.395,4
521.502,0
521.608,12
521.715,0
521.821,0
521.928,0
522.034,12
522.141,0
522.247,13
522.354,0
522.46,11
522.567,0
522.674,0
522.78,19
522.887,20
522.993,16
523.1,23
523.206,14
523.313,57
523.419,38
523.526,117
523.632,90
523.739,51
523.845,39
523.952,12
524.058,12
524.165,20
524.272,33
524.378,0
524.485,0
524.591,0
524.698,6
524.804,18
524.911,0
525.017,7
525.124,15
525.23,0
525.337,1
525.443,7
525.55,0
525.656,0
525.763,0
525.87,0
525.976,5
526.083,0
526.189,4
526.296,13
526.402,38
526.509,22
526.615,17
526.722,16
526.828,0
526.935,20
527.041,0
527.148,0
527.254,2
527.361,11
527.467,0
527.574,0
527.68,0
527.787,10
527.894,4
528,13
528.107,0
528.213,14
528.32,24
528.426,0
528.533,19
528.639,0
528.746,20
528.852,0
528.959,0
529.065,8
529.172,56
529.278,39
529.385,0
529.491,0
529.598,0
529.704,0
529.811,23
529.918,26
530.024,0
530.131,1
530.237,0
530.344,18
530.45,0
530.557,0
530.663,4
530.77,4
530.876,0
530.983,31
531.089,0
531.196,16
531.302,0
531.409,0
531.515,0
531.622,0
531.728,23
531.835,0
531.941,0
532.048,0
532.154,0
532.261,16
532.367,0
532.474,4
532.581,6
532.687,15
532.794,0
532.9,9
533.007,40
533.113,11
533.22,27
533.326,0
533.433,0
533.539,7
533.646,0
533.752,11
533.859,1
533.965,17
534.072,0
534.178,48
534.285,20
534.391,0
534.498,13
534.604,2
534.711,6
534.817,9
534.924,7
535.03,16
535.137,2
535.243,6
535.35,5
535.456,0
535.563,0
535.669,14
535.776,0
535.882,1
535.989,5
536.095,28
536.202,46
536.308,25
536.415,0
536.521,5
536.628,0
536.735,0
536.841,20
536.948,4
537.054,0
537.161,0
537.267,0
537.374,0
537.48,0
537.587,0
537.693,12
537.8,14
537.906,0
538.013,10
538.119,18
538.226,0
538.332,0
538.439,4
538.545,25
538.652,20
538.758,14
538.865,0
538.971,0
539.078,5
539.184,2
539.291,0
539.397,0
539.504,13
539.61,18
539.717,0
539.823,0
539.93,22
540.036,0
540.143,21
540.249,0
540.356,0
540.462,25
540.569,18
540.675,8
540.782,4
540.888,40
540.995,0
541.101,0
541.208,19
541.314,19
541.421,15
541.527,0
541.634,0
541.74,0
541.847,11
541.953,14
542.06,5
542.166,10
542.273,20
542.379,0
542.486,0
542.592,6
542.699,18
542.805,0
542.912,22
543.018,0
543.125,0
543.231,0
543.338,3
543.444,0
543.551,7
543.657,0
543.764,3
543.87,23
543.977,12
544.083,7
544.19,11
544.296,0
544.403,4
544.509,12
544.616,0
544.722,0
544.829,0
544.935,2
545.042,0
545.148,0
545.255,13
545.361,1
545.467,0
545.574,16
545.68,0
545.787,17
545.893,0
546,0
546.106,10
546.213,0
546.319,0
546.426,0
546.532,0
546.639,0
546.745,0
546.852,0
546.958,18
547.065,6
547.171,11
547.278,9
547.384,21
547.491,0
547.597,25
547.704,13
547.81,0
547.917,20
548.023,9
548.13,2
548.236,7
548.343,10
548.449,20
548.556,12
548.662,0
548.769,0
548.875,0
548.982,6
549.088,0
549.195,7
549.301,0
549.408,6
549.514,0
549.62,17
549.727,25
549.833,8
549.94,18
550.046,7
550.153,0
550.259,0
550.366,0
550.472,2
550.579,0
550.685,0
550.792,0
550.898,0
551.005,0
551.111,47
551.218,9
551.324,0
551.431,0
551.537,0
551.644,1
551.75,0
551.857,6
551.963,0
552.07,0
552.176,0
552.282,0
552.389,29
552.495,2
552.602,1
552.708,3
552.815,6
552.921,0
553.028,0
553.134,0
553.241,0
553.347,0
553.454,23
553.56,27
553.667,9
553.773,0
553.88,14
553.986,1
554.093,0
554.199,0
554.305,6
554.412,0
554.518,11
554.625,17
554.731,8
554.838,16
554.944,34
555.051,24
555.157,22
555.264,0
555.37,13
555.477,8
555.583,0
555.69,19
555.796,22
555.903,1
556.009,0
556.115,0
556.222,5
556.328,0
556.435,4
556.541,4
556.648,12
556.754,0
556.861,0
556.967,0
557.074,33
557.18,31
557.287,0
557.393,14
557.5,0
557.606,0
557.713,19
557.819,0
557.925,0
558.032,0
558.138,27
558.245,0
558.351,13
558.458,12
558.564,7
558.671,36
558.777,17
558.884,0
558.99,0
559.097,18
559.203,0
559.309,0
559.416,18
559.522,5
559.629,4
559.735,0
559.842,0
559.948,0
560.055,0
560.161,21
560.268,16
560.374,15
560.481,24
560.587,13
560.693,0
560.8,4
560.906,0
561.013,0
561.119,0
561.226,0
561.332,0
561.439,13
561.545,0
561.652,0
561.758,37
561.864,41
561.971,0
562.077,0
562.184,6
562.29,9
562.397,1
562.503,5
562.61,11
562.716,0
562.823,1
562.929,0
563.035,4
563.142,13
563.248,0
563.355,0
563.461,0
563.568,13
563.674,4
563.781,8
563.887,19
563.994,28
564.1,18
564.206,0
564.313,3
564.419,0
564.526,0
564.632,0
564.739,11
564.845,30
564.952,4
565.058,0
565.165,29
565.271,2
565.377,0
565.484,0
565.59,0
565.697,19
565.803,13
565.91,9
566.016,7
566.123,0
566.229,40
566.335,2
566.442,15
566.548,0
566.655,0
566.761,15
566.868,9
566.974,0
567.081,0
567.187,7
567.293,10
567.4,16
567.506,11
567.613,0
567.719,10
567.826,8
567.932,0
568.039,25
568.145,11
568.251,36
568.358,14
568.464,46
568.571,151
568.677,199
568.784,93
568.89,0
568.997,0
569.103,0
569.209,0
569.316,0
569.422,15
569.529,11
569.635,32
569.742,0
569.848,23
569.955,8
570.061,0
570.167,11
570.274,15
570.38,6
570.487,2
570.593,11
570.7,4
570.806,0
570.912,0
571.019,0
571.125,0
571.232,0
571.338,0
571.445,36
571.551,0
571.658,0
571.764,15
571.87,0
571.977,12
572.083,12
572.19,0
572.296,0
572.403,12
572.509,0
572.615,0
572.722,0
572.828,0
572.935,0
573.041,0
573.148,2
573.254,36
573.36,6
573.467,13
573.573,0
573.68,1
573.786,8
573.893,11
573.999,0
574.105,0
574.212,0
574.318,14
574.425,0
574.531,7
574.638,27
574.744,7
574.85,0
574.957,6
575.063,23
575.17,11
575.276,0
575.383,2
575.489,19
575.595,0
575.702,0
575.808,0
575.915,15
576.021,0
576.128,0
576.234,3
576.34,0
576.447,0
576.553,18
576.66,0
576.766,7
576.873,0
576.979,12
577.085,98
577.192,86
577.298,39
577.405,0
577.511,21
577.618,10
577.724,0
577.83,5
577.937,0
578.043,0
578.15,0
578.256,4
578.363,45
578.469,25
578.575,0
578.682,7
578.788,28
578.895,0
579.001,6
579.107,27
579.214,25
579.32,0
579.427,26
579.533,10
579.64,4
579.746,4
579.852,17
579.959,0
580.065,41
580.172,0
580.278,0
580.384,17
580.491,0
580.597,21
580.704,0
580.81,12
580.917,0
581.023,34
581.129,34
581.236,4
581.342,39
581.449,2
581.555,0
581.661,4
581.768,3
581.874,0
581.981,0
582.087,0
582.193,2
582.3,14
582.406,56
582.513,154
582.619,108
582.726,43
582.832,0
582.938,0
583.045,21
583.151,49
583.258,3
583.364,0
583.47,0
583.577,0
583.683,11
583.79,0
583.896,0
584.002,25
584.109,32
584.215,0
584.322,0
584.428,20
584.535,12
584.641,18
584.747,2
584.854,6
584.96,0
585.067,0
585.173,13
585.279,0
585.386,0
585.492,24
585.599,0
585.705,0
585.811,0
585.918,20
586.024,5
586.131,4
586.237,33
586.343,8
586.45,0
586.556,7
586.663,13
586.769,0
586.875,0
586.982,0
587.088,7
587.195,0
587.301,0
587.407,8
587.514,28
587.62,28
587.727,9
587.833,17
587.939,0
588.046,6
588.152,0
588.259,0
588.365,0
588.471,14
588.578,7
588.684,0
588.791,0
588.897,29
589.003,50
589.11,90
589.216,78
589.323,50
589.429,15
589.535,0
589.642,0
589.748,4
589.855,4
589.961,2
590.067,5
590.174,0
590.28,0
590.387,4
590.493,0
590.599,8
590.706,15
590.812,0
590.918,0
591.025,36
591.131,0
591.238,0
591.344,26
591.45,0
591.557,8
591.663,0
591.77,0
591.876,6
591.982,0
592.089,14
592.195,15
592.302,37
592.408,21
592.514,0
592.621,0
592.727,8
592.834,25
592.94,4
593.046,0
593.153,27
593.259,35
593.365,0
593.472,0
593.578,0
593.685,34
593.791,26
593.897,0
594.004,0
594.11,0
594.217,0
594.323,21
594.429,6
594.536,24
594.642,15
594.748,3
594.855,53
594.961,48
595.068,5
595.174,1
595.28,0
595.387,18
595.493,3
595.6,0
595.706,22
595.812,4
595.919,1
596.025,4
596.131,28
596.238,8
596.344,16
596.451,0
596.557,0
596.663,14
596.77,23
596.876,0
596.982,18
597.089,4
597.195,0
597.302,0
597.408,0
597.514,3
597.621,12
597.727,17
597.833,1
597.94,0
598.046,25
598.153,3
598.259,7
598.365,0
598.472,14
598.578,25
598.685,8
598.791,0
598.897,18
599.004,22
599.11,0
599.216,0
599.323,0
599.429,0
599.535,0
599.642,0
599.748,0
599.855,29
599.961,0
600.067,0
600.174,6
600.28,12
600.386,29
600.493,16
600.599,19
600.706,0
600.812,29
600.918,0
601.025,6
601.131,34
601.237,3
601.344,6
601.45,8
601.557,0
601.663,0
601.769,0
601.876,7
601.982,12
602.088,9
602.195,0
602.301,4
602.407,13
602.514,0
602.62,0
602.727,21
602.833,0
602.939,0
603.046,0
603.152,10
603.258,13
603.365,0
603.471,21
603.577,4
603.684,14
603.79,13
603.897,0
604.003,10
604.109,0
604.216,0
604.322,25
604.428,27
604.535,3
604.641,0
604.747,0
604.854,10
604.96,10
605.067,0
605.173,0
605.279,0
605.386,41
605.492,25
605.598,36
605.705,29
605.811,15
605.917,6
606.024,0
606.13,9
606.236,15
606.343,16
606.449,16
606.556,0
606.662,0
606.768,0
606.875,0
606.981,0
607.087,0
607.194,4
607.3,0
607.406,0
607.513,15
607.619,0
607.725,0
607.832,0
607.938,11
608.045,15
608.151,0
608.257,5
608.364,0
608.47,0
608.576,29
608.683,0
608.789,0
608.895,0
609.002,0
609.108,1
609.214,0
609.321,0
609.427,0
609.533,0
609.64,0
609.746,20
609.852,0
609.959,10
610.065,17
610.172,2
610.278,12
610.384,2
610.491,23
610.597,22
610.703,17
610.81,12
610.916,11
611.022,15
611.129,11
611.235,8
611.341,9
611.448,4
611.554,15
611.66,3
611.767,0
611.873,23
611.979,14
612.086,0
612.192,7
612.298,0
612.405,10
612.511,44
612.617,27
612.724,0
612.83,12
612.936,24
613.043,17
613.149,6
613.255,0
613.362,13
613.468,29
613.575,4
613.681,0
613.787,4
613.894,31
614,1
614.106,0
614.213,20
614.319,0
614.425,0
614.532,0
614.638,10
614.744,0
614.851,0
614.957,37
615.063,12
615.17,14
615.276,2
615.382,2
615.489,7
615.595,2
615.701,1
615.808,9
615.914,15
616.02,0
616.127,0
616.233,0
616.339,23
616.446,4
616.552,0
616.658,17
616.765,0
616.871,0
616.977,0
617.084,23
617.19,8
617.296,4
617.403,0
617.509,5
617.615,14
617.722,0
617.828,4
617.934,2
618.041,11
618.147,0
618.253,2
618.36,2
618.466,10
618.572,8
618.679,0
618.785,10
618.891,18
618.998,7
619.104,16
619.21,12
619.316,14
619.423,0
619.529,0
619.635,0
619.742,24
619.848,8
619.954,13
620.061,0
620.167,37
620.273,20
620.38,0
620.486,0
620.592,0
620.699,9
620.805,0
620.911,0
621.018,16
621.124,11
621.23,17
621.337,0
621.443,0
621.549,0
621.656,28
621.762,29
621.868,7
621.975,0
622.081,0
622.187,10
622.294,0
622.4,0
622.506,3
622.612,6
622.719,0
622.825,12
622.931,0
623.038,30
623.144,0
623.25,0
623.357,11
623.463,6
623.569,24
623.676,0
623.782,0
623.888,3
623.995,16
624.101,0
624.207,0
624.314,2
624.42,0
624.526,4
624.632,15
624.739,0
624.845,19
624.951,0
625.058,12
625.164,10
625.27,4
625.377,0
625.483,0
625.589,25
625.696,4
625.802,0
625.908,0
626.015,0
626.121,0
626.227,2
626.333,8
626.44,7
626.546,22
626.652,5
626.759,5
626.865,0
626.971,19
627.078,2
627.184,12
627.29,0
627.397,6
627.503,6
627.609,4
627.715,0
627.822,0
627.928,5
628.034,17
628.141,12
628.247,0
628.353,13
628.46,13
628.566,0
628.672,14
628.778,5
628.885,6
628.991,0
629.097,0
629.204,21
629.31,6
629.416,0
629.523,0
629.629,31
629.735,12
629.841,4
629.948,0
630.054,0
630.16,0
630.267,0
630.373,8
630.479,0
630.586,0
630.692,7
630.798,1
630.904,0
631.011,6
631.117,8
631.223,8
631.33,30
631.436,12
631.542,0
631.649,0
631.755,0
631.861,17
631.967,0
632.074,19
632.18,0
632.286,0
632.393,4
632.499,4
632.605,6
632.711,2
632.818,11
632.924,2
633.03,0
633.137,29
633.243,0
633.349,13
633.456,10
633.562,0
633.668,0
633.774,0
633.881,0
633.987,0
634.093,22
634.2,0
634.306,0
634.412,22
634.518,10
634.625,2
634.731,0
634.837,14
634.944,1
635.05,0
635.156,0
635.262,3
635.369,14
635.475,0
635.581,27
635.688,0
635.794,12
635.9,1
636.006,0
636.113,13
636.219,39
636.325,22
636.432,0
636.538,0
636.644,0
636.75,0
636.857,16
636.963,0
637.069,0
637.176,0
637.282,3
637.388,13
637.494,0
637.601,8
637.707,8
637.813,8
637.92,0
638.026,18
638.132,1
638.238,2
638.345,0
638.451,19
638.557,14
638.663,14
638.77,0
638.876,0
638.982,0
639.089,0
639.195,1
639.301,10
639.407,0
639.514,10
639.62,14
639.726,13
639.833,17
639.939,19
640.045,15
640.151,20
640.258,0
640.364,7
640.47,0
640.576,8
640.683,8
640.789,4
640.895,0
641.002,107
641.108,210
641.214,115
641.32,38
641.427,4
641.533,0
641.639,15
641.745,2
641.852,0
641.958,0
642.064,17
642.171,0
642.277,0
642.383,13
642.489,0
642.596,0
642.702,0
642.808,0
642.914,2
643.021,12
643.127,13
643.233,15
643.339,2
643.446,0
643.552,22
643.658,12
643.765,4
643.871,0
643.977,0
644.083,35
644.19,12
644.296,4
644.402,0
644.508,0
644.615,0
644.721,8
644.827,8
644.933,6
645.04,0
645.146,0
645.252,11
645.358,0
645.465,0
645.571,3
645.677,6
645.784,0
645.89,18
645.996,37
646.102,31
646.209,13
646.315,0
646.421,14
646.527,0
646.634,0
646.74,0
646.846,3
646.952,56
647.059,12
647.165,0
647.271,12
647.377,6
647.484,8
647.59,11
647.696,12
647.802,17
647.909,6
648.015,0
648.121,0
648.227,5
648.334,0
648.44,2
648.546,7
648.652,31
648.759,0
648.865,0
648.971,26
649.077,6
649.184,10
649.29,7
649.396,9
649.502,10
649.609,15
649.715,0
649.821,14
649.927,0
650.034,19
650.14,18
650.246,0
650.352,12
650.459,24
650.565,15
650.671,13
650.777,14
650.884,0
650.99,0
651.096,16
651.202,0
651.309,108
651.415,108
651.521,50
651.627,16
651.734,0
651.84,1
651.946,36
652.052,50
652.159,143
652.265,130
652.371,73
652.477,44
652.584,26
652.69,62
652.796,184
652.902,99
653.009,13
653.115,14
653.221,0
653.327,0
653.434,11
653.54,12
653.646,0
653.752,0
653.858,5
653.965,10
654.071,6
654.177,85
654.283,54
654.39,17
654.496,4
654.602,3
654.708,1
654.815,2
654.921,17
655.027,0
655.133,9
655.24,38
655.346,115
655.452,136
655.558,21
655.665,0
655.771,23
655.877,0
655.983,0
656.089,0
656.196,11
656.302,21
656.408,8
656.514,10
656.621,9
656.727,12
656.833,0
656.939,0
657.046,10
657.152,26
657.258,0
657.364,0
657.47,42
657.577,21
657.683,0
657.789,0
657.895,0
658.002,17
658.108,0
658.214,18
658.32,0
658.427,7
658.533,17
658.639,2
658.745,4
658.851,0
658.958,11
659.064,0
659.17,0
659.276,36
659.383,14
659.489,26
659.595,0
659.701,115
659.807,176
659.914,60
660.02,46
660.126,24
660.232,62
660.339,36
660.445,44
660.551,62
660.657,40
660.763,9
660.87,5
660.976,4
661.082,0
661.188,14
661.295,11
661.401,0
661.507,0
661.613,33
661.719,58
661.826,60
661.932,172
662.038,225
662.144,99
662.251,27
662.357,0
662.463,0
662.569,0
662.675,21
662.782,10
662.888,19
662.994,4
663.1,28
663.206,0
663.313,0
663.419,10
663.525,0
663.631,73
663.738,141
663.844,88
663.95,24
664.056,0
664.162,0
664.269,0
664.375,0
664.481,15
664.587,10
664.693,44
664.8,8
664.906,8
665.012,0
665.118,0
665.225,177
665.331,152
665.437,64
665.543,4
665.649,0
665.756,42
665.862,135
665.968,124
666.074,80
666.18,17
666.287,0
666.393,0
666.499,32
666.605,6
666.711,0
666.818,30
666.924,54
667.03,3
667.136,30
667.242,56
667.349,37
667.455,29
667.561,83
667.667,60
667.773,32
667.88,0
667.986,0
668.092,24
668.198,25
668.304,30
668.411,55
668.517,8
668.623,13
668.729,16
668.835,6
668.942,19
669.048,8
669.154,43
669.26,56
669.366,11
669.473,0
669.579,0
669.685,15
669.791,0
669.897,0
670.004,72
670.11,68
670.216,27
670.322,29
670.428,0
670.535,19
670.641,0
670.747,1
670.853,13
670.959,0
671.066,0
671.172,0
671.278,29
671.384,3
671.49,0
671.597,0
671.703,0
671.809,0
671.915,0
672.021,28
672.128,0
672.234,0
672.34,0
672.446,3
672.552,0
672.658,0
672.765,0
672.871,0
672.977,0
673.083,14
673.189,0
673.296,15
673.402,0
673.508,6
673.614,0
673.72,9
673.827,71
673.933,26
674.039,0
674.145,39
674.251,2
674.357,14
674.464,0
674.57,0
674.676,0
674.782,23
674.888,4
674.995,0
675.101,5
675.207,69
675.313,165
675.419,92
675.526,25
675.632,0
675.738,43
675.844,54
675.95,16
676.056,0
676.163,14
676.269,0
676.375,8
676.481,18
676.587,18
676.693,16
676.8,7
676.906,6
677.012,6
677.118,5
677.224,0
677.331,0
677.437,0
677.543,7
677.649,7
677.755,5
677.861,0
677.968,12
678.074,5
678.18,0
678.286,0
678.392,0
678.498,25
678.605,0
678.711,33
678.817,31
678.923,0
679.029,0
679.136,30
679.242,0
679.348,6
679.454,5
679.56,21
679.666,21
679.773,13
679.879,12
679.985,0
680.091,6
680.197,10
680.303,0
680.41,15
680.516,0
680.622,13
680.728,0
680.834,17
680.94,15
681.047,4
681.153,0
681.259,0
681.365,3
681.471,2
681.577,4
681.684,0
681.79,25
681.896,14
682.002,0
682.108,0
682.214,0
682.321,0
682.427,1
682.533,86
682.639,76
682.745,68
682.851,14
682.958,0
683.064,0
683.17,9
683.276,0
683.382,1
683.488,28
683.595,21
683.701,4
683.807,8
683.913,8
684.019,0
684.125,0
684.231,7
684.338,0
684.444,0
684.55,10
684.656,15
684.762,0
684.868,7
684.975,0
685.081,8
685.187,0
685.293,5
685.399,0
685.505,4
685.611,5
685.718,0
685.824,0
685.93,0
686.036,3
686.142,0
686.248,4
686.355,0
686.461,0
686.567,8
686.673,0
686.779,5
686.885,7
686.991,0
687.098,26
687.204,32
687.31,0
687.416,5
687.522,0
687.628,17
687.735,0
687.841,0
687.947,2
688.053,0
688.159,9
688.265,12
688.371,1
688.478,1
688.584,13
688.69,0
688.796,0
688.902,0
689.008,4
689.114,0
689.221,0
689.327,24
689.433,43
689.539,29
689.645,3
689.751,17
689.857,14
689.964,0
690.07,0
690.176,0
690.282,0
690.388,7
690.494,0
690.6,31
690.707,0
690.813,0
690.919,0
691.025,0
691.131,0
691.237,13
691.343,0
691.45,2
691.556,0
691.662,0
691.768,24
691.874,8
691.98,0
692.086,5
692.193,0
692.299,0
692.405,18
692.511,0
692.617,10
692.723,1
692.829,18
692.935,8
693.042,14
693.148,0
693.254,44
693.36,0
693.466,4
693.572,0
693.678,8
693.785,0
693.891,0
693.997,4
694.103,0
694.209,6
694.315,0
694.421,5
694.527,17
694.634,3
694.74,4
694.846,0
694.952,0
695.058,0
695.164,0
695.27,20
695.376,0
695.483,0
695.589,0
695.695,0
695.801,22
695.907,1
696.013,1
696.119,0
696.225,0
696.332,0
696.438,32
696.544,15
696.65,0
696.756,7
696.862,0
696.968,3
697.074,0
697.181,0
697.287,7
697.393,0
697.499,0
697.605,13
697.711,0
697.817,5
697.923,9
698.03,0
698.136,2
698.242,13
698.348,0
698.454,11
698.56,0
698.666,0
698.772,11
698.879,0
698.985,0
699.091,0
699.197,0
699.303,5
699.409,1
699.515,6
