59.6745,3
59.7814,3
59.8883,28
59.9952,30
60.1021,0
60.209,0
60.3159,4
60.4228,15
60.5296,18
60.6365,15
60.7434,4
60.8503,24
60.9572,0
61.0641,16
61.171,28
61.2779,19
61.3848,31
61.4917,16
61.5986,0
61.7055,14
61.8124,0
61.9193,21
62.0261,23
62.133,21
62.2399,13
62.3468,27
62.4537,7
62.5606,0
62.6675,0
62.7744,17
62.8813,9
62.9882,3
63.0951,0
63.202,0
63.3089,0
63.4158,33
63.5226,4
63.6295,0
63.7364,0
63.8433,11
63.9502,2
64.0571,18
64.164,0
64.2709,0
64.3778,0
64.4847,0
64.5916,8
64.6985,4
64.8054,8
64.9123,0
65.0192,1
65.1261,0
65.2329,5
65.3398,0
65.4467,53
65.5536,35
65.6605,0
65.7674,0
65.8743,57
65.9812,23
66.0881,13
66.195,20
66.3019,0
66.4088,17
66.5157,17
66.6226,16
66.7295,0
66.8364,4
66.9433,48
67.0502,3
67.157,0
67.2639,0
67.3708,0
67.4777,23
67.5846,3
67.6915,0
67.7984,4
67.9053,2
68.0122,29
68.1191,0
68.226,0
68.3329,16
68.4398,17
68.5467,0
68.6536,23
68.7605,8
68.8674,0
68.9743,22
69.0812,42
69.1881,7
69.295,0
69.4018,0
69.5087,32
69.6156,10
69.7225,0
69.8294,16
69.9363,0
70.0432,19
70.1501,0
70.257,0
70.3639,0
70.4708,0
70.5777,51
70.6846,53
70.7915,0
70.8984,0
71.0053,27
71.1122,0
71.2191,0
71.326,4
71.4329,0
71.5398,0
71.6467,0
71.7536,13
71.8605,13
71.9674,2
72.0742,11
72.1811,7
72.288,21
72.3949,4
72.5018,0
72.6087,10
72.7156,2
72.8225,10
72.9294,0
73.0363,6
73.1432,1
73.2501,0
73.357,9
73.4639,17
73.5708,6
73.6777,0
73.7846,22
73.8915,12
73.9984,6
74.1053,9
74.2122,12
74.3191,7
74.426,7
74.5329,0
74.6398,10
74.7467,37
74.8536,14
74.9605,11
75.0674,0
75.1743,4
75.2812,30
75.3881,3
75.495,0
75.6019,10
75.7088,17
75.8157,2
75.9225,6
76.0294,22
76.1363,17
76.2432,5
76.3501,0
76.457,2
76.5639,0
76.6708,0
76.7777,0
76.8846,1
76.9915,0
77.0984,11
77.2053,5
77.3122,0
77.4191,0
77.526,19
77.6329,32
77.7398,0
77.8467,0
77.9536,18
78.0605,0
78.1674,0
78.2743,3
78.3812,4
78.4881,0
78.595,0
78.7019,10
78.8088,0
78.9157,12
79.0226,0
79.1295,22
79.2364,17
79.3433,16
79.4502,21
79.5571,0
79.664,1
79.7709,12
79.8778,0
79.9847,0
80.0916,9
80.1985,2
80.3054,13
80.4123,0
80.5192,12
80.6261,0
80.733,5
80.8399,17
80.9468,0
81.0537,0
81.1606,0
81.2675,52
81.3744,24
81.4813,10
81.5882,0
81.6951,0
81.802,4
81.9089,0
82.0158,11
82.1227,12
82.2296,0
82.3365,3
82.4434,14
82.5503,0
82.6572,0
82.7641,23
82.871,7
82.9779,0
83.0848,0
83.1917,39
83.2986,0
83.4055,0
83.5124,0
83.6193,26
83.7262,19
83.8331,0
83.94,10
84.0469,14
84.1538,22
84.2607,6
84.3676,16
84.4745,17
84.5814,0
84.6883,16
84.7952,0
84.9021,0
85.009,15
85.1159,0
85.2228,3
85.3297,19
85.4366,2
85.5435,6
85.6504,0
85.7573,0
85.8642,16
85.9711,19
86.078,0
86.1849,0
86.2918,9
86.3987,8
86.5056,7
86.6125,0
86.7194,33
86.8263,0
86.9332,7
87.0401,15
87.147,0
87.2539,0
87.3608,0
87.4677,38
87.5746,8
87.6815,0
87.7884,5
87.8953,0
88.0022,0
88.1091,17
88.216,26
88.3229,4
88.4298,0
88.5367,0
88.6436,7
88.7505,11
88.8574,14
88.9643,12
89.0712,0
89.1781,22
89.285,11
89.3919,8
89.4988,18
89.6057,12
89.7126,0
89.8195,0
89.9264,0
90.0334,6
90.1403,0
90.2472,0
90.3541,0
90.461,5
90.5679,0
90.6748,7
90.7817,18
90.8886,0
90.9955,7
91.1024,0
91.2093,0
91.3162,8
91.4231,0
91.53,3
91.6369,22
91.7438,0
91.8507,12
91.9576,48
92.0645,45
92.1714,0
92.2783,0
92.3852,6
92.4921,24
92.599,11
92.7059,0
92.8128,2
92.9197,15
93.0266,10
93.1335,8
93.2404,0
93.3473,23
93.4542,12
93.5611,0
93.668,4
93.7749,5
93.8818,9
93.9887,0
94.0956,23
94.2025,27
94.3095,0
94.4164,0
94.5233,0
94.6302,21
94.7371,19
94.844,0
94.9509,17
95.0578,27
95.1647,0
95.2716,8
95.3785,8
95.4854,0
95.5923,13
95.6992,5
95.8061,0
95.913,0
96.0199,0
96.1268,9
96.2337,0
96.3406,0
96.4475,10
96.5544,15
96.6613,10
96.7682,10
96.8751,24
96.982,0
97.0889,38
97.1958,36
97.3027,0
97.4097,15
97.5166,0
97.6235,5
97.7304,0
97.8373,5
97.9442,0
98.0511,10
98.158,37
98.2649,14
98.3718,10
98.4787,22
98.5856,28
98.6925,8
98.7994,9
98.9063,23
99.0132,0
99.1201,0
99.227,40
99.3339,5
99.4408,0
99.5477,0
99.6546,10
99.7615,6
99.8684,0
99.9753,6
100.082,0
100.189,0
100.296,0
100.403,23
100.51,29
100.617,12
100.724,0
100.831,0
100.937,5
101.044,30
101.151,19
101.258,0
101.365,37
101.472,18
101.579,15
101.686,0
101.793,28
101.9,11
102.007,10
102.113,8
102.22,10
102.327,1
102.434,0
102.541,0
102.648,16
102.755,42
102.862,13
102.969,1
103.076,0
103.182,10
103.289,30
103.396,16
103.503,20
103.61,3
103.717,14
103.824,0
103.931,0
104.038,14
104.145,0
104.252,0
104.358,8
104.465,38
104.572,0
104.679,0
104.786,24
104.893,19
105,0
105.107,0
105.214,17
105.321,24
105.427,11
105.534,0
105.641,0
105.748,24
105.855,0
105.962,0
106.069,10
106.176,0
106.283,0
106.39,17
106.497,18
106.603,13
106.71,3
106.817,29
106.924,0
107.031,23
107.138,11
107.245,0
107.352,0
107.459,0
107.566,28
107.673,5
107.779,0
107.886,0
107.993,13
108.1,32
108.207,8
108.314,0
108.421,32
108.528,13
108.635,4
108.742,0
108.848,6
108.955,16
109.062,13
109.169,0
109.276,0
109.383,0
109.49,8
109.597,0
109.704,0
109.811,0
109.918,8
110.024,10
110.131,21
110.238,24
110.345,14
110.452,29
110.559,0
110.666,0
110.773,7
110.88,17
110.987,0
111.094,1
111.2,0
111.307,0
111.414,14
111.521,0
111.628,0
111.735,16
111.842,9
111.949,6
112.056,0
112.163,0
112.269,5
112.376,0
112.483,0
112.59,15
112.697,17
112.804,4
112.911,24
113.018,2
113.125,0
113.232,0
113.339,20
113.445,22
113.552,2
113.659,0
113.766,0
113.873,0
113.98,8
114.087,2
114.194,0
114.301,4
114.408,2
114.515,11
114.621,0
114.728,5
114.835,0
114.942,27
115.049,22
115.156,14
115.263,17
115.37,23
115.477,0
115.584,0
115.69,0
115.797,5
115.904,0
116.011,0
116.118,0
116.225,0
116.332,0
116.439,26
116.546,5
116.653,9
116.76,0
116.866,0
116.973,0
117.08,4
117.187,14
117.294,4
117.401,18
117.508,0
117.615,23
117.722,20
117.829,0
117.936,6
118.042,16
118.149,10
118.256,19
118.363,0
118.47,3
118.577,16
118.684,0
118.791,0
118.898,0
119.005,6
119.112,0
119.218,1
119.325,31
119.432,16
119.539,14
119.646,5
119.753,26
119.86,7
119.967,3
120.074,9
120.181,17
120.287,0
120.394,0
120.501,8
120.608,1
120.715,0
120.822,18
120.929,32
121.036,15
121.143,0
121.25,14
121.357,3
121.463,15
121.57,3
121.677,24
121.784,0
121.891,4
121.998,0
122.105,0
122.212,11
122.319,0
122.426,8
122.533,15
122.639,6
122.746,3
122.853,26
122.96,16
123.067,28
123.174,8
123.281,13
123.388,7
123.495,0
123.602,16
123.709,31
123.815,0
123.922,14
124.029,18
124.136,22
124.243,5
124.35,2
124.457,0
124.564,1
124.671,13
124.778,5
124.885,0
124.991,9
125.098,29
125.205,21
125.312,6
125.419,4
125.526,17
125.633,13
125.74,36
125.847,0
125.954,22
126.061,0
126.167,23
126.274,26
126.381,2
126.488,0
126.595,0
126.702,5
126.809,19
126.916,5
127.023,12
127.13,7
127.236,18
127.343,19
127.45,0
127.557,13
127.664,8
127.771,11
127.878,36
127.985,0
128.092,27
128.199,0
128.306,0
128.412,0
128.519,0
128.626,12
128.733,42
128.84,24
128.947,0
129.054,0
129.161,0
129.268,0
129.375,11
129.482,21
129.588,0
129.695,20
129.802,13
129.909,4
130.016,23
130.123,0
130.23,9
130.337,22
130.444,17
130.551,5
130.658,4
130.764,5
130.871,32
130.978,12
131.085,24
131.192,26
131.299,11
131.406,0
131.513,0
131.62,0
131.727,0
131.834,0
131.94,0
132.047,1
132.154,0
132.261,22
132.368,0
132.475,0
132.582,0
132.689,0
132.796,4
132.903,2
133.01,18
133.116,0
133.223,0
133.33,0
133.437,24
133.544,0
133.651,15
133.758,0
133.865,3
133.972,0
134.079,8
134.186,1
134.292,17
134.399,16
134.506,0
134.613,0
134.72,2
134.827,16
134.934,4
135.041,0
135.148,9
135.255,0
135.362,0
135.468,17
135.575,1
135.682,4
135.789,0
135.896,0
136.003,0
136.11,0
136.217,16
136.324,15
136.431,19
136.538,0
136.644,17
136.751,11
136.858,0
136.965,0
137.072,9
137.179,0
137.286,17
137.393,1
137.5,0
137.607,14
137.714,0
137.82,14
137.927,0
138.034,12
138.141,8
138.248,0
138.355,0
138.462,0
138.569,7
138.676,0
138.783,0
138.89,0
138.996,20
139.103,28
139.21,0
139.317,12
139.424,11
139.531,0
139.638,24
139.745,13
139.852,0
139.959,15
140.065,0
140.172,0
140.279,10
140.386,7
140.493,20
140.6,0
140.707,0
140.814,0
140.921,21
141.028,36
141.135,8
141.241,22
141.348,0
141.455,7
141.562,27
141.669,0
141.776,0
141.883,21
141.99,13
142.097,7
142.204,23
142.311,0
142.417,33
142.524,39
142.631,14
142.738,4
142.845,8
142.952,11
143.059,12
143.166,11
143.273,0
143.38,0
143.487,19
143.593,0
143.7,0
143.807,36
143.914,41
144.021,17
144.128,0
144.235,8
144.342,0
144.449,10
144.556,0
144.663,2
144.769,7
144.876,8
144.983,29
145.09,12
145.197,0
145.304,0
145.411,37
145.518,47
145.625,8
145.732,0
145.839,12
145.945,0
146.052,0
146.159,0
146.266,5
146.373,0
146.48,0
146.587,26
146.694,16
146.801,0
146.908,21
147.015,24
147.121,5
147.228,10
147.335,33
147.442,0
147.549,26
147.656,1
147.763,0
147.87,0
147.977,14
148.084,9
148.191,0
148.297,0
148.404,34
148.511,7
148.618,13
148.725,0
148.832,14
148.939,28
149.046,0
149.153,0
149.26,0
149.367,0
149.473,2
149.58,4
149.687,3
149.794,0
149.901,0
150.008,6
150.115,0
150.222,13
150.329,6
150.436,0
150.543,38
150.649,22
150.756,0
150.863,0
150.97,10
151.077,0
151.184,0
151.291,14
151.398,0
151.505,0
151.612,0
151.719,5
151.825,0
151.932,0
152.039,22
152.146,14
152.253,31
152.36,3
152.467,12
152.574,0
152.681,0
152.788,0
152.894,0
153.001,0
153.108,0
153.215,0
153.322,0
153.429,16
153.536,8
153.643,24
153.75,6
153.857,25
153.964,0
154.07,0
154.177,0
154.284,0
154.391,0
154.498,0
154.605,0
154.712,17
154.819,29
154.926,18
155.033,4
155.14,18
155.246,6
155.353,0
155.46,2
155.567,24
155.674,3
155.781,0
155.888,0
155.995,0
156.102,13
156.209,21
156.316,0
156.422,8
156.529,24
156.636,12
156.743,2
156.85,5
156.957,10
157.064,0
157.171,27
157.278,0
157.385,0
157.492,31
157.598,0
157.705,11
157.812,8
157.919,8
158.026,8
158.133,0
158.24,11
158.347,0
158.454,0
158.561,5
158.668,8
158.774,0
158.881,18
158.988,11
159.095,7
159.202,0
159.309,0
159.416,8
159.523,0
159.63,0
159.737,6
159.844,0
159.95,6
160.057,5
160.164,0
160.271,0
160.378,14
160.485,2
160.592,2
160.699,11
160.806,2
160.913,0
161.019,1
161.126,0
161.233,0
161.34,4
161.447,11
161.554,10
161.661,4
161.768,0
161.875,31
161.982,0
162.089,11
162.195,21
162.302,0
162.409,19
162.516,35
162.623,0
162.73,0
162.837,0
162.944,0
163.051,2
163.158,6
163.265,0
163.371,0
163.478,27
163.585,10
163.692,24
163.799,28
163.906,15
164.013,9
164.12,0
164.227,12
164.334,14
164.441,0
164.547,13
164.654,0
164.761,6
164.868,0
164.975,0
165.082,4
165.189,0
165.296,2
165.403,7
165.51,0
165.616,24
165.723,8
165.83,12
165.937,0
166.044,0
166.151,4
166.258,16
166.365,5
166.472,2
166.579,6
166.686,0
166.792,40
166.899,20
167.006,0
167.113,9
167.22,0
167.327,0
167.434,0
167.541,9
167.648,18
167.755,9
167.862,0
167.968,4
168.075,18
168.182,0
168.289,0
168.396,0
168.503,9
168.61,25
168.717,0
168.824,0
168.931,14
169.037,0
169.144,0
169.251,0
169.358,0
169.465,22
169.572,17
169.679,7
169.786,0
169.893,10
170,0
170.107,16
170.213,0
170.32,9
170.427,0
170.534,9
170.641,3
170.748,0
170.855,2
170.962,0
171.069,0
171.176,29
171.283,0
171.389,11
171.496,0
171.603,9
171.71,7
171.817,15
171.924,8
172.031,0
172.138,34
172.245,0
172.352,8
172.458,5
172.565,0
172.672,0
172.779,31
172.886,0
172.993,2
173.1,0
173.207,0
173.314,0
173.421,0
173.528,0
173.634,13
173.741,0
173.848,0
173.955,0
174.062,4
174.169,3
174.276,3
174.383,0
174.49,0
174.597,39
174.704,25
174.81,0
174.917,0
175.024,18
175.131,17
175.238,0
175.345,7
175.452,14
175.559,0
175.666,0
175.773,1
175.879,16
175.986,16
176.093,0
176.2,6
176.307,25
176.414,33
176.521,0
176.628,22
176.735,37
176.842,7
176.949,9
177.055,0
177.162,12
177.269,2
177.376,0
177.483,45
177.59,17
177.697,0
177.804,50
177.911,0
178.018,21
178.124,12
178.231,24
178.338,1
178.445,0
178.552,0
178.659,0
178.766,31
178.873,0
178.98,102
179.087,135
179.194,42
179.3,6
179.407,0
179.514,0
179.621,0
179.728,14
179.835,7
179.942,4
180.049,3
180.156,22
180.263,17
180.369,15
180.476,0
180.583,7
180.69,10
180.797,0
180.904,0
181.011,21
181.118,0
181.225,0
181.332,21
181.439,25
181.545,0
181.652,0
181.759,19
181.866,0
181.973,15
182.08,6
182.187,19
182.294,0
182.401,0
182.508,0
182.614,6
182.721,0
182.828,25
182.935,14
183.042,16
183.149,0
183.256,20
183.363,13
183.47,37
183.577,25
183.683,26
183.79,28
183.897,40
184.004,29
184.111,30
184.218,2
184.325,0
184.432,0
184.539,0
184.646,17
184.753,33
184.859,14
184.966,3
185.073,4
185.18,16
185.287,0
185.394,54
185.501,63
185.608,26
185.715,16
185.822,0
185.928,4
186.035,44
186.142,4
186.249,2
186.356,3
186.463,14
186.57,13
186.677,25
186.784,4
186.891,18
186.997,0
187.104,0
187.211,6
187.318,0
187.425,0
187.532,0
187.639,1
187.746,0
187.853,0
187.96,0
188.067,0
188.173,32
188.28,13
188.387,0
188.494,0
188.601,3
188.708,0
188.815,0
188.922,0
189.029,8
189.136,35
189.242,9
189.349,4
189.456,8
189.563,0
189.67,13
189.777,0
189.884,13
189.991,15
190.098,17
190.205,0
190.311,16
190.418,14
190.525,17
190.632,0
190.739,21
190.846,20
190.953,13
191.06,26
191.167,7
191.274,0
191.38,5
191.487,33
191.594,0
191.701,9
191.808,1
191.915,8
192.022,12
192.129,0
192.236,0
192.343,16
192.45,0
192.556,0
192.663,8
192.77,15
192.877,0
192.984,30
193.091,17
193.198,0
193.305,3
193.412,0
193.519,0
193.625,0
193.732,2
193.839,0
193.946,9
194.053,8
194.16,0
194.267,0
194.374,10
194.481,0
194.588,0
194.694,4
194.801,0
194.908,7
195.015,4
195.122,0
195.229,20
195.336,11
195.443,3
195.55,9
195.657,24
195.763,0
195.87,6
195.977,4
196.084,5
196.191,0
196.298,0
196.405,14
196.512,0
196.619,0
196.726,0
196.832,5
196.939,30
197.046,14
197.153,27
197.26,1
197.367,0
197.474,0
197.581,0
197.688,24
197.795,16
197.901,0
198.008,25
198.115,5
198.222,0
198.329,2
198.436,9
198.543,4
198.65,0
198.757,0
198.864,36
198.97,40
199.077,0
199.184,0
199.291,0
199.398,0
199.505,1
199.612,0
199.719,13
199.826,0
199.933,19
200.039,0
200.146,0
200.253,0
200.36,32
200.467,15
200.574,13
200.681,0
200.788,7
200.895,4
201.002,0
201.108,12
201.215,19
201.322,0
201.429,0
201.536,5
201.643,1
201.75,0
201.857,0
201.964,0
202.071,2
202.177,12
202.284,7
202.391,0
202.498,0
202.605,21
202.712,21
202.819,0
202.926,2
203.033,21
203.14,7
203.246,0
203.353,27
203.46,0
203.567,4
203.674,3
203.781,2
203.888,2
203.995,0
204.102,0
204.208,0
204.315,12
204.422,4
204.529,0
204.636,25
204.743,2
204.85,0
204.957,7
205.064,4
205.171,0
205.277,14
205.384,2
205.491,0
205.598,2
205.705,0
205.812,8
205.919,20
206.026,15
206.133,14
206.24,0
206.346,6
206.453,1
206.56,0
206.667,0
206.774,0
206.881,0
206.988,2
207.095,0
207.202,4
207.309,0
207.415,28
207.522,0
207.629,20
207.736,17
207.843,10
207.95,0
208.057,0
208.164,0
208.271,0
208.377,0
208.484,7
208.591,0
208.698,4
208.805,0
208.912,2
209.019,18
209.126,26
209.233,0
209.34,5
209.446,0
209.553,27
209.66,10
209.767,13
209.874,6
209.981,0
210.088,7
210.195,1
210.302,11
210.409,0
210.515,0
210.622,0
210.729,19
210.836,0
210.943,0
211.05,0
211.157,0
211.264,10
211.371,10
211.477,0
211.584,3
211.691,0
211.798,9
211.905,0
212.012,22
212.119,5
212.226,2
212.333,7
212.44,0
212.546,0
212.653,0
212.76,31
212.867,9
212.974,3
213.081,0
213.188,0
213.295,28
213.402,0
213.508,4
213.615,11
213.722,7
213.829,12
213.936,23
214.043,0
214.15,44
214.257,0
214.364,9
214.471,0
214.577,0
214.684,0
214.791,0
214.898,24
215.005,0
215.112,0
215.219,2
215.326,11
215.433,12
215.539,23
215.646,32
215.753,17
215.86,0
215.967,0
216.074,28
216.181,0
216.288,0
216.395,0
216.502,38
216.608,0
216.715,0
216.822,6
216.929,0
217.036,0
217.143,0
217.25,0
217.357,0
217.464,15
217.57,20
217.677,17
217.784,10
217.891,2
217.998,0
218.105,3
218.212,11
218.319,0
218.426,0
218.532,30
218.639,13
218.746,0
218.853,5
218.96,6
219.067,0
219.174,3
219.281,13
219.388,6
219.495,0
219.601,0
219.708,1
219.815,0
219.922,0
220.029,4
220.136,0
220.243,0
220.35,69
220.457,28
220.563,0
220.67,21
220.777,27
220.884,0
220.991,0
221.098,0
221.205,0
221.312,0
221.419,0
221.525,17
221.632,0
221.739,24
221.846,14
221.953,9
222.06,3
222.167,11
222.274,0
222.381,0
222.488,10
222.594,0
222.701,0
222.808,0
222.915,16
223.022,2
223.129,0
223.236,5
223.343,0
223.45,7
223.556,0
223.663,0
223.77,0
223.877,0
223.984,17
224.091,13
224.198,0
224.305,12
224.412,13
224.518,0
224.625,0
224.732,9
224.839,20
224.946,0
225.053,0
225.16,19
225.267,0
225.374,0
225.48,0
225.587,38
225.694,11
225.801,0
225.908,6
226.015,18
226.122,32
226.229,18
226.336,11
226.442,13
226.549,0
226.656,7
226.763,20
226.87,8
226.977,0
227.084,4
227.191,30
227.298,0
227.404,1
227.511,0
227.618,0
227.725,29
227.832,1
227.939,0
228.046,0
228.153,3
228.26,21
228.366,0
228.473,0
228.58,0
228.687,11
228.794,8
228.901,0
229.008,0
229.115,1
229.222,0
229.328,0
229.435,6
229.542,6
229.649,0
229.756,0
229.863,9
229.97,0
230.077,9
230.184,0
230.29,0
230.397,3
230.504,4
230.611,0
230.718,0
230.825,0
230.932,23
231.039,20
231.146,0
231.252,0
231.359,19
231.466,11
231.573,0
231.68,0
231.787,0
231.894,0
232.001,8
232.108,0
232.214,0
232.321,1
232.428,2
232.535,0
232.642,0
232.749,0
232.856,1
232.963,0
233.07,6
233.176,0
233.283,0
233.39,0
233.497,14
233.604,0
233.711,17
233.818,15
233.925,6
234.031,0
234.138,0
234.245,15
234.352,12
234.459,0
234.566,0
234.673,9
234.78,20
234.887,0
234.993,0
235.1,26
235.207,20
235.314,0
235.421,29
235.528,16
235.635,0
235.742,0
235.849,0
235.955,0
236.062,0
236.169,0
236.276,10
236.383,0
236.49,12
236.597,0
236.704,0
236.81,0
236.917,0
237.024,4
237.131,0
237.238,8
237.345,14
237.452,18
237.559,0
237.666,0
237.772,0
237.879,8
237.986,2
238.093,22
238.2,0
238.307,19
238.414,38
238.521,0
238.628,0
238.734,0
238.841,0
238.948,0
239.055,0
239.162,15
239.269,9
239.376,0
239.483,0
239.589,5
239.696,6
239.803,16
239.91,0
240.017,11
240.124,17
240.231,0
240.338,0
240.445,4
240.551,6
240.658,28
240.765,0
240.872,0
240.979,0
241.086,21
241.193,9
241.3,5
241.406,9
241.513,0
241.62,46
241.727,27
241.834,0
241.941,52
242.048,38
242.155,39
242.262,4
242.368,0
242.475,38
242.582,138
242.689,66
242.796,35
242.903,4
243.01,0
243.117,20
243.223,0
243.33,16
243.437,17
243.544,6
243.651,15
243.758,0
243.865,40
243.972,3
244.079,0
244.185,0
244.292,0
244.399,0
244.506,0
244.613,0
244.72,0
244.827,0
244.934,20
245.04,24
245.147,0
245.254,0
245.361,12
245.468,0
245.575,4
245.682,0
245.789,10
245.896,2
246.002,0
246.109,2
246.216,3
246.323,0
246.43,35
246.537,0
246.644,0
246.751,0
246.857,22
246.964,5
247.071,0
247.178,0
247.285,19
247.392,0
247.499,0
247.606,0
247.712,8
247.819,6
247.926,10
248.033,0
248.14,7
248.247,47
248.354,0
248.461,0
248.567,18
248.674,15
248.781,0
248.888,0
248.995,17
249.102,0
249.209,16
249.316,0
249.423,3
249.529,0
249.636,43
249.743,59
249.85,32
249.957,31
250.064,0
250.171,13
250.278,28
250.384,0
250.491,0
250.598,10
250.705,0
250.812,0
250.919,20
251.026,0
251.133,0
251.239,18
251.346,17
251.453,6
251.56,4
251.667,5
251.774,160
251.881,188
251.988,61
252.094,0
252.201,0
252.308,31
252.415,3
252.522,0
252.629,13
252.736,0
252.843,0
252.949,29
253.056,214
253.163,197
253.27,74
253.377,19
253.484,0
253.591,0
253.698,0
253.804,16
253.911,14
254.018,0
254.125,26
254.232,18
254.339,0
254.446,0
254.553,0
254.659,6
254.766,13
254.873,0
254.98,4
255.087,0
255.194,0
255.301,11
255.408,3
255.514,0
255.621,0
255.728,0
255.835,22
255.942,0
256.049,0
256.156,7
256.263,4
256.369,26
256.476,14
256.583,0
256.69,0
256.797,18
256.904,22
257.011,0
257.118,0
257.224,16
257.331,12
257.438,0
257.545,0
257.652,14
257.759,18
257.866,0
257.973,0
258.079,22
258.186,2
258.293,0
258.4,5
258.507,0
258.614,0
258.721,15
258.828,24
258.934,0
259.041,15
259.148,0
259.255,0
259.362,21
259.469,0
259.576,0
259.683,0
259.789,24
259.896,2
260.003,0
260.11,0
260.217,7
260.324,11
260.431,0
260.537,0
260.644,13
260.751,0
260.858,0
260.965,0
261.072,15
261.179,0
261.286,0
261.392,8
261.499,12
261.606,0
261.713,0
261.82,0
261.927,0
262.034,14
262.141,13
262.247,0
262.354,14
262.461,18
262.568,2
262.675,8
262.782,0
262.889,0
262.996,34
263.102,26
263.209,7
263.316,0
263.423,0
263.53,6
263.637,0
263.744,0
263.85,24
263.957,11
264.064,13
264.171,28
264.278,0
264.385,0
264.492,37
264.599,9
264.705,0
264.812,0
264.919,0
265.026,0
265.133,0
265.24,0
265.347,3
265.454,5
265.56,0
265.667,11
265.774,0
265.881,0
265.988,12
266.095,32
266.202,0
266.308,0
266.415,12
266.522,0
266.629,4
266.736,6
266.843,0
266.95,0
267.057,37
267.163,13
267.27,35
267.377,0
267.484,6
267.591,0
267.698,19
267.805,7
267.911,26
268.018,28
268.125,18
268.232,0
268.339,3
268.446,27
268.553,6
268.66,6
268.766,2
268.873,0
268.98,0
269.087,0
269.194,0
269.301,0
269.408,8
269.514,3
269.621,10
269.728,0
269.835,1
269.942,17
270.049,3
270.156,0
270.263,17
270.369,0
270.476,0
270.583,24
270.69,0
270.797,6
270.904,14
271.011,4
271.117,0
271.224,0
271.331,35
271.438,8
271.545,0
271.652,0
271.759,5
271.866,23
271.972,1
272.079,0
272.186,0
272.293,1
272.4,0
272.507,0
272.614,3
272.72,20
272.827,20
272.934,20
273.041,0
273.148,14
273.255,0
273.362,0
273.468,0
273.575,0
273.682,26
273.789,5
273.896,2
274.003,3
274.11,8
274.217,7
274.323,0
274.43,0
274.537,0
274.644,16
274.751,27
274.858,1
274.965,2
275.071,3
275.178,0
275.285,12
275.392,48
275.499,29
275.606,17
275.713,8
275.819,0
275.926,79
276.033,82
276.14,24
276.247,0
276.354,0
276.461,18
276.567,0
276.674,0
276.781,0
276.888,0
276.995,25
277.102,1
277.209,0
277.315,13
277.422,0
277.529,0
277.636,0
277.743,4
277.85,8
277.957,4
278.064,13
278.17,0
278.277,0
278.384,9
278.491,0
278.598,0
278.705,0
278.812,1
278.918,34
279.025,27
279.132,0
279.239,3
279.346,0
279.453,0
279.56,3
279.666,0
279.773,0
279.88,8
279.987,2
280.094,3
280.201,9
280.308,0
280.414,16
280.521,9
280.628,2
280.735,0
280.842,14
280.949,0
281.056,0
281.162,0
281.269,0
281.376,0
281.483,0
281.59,15
281.697,1
281.804,0
281.91,9
282.017,32
282.124,8
282.231,1
282.338,2
282.445,10
282.552,5
282.658,0
282.765,15
282.872,25
282.979,0
283.086,2
283.193,5
283.3,7
283.406,0
283.513,0
283.62,5
283.727,8
283.834,0
283.941,9
284.048,10
284.154,0
284.261,0
284.368,42
284.475,40
284.582,6
284.689,10
284.796,0
284.902,0
285.009,16
285.116,40
285.223,17
285.33,15
285.437,11
285.544,13
285.65,16
285.757,5
285.864,9
285.971,34
286.078,0
286.185,0
286.292,7
286.398,24
286.505,0
286.612,0
286.719,0
286.826,24
286.933,0
287.039,15
287.146,4
287.253,0
287.36,0
287.467,9
287.574,15
287.681,3
287.787,0
287.894,0
288.001,6
288.108,10
288.215,3
288.322,3
288.429,14
288.535,16
288.642,2
288.749,10
288.856,30
288.963,6
289.07,0
289.177,17
289.283,4
289.39,2
289.497,0
289.604,0
289.711,0
289.818,0
289.924,10
290.031,0
290.138,3
290.245,10
290.352,2
290.459,0
290.566,35
290.672,0
290.779,14
290.886,11
290.993,3
291.1,0
291.207,0
291.314,8
291.42,36
291.527,13
291.634,0
291.741,7
291.848,17
291.955,62
292.062,38
292.168,15
292.275,1
292.382,0
292.489,0
292.596,0
292.703,0
292.809,4
292.916,13
293.023,0
293.13,0
293.237,0
293.344,0
293.451,0
293.557,8
293.664,14
293.771,8
293.878,13
293.985,12
294.092,19
294.198,20
294.305,0
294.412,0
294.519,19
294.626,0
294.733,0
294.84,14
294.946,0
295.053,23
295.16,58
295.267,3
295.374,0
295.481,0
295.588,14
295.694,0
295.801,9
295.908,53
296.015,19
296.122,12
296.229,0
296.335,34
296.442,23
296.549,0
296.656,16
296.763,14
296.87,8
296.977,0
297.083,6
297.19,0
297.297,2
297.404,37
297.511,116
297.618,67
297.724,0
297.831,0
297.938,0
298.045,2
298.152,0
298.259,3
298.365,0
298.472,0
298.579,0
298.686,15
298.793,13
298.9,10
299.007,0
299.113,0
299.22,0
299.327,6
299.434,5
299.541,0
299.648,8
299.754,14
299.861,0
299.968,0
300.075,33
300.182,39
300.289,0
300.396,0
300.502,0
300.609,0
300.716,3
300.823,0
300.93,1
301.037,8
301.143,0
301.25,0
301.357,4
301.464,4
301.571,0
301.678,0
301.784,2
301.891,0
301.998,14
302.105,4
302.212,0
302.319,1
302.426,0
302.532,0
302.639,0
302.746,49
302.853,72
302.96,44
303.067,2
303.173,0
303.28,0
303.387,0
303.494,0
303.601,0
303.708,0
303.814,4
303.921,21
304.028,9
304.135,0
304.242,2
304.349,0
304.456,0
304.562,7
304.669,22
304.776,21
304.883,0
304.99,28
305.097,58
305.203,53
305.31,0
305.417,7
305.524,0
305.631,0
305.738,24
305.844,46
305.951,18
306.058,0
306.165,0
306.272,6
306.379,0
306.485,0
306.592,0
306.699,25
306.806,3
306.913,13
307.02,0
307.126,22
307.233,15
307.34,0
307.447,18
307.554,0
307.661,0
307.767,0
307.874,0
307.981,10
308.088,6
308.195,0
308.302,0
308.409,40
308.515,0
308.622,28
308.729,0
308.836,0
308.943,0
309.05,4
309.156,0
309.263,0
309.37,0
309.477,11
309.584,0
309.691,9
309.797,35
309.904,26
310.011,21
310.118,8
310.225,0
310.332,4
310.438,4
310.545,14
310.652,20
310.759,125
310.866,112
310.973,38
311.079,5
311.186,32
311.293,7
311.4,0
311.507,11
311.614,7
311.72,0
311.827,22
311.934,1
312.041,0
312.148,0
312.255,0
312.361,10
312.468,0
312.575,0
312.682,7
312.789,0
312.896,0
313.002,0
313.109,0
313.216,3
313.323,11
313.43,40
313.537,45
313.643,0
313.75,0
313.857,0
313.964,20
314.071,0
314.178,11
314.284,0
314.391,0
314.498,16
314.605,14
314.712,0
314.819,0
314.925,5
315.032,6
315.139,5
315.246,13
315.353,3
315.46,0
315.566,8
315.673,0
315.78,0
315.887,0
315.994,0
316.1,0
316.207,0
316.314,0
316.421,47
316.528,46
316.635,4
316.741,6
316.848,14
316.955,0
317.062,0
317.169,9
317.276,0
317.382,0
317.489,0
317.596,0
317.703,0
317.81,6
317.917,29
318.023,0
318.13,35
318.237,14
318.344,15
318.451,7
318.558,20
318.664,0
318.771,5
318.878,0
318.985,11
319.092,0
319.199,15
319.305,5
319.412,1
319.519,17
319.626,11
319.733,29
319.839,0
319.946,0
320.053,4
320.16,6
320.267,0
320.374,0
320.48,3
320.587,30
320.694,0
320.801,0
320.908,18
321.015,15
321.121,8
321.228,0
321.335,17
321.442,2
321.549,16
321.655,0
321.762,0
321.869,0
321.976,19
322.083,0
322.19,0
322.296,0
322.403,0
322.51,0
322.617,16
322.724,1
322.831,0
322.937,0
323.044,34
323.151,34
323.258,11
323.365,15
323.472,0
323.578,19
323.685,0
323.792,12
323.899,0
324.006,0
324.112,4
324.219,4
324.326,15
324.433,11
324.54,0
324.647,0
324.753,0
324.86,26
324.967,78
325.074,35
325.181,34
325.287,0
325.394,2
325.501,0
325.608,157
325.715,123
325.822,52
325.928,0
326.035,2
326.142,0
326.249,0
326.356,0
326.463,15
326.569,28
326.676,26
326.783,41
326.89,0
326.997,0
327.103,37
327.21,53
327.317,0
327.424,0
327.531,26
327.638,19
327.744,0
327.851,0
327.958,110
328.065,112
328.172,30
328.278,0
328.385,12
328.492,8
328.599,0
328.706,5
328.813,0
328.919,18
329.026,33
329.133,27
329.24,0
329.347,6
329.453,0
329.56,24
329.667,0
329.774,0
329.881,0
329.988,4
330.094,4
330.201,0
330.308,0
330.415,10
330.522,24
330.628,16
330.735,0
330.842,0
330.949,0
331.056,0
331.162,5
331.269,0
331.376,0
331.483,34
331.59,34
331.697,11
331.803,22
331.91,0
332.017,0
332.124,0
332.231,15
332.337,7
332.444,0
332.551,14
332.658,0
332.765,21
332.872,1
332.978,0
333.085,10
333.192,16
333.299,0
333.406,0
333.512,1
333.619,10
333.726,1
333.833,0
333.94,9
334.046,4
334.153,5
334.26,22
334.367,0
334.474,20
334.581,5
334.687,39
334.794,23
334.901,0
335.008,0
335.115,27
335.221,1
335.328,0
335.435,16
335.542,21
335.649,2
335.755,0
335.862,2
335.969,0
336.076,13
336.183,0
336.29,0
336.396,9
336.503,18
336.61,3
336.717,8
336.824,25
336.93,7
337.037,13
337.144,0
337.251,1
337.358,24
337.464,18
337.571,0
337.678,0
337.785,28
337.892,37
337.998,0
338.105,0
338.212,10
338.319,0
338.426,0
338.533,16
338.639,0
338.746,0
338.853,15
338.96,0
339.067,10
339.173,4
339.28,14
339.387,0
339.494,0
339.601,34
339.707,13
339.814,0
339.921,7
340.028,15
340.135,2
340.241,16
340.348,6
340.455,0
340.562,11
340.669,2
340.775,0
340.882,5
340.989,6
341.096,0
341.203,0
341.309,5
341.416,4
341.523,6
341.63,0
341.737,23
341.844,0
341.95,4
342.057,0
342.164,12
342.271,0
342.378,58
342.484,46
342.591,11
342.698,0
342.805,0
342.912,24
343.018,14
343.125,0
343.232,0
343.339,42
343.446,50
343.552,29
343.659,19
343.766,0
343.873,25
343.98,4
344.086,6
344.193,8
344.3,8
344.407,3
344.514,7
344.62,15
344.727,14
344.834,0
344.941,24
345.048,0
345.154,20
345.261,7
345.368,0
345.475,7
345.582,14
345.688,7
345.795,33
345.902,11
346.009,35
346.116,8
346.222,0
346.329,10
346.436,0
346.543,0
346.65,0
346.756,2
346.863,8
346.97,2
347.077,0
347.184,10
347.29,1
347.397,3
347.504,0
347.611,21
347.718,13
347.824,0
347.931,0
348.038,22
348.145,13
348.252,0
348.358,0
348.465,44
348.572,18
348.679,0
348.786,0
348.892,10
348.999,0
349.106,8
349.213,9
349.32,18
349.426,0
349.533,0
349.64,0
349.747,39
349.854,21
349.96,17
350.067,23
350.174,5
350.281,0
350.388,0
350.494,0
350.601,37
350.708,12
350.815,17
350.922,0
351.028,0
351.135,2
351.242,0
351.349,17
351.456,39
351.562,23
351.669,2
351.776,5
351.883,6
351.989,0
352.096,20
352.203,9
352.31,7
352.417,7
352.523,3
352.63,24
352.737,21
352.844,0
352.951,0
353.057,24
353.164,7
353.271,0
353.378,0
353.485,0
353.591,41
353.698,17
353.805,16
353.912,3
354.019,5
354.125,0
354.232,18
354.339,0
354.446,5
354.553,19
354.659,0
354.766,0
354.873,2
354.98,25
355.086,2
355.193,0
355.3,14
355.407,9
355.514,48
355.62,1
355.727,0
355.834,18
355.941,20
356.048,0
356.154,0
356.261,19
356.368,0
356.475,6
356.582,11
356.688,0
356.795,0
356.902,0
357.009,12
357.115,0
357.222,0
357.329,10
357.436,0
357.543,0
357.649,6
357.756,12
357.863,0
357.97,4
358.077,1
358.183,0
358.29,21
358.397,21
358.504,0
358.61,1
358.717,17
358.824,1
358.931,0
359.038,11
359.144,141
359.251,96
359.358,25
359.465,0
359.572,0
359.678,3
359.785,11
359.892,26
359.999,108
360.105,106
360.212,61
360.319,5
360.426,12
360.533,17
360.639,0
360.746,0
360.853,0
360.96,0
361.067,0
361.173,0
361.28,1
361.387,0
361.494,0
361.6,0
361.707,0
361.814,3
361.921,27
362.028,6
362.134,4
362.241,13
362.348,3
362.455,0
362.562,29
362.668,8
362.775,4
362.882,3
362.989,0
363.095,24
363.202,21
363.309,3
363.416,8
363.523,15
363.629,19
363.736,0
363.843,0
363.95,4
364.056,7
364.163,3
364.27,0
364.377,8
364.484,0
364.59,17
364.697,13
364.804,0
364.911,0
365.017,2
365.124,6
365.231,0
365.338,0
365.445,20
365.551,0
365.658,2
365.765,2
365.872,13
365.979,11
366.085,0
366.192,2
366.299,0
366.406,4
366.512,10
366.619,7
366.726,15
366.833,10
366.94,9
367.046,22
367.153,13
367.26,0
367.367,0
367.473,14
367.58,6
367.687,0
367.794,11
367.9,0
368.007,23
368.114,5
368.221,0
368.328,12
368.434,22
368.541,0
368.648,10
368.755,0
368.861,24
368.968,22
369.075,0
369.182,0
369.289,25
369.395,0
369.502,0
369.609,10
369.716,9
369.822,30
369.929,16
370.036,0
370.143,0
370.25,0
370.356,9
370.463,3
370.57,20
370.677,0
370.783,4
370.89,0
370.997,0
371.104,0
371.211,20
371.317,4
371.424,0
371.531,5
371.638,0
371.744,12
371.851,16
371.958,17
372.065,15
372.171,28
372.278,39
372.385,28
372.492,11
372.599,5
372.705,0
372.812,23
372.919,0
373.026,11
373.132,16
373.239,12
373.346,3
373.453,0
373.559,21
373.666,0
373.773,13
373.88,19
373.987,11
374.093,0
374.2,0
374.307,0
374.414,0
374.52,29
374.627,12
374.734,0
374.841,2
374.947,29
375.054,0
375.161,13
375.268,15
375.375,1
375.481,0
375.588,0
375.695,17
375.802,0
375.908,0
376.015,0
376.122,0
376.229,5
376.335,5
376.442,0
376.549,24
376.656,19
376.763,0
376.869,0
376.976,0
377.083,0
377.19,1
377.296,4
377.403,0
377.51,0
377.617,0
377.723,0
377.83,8
377.937,9
378.044,0
378.15,0
378.257,24
378.364,8
378.471,18
378.578,8
378.684,0
378.791,6
378.898,0
379.005,6
379.111,0
379.218,26
379.325,20
379.432,0
379.538,0
379.645,7
379.752,14
379.859,6
379.965,0
380.072,0
380.179,0
380.286,0
380.392,0
380.499,6
380.606,30
380.713,0
380.82,0
380.926,12
381.033,15
381.14,0
381.247,4
381.353,36
381.46,8
381.567,0
381.674,6
381.78,0
381.887,11
381.994,0
382.101,16
382.207,0
382.314,0
382.421,0
382.528,0
382.634,8
382.741,16
382.848,1
382.955,0
383.061,32
383.168,15
383.275,0
383.382,1
383.488,8
383.595,21
383.702,0
383.809,5
383.916,22
384.022,0
384.129,126
384.236,118
384.343,51
384.449,0
384.556,13
384.663,30
384.77,36
384.876,0
384.983,0
385.09,0
385.197,7
385.303,0
385.41,0
385.517,10
385.624,18
385.73,0
385.837,0
385.944,12
386.051,4
386.157,0
386.264,27
386.371,8
386.478,0
386.584,0
386.691,0
386.798,15
386.905,0
387.011,5
387.118,7
387.225,5
387.332,15
387.438,10
387.545,0
387.652,2
387.759,15
387.865,0
387.972,32
388.079,34
388.186,30
388.292,8
388.399,0
388.506,0
388.613,0
388.719,38
388.826,2
388.933,0
389.04,0
389.146,0
389.253,12
389.36,16
389.467,24
389.573,12
389.68,0
389.787,1
389.894,0
390,13
390.107,6
390.214,0
390.321,4
390.427,0
390.534,6
390.641,0
390.748,0
390.854,19
390.961,0
391.068,0
391.175,23
391.281,47
391.388,0
391.495,0
391.602,4
391.708,0
391.815,0
391.922,0
392.029,16
392.135,0
392.242,6
392.349,17
392.456,22
392.562,10
392.669,21
392.776,0
392.883,0
392.989,7
393.096,6
393.203,0
393.31,11
393.416,0
393.523,27
393.63,0
393.737,0
393.843,14
393.95,19
394.057,0
394.164,0
394.27,25
394.377,4
394.484,12
394.591,0
394.697,26
394.804,24
394.911,17
395.018,0
395.124,0
395.231,0
395.338,30
395.445,14
395.551,0
395.658,0
395.765,10
395.871,17
395.978,3
396.085,4
396.192,3
396.298,0
396.405,27
396.512,19
396.619,11
396.725,0
396.832,0
396.939,2
397.046,0
397.152,0
397.259,20
397.366,0
397.473,0
397.579,6
397.686,17
397.793,21
397.9,0
398.006,14
398.113,32
398.22,0
398.327,0
398.433,0
398.54,3
398.647,0
398.753,49
398.86,39
398.967,0
399.074,14
399.18,0
399.287,0
399.394,9
399.501,0
399.607,0
399.714,9
399.821,1
399.928,10
400.034,47
400.141,200
400.248,161
400.355,76
400.461,0
400.568,16
400.675,0
400.781,0
400.888,0
400.995,0
401.102,4
401.208,2
401.315,0
401.422,0
401.529,1
401.635,0
401.742,0
401.849,30
401.956,25
402.062,0
402.169,0
402.276,0
402.382,5
402.489,6
402.596,13
402.703,0
402.809,0
402.916,0
403.023,0
403.13,0
403.236,0
403.343,0
403.45,38
403.557,0
403.663,0
403.77,0
403.877,0
403.983,0
404.09,0
404.197,26
404.304,0
404.41,123
404.517,129
404.624,18
404.731,0
404.837,0
404.944,12
405.051,0
405.158,22
405.264,0
405.371,0
405.478,9
405.584,0
405.691,41
405.798,0
405.905,31
406.011,69
406.118,27
406.225,2
406.332,0
406.438,0
406.545,17
406.652,0
406.758,0
406.865,0
406.972,8
407.079,9
407.185,14
407.292,5
407.399,0
407.506,0
407.612,23
407.719,6
407.826,0
407.932,0
408.039,7
408.146,0
408.253,0
408.359,21
408.466,0
408.573,0
408.68,31
408.786,0
408.893,0
409,21
409.106,32
409.213,0
409.32,1
409.427,6
409.533,29
409.64,10
409.747,0
409.853,32
409.96,10
410.067,0
410.174,9
410.28,7
410.387,0
410.494,0
410.601,8
410.707,19
410.814,41
410.921,10
411.027,9
411.134,0
411.241,10
411.348,0
411.454,0
411.561,2
411.668,0
411.774,16
411.881,30
411.988,30
412.095,0
412.201,19
412.308,0
412.415,0
412.522,16
412.628,40
412.735,62
412.842,120
412.948,35
413.055,0
413.162,0
413.269,19
413.375,21
413.482,3
413.589,0
413.695,3
413.802,16
413.909,6
414.016,5
414.122,0
414.229,33
414.336,0
414.442,0
414.549,0
414.656,2
414.763,0
414.869,15
414.976,0
415.083,0
415.189,16
415.296,15
415.403,23
415.51,8
415.616,86
415.723,95
415.83,15
415.936,0
416.043,11
416.15,8
416.257,11
416.363,0
416.47,19
416.577,109
416.683,138
416.79,56
416.897,0
417.004,0
417.11,0
417.217,0
417.324,15
417.43,0
417.537,0
417.644,7
417.751,5
417.857,51
417.964,99
418.071,78
418.177,0
418.284,0
418.391,13
418.498,23
418.604,37
418.711,12
418.818,27
418.924,1
419.031,20
419.138,48
419.245,68
419.351,13
419.458,18
419.565,0
419.671,21
419.778,36
419.885,16
419.992,0
420.098,0
420.205,0
420.312,0
420.418,0
420.525,0
420.632,21
420.738,10
420.845,24
420.952,69
421.059,65
421.165,28
421.272,0
421.379,5
421.485,7
421.592,3
421.699,1
421.806,18
421.912,19
422.019,21
422.126,2
422.232,1
422.339,21
422.446,0
422.552,0
422.659,16
422.766,0
422.873,0
422.979,10
423.086,0
423.193,8
423.299,39
423.406,42
423.513,0
423.62,0
423.726,0
423.833,8
423.94,0
424.046,0
424.153,0
424.26,5
424.366,0
424.473,0
424.58,10
424.687,22
424.793,1
424.9,10
425.007,14
425.113,6
425.22,0
425.327,6
425.433,26
425.54,19
425.647,0
425.754,0
425.86,52
425.967,44
426.074,0
426.18,0
426.287,47
426.394,59
426.5,57
426.607,13
426.714,0
426.821,0
426.927,38
427.034,0
427.141,0
427.247,0
427.354,7
427.461,29
427.567,0
427.674,16
427.781,24
427.888,0
427.994,8
428.101,12
428.208,0
428.314,21
428.421,0
428.528,0
428.634,13
428.741,35
428.848,6
428.955,9
429.061,0
429.168,0
429.275,38
429.381,11
429.488,2
429.595,0
429.701,7
429.808,6
429.915,0
430.021,0
430.128,0
430.235,11
430.342,0
430.448,9
430.555,27
430.662,26
430.768,0
430.875,21
430.982,13
431.088,0
431.195,5
431.302,19
431.409,23
431.515,0
431.622,0
431.729,0
431.835,98
431.942,197
432.049,111
432.155,29
432.262,0
432.369,0
432.475,37
432.582,42
432.689,0
432.796,0
432.902,2
433.009,1
433.116,8
433.222,0
433.329,0
433.436,14
433.542,21
433.649,0
433.756,0
433.862,35
433.969,14
434.076,0
434.182,0
434.289,0
434.396,10
434.503,6
434.609,5
434.716,0
434.823,23
434.929,34
435.036,113
435.143,79
435.249,41
435.356,13
435.463,0
435.569,24
435.676,63
435.783,19
435.889,0
435.996,0
436.103,0
436.21,34
436.316,19
436.423,10
436.53,13
436.636,17
436.743,156
436.85,163
436.956,107
437.063,24
437.17,0
437.276,22
437.383,0
437.49,0
437.596,2
437.703,12
437.81,5
437.916,0
438.023,0
438.13,25
438.237,4
438.343,8
438.45,17
438.557,120
438.663,179
438.77,96
438.877,7
438.983,0
439.09,0
439.197,18
439.303,0
439.41,6
439.517,0
439.623,0
439.73,0
439.837,29
439.943,28
440.05,0
440.157,0
440.263,7
440.37,14
440.477,0
440.583,10
440.69,0
440.797,0
440.904,0
441.01,0
441.117,2
441.224,13
441.33,10
441.437,0
441.544,9
441.65,33
441.757,33
441.864,16
441.97,5
442.077,9
442.184,0
442.29,0
442.397,50
442.504,26
442.61,2
442.717,12
442.824,0
442.93,0
443.037,9
443.144,0
443.25,28
443.357,0
443.464,14
443.57,12
443.677,0
443.784,0
443.89,11
443.997,0
444.104,8
444.21,0
444.317,15
444.424,0
444.53,18
444.637,17
444.744,10
444.851,0
444.957,0
445.064,0
445.171,0
445.277,12
445.384,0
445.491,1
445.597,0
445.704,0
445.811,0
445.917,5
446.024,0
446.131,3
446.237,0
446.344,17
446.451,8
446.557,1
446.664,22
446.771,0
446.877,1
446.984,1
447.091,17
447.197,6
447.304,0
447.411,0
447.517,0
447.624,14
447.731,1
447.837,0
447.944,0
448.051,0
448.157,0
448.264,0
448.371,0
448.477,11
448.584,0
448.691,0
448.797,0
448.904,0
449.011,21
449.117,1
449.224,8
449.331,12
449.437,0
449.544,20
449.651,34
449.757,34
449.864,14
449.971,0
450.077,8
450.184,0
450.291,9
450.397,5
450.504,3
450.611,0
450.717,0
450.824,0
450.931,0
451.037,0
451.144,0
451.251,0
451.357,0
451.464,0
451.571,0
451.677,0
451.784,18
451.891,0
451.997,0
452.104,0
452.21,0
452.317,5
452.424,0
452.53,0
452.637,28
452.744,25
452.85,10
452.957,8
453.064,41
453.17,0
453.277,0
453.384,6
453.49,0
453.597,0
453.704,43
453.81,204
453.917,162
454.024,47
454.13,14
454.237,0
454.344,0
454.45,0
454.557,0
454.664,16
454.77,0
454.877,24
454.984,0
455.09,0
455.197,39
455.304,20
455.41,0
455.517,0
455.624,76
455.73,65
455.837,82
455.944,60
456.05,58
456.157,0
456.263,0
456.37,4
456.477,0
456.583,0
456.69,1
456.797,0
456.903,0
457.01,0
457.117,0
457.223,19
457.33,0
457.437,14
457.543,8
457.65,0
457.757,29
457.863,0
457.97,0
458.077,6
458.183,0
458.29,0
458.397,0
458.503,0
458.61,6
458.716,9
458.823,5
458.93,0
459.036,2
459.143,13
459.25,2
459.356,11
459.463,16
459.57,5
459.676,0
459.783,4
459.89,14
459.996,0
460.103,0
460.21,17
460.316,3
460.423,0
460.53,0
460.636,18
460.743,0
460.849,0
460.956,0
461.063,19
461.169,0
461.276,0
461.383,19
461.489,0
461.596,0
461.703,0
461.809,0
461.916,0
462.023,3
462.129,3
462.236,0
462.342,0
462.449,0
462.556,32
462.662,0
462.769,0
462.876,0
462.982,2
463.089,34
463.196,30
463.302,105
463.409,123
463.516,44
463.622,0
463.729,0
463.835,0
463.942,0
464.049,0
464.155,0
464.262,0
464.369,1
464.475,4
464.582,0
464.689,0
464.795,4
464.902,0
465.009,0
465.115,13
465.222,0
465.328,2
465.435,13
465.542,24
465.648,0
465.755,0
465.862,32
465.968,19
466.075,0
466.182,0
466.288,0
466.395,0
466.501,20
466.608,0
466.715,25
466.821,11
466.928,23
467.035,18
467.141,2
467.248,0
467.355,8
467.461,28
467.568,0
467.674,38
467.781,3
467.888,0
467.994,14
468.101,3
468.208,10
468.314,5
468.421,10
468.528,0
468.634,0
468.741,25
468.847,0
468.954,0
469.061,17
469.167,0
469.274,0
469.381,8
469.487,13
469.594,0
469.701,14
469.807,0
469.914,0
470.02,5
470.127,0
470.234,13
470.34,0
470.447,1
470.554,5
470.66,24
470.767,15
470.873,1
470.98,17
471.087,0
471.193,0
471.3,15
471.407,1
471.513,13
471.62,31
471.727,0
471.833,0
471.94,1
472.046,6
472.153,15
472.26,0
472.366,0
472.473,18
472.58,20
472.686,0
472.793,0
472.899,0
473.006,36
473.113,0
473.219,0
473.326,19
473.433,0
473.539,0
473.646,10
473.752,4
473.859,0
473.966,14
474.072,19
474.179,0
474.286,0
474.392,72
474.499,0
474.605,4
474.712,10
474.819,2
474.925,0
475.032,14
475.139,0
475.245,6
475.352,12
475.458,19
475.565,23
475.672,9
475.778,5
475.885,5
475.992,7
476.098,3
476.205,17
476.311,0
476.418,0
476.525,0
476.631,17
476.738,8
476.844,0
476.951,0
477.058,18
477.164,25
477.271,0
477.378,0
477.484,29
477.591,0
477.697,10
477.804,0
477.911,2
478.017,2
478.124,15
478.231,24
478.337,3
478.444,0
478.55,20
478.657,0
478.764,4
478.87,14
478.977,0
479.083,5
479.19,29
479.297,0
479.403,0
479.51,0
479.617,4
479.723,13
479.83,0
479.936,0
480.043,0
480.15,32
480.256,0
480.363,0
480.469,10
480.576,32
480.683,0
480.789,0
480.896,0
481.003,0
481.109,0
481.216,21
481.322,2
481.429,8
481.536,0
481.642,21
481.749,4
481.855,11
481.962,0
482.069,2
482.175,15
482.282,6
482.388,0
482.495,21
482.602,12
482.708,0
482.815,0
482.922,3
483.028,19
483.135,9
483.241,0
483.348,51
483.455,21
483.561,0
483.668,0
483.774,2
483.881,10
483.988,0
484.094,16
484.201,20
484.307,0
484.414,0
484.521,0
484.627,0
484.734,0
484.84,0
484.947,2
485.054,6
485.16,0
485.267,11
485.373,2
485.48,0
485.587,11
485.693,14
485.8,0
485.907,25
486.013,25
486.12,27
486.226,0
486.333,8
486.44,3
486.546,0
486.653,0
486.759,4
486.866,12
486.973,0
487.079,0
487.186,44
487.292,12
487.399,0
487.506,0
487.612,0
487.719,19
487.825,0
487.932,4
488.039,0
488.145,14
488.252,6
488.358,0
488.465,0
488.572,0
488.678,0
488.785,0
488.891,0
488.998,0
489.105,1
489.211,0
489.318,0
489.424,0
489.531,0
489.638,0
489.744,0
489.851,0
489.957,0
490.064,0
490.171,0
490.277,6
490.384,41
490.49,113
490.597,65
490.704,27
490.81,0
490.917,5
491.023,0
491.13,14
491.237,15
491.343,0
491.45,1
491.556,12
491.663,61
491.769,57
491.876,40
491.983,17
492.089,0
492.196,0
492.302,5
492.409,0
492.516,0
492.622,0
492.729,0
492.835,3
492.942,0
493.049,23
493.155,0
493.262,0
493.368,13
493.475,0
493.582,6
493.688,1
493.795,9
493.901,0
494.008,0
494.114,2
494.221,0
494.328,17
494.434,7
494.541,0
494.647,0
494.754,14
494.861,0
494.967,0
495.074,0
495.18,5
495.287,17
495.394,0
495.5,0
495.607,0
495.713,8
495.82,1
495.926,0
496.033,0
496.14,8
496.246,0
496.353,0
496.459,0
496.566,0
496.673,0
496.779,9
496.886,0
496.992,0
497.099,4
497.206,17
497.312,2
497.419,2
497.525,0
497.632,0
497.738,0
497.845,21
497.952,16
498.058,3
498.165,13
498.271,0
498.378,0
498.485,14
498.591,17
498.698,7
498.804,0
498.911,0
499.017,11
499.124,0
499.231,0
499.337,8
499.444,0
499.55,0
499.657,17
499.763,9
499.87,7
499.977,22
500.083,7
500.19,0
500.296,0
500.403,3
500.51,0
500.616,0
500.723,0
500.829,11
500.936,10
501.042,0
501.149,27
501.256,0
501.362,16
501.469,5
501.575,23
501.682,18
501.788,0
501.895,0
502.002,0
502.108,15
502.215,0
502.321,0
502.428,0
502.534,12
502.641,5
502.748,0
502.854,16
502.961,0
503.067,5
503.174,0
503.281,32
503.387,0
503.494,7
503.6,0
503.707,0
503.813,0
503.92,24
504.027,11
504.133,0
504.24,0
504.346,0
504.453,0
504.559,4
504.666,11
504.773,20
504.879,2
504.986,35
505.092,0
505.199,10
505.305,0
505.412,0
505.518,0
505.625,0
505.732,10
505.838,2
505.945,0
506.051,2
506.158,0
506.264,0
506.371,1
506.478,0
506.584,16
506.691,8
506.797,12
506.904,0
507.01,11
507.117,0
507.224,0
507.33,2
507.437,0
507.543,0
507.65,0
507.756,0
507.863,21
507.97,0
508.076,0
508.183,21
508.289,120
508.396,68
508.502,78
508.609,13
508.715,0
508.822,0
508.929,19
509.035,0
509.142,19
509.248,3
509.355,0
509.461,23
509.568,2
509.675,11
509.781,0
509.888,18
509.994,30
510.101,38
510.207,45
510.314,0
510.42,0
510.527,0
510.634,11
510.74,0
510.847,0
510.953,0
511.06,2
511.166,5
511.273,0
511.379,0
511.486,3
511.593,3
511.699,0
511.806,1
511.912,19
512.019,6
512.125,0
512.232,0
512.339,10
512.445,0
512.552,6
512.658,1
512.765,0
512.871,13
512.978,0
513.084,19
513.191,0
513.298,1
513.404,3
513.511,0
513.617,0
513.724,0
513.83,0
513.937,0
514.043,0
514.15,19
514.256,20
514.363,16
514.47,0
514.576,62
514.683,94
514.789,66
514.896,38
515.002,0
515.109,4
515.215,11
515.322,19
515.429,10
515.535,0
515.642,29
515.748,32
515.855,0
515.961,8
516.068,0
516.174,5
516.281,0
516.388,0
516.494,0
516.601,0
516.707,8
516.814,0
516.92,32
517.027,13
517.133,0
517.24,14
517.346,0
517.453,0
517.56,3
517.666,12
517.773,0
517.879,0
517.986,16
518.092,12
518.199,7
518.305,88
518.412,212
518.518,137
518.625,45
518.732,0
518.838,0
518.945,0
519.051,0
519.158,11
519.264,12
519.371,0
519.477,6
519.584,0
519.69,17
519.797,2
519.903,0
520.01,0
520.117,0
520.223,0
520.33,22
520.436,8
520.543,0
520.649,14
520.756,36
520.862,7
520.969,8
521.075,0
521.182,0
521.289,16
521.395,0
521.502,0
521.608,14
521.715,0
521.821,0
521.928,0
522.034,11
522.141,6
522.247,0
522.354,29
522.46,0
522.567,27
522.674,0
522.78,0
522.887,16
522.993,24
523.1,18
523.206,0
523.313,0
523.419,0
523.526,3
523.632,9
523.739,19
523.845,0
523.952,0
524.058,1
524.165,0
524.272,0
524.378,5
524.485,21
524.591,8
524.698,0
524.804,0
524.911,0
525.017,0
525.124,12
525.23,0
525.337,14
525.443,9
525.55,0
525.656,0
525.763,0
525.87,19
525.976,18
526.083,0
526.189,0
526.296,23
526.402,9
526.509,1
526.615,1
526.722,0
526.828,21
526.935,5
527.041,0
527.148,0
527.254,9
527.361,7
527.467,11
527.574,5
527.68,17
527.787,12
527.894,0
528,0
528.107,0
528.213,15
528.32,10
528.426,4
528.533,0
528.639,18
528.746,0
528.852,0
528.959,7
529.065,10
529.172,28
529.278,0
529.385,2
529.491,20
529.598,0
529.704,0
529.811,24
529.918,58
530.024,0
530.131,0
530.237,0
530.344,17
530.45,39
530.557,13
530.663,17
530.77,4
530.876,21
530.983,2
531.089,0
531.196,0
531.302,0
531.409,0
531.515,0
531.622,0
531.728,0
531.835,0
531.941,3
532.048,0
532.154,20
532.261,4
532.367,0
532.474,0
532.581,9
532.687,0
532.794,3
532.9,22
533.007,27
533.113,7
533.22,0
533.326,0
533.433,0
533.539,0
533.646,0
533.752,0
533.859,0
533.965,8
534.072,4
534.178,0
534.285,21
534.391,18
534.498,41
534.604,7
534.711,0
534.817,6
534.924,7
535.03,0
535.137,17
535.243,2
535.35,0
535.456,0
535.563,0
535.669,0
535.776,11
535.882,0
535.989,0
536.095,11
536.202,7
536.308,0
536.415,13
536.521,14
536.628,0
536.735,0
536.841,22
536.948,16
537.054,19
537.161,4
537.267,0
537.374,8
537.48,0
537.587,6
537.693,3
537.8,2
537.906,21
538.013,13
538.119,3
538.226,6
538.332,0
538.439,22
538.545,0
538.652,0
538.758,21
538.865,0
538.971,88
539.078,88
539.184,45
539.291,14
539.397,13
539.504,0
539.61,0
539.717,2
539.823,0
539.93,8
540.036,17
540.143,0
540.249,0
540.356,0
540.462,41
540.569,25
540.675,19
540.782,9
540.888,8
540.995,0
541.101,7
541.208,3
541.314,0
541.421,0
541.527,10
541.634,1
541.74,7
541.847,0
541.953,0
542.06,28
542.166,31
542.273,8
542.379,0
542.486,18
542.592,29
542.699,0
542.805,6
542.912,12
543.018,0
543.125,0
543.231,42
543.338,12
543.444,24
543.551,0
543.657,21
543.764,0
543.87,7
543.977,23
544.083,46
544.19,74
544.296,18
544.403,11
544.509,7
544.616,0
544.722,18
544.829,19
544.935,22
545.042,9
545.148,1
545.255,0
545.361,34
545.467,42
545.574,18
545.68,16
545.787,2
545.893,6
546,0
546.106,0
546.213,0
546.319,0
546.426,0
546.532,4
546.639,12
546.745,0
546.852,29
546.958,13
547.065,15
547.171,20
547.278,16
547.384,0
547.491,0
547.597,0
547.704,0
547.81,11
547.917,21
548.023,12
548.13,27
548.236,6
548.343,14
548.449,0
548.556,13
548.662,0
548.769,0
548.875,0
548.982,16
549.088,0
549.195,0
549.301,0
549.408,27
549.514,11
549.62,4
549.727,0
549.833,0
549.94,6
550.046,7
550.153,0
550.259,0
550.366,16
550.472,0
550.579,21
550.685,4
550.792,0
550.898,0
551.005,0
551.111,36
551.218,31
551.324,0
551.431,0
551.537,24
551.644,12
551.75,14
551.857,13
551.963,3
552.07,0
552.176,6
552.282,19
552.389,0
552.495,0
552.602,0
552.708,8
552.815,20
552.921,26
553.028,0
553.134,22
553.241,7
553.347,8
553.454,27
553.56,28
553.667,0
553.773,7
553.88,0
553.986,0
554.093,0
554.199,29
554.305,1
554.412,11
554.518,2
554.625,16
554.731,18
554.838,0
554.944,0
555.051,0
555.157,16
555.264,8
555.37,0
555.477,21
555.583,5
555.69,5
555.796,10
555.903,0
556.009,6
556.115,17
556.222,0
556.328,0
556.435,0
556.541,12
556.648,22
556.754,0
556.861,3
556.967,45
557.074,55
557.18,19
557.287,17
557.393,0
557.5,0
557.606,0
557.713,0
557.819,2
557.925,0
558.032,5
558.138,9
558.245,0
558.351,15
558.458,0
558.564,0
558.671,8
558.777,13
558.884,19
558.99,4
559.097,13
559.203,0
559.309,2
559.416,9
559.522,23
559.629,11
559.735,0
559.842,17
559.948,29
560.055,0
560.161,7
560.268,24
560.374,17
560.481,13
560.587,6
560.693,9
560.8,0
560.906,0
561.013,3
561.119,1
561.226,0
561.332,1
561.439,0
561.545,1
561.652,0
561.758,20
561.864,38
561.971,20
562.077,0
562.184,0
562.29,0
562.397,22
562.503,14
562.61,0
562.716,0
562.823,28
562.929,15
563.035,0
563.142,0
563.248,0
563.355,4
563.461,11
563.568,0
563.674,0
563.781,6
563.887,14
563.994,18
564.1,0
564.206,51
564.313,36
564.419,6
564.526,0
564.632,0
564.739,2
564.845,35
564.952,22
565.058,0
565.165,0
565.271,8
565.377,0
565.484,0
565.59,14
565.697,24
565.803,0
565.91,0
566.016,0
566.123,0
566.229,15
566.335,20
566.442,0
566.548,13
566.655,1
566.761,1
566.868,11
566.974,5
567.081,0
567.187,0
567.293,0
567.4,0
567.506,0
567.613,2
567.719,8
567.826,11
567.932,46
568.039,0
568.145,0
568.251,11
568.358,13
568.464,0
568.571,0
568.677,5
568.784,7
568.89,4
568.997,25
569.103,0
569.209,0
569.316,0
569.422,29
569.529,5
569.635,0
569.742,0
569.848,6
569.955,3
570.061,10
570.167,25
570.274,35
570.38,0
570.487,0
570.593,7
570.7,17
570.806,5
570.912,10
571.019,14
571.125,4
571.232,2
571.338,28
571.445,1
571.551,0
571.658,24
571.764,1
571.87,0
571.977,7
572.083,0
572.19,0
572.296,0
572.403,50
572.509,49
572.615,0
572.722,0
572.828,8
572.935,7
573.041,0
573.148,56
573.254,127
573.36,55
573.467,0
573.573,0
573.68,0
573.786,0
573.893,17
573.999,0
574.105,0
574.212,1
574.318,14
574.425,31
574.531,6
574.638,0
574.744,29
574.85,0
574.957,4
575.063,0
575.17,8
575.276,13
575.383,0
575.489,3
575.595,0
575.702,0
575.808,1
575.915,26
576.021,2
576.128,8
576.234,0
576.34,8
576.447,0
576.553,6
576.66,15
576.766,0
576.873,19
576.979,19
577.085,0
577.192,32
577.298,36
577.405,30
577.511,1
577.618,0
577.724,36
577.83,0
577.937,9
578.043,0
578.15,0
578.256,3
578.363,0
578.469,76
578.575,56
578.682,34
578.788,4
578.895,0
579.001,0
579.107,26
579.214,0
579.32,39
579.427,10
579.533,8
579.64,0
579.746,25
579.852,1
579.959,0
580.065,0
580.172,0
580.278,0
580.384,0
580.491,10
580.597,1
580.704,10
580.81,27
580.917,0
581.023,12
581.129,7
581.236,7
581.342,21
581.449,36
581.555,11
581.661,19
581.768,0
581.874,12
581.981,4
582.087,45
582.193,115
582.3,65
582.406,0
582.513,0
582.619,4
582.726,6
582.832,0
582.938,0
583.045,32
583.151,30
583.258,0
583.364,0
583.47,0
583.577,4
583.683,0
583.79,0
583.896,0
584.002,0
584.109,0
584.215,24
584.322,0
584.428,16
584.535,0
584.641,0
584.747,0
584.854,0
584.96,11
585.067,0
585.173,5
585.279,36
585.386,0
585.492,10
585.599,21
585.705,26
585.811,14
585.918,21
586.024,46
586.131,82
586.237,37
586.343,34
586.45,0
586.556,0
586.663,0
586.769,0
586.875,12
586.982,0
587.088,16
587.195,21
587.301,7
587.407,0
587.514,13
587.62,0
587.727,8
587.833,0
587.939,0
588.046,10
588.152,0
588.259,0
588.365,0
588.471,0
588.578,11
588.684,0
588.791,0
588.897,5
589.003,2
589.11,0
589.216,4
589.323,5
589.429,23
589.535,2
589.642,0
589.748,0
589.855,30
589.961,2
590.067,12
590.174,0
590.28,17
590.387,25
590.493,14
590.599,6
590.706,0
590.812,18
590.918,11
591.025,31
591.131,0
591.238,0
591.344,0
591.45,3
591.557,0
591.663,0
591.77,0
591.876,0
591.982,3
592.089,2
592.195,0
592.302,9
592.408,20
592.514,0
592.621,6
592.727,7
592.834,0
592.94,8
593.046,3
593.153,15
593.259,0
593.365,0
593.472,29
593.578,0
593.685,5
593.791,29
593.897,0
594.004,1
594.11,14
594.217,9
594.323,6
594.429,0
594.536,8
594.642,5
594.748,11
594.855,8
594.961,0
595.068,0
595.174,10
595.28,13
595.387,0
595.493,0
595.6,24
595.706,1
595.812,0
595.919,0
596.025,9
596.131,0
596.238,0
596.344,0
596.451,5
596.557,9
596.663,0
596.77,0
596.876,13
596.982,2
597.089,7
597.195,0
597.302,0
597.408,3
597.514,7
597.621,7
597.727,0
597.833,3
597.94,8
598.046,5
598.153,0
598.259,9
598.365,11
598.472,14
598.578,67
598.685,48
598.791,10
598.897,22
599.004,0
599.11,0
599.216,0
599.323,7
599.429,1
599.535,0
599.642,2
599.748,0
599.855,14
599.961,0
600.067,0
600.174,10
600.28,0
600.386,0
600.493,2
600.599,0
600.706,0
600.812,0
600.918,0
601.025,11
601.131,10
601.237,12
601.344,7
601.45,35
601.557,5
601.663,0
601.769,14
601.876,14
601.982,5
602.088,2
602.195,11
602.301,0
602.407,0
602.514,12
602.62,0
602.727,11
602.833,0
602.939,0
603.046,10
603.152,4
603.258,27
603.365,5
603.471,0
603.577,0
603.684,1
603.79,15
603.897,7
604.003,0
604.109,0
604.216,0
604.322,20
604.428,10
604.535,15
604.641,0
604.747,0
604.854,43
604.96,13
605.067,6
605.173,0
605.279,0
605.386,26
605.492,19
605.598,14
605.705,0
605.811,0
605.917,2
606.024,0
606.13,0
606.236,0
606.343,14
606.449,14
606.556,0
606.662,8
606.768,11
606.875,1
606.981,0
607.087,0
607.194,0
607.3,14
607.406,0
607.513,15
607.619,0
607.725,2
607.832,10
607.938,17
608.045,0
608.151,0
608.257,0
608.364,15
608.47,11
608.576,4
608.683,0
608.789,0
608.895,8
609.002,19
609.108,0
609.214,0
609.321,0
609.427,15
609.533,5
609.64,14
609.746,0
609.852,13
609.959,19
610.065,0
610.172,26
610.278,23
610.384,0
610.491,0
610.597,0
610.703,17
610.81,0
610.916,0
611.022,7
611.129,0
611.235,0
611.341,0
611.448,0
611.554,11
611.66,8
611.767,0
611.873,11
611.979,0
612.086,10
612.192,0
612.298,9
612.405,0
612.511,0
612.617,1
612.724,11
612.83,0
612.936,0
613.043,1
613.149,7
613.255,0
613.362,12
613.468,21
613.575,0
613.681,25
613.787,0
613.894,0
614,0
614.106,30
614.213,17
614.319,0
614.425,2
614.532,38
614.638,0
614.744,0
614.851,0
614.957,26
615.063,25
615.17,0
615.276,0
615.382,14
615.489,25
615.595,0
615.701,0
615.808,0
615.914,0
616.02,9
616.127,2
616.233,0
616.339,0
616.446,24
616.552,17
616.658,0
616.765,0
616.871,20
616.977,0
617.084,0
617.19,0
617.296,0
617.403,0
617.509,8
617.615,7
617.722,0
617.828,0
617.934,0
618.041,1
618.147,0
618.253,0
618.36,25
618.466,23
618.572,0
618.679,10
618.785,0
618.891,17
618.998,19
619.104,0
619.21,2
619.316,10
619.423,23
619.529,3
619.635,14
619.742,13
619.848,16
619.954,0
620.061,19
620.167,0
620.273,3
620.38,0
620.486,3
620.592,7
620.699,0
620.805,16
620.911,4
621.018,24
621.124,0
621.23,20
621.337,8
621.443,3
621.549,5
621.656,12
621.762,7
621.868,18
621.975,3
622.081,14
622.187,0
622.294,15
622.4,17
622.506,2
622.612,26
622.719,33
622.825,0
622.931,0
623.038,13
623.144,14
623.25,0
623.357,0
623.463,32
623.569,0
623.676,8
623.782,9
623.888,0
623.995,0
624.101,4
624.207,21
624.314,0
624.42,13
624.526,18
624.632,0
624.739,0
624.845,30
624.951,0
625.058,4
625.164,24
625.27,0
625.377,0
625.483,0
625.589,33
625.696,80
625.802,62
625.908,15
626.015,0
626.121,0
626.227,28
626.333,68
626.44,44
626.546,6
626.652,0
626.759,0
626.865,21
626.971,0
627.078,0
627.184,0
627.29,33
627.397,0
627.503,8
627.609,0
627.715,0
627.822,0
627.928,6
628.034,5
628.141,0
628.247,10
628.353,16
628.46,14
628.566,0
628.672,28
628.778,0
628.885,29
628.991,2
629.097,11
629.204,69
629.31,24
629.416,15
629.523,0
629.629,4
629.735,11
629.841,20
629.948,0
630.054,0
630.16,1
630.267,0
630.373,0
630.479,0
630.586,9
630.692,0
630.798,23
630.904,0
631.011,3
631.117,21
631.223,18
631.33,12
631.436,1
631.542,2
631.649,9
631.755,8
631.861,8
631.967,0
632.074,0
632.18,15
632.286,0
632.393,11
632.499,0
632.605,15
632.711,10
632.818,0
632.924,3
633.03,0
633.137,0
633.243,4
633.349,29
633.456,4
633.562,2
633.668,0
633.774,0
633.881,6
633.987,0
634.093,22
634.2,24
634.306,0
634.412,11
634.518,0
634.625,15
634.731,17
634.837,5
634.944,0
635.05,0
635.156,22
635.262,8
635.369,27
635.475,12
635.581,0
635.688,0
635.794,13
635.9,7
636.006,0
636.113,0
636.219,64
636.325,42
636.432,32
636.538,0
636.644,3
636.75,0
636.857,10
636.963,76
637.069,126
637.176,77
637.282,14
637.388,10
637.494,54
637.601,50
637.707,26
637.813,2
637.92,7
638.026,6
638.132,0
638.238,0
638.345,12
638.451,12
638.557,14
638.663,0
638.77,3
638.876,48
638.982,14
639.089,18
639.195,0
639.301,4
639.407,10
639.514,0
639.62,0
639.726,0
639.833,0
639.939,12
640.045,0
640.151,0
640.258,15
640.364,16
640.47,0
640.576,9
640.683,8
640.789,11
640.895,12
641.002,0
641.108,0
641.214,12
641.32,12
641.427,0
641.533,40
641.639,40
641.745,35
641.852,0
641.958,0
642.064,20
642.171,8
642.277,7
642.383,22
642.489,1
642.596,15
642.702,12
642.808,60
642.914,74
643.021,17
643.127,0
643.233,8
643.339,0
643.446,3
643.552,25
643.658,0
643.765,0
643.871,20
643.977,21
644.083,6
644.19,0
644.296,9
644.402,20
644.508,0
644.615,0
644.721,8
644.827,3
644.933,0
645.04,0
645.146,0
645.252,0
645.358,0
645.465,0
645.571,7
645.677,14
645.784,0
645.89,12
645.996,22
646.102,0
646.209,0
646.315,50
646.421,0
646.527,0
646.634,0
646.74,0
646.846,11
646.952,47
647.059,0
647.165,0
647.271,18
647.377,19
647.484,9
647.59,0
647.696,29
647.802,0
647.909,0
648.015,0
648.121,0
648.227,0
648.334,0
648.44,12
648.546,9
648.652,18
648.759,35
648.865,72
648.971,60
649.077,45
649.184,0
649.29,0
649.396,0
649.502,0
649.609,0
649.715,0
649.821,5
649.927,13
650.034,0
650.14,2
650.246,0
650.352,24
650.459,0
650.565,0
650.671,9
650.777,0
650.884,13
650.99,0
651.096,0
651.202,1
651.309,0
651.415,5
651.521,0
651.627,0
651.734,0
651.84,30
651.946,14
652.052,0
652.159,19
652.265,28
652.371,86
652.477,51
652.584,23
652.69,7
652.796,0
652.902,0
653.009,0
653.115,0
653.221,0
653.327,11
653.434,0
653.54,0
653.646,13
653.752,0
653.858,6
653.965,0
654.071,26
654.177,0
654.283,0
654.39,9
654.496,0
654.602,0
654.708,10
654.815,31
654.921,0
655.027,0
655.133,25
655.24,0
655.346,0
655.452,8
655.558,0
655.665,0
655.771,4
655.877,18
655.983,7
656.089,18
656.196,0
656.302,17
656.408,32
656.514,9
656.621,3
656.727,8
656.833,6
656.939,55
657.046,25
657.152,0
657.258,0
657.364,34
657.47,163
657.577,107
657.683,24
657.789,0
657.895,0
658.002,0
658.108,0
658.214,0
658.32,6
658.427,0
658.533,13
658.639,8
658.745,23
658.851,0
658.958,0
659.064,0
659.17,21
659.276,0
659.383,3
659.489,0
659.595,0
659.701,4
659.807,0
659.914,1
660.02,3
660.126,0
660.232,12
660.339,47
660.445,10
660.551,0
660.657,0
660.763,0
660.87,0
660.976,0
661.082,5
661.188,0
661.295,14
661.401,29
661.507,6
661.613,0
661.719,30
661.826,0
661.932,0
662.038,0
662.144,0
662.251,0
662.357,0
662.463,0
662.569,15
662.675,19
662.782,0
662.888,35
662.994,40
663.1,48
663.206,120
663.313,125
663.419,50
663.525,0
663.631,0
663.738,30
663.844,0
663.95,0
664.056,0
664.162,0
664.269,8
664.375,0
664.481,0
664.587,0
664.693,5
664.8,0
664.906,9
665.012,9
665.118,0
665.225,0
665.331,0
665.437,0
665.543,0
665.649,11
665.756,19
665.862,0
665.968,0
666.074,43
666.18,27
666.287,1
666.393,0
666.499,26
666.605,27
666.711,0
666.818,0
666.924,2
667.03,9
667.136,0
667.242,27
667.349,0
667.455,6
667.561,0
667.667,0
667.773,18
667.88,22
667.986,0
668.092,7
668.198,0
668.304,0
668.411,16
668.517,59
668.623,14
668.729,0
668.835,0
668.942,0
669.048,45
669.154,74
669.26,39
669.366,0
669.473,0
669.579,0
669.685,1
669.791,0
669.897,12
670.004,74
670.11,50
670.216,39
670.322,41
670.428,23
670.535,15
670.641,0
670.747,24
670.853,4
670.959,11
671.066,5
671.172,32
671.278,20
671.384,0
671.49,3
671.597,18
671.703,18
671.809,0
671.915,25
672.021,0
672.128,12
672.234,0
672.34,13
672.446,0
672.552,0
672.658,26
672.765,11
672.871,0
672.977,50
673.083,34
673.189,0
673.296,59
673.402,92
673.508,52
673.614,0
673.72,0
673.827,0
673.933,28
674.039,26
674.145,2
674.251,17
674.357,22
674.464,0
674.57,0
674.676,33
674.782,9
674.888,7
674.995,0
675.101,0
675.207,30
675.313,29
675.419,0
675.526,0
675.632,9
675.738,82
675.844,136
675.95,84
676.056,6
676.163,62
676.269,149
676.375,85
676.481,43
676.587,0
676.693,6
676.8,36
676.906,26
677.012,15
677.118,0
677.224,0
677.331,0
677.437,0
677.543,0
677.649,3
677.755,9
677.861,15
677.968,0
678.074,5
678.18,23
678.286,15
678.392,6
678.498,0
678.605,0
678.711,23
678.817,33
678.923,3
679.029,0
679.136,0
679.242,26
679.348,40
679.454,36
679.56,25
679.666,0
679.773,0
679.879,13
679.985,8
680.091,0
680.197,0
680.303,28
680.41,0
680.516,0
680.622,8
680.728,0
680.834,0
680.94,0
681.047,0
681.153,23
681.259,0
681.365,11
681.471,22
681.577,7
681.684,7
681.79,8
681.896,0
682.002,17
682.108,2
682.214,0
682.321,0
682.427,0
682.533,0
682.639,42
682.745,24
682.851,3
682.958,5
683.064,2
683.17,11
683.276,10
683.382,0
683.488,0
683.595,4
683.701,5
683.807,0
683.913,15
684.019,0
684.125,0
684.231,0
684.338,4
684.444,1
684.55,19
684.656,0
684.762,1
684.868,0
684.975,31
685.081,0
685.187,0
685.293,0
685.399,0
685.505,3
685.611,0
685.718,0
685.824,0
685.93,0
686.036,0
686.142,10
686.248,0
686.355,0
686.461,0
686.567,0
686.673,0
686.779,0
686.885,14
686.991,5
687.098,0
687.204,5
687.31,0
687.416,0
687.522,0
687.628,0
687.735,0
687.841,0
687.947,0
688.053,0
688.159,13
688.265,49
688.371,42
688.478,10
688.584,18
688.69,27
688.796,0
688.902,0
689.008,0
689.114,0
689.221,0
689.327,40
689.433,36
689.539,0
689.645,0
689.751,2
689.857,13
689.964,5
690.07,0
690.176,0
690.282,0
690.388,0
690.494,11
690.6,0
690.707,0
690.813,0
690.919,21
691.025,7
691.131,0
691.237,37
691.343,5
691.45,1
691.556,5
691.662,0
691.768,1
691.874,3
691.98,0
692.086,0
692.193,15
692.299,27
692.405,0
692.511,0
692.617,30
692.723,0
692.829,0
692.935,0
693.042,12
693.148,0
693.254,2
693.36,0
693.466,16
693.572,16
693.678,0
693.785,0
693.891,0
693.997,0
694.103,0
694.209,6
694.315,0
694.421,0
694.527,0
694.634,24
694.74,0
694.846,0
694.952,0
695.058,0
695.164,19
695.27,0
695.376,3
695.483,8
695.589,4
695.695,0
695.801,16
695.907,25
696.013,18
696.119,0
696.225,18
696.332,20
696.438,2
696.544,0
696.65,0
696.756,0
696.862,0
696.968,0
697.074,11
697.181,25
697.287,37
697.393,22
697.499,0
697.605,5
697.711,0
697.817,18
697.923,2
698.03,0
698.136,0
698.242,11
698.348,0
698.454,2
698.56,0
698.666,0
698.772,12
698.879,28
698.985,13
699.091,0
699.197,6
699.303,0
699.409,14
699.515,0
