59.6745,0
59.7814,0
59.8883,65
59.9952,46
60.1021,9
60.209,0
60.3159,31
60.4228,0
60.5296,20
60.6365,34
60.7434,31
60.8503,0
60.9572,7
61.0641,0
61.171,17
61.2779,6
61.3848,0
61.4917,0
61.5986,22
61.7055,9
61.8124,0
61.9193,0
62.0261,1
62.133,0
62.2399,0
62.3468,6
62.4537,34
62.5606,23
62.6675,8
62.7744,11
62.8813,2
62.9882,25
63.0951,0
63.202,0
63.3089,0
63.4158,1
63.5226,0
63.6295,0
63.7364,41
63.8433,0
63.9502,19
64.0571,0
64.164,2
64.2709,18
64.3778,19
64.4847,2
64.5916,8
64.6985,0
64.8054,15
64.9123,0
65.0192,0
65.1261,2
65.2329,25
65.3398,11
65.4467,7
65.5536,2
65.6605,0
65.7674,17
65.8743,10
65.9812,0
66.0881,0
66.195,43
66.3019,17
66.4088,0
66.5157,4
66.6226,19
66.7295,3
66.8364,4
66.9433,30
67.0502,21
67.157,8
67.2639,4
67.3708,19
67.4777,17
67.5846,0
67.6915,3
67.7984,13
67.9053,18
68.0122,14
68.1191,0
68.226,0
68.3329,19
68.4398,3
68.5467,0
68.6536,2
68.7605,26
68.8674,10
68.9743,10
69.0812,24
69.1881,25
69.295,0
69.4018,9
69.5087,8
69.6156,24
69.7225,23
69.8294,0
69.9363,14
70.0432,29
70.1501,0
70.257,0
70.3639,0
70.4708,0
70.5777,22
70.6846,7
70.7915,10
70.8984,0
71.0053,18
71.1122,8
71.2191,13
71.326,0
71.4329,0
71.5398,0
71.6467,10
71.7536,0
71.8605,0
71.9674,10
72.0742,15
72.1811,0
72.288,0
72.3949,12
72.5018,0
72.6087,21
72.7156,25
72.8225,20
72.9294,20
73.0363,9
73.1432,0
73.2501,3
73.357,29
73.4639,5
73.5708,6
73.6777,18
73.7846,0
73.8915,17
73.9984,0
74.1053,12
74.2122,6
74.3191,0
74.426,0
74.5329,33
74.6398,31
74.7467,9
74.8536,0
74.9605,3
75.0674,0
75.1743,24
75.2812,12
75.3881,0
75.495,20
75.6019,49
75.7088,0
75.8157,0
75.9225,0
76.0294,12
76.1363,0
76.2432,18
76.3501,42
76.457,10
76.5639,0
76.6708,0
76.7777,0
76.8846,0
76.9915,41
77.0984,0
77.2053,0
77.3122,50
77.4191,17
77.526,0
77.6329,17
77.7398,5
77.8467,14
77.9536,0
78.0605,17
78.1674,27
78.2743,8
78.3812,8
78.4881,2
78.595,0
78.7019,0
78.8088,22
78.9157,10
79.0226,13
79.1295,21
79.2364,0
79.3433,0
79.4502,26
79.5571,10
79.664,9
79.7709,3
79.8778,0
79.9847,17
80.0916,7
80.1985,8
80.3054,3
80.4123,5
80.5192,0
80.6261,1
80.733,24
80.8399,19
80.9468,0
81.0537,0
81.1606,0
81.2675,46
81.3744,34
81.4813,43
81.5882,3
81.6951,4
81.802,0
81.9089,39
82.0158,25
82.1227,0
82.2296,0
82.3365,13
82.4434,11
82.5503,0
82.6572,23
82.7641,24
82.871,40
82.9779,11
83.0848,0
83.1917,23
83.2986,4
83.4055,23
83.5124,30
83.6193,5
83.7262,34
83.8331,6
83.94,4
84.0469,20
84.1538,0
84.2607,0
84.3676,37
84.4745,11
84.5814,19
84.6883,18
84.7952,5
84.9021,5
85.009,0
85.1159,7
85.2228,0
85.3297,6
85.4366,28
85.5435,0
85.6504,0
85.7573,14
85.8642,3
85.9711,7
86.078,0
86.1849,8
86.2918,13
86.3987,12
86.5056,0
86.6125,6
86.7194,0
86.8263,0
86.9332,23
87.0401,0
87.147,0
87.2539,26
87.3608,3
87.4677,0
87.5746,42
87.6815,2
87.7884,34
87.8953,26
88.0022,16
88.1091,0
88.216,8
88.3229,0
88.4298,0
88.5367,26
88.6436,0
88.7505,0
88.8574,12
88.9643,0
89.0712,0
89.1781,8
89.285,8
89.3919,0
89.4988,8
89.6057,0
89.7126,0
89.8195,2
89.9264,0
90.0334,0
90.1403,0
90.2472,0
90.3541,32
90.461,18
90.5679,0
90.6748,0
90.7817,10
90.8886,4
90.9955,0
91.1024,0
91.2093,8
91.3162,0
91.4231,22
91.53,0
91.6369,7
91.7438,6
91.8507,4
91.9576,33
92.0645,3
92.1714,0
92.2783,0
92.3852,0
92.4921,9
92.599,14
92.7059,0
92.8128,32
92.9197,47
93.0266,0
93.1335,0
93.2404,29
93.3473,22
93.4542,20
93.5611,0
93.668,33
93.7749,7
93.8818,4
93.9887,0
94.0956,14
94.2025,12
94.3095,0
94.4164,12
94.5233,0
94.6302,0
94.7371,0
94.844,0
94.9509,0
95.0578,20
95.1647,9
95.2716,25
95.3785,8
95.4854,18
95.5923,20
95.6992,19
95.8061,18
95.913,0
96.0199,0
96.1268,0
96.2337,2
96.3406,17
96.4475,0
96.5544,0
96.6613,0
96.7682,20
96.8751,5
96.982,7
97.0889,26
97.1958,10
97.3027,0
97.4097,2
97.5166,2
97.6235,0
97.7304,0
97.8373,4
97.9442,31
98.0511,0
98.158,0
98.2649,0
98.3718,0
98.4787,0
98.5856,18
98.6925,3
98.7994,6
98.9063,0
99.0132,0
99.1201,9
99.227,4
99.3339,0
99.4408,11
99.5477,0
99.6546,9
99.7615,27
99.8684,0
99.9753,1
100.082,11
100.189,1
100.296,0
100.403,44
100.51,9
100.617,7
100.724,0
100.831,1
100.937,6
101.044,6
101.151,0
101.258,0
101.365,4
101.472,7
101.579,0
101.686,24
101.793,59
101.9,0
102.007,4
102.113,43
102.22,0
102.327,0
102.434,5
102.541,0
102.648,26
102.755,3
102.862,17
102.969,0
103.076,6
103.182,18
103.289,0
103.396,19
103.503,7
103.61,0
103.717,0
103.824,13
103.931,0
104.038,0
104.145,0
104.252,0
104.358,0
104.465,0
104.572,26
104.679,3
104.786,56
104.893,13
105,0
105.107,29
105.214,27
105.321,0
105.427,19
105.534,3
105.641,1
105.748,27
105.855,0
105.962,16
106.069,24
106.176,20
106.283,5
106.39,0
106.497,0
106.603,6
106.71,0
106.817,20
106.924,20
107.031,24
107.138,0
107.245,6
107.352,0
107.459,2
107.566,0
107.673,10
107.779,34
107.886,2
107.993,5
108.1,11
108.207,0
108.314,35
108.421,12
108.528,0
108.635,0
108.742,16
108.848,26
108.955,17
109.062,0
109.169,0
109.276,12
109.383,0
109.49,17
109.597,13
109.704,0
109.811,31
109.918,37
110.024,2
110.131,15
110.238,18
110.345,0
110.452,15
110.559,13
110.666,0
110.773,2
110.88,8
110.987,1
111.094,0
111.2,0
111.307,0
111.414,0
111.521,31
111.628,5
111.735,27
111.842,6
111.949,0
112.056,0
112.163,3
112.269,0
112.376,0
112.483,0
112.59,0
112.697,17
112.804,18
112.911,0
113.018,3
113.125,0
113.232,0
113.339,39
113.445,29
113.552,0
113.659,0
113.766,0
113.873,9
113.98,0
114.087,0
114.194,36
114.301,0
114.408,0
114.515,22
114.621,12
114.728,0
114.835,0
114.942,8
115.049,14
115.156,0
115.263,7
115.37,6
115.477,24
115.584,0
115.69,0
115.797,3
115.904,5
116.011,22
116.118,28
116.225,0
116.332,13
116.439,0
116.546,18
116.653,8
116.76,0
116.866,6
116.973,0
117.08,0
117.187,14
117.294,0
117.401,19
117.508,0
117.615,16
117.722,0
117.829,15
117.936,15
118.042,0
118.149,16
118.256,28
118.363,8
118.47,26
118.577,40
118.684,0
118.791,0
118.898,0
119.005,24
119.112,7
119.218,23
119.325,0
119.432,0
119.539,0
119.646,0
119.753,23
119.86,11
119.967,0
120.074,18
120.181,0
120.287,1
120.394,10
120.501,6
120.608,0
120.715,0
120.822,2
120.929,0
121.036,0
121.143,11
121.25,10
121.357,0
121.463,11
121.57,0
121.677,7
121.784,0
121.891,0
121.998,14
122.105,23
122.212,0
122.319,0
122.426,0
122.533,16
122.639,5
122.746,0
122.853,0
122.96,4
123.067,0
123.174,7
123.281,6
123.388,27
123.495,0
123.602,0
123.709,0
123.815,0
123.922,0
124.029,17
124.136,43
124.243,41
124.35,0
124.457,3
124.564,0
124.671,0
124.778,0
124.885,0
124.991,7
125.098,11
125.205,4
125.312,12
125.419,0
125.526,10
125.633,15
125.74,0
125.847,0
125.954,26
126.061,7
126.167,26
126.274,9
126.381,23
126.488,0
126.595,32
126.702,0
126.809,12
126.916,6
127.023,0
127.13,0
127.236,9
127.343,19
127.45,6
127.557,6
127.664,0
127.771,0
127.878,47
127.985,6
128.092,0
128.199,0
128.306,7
128.412,0
128.519,0
128.626,2
128.733,0
128.84,0
128.947,0
129.054,0
129.161,0
129.268,26
129.375,42
129.482,12
129.588,17
129.695,0
129.802,0
129.909,0
130.016,14
130.123,0
130.23,0
130.337,10
130.444,0
130.551,15
130.658,6
130.764,21
130.871,0
130.978,18
131.085,29
131.192,30
131.299,0
131.406,27
131.513,6
131.62,22
131.727,0
131.834,6
131.94,2
132.047,9
132.154,0
132.261,21
132.368,8
132.475,0
132.582,30
132.689,2
132.796,9
132.903,12
133.01,26
133.116,5
133.223,14
133.33,37
133.437,0
133.544,22
133.651,15
133.758,0
133.865,11
133.972,18
134.079,0
134.186,0
134.292,20
134.399,0
134.506,0
134.613,0
134.72,19
134.827,21
134.934,0
135.041,0
135.148,23
135.255,10
135.362,22
135.468,0
135.575,10
135.682,24
135.789,0
135.896,3
136.003,0
136.11,0
136.217,32
136.324,0
136.431,0
136.538,0
136.644,0
136.751,0
136.858,0
136.965,0
137.072,55
137.179,27
137.286,0
137.393,15
137.5,0
137.607,3
137.714,32
137.82,0
137.927,48
138.034,0
138.141,0
138.248,0
138.355,22
138.462,0
138.569,0
138.676,3
138.783,20
138.89,0
138.996,12
139.103,0
139.21,13
139.317,9
139.424,0
139.531,0
139.638,0
139.745,39
139.852,0
139.959,0
140.065,0
140.172,0
140.279,0
140.386,3
140.493,9
140.6,0
140.707,0
140.814,21
140.921,30
141.028,11
141.135,14
141.241,8
141.348,0
141.455,12
141.562,0
141.669,4
141.776,0
141.883,4
141.99,0
142.097,4
142.204,4
142.311,24
142.417,28
142.524,0
142.631,27
142.738,3
142.845,0
142.952,6
143.059,0
143.166,0
143.273,4
143.38,0
143.487,0
143.593,16
143.7,13
143.807,0
143.914,28
144.021,0
144.128,0
144.235,2
144.342,10
144.449,10
144.556,0
144.663,0
144.769,0
144.876,13
144.983,2
145.09,0
145.197,0
145.304,0
145.411,16
145.518,38
145.625,24
145.732,0
145.839,0
145.945,0
146.052,13
146.159,0
146.266,0
146.373,4
146.48,0
146.587,6
146.694,14
146.801,10
146.908,27
147.015,0
147.121,0
147.228,12
147.335,0
147.442,17
147.549,12
147.656,0
147.763,0
147.87,14
147.977,2
148.084,2
148.191,15
148.297,4
148.404,2
148.511,0
148.618,0
148.725,12
148.832,0
148.939,7
149.046,0
149.153,0
149.26,0
149.367,0
149.473,0
149.58,1
149.687,15
149.794,22
149.901,0
150.008,3
150.115,2
150.222,0
150.329,0
150.436,7
150.543,2
150.649,0
150.756,34
150.863,10
150.97,15
151.077,0
151.184,13
151.291,15
151.398,9
151.505,0
151.612,0
151.719,17
151.825,22
151.932,0
152.039,26
152.146,32
152.253,18
152.36,9
152.467,10
152.574,0
152.681,19
152.788,0
152.894,31
153.001,0
153.108,0
153.215,12
153.322,4
153.429,9
153.536,0
153.643,10
153.75,0
153.857,7
153.964,0
154.07,8
154.177,5
154.284,32
154.391,13
154.498,0
154.605,0
154.712,23
154.819,1
154.926,4
155.033,4
155.14,3
155.246,19
155.353,0
155.46,13
155.567,2
155.674,16
155.781,0
155.888,0
155.995,0
156.102,7
156.209,42
156.316,19
156.422,0
156.529,0
156.636,19
156.743,25
156.85,8
156.957,0
157.064,0
157.171,0
157.278,13
157.385,0
157.492,0
157.598,8
157.705,0
157.812,0
157.919,0
158.026,0
158.133,0
158.24,21
158.347,26
158.454,12
158.561,19
158.668,0
158.774,0
158.881,5
158.988,2
159.095,0
159.202,19
159.309,14
159.416,0
159.523,0
159.63,18
159.737,17
159.844,0
159.95,9
160.057,10
160.164,14
160.271,8
160.378,7
160.485,37
160.592,34
160.699,25
160.806,0
160.913,0
161.019,3
161.126,2
161.233,0
161.34,0
161.447,8
161.554,21
161.661,0
161.768,9
161.875,0
161.982,0
162.089,18
162.195,23
162.302,8
162.409,0
162.516,15
162.623,32
162.73,0
162.837,0
162.944,11
163.051,0
163.158,0
163.265,21
163.371,0
163.478,1
163.585,0
163.692,0
163.799,0
163.906,0
164.013,0
164.12,33
164.227,0
164.334,0
164.441,0
164.547,23
164.654,6
164.761,16
164.868,0
164.975,0
165.082,17
165.189,0
165.296,6
165.403,11
165.51,0
165.616,37
165.723,13
165.83,0
165.937,11
166.044,15
166.151,0
166.258,11
166.365,7
166.472,2
166.579,0
166.686,0
166.792,36
166.899,51
167.006,0
167.113,0
167.22,0
167.327,0
167.434,11
167.541,0
167.648,7
167.755,24
167.862,0
167.968,5
168.075,0
168.182,10
168.289,1
168.396,2
168.503,14
168.61,0
168.717,10
168.824,23
168.931,0
169.037,0
169.144,0
169.251,28
169.358,6
169.465,0
169.572,0
169.679,3
169.786,0
169.893,10
170,0
170.107,33
170.213,4
170.32,0
170.427,7
170.534,0
170.641,0
170.748,0
170.855,14
170.962,0
171.069,0
171.176,27
171.283,12
171.389,0
171.496,8
171.603,17
171.71,13
171.817,0
171.924,0
172.031,0
172.138,7
172.245,44
172.352,3
172.458,0
172.565,0
172.672,13
172.779,18
172.886,9
172.993,11
173.1,0
173.207,0
173.314,26
173.421,13
173.528,19
173.634,11
173.741,23
173.848,9
173.955,0
174.062,12
174.169,13
174.276,0
174.383,2
174.49,8
174.597,11
174.704,23
174.81,3
174.917,27
175.024,41
175.131,7
175.238,0
175.345,0
175.452,13
175.559,23
175.666,0
175.773,0
175.879,0
175.986,0
176.093,0
176.2,7
176.307,0
176.414,0
176.521,4
176.628,10
176.735,15
176.842,0
176.949,3
177.055,26
177.162,0
177.269,0
177.376,0
177.483,32
177.59,38
177.697,0
177.804,0
177.911,17
178.018,5
178.124,3
178.231,25
178.338,17
178.445,21
178.552,24
178.659,19
178.766,52
178.873,22
178.98,8
179.087,0
179.194,0
179.3,0
179.407,0
179.514,25
179.621,11
179.728,0
179.835,0
179.942,0
180.049,0
180.156,0
180.263,0
180.369,0
180.476,0
180.583,2
180.69,0
180.797,0
180.904,24
181.011,16
181.118,13
181.225,29
181.332,96
181.439,181
181.545,116
181.652,26
181.759,0
181.866,0
181.973,28
182.08,12
182.187,0
182.294,0
182.401,0
182.508,2
182.614,0
182.721,1
182.828,8
182.935,0
183.042,0
183.149,12
183.256,7
183.363,17
183.47,6
183.577,2
183.683,0
183.79,0
183.897,0
184.004,0
184.111,1
184.218,0
184.325,17
184.432,8
184.539,17
184.646,0
184.753,7
184.859,2
184.966,0
185.073,15
185.18,0
185.287,0
185.394,0
185.501,0
185.608,0
185.715,0
185.822,0
185.928,3
186.035,0
186.142,0
186.249,4
186.356,16
186.463,15
186.57,0
186.677,2
186.784,0
186.891,13
186.997,11
187.104,0
187.211,13
187.318,0
187.425,0
187.532,6
187.639,7
187.746,8
187.853,25
187.96,0
188.067,0
188.173,60
188.28,72
188.387,0
188.494,0
188.601,0
188.708,15
188.815,0
188.922,16
189.029,1
189.136,0
189.242,2
189.349,3
189.456,2
189.563,30
189.67,10
189.777,0
189.884,10
189.991,10
190.098,7
190.205,0
190.311,0
190.418,17
190.525,18
190.632,36
190.739,10
190.846,0
190.953,0
191.06,11
191.167,0
191.274,4
191.38,8
191.487,10
191.594,6
191.701,8
191.808,0
191.915,2
192.022,11
192.129,9
192.236,0
192.343,0
192.45,0
192.556,20
192.663,0
192.77,0
192.877,0
192.984,0
193.091,23
193.198,3
193.305,7
193.412,0
193.519,16
193.625,32
193.732,0
193.839,5
193.946,4
194.053,17
194.16,17
194.267,0
194.374,37
194.481,8
194.588,0
194.694,21
194.801,0
194.908,0
195.015,0
195.122,9
195.229,18
195.336,2
195.443,0
195.55,0
195.657,0
195.763,19
195.87,3
195.977,2
196.084,0
196.191,15
196.298,14
196.405,10
196.512,5
196.619,24
196.726,8
196.832,0
196.939,0
197.046,8
197.153,0
197.26,0
197.367,2
197.474,11
197.581,8
197.688,0
197.795,20
197.901,0
198.008,0
198.115,0
198.222,0
198.329,0
198.436,2
198.543,0
198.65,0
198.757,0
198.864,20
198.97,41
199.077,22
199.184,13
199.291,21
199.398,17
199.505,17
199.612,0
199.719,2
199.826,10
199.933,0
200.039,31
200.146,5
200.253,0
200.36,0
200.467,0
200.574,0
200.681,1
200.788,0
200.895,2
201.002,0
201.108,0
201.215,0
201.322,0
201.429,20
201.536,0
201.643,16
201.75,8
201.857,7
201.964,0
202.071,17
202.177,0
202.284,8
202.391,11
202.498,7
202.605,2
202.712,7
202.819,15
202.926,2
203.033,12
203.14,7
203.246,0
203.353,18
203.46,0
203.567,0
203.674,0
203.781,29
203.888,26
203.995,7
204.102,5
204.208,0
204.315,0
204.422,0
204.529,3
204.636,12
204.743,0
204.85,26
204.957,0
205.064,2
205.171,0
205.277,7
205.384,7
205.491,0
205.598,11
205.705,22
205.812,14
205.919,21
206.026,9
206.133,0
206.24,0
206.346,12
206.453,1
206.56,16
206.667,10
206.774,10
206.881,11
206.988,0
207.095,0
207.202,10
207.309,0
207.415,104
207.522,143
207.629,72
207.736,0
207.843,0
207.95,0
208.057,0
208.164,7
208.271,0
208.377,0
208.484,0
208.591,0
208.698,0
208.805,0
208.912,6
209.019,13
209.126,11
209.233,0
209.34,0
209.446,0
209.553,22
209.66,13
209.767,0
209.874,3
209.981,7
210.088,0
210.195,0
210.302,3
210.409,13
210.515,0
210.622,5
210.729,17
210.836,8
210.943,0
211.05,15
211.157,0
211.264,0
211.371,0
211.477,23
211.584,0
211.691,0
211.798,0
211.905,0
212.012,0
212.119,9
212.226,11
212.333,17
212.44,16
212.546,30
212.653,24
212.76,0
212.867,0
212.974,0
213.081,0
213.188,0
213.295,19
213.402,0
213.508,0
213.615,0
213.722,0
213.829,0
213.936,34
214.043,0
214.15,0
214.257,0
214.364,25
214.471,0
214.577,13
214.684,28
214.791,0
214.898,9
215.005,0
215.112,7
215.219,12
215.326,0
215.433,8
215.539,16
215.646,21
215.753,0
215.86,4
215.967,25
216.074,5
216.181,2
216.288,5
216.395,0
216.502,0
216.608,0
216.715,5
216.822,2
216.929,32
217.036,17
217.143,0
217.25,19
217.357,52
217.464,18
217.57,6
217.677,30
217.784,0
217.891,0
217.998,0
218.105,0
218.212,19
218.319,4
218.426,0
218.532,19
218.639,20
218.746,4
218.853,19
218.96,11
219.067,21
219.174,0
219.281,15
219.388,4
219.495,13
219.601,0
219.708,16
219.815,23
219.922,0
220.029,0
220.136,0
220.243,15
220.35,59
220.457,17
220.563,20
220.67,6
220.777,0
220.884,1
220.991,85
221.098,106
221.205,60
221.312,12
221.419,0
221.525,14
221.632,15
221.739,0
221.846,3
221.953,0
222.06,8
222.167,15
222.274,3
222.381,0
222.488,13
222.594,11
222.701,8
222.808,26
222.915,1
223.022,34
223.129,14
223.236,6
223.343,38
223.45,4
223.556,0
223.663,0
223.77,1
223.877,0
223.984,8
224.091,0
224.198,26
224.305,4
224.412,27
224.518,23
224.625,0
224.732,0
224.839,0
224.946,19
225.053,4
225.16,6
225.267,0
225.374,9
225.48,19
225.587,0
225.694,2
225.801,0
225.908,0
226.015,0
226.122,13
226.229,0
226.336,0
226.442,17
226.549,0
226.656,0
226.763,17
226.87,21
226.977,0
227.084,0
227.191,15
227.298,0
227.404,0
227.511,14
227.618,31
227.725,0
227.832,0
227.939,16
228.046,38
228.153,0
228.26,0
228.366,6
228.473,0
228.58,23
228.687,9
228.794,0
228.901,21
229.008,1
229.115,0
229.222,0
229.328,15
229.435,5
229.542,0
229.649,0
229.756,11
229.863,25
229.97,0
230.077,5
230.184,7
230.29,8
230.397,5
230.504,3
230.611,12
230.718,0
230.825,0
230.932,24
231.039,36
231.146,20
231.252,1
231.359,0
231.466,7
231.573,0
231.68,0
231.787,23
231.894,0
232.001,0
232.108,14
232.214,18
232.321,0
232.428,4
232.535,0
232.642,0
232.749,0
232.856,0
232.963,0
233.07,0
233.176,0
233.283,31
233.39,0
233.497,1
233.604,3
233.711,26
233.818,18
233.925,0
234.031,13
234.138,0
234.245,16
234.352,14
234.459,10
234.566,0
234.673,0
234.78,22
234.887,15
234.993,0
235.1,14
235.207,0
235.314,0
235.421,39
235.528,0
235.635,11
235.742,0
235.849,0
235.955,15
236.062,4
236.169,9
236.276,0
236.383,3
236.49,4
236.597,0
236.704,0
236.81,8
236.917,2
237.024,0
237.131,3
237.238,0
237.345,15
237.452,2
237.559,0
237.666,0
237.772,0
237.879,4
237.986,0
238.093,0
238.2,0
238.307,29
238.414,30
238.521,24
238.628,30
238.734,7
238.841,2
238.948,16
239.055,4
239.162,0
239.269,0
239.376,0
239.483,11
239.589,27
239.696,0
239.803,24
239.91,12
240.017,0
240.124,0
240.231,9
240.338,29
240.445,0
240.551,3
240.658,0
240.765,0
240.872,0
240.979,4
241.086,7
241.193,0
241.3,0
241.406,0
241.513,0
241.62,35
241.727,24
241.834,0
241.941,21
242.048,30
242.155,25
242.262,7
242.368,0
242.475,0
242.582,17
242.689,0
242.796,0
242.903,0
243.01,28
243.117,7
243.223,11
243.33,2
243.437,0
243.544,8
243.651,8
243.758,0
243.865,28
243.972,0
244.079,0
244.185,6
244.292,0
244.399,15
244.506,0
244.613,1
244.72,26
244.827,2
244.934,0
245.04,16
245.147,19
245.254,0
245.361,0
245.468,2
245.575,0
245.682,16
245.789,0
245.896,0
246.002,2
246.109,23
246.216,22
246.323,0
246.43,0
246.537,16
246.644,0
246.751,0
246.857,7
246.964,40
247.071,41
247.178,11
247.285,0
247.392,3
247.499,0
247.606,0
247.712,0
247.819,8
247.926,22
248.033,28
248.14,5
248.247,0
248.354,14
248.461,7
248.567,0
248.674,0
248.781,19
248.888,3
248.995,0
249.102,0
249.209,0
249.316,26
249.423,15
249.529,0
249.636,10
249.743,22
249.85,99
249.957,53
250.064,0
250.171,29
250.278,5
250.384,19
250.491,28
250.598,0
250.705,1
250.812,9
250.919,0
251.026,6
251.133,0
251.239,6
251.346,0
251.453,3
251.56,22
251.667,0
251.774,19
251.881,83
251.988,74
252.094,0
252.201,21
252.308,106
252.415,60
252.522,14
252.629,0
252.736,0
252.843,4
252.949,1
253.056,6
253.163,10
253.27,0
253.377,1
253.484,4
253.591,20
253.698,0
253.804,3
253.911,6
254.018,0
254.125,0
254.232,0
254.339,0
254.446,21
254.553,0
254.659,9
254.766,0
254.873,0
254.98,0
255.087,8
255.194,0
255.301,18
255.408,14
255.514,0
255.621,0
255.728,14
255.835,5
255.942,0
256.049,0
256.156,0
256.263,9
256.369,14
256.476,0
256.583,0
256.69,3
256.797,18
256.904,22
257.011,4
257.118,0
257.224,0
257.331,27
257.438,16
257.545,0
257.652,0
257.759,13
257.866,0
257.973,19
258.079,3
258.186,4
258.293,30
258.4,50
258.507,4
258.614,0
258.721,0
258.828,20
258.934,0
259.041,0
259.148,16
259.255,13
259.362,2
259.469,11
259.576,0
259.683,17
259.789,2
259.896,0
260.003,8
260.11,22
260.217,0
260.324,0
260.431,1
260.537,0
260.644,0
260.751,16
260.858,0
260.965,0
261.072,37
261.179,23
261.286,0
261.392,2
261.499,0
261.606,0
261.713,0
261.82,0
261.927,0
262.034,9
262.141,0
262.247,0
262.354,6
262.461,5
262.568,0
262.675,0
262.782,0
262.889,0
262.996,34
263.102,24
263.209,0
263.316,3
263.423,0
263.53,14
263.637,0
263.744,0
263.85,21
263.957,34
264.064,22
264.171,12
264.278,0
264.385,0
264.492,14
264.599,39
264.705,4
264.812,0
264.919,33
265.026,22
265.133,1
265.24,3
265.347,0
265.454,4
265.56,4
265.667,0
265.774,13
265.881,0
265.988,14
266.095,52
266.202,13
266.308,15
266.415,0
266.522,21
266.629,0
266.736,15
266.843,1
266.95,0
267.057,0
267.163,21
267.27,16
267.377,0
267.484,13
267.591,0
267.698,0
267.805,0
267.911,22
268.018,6
268.125,0
268.232,0
268.339,0
268.446,0
268.553,9
268.66,5
268.766,0
268.873,0
268.98,8
269.087,12
269.194,16
269.301,0
269.408,6
269.514,1
269.621,4
269.728,0
269.835,14
269.942,11
270.049,3
270.156,0
270.263,0
270.369,0
270.476,0
270.583,18
270.69,5
270.797,33
270.904,0
271.011,0
271.117,5
271.224,26
271.331,23
271.438,6
271.545,1
271.652,0
271.759,7
271.866,32
271.972,28
272.079,45
272.186,8
272.293,0
272.4,0
272.507,14
272.614,11
272.72,0
272.827,10
272.934,29
273.041,5
273.148,0
273.255,7
273.362,0
273.468,0
273.575,0
273.682,35
273.789,31
273.896,2
274.003,0
274.11,0
274.217,19
274.323,26
274.43,24
274.537,0
274.644,1
274.751,1
274.858,11
274.965,0
275.071,0
275.178,10
275.285,0
275.392,1
275.499,10
275.606,0
275.713,0
275.819,12
275.926,25
276.033,7
276.14,0
276.247,0
276.354,42
276.461,45
276.567,24
276.674,0
276.781,3
276.888,8
276.995,20
277.102,43
277.209,0
277.315,0
277.422,11
277.529,15
277.636,0
277.743,0
277.85,19
277.957,0
278.064,0
278.17,2
278.277,0
278.384,8
278.491,12
278.598,2
278.705,0
278.812,14
278.918,0
279.025,17
279.132,21
279.239,0
279.346,14
279.453,7
279.56,0
279.666,0
279.773,7
279.88,0
279.987,0
280.094,12
280.201,32
280.308,10
280.414,0
280.521,4
280.628,0
280.735,12
280.842,0
280.949,28
281.056,20
281.162,15
281.269,17
281.376,7
281.483,10
281.59,0
281.697,0
281.804,19
281.91,12
282.017,4
282.124,0
282.231,7
282.338,26
282.445,0
282.552,0
282.658,27
282.765,13
282.872,0
282.979,0
283.086,0
283.193,4
283.3,0
283.406,0
283.513,14
283.62,29
283.727,12
283.834,0
283.941,9
284.048,14
284.154,7
284.261,0
284.368,44
284.475,15
284.582,7
284.689,0
284.796,0
284.902,27
285.009,0
285.116,0
285.223,0
285.33,17
285.437,0
285.544,0
285.65,2
285.757,0
285.864,4
285.971,11
286.078,6
286.185,0
286.292,3
286.398,30
286.505,0
286.612,19
286.719,0
286.826,0
286.933,4
287.039,4
287.146,6
287.253,9
287.36,14
287.467,15
287.574,0
287.681,0
287.787,0
287.894,6
288.001,11
288.108,0
288.215,4
288.322,0
288.429,3
288.535,0
288.642,0
288.749,0
288.856,2
288.963,7
289.07,0
289.177,1
289.283,12
289.39,13
289.497,1
289.604,0
289.711,20
289.818,14
289.924,11
290.031,0
290.138,0
290.245,19
290.352,4
290.459,18
290.566,0
290.672,10
290.779,12
290.886,0
290.993,2
291.1,15
291.207,0
291.314,0
291.42,3
291.527,0
291.634,0
291.741,22
291.848,10
291.955,0
292.062,0
292.168,16
292.275,16
292.382,5
292.489,24
292.596,0
292.703,0
292.809,22
292.916,15
293.023,0
293.13,0
293.237,0
293.344,5
293.451,1
293.557,6
293.664,0
293.771,0
293.878,15
293.985,14
294.092,0
294.198,8
294.305,39
294.412,0
294.519,0
294.626,0
294.733,0
294.84,0
294.946,0
295.053,66
295.16,33
295.267,0
295.374,2
295.481,0
295.588,0
295.694,0
295.801,0
295.908,6
296.015,0
296.122,13
296.229,15
296.335,0
296.442,0
296.549,0
296.656,0
296.763,0
296.87,14
296.977,0
297.083,13
297.19,19
297.297,28
297.404,103
297.511,168
297.618,120
297.724,45
297.831,0
297.938,0
298.045,9
298.152,0
298.259,0
298.365,0
298.472,4
298.579,22
298.686,0
298.793,0
298.9,0
299.007,2
299.113,0
299.22,1
299.327,0
299.434,18
299.541,4
299.648,0
299.754,24
299.861,29
299.968,21
300.075,0
300.182,0
300.289,14
300.396,6
300.502,12
300.609,0
300.716,0
300.823,0
300.93,0
301.037,15
301.143,11
301.25,0
301.357,2
301.464,18
301.571,0
301.678,13
301.784,0
301.891,0
301.998,11
302.105,0
302.212,43
302.319,16
302.426,0
302.532,26
302.639,0
302.746,0
302.853,0
302.96,36
303.067,0
303.173,4
303.28,4
303.387,0
303.494,31
303.601,0
303.708,71
303.814,67
303.921,24
304.028,19
304.135,22
304.242,0
304.349,13
304.456,1
304.562,0
304.669,0
304.776,0
304.883,0
304.99,7
305.097,8
305.203,8
305.31,26
305.417,5
305.524,0
305.631,0
305.738,34
305.844,37
305.951,0
306.058,0
306.165,0
306.272,0
306.379,0
306.485,0
306.592,22
306.699,0
306.806,22
306.913,4
307.02,9
307.126,9
307.233,0
307.34,4
307.447,11
307.554,7
307.661,0
307.767,12
307.874,25
307.981,6
308.088,0
308.195,12
308.302,10
308.409,10
308.515,0
308.622,2
308.729,0
308.836,0
308.943,20
309.05,0
309.156,0
309.263,0
309.37,1
309.477,0
309.584,0
309.691,17
309.797,10
309.904,0
310.011,0
310.118,6
310.225,48
310.332,0
310.438,0
310.545,24
310.652,0
310.759,0
310.866,15
310.973,0
311.079,0
311.186,3
311.293,0
311.4,13
311.507,18
311.614,0
311.72,0
311.827,6
311.934,24
312.041,0
312.148,0
312.255,13
312.361,18
312.468,14
312.575,4
312.682,20
312.789,13
312.896,0
313.002,36
313.109,0
313.216,5
313.323,16
313.43,15
313.537,10
313.643,4
313.75,23
313.857,31
313.964,0
314.071,26
314.178,1
314.284,0
314.391,16
314.498,6
314.605,0
314.712,0
314.819,0
314.925,26
315.032,4
315.139,15
315.246,19
315.353,22
315.46,3
315.566,4
315.673,6
315.78,29
315.887,3
315.994,0
316.1,0
316.207,0
316.314,0
316.421,13
316.528,16
316.635,10
316.741,0
316.848,4
316.955,2
317.062,0
317.169,0
317.276,0
317.382,0
317.489,8
317.596,5
317.703,3
317.81,2
317.917,8
318.023,0
318.13,18
318.237,21
318.344,0
318.451,0
318.558,4
318.664,15
318.771,0
318.878,10
318.985,12
319.092,14
319.199,3
319.305,13
319.412,0
319.519,0
319.626,0
319.733,23
319.839,2
319.946,2
320.053,18
320.16,47
320.267,22
320.374,3
320.48,17
320.587,14
320.694,47
320.801,59
320.908,15
321.015,0
321.121,27
321.228,9
321.335,0
321.442,14
321.549,0
321.655,4
321.762,2
321.869,0
321.976,12
322.083,0
322.19,0
322.296,16
322.403,9
322.51,0
322.617,9
322.724,9
322.831,40
322.937,0
323.044,24
323.151,5
323.258,4
323.365,0
323.472,12
323.578,0
323.685,0
323.792,0
323.899,0
324.006,0
324.112,9
324.219,44
324.326,46
324.433,11
324.54,0
324.647,6
324.753,26
324.86,82
324.967,120
325.074,100
325.181,9
325.287,15
325.394,49
325.501,15
325.608,1
325.715,27
325.822,20
325.928,0
326.035,0
326.142,12
326.249,26
326.356,260
326.463,285
326.569,144
326.676,28
326.783,0
326.89,0
326.997,0
327.103,24
327.21,14
327.317,0
327.424,0
327.531,0
327.638,2
327.744,8
327.851,0
327.958,10
328.065,20
328.172,10
328.278,1
328.385,22
328.492,0
328.599,0
328.706,24
328.813,24
328.919,0
329.026,0
329.133,20
329.24,20
329.347,0
329.453,18
329.56,16
329.667,0
329.774,0
329.881,0
329.988,13
330.094,0
330.201,9
330.308,9
330.415,0
330.522,0
330.628,0
330.735,14
330.842,0
330.949,0
331.056,17
331.162,7
331.269,0
331.376,0
331.483,10
331.59,21
331.697,9
331.803,0
331.91,0
332.017,9
332.124,0
332.231,1
332.337,3
332.444,6
332.551,0
332.658,7
332.765,15
332.872,0
332.978,4
333.085,0
333.192,0
333.299,0
333.406,0
333.512,0
333.619,0
333.726,0
333.833,0
333.94,5
334.046,0
334.153,0
334.26,0
334.367,6
334.474,0
334.581,4
334.687,22
334.794,16
334.901,0
335.008,26
335.115,13
335.221,0
335.328,1
335.435,16
335.542,0
335.649,32
335.755,0
335.862,3
335.969,5
336.076,2
336.183,36
336.29,12
336.396,2
336.503,0
336.61,43
336.717,0
336.824,0
336.93,0
337.037,0
337.144,0
337.251,0
337.358,5
337.464,0
337.571,0
337.678,0
337.785,55
337.892,19
337.998,0
338.105,8
338.212,2
338.319,0
338.426,21
338.533,0
338.639,0
338.746,18
338.853,29
338.96,0
339.067,0
339.173,12
339.28,7
339.387,20
339.494,0
339.601,8
339.707,18
339.814,0
339.921,0
340.028,3
340.135,0
340.241,15
340.348,7
340.455,1
340.562,43
340.669,2
340.775,0
340.882,0
340.989,10
341.096,0
341.203,11
341.309,0
341.416,0
341.523,12
341.63,0
341.737,5
341.844,0
341.95,0
342.057,21
342.164,80
342.271,264
342.378,169
342.484,51
342.591,0
342.698,0
342.805,1
342.912,7
343.018,0
343.125,0
343.232,10
343.339,0
343.446,0
343.552,0
343.659,5
343.766,16
343.873,0
343.98,0
344.086,14
344.193,24
344.3,13
344.407,25
344.514,17
344.62,27
344.727,0
344.834,0
344.941,0
345.048,0
345.154,0
345.261,0
345.368,22
345.475,0
345.582,0
345.688,7
345.795,30
345.902,1
346.009,0
346.116,14
346.222,24
346.329,0
346.436,0
346.543,0
346.65,0
346.756,0
346.863,16
346.97,0
347.077,3
347.184,0
347.29,0
347.397,21
347.504,0
347.611,4
347.718,0
347.824,0
347.931,1
348.038,11
348.145,17
348.252,3
348.358,5
348.465,36
348.572,33
348.679,21
348.786,0
348.892,0
348.999,0
349.106,14
349.213,0
349.32,0
349.426,36
349.533,8
349.64,2
349.747,0
349.854,0
349.96,0
350.067,0
350.174,15
350.281,9
350.388,0
350.494,37
350.601,18
350.708,0
350.815,8
350.922,8
351.028,20
351.135,18
351.242,0
351.349,0
351.456,8
351.562,0
351.669,11
351.776,4
351.883,6
351.989,24
352.096,13
352.203,11
352.31,32
352.417,0
352.523,17
352.63,0
352.737,4
352.844,0
352.951,0
353.057,0
353.164,16
353.271,0
353.378,12
353.485,20
353.591,13
353.698,10
353.805,22
353.912,17
354.019,3
354.125,0
354.232,0
354.339,19
354.446,12
354.553,6
354.659,8
354.766,17
354.873,1
354.98,0
355.086,19
355.193,2
355.3,1
355.407,0
355.514,11
355.62,20
355.727,9
355.834,0
355.941,31
356.048,0
356.154,1
356.261,5
356.368,15
356.475,8
356.582,0
356.688,0
356.795,16
356.902,19
357.009,0
357.115,4
357.222,11
357.329,17
357.436,10
357.543,0
357.649,8
357.756,0
357.863,0
357.97,0
358.077,2
358.183,0
358.29,26
358.397,16
358.504,15
358.61,19
358.717,19
358.824,12
358.931,0
359.038,0
359.144,25
359.251,4
359.358,0
359.465,0
359.572,0
359.678,0
359.785,0
359.892,12
359.999,0
360.105,0
360.212,12
360.319,6
360.426,1
360.533,10
360.639,0
360.746,16
360.853,5
360.96,4
361.067,0
361.173,0
361.28,0
361.387,6
361.494,1
361.6,2
361.707,4
361.814,19
361.921,15
362.028,25
362.134,0
362.241,0
362.348,12
362.455,4
362.562,1
362.668,0
362.775,14
362.882,0
362.989,0
363.095,0
363.202,17
363.309,0
363.416,0
363.523,3
363.629,0
363.736,2
363.843,0
363.95,13
364.056,0
364.163,14
364.27,22
364.377,0
364.484,0
364.59,1
364.697,0
364.804,42
364.911,21
365.017,0
365.124,14
365.231,17
365.338,30
365.445,0
365.551,21
365.658,16
365.765,0
365.872,1
365.979,4
366.085,0
366.192,0
366.299,0
366.406,14
366.512,13
366.619,11
366.726,0
366.833,13
366.94,13
367.046,0
367.153,18
367.26,0
367.367,4
367.473,4
367.58,31
367.687,0
367.794,5
367.9,19
368.007,0
368.114,1
368.221,5
368.328,21
368.434,20
368.541,17
368.648,13
368.755,0
368.861,0
368.968,0
369.075,0
369.182,4
369.289,0
369.395,0
369.502,18
369.609,0
369.716,0
369.822,41
369.929,56
370.036,7
370.143,0
370.25,0
370.356,1
370.463,26
370.57,7
370.677,5
370.783,0
370.89,0
370.997,20
371.104,0
371.211,57
371.317,38
371.424,2
371.531,0
371.638,9
371.744,10
371.851,0
371.958,0
372.065,26
372.171,0
372.278,0
372.385,0
372.492,6
372.599,0
372.705,0
372.812,0
372.919,0
373.026,0
373.132,33
373.239,26
373.346,0
373.453,0
373.559,8
373.666,0
373.773,11
373.88,0
373.987,8
374.093,0
374.2,0
374.307,6
374.414,20
374.52,8
374.627,19
374.734,28
374.841,14
374.947,0
375.054,1
375.161,14
375.268,0
375.375,0
375.481,0
375.588,26
375.695,6
375.802,0
375.908,0
376.015,0
376.122,16
376.229,19
376.335,0
376.442,6
376.549,9
376.656,37
376.763,6
376.869,0
376.976,0
377.083,2
377.19,11
377.296,17
377.403,0
377.51,3
377.617,8
377.723,0
377.83,0
377.937,17
378.044,19
378.15,2
378.257,5
378.364,40
378.471,29
378.578,16
378.684,1
378.791,16
378.898,0
379.005,13
379.111,0
379.218,0
379.325,0
379.432,28
379.538,0
379.645,0
379.752,2
379.859,7
379.965,4
380.072,5
380.179,10
380.286,0
380.392,0
380.499,36
380.606,0
380.713,8
380.82,17
380.926,0
381.033,5
381.14,0
381.247,11
381.353,1
381.46,0
381.567,15
381.674,0
381.78,0
381.887,0
381.994,0
382.101,14
382.207,5
382.314,0
382.421,2
382.528,21
382.634,0
382.741,3
382.848,0
382.955,0
383.061,6
383.168,25
383.275,4
383.382,13
383.488,19
383.595,0
383.702,0
383.809,0
383.916,23
384.022,15
384.129,0
384.236,13
384.343,10
384.449,0
384.556,9
384.663,8
384.77,0
384.876,3
384.983,11
385.09,9
385.197,0
385.303,3
385.41,0
385.517,0
385.624,6
385.73,0
385.837,0
385.944,0
386.051,0
386.157,10
386.264,3
386.371,0
386.478,7
386.584,9
386.691,0
386.798,39
386.905,26
387.011,10
387.118,11
387.225,0
387.332,31
387.438,0
387.545,14
387.652,0
387.759,11
387.865,0
387.972,0
388.079,0
388.186,25
388.292,0
388.399,0
388.506,9
388.613,7
388.719,45
388.826,87
388.933,79
389.04,24
389.146,10
389.253,6
389.36,5
389.467,0
389.573,18
389.68,8
389.787,0
389.894,0
390,0
390.107,20
390.214,107
390.321,64
390.427,12
390.534,0
390.641,0
390.748,21
390.854,12
390.961,0
391.068,0
391.175,36
391.281,36
391.388,0
391.495,0
391.602,0
391.708,0
391.815,22
391.922,0
392.029,0
392.135,0
392.242,21
392.349,4
392.456,14
392.562,0
392.669,0
392.776,25
392.883,10
392.989,15
393.096,0
393.203,0
393.31,0
393.416,0
393.523,0
393.63,0
393.737,12
393.843,0
393.95,0
394.057,0
394.164,0
394.27,29
394.377,4
394.484,16
394.591,23
394.697,6
394.804,0
394.911,0
395.018,24
395.124,0
395.231,6
395.338,0
395.445,0
395.551,0
395.658,4
395.765,0
395.871,0
395.978,25
396.085,11
396.192,0
396.298,0
396.405,0
396.512,8
396.619,0
396.725,4
396.832,10
396.939,8
397.046,0
397.152,0
397.259,0
397.366,5
397.473,0
397.579,0
397.686,13
397.793,4
397.9,20
398.006,16
398.113,25
398.22,0
398.327,4
398.433,0
398.54,15
398.647,14
398.753,6
398.86,0
398.967,8
399.074,13
399.18,16
399.287,28
399.394,10
399.501,13
399.607,0
399.714,0
399.821,0
399.928,0
400.034,0
400.141,0
400.248,19
400.355,0
400.461,0
400.568,7
400.675,0
400.781,0
400.888,10
400.995,14
401.102,3
401.208,0
401.315,2
401.422,4
401.529,0
401.635,0
401.742,0
401.849,31
401.956,28
402.062,0
402.169,0
402.276,0
402.382,0
402.489,21
402.596,0
402.703,2
402.809,10
402.916,0
403.023,0
403.13,10
403.236,15
403.343,16
403.45,0
403.557,8
403.663,0
403.77,14
403.877,0
403.983,0
404.09,0
404.197,0
404.304,16
404.41,0
404.517,8
404.624,0
404.731,0
404.837,0
404.944,0
405.051,6
405.158,0
405.264,0
405.371,0
405.478,15
405.584,0
405.691,0
405.798,0
405.905,24
406.011,14
406.118,0
406.225,1
406.332,21
406.438,0
406.545,4
406.652,0
406.758,10
406.865,10
406.972,17
407.079,0
407.185,0
407.292,0
407.399,17
407.506,27
407.612,8
407.719,12
407.826,0
407.932,0
408.039,2
408.146,13
408.253,0
408.359,0
408.466,0
408.573,0
408.68,9
408.786,0
408.893,2
409,0
409.106,0
409.213,6
409.32,33
409.427,0
409.533,24
409.64,0
409.747,0
409.853,9
409.96,0
410.067,0
410.174,16
410.28,0
410.387,0
410.494,4
410.601,12
410.707,5
410.814,1
410.921,0
411.027,2
411.134,0
411.241,0
411.348,31
411.454,50
411.561,0
411.668,0
411.774,8
411.881,14
411.988,0
412.095,0
412.201,19
412.308,0
412.415,0
412.522,3
412.628,15
412.735,0
412.842,0
412.948,0
413.055,7
413.162,28
413.269,15
413.375,0
413.482,0
413.589,21
413.695,16
413.802,0
413.909,23
414.016,6
414.122,6
414.229,0
414.336,0
414.442,1
414.549,0
414.656,4
414.763,2
414.869,18
414.976,0
415.083,0
415.189,4
415.296,44
415.403,63
415.51,7
415.616,0
415.723,1
415.83,0
415.936,3
416.043,12
416.15,23
416.257,0
416.363,5
416.47,0
416.577,0
416.683,0
416.79,15
416.897,3
417.004,0
417.11,36
417.217,18
417.324,0
417.43,132
417.537,105
417.644,64
417.751,11
417.857,0
417.964,54
418.071,283
418.177,248
418.284,120
418.391,11
418.498,0
418.604,0
418.711,35
418.818,0
418.924,24
419.031,0
419.138,14
419.245,10
419.351,2
419.458,0
419.565,18
419.671,13
419.778,2
419.885,0
419.992,0
420.098,18
420.205,0
420.312,13
420.418,0
420.525,0
420.632,26
420.738,30
420.845,4
420.952,0
421.059,0
421.165,0
421.272,0
421.379,11
421.485,0
421.592,0
421.699,5
421.806,24
421.912,7
422.019,0
422.126,0
422.232,0
422.339,0
422.446,36
422.552,3
422.659,0
422.766,0
422.873,0
422.979,0
423.086,0
423.193,0
423.299,45
423.406,0
423.513,0
423.62,16
423.726,0
423.833,2
423.94,0
424.046,2
424.153,0
424.26,0
424.366,22
424.473,0
424.58,0
424.687,0
424.793,19
424.9,0
425.007,31
425.113,0
425.22,4
425.327,11
425.433,0
425.54,0
425.647,13
425.754,0
425.86,0
425.967,0
426.074,0
426.18,0
426.287,0
426.394,28
426.5,0
426.607,0
426.714,8
426.821,2
426.927,25
427.034,0
427.141,5
427.247,7
427.354,13
427.461,15
427.567,12
427.674,32
427.781,29
427.888,7
427.994,21
428.101,20
428.208,20
428.314,29
428.421,0
428.528,0
428.634,85
428.741,196
428.848,59
428.955,12
429.061,1
429.168,88
429.275,94
429.381,25
429.488,0
429.595,0
429.701,0
429.808,0
429.915,0
430.021,0
430.128,0
430.235,0
430.342,2
430.448,1
430.555,11
430.662,19
430.768,5
430.875,4
430.982,6
431.088,0
431.195,15
431.302,0
431.409,21
431.515,6
431.622,18
431.729,54
431.835,103
431.942,39
432.049,34
432.155,0
432.262,11
432.369,6
432.475,0
432.582,2
432.689,0
432.796,18
432.902,6
433.009,1
433.116,28
433.222,0
433.329,10
433.436,0
433.542,0
433.649,1
433.756,0
433.862,24
433.969,42
434.076,0
434.182,0
434.289,0
434.396,0
434.503,44
434.609,56
434.716,20
434.823,19
434.929,115
435.036,62
435.143,20
435.249,8
435.356,0
435.463,14
435.569,0
435.676,1
435.783,0
435.889,23
435.996,0
436.103,0
436.21,0
436.316,5
436.423,4
436.53,0
436.636,18
436.743,82
436.85,134
436.956,83
437.063,36
437.17,0
437.276,0
437.383,0
437.49,5
437.596,0
437.703,0
437.81,7
437.916,10
438.023,0
438.13,25
438.237,33
438.343,21
438.45,46
438.557,115
438.663,179
438.77,163
438.877,87
438.983,16
439.09,13
439.197,160
439.303,349
439.41,266
439.517,119
439.623,0
439.73,2
439.837,30
439.943,8
440.05,14
440.157,12
440.263,0
440.37,0
440.477,7
440.583,0
440.69,0
440.797,0
440.904,45
441.01,61
441.117,18
441.224,0
441.33,0
441.437,13
441.544,64
441.65,109
441.757,60
441.864,21
441.97,88
442.077,53
442.184,5
442.29,0
442.397,26
442.504,10
442.61,43
442.717,44
442.824,23
442.93,42
443.037,30
443.144,17
443.25,10
443.357,36
443.464,10
443.57,39
443.677,17
443.784,0
443.89,10
443.997,8
444.104,0
444.21,0
444.317,0
444.424,0
444.53,30
444.637,37
444.744,0
444.851,0
444.957,0
445.064,0
445.171,0
445.277,0
445.384,8
445.491,0
445.597,10
445.704,0
445.811,0
445.917,0
446.024,0
446.131,30
446.237,0
446.344,0
446.451,0
446.557,6
446.664,0
446.771,0
446.877,11
446.984,0
447.091,0
447.197,0
447.304,0
447.411,23
447.517,4
447.624,0
447.731,4
447.837,0
447.944,0
448.051,0
448.157,13
448.264,0
448.371,0
448.477,6
448.584,6
448.691,2
448.797,13
448.904,11
449.011,14
449.117,0
449.224,6
449.331,14
449.437,18
449.544,0
449.651,33
449.757,14
449.864,0
449.971,0
450.077,28
450.184,0
450.291,9
450.397,0
450.504,18
450.611,15
450.717,10
450.824,0
450.931,0
451.037,2
451.144,0
451.251,0
451.357,0
451.464,1
451.571,0
451.677,0
451.784,0
451.891,0
451.997,0
452.104,0
452.21,0
452.317,8
452.424,0
452.53,0
452.637,20
452.744,0
452.85,18
452.957,26
453.064,0
453.17,0
453.277,0
453.384,0
453.49,2
453.597,0
453.704,0
453.81,23
453.917,13
454.024,12
454.13,0
454.237,12
454.344,52
454.45,13
454.557,1
454.664,11
454.77,16
454.877,0
454.984,0
455.09,0
455.197,40
455.304,44
455.41,32
455.517,0
455.624,7
455.73,25
455.837,27
455.944,3
456.05,7
456.157,15
456.263,16
456.37,0
456.477,0
456.583,0
456.69,2
456.797,0
456.903,0
457.01,23
457.117,12
457.223,0
457.33,0
457.437,9
457.543,34
457.65,9
457.757,0
457.863,3
457.97,24
458.077,0
458.183,13
458.29,0
458.397,5
458.503,2
458.61,50
458.716,51
458.823,38
458.93,0
459.036,0
459.143,30
459.25,22
459.356,18
459.463,1
459.57,0
459.676,0
459.783,8
459.89,30
459.996,0
460.103,0
460.21,16
460.316,11
460.423,0
460.53,0
460.636,16
460.743,17
460.849,0
460.956,0
461.063,14
461.169,2
461.276,0
461.383,0
461.489,0
461.596,0
461.703,0
461.809,0
461.916,6
462.023,0
462.129,20
462.236,0
462.342,7
462.449,0
462.556,10
462.662,27
462.769,96
462.876,103
462.982,50
463.089,26
463.196,0
463.302,0
463.409,19
463.516,17
463.622,1
463.729,6
463.835,26
463.942,33
464.049,0
464.155,22
464.262,11
464.369,0
464.475,14
464.582,27
464.689,22
464.795,0
464.902,0
465.009,0
465.115,11
465.222,0
465.328,0
465.435,11
465.542,8
465.648,0
465.755,0
465.862,45
465.968,15
466.075,0
466.182,0
466.288,0
466.395,32
466.501,0
466.608,13
466.715,62
466.821,107
466.928,85
467.035,28
467.141,0
467.248,2
467.355,0
467.461,8
467.568,0
467.674,0
467.781,0
467.888,0
467.994,0
468.101,4
468.208,0
468.314,0
468.421,30
468.528,19
468.634,0
468.741,0
468.847,4
468.954,24
469.061,6
469.167,0
469.274,0
469.381,16
469.487,6
469.594,19
469.701,0
469.807,21
469.914,6
470.02,0
470.127,0
470.234,6
470.34,20
470.447,4
470.554,0
470.66,4
470.767,0
470.873,0
470.98,9
471.087,9
471.193,16
471.3,11
471.407,0
471.513,4
471.62,12
471.727,25
471.833,1
471.94,18
472.046,1
472.153,6
472.26,11
472.366,14
472.473,3
472.58,0
472.686,39
472.793,1
472.899,0
473.006,0
473.113,17
473.219,13
473.326,0
473.433,0
473.539,26
473.646,17
473.752,0
473.859,0
473.966,0
474.072,4
474.179,8
474.286,37
474.392,0
474.499,0
474.605,0
474.712,13
474.819,11
474.925,0
475.032,18
475.139,36
475.245,53
475.352,25
475.458,0
475.565,8
475.672,13
475.778,0
475.885,4
475.992,2
476.098,12
476.205,0
476.311,0
476.418,93
476.525,148
476.631,89
476.738,32
476.844,0
476.951,0
477.058,0
477.164,10
477.271,2
477.378,0
477.484,0
477.591,22
477.697,24
477.804,0
477.911,0
478.017,13
478.124,4
478.231,6
478.337,2
478.444,22
478.55,105
478.657,57
478.764,2
478.87,0
478.977,11
479.083,0
479.19,1
479.297,12
479.403,0
479.51,12
479.617,0
479.723,7
479.83,0
479.936,4
480.043,1
480.15,0
480.256,0
480.363,0
480.469,84
480.576,39
480.683,9
480.789,4
480.896,0
481.003,0
481.109,0
481.216,0
481.322,0
481.429,0
481.536,13
481.642,12
481.749,0
481.855,0
481.962,2
482.069,0
482.175,0
482.282,0
482.388,24
482.495,0
482.602,14
482.708,3
482.815,0
482.922,0
483.028,24
483.135,0
483.241,4
483.348,0
483.455,15
483.561,0
483.668,0
483.774,0
483.881,24
483.988,12
484.094,1
484.201,0
484.307,0
484.414,0
484.521,24
484.627,8
484.734,0
484.84,0
484.947,5
485.054,18
485.16,0
485.267,0
485.373,4
485.48,0
485.587,0
485.693,0
485.8,0
485.907,1
486.013,18
486.12,0
486.226,0
486.333,9
486.44,11
486.546,17
486.653,16
486.759,29
486.866,6
486.973,0
487.079,0
487.186,10
487.292,16
487.399,6
487.506,0
487.612,4
487.719,7
487.825,2
487.932,8
488.039,26
488.145,7
488.252,0
488.358,0
488.465,0
488.572,0
488.678,29
488.785,40
488.891,0
488.998,0
489.105,9
489.211,4
489.318,14
489.424,2
489.531,18
489.638,0
489.744,2
489.851,5
489.957,6
490.064,19
490.171,0
490.277,31
490.384,14
490.49,0
490.597,0
490.704,6
490.81,0
490.917,0
491.023,0
491.13,0
491.237,8
491.343,6
491.45,5
491.556,15
491.663,16
491.769,0
491.876,31
491.983,21
492.089,0
492.196,12
492.302,14
492.409,2
492.516,0
492.622,0
492.729,8
492.835,20
492.942,15
493.049,0
493.155,0
493.262,0
493.368,0
493.475,0
493.582,0
493.688,4
493.795,0
493.901,14
494.008,16
494.114,11
494.221,0
494.328,2
494.434,16
494.541,0
494.647,0
494.754,16
494.861,0
494.967,0
495.074,7
495.18,9
495.287,6
495.394,12
495.5,8
495.607,13
495.713,0
495.82,8
495.926,2
496.033,7
496.14,3
496.246,12
496.353,2
496.459,0
496.566,5
496.673,4
496.779,0
496.886,26
496.992,131
497.099,92
497.206,41
497.312,15
497.419,0
497.525,1
497.632,0
497.738,0
497.845,16
497.952,21
498.058,0
498.165,6
498.271,0
498.378,24
498.485,0
498.591,10
498.698,18
498.804,20
498.911,32
499.017,54
499.124,2
499.231,0
499.337,22
499.444,10
499.55,3
499.657,0
499.763,0
499.87,36
499.977,12
500.083,8
500.19,4
500.296,0
500.403,0
500.51,11
500.616,0
500.723,0
500.829,18
500.936,21
501.042,11
501.149,0
501.256,25
501.362,17
501.469,18
501.575,12
501.682,0
501.788,7
501.895,9
502.002,25
502.108,0
502.215,0
502.321,33
502.428,59
502.534,15
502.641,0
502.748,0
502.854,2
502.961,0
503.067,0
503.174,6
503.281,10
503.387,52
503.494,61
503.6,9
503.707,0
503.813,0
503.92,10
504.027,8
504.133,0
504.24,0
504.346,7
504.453,10
504.559,0
504.666,2
504.773,0
504.879,20
504.986,0
505.092,11
505.199,0
505.305,5
505.412,0
505.518,22
505.625,14
505.732,11
505.838,0
505.945,0
506.051,21
506.158,32
506.264,0
506.371,11
506.478,0
506.584,15
506.691,36
506.797,16
506.904,0
507.01,0
507.117,23
507.224,8
507.33,0
507.437,7
507.543,5
507.65,0
507.756,0
507.863,0
507.97,26
508.076,0
508.183,0
508.289,0
508.396,4
508.502,22
508.609,0
508.715,13
508.822,0
508.929,0
509.035,0
509.142,10
509.248,39
509.355,54
509.461,0
509.568,10
509.675,15
509.781,0
509.888,4
509.994,15
510.101,4
510.207,0
510.314,10
510.42,21
510.527,0
510.634,0
510.74,13
510.847,24
510.953,13
511.06,3
511.166,42
511.273,16
511.379,8
511.486,0
511.593,24
511.699,2
511.806,3
511.912,0
512.019,0
512.125,26
512.232,22
512.339,3
512.445,0
512.552,16
512.658,20
512.765,0
512.871,17
512.978,87
513.084,121
513.191,100
513.298,285
513.404,253
513.511,182
513.617,174
513.724,170
513.83,165
513.937,66
514.043,17
514.15,11
514.256,24
514.363,29
514.47,66
514.576,48
514.683,0
514.789,73
514.896,125
515.002,57
515.109,35
515.215,29
515.322,0
515.429,10
515.535,0
515.642,0
515.748,14
515.855,30
515.961,0
516.068,8
516.174,21
516.281,10
516.388,24
516.494,2
516.601,0
516.707,18
516.814,0
516.92,9
517.027,6
517.133,0
517.24,4
517.346,34
517.453,114
517.56,78
517.666,20
517.773,14
517.879,11
517.986,99
518.092,67
518.199,57
518.305,222
518.412,140
518.518,54
518.625,0
518.732,0
518.838,72
518.945,29
519.051,0
519.158,28
519.264,50
519.371,7
519.477,0
519.584,0
519.69,11
519.797,21
519.903,0
520.01,44
520.117,16
520.223,0
520.33,0
520.436,9
520.543,0
520.649,0
520.756,16
520.862,36
520.969,13
521.075,0
521.182,10
521.289,27
521.395,0
521.502,0
521.608,40
521.715,5
521.821,11
521.928,0
522.034,8
522.141,0
522.247,7
522.354,6
522.46,0
522.567,0
522.674,6
522.78,4
522.887,0
522.993,13
523.1,0
523.206,0
523.313,18
523.419,0
523.526,6
523.632,5
523.739,4
523.845,15
523.952,8
524.058,20
524.165,6
524.272,0
524.378,25
524.485,3
524.591,25
524.698,0
524.804,2
524.911,50
525.017,30
525.124,31
525.23,0
525.337,21
525.443,22
525.55,5
525.656,1
525.763,9
525.87,3
525.976,18
526.083,7
526.189,6
526.296,0
526.402,21
526.509,7
526.615,6
526.722,0
526.828,0
526.935,5
527.041,7
527.148,1
527.254,2
527.361,0
527.467,18
527.574,12
527.68,6
527.787,9
527.894,9
528,0
528.107,0
528.213,37
528.32,7
528.426,0
528.533,0
528.639,7
528.746,20
528.852,0
528.959,0
529.065,32
529.172,9
529.278,0
529.385,8
529.491,24
529.598,0
529.704,0
529.811,20
529.918,16
530.024,0
530.131,0
530.237,0
530.344,16
530.45,20
530.557,0
530.663,0
530.77,0
530.876,0
530.983,32
531.089,48
531.196,17
531.302,0
531.409,12
531.515,4
531.622,33
531.728,16
531.835,6
531.941,0
532.048,10
532.154,35
532.261,23
532.367,0
532.474,0
532.581,34
532.687,25
532.794,26
532.9,7
533.007,16
533.113,17
533.22,6
533.326,0
533.433,13
533.539,0
533.646,0
533.752,4
533.859,0
533.965,0
534.072,15
534.178,0
534.285,8
534.391,16
534.498,12
534.604,8
534.711,0
534.817,0
534.924,0
535.03,3
535.137,24
535.243,10
535.35,2
535.456,21
535.563,34
535.669,26
535.776,0
535.882,9
535.989,16
536.095,7
536.202,4
536.308,4
536.415,5
536.521,0
536.628,5
536.735,5
536.841,40
536.948,0
537.054,4
537.161,4
537.267,0
537.374,7
537.48,0
537.587,0
537.693,0
537.8,30
537.906,4
538.013,0
538.119,0
538.226,0
538.332,15
538.439,16
538.545,2
538.652,7
538.758,3
538.865,6
538.971,18
539.078,0
539.184,34
539.291,0
539.397,0
539.504,13
539.61,13
539.717,0
539.823,0
539.93,24
540.036,66
540.143,23
540.249,15
540.356,0
540.462,21
540.569,27
540.675,6
540.782,0
540.888,0
540.995,2
541.101,0
541.208,29
541.314,0
541.421,2
541.527,9
541.634,0
541.74,0
541.847,2
541.953,30
542.06,30
542.166,0
542.273,5
542.379,0
542.486,7
542.592,0
542.699,13
542.805,9
542.912,0
543.018,0
543.125,4
543.231,8
543.338,6
543.444,8
543.551,16
543.657,0
543.764,9
543.87,0
543.977,0
544.083,0
544.19,22
544.296,20
544.403,0
544.509,2
544.616,0
544.722,0
544.829,5
544.935,0
545.042,0
545.148,26
545.255,4
545.361,13
545.467,0
545.574,0
545.68,11
545.787,7
545.893,0
546,0
546.106,11
546.213,0
546.319,19
546.426,19
546.532,6
546.639,5
546.745,28
546.852,0
546.958,7
547.065,19
547.171,0
547.278,4
547.384,21
547.491,0
547.597,0
547.704,104
547.81,91
547.917,33
548.023,11
548.13,0
548.236,0
548.343,1
548.449,34
548.556,0
548.662,8
548.769,0
548.875,4
548.982,23
549.088,7
549.195,0
549.301,0
549.408,16
549.514,20
549.62,0
549.727,20
549.833,0
549.94,6
550.046,36
550.153,0
550.259,0
550.366,0
550.472,0
550.579,0
550.685,13
550.792,1
550.898,0
551.005,0
551.111,31
551.218,43
551.324,10
551.431,12
551.537,0
551.644,0
551.75,0
551.857,20
551.963,25
552.07,8
552.176,11
552.282,0
552.389,0
552.495,8
552.602,20
552.708,0
552.815,0
552.921,0
553.028,15
553.134,17
553.241,0
553.347,7
553.454,0
553.56,1
553.667,5
553.773,13
553.88,0
553.986,8
554.093,0
554.199,52
554.305,38
554.412,30
554.518,23
554.625,0
554.731,0
554.838,41
554.944,2
555.051,0
555.157,7
555.264,5
555.37,0
555.477,0
555.583,9
555.69,0
555.796,20
555.903,7
556.009,0
556.115,12
556.222,0
556.328,0
556.435,0
556.541,10
556.648,0
556.754,1
556.861,11
556.967,0
557.074,0
557.18,7
557.287,0
557.393,0
557.5,0
557.606,2
557.713,0
557.819,21
557.925,0
558.032,0
558.138,10
558.245,3
558.351,16
558.458,26
558.564,6
558.671,0
558.777,0
558.884,0
558.99,0
559.097,0
559.203,12
559.309,4
559.416,6
559.522,0
559.629,10
559.735,6
559.842,7
559.948,8
560.055,0
560.161,0
560.268,0
560.374,25
560.481,13
560.587,0
560.693,29
560.8,41
560.906,7
561.013,0
561.119,14
561.226,0
561.332,14
561.439,21
561.545,22
561.652,11
561.758,18
561.864,21
561.971,23
562.077,0
562.184,12
562.29,22
562.397,13
562.503,0
562.61,3
562.716,0
562.823,0
562.929,2
563.035,38
563.142,16
563.248,22
563.355,0
563.461,26
563.568,0
563.674,14
563.781,5
563.887,12
563.994,3
564.1,21
564.206,9
564.313,0
564.419,0
564.526,25
564.632,18
564.739,0
564.845,0
564.952,18
565.058,15
565.165,4
565.271,0
565.377,0
565.484,0
565.59,23
565.697,8
565.803,15
565.91,0
566.016,0
566.123,22
566.229,16
566.335,0
566.442,0
566.548,7
566.655,0
566.761,30
566.868,0
566.974,10
567.081,0
567.187,0
567.293,0
567.4,7
567.506,0
567.613,12
567.719,22
567.826,8
567.932,21
568.039,0
568.145,4
568.251,24
568.358,0
568.464,0
568.571,0
568.677,2
568.784,15
568.89,7
568.997,12
569.103,0
569.209,0
569.316,0
569.422,4
569.529,0
569.635,0
569.742,22
569.848,15
569.955,5
570.061,10
570.167,5
570.274,5
570.38,6
570.487,0
570.593,5
570.7,0
570.806,0
570.912,0
571.019,25
571.125,14
571.232,36
571.338,10
571.445,6
571.551,6
571.658,0
571.764,0
571.87,0
571.977,0
572.083,0
572.19,0
572.296,0
572.403,50
572.509,12
572.615,0
572.722,6
572.828,0
572.935,4
573.041,25
573.148,18
573.254,0
573.36,0
573.467,0
573.573,0
573.68,0
573.786,0
573.893,0
573.999,10
574.105,0
574.212,25
574.318,11
574.425,15
574.531,9
574.638,0
574.744,0
574.85,2
574.957,0
575.063,0
575.17,4
575.276,0
575.383,2
575.489,21
575.595,25
575.702,8
575.808,0
575.915,3
576.021,21
576.128,0
576.234,0
576.34,0
576.447,0
576.553,21
576.66,4
576.766,16
576.873,0
576.979,4
577.085,0
577.192,0
577.298,33
577.405,4
577.511,0
577.618,11
577.724,42
577.83,0
577.937,8
578.043,0
578.15,23
578.256,13
578.363,0
578.469,0
578.575,0
578.682,0
578.788,1
578.895,0
579.001,22
579.107,0
579.214,26
579.32,8
579.427,0
579.533,7
579.64,0
579.746,0
579.852,0
579.959,6
580.065,4
580.172,4
580.278,0
580.384,0
580.491,0
580.597,16
580.704,21
580.81,20
580.917,16
581.023,0
581.129,18
581.236,0
581.342,0
581.449,0
581.555,7
581.661,0
581.768,21
581.874,0
581.981,0
582.087,0
582.193,0
582.3,22
582.406,2
582.513,13
582.619,26
582.726,0
582.832,0
582.938,0
583.045,16
583.151,34
583.258,0
583.364,0
583.47,3
583.577,0
583.683,14
583.79,1
583.896,0
584.002,17
584.109,24
584.215,4
584.322,0
584.428,0
584.535,24
584.641,0
584.747,0
584.854,14
584.96,15
585.067,0
585.173,9
585.279,8
585.386,3
585.492,7
585.599,0
585.705,7
585.811,51
585.918,10
586.024,6
586.131,0
586.237,14
586.343,19
586.45,16
586.556,0
586.663,0
586.769,0
586.875,0
586.982,26
587.088,0
587.195,20
587.301,17
587.407,16
587.514,41
587.62,15
587.727,4
587.833,0
587.939,17
588.046,31
588.152,0
588.259,0
588.365,28
588.471,0
588.578,7
588.684,17
588.791,1
588.897,6
589.003,47
589.11,21
589.216,14
589.323,0
589.429,0
589.535,46
589.642,13
589.748,5
589.855,12
589.961,0
590.067,2
590.174,17
590.28,15
590.387,0
590.493,2
590.599,13
590.706,2
590.812,13
590.918,0
591.025,12
591.131,19
591.238,17
591.344,0
591.45,0
591.557,0
591.663,29
591.77,0
591.876,0
591.982,4
592.089,0
592.195,0
592.302,29
592.408,0
592.514,20
592.621,2
592.727,0
592.834,4
592.94,1
593.046,0
593.153,0
593.259,0
593.365,5
593.472,0
593.578,0
593.685,43
593.791,28
593.897,9
594.004,0
594.11,3
594.217,10
594.323,7
594.429,0
594.536,45
594.642,39
594.748,16
594.855,4
594.961,2
595.068,1
595.174,4
595.28,0
595.387,8
595.493,24
595.6,7
595.706,7
595.812,12
595.919,0
596.025,5
596.131,17
596.238,0
596.344,18
596.451,1
596.557,17
596.663,0
596.77,0
596.876,31
596.982,17
597.089,25
597.195,1
597.302,0
597.408,12
597.514,17
597.621,10
597.727,0
597.833,0
597.94,7
598.046,28
598.153,0
598.259,2
598.365,22
598.472,0
598.578,0
598.685,2
598.791,0
598.897,28
599.004,26
599.11,16
599.216,0
599.323,0
599.429,0
599.535,10
599.642,0
599.748,0
599.855,7
599.961,0
600.067,0
600.174,0
600.28,0
600.386,11
600.493,0
600.599,0
600.706,25
600.812,1
600.918,0
601.025,1
601.131,0
601.237,0
601.344,9
601.45,19
601.557,0
601.663,0
601.769,15
601.876,38
601.982,0
602.088,0
602.195,7
602.301,80
602.407,144
602.514,73
602.62,41
602.727,0
602.833,0
602.939,0
603.046,8
603.152,16
603.258,0
603.365,14
603.471,0
603.577,25
603.684,88
603.79,142
603.897,98
604.003,22
604.109,0
604.216,0
604.322,0
604.428,64
604.535,0
604.641,12
604.747,0
604.854,0
604.96,0
605.067,12
605.173,14
605.279,16
605.386,0
605.492,0
605.598,21
605.705,3
605.811,0
605.917,0
606.024,0
606.13,2
606.236,19
606.343,0
606.449,1
606.556,0
606.662,9
606.768,5
606.875,0
606.981,24
607.087,0
607.194,0
607.3,10
607.406,0
607.513,4
607.619,8
607.725,22
607.832,35
607.938,53
608.045,35
608.151,0
608.257,0
608.364,0
608.47,0
608.576,22
608.683,15
608.789,0
608.895,14
609.002,32
609.108,0
609.214,0
609.321,0
609.427,1
609.533,32
609.64,22
609.746,0
609.852,26
609.959,3
610.065,0
610.172,18
610.278,22
610.384,21
610.491,16
610.597,0
610.703,0
610.81,0
610.916,0
611.022,0
611.129,19
611.235,10
611.341,7
611.448,6
611.554,22
611.66,24
611.767,0
611.873,21
611.979,0
612.086,8
612.192,0
612.298,17
612.405,0
612.511,0
612.617,0
612.724,6
612.83,16
612.936,0
613.043,0
613.149,4
613.255,1
613.362,9
613.468,17
613.575,26
613.681,17
613.787,2
613.894,0
614,0
614.106,1
614.213,6
614.319,0
614.425,0
614.532,0
614.638,0
614.744,0
614.851,0
614.957,15
615.063,12
615.17,4
615.276,8
615.382,0
615.489,0
615.595,0
615.701,13
615.808,14
615.914,4
616.02,0
616.127,0
616.233,3
616.339,1
616.446,0
616.552,1
616.658,5
616.765,0
616.871,0
616.977,0
617.084,0
617.19,0
617.296,0
617.403,0
617.509,0
617.615,11
617.722,12
617.828,0
617.934,0
618.041,0
618.147,0
618.253,0
618.36,0
618.466,11
618.572,9
618.679,0
618.785,8
618.891,8
618.998,0
619.104,15
619.21,0
619.316,15
619.423,17
619.529,0
619.635,13
619.742,22
619.848,24
619.954,0
620.061,0
620.167,19
620.273,2
620.38,0
620.486,0
620.592,11
620.699,0
620.805,0
620.911,0
621.018,0
621.124,0
621.23,0
621.337,0
621.443,0
621.549,0
621.656,12
621.762,0
621.868,2
621.975,11
622.081,73
622.187,87
622.294,47
622.4,0
622.506,0
622.612,34
622.719,3
622.825,0
622.931,0
623.038,2
623.144,0
623.25,50
623.357,52
623.463,8
623.569,0
623.676,0
623.782,1
623.888,0
623.995,0
624.101,0
624.207,5
624.314,0
624.42,0
624.526,0
624.632,3
624.739,9
624.845,22
624.951,0
625.058,0
625.164,0
625.27,15
625.377,0
625.483,0
625.589,41
625.696,34
625.802,22
625.908,0
626.015,42
626.121,63
626.227,3
626.333,0
626.44,0
626.546,6
626.652,0
626.759,6
626.865,0
626.971,0
627.078,12
627.184,0
627.29,2
627.397,25
627.503,13
627.609,13
627.715,0
627.822,0
627.928,9
628.034,17
628.141,0
628.247,0
628.353,1
628.46,0
628.566,0
628.672,3
628.778,2
628.885,0
628.991,11
629.097,0
629.204,11
629.31,0
629.416,0
629.523,18
629.629,33
629.735,0
629.841,15
629.948,0
630.054,0
630.16,0
630.267,13
630.373,0
630.479,13
630.586,12
630.692,0
630.798,0
630.904,8
631.011,0
631.117,5
631.223,0
631.33,8
631.436,0
631.542,0
631.649,0
631.755,0
631.861,2
631.967,0
632.074,0
632.18,0
632.286,18
632.393,3
632.499,0
632.605,0
632.711,0
632.818,24
632.924,14
633.03,14
633.137,0
633.243,2
633.349,12
633.456,24
633.562,5
633.668,14
633.774,16
633.881,0
633.987,0
634.093,0
634.2,25
634.306,0
634.412,9
634.518,18
634.625,23
634.731,7
634.837,0
634.944,0
635.05,0
635.156,27
635.262,5
635.369,0
635.475,1
635.581,19
635.688,8
635.794,0
635.9,0
636.006,0
636.113,0
636.219,31
636.325,34
636.432,0
636.538,1
636.644,0
636.75,4
636.857,0
636.963,0
637.069,40
637.176,13
637.282,0
637.388,8
637.494,53
637.601,204
637.707,154
637.813,39
637.92,0
638.026,0
638.132,3
638.238,0
638.345,6
638.451,21
638.557,0
638.663,0
638.77,0
638.876,0
638.982,4
639.089,1
639.195,11
639.301,0
639.407,20
639.514,0
639.62,12
639.726,36
639.833,1
639.939,3
640.045,85
640.151,88
640.258,22
640.364,1
640.47,21
640.576,0
640.683,0
640.789,13
640.895,0
641.002,0
641.108,0
641.214,2
641.32,0
641.427,2
641.533,0
641.639,10
641.745,29
641.852,0
641.958,0
642.064,14
642.171,0
642.277,33
642.383,5
642.489,0
642.596,0
642.702,7
642.808,0
642.914,0
643.021,1
643.127,0
643.233,0
643.339,0
643.446,0
643.552,62
643.658,107
643.765,96
643.871,26
643.977,0
644.083,26
644.19,0
644.296,4
644.402,13
644.508,35
644.615,33
644.721,12
644.827,5
644.933,18
645.04,0
645.146,0
645.252,0
645.358,0
645.465,24
645.571,35
645.677,12
645.784,2
645.89,10
645.996,0
646.102,41
646.209,0
646.315,0
646.421,4
646.527,0
646.634,7
646.74,0
646.846,37
646.952,40
647.059,13
647.165,0
647.271,0
647.377,0
647.484,0
647.59,1
647.696,0
647.802,9
647.909,4
648.015,1
648.121,12
648.227,0
648.334,0
648.44,0
648.546,0
648.652,3
648.759,0
648.865,16
648.971,0
649.077,0
649.184,0
649.29,8
649.396,7
649.502,0
649.609,2
649.715,6
649.821,2
649.927,0
650.034,8
650.14,45
650.246,10
650.352,19
650.459,0
650.565,0
650.671,0
650.777,0
650.884,30
650.99,75
651.096,42
651.202,0
651.309,0
651.415,0
651.521,0
651.627,5
651.734,0
651.84,7
651.946,29
652.052,0
652.159,0
652.265,4
652.371,12
652.477,5
652.584,40
652.69,50
652.796,56
652.902,0
653.009,0
653.115,15
653.221,0
653.327,0
653.434,18
653.54,18
653.646,0
653.752,0
653.858,24
653.965,18
654.071,32
654.177,0
654.283,18
654.39,8
654.496,5
654.602,8
654.708,32
654.815,38
654.921,32
655.027,0
655.133,0
655.24,16
655.346,0
655.452,0
655.558,37
655.665,38
655.771,29
655.877,78
655.983,14
656.089,17
656.196,0
656.302,0
656.408,0
656.514,0
656.621,0
656.727,31
656.833,7
656.939,0
657.046,7
657.152,24
657.258,0
657.364,0
657.47,44
657.577,25
657.683,0
657.789,26
657.895,82
658.002,64
658.108,46
658.214,83
658.32,129
658.427,54
658.533,9
658.639,0
658.745,0
658.851,0
658.958,9
659.064,6
659.17,27
659.276,8
659.383,19
659.489,8
659.595,2
659.701,64
659.807,39
659.914,39
660.02,11
660.126,26
660.232,0
660.339,4
660.445,14
660.551,5
660.657,0
660.763,0
660.87,14
660.976,20
661.082,0
661.188,21
661.295,34
661.401,9
661.507,19
661.613,15
661.719,0
661.826,9
661.932,16
662.038,6
662.144,24
662.251,34
662.357,16
662.463,0
662.569,26
662.675,31
662.782,19
662.888,52
662.994,72
663.1,65
663.206,13
663.313,22
663.419,151
663.525,98
663.631,46
663.738,47
663.844,24
663.95,18
664.056,0
664.162,0
664.269,19
664.375,0
664.481,0
664.587,0
664.693,6
664.8,3
664.906,0
665.012,0
665.118,16
665.225,3
665.331,6
665.437,14
665.543,0
665.649,0
665.756,11
665.862,0
665.968,0
666.074,35
666.18,14
666.287,124
666.393,180
666.499,94
666.605,1
666.711,0
666.818,0
666.924,15
667.03,7
667.136,0
667.242,71
667.349,108
667.455,47
667.561,1
667.667,0
667.773,0
667.88,172
667.986,226
668.092,224
668.198,88
668.304,12
668.411,0
668.517,0
668.623,7
668.729,13
668.835,0
668.942,50
669.048,24
669.154,3
669.26,0
669.366,31
669.473,47
669.579,28
669.685,4
669.791,0
669.897,1
670.004,0
670.11,0
670.216,39
670.322,69
670.428,73
670.535,172
670.641,118
670.747,19
670.853,70
670.959,66
671.066,33
671.172,81
671.278,130
671.384,71
671.49,0
671.597,0
671.703,19
671.809,7
671.915,0
672.021,0
672.128,0
672.234,18
672.34,4
672.446,158
672.552,216
672.658,96
672.765,0
672.871,2
672.977,0
673.083,0
673.189,0
673.296,0
673.402,11
673.508,0
673.614,0
673.72,0
673.827,10
673.933,0
674.039,28
674.145,8
674.251,27
674.357,37
674.464,26
674.57,6
674.676,30
674.782,0
674.888,15
674.995,27
675.101,6
675.207,0
675.313,5
675.419,0
675.526,0
675.632,8
675.738,0
675.844,0
675.95,0
676.056,0
676.163,0
676.269,0
676.375,0
676.481,0
676.587,22
676.693,6
676.8,0
676.906,2
677.012,7
677.118,0
677.224,9
677.331,0
677.437,0
677.543,0
677.649,4
677.755,0
677.861,0
677.968,20
678.074,0
678.18,7
678.286,11
678.392,13
678.498,0
678.605,0
678.711,27
678.817,4
678.923,20
679.029,24
679.136,0
679.242,13
679.348,12
679.454,11
679.56,19
679.666,0
679.773,0
679.879,5
679.985,12
680.091,4
680.197,0
680.303,1
680.41,0
680.516,0
680.622,0
680.728,6
680.834,20
680.94,10
681.047,2
681.153,9
681.259,142
681.365,87
681.471,16
681.577,0
681.684,0
681.79,0
681.896,10
682.002,16
682.108,10
682.214,0
682.321,3
682.427,9
682.533,28
682.639,38
682.745,46
682.851,6
682.958,7
683.064,7
683.17,4
683.276,10
683.382,1
683.488,2
683.595,0
683.701,0
683.807,0
683.913,7
684.019,0
684.125,0
684.231,16
684.338,0
684.444,0
684.55,0
684.656,7
684.762,20
684.868,8
684.975,0
685.081,0
685.187,0
685.293,0
685.399,20
685.505,0
685.611,0
685.718,5
685.824,0
685.93,0
686.036,3
686.142,4
686.248,0
686.355,0
686.461,0
686.567,2
686.673,0
686.779,0
686.885,0
686.991,0
687.098,0
687.204,0
687.31,0
687.416,3
687.522,24
687.628,25
687.735,0
687.841,10
687.947,0
688.053,0
688.159,0
688.265,0
688.371,9
688.478,0
688.584,20
688.69,0
688.796,42
688.902,138
689.008,76
689.114,0
689.221,0
689.327,53
689.433,23
689.539,10
689.645,0
689.751,9
689.857,25
689.964,17
690.07,0
690.176,0
690.282,0
690.388,28
690.494,0
690.6,0
690.707,0
690.813,0
690.919,0
691.025,13
691.131,19
691.237,0
691.343,0
691.45,20
691.556,0
691.662,0
691.768,20
691.874,0
691.98,17
692.086,0
692.193,6
692.299,24
692.405,0
692.511,5
692.617,12
692.723,9
692.829,0
692.935,12
693.042,0
693.148,6
693.254,13
693.36,0
693.466,0
693.572,36
693.678,1
693.785,0
693.891,10
693.997,0
694.103,25
694.209,0
694.315,0
694.421,6
694.527,0
694.634,0
694.74,5
694.846,6
694.952,0
695.058,14
695.164,7
695.27,7
695.376,0
695.483,71
695.589,67
695.695,29
695.801,0
695.907,11
696.013,0
696.119,12
696.225,6
696.332,45
696.438,48
696.544,24
696.65,1
696.756,33
696.862,0
696.968,0
697.074,6
697.181,24
697.287,10
697.393,5
697.499,10
697.605,0
697.711,0
697.817,23
697.923,3
698.03,0
698.136,0
698.242,0
698.348,8
698.454,0
698.56,0
698.666,0
698.772,17
698.879,0
698.985,11
699.091,1
699.197,4
699.303,0
699.409,14
699.515,0
