39.5139,0
39.7161,9
39.918,23
40.1196,34
40.3209,0
40.5218,0
40.7224,0
40.9227,0
41.1227,2
41.3224,16
41.5217,17
41.7208,8
41.9195,4
42.1179,0
42.316,10
42.5138,0
42.7113,0
42.9084,19
43.1053,0
43.3019,7
43.4982,0
43.6941,0
43.8898,8
44.0852,8
44.2803,2
44.4751,7
44.6696,0
44.8638,23
45.0577,14
45.2514,8
45.4447,0
45.6378,3
45.8306,6
46.0231,13
46.2153,4
46.4072,24
46.5989,0
46.7903,0
46.9814,14
47.1722,0
47.3628,0
47.5531,9
47.7431,29
47.9329,9
48.1223,10
48.3116,17
48.5005,39
48.6892,10
48.8776,0
49.0658,36
49.2537,26
49.4414,0
49.6288,3
49.8159,0
50.0028,5
50.1894,10
50.3757,17
50.5619,17
50.7477,0
50.9333,0
51.1187,11
51.3038,18
51.4887,5
51.6733,13
51.8577,0
52.0418,0
52.2257,7
52.4094,2
52.5928,12
52.7759,11
52.9589,8
53.1416,26
53.324,27
53.5062,0
53.6882,0
53.87,14
54.0515,0
54.2328,0
54.4138,8
54.5947,16
54.7753,0
54.9556,0
55.1358,0
55.3157,6
55.4954,0
55.6748,19
55.8541,29
56.0331,3
56.2119,3
56.3905,0
56.5688,5
56.747,15
56.9249,0
57.1026,0
57.2801,25
57.4574,4
57.6344,0
57.8113,18
57.9879,0
58.1643,13
58.3406,0
58.5166,0
58.6923,48
58.8679,47
59.0433,3
59.2185,18
59.3934,0
59.5682,6
59.7427,12
59.9171,6
60.0912,0
60.2652,0
60.4389,0
60.6125,14
60.7858,20
60.9589,3
61.1319,9
61.3046,16
61.4772,35
61.6495,0
61.8217,6
61.9936,0
62.1654,0
62.337,6
62.5084,7
62.6795,2
62.8505,16
63.0213,1
63.192,13
63.3624,2
63.5326,22
63.7027,15
63.8725,20
64.0422,14
64.2117,2
64.381,0
64.5502,9
64.7191,0
64.8878,16
65.0564,4
65.2248,3
65.393,5
65.5611,0
65.7289,0
65.8966,12
66.0641,0
66.2314,0
66.3985,7
66.5655,17
66.7323,15
66.8989,8
67.0653,0
67.2316,19
67.3977,0
67.5636,0
67.7293,0
67.8949,19
68.0603,0
68.2255,0
68.3906,3
68.5554,0
68.7202,3
68.8847,0
69.0491,0
69.2133,8
69.3774,26
69.5412,0
69.705,0
69.8685,0
70.0319,6
70.1951,0
70.3582,0
70.5211,0
70.6838,5
70.8464,4
71.0088,14
71.171,7
71.3331,13
71.4951,5
71.6568,1
71.8185,7
71.9799,0
72.1412,0
72.3023,0
72.4633,27
72.6242,8
72.7848,6
72.9453,2
73.1057,41
73.2659,7
73.426,11
73.5859,2
73.7456,19
73.9052,21
74.0647,43
74.224,18
74.3831,9
74.5421,0
74.7009,0
74.8596,25
75.0182,0
75.1766,0
75.3348,36
75.4929,52
75.6509,0
75.8087,0
75.9664,22
76.1239,3
76.2813,0
76.4385,19
76.5956,30
76.7525,0
76.9093,0
77.066,7
77.2225,0
77.3788,0
77.5351,24
77.6911,11
77.8471,0
78.0029,0
78.1586,0
78.3141,6
78.4695,18
78.6247,9
78.7798,5
78.9348,0
79.0896,8
79.2443,32
79.3989,13
79.5533,0
79.7076,0
79.8618,17
80.0158,14
80.1697,0
80.3234,24
80.477,8
80.6305,14
80.7838,0
80.9371,0
81.0901,15
81.2431,2
81.3959,0
81.5486,15
81.7012,0
81.8536,13
82.0059,15
82.1581,0
82.3101,0
82.462,3
82.6138,4
82.7654,0
82.917,0
83.0684,35
83.2196,0
83.3708,12
83.5218,4
83.6727,2
83.8234,1
83.9741,8
84.1246,0
84.275,11
84.4253,0
84.5754,0
84.7254,6
84.8753,0
85.0251,22
85.1747,1
85.3243,0
85.4737,7
85.623,11
85.7721,6
85.9212,2
86.0701,0
86.2189,1
86.3676,0
86.5161,0
86.6646,38
86.8129,0
86.9611,0
87.1092,0
87.2572,19
87.405,26
87.5527,6
87.7004,0
87.8479,37
87.9952,14
88.1425,0
88.2897,0
88.4367,26
88.5836,0
88.7304,14
88.8771,2
89.0237,0
89.1701,8
89.3165,0
89.4627,0
89.6089,0
89.7549,2
89.9008,0
90.0465,17
90.1922,0
90.3378,0
90.4832,18
90.6286,19
90.7738,0
90.9189,0
91.0639,7
91.2088,32
91.3536,1
91.4983,0
91.6429,16
91.7873,0
91.9317,51
92.0759,3
92.2201,2
92.3641,17
92.508,0
92.6518,8
92.7955,11
92.9391,11
93.0826,9
93.226,9
93.3693,0
93.5125,0
93.6555,3
93.7985,10
93.9414,6
94.0841,0
94.2268,0
94.3693,0
94.5118,5
94.6541,19
94.7964,0
94.9385,3
95.0805,0
95.2225,20
95.3643,12
95.506,32
95.6476,13
95.7892,0
95.9306,0
96.0719,0
96.2131,12
96.3543,10
96.4953,0
96.6362,0
96.777,16
96.9177,15
97.0584,26
97.1989,22
97.3393,6
97.4796,13
97.6199,11
97.76,0
97.9,22
98.04,28
98.1798,0
98.3195,0
98.4592,14
98.5987,0
98.7382,4
98.8775,8
99.0168,19
99.1559,13
99.295,0
99.434,0
99.5729,0
99.7116,0
99.8503,0
99.9889,0
100.127,13
100.266,0
100.404,2
100.542,8
100.68,0
100.818,14
100.956,12
101.094,5
101.232,6
101.37,9
101.507,0
101.645,31
101.782,9
101.919,17
102.057,1
102.194,1
102.331,0
102.468,1
102.605,17
102.741,14
102.878,11
103.014,3
103.151,1
103.287,8
103.424,0
103.56,11
103.696,0
103.832,0
103.968,14
104.104,33
104.24,0
104.375,0
104.511,50
104.646,28
104.782,0
104.917,0
105.052,0
105.188,7
105.323,26
105.458,5
105.592,2
105.727,0
105.862,0
105.997,5
106.131,0
106.266,0
106.4,0
106.534,32
106.669,0
106.803,18
106.937,0
107.071,11
107.205,0
107.338,3
107.472,0
107.606,2
107.739,13
107.873,0
108.006,10
108.139,16
108.273,8
108.406,1
108.539,1
108.672,6
108.805,27
108.938,18
109.07,0
109.203,5
109.336,9
109.468,20
109.6,15
109.733,0
109.865,6
109.997,6
110.129,5
110.261,0
110.393,0
110.525,8
110.657,0
110.788,13
110.92,16
111.052,24
111.183,25
111.314,19
111.446,19
111.577,29
111.708,1
111.839,31
111.97,0
112.101,23
112.232,10
112.363,0
112.493,13
112.624,21
112.754,0
112.885,0
113.015,19
113.145,20
113.276,0
113.406,27
113.536,37
113.666,6
113.796,18
113.926,0
114.055,0
114.185,3
114.315,0
114.444,0
114.574,0
114.703,0
114.832,0
114.962,40
115.091,10
115.22,56
115.349,54
115.478,10
115.607,4
115.735,9
115.864,0
115.993,11
116.121,0
116.25,4
116.378,0
116.507,12
116.635,21
116.763,0
116.891,20
117.019,124
117.147,91
117.275,21
117.403,0
117.531,0
117.659,11
117.786,23
117.914,0
118.041,0
118.169,0
118.296,31
118.423,11
118.551,0
118.678,0
118.805,25
118.932,0
119.059,0
119.186,18
119.312,0
119.439,0
119.566,28
119.692,11
119.819,0
119.945,26
120.072,9
120.198,0
120.324,0
120.451,19
120.577,4
120.703,7
120.829,0
120.955,40
121.08,0
121.206,24
121.332,0
121.458,0
121.583,26
121.709,24
121.834,0
121.959,8
122.085,0
122.21,7
122.335,0
122.46,5
122.585,0
122.71,0
122.835,0
122.96,0
123.085,0
123.209,14
123.334,0
123.459,11
123.583,0
123.708,8
123.832,0
123.956,7
124.081,9
124.205,2
124.329,12
124.453,25
124.577,2
124.701,51
124.825,43
124.949,36
125.072,1
125.196,0
125.32,0
125.443,4
125.567,0
125.69,0
125.814,2
125.937,24
126.06,3
126.183,14
126.306,0
126.429,14
126.552,17
126.675,22
126.798,30
126.921,12
127.044,6
127.166,0
127.289,17
127.412,7
127.534,0
127.657,0
127.779,0
127.901,2
128.023,7
128.146,5
128.268,12
128.39,36
128.512,27
128.634,9
128.756,14
128.878,38
128.999,24
129.121,30
129.243,0
129.364,0
129.486,0
129.607,0
129.729,5
129.85,0
129.971,0
130.092,22
130.214,28
130.335,2
130.456,8
130.577,5
130.698,0
130.819,0
130.939,8
131.06,6
131.181,28
131.302,0
131.422,6
131.543,33
131.663,4
131.784,0
131.904,0
132.024,0
132.144,19
132.265,4
132.385,3
132.505,0
132.625,24
132.745,18
132.865,0
132.985,0
133.104,0
133.224,0
133.344,0
133.463,22
133.583,0
133.702,26
133.822,0
133.941,3
134.061,21
134.18,19
134.299,0
134.418,37
134.537,0
134.656,17
134.775,19
134.894,14
135.013,12
135.132,0
135.251,0
135.369,13
135.488,6
135.607,13
135.725,0
135.844,7
135.962,34
136.081,26
136.199,0
136.317,0
136.436,10
136.554,26
136.672,1
136.79,14
136.908,2
137.026,0
137.144,0
137.262,20
137.379,17
137.497,0
137.615,15
137.733,12
137.85,3
137.968,3
138.085,5
138.203,0
138.32,8
138.437,0
138.555,5
138.672,8
138.789,0
138.906,0
139.023,0
139.14,19
139.257,0
139.374,0
139.491,0
139.608,0
139.724,29
139.841,0
139.958,0
140.074,9
140.191,0
140.307,0
140.424,11
140.54,15
140.657,0
140.773,0
140.889,0
141.005,6
141.121,5
141.237,0
141.353,0
141.469,23
141.585,5
141.701,0
141.817,0
141.933,25
142.049,49
142.164,8
142.28,0
142.396,0
142.511,0
142.627,16
142.742,27
142.857,19
142.973,14
143.088,0
143.203,10
143.318,0
143.434,0
143.549,41
143.664,0
143.779,0
143.894,21
144.008,13
144.123,0
144.238,0
144.353,25
144.468,8
144.582,0
144.697,14
144.811,8
144.926,14
145.04,0
145.155,0
145.269,0
145.383,0
145.498,1
145.612,0
145.726,0
145.84,0
145.954,19
146.068,13
146.182,20
146.296,0
146.41,1
146.524,6
146.638,0
146.751,0
146.865,0
146.979,0
147.092,0
147.206,0
147.319,0
147.433,14
147.546,8
147.66,4
147.773,32
147.886,0
148,0
148.113,0
148.226,0
148.339,0
148.452,0
148.565,0
148.678,18
148.791,5
148.904,3
149.016,0
149.129,0
149.242,7
149.355,15
149.467,0
149.58,0
149.692,24
149.805,4
149.917,7
150.03,0
150.142,0
150.254,17
150.367,12
150.479,0
150.591,0
150.703,12
150.815,0
150.927,0
151.039,9
151.151,11
151.263,9
151.375,0
151.487,0
151.599,25
151.711,21
151.822,30
151.934,2
152.045,29
152.157,5
152.269,16
152.38,41
152.491,19
152.603,6
152.714,0
152.825,10
152.937,23
153.048,103
153.159,86
153.27,50
153.381,19
153.492,0
153.603,0
153.714,0
153.825,0
153.936,0
154.047,13
154.158,0
154.268,0
154.379,0
154.49,9
154.6,4
154.711,17
154.822,2
154.932,39
155.042,15
155.153,0
155.263,16
155.374,0
155.484,0
155.594,0
155.704,8
155.814,0
155.924,15
156.035,0
156.145,0
156.255,0
156.364,15
156.474,16
156.584,0
156.694,2
156.804,14
156.914,8
157.023,0
157.133,29
157.243,0
157.352,0
157.462,4
157.571,34
157.681,28
157.79,0
157.899,0
158.009,4
158.118,12
158.227,18
158.336,0
158.446,0
158.555,16
158.664,4
158.773,0
158.882,0
158.991,0
159.1,0
159.209,0
159.317,0
159.426,0
159.535,0
159.644,0
159.752,0
159.861,0
159.97,13
160.078,12
160.187,0
160.295,18
160.404,0
160.512,9
160.62,10
160.729,6
160.837,0
160.945,0
161.053,13
161.162,14
161.27,10
161.378,0
161.486,6
161.594,2
161.702,12
161.81,18
161.918,0
162.026,2
162.133,56
162.241,74
162.349,1
162.457,10
162.564,2
162.672,0
162.779,7
162.887,0
162.994,0
163.102,0
163.209,12
163.317,0
163.424,4
163.531,0
163.639,10
163.746,0
163.853,0
163.96,0
164.067,0
164.175,33
164.282,29
164.389,0
164.496,0
164.603,15
164.709,0
164.816,7
164.923,0
165.03,6
165.137,12
165.243,0
165.35,5
165.457,3
165.563,8
165.67,7
165.776,0
165.883,0
165.989,0
166.096,2
166.202,0
166.309,0
166.415,17
166.521,2
166.627,6
166.734,0
166.84,0
166.946,0
167.052,0
167.158,0
167.264,0
167.37,0
167.476,0
167.582,0
167.688,0
167.794,20
167.899,1
168.005,0
168.111,0
168.217,5
168.322,0
168.428,1
168.533,13
168.639,7
168.745,14
168.85,4
168.955,0
169.061,0
169.166,2
169.272,2
169.377,0
169.482,0
169.587,0
169.693,10
169.798,10
169.903,0
170.008,2
170.113,2
170.218,0
170.323,3
170.428,10
170.533,0
170.638,8
170.743,0
170.847,0
170.952,17
171.057,5
171.162,6
171.266,28
171.371,0
171.476,0
171.58,0
171.685,17
171.789,6
171.894,7
171.998,0
172.102,6
172.207,0
172.311,32
172.415,0
172.52,0
172.624,0
172.728,9
172.832,0
172.936,0
173.04,0
173.145,12
173.249,0
173.353,0
173.457,0
173.56,0
173.664,0
173.768,9
173.872,0
173.976,30
174.08,0
174.183,0
174.287,0
174.391,0
174.494,0
174.598,0
174.701,52
174.805,41
174.908,0
175.012,0
175.115,0
175.219,8
175.322,4
175.425,4
175.529,1
175.632,15
175.735,0
175.838,0
175.941,9
176.045,0
176.148,0
176.251,7
176.354,0
176.457,0
176.56,0
176.663,13
176.766,0
176.868,2
176.971,2
177.074,0
177.177,21
177.28,4
177.382,0
177.485,0
177.588,19
177.69,0
177.793,0
177.895,0
177.998,0
178.1,5
178.203,1
178.305,0
178.408,0
178.51,0
178.612,0
178.714,5
178.817,5
178.919,0
179.021,5
179.123,19
179.225,7
179.328,0
179.43,4
179.532,6
179.634,0
179.736,11
179.838,0
179.939,0
180.041,17
180.143,0
180.245,0
180.347,4
180.449,2
180.55,0
180.652,27
180.754,4
180.855,0
180.957,0
181.058,10
181.16,23
181.262,0
181.363,0
181.464,0
181.566,0
181.667,1
181.769,20
181.87,0
181.971,0
182.072,25
182.174,9
182.275,0
182.376,17
182.477,2
182.578,6
182.679,0
182.78,0
182.881,0
182.982,4
183.083,0
183.184,0
183.285,3
183.386,0
183.487,0
183.588,7
183.689,18
183.789,0
183.89,19
183.991,14
184.091,0
184.192,0
184.293,0
184.393,16
184.494,0
184.594,0
184.695,2
184.795,0
184.896,47
184.996,19
185.096,0
185.197,7
185.297,0
185.397,4
185.498,2
185.598,0
185.698,0
185.798,0
185.898,27
185.998,0
186.098,23
186.198,0
186.298,15
186.398,13
186.498,0
186.598,0
186.698,21
186.798,22
186.898,66
186.998,80
187.098,56
187.197,0
187.297,0
187.397,0
187.496,2
187.596,0
187.696,1
187.795,0
187.895,0
187.994,23
188.094,0
188.193,0
188.293,15
188.392,11
188.491,6
188.591,0
188.69,0
188.789,7
188.889,12
188.988,0
189.087,0
189.186,0
189.285,19
189.385,0
189.484,0
189.583,0
189.682,14
189.781,26
189.88,4
189.979,0
190.078,8
190.177,24
190.276,5
190.374,0
190.473,21
190.572,4
190.671,0
190.769,9
190.868,6
190.967,0
191.066,9
191.164,6
191.263,0
191.361,0
191.46,15
191.558,26
191.657,8
191.755,6
191.854,18
191.952,9
192.051,20
192.149,0
192.247,0
192.346,0
192.444,13
192.542,4
192.64,6
192.738,0
192.837,32
192.935,25
193.033,17
193.131,32
193.229,21
193.327,0
193.425,15
193.523,13
193.621,7
193.719,25
193.817,16
193.915,5
194.012,0
194.11,1
194.208,23
194.306,0
194.404,0
194.501,37
194.599,1
194.697,0
194.794,36
194.892,8
194.989,0
195.087,0
195.185,0
195.282,27
195.379,6
195.477,4
195.574,0
195.672,35
195.769,10
195.866,23
195.964,15
196.061,0
196.158,0
196.256,0
196.353,31
196.45,21
196.547,0
196.644,0
196.741,0
196.838,4
196.935,9
197.032,3
197.129,18
197.226,0
197.323,0
197.42,11
197.517,0
197.614,10
197.711,3
197.808,11
197.905,16
198.001,6
198.098,5
198.195,0
198.292,37
198.388,24
198.485,40
198.581,9
198.678,1
198.775,0
198.871,14
198.968,0
199.064,0
199.161,0
199.257,9
199.353,5
199.45,17
199.546,0
199.643,18
199.739,0
199.835,2
199.931,15
200.028,16
200.124,0
200.22,12
200.316,30
200.412,0
200.509,37
200.605,10
200.701,0
200.797,0
200.893,0
200.989,10
201.085,0
201.181,0
201.277,11
201.372,0
201.468,6
201.564,11
201.66,0
201.756,0
201.852,3
201.947,6
202.043,0
202.139,0
202.234,0
202.33,11
202.426,5
202.521,0
202.617,0
202.712,13
202.808,35
202.903,2
202.999,10
203.094,9
203.19,0
203.285,93
203.381,70
203.476,31
203.571,0
203.667,6
203.762,7
203.857,3
203.952,7
204.048,0
204.143,22
204.238,0
204.333,0
204.428,19
204.523,3
204.618,8
204.713,1
204.808,7
204.903,74
204.998,86
205.093,32
205.188,6
205.283,0
205.378,0
205.473,0
205.568,9
205.663,0
205.757,4
205.852,12
205.947,25
206.042,0
206.136,136
206.231,124
206.326,48
206.42,0
206.515,0
206.609,0
206.704,0
206.798,0
206.893,1
206.987,0
207.082,10
207.176,30
207.271,22
207.365,24
207.459,1
207.554,31
207.648,0
207.742,0
207.837,0
207.931,0
208.025,16
208.119,12
208.214,0
208.308,0
208.402,13
208.496,15
208.59,0
208.684,6
208.778,4
208.872,13
208.966,0
209.06,5
209.154,22
209.248,0
209.342,34
209.436,52
209.53,22
209.624,3
209.717,11
209.811,38
209.905,0
209.999,1
210.092,11
210.186,0
210.28,0
210.374,6
210.467,8
210.561,0
210.654,0
210.748,12
210.842,39
210.935,8
211.029,0
211.122,0
211.215,4
211.309,0
211.402,0
211.496,38
211.589,23
211.682,17
211.776,0
211.869,0
211.962,0
212.056,10
212.149,0
212.242,0
212.335,16
212.428,20
212.522,35
212.615,24
212.708,0
212.801,16
212.894,0
212.987,9
213.08,22
213.173,0
213.266,0
213.359,24
213.452,10
213.545,0
213.638,0
213.731,0
213.823,33
213.916,53
214.009,3
214.102,0
214.195,7
214.287,8
214.38,15
214.473,0
214.565,0
214.658,8
214.751,9
214.843,4
214.936,4
215.028,0
215.121,0
215.214,32
215.306,0
215.399,8
215.491,4
215.583,0
215.676,8
215.768,0
215.861,6
215.953,11
216.045,0
216.138,9
216.23,8
216.322,0
216.414,0
216.507,13
216.599,0
216.691,12
216.783,0
216.875,0
216.968,26
217.06,1
217.152,6
217.244,0
217.336,0
217.428,20
217.52,24
217.612,16
217.704,0
217.796,0
217.888,0
217.98,0
218.071,0
218.163,0
218.255,0
218.347,2
218.439,0
218.53,0
218.622,22
218.714,30
218.806,1
218.897,0
218.989,18
219.081,15
219.172,15
219.264,0
219.355,0
219.447,7
219.539,0
219.63,0
219.722,0
219.813,0
219.905,15
219.996,0
220.087,1
220.179,10
220.27,22
220.362,7
220.453,0
220.544,0
220.636,27
220.727,0
220.818,0
220.909,0
221.001,0
221.092,16
221.183,4
221.274,0
221.365,9
221.456,15
221.547,0
221.638,36
221.73,26
221.821,11
221.912,0
222.003,0
222.094,6
222.185,0
222.276,0
222.366,9
222.457,4
222.548,89
222.639,92
222.73,38
222.821,0
222.912,0
223.002,38
223.093,73
223.184,96
223.275,55
223.365,12
223.456,0
223.547,0
223.637,23
223.728,0
223.818,0
223.909,30
224,20
224.09,16
224.181,20
224.271,17
224.362,48
224.452,0
224.543,8
224.633,41
224.723,33
224.814,0
224.904,0
224.995,22
225.085,0
225.175,18
225.266,13
225.356,0
225.446,0
225.536,27
225.627,5
225.717,4
225.807,27
225.897,9
225.987,0
226.077,12
226.167,5
226.258,0
226.348,7
226.438,16
226.528,19
226.618,6
226.708,20
226.798,22
226.888,1
226.978,8
227.067,20
227.157,10
227.247,0
227.337,1
227.427,66
227.517,88
227.607,35
227.696,0
227.786,24
227.876,25
227.966,0
228.055,16
228.145,6
228.235,0
228.324,0
228.414,16
228.504,8
228.593,1
228.683,29
228.772,10
228.862,0
228.951,1
229.041,2
229.13,0
229.22,0
229.309,0
229.399,0
229.488,0
229.577,29
229.667,0
229.756,0
229.845,8
229.935,14
230.024,0
230.113,19
230.203,4
230.292,1
230.381,0
230.47,6
230.559,0
230.649,11
230.738,0
230.827,0
230.916,6
231.005,29
231.094,32
231.183,1
231.272,25
231.361,0
231.45,11
231.539,0
231.628,0
231.717,30
231.806,0
231.895,0
231.984,52
232.073,34
232.162,0
232.251,0
232.339,0
232.428,21
232.517,19
232.606,0
232.695,0
232.783,23
232.872,2
232.961,2
233.049,4
233.138,18
233.227,0
233.315,25
233.404,0
233.493,9
233.581,0
233.67,0
233.758,10
233.847,0
233.935,0
234.024,3
234.112,8
234.201,0
234.289,6
234.378,11
234.466,34
234.554,0
234.643,8
234.731,33
234.819,0
234.908,0
234.996,5
235.084,4
235.172,14
235.261,16
235.349,0
235.437,8
235.525,10
235.613,0
235.702,16
235.79,7
235.878,14
235.966,0
236.054,6
236.142,17
236.23,8
236.318,20
236.406,15
236.494,0
236.582,12
236.67,15
236.758,0
236.846,0
236.934,0
237.022,7
237.11,0
237.198,9
237.285,9
237.373,24
237.461,0
237.549,0
237.637,12
237.724,69
237.812,76
237.9,38
237.988,29
238.075,10
238.163,0
238.251,65
238.338,42
238.426,14
238.513,8
238.601,0
238.689,21
238.776,18
238.864,7
238.951,0
239.039,0
239.126,0
239.214,5
239.301,3
239.389,0
239.476,1
239.563,5
239.651,10
239.738,0
239.826,0
239.913,0
240,18
240.087,6
240.175,0
240.262,0
240.349,14
240.437,41
240.524,0
240.611,3
240.698,9
240.785,13
240.872,12
240.96,4
241.047,24
241.134,0
241.221,10
241.308,8
241.395,0
241.482,10
241.569,0
241.656,0
241.743,18
241.83,27
241.917,0
242.004,0
242.091,8
242.178,0
242.265,6
242.352,14
242.438,26
242.525,0
242.612,11
242.699,0
242.786,0
242.872,0
242.959,26
243.046,0
243.133,4
243.219,3
243.306,18
243.393,0
243.479,0
243.566,0
243.653,10
243.739,0
243.826,1
243.912,16
243.999,4
244.086,11
244.172,2
244.259,20
244.345,21
244.432,36
244.518,6
244.605,26
244.691,0
244.777,18
244.864,0
244.95,19
245.037,0
245.123,6
245.209,14
245.296,28
245.382,17
245.468,2
245.554,6
245.641,0
245.727,31
245.813,5
245.899,0
245.986,11
246.072,18
246.158,24
246.244,11
246.33,0
246.416,9
246.502,0
246.589,12
246.675,1
246.761,0
246.847,9
246.933,0
247.019,15
247.105,0
247.191,0
247.277,1
247.363,24
247.449,2
247.534,0
247.62,0
247.706,1
247.792,5
247.878,0
247.964,4
248.05,10
248.135,26
248.221,13
248.307,4
248.393,0
248.479,25
248.564,12
248.65,20
248.736,0
248.821,9
248.907,9
248.993,9
249.078,0
249.164,0
249.25,0
249.335,0
249.421,59
249.506,2
249.592,0
249.677,0
249.763,0
249.848,0
249.934,5
250.019,16
250.105,3
250.19,13
250.276,27
250.361,0
250.446,0
250.532,3
250.617,0
250.703,18
250.788,19
250.873,1
250.959,8
251.044,14
251.129,32
251.214,3
251.3,2
251.385,0
251.47,7
251.555,0
251.64,0
251.726,0
251.811,0
251.896,0
251.981,17
252.066,20
252.151,18
252.236,14
252.321,15
252.406,16
252.491,10
252.576,5
252.661,2
252.746,0
252.831,0
252.916,6
253.001,32
253.086,24
253.171,0
253.256,7
253.341,19
253.426,37
253.511,132
253.596,75
253.68,21
253.765,5
253.85,0
253.935,15
254.02,4
254.104,0
254.189,0
254.274,0
254.358,20
254.443,5
254.528,0
254.613,0
254.697,7
254.782,12
254.866,0
254.951,0
255.036,18
255.12,25
255.205,0
255.289,0
255.374,25
255.458,5
255.543,0
255.627,0
255.712,0
255.796,3
255.881,15
255.965,0
256.05,0
256.134,0
256.218,0
256.303,34
256.387,24
256.472,0
256.556,0
256.64,21
256.724,13
256.809,0
256.893,2
256.977,2
257.062,0
257.146,9
257.23,13
257.314,0
257.398,0
257.483,8
257.567,41
257.651,0
257.735,1
257.819,0
257.903,38
257.987,27
258.071,13
258.156,0
258.24,5
258.324,31
258.408,33
258.492,0
258.576,0
258.66,19
258.744,0
258.828,0
258.911,4
258.995,12
259.079,23
259.163,0
259.247,0
259.331,0
259.415,19
259.499,0
259.582,0
259.666,13
259.75,19
259.834,2
259.918,19
260.001,0
260.085,14
260.169,3
260.253,0
260.336,0
260.42,28
260.504,2
260.587,10
260.671,4
260.755,0
260.838,29
260.922,0
261.005,12
261.089,4
261.173,0
261.256,6
261.34,8
261.423,10
261.507,9
261.59,2
261.674,0
261.757,0
261.841,0
261.924,0
262.007,21
262.091,7
262.174,8
262.258,27
262.341,7
262.424,7
262.508,0
262.591,14
262.674,17
262.758,0
262.841,13
262.924,28
263.008,0
263.091,0
263.174,13
263.257,14
263.34,2
263.424,0
263.507,18
263.59,89
263.673,75
263.756,26
263.839,0
263.923,3
264.006,14
264.089,2
264.172,0
264.255,10
264.338,0
264.421,0
264.504,0
264.587,5
264.67,1
264.753,0
264.836,11
264.919,14
265.002,13
265.085,0
265.168,10
265.251,16
265.333,21
265.416,0
265.499,0
265.582,0
265.665,2
265.748,0
265.831,0
265.913,4
265.996,0
266.079,0
266.162,0
266.244,35
266.327,36
266.41,2
266.493,0
266.575,0
266.658,2
266.741,0
266.823,2
266.906,15
266.989,0
267.071,19
267.154,4
267.236,38
267.319,28
267.402,0
267.484,24
267.567,9
267.649,0
267.732,0
267.814,17
267.897,20
267.979,1
268.062,19
268.144,0
268.226,0
268.309,8
268.391,0
268.474,7
268.556,26
268.638,15
268.721,0
268.803,5
268.885,6
268.968,1
269.05,0
269.132,0
269.215,0
269.297,0
269.379,3
269.461,4
269.544,0
269.626,4
269.708,0
269.79,0
269.872,8
269.955,0
270.037,2
270.119,17
270.201,1
270.283,0
270.365,17
270.447,17
270.529,0
270.611,0
270.694,7
270.776,0
270.858,17
270.94,0
271.022,21
271.104,0
271.186,4
271.268,0
271.349,0
271.431,37
271.513,20
271.595,0
271.677,0
271.759,0
271.841,12
271.923,8
272.005,23
272.086,34
272.168,0
272.25,2
272.332,1
272.414,13
272.495,0
272.577,9
272.659,14
272.741,14
272.822,15
272.904,1
272.986,0
273.068,6
273.149,28
273.231,5
273.313,0
273.394,0
273.476,22
273.557,19
273.639,0
273.721,5
273.802,19
273.884,0
273.965,3
274.047,0
274.128,1
274.21,0
274.291,0
274.373,0
274.454,37
274.536,41
274.617,17
274.699,0
274.78,0
274.862,4
274.943,23
275.024,35
275.106,53
275.187,55
275.269,0
275.35,2
275.431,3
275.513,0
275.594,15
275.675,20
275.756,8
275.838,13
275.919,0
276,8
276.082,1
276.163,17
276.244,11
276.325,14
276.406,40
276.488,135
276.569,91
276.65,23
276.731,0
276.812,1
276.893,6
276.974,0
277.055,0
277.137,0
277.218,5
277.299,35
277.38,11
277.461,12
277.542,8
277.623,0
277.704,11
277.785,18
277.866,58
277.947,20
278.028,8
278.109,0
278.19,0
278.27,0
278.351,4
278.432,0
278.513,0
278.594,0
278.675,8
278.756,0
278.837,1
278.917,5
278.998,4
279.079,8
279.16,16
279.241,18
279.321,15
279.402,0
279.483,0
279.564,36
279.644,10
279.725,11
279.806,13
279.886,10
279.967,31
280.048,26
280.128,6
280.209,4
280.29,30
280.37,0
280.451,6
280.531,3
280.612,10
280.693,6
280.773,19
280.854,19
280.934,0
281.015,0
281.095,0
281.176,0
281.256,18
281.337,10
281.417,0
281.498,0
281.578,4
281.659,6
281.739,4
281.819,15
281.9,9
281.98,0
282.061,0
282.141,40
282.221,7
282.302,12
282.382,0
282.462,0
282.543,3
282.623,40
282.703,0
282.783,6
282.864,0
282.944,0
283.024,0
283.104,10
283.185,6
283.265,10
283.345,0
283.425,4
283.505,0
283.585,0
283.666,7
283.746,3
283.826,3
283.906,0
283.986,4
284.066,14
284.146,21
284.226,0
284.306,12
284.386,33
284.466,0
284.546,0
284.626,19
284.706,8
284.786,0
284.866,27
284.946,6
285.026,10
285.106,43
285.186,0
285.266,0
285.346,11
285.426,0
285.506,11
285.586,22
285.666,10
285.745,0
285.825,2
285.905,17
285.985,6
286.065,8
286.145,0
286.224,0
286.304,31
286.384,0
286.464,13
286.543,15
286.623,21
286.703,6
286.783,8
286.862,6
286.942,15
287.022,0
287.101,10
287.181,23
287.261,0
287.34,0
287.42,6
287.5,0
287.579,25
287.659,0
287.738,0
287.818,0
287.897,0
287.977,0
288.057,0
288.136,0
288.216,14
288.295,10
288.375,6
288.454,0
288.534,24
288.613,5
288.692,16
288.772,0
288.851,22
288.931,3
289.01,0
289.09,19
289.169,14
289.248,15
289.328,0
289.407,0
289.486,0
289.566,0
289.645,0
289.724,0
289.804,25
289.883,32
289.962,0
290.042,0
290.121,0
290.2,7
290.279,19
290.359,0
290.438,0
290.517,41
290.596,27
290.675,2
290.755,0
290.834,9
290.913,14
290.992,2
291.071,0
291.15,0
291.229,0
291.308,28
291.388,0
291.467,0
291.546,0
291.625,3
291.704,0
291.783,0
291.862,22
291.941,4
292.02,3
292.099,0
292.178,7
292.257,10
292.336,8
292.415,41
292.494,7
292.573,0
292.652,0
292.73,4
292.809,0
292.888,0
292.967,0
293.046,0
293.125,8
293.204,5
293.283,3
293.361,13
293.44,7
293.519,4
293.598,6
293.677,0
293.755,0
293.834,14
293.913,0
293.992,18
294.07,26
294.149,18
294.228,9
294.307,7
294.385,5
294.464,0
294.543,24
294.621,31
294.7,10
294.779,0
294.857,0
294.936,0
295.014,0
295.093,15
295.172,0
295.25,6
295.329,0
295.407,36
295.486,13
295.564,4
295.643,0
295.722,14
295.8,0
295.879,5
295.957,0
296.036,0
296.114,0
296.192,22
296.271,0
296.349,0
296.428,38
296.506,0
296.585,0
296.663,22
296.741,2
296.82,13
296.898,12
296.977,0
297.055,4
297.133,18
297.212,0
297.29,24
297.368,4
297.446,0
297.525,0
297.603,15
297.681,0
297.76,0
297.838,4
297.916,0
297.994,22
298.073,24
298.151,0
298.229,3
298.307,0
298.385,12
298.463,52
298.542,4
298.62,0
298.698,0
298.776,0
298.854,0
298.932,1
299.01,15
299.088,0
299.167,32
299.245,24
299.323,0
299.401,13
299.479,0
299.557,27
299.635,15
299.713,4
299.791,15
299.869,0
299.947,0
300.025,0
300.103,2
300.181,3
300.259,0
300.337,55
300.415,57
300.492,18
300.57,14
300.648,0
300.726,2
300.804,6
300.882,0
300.96,35
301.038,10
301.115,0
301.193,9
301.271,7
301.349,26
301.427,0
301.504,25
301.582,0
301.66,25
301.738,0
301.816,0
301.893,0
301.971,11
302.049,0
302.126,15
302.204,0
302.282,6
302.36,25
302.437,6
302.515,3
302.593,0
302.67,14
302.748,24
302.825,15
302.903,21
302.981,30
303.058,4
303.136,0
303.213,0
303.291,0
303.369,0
303.446,0
303.524,9
303.601,7
303.679,8
303.756,8
303.834,0
303.911,34
303.989,91
304.066,45
304.144,24
304.221,0
304.299,0
304.376,26
304.453,1
304.531,0
304.608,8
304.686,25
304.763,0
304.84,21
304.918,0
304.995,6
305.072,9
305.15,5
305.227,23
305.304,15
305.382,0
305.459,0
305.536,38
305.614,2
305.691,0
305.768,6
305.845,0
305.923,7
306,0
306.077,11
306.154,34
306.232,32
306.309,12
306.386,0
306.463,24
306.54,14
306.618,12
306.695,0
306.772,21
306.849,47
306.926,13
307.003,9
307.08,3
307.157,12
307.234,0
307.312,2
307.389,22
307.466,9
307.543,17
307.62,13
307.697,0
307.774,0
307.851,0
307.928,0
308.005,0
308.082,0
308.159,10
308.236,0
308.313,0
308.39,0
308.467,36
308.544,15
308.621,0
308.697,9
308.774,33
308.851,5
308.928,6
309.005,14
309.082,0
309.159,14
309.236,1
309.312,7
309.389,14
309.466,0
309.543,0
309.62,0
309.697,0
309.773,13
309.85,2
309.927,3
310.004,0
310.08,0
310.157,0
310.234,0
310.311,0
310.387,14
310.464,2
310.541,4
310.617,15
310.694,12
310.771,6
310.847,16
310.924,40
311.001,5
311.077,0
311.154,5
311.231,9
311.307,0
311.384,0
311.46,30
311.537,0
311.614,0
311.69,5
311.767,19
311.843,13
311.92,0
311.996,1
312.073,0
312.149,6
312.226,6
312.302,1
312.379,0
312.455,0
312.532,14
312.608,0
312.685,5
312.761,0
312.838,2
312.914,0
312.99,13
313.067,0
313.143,14
313.22,0
313.296,9
313.372,0
313.449,6
313.525,10
313.601,4
313.678,0
313.754,0
313.83,35
313.907,16
313.983,0
314.059,0
314.136,0
314.212,22
314.288,0
314.364,0
314.441,23
314.517,15
314.593,3
314.669,17
314.746,14
314.822,0
314.898,0
314.974,14
315.05,0
315.127,0
315.203,0
315.279,16
315.355,32
315.431,0
315.507,12
315.583,0
315.66,8
315.736,15
315.812,13
315.888,8
315.964,10
316.04,0
316.116,0
316.192,0
316.268,0
316.344,0
316.42,22
316.496,99
316.572,69
316.648,38
316.724,21
316.8,0
316.876,0
316.952,0
317.028,9
317.104,12
317.18,0
317.256,8
317.332,0
317.408,0
317.484,0
317.56,0
317.635,5
317.711,12
317.787,22
317.863,0
317.939,24
318.015,0
318.091,14
318.166,2
318.242,0
318.318,10
318.394,4
318.47,0
318.546,2
318.621,4
318.697,21
318.773,0
318.849,0
318.924,0
319,0
319.076,0
319.152,26
319.227,25
319.303,0
319.379,15
319.454,12
319.53,0
319.606,0
319.681,32
319.757,0
319.833,17
319.908,9
319.984,1
320.06,13
320.135,0
320.211,13
320.286,15
320.362,16
320.438,0
320.513,21
320.589,0
320.664,0
320.74,0
320.815,2
320.891,0
320.966,14
321.042,15
321.117,34
321.193,14
321.268,0
321.344,0
321.419,173
321.495,174
321.57,75
321.646,0
321.721,0
321.797,0
321.872,0
321.947,0
322.023,0
322.098,34
322.174,23
322.249,0
322.324,0
322.4,1
322.475,2
322.55,0
322.626,0
322.701,0
322.776,1
322.852,0
322.927,9
323.002,0
323.078,10
323.153,14
323.228,2
323.304,0
323.379,0
323.454,0
323.529,25
323.605,0
323.68,0
323.755,0
323.83,0
323.905,2
323.981,0
324.056,10
324.131,13
324.206,0
324.281,24
324.356,0
324.432,0
324.507,6
324.582,9
324.657,9
324.732,0
324.807,32
324.882,0
324.957,15
325.033,16
325.108,35
325.183,17
325.258,0
325.333,17
325.408,0
325.483,0
325.558,0
325.633,0
325.708,9
325.783,0
325.858,68
325.933,29
326.008,44
326.083,2
326.158,9
326.233,0
326.308,10
326.383,0
326.458,8
326.533,12
326.608,0
326.682,0
326.757,3
326.832,0
326.907,7
326.982,65
327.057,37
327.132,9
327.207,20
327.281,7
327.356,9
327.431,24
327.506,2
327.581,20
327.656,0
327.73,0
327.805,0
327.88,0
327.955,0
328.03,0
328.104,17
328.179,4
328.254,5
328.329,37
328.403,21
328.478,7
328.553,1
328.627,0
328.702,3
328.777,0
328.852,0
328.926,43
329.001,12
329.076,19
329.15,20
329.225,0
329.3,0
329.374,0
329.449,0
329.523,0
329.598,4
329.673,0
329.747,12
329.822,4
329.896,0
329.971,0
330.045,14
330.12,0
330.195,16
330.269,2
330.344,0
330.418,0
330.493,0
330.567,4
330.642,7
330.716,4
330.791,0
330.865,13
330.94,5
331.014,0
331.089,0
331.163,0
331.237,8
331.312,0
331.386,0
331.461,0
331.535,16
331.61,10
331.684,0
331.758,0
331.833,0
331.907,4
331.981,0
332.056,2
332.13,1
332.205,7
332.279,0
332.353,41
332.428,17
332.502,0
332.576,0
332.65,0
332.725,14
332.799,0
332.873,7
332.948,23
333.022,0
333.096,2
333.17,16
333.245,0
333.319,0
333.393,10
333.467,28
333.541,11
333.616,0
333.69,0
333.764,37
333.838,32
333.912,73
333.987,42
334.061,26
334.135,0
334.209,0
334.283,13
334.357,0
334.431,0
334.506,0
334.58,0
334.654,0
334.728,9
334.802,0
334.876,0
334.95,0
335.024,0
335.098,9
335.172,0
335.246,7
335.32,12
335.394,0
335.468,0
335.542,0
335.616,20
335.69,0
335.764,0
335.838,0
335.912,4
335.986,6
336.06,0
336.134,2
336.208,0
336.282,0
336.356,29
336.43,24
336.504,24
336.578,0
336.652,9
336.726,0
336.799,3
336.873,0
336.947,0
337.021,0
337.095,14
337.169,17
337.243,13
337.316,0
337.39,28
337.464,30
337.538,11
337.612,37
337.686,6
337.759,0
337.833,7
337.907,0
337.981,3
338.054,4
338.128,0
338.202,0
338.276,0
338.349,0
338.423,0
338.497,8
338.571,12
338.644,0
338.718,0
338.792,25
338.865,4
338.939,0
339.013,0
339.086,21
339.16,0
339.234,0
339.307,0
339.381,0
339.455,0
339.528,8
339.602,8
339.675,0
339.749,0
339.823,12
339.896,0
339.97,0
340.043,0
340.117,13
340.191,3
340.264,14
340.338,40
340.411,169
340.485,174
340.558,130
340.632,54
340.705,38
340.779,2
340.852,17
340.926,0
340.999,0
341.073,0
341.146,46
341.22,134
341.293,127
341.367,111
341.44,73
341.513,19
341.587,0
341.66,0
341.734,5
341.807,0
341.88,13
341.954,7
342.027,28
342.101,99
342.174,88
342.247,75
342.321,96
342.394,54
342.467,25
342.541,18
342.614,64
342.687,157
342.761,454
342.834,474
342.907,236
342.981,32
343.054,0
343.127,32
343.2,135
343.274,212
343.347,117
343.42,22
343.494,0
343.567,120
343.64,192
343.713,197
343.786,160
343.86,29
343.933,0
344.006,0
344.079,0
344.152,7
344.226,12
344.299,0
344.372,6
344.445,0
344.518,3
344.591,0
344.665,35
344.738,64
344.811,49
344.884,8
344.957,11
345.03,14
345.103,12
345.176,0
345.249,44
345.322,79
345.396,44
345.469,4
345.542,0
345.615,0
345.688,9
345.761,2
345.834,0
345.907,0
345.98,2
346.053,30
346.126,7
346.199,22
346.272,0
346.345,0
346.418,0
346.491,0
346.564,0
346.637,5
346.71,7
346.783,8
346.856,20
346.929,4
347.001,0
347.074,17
347.147,0
347.22,1
347.293,19
347.366,9
347.439,5
347.512,0
347.585,0
347.657,9
347.73,28
347.803,24
347.876,0
347.949,13
348.022,0
348.094,6
348.167,7
348.24,0
348.313,0
348.386,27
348.458,0
348.531,8
348.604,0
348.677,0
348.75,0
348.822,0
348.895,0
348.968,1
349.041,5
349.113,0
349.186,16
349.259,7
349.331,0
349.404,6
349.477,10
349.55,66
349.622,227
349.695,212
349.768,133
349.84,66
349.913,14
349.986,0
350.058,0
350.131,0
350.204,0
350.276,0
350.349,5
350.421,0
350.494,0
350.567,18
350.639,0
350.712,0
350.784,0
350.857,0
350.929,0
351.002,36
351.075,12
351.147,0
351.22,14
351.292,0
351.365,0
351.437,6
351.51,0
351.582,0
351.655,0
351.727,18
351.8,22
351.872,0
351.945,11
352.017,0
352.09,0
352.162,24
352.235,0
352.307,0
352.38,0
352.452,0
352.524,0
352.597,0
352.669,14
352.742,0
352.814,0
352.886,9
352.959,0
353.031,93
353.104,104
353.176,38
353.248,21
353.321,4
353.393,0
353.465,0
353.538,0
353.61,4
353.682,0
353.755,0
353.827,23
353.899,4
353.972,0
354.044,0
354.116,0
354.188,2
354.261,0
354.333,0
354.405,8
354.478,12
354.55,0
354.622,0
354.694,0
354.767,0
354.839,0
354.911,0
354.983,0
355.055,1
355.128,7
355.2,10
355.272,0
355.344,9
355.416,22
355.489,11
355.561,6
355.633,7
355.705,0
355.777,7
355.849,9
355.921,2
355.994,0
356.066,10
356.138,11
356.21,29
356.282,0
356.354,0
356.426,19
356.498,9
356.57,0
356.642,0
356.714,0
356.787,4
356.859,0
356.931,0
357.003,0
357.075,25
357.147,0
357.219,7
357.291,21
357.363,0
357.435,2
357.507,18
357.579,8
357.651,0
357.723,0
357.795,6
357.867,4
357.939,0
358.011,13
358.083,0
358.154,0
358.226,66
358.298,49
358.37,1
358.442,8
358.514,0
358.586,4
358.658,10
358.73,0
358.802,0
358.874,0
358.945,0
359.017,0
359.089,0
359.161,19
359.233,0
359.305,10
359.377,0
359.448,14
359.52,4
359.592,0
359.664,13
359.736,21
359.807,0
359.879,0
359.951,0
360.023,24
360.095,0
360.166,0
360.238,116
360.31,122
360.382,24
360.453,0
360.525,14
360.597,0
360.669,17
360.74,0
360.812,0
360.884,14
360.956,0
361.027,0
361.099,14
361.171,12
361.242,19
361.314,0
361.386,12
361.457,4
361.529,17
361.601,9
361.672,8
361.744,20
361.816,10
361.887,0
361.959,0
362.03,0
362.102,0
362.174,0
362.245,0
362.317,8
362.388,7
362.46,19
362.532,0
362.603,0
362.675,8
362.746,19
362.818,2
362.889,0
362.961,0
363.032,12
363.104,11
363.176,20
363.247,20
363.319,0
363.39,0
363.462,0
363.533,15
363.605,0
363.676,32
363.748,8
363.819,0
363.89,14
363.962,0
364.033,0
364.105,8
364.176,8
364.248,4
364.319,3
364.391,3
364.462,0
364.533,0
364.605,17
364.676,12
364.748,0
364.819,0
364.89,15
364.962,17
365.033,11
365.104,1
365.176,1
365.247,0
365.319,0
365.39,34
365.461,43
365.533,0
365.604,8
365.675,23
365.747,15
365.818,20
365.889,3
365.96,2
366.032,33
366.103,12
366.174,0
366.246,6
366.317,24
366.388,1
366.459,0
366.531,8
366.602,9
366.673,0
366.744,0
366.816,15
366.887,0
366.958,14
367.029,0
367.1,14
367.172,0
367.243,8
367.314,30
367.385,54
367.456,5
367.528,5
367.599,20
367.67,0
367.741,1
367.812,0
367.883,8
367.955,0
368.026,0
368.097,10
368.168,21
368.239,0
368.31,6
368.381,0
368.452,25
368.523,0
368.595,0
368.666,0
368.737,0
368.808,0
368.879,4
368.95,10
369.021,0
369.092,1
369.163,0
369.234,9
369.305,0
369.376,19
369.447,0
369.518,0
369.589,13
369.66,0
369.731,6
369.802,8
369.873,19
369.944,0
370.015,35
370.086,37
370.157,42
370.228,221
370.299,215
370.37,100
370.441,0
370.512,0
370.583,0
370.654,0
370.725,0
370.796,31
370.866,0
370.937,0
371.008,10
371.079,25
371.15,0
371.221,6
371.292,0
371.363,7
371.434,6
371.504,0
371.575,0
371.646,0
371.717,19
371.788,0
371.859,0
371.93,0
372,0
372.071,8
372.142,13
372.213,0
372.284,0
372.354,0
372.425,0
372.496,32
372.567,48
372.638,15
372.708,0
372.779,0
372.85,9
372.921,39
372.991,0
373.062,0
373.133,14
373.204,0
373.274,0
373.345,8
373.416,10
373.486,6
373.557,2
373.628,30
373.699,113
373.769,110
373.84,18
373.911,0
373.981,7
374.052,14
374.123,6
374.193,6
374.264,13
374.335,0
374.405,24
374.476,24
374.546,0
374.617,12
374.688,2
374.758,0
374.829,14
374.9,0
374.97,0
375.041,5
375.111,12
375.182,0
375.252,15
375.323,0
375.394,1
375.464,10
375.535,0
375.605,2
375.676,0
375.746,17
375.817,0
375.887,1
375.958,0
376.028,12
376.099,0
376.17,0
376.24,0
376.311,14
376.381,1
376.451,4
376.522,0
376.592,0
376.663,0
376.733,0
376.804,0
376.874,9
376.945,0
377.015,14
377.086,0
377.156,0
377.227,13
377.297,7
377.367,10
377.438,0
377.508,12
377.579,25
377.649,22
377.719,12
377.79,28
377.86,0
377.931,0
378.001,22
378.071,0
378.142,0
378.212,6
378.282,5
378.353,0
378.423,4
378.493,0
378.564,11
378.634,0
378.704,0
378.775,20
378.845,40
378.915,0
378.986,0
379.056,20
379.126,0
379.196,2
379.267,20
379.337,10
379.407,0
379.478,0
379.548,39
379.618,6
379.688,0
379.759,0
379.829,0
379.899,18
379.969,13
380.04,0
380.11,60
380.18,81
380.25,2
380.32,0
380.391,0
380.461,0
380.531,0
380.601,0
380.671,0
380.741,0
380.812,7
380.882,0
380.952,0
381.022,25
381.092,19
381.162,0
381.233,14
381.303,15
381.373,20
381.443,0
381.513,2
381.583,10
381.653,0
381.723,2
381.793,0
381.864,6
381.934,7
382.004,1
382.074,2
382.144,5
382.214,0
382.284,21
382.354,0
382.424,0
382.494,0
382.564,18
382.634,11
382.704,3
382.774,19
382.844,0
382.914,0
382.984,32
383.054,0
383.124,0
383.194,0
383.264,0
383.334,0
383.404,20
383.474,27
383.544,8
383.614,6
383.684,0
383.754,7
383.824,2
383.894,0
383.964,12
384.034,13
384.104,0
384.174,0
384.244,13
384.314,8
384.384,0
384.453,0
384.523,0
384.593,8
384.663,0
384.733,11
384.803,0
384.873,0
384.943,44
385.013,80
385.082,17
385.152,19
385.222,2
385.292,0
385.362,24
385.432,38
385.502,0
385.571,1
385.641,0
385.711,9
385.781,0
385.851,0
385.92,17
385.99,42
386.06,13
386.13,0
386.2,0
386.269,7
386.339,8
386.409,8
386.479,0
386.548,35
386.618,29
386.688,0
386.758,0
386.827,0
386.897,0
386.967,19
387.037,0
387.106,10
387.176,29
387.246,0
387.316,8
387.385,20
387.455,33
387.525,5
387.594,0
387.664,3
387.734,15
387.803,0
387.873,0
387.943,4
388.012,22
388.082,0
388.152,0
388.221,1
388.291,0
388.361,9
388.43,25
388.5,0
388.569,10
388.639,0
388.709,29
388.778,13
388.848,0
388.918,0
388.987,0
389.057,24
389.126,0
389.196,0
389.265,15
389.335,2
389.405,0
389.474,7
389.544,2
389.613,7
389.683,0
389.752,0
389.822,17
389.891,16
389.961,4
390.03,19
390.1,0
390.169,32
390.239,96
390.309,41
390.378,22
390.448,11
390.517,22
390.586,4
390.656,8
390.725,17
390.795,0
390.864,0
390.934,7
391.003,0
391.073,5
391.142,0
391.212,14
391.281,15
391.351,0
391.42,2
391.489,1
391.559,0
391.628,18
391.698,23
391.767,11
391.836,22
391.906,17
391.975,0
392.045,4
392.114,2
392.183,17
392.253,0
392.322,0
392.391,5
392.461,0
392.53,0
392.6,0
392.669,0
392.738,5
392.808,6
392.877,4
392.946,17
393.016,15
393.085,0
393.154,0
393.224,11
393.293,15
393.362,0
393.431,0
393.501,62
393.57,33
393.639,0
393.709,8
393.778,0
393.847,25
393.916,5
393.986,21
394.055,0
394.124,0
394.193,0
394.263,5
394.332,18
394.401,2
394.47,24
394.54,0
394.609,0
394.678,0
394.747,0
394.816,0
394.886,0
394.955,0
395.024,17
395.093,18
395.162,0
395.232,0
395.301,0
395.37,0
395.439,0
395.508,0
395.577,1
395.647,10
395.716,0
395.785,0
395.854,19
395.923,28
395.992,0
396.061,0
396.13,11
396.2,1
396.269,21
396.338,0
396.407,0
396.476,8
396.545,0
396.614,12
396.683,11
396.752,0
396.821,20
396.89,16
396.96,0
397.029,0
397.098,11
397.167,24
397.236,0
397.305,0
397.374,24
397.443,35
397.512,20
397.581,18
397.65,0
397.719,7
397.788,8
397.857,0
397.926,0
397.995,18
398.064,4
398.133,3
398.202,0
398.271,0
398.34,1
398.409,0
398.478,0
398.547,0
398.616,30
398.685,6
398.754,0
398.823,0
398.892,0
398.961,3
399.029,4
399.098,0
399.167,0
399.236,0
399.305,5
399.374,17
399.443,0
399.512,0
399.581,0
399.65,17
399.719,0
399.787,24
399.856,14
399.925,61
399.994,21
400.063,7
400.132,0
400.201,12
400.27,0
400.338,0
400.407,27
400.476,1
400.545,0
400.614,0
400.683,0
400.751,32
400.82,4
400.889,48
400.958,0
401.027,17
401.096,19
401.164,7
401.233,0
401.302,0
401.371,17
401.439,6
401.508,0
401.577,8
401.646,20
401.715,6
401.783,23
401.852,0
401.921,4
401.99,17
402.058,3
402.127,13
402.196,27
402.265,21
402.333,0
402.402,0
402.471,0
402.539,0
402.608,0
402.677,4
402.746,0
402.814,18
402.883,4
402.952,4
403.02,8
403.089,0
403.158,0
403.226,0
403.295,0
403.364,22
403.432,0
403.501,0
403.57,0
403.638,16
403.707,4
403.776,0
403.844,6
403.913,13
403.981,0
404.05,4
404.119,27
404.187,0
404.256,0
404.325,0
404.393,18
404.462,0
404.53,0
404.599,0
404.667,0
404.736,5
404.805,14
404.873,30
404.942,52
405.01,18
405.079,9
405.147,42
405.216,61
405.285,15
405.353,1
405.422,22
405.49,24
405.559,2
405.627,29
405.696,15
405.764,9
405.833,0
405.901,0
405.97,4
406.038,0
406.107,0
406.175,0
406.244,6
406.312,5
406.381,0
406.449,11
406.518,0
406.586,0
406.655,6
406.723,16
406.792,0
406.86,0
406.928,0
406.997,6
407.065,5
407.134,0
407.202,0
407.271,30
407.339,45
407.407,2
407.476,0
407.544,0
407.613,0
407.681,4
407.75,14
407.818,0
407.886,0
407.955,0
408.023,0
408.091,0
408.16,19
408.228,18
408.297,14
408.365,34
408.433,16
408.502,0
408.57,0
408.638,4
408.707,0
408.775,0
408.843,0
408.912,0
408.98,0
409.048,33
409.117,0
409.185,0
409.253,0
409.322,30
409.39,10
409.458,12
409.527,26
409.595,15
409.663,29
409.731,0
409.8,0
409.868,28
409.936,10
410.004,4
410.073,24
410.141,0
410.209,12
410.277,48
410.346,43
410.414,14
410.482,21
410.55,0
410.619,13
410.687,26
410.755,6
410.823,0
410.892,0
410.96,0
411.028,2
411.096,0
411.164,0
411.233,24
411.301,22
411.369,2
411.437,10
411.505,0
411.574,20
411.642,0
411.71,15
411.778,2
411.846,6
411.914,8
411.982,0
412.051,0
412.119,0
412.187,0
412.255,0
412.323,14
412.391,8
412.459,22
412.528,28
412.596,4
412.664,0
412.732,11
412.8,0
412.868,0
412.936,0
413.004,0
413.072,7
413.14,20
413.209,7
413.277,9
413.345,14
413.413,23
413.481,0
413.549,6
413.617,4
413.685,14
413.753,0
413.821,18
413.889,12
413.957,0
414.025,0
414.093,25
414.161,33
414.229,16
414.297,0
414.365,0
414.433,0
414.501,13
414.569,17
414.637,26
414.705,40
414.773,29
414.841,8
414.909,1
414.977,4
415.045,0
415.113,3
415.181,0
415.249,0
415.317,30
415.385,11
415.453,6
415.521,6
415.589,23
415.657,7
415.725,3
415.793,0
415.861,7
415.929,10
415.997,0
416.065,3
416.132,8
416.2,0
416.268,0
416.336,0
416.404,20
416.472,8
416.54,7
416.608,11
416.676,4
416.744,0
416.811,0
416.879,0
416.947,2
417.015,0
417.083,40
417.151,2
417.219,21
417.287,0
417.354,15
417.422,19
417.49,0
417.558,0
417.626,0
417.694,8
417.761,21
417.829,18
417.897,23
417.965,13
418.033,0
418.1,18
418.168,110
418.236,92
418.304,17
418.372,3
418.439,0
418.507,0
418.575,102
418.643,114
418.711,55
418.778,0
418.846,3
418.914,4
418.982,14
419.049,16
419.117,0
419.185,6
419.253,0
419.32,0
419.388,30
419.456,0
419.524,0
419.591,0
419.659,39
419.727,48
419.795,25
419.862,0
419.93,0
419.998,0
420.065,0
420.133,3
420.201,12
420.268,10
420.336,0
420.404,12
420.471,5
420.539,0
420.607,0
420.674,0
420.742,0
420.81,0
420.877,21
420.945,14
421.013,21
421.08,7
421.148,19
421.216,37
421.283,15
421.351,0
421.419,0
421.486,6
421.554,14
421.621,2
421.689,0
421.757,10
421.824,34
421.892,6
421.96,0
422.027,4
422.095,4
422.162,0
422.23,4
422.297,7
422.365,5
422.433,0
422.5,14
422.568,0
422.635,12
422.703,0
422.77,17
422.838,9
422.906,0
422.973,1
423.041,17
423.108,8
423.176,23
423.243,0
423.311,0
423.378,0
423.446,0
423.513,28
423.581,0
423.648,0
423.716,0
423.783,0
423.851,11
423.918,8
423.986,2
424.053,10
424.121,29
424.188,17
424.256,35
424.323,0
424.391,0
424.458,0
424.526,0
424.593,16
424.661,20
424.728,11
424.796,29
424.863,30
424.93,44
424.998,4
425.065,0
425.133,0
425.2,0
425.268,40
425.335,0
425.402,0
425.47,0
425.537,0
425.605,0
425.672,0
425.74,8
425.807,0
425.874,10
425.942,41
426.009,10
426.076,3
426.144,14
426.211,0
426.279,0
426.346,11
426.413,1
426.481,0
426.548,10
426.615,3
426.683,10
426.75,3
426.817,4
426.885,24
426.952,4
427.02,13
427.087,4
427.154,2
427.222,0
427.289,0
427.356,11
427.423,13
427.491,0
427.558,0
427.625,52
427.693,29
427.76,0
427.827,0
427.895,61
427.962,41
428.029,0
428.096,0
428.164,17
428.231,9
428.298,15
428.366,0
428.433,33
428.5,12
428.567,43
428.635,59
428.702,34
428.769,5
428.836,0
428.904,0
428.971,29
429.038,13
429.105,0
429.173,0
429.24,16
429.307,12
429.374,0
429.441,0
429.509,0
429.576,0
429.643,4
429.71,91
429.777,115
429.845,58
429.912,12
429.979,9
430.046,15
430.113,0
430.181,0
430.248,2
430.315,6
430.382,5
430.449,0
430.516,0
430.584,0
430.651,0
430.718,0
430.785,0
430.852,15
430.919,12
430.986,0
431.054,16
431.121,14
431.188,10
431.255,54
431.322,155
431.389,96
431.456,36
431.523,5
431.59,17
431.658,13
431.725,2
431.792,0
431.859,134
431.926,111
431.993,49
432.06,100
432.127,76
432.194,24
432.261,0
432.328,17
432.396,8
432.463,22
432.53,1
432.597,16
432.664,21
432.731,0
432.798,0
432.865,13
432.932,16
432.999,0
433.066,21
433.133,20
433.2,0
433.267,2
433.334,8
433.401,7
433.468,8
433.535,0
433.602,0
433.669,0
433.736,21
433.803,16
433.87,0
433.937,8
434.004,0
434.071,22
434.138,25
434.205,19
434.272,0
434.339,37
434.406,16
434.473,0
434.54,0
434.607,0
434.674,0
434.741,8
434.808,8
434.875,0
434.942,4
435.009,4
435.076,0
435.143,0
435.209,2
435.276,14
435.343,6
435.41,0
435.477,26
435.544,0
435.611,0
435.678,0
435.745,13
435.812,0
435.879,0
435.946,7
436.012,0
436.079,0
436.146,15
436.213,36
436.28,7
436.347,0
436.414,30
436.481,13
436.547,0
436.614,13
436.681,71
436.748,44
436.815,34
436.882,7
436.949,0
437.015,0
437.082,33
437.149,25
437.216,4
437.283,0
437.35,0
437.417,0
437.483,0
437.55,6
437.617,0
437.684,0
437.751,0
437.817,20
437.884,14
437.951,17
438.018,0
438.085,0
438.151,4
438.218,2
438.285,0
438.352,11
438.419,5
438.485,0
438.552,0
438.619,2
438.686,33
438.752,11
438.819,0
438.886,0
438.953,0
439.019,0
439.086,17
439.153,0
439.22,0
439.286,17
439.353,19
439.42,0
439.487,9
439.553,10
439.62,2
439.687,17
439.754,0
439.82,0
439.887,20
439.954,0
440.02,0
440.087,0
440.154,0
440.22,0
440.287,11
440.354,0
440.421,0
440.487,34
440.554,0
440.621,4
440.687,24
440.754,0
440.821,6
440.887,0
440.954,0
441.021,27
441.087,50
441.154,0
441.221,0
441.287,22
441.354,2
441.421,0
441.487,0
441.554,5
441.62,0
441.687,4
441.754,0
441.82,13
441.887,0
441.954,8
442.02,14
442.087,0
442.153,52
442.22,59
442.287,30
442.353,14
442.42,0
442.486,18
442.553,0
442.62,0
442.686,17
442.753,0
442.819,22
442.886,16
442.953,22
443.019,22
443.086,10
443.152,0
443.219,0
443.285,32
443.352,1
443.418,0
443.485,10
443.552,0
443.618,24
443.685,14
443.751,0
443.818,0
443.884,0
443.951,8
444.017,0
444.084,16
444.15,16
444.217,51
444.283,66
444.35,72
444.416,252
444.483,233
444.549,94
444.616,0
444.682,74
444.749,120
444.815,59
444.882,16
444.948,0
445.015,0
445.081,0
445.148,6
445.214,0
445.281,0
445.347,8
445.414,60
445.48,88
445.547,73
445.613,13
445.68,0
445.746,3
445.812,5
445.879,0
445.945,22
446.012,31
446.078,15
446.145,0
446.211,14
446.278,20
446.344,12
446.41,56
446.477,24
446.543,0
446.61,0
446.676,0
446.742,11
446.809,0
446.875,0
446.942,17
447.008,18
447.074,0
447.141,0
447.207,27
447.274,0
447.34,11
447.406,0
447.473,0
447.539,0
447.606,0
447.672,11
447.738,33
447.805,0
447.871,0
447.937,0
448.004,0
448.07,0
448.136,0
448.203,0
448.269,15
448.335,4
448.402,0
448.468,5
448.534,0
448.601,0
448.667,0
448.733,8
448.8,14
448.866,6
448.932,0
448.999,0
449.065,4
449.131,0
449.198,15
449.264,14
449.33,18
449.396,6
449.463,6
449.529,0
449.595,20
449.662,23
449.728,22
449.794,1
449.86,0
449.927,11
449.993,0
450.059,0
450.126,20
450.192,22
450.258,10
450.324,0
450.391,15
450.457,0
450.523,0
450.589,19
450.656,0
450.722,0
450.788,14
450.854,4
450.921,0
450.987,10
451.053,0
451.119,0
451.185,19
451.252,0
451.318,0
451.384,14
451.45,1
451.516,24
451.583,11
451.649,4
451.715,0
451.781,0
451.847,0
451.914,0
451.98,0
452.046,0
452.112,0
452.178,0
452.245,0
452.311,6
452.377,0
452.443,11
452.509,26
452.575,18
452.642,0
452.708,0
452.774,0
452.84,0
452.906,8
452.972,0
453.038,6
453.105,6
453.171,0
453.237,3
453.303,28
453.369,7
453.435,0
453.501,0
453.568,8
453.634,9
453.7,60
453.766,45
453.832,37
453.898,0
453.964,4
454.03,8
454.096,0
454.162,0
454.229,0
454.295,31
454.361,44
454.427,0
454.493,0
454.559,12
454.625,16
454.691,0
454.757,0
454.823,0
454.889,0
454.955,3
455.022,0
455.088,0
455.154,8
455.22,12
455.286,28
455.352,0
455.418,4
455.484,24
455.55,18
455.616,0
455.682,14
455.748,17
455.814,0
455.88,0
455.946,7
456.012,0
456.078,0
456.144,6
456.21,0
456.276,26
456.342,5
456.408,0
456.474,5
456.54,16
456.606,0
456.672,0
456.738,0
456.804,0
456.87,0
456.936,12
457.002,0
457.068,10
457.134,12
457.2,33
457.266,1
457.332,0
457.398,4
457.464,0
457.53,0
457.596,17
457.662,15
457.728,0
457.794,0
457.86,0
457.926,0
457.992,0
458.058,0
458.124,16
458.19,1
458.255,12
458.321,13
458.387,73
458.453,321
458.519,242
458.585,70
458.651,0
458.717,0
458.783,0
458.849,26
458.915,24
458.981,21
459.046,0
459.112,7
459.178,26
459.244,0
459.31,0
459.376,0
459.442,0
459.508,4
459.574,1
459.64,0
459.705,2
459.771,0
459.837,8
459.903,0
459.969,0
460.035,0
460.101,20
460.166,0
460.232,4
460.298,0
460.364,0
460.43,0
460.496,21
460.562,16
460.627,0
460.693,4
460.759,0
460.825,0
460.891,34
460.957,12
461.022,0
461.088,0
461.154,28
461.22,22
461.286,6
461.352,6
461.417,13
461.483,0
461.549,0
461.615,7
461.681,0
461.746,0
461.812,12
461.878,12
461.944,0
462.01,0
462.075,0
462.141,44
462.207,9
462.273,7
462.339,0
462.404,9
462.47,0
462.536,0
462.602,6
462.667,0
462.733,0
462.799,14
462.865,3
462.93,0
462.996,10
463.062,0
463.128,12
463.193,0
463.259,13
463.325,1
463.391,0
463.456,4
463.522,0
463.588,0
463.654,0
463.719,0
463.785,0
463.851,0
463.917,32
463.982,26
464.048,15
464.114,0
464.179,4
464.245,0
464.311,20
464.377,13
464.442,0
464.508,0
464.574,0
464.639,20
464.705,0
464.771,0
464.836,0
464.902,0
464.968,0
465.033,0
465.099,2
465.165,8
465.23,0
465.296,29
465.362,10
465.427,1
465.493,6
465.559,24
465.624,0
465.69,0
465.756,0
465.821,4
465.887,4
465.953,0
466.018,0
466.084,10
466.15,3
466.215,0
466.281,15
466.347,23
466.412,5
466.478,0
466.543,0
466.609,27
466.675,0
466.74,0
466.806,0
466.872,0
466.937,20
467.003,0
467.068,5
467.134,0
467.2,0
467.265,9
467.331,0
467.396,0
467.462,37
467.528,8
467.593,0
467.659,13
467.724,0
467.79,0
467.855,0
467.921,0
467.987,0
468.052,0
468.118,0
468.183,0
468.249,0
468.314,0
468.38,23
468.446,4
468.511,33
468.577,0
468.642,3
468.708,0
468.773,0
468.839,0
468.904,0
468.97,10
469.035,0
469.101,0
469.167,0
469.232,18
469.298,17
469.363,6
469.429,0
469.494,11
469.56,27
469.625,0
469.691,0
469.756,8
469.822,6
469.887,0
469.953,0
470.018,18
470.084,13
470.149,0
470.215,13
470.28,7
470.346,0
470.411,0
470.477,0
470.542,16
470.608,0
470.673,0
470.739,0
470.804,0
470.87,4
470.935,0
471.001,0
471.066,34
471.131,0
471.197,16
471.262,21
471.328,0
471.393,0
471.459,12
471.524,13
471.59,0
471.655,0
471.721,11
471.786,0
471.851,0
471.917,0
471.982,0
472.048,0
472.113,2
472.179,11
472.244,1
472.309,11
472.375,24
472.44,7
472.506,4
472.571,10
472.637,9
472.702,6
472.767,5
472.833,0
472.898,4
472.964,0
473.029,0
473.094,0
473.16,0
473.225,0
473.291,0
473.356,0
473.421,0
473.487,0
473.552,27
473.617,0
473.683,25
473.748,19
473.814,0
473.879,0
473.944,0
474.01,28
474.075,36
474.14,0
474.206,5
474.271,0
474.337,6
474.402,25
474.467,0
474.533,9
474.598,4
474.663,17
474.729,26
474.794,3
474.859,0
474.925,0
474.99,13
475.055,20
475.121,0
475.186,3
475.251,1
475.317,2
475.382,13
475.447,0
475.513,0
475.578,0
475.643,0
475.709,16
475.774,0
475.839,0
475.904,0
475.97,0
476.035,6
476.1,0
476.166,2
476.231,10
476.296,6
476.362,0
476.427,4
476.492,23
476.557,5
476.623,0
476.688,0
476.753,1
476.819,0
476.884,5
476.949,0
477.014,0
477.08,0
477.145,2
477.21,14
477.275,0
477.341,15
477.406,42
477.471,0
477.536,0
477.602,0
477.667,9
477.732,0
477.797,0
477.863,1
477.928,0
477.993,16
478.058,3
478.124,0
478.189,0
478.254,0
478.319,0
478.384,2
478.45,0
478.515,0
478.58,0
478.645,0
478.711,16
478.776,19
478.841,0
478.906,0
478.971,5
479.037,18
479.102,19
479.167,9
479.232,19
479.297,0
479.363,21
479.428,6
479.493,4
479.558,0
479.623,0
479.689,1
479.754,25
479.819,0
479.884,0
479.949,6
480.014,0
480.08,0
480.145,0
480.21,13
480.275,0
480.34,0
480.405,0
480.471,0
480.536,13
480.601,5
480.666,9
480.731,0
480.796,0
480.862,12
480.927,0
480.992,12
481.057,5
481.122,0
481.187,0
481.252,0
481.318,0
481.383,0
481.448,4
481.513,5
481.578,6
481.643,7
481.708,0
481.773,0
481.839,29
481.904,21
481.969,0
482.034,0
482.099,2
482.164,1
482.229,43
482.294,4
482.359,0
482.424,0
482.49,6
482.555,0
482.62,0
482.685,4
482.75,2
482.815,0
482.88,0
482.945,0
483.01,3
483.075,0
483.14,0
483.206,7
483.271,0
483.336,0
483.401,2
483.466,24
483.531,0
483.596,0
483.661,0
483.726,0
483.791,19
483.856,0
483.921,0
483.986,0
484.051,25
484.116,4
484.181,20
484.246,0
484.312,11
484.377,4
484.442,8
484.507,0
484.572,0
484.637,16
484.702,5
484.767,21
484.832,0
484.897,0
484.962,1
485.027,0
485.092,13
485.157,4
485.222,38
485.287,13
485.352,4
485.417,4
485.482,0
485.547,15
485.612,0
485.677,0
485.742,0
485.807,0
485.872,1
485.937,21
486.002,0
486.067,21
486.132,17
486.197,6
486.262,0
486.327,30
486.392,0
486.457,0
486.522,0
486.587,4
486.652,0
486.717,0
486.782,2
486.847,0
486.912,0
486.977,0
487.042,46
487.107,30
487.172,1
487.237,0
487.301,0
487.366,0
487.431,0
487.496,8
487.561,30
487.626,0
487.691,0
487.756,0
487.821,4
487.886,0
487.951,14
488.016,0
488.081,0
488.146,0
488.211,0
488.276,0
488.341,2
488.405,0
488.47,0
488.535,0
488.6,10
488.665,6
488.73,10
488.795,0
488.86,6
488.925,8
488.99,39
489.055,12
489.119,0
489.184,0
489.249,16
489.314,20
489.379,19
489.444,4
489.509,0
489.574,0
489.639,0
489.704,3
489.768,0
489.833,0
489.898,0
489.963,37
490.028,0
490.093,0
490.158,0
490.223,24
490.287,0
490.352,0
490.417,0
490.482,15
490.547,0
490.612,14
490.677,0
490.742,0
490.806,0
490.871,12
490.936,0
491.001,0
491.066,26
491.131,4
491.195,0
491.26,18
491.325,0
491.39,0
491.455,11
491.52,0
491.585,0
491.649,0
491.714,0
491.779,16
491.844,18
491.909,0
491.973,0
492.038,0
492.103,0
492.168,6
492.233,0
492.298,11
492.362,20
492.427,24
492.492,0
492.557,19
492.622,0
492.686,0
492.751,0
492.816,12
492.881,0
492.946,0
493.01,28
493.075,7
493.14,0
493.205,12
493.27,0
493.334,0
493.399,0
493.464,1
493.529,54
493.594,0
493.658,0
493.723,0
493.788,3
493.853,3
493.917,0
493.982,0
494.047,0
494.112,43
494.177,0
494.241,0
494.306,14
494.371,2
494.436,3
494.5,0
494.565,13
494.63,9
494.695,0
494.759,14
494.824,20
494.889,4
494.954,28
495.018,0
495.083,0
495.148,15
495.213,6
495.277,0
495.342,2
495.407,5
495.472,0
495.536,12
495.601,0
495.666,0
495.73,0
495.795,0
495.86,13
495.925,0
495.989,1
496.054,0
496.119,0
496.183,21
496.248,0
496.313,0
496.378,0
496.442,0
496.507,0
496.572,0
496.636,0
496.701,0
496.766,5
496.831,19
496.895,0
496.96,0
497.025,8
497.089,0
497.154,4
497.219,0
497.283,0
497.348,0
497.413,1
497.477,0
497.542,16
497.607,0
497.671,0
497.736,11
497.801,2
497.865,0
497.93,4
497.995,0
498.059,9
498.124,0
498.189,13
498.253,44
498.318,0
498.383,13
498.447,11
498.512,1
498.577,21
498.641,9
498.706,3
498.771,0
498.835,7
498.9,28
498.965,22
499.029,18
499.094,36
499.159,19
499.223,0
499.288,1
499.352,3
499.417,21
499.482,0
499.546,11
499.611,11
499.676,0
499.74,6
