59.6745,9
59.7814,10
59.8883,36
59.9952,16
60.1021,0
60.209,0
60.3159,0
60.4228,23
60.5296,6
60.6365,2
60.7434,3
60.8503,6
60.9572,29
61.0641,1
61.171,6
61.2779,36
61.3848,21
61.4917,0
61.5986,0
61.7055,0
61.8124,0
61.9193,0
62.0261,7
62.133,0
62.2399,21
62.3468,0
62.4537,11
62.5606,0
62.6675,20
62.7744,22
62.8813,8
62.9882,0
63.0951,3
63.202,7
63.3089,43
63.4158,13
63.5226,10
63.6295,16
63.7364,0
63.8433,0
63.9502,32
64.0571,3
64.164,7
64.2709,11
64.3778,7
64.4847,12
64.5916,0
64.6985,0
64.8054,4
64.9123,0
65.0192,0
65.1261,18
65.2329,0
65.3398,12
65.4467,28
65.5536,0
65.6605,9
65.7674,10
65.8743,3
65.9812,0
66.0881,0
66.195,0
66.3019,20
66.4088,6
66.5157,0
66.6226,8
66.7295,0
66.8364,0
66.9433,7
67.0502,16
67.157,0
67.2639,0
67.3708,0
67.4777,2
67.5846,6
67.6915,0
67.7984,0
67.9053,20
68.0122,24
68.1191,0
68.226,0
68.3329,18
68.4398,19
68.5467,9
68.6536,18
68.7605,0
68.8674,0
68.9743,3
69.0812,11
69.1881,0
69.295,8
69.4018,34
69.5087,0
69.6156,6
69.7225,41
69.8294,6
69.9363,6
70.0432,14
70.1501,30
70.257,9
70.3639,0
70.4708,0
70.5777,36
70.6846,47
70.7915,0
70.8984,0
71.0053,14
71.1122,0
71.2191,0
71.326,0
71.4329,0
71.5398,4
71.6467,0
71.7536,0
71.8605,20
71.9674,0
72.0742,0
72.1811,2
72.288,23
72.3949,21
72.5018,0
72.6087,15
72.7156,20
72.8225,1
72.9294,6
73.0363,2
73.1432,13
73.2501,10
73.357,0
73.4639,0
73.5708,0
73.6777,0
73.7846,5
73.8915,24
73.9984,0
74.1053,11
74.2122,12
74.3191,21
74.426,2
74.5329,4
74.6398,18
74.7467,0
74.8536,0
74.9605,13
75.0674,1
75.1743,23
75.2812,17
75.3881,0
75.495,20
75.6019,12
75.7088,7
75.8157,0
75.9225,0
76.0294,0
76.1363,10
76.2432,0
76.3501,0
76.457,4
76.5639,1
76.6708,8
76.7777,0
76.8846,0
76.9915,0
77.0984,29
77.2053,0
77.3122,7
77.4191,21
77.526,12
77.6329,8
77.7398,0
77.8467,0
77.9536,0
78.0605,4
78.1674,0
78.2743,4
78.3812,30
78.4881,6
78.595,0
78.7019,7
78.8088,11
78.9157,0
79.0226,0
79.1295,0
79.2364,10
79.3433,0
79.4502,0
79.5571,12
79.664,17
79.7709,0
79.8778,0
79.9847,0
80.0916,6
80.1985,6
80.3054,0
80.4123,15
80.5192,0
80.6261,2
80.733,14
80.8399,0
80.9468,6
81.0537,0
81.1606,0
81.2675,54
81.3744,43
81.4813,0
81.5882,0
81.6951,25
81.802,6
81.9089,0
82.0158,9
82.1227,7
82.2296,24
82.3365,7
82.4434,17
82.5503,0
82.6572,0
82.7641,15
82.871,0
82.9779,0
83.0848,0
83.1917,0
83.2986,6
83.4055,0
83.5124,0
83.6193,8
83.7262,31
83.8331,12
83.94,24
84.0469,0
84.1538,38
84.2607,9
84.3676,7
84.4745,5
84.5814,0
84.6883,0
84.7952,23
84.9021,0
85.009,9
85.1159,17
85.2228,0
85.3297,2
85.4366,8
85.5435,0
85.6504,32
85.7573,21
85.8642,8
85.9711,18
86.078,3
86.1849,0
86.2918,0
86.3987,0
86.5056,0
86.6125,0
86.7194,1
86.8263,33
86.9332,4
87.0401,18
87.147,14
87.2539,11
87.3608,1
87.4677,4
87.5746,0
87.6815,0
87.7884,0
87.8953,0
88.0022,0
88.1091,26
88.216,0
88.3229,0
88.4298,0
88.5367,12
88.6436,22
88.7505,0
88.8574,0
88.9643,28
89.0712,0
89.1781,0
89.285,6
89.3919,6
89.4988,0
89.6057,0
89.7126,9
89.8195,0
89.9264,0
90.0334,24
90.1403,0
90.2472,0
90.3541,14
90.461,16
90.5679,25
90.6748,0
90.7817,0
90.8886,10
90.9955,8
91.1024,0
91.2093,14
91.3162,2
91.4231,0
91.53,0
91.6369,0
91.7438,0
91.8507,0
91.9576,15
92.0645,33
92.1714,20
92.2783,19
92.3852,0
92.4921,1
92.599,8
92.7059,0
92.8128,4
92.9197,10
93.0266,15
93.1335,0
93.2404,0
93.3473,18
93.4542,2
93.5611,5
93.668,14
93.7749,30
93.8818,24
93.9887,0
94.0956,0
94.2025,0
94.3095,26
94.4164,15
94.5233,0
94.6302,0
94.7371,24
94.844,6
94.9509,0
95.0578,0
95.1647,24
95.2716,9
95.3785,10
95.4854,7
95.5923,10
95.6992,7
95.8061,0
95.913,0
96.0199,0
96.1268,0
96.2337,0
96.3406,0
96.4475,17
96.5544,35
96.6613,10
96.7682,20
96.8751,11
96.982,16
97.0889,0
97.1958,0
97.3027,30
97.4097,2
97.5166,0
97.6235,0
97.7304,0
97.8373,24
97.9442,12
98.0511,13
98.158,28
98.2649,5
98.3718,18
98.4787,11
98.5856,0
98.6925,8
98.7994,9
98.9063,45
99.0132,28
99.1201,20
99.227,3
99.3339,26
99.4408,6
99.5477,0
99.6546,22
99.7615,8
99.8684,0
99.9753,36
100.082,0
100.189,0
100.296,17
100.403,14
100.51,30
100.617,11
100.724,14
100.831,24
100.937,6
101.044,8
101.151,9
101.258,0
101.365,0
101.472,0
101.579,14
101.686,1
101.793,8
101.9,7
102.007,10
102.113,8
102.22,0
102.327,10
102.434,0
102.541,0
102.648,47
102.755,52
102.862,12
102.969,0
103.076,6
103.182,0
103.289,6
103.396,1
103.503,0
103.61,0
103.717,24
103.824,25
103.931,11
104.038,0
104.145,0
104.252,0
104.358,0
104.465,0
104.572,9
104.679,0
104.786,0
104.893,0
105,22
105.107,0
105.214,0
105.321,0
105.427,10
105.534,0
105.641,13
105.748,0
105.855,2
105.962,4
106.069,10
106.176,0
106.283,0
106.39,1
106.497,0
106.603,12
106.71,13
106.817,0
106.924,5
107.031,34
107.138,10
107.245,2
107.352,0
107.459,0
107.566,0
107.673,26
107.779,0
107.886,0
107.993,0
108.1,50
108.207,21
108.314,13
108.421,20
108.528,14
108.635,0
108.742,0
108.848,10
108.955,11
109.062,0
109.169,0
109.276,10
109.383,20
109.49,0
109.597,1
109.704,26
109.811,36
109.918,12
110.024,6
110.131,3
110.238,14
110.345,26
110.452,26
110.559,7
110.666,2
110.773,0
110.88,22
110.987,15
111.094,14
111.2,28
111.307,13
111.414,14
111.521,0
111.628,8
111.735,11
111.842,20
111.949,11
112.056,7
112.163,20
112.269,0
112.376,1
112.483,8
112.59,5
112.697,0
112.804,8
112.911,10
113.018,3
113.125,0
113.232,6
113.339,40
113.445,16
113.552,0
113.659,2
113.766,0
113.873,0
113.98,0
114.087,39
114.194,13
114.301,2
114.408,2
114.515,8
114.621,30
114.728,36
114.835,2
114.942,17
115.049,16
115.156,6
115.263,128
115.37,81
115.477,15
115.584,0
115.69,4
115.797,0
115.904,3
116.011,0
116.118,0
116.225,22
116.332,7
116.439,0
116.546,21
116.653,20
116.76,3
116.866,13
116.973,11
117.08,17
117.187,0
117.294,36
117.401,0
117.508,19
117.615,0
117.722,0
117.829,10
117.936,0
118.042,35
118.149,10
118.256,24
118.363,32
118.47,19
118.577,0
118.684,0
118.791,0
118.898,11
119.005,0
119.112,0
119.218,28
119.325,21
119.432,0
119.539,15
119.646,16
119.753,35
119.86,10
119.967,0
120.074,0
120.181,6
120.287,0
120.394,1
120.501,9
120.608,12
120.715,0
120.822,5
120.929,13
121.036,0
121.143,0
121.25,35
121.357,9
121.463,0
121.57,25
121.677,19
121.784,0
121.891,0
121.998,10
122.105,0
122.212,6
122.319,12
122.426,4
122.533,19
122.639,12
122.746,23
122.853,5
122.96,9
123.067,8
123.174,24
123.281,28
123.388,0
123.495,15
123.602,41
123.709,0
123.815,0
123.922,0
124.029,70
124.136,52
124.243,22
124.35,0
124.457,16
124.564,0
124.671,0
124.778,8
124.885,17
124.991,15
125.098,7
125.205,0
125.312,0
125.419,18
125.526,0
125.633,0
125.74,5
125.847,10
125.954,13
126.061,17
126.167,4
126.274,5
126.381,0
126.488,12
126.595,13
126.702,14
126.809,0
126.916,0
127.023,2
127.13,5
127.236,0
127.343,3
127.45,0
127.557,15
127.664,10
127.771,17
127.878,8
127.985,33
128.092,19
128.199,18
128.306,0
128.412,0
128.519,0
128.626,0
128.733,0
128.84,14
128.947,0
129.054,45
129.161,13
129.268,21
129.375,7
129.482,12
129.588,23
129.695,0
129.802,11
129.909,23
130.016,14
130.123,0
130.23,0
130.337,0
130.444,5
130.551,18
130.658,18
130.764,0
130.871,0
130.978,0
131.085,24
131.192,6
131.299,19
131.406,8
131.513,0
131.62,11
131.727,21
131.834,0
131.94,0
132.047,0
132.154,0
132.261,1
132.368,35
132.475,4
132.582,3
132.689,3
132.796,32
132.903,0
133.01,0
133.116,3
133.223,11
133.33,10
133.437,0
133.544,26
133.651,17
133.758,6
133.865,0
133.972,2
134.079,3
134.186,0
134.292,0
134.399,5
134.506,0
134.613,0
134.72,24
134.827,40
134.934,0
135.041,0
135.148,0
135.255,0
135.362,2
135.468,0
135.575,6
135.682,14
135.789,0
135.896,0
136.003,1
136.11,10
136.217,0
136.324,0
136.431,7
136.538,10
136.644,11
136.751,1
136.858,15
136.965,6
137.072,0
137.179,0
137.286,16
137.393,23
137.5,17
137.607,0
137.714,11
137.82,20
137.927,0
138.034,0
138.141,0
138.248,25
138.355,0
138.462,21
138.569,0
138.676,0
138.783,4
138.89,39
138.996,0
139.103,0
139.21,13
139.317,5
139.424,4
139.531,12
139.638,23
139.745,11
139.852,14
139.959,2
140.065,0
140.172,18
140.279,2
140.386,4
140.493,15
140.6,0
140.707,1
140.814,28
140.921,13
141.028,0
141.135,24
141.241,0
141.348,0
141.455,0
141.562,0
141.669,21
141.776,0
141.883,17
141.99,7
142.097,0
142.204,0
142.311,20
142.417,1
142.524,7
142.631,0
142.738,0
142.845,0
142.952,0
143.059,0
143.166,0
143.273,9
143.38,37
143.487,20
143.593,0
143.7,0
143.807,9
143.914,26
144.021,3
144.128,0
144.235,0
144.342,0
144.449,0
144.556,19
144.663,17
144.769,0
144.876,0
144.983,14
145.09,0
145.197,0
145.304,0
145.411,47
145.518,37
145.625,0
145.732,0
145.839,9
145.945,10
146.052,15
146.159,26
146.266,6
146.373,5
146.48,1
146.587,2
146.694,0
146.801,6
146.908,0
147.015,3
147.121,0
147.228,14
147.335,0
147.442,13
147.549,7
147.656,2
147.763,0
147.87,6
147.977,6
148.084,2
148.191,21
148.297,0
148.404,3
148.511,1
148.618,9
148.725,0
148.832,0
148.939,2
149.046,11
149.153,0
149.26,0
149.367,0
149.473,2
149.58,11
149.687,20
149.794,3
149.901,0
150.008,12
150.115,14
150.222,16
150.329,4
150.436,27
150.543,11
150.649,0
150.756,6
150.863,3
150.97,0
151.077,0
151.184,0
151.291,0
151.398,0
151.505,0
151.612,26
151.719,10
151.825,0
151.932,0
152.039,0
152.146,14
152.253,0
152.36,0
152.467,0
152.574,0
152.681,3
152.788,5
152.894,3
153.001,8
153.108,0
153.215,0
153.322,6
153.429,0
153.536,1
153.643,0
153.75,0
153.857,31
153.964,17
154.07,0
154.177,9
154.284,8
154.391,0
154.498,9
154.605,0
154.712,0
154.819,2
154.926,0
155.033,0
155.14,10
155.246,8
155.353,0
155.46,5
155.567,0
155.674,0
155.781,0
155.888,0
155.995,0
156.102,44
156.209,11
156.316,0
156.422,0
156.529,3
156.636,4
156.743,0
156.85,0
156.957,0
157.064,0
157.171,0
157.278,0
157.385,0
157.492,15
157.598,3
157.705,0
157.812,0
157.919,13
158.026,13
158.133,0
158.24,0
158.347,10
158.454,19
158.561,8
158.668,6
158.774,17
158.881,8
158.988,0
159.095,0
159.202,0
159.309,0
159.416,37
159.523,0
159.63,0
159.737,0
159.844,12
159.95,4
160.057,0
160.164,30
160.271,9
160.378,21
160.485,0
160.592,10
160.699,20
160.806,6
160.913,20
161.019,7
161.126,0
161.233,16
161.34,0
161.447,0
161.554,0
161.661,0
161.768,0
161.875,11
161.982,0
162.089,13
162.195,47
162.302,0
162.409,5
162.516,0
162.623,29
162.73,9
162.837,10
162.944,17
163.051,7
163.158,0
163.265,24
163.371,21
163.478,23
163.585,9
163.692,6
163.799,4
163.906,0
164.013,22
164.12,13
164.227,0
164.334,3
164.441,0
164.547,21
164.654,0
164.761,1
164.868,36
164.975,0
165.082,8
165.189,6
165.296,0
165.403,1
165.51,0
165.616,20
165.723,30
165.83,0
165.937,0
166.044,15
166.151,0
166.258,9
166.365,0
166.472,0
166.579,0
166.686,0
166.792,1
166.899,5
167.006,7
167.113,0
167.22,0
167.327,0
167.434,12
167.541,17
167.648,1
167.755,0
167.862,6
167.968,15
168.075,0
168.182,28
168.289,16
168.396,8
168.503,0
168.61,0
168.717,0
168.824,23
168.931,0
169.037,0
169.144,1
169.251,10
169.358,17
169.465,6
169.572,0
169.679,6
169.786,2
169.893,7
170,0
170.107,13
170.213,13
170.32,13
170.427,40
170.534,0
170.641,0
170.748,11
170.855,8
170.962,0
171.069,0
171.176,0
171.283,1
171.389,27
171.496,8
171.603,0
171.71,8
171.817,0
171.924,0
172.031,0
172.138,0
172.245,0
172.352,0
172.458,0
172.565,0
172.672,21
172.779,38
172.886,22
172.993,8
173.1,14
173.207,20
173.314,5
173.421,6
173.528,0
173.634,26
173.741,17
173.848,12
173.955,0
174.062,3
174.169,5
174.276,1
174.383,17
174.49,3
174.597,0
174.704,13
174.81,24
174.917,2
175.024,32
175.131,44
175.238,48
175.345,7
175.452,12
175.559,0
175.666,4
175.773,8
175.879,0
175.986,0
176.093,17
176.2,11
176.307,4
176.414,0
176.521,0
176.628,7
176.735,7
176.842,29
176.949,0
177.055,0
177.162,0
177.269,0
177.376,0
177.483,40
177.59,13
177.697,0
177.804,13
177.911,16
178.018,35
178.124,20
178.231,16
178.338,2
178.445,11
178.552,23
178.659,12
178.766,10
178.873,0
178.98,12
179.087,19
179.194,0
179.3,19
179.407,37
179.514,14
179.621,6
179.728,14
179.835,12
179.942,0
180.049,5
180.156,16
180.263,0
180.369,0
180.476,10
180.583,5
180.69,0
180.797,0
180.904,0
181.011,0
181.118,0
181.225,0
181.332,19
181.439,1
181.545,0
181.652,0
181.759,21
181.866,0
181.973,0
182.08,0
182.187,7
182.294,0
182.401,0
182.508,8
182.614,13
182.721,0
182.828,0
182.935,0
183.042,15
183.149,18
183.256,0
183.363,0
183.47,21
183.577,17
183.683,0
183.79,31
183.897,16
184.004,15
184.111,0
184.218,10
184.325,14
184.432,0
184.539,2
184.646,0
184.753,14
184.859,19
184.966,14
185.073,13
185.18,6
185.287,0
185.394,15
185.501,0
185.608,0
185.715,27
185.822,10
185.928,21
186.035,4
186.142,15
186.249,0
186.356,0
186.463,0
186.57,36
186.677,18
186.784,17
186.891,0
186.997,1
187.104,3
187.211,25
187.318,0
187.425,6
187.532,10
187.639,12
187.746,0
187.853,0
187.96,0
188.067,0
188.173,23
188.28,29
188.387,0
188.494,1
188.601,0
188.708,0
188.815,6
188.922,0
189.029,15
189.136,24
189.242,29
189.349,20
189.456,16
189.563,10
189.67,0
189.777,8
189.884,0
189.991,12
190.098,40
190.205,0
190.311,11
190.418,11
190.525,0
190.632,11
190.739,7
190.846,33
190.953,85
191.06,47
191.167,25
191.274,16
191.38,11
191.487,2
191.594,28
191.701,4
191.808,1
191.915,0
192.022,0
192.129,0
192.236,17
192.343,0
192.45,12
192.556,12
192.663,13
192.77,25
192.877,0
192.984,0
193.091,14
193.198,28
193.305,0
193.412,0
193.519,3
193.625,0
193.732,0
193.839,6
193.946,7
194.053,16
194.16,0
194.267,20
194.374,0
194.481,4
194.588,3
194.694,0
194.801,20
194.908,14
195.015,22
195.122,2
195.229,0
195.336,2
195.443,0
195.55,16
195.657,16
195.763,0
195.87,0
195.977,12
196.084,15
196.191,6
196.298,28
196.405,8
196.512,18
196.619,17
196.726,0
196.832,0
196.939,0
197.046,0
197.153,8
197.26,0
197.367,8
197.474,41
197.581,0
197.688,43
197.795,0
197.901,0
198.008,0
198.115,0
198.222,0
198.329,0
198.436,16
198.543,0
198.65,0
198.757,0
198.864,16
198.97,47
199.077,12
199.184,0
199.291,0
199.398,8
199.505,8
199.612,0
199.719,0
199.826,3
199.933,12
200.039,0
200.146,0
200.253,0
200.36,15
200.467,5
200.574,0
200.681,0
200.788,4
200.895,0
201.002,0
201.108,10
201.215,7
201.322,20
201.429,36
201.536,10
201.643,16
201.75,3
201.857,0
201.964,0
202.071,17
202.177,29
202.284,7
202.391,10
202.498,37
202.605,6
202.712,8
202.819,0
202.926,0
203.033,0
203.14,0
203.246,0
203.353,2
203.46,0
203.567,0
203.674,0
203.781,27
203.888,0
203.995,10
204.102,26
204.208,26
204.315,0
204.422,0
204.529,6
204.636,2
204.743,0
204.85,2
204.957,0
205.064,6
205.171,0
205.277,33
205.384,13
205.491,19
205.598,0
205.705,6
205.812,29
205.919,36
206.026,13
206.133,0
206.24,2
206.346,11
206.453,0
206.56,0
206.667,0
206.774,0
206.881,0
206.988,18
207.095,12
207.202,0
207.309,2
207.415,0
207.522,2
207.629,16
207.736,0
207.843,8
207.95,0
208.057,16
208.164,7
208.271,10
208.377,0
208.484,0
208.591,0
208.698,24
208.805,16
208.912,13
209.019,0
209.126,0
209.233,21
209.34,2
209.446,0
209.553,36
209.66,41
209.767,0
209.874,3
209.981,12
210.088,6
210.195,0
210.302,17
210.409,20
210.515,23
210.622,5
210.729,14
210.836,4
210.943,0
211.05,0
211.157,0
211.264,16
211.371,4
211.477,4
211.584,13
211.691,10
211.798,8
211.905,0
212.012,0
212.119,22
212.226,17
212.333,1
212.44,4
212.546,15
212.653,6
212.76,8
212.867,0
212.974,14
213.081,0
213.188,0
213.295,0
213.402,0
213.508,27
213.615,0
213.722,0
213.829,2
213.936,17
214.043,22
214.15,17
214.257,10
214.364,10
214.471,8
214.577,0
214.684,2
214.791,0
214.898,0
215.005,0
215.112,36
215.219,7
215.326,0
215.433,0
215.539,0
215.646,22
215.753,6
215.86,2
215.967,0
216.074,20
216.181,23
216.288,0
216.395,0
216.502,0
216.608,0
216.715,0
216.822,0
216.929,10
217.036,2
217.143,12
217.25,1
217.357,13
217.464,13
217.57,0
217.677,7
217.784,0
217.891,0
217.998,41
218.105,45
218.212,12
218.319,0
218.426,0
218.532,0
218.639,13
218.746,3
218.853,0
218.96,20
219.067,9
219.174,0
219.281,28
219.388,4
219.495,3
219.601,0
219.708,11
219.815,0
219.922,4
220.029,0
220.136,0
220.243,21
220.35,21
220.457,1
220.563,0
220.67,4
220.777,18
220.884,0
220.991,2
221.098,3
221.205,16
221.312,0
221.419,12
221.525,25
221.632,0
221.739,0
221.846,6
221.953,0
222.06,0
222.167,6
222.274,21
222.381,6
222.488,7
222.594,13
222.701,19
222.808,0
222.915,7
223.022,22
223.129,12
223.236,0
223.343,0
223.45,0
223.556,0
223.663,0
223.77,8
223.877,12
223.984,10
224.091,0
224.198,0
224.305,0
224.412,0
224.518,3
224.625,14
224.732,0
224.839,0
224.946,0
225.053,7
225.16,1
225.267,0
225.374,0
225.48,27
225.587,0
225.694,8
225.801,33
225.908,24
226.015,11
226.122,0
226.229,0
226.336,0
226.442,9
226.549,0
226.656,0
226.763,0
226.87,0
226.977,4
227.084,0
227.191,0
227.298,0
227.404,4
227.511,4
227.618,0
227.725,6
227.832,0
227.939,5
228.046,2
228.153,8
228.26,21
228.366,0
228.473,0
228.58,11
228.687,0
228.794,0
228.901,10
229.008,0
229.115,23
229.222,0
229.328,9
229.435,0
229.542,0
229.649,12
229.756,0
229.863,17
229.97,18
230.077,23
230.184,0
230.29,4
230.397,38
230.504,29
230.611,5
230.718,0
230.825,0
230.932,15
231.039,0
231.146,5
231.252,0
231.359,0
231.466,15
231.573,27
231.68,24
231.787,0
231.894,14
232.001,44
232.108,0
232.214,0
232.321,0
232.428,3
232.535,17
232.642,14
232.749,0
232.856,0
232.963,24
233.07,71
233.176,24
233.283,17
233.39,28
233.497,0
233.604,17
233.711,9
233.818,0
233.925,0
234.031,8
234.138,0
234.245,0
234.352,6
234.459,0
234.566,0
234.673,0
234.78,0
234.887,0
234.993,21
235.1,0
235.207,0
235.314,6
235.421,7
235.528,0
235.635,0
235.742,29
235.849,23
235.955,0
236.062,0
236.169,23
236.276,0
236.383,34
236.49,14
236.597,10
236.704,0
236.81,14
236.917,28
237.024,0
237.131,15
237.238,41
237.345,29
237.452,0
237.559,0
237.666,0
237.772,0
237.879,0
237.986,0
238.093,12
238.2,0
238.307,11
238.414,18
238.521,8
238.628,6
238.734,25
238.841,0
238.948,17
239.055,18
239.162,7
239.269,0
239.376,0
239.483,13
239.589,24
239.696,0
239.803,0
239.91,0
240.017,10
240.124,0
240.231,18
240.338,0
240.445,4
240.551,8
240.658,0
240.765,0
240.872,0
240.979,0
241.086,14
241.193,0
241.3,0
241.406,5
241.513,0
241.62,26
241.727,40
241.834,11
241.941,0
242.048,1
242.155,1
242.262,9
242.368,1
242.475,16
242.582,5
242.689,0
242.796,0
242.903,13
243.01,0
243.117,5
243.223,0
243.33,0
243.437,0
243.544,1
243.651,24
243.758,28
243.865,5
243.972,0
244.079,0
244.185,14
244.292,0
244.399,0
244.506,19
244.613,21
244.72,0
244.827,8
244.934,13
245.04,8
245.147,0
245.254,35
245.361,3
245.468,0
245.575,0
245.682,0
245.789,0
245.896,2
246.002,19
246.109,2
246.216,0
246.323,0
246.43,14
246.537,0
246.644,13
246.751,20
246.857,37
246.964,1
247.071,0
247.178,8
247.285,15
247.392,0
247.499,0
247.606,0
247.712,21
247.819,0
247.926,5
248.033,22
248.14,0
248.247,8
248.354,19
248.461,0
248.567,2
248.674,0
248.781,0
248.888,0
248.995,0
249.102,10
249.209,0
249.316,0
249.423,9
249.529,18
249.636,26
249.743,1
249.85,3
249.957,14
250.064,14
250.171,8
250.278,0
250.384,1
250.491,0
250.598,2
250.705,0
250.812,0
250.919,9
251.026,0
251.133,21
251.239,12
251.346,0
251.453,4
251.56,0
251.667,17
251.774,0
251.881,12
251.988,18
252.094,0
252.201,0
252.308,7
252.415,14
252.522,41
252.629,54
252.736,12
252.843,21
252.949,0
253.056,0
253.163,4
253.27,21
253.377,0
253.484,0
253.591,31
253.698,0
253.804,0
253.911,10
254.018,0
254.125,0
254.232,0
254.339,17
254.446,0
254.553,0
254.659,25
254.766,5
254.873,16
254.98,0
255.087,0
255.194,38
255.301,26
255.408,0
255.514,0
255.621,22
255.728,33
255.835,0
255.942,3
256.049,28
256.156,0
256.263,5
256.369,22
256.476,0
256.583,2
256.69,31
256.797,10
256.904,0
257.011,7
257.118,11
257.224,9
257.331,0
257.438,2
257.545,19
257.652,22
257.759,38
257.866,0
257.973,24
258.079,0
258.186,26
258.293,0
258.4,7
258.507,12
258.614,0
258.721,4
258.828,0
258.934,0
259.041,27
259.148,13
259.255,8
259.362,29
259.469,18
259.576,0
259.683,4
259.789,20
259.896,0
260.003,3
260.11,0
260.217,5
260.324,0
260.431,0
260.537,24
260.644,0
260.751,4
260.858,0
260.965,13
261.072,23
261.179,0
261.286,26
261.392,0
261.499,15
261.606,9
261.713,9
261.82,0
261.927,21
262.034,0
262.141,0
262.247,6
262.354,14
262.461,0
262.568,0
262.675,10
262.782,0
262.889,0
262.996,52
263.102,11
263.209,0
263.316,2
263.423,7
263.53,0
263.637,0
263.744,0
263.85,4
263.957,24
264.064,0
264.171,0
264.278,9
264.385,0
264.492,12
264.599,0
264.705,12
264.812,25
264.919,1
265.026,0
265.133,0
265.24,0
265.347,0
265.454,16
265.56,16
265.667,1
265.774,0
265.881,17
265.988,7
266.095,0
266.202,6
266.308,40
266.415,0
266.522,16
266.629,10
266.736,12
266.843,0
266.95,10
267.057,38
267.163,21
267.27,8
267.377,29
267.484,22
267.591,4
267.698,15
267.805,0
267.911,13
268.018,23
268.125,24
268.232,31
268.339,0
268.446,0
268.553,10
268.66,0
268.766,10
268.873,0
268.98,0
269.087,10
269.194,29
269.301,7
269.408,0
269.514,22
269.621,2
269.728,0
269.835,0
269.942,0
270.049,0
270.156,0
270.263,4
270.369,0
270.476,18
270.583,6
270.69,0
270.797,9
270.904,24
271.011,0
271.117,9
271.224,0
271.331,7
271.438,7
271.545,0
271.652,11
271.759,19
271.866,0
271.972,0
272.079,0
272.186,0
272.293,0
272.4,3
272.507,0
272.614,8
272.72,12
272.827,0
272.934,0
273.041,0
273.148,15
273.255,38
273.362,0
273.468,0
273.575,0
273.682,36
273.789,45
273.896,23
274.003,0
274.11,0
274.217,43
274.323,15
274.43,0
274.537,8
274.644,8
274.751,2
274.858,19
274.965,0
275.071,0
275.178,0
275.285,31
275.392,1
275.499,0
275.606,5
275.713,1
275.819,0
275.926,0
276.033,0
276.14,0
276.247,0
276.354,0
276.461,1
276.567,20
276.674,12
276.781,9
276.888,0
276.995,23
277.102,10
277.209,25
277.315,2
277.422,0
277.529,12
277.636,8
277.743,0
277.85,0
277.957,20
278.064,0
278.17,0
278.277,0
278.384,0
278.491,39
278.598,0
278.705,0
278.812,0
278.918,19
279.025,14
279.132,0
279.239,11
279.346,21
279.453,0
279.56,13
279.666,24
279.773,13
279.88,8
279.987,17
280.094,0
280.201,0
280.308,9
280.414,1
280.521,8
280.628,0
280.735,26
280.842,38
280.949,0
281.056,0
281.162,38
281.269,19
281.376,0
281.483,14
281.59,0
281.697,0
281.804,14
281.91,0
282.017,13
282.124,7
282.231,20
282.338,0
282.445,0
282.552,21
282.658,4
282.765,0
282.872,1
282.979,0
283.086,0
283.193,0
283.3,18
283.406,12
283.513,0
283.62,0
283.727,0
283.834,0
283.941,13
284.048,1
284.154,0
284.261,0
284.368,58
284.475,39
284.582,6
284.689,0
284.796,0
284.902,21
285.009,0
285.116,0
285.223,20
285.33,23
285.437,16
285.544,18
285.65,29
285.757,4
285.864,5
285.971,0
286.078,0
286.185,0
286.292,6
286.398,30
286.505,14
286.612,5
286.719,0
286.826,0
286.933,15
287.039,0
287.146,17
287.253,9
287.36,12
287.467,0
287.574,0
287.681,0
287.787,1
287.894,10
288.001,18
288.108,7
288.215,12
288.322,5
288.429,0
288.535,4
288.642,17
288.749,0
288.856,0
288.963,0
289.07,4
289.177,21
289.283,12
289.39,0
289.497,15
289.604,0
289.711,23
289.818,17
289.924,15
290.031,18
290.138,24
290.245,15
290.352,7
290.459,0
290.566,0
290.672,25
290.779,19
290.886,0
290.993,0
291.1,12
291.207,24
291.314,0
291.42,0
291.527,0
291.634,14
291.741,6
291.848,0
291.955,0
292.062,0
292.168,22
292.275,0
292.382,0
292.489,6
292.596,7
292.703,0
292.809,0
292.916,0
293.023,0
293.13,0
293.237,0
293.344,0
293.451,16
293.557,2
293.664,0
293.771,0
293.878,20
293.985,0
294.092,3
294.198,12
294.305,0
294.412,0
294.519,14
294.626,4
294.733,14
294.84,0
294.946,2
295.053,29
295.16,20
295.267,24
295.374,8
295.481,16
295.588,0
295.694,0
295.801,0
295.908,26
296.015,21
296.122,0
296.229,0
296.335,2
296.442,0
296.549,17
296.656,7
296.763,0
296.87,0
296.977,0
297.083,0
297.19,6
297.297,0
297.404,24
297.511,21
297.618,0
297.724,0
297.831,1
297.938,9
298.045,0
298.152,2
298.259,0
298.365,6
298.472,0
298.579,0
298.686,0
298.793,21
298.9,0
299.007,0
299.113,0
299.22,15
299.327,6
299.434,0
299.541,30
299.648,6
299.754,5
299.861,15
299.968,9
300.075,29
300.182,0
300.289,18
300.396,40
300.502,58
300.609,16
300.716,9
300.823,4
300.93,4
301.037,6
301.143,2
301.25,1
301.357,2
301.464,7
301.571,4
301.678,0
301.784,24
301.891,9
301.998,0
302.105,0
302.212,12
302.319,0
302.426,0
302.532,10
302.639,0
302.746,0
302.853,0
302.96,0
303.067,6
303.173,0
303.28,0
303.387,17
303.494,15
303.601,0
303.708,0
303.814,9
303.921,26
304.028,0
304.135,0
304.242,0
304.349,13
304.456,0
304.562,8
304.669,0
304.776,0
304.883,12
304.99,0
305.097,16
305.203,10
305.31,0
305.417,0
305.524,0
305.631,0
305.738,26
305.844,39
305.951,0
306.058,0
306.165,29
306.272,0
306.379,0
306.485,20
306.592,0
306.699,0
306.806,5
306.913,9
307.02,8
307.126,11
307.233,0
307.34,0
307.447,32
307.554,17
307.661,16
307.767,7
307.874,0
307.981,0
308.088,0
308.195,4
308.302,9
308.409,38
308.515,0
308.622,9
308.729,0
308.836,20
308.943,0
309.05,17
309.156,2
309.263,10
309.37,28
309.477,8
309.584,0
309.691,4
309.797,1
309.904,30
310.011,20
310.118,8
310.225,6
310.332,5
310.438,0
310.545,0
310.652,3
310.759,0
310.866,0
310.973,33
311.079,0
311.186,0
311.293,2
311.4,25
311.507,1
311.614,16
311.72,34
311.827,26
311.934,0
312.041,8
312.148,22
312.255,0
312.361,0
312.468,23
312.575,4
312.682,0
312.789,0
312.896,45
313.002,32
313.109,3
313.216,0
313.323,8
313.43,16
313.537,23
313.643,14
313.75,0
313.857,13
313.964,0
314.071,17
314.178,5
314.284,0
314.391,0
314.498,11
314.605,16
314.712,6
314.819,4
314.925,0
315.032,27
315.139,4
315.246,2
315.353,16
315.46,6
315.566,2
315.673,0
315.78,0
315.887,16
315.994,0
316.1,11
316.207,0
316.314,0
316.421,26
316.528,30
316.635,7
316.741,6
316.848,13
316.955,33
317.062,32
317.169,17
317.276,15
317.382,0
317.489,2
317.596,0
317.703,0
317.81,0
317.917,0
318.023,10
318.13,26
318.237,0
318.344,0
318.451,10
318.558,9
318.664,4
318.771,6
318.878,11
318.985,0
319.092,0
319.199,19
319.305,3
319.412,18
319.519,14
319.626,0
319.733,0
319.839,1
319.946,8
320.053,17
320.16,0
320.267,13
320.374,6
320.48,0
320.587,17
320.694,0
320.801,0
320.908,2
321.015,14
321.121,2
321.228,6
321.335,19
321.442,3
321.549,28
321.655,8
321.762,10
321.869,19
321.976,0
322.083,18
322.19,11
322.296,5
322.403,3
322.51,9
322.617,12
322.724,0
322.831,33
322.937,4
323.044,23
323.151,27
323.258,0
323.365,7
323.472,7
323.578,1
323.685,0
323.792,3
323.899,0
324.006,5
324.112,4
324.219,3
324.326,24
324.433,0
324.54,0
324.647,15
324.753,7
324.86,0
324.967,51
325.074,18
325.181,9
325.287,10
325.394,5
325.501,0
325.608,9
325.715,14
325.822,22
325.928,0
326.035,22
326.142,0
326.249,41
326.356,0
326.463,24
326.569,24
326.676,21
326.783,0
326.89,0
326.997,0
327.103,31
327.21,22
327.317,23
327.424,0
327.531,0
327.638,0
327.744,0
327.851,10
327.958,26
328.065,11
328.172,24
328.278,10
328.385,4
328.492,4
328.599,0
328.706,0
328.813,0
328.919,7
329.026,0
329.133,6
329.24,6
329.347,25
329.453,13
329.56,22
329.667,1
329.774,44
329.881,26
329.988,19
330.094,5
330.201,0
330.308,0
330.415,4
330.522,3
330.628,5
330.735,0
330.842,16
330.949,0
331.056,3
331.162,3
331.269,10
331.376,2
331.483,0
331.59,15
331.697,0
331.803,0
331.91,8
332.017,0
332.124,0
332.231,1
332.337,0
332.444,0
332.551,18
332.658,20
332.765,12
332.872,0
332.978,13
333.085,14
333.192,7
333.299,17
333.406,13
333.512,24
333.619,0
333.726,0
333.833,0
333.94,0
334.046,0
334.153,15
334.26,0
334.367,13
334.474,15
334.581,0
334.687,5
334.794,14
334.901,0
335.008,9
335.115,30
335.221,30
335.328,3
335.435,1
335.542,18
335.649,0
335.755,14
335.862,8
335.969,18
336.076,10
336.183,23
336.29,20
336.396,15
336.503,18
336.61,0
336.717,0
336.824,4
336.93,0
337.037,33
337.144,14
337.251,34
337.358,0
337.464,12
337.571,0
337.678,0
337.785,34
337.892,22
337.998,4
338.105,12
338.212,15
338.319,6
338.426,24
338.533,7
338.639,9
338.746,0
338.853,12
338.96,9
339.067,30
339.173,13
339.28,15
339.387,26
339.494,10
339.601,8
339.707,21
339.814,11
339.921,0
340.028,14
340.135,0
340.241,0
340.348,16
340.455,0
340.562,37
340.669,0
340.775,0
340.882,0
340.989,14
341.096,0
341.203,0
341.309,21
341.416,0
341.523,5
341.63,34
341.737,8
341.844,21
341.95,11
342.057,10
342.164,26
342.271,18
342.378,8
342.484,0
342.591,30
342.698,12
342.805,22
342.912,32
343.018,28
343.125,29
343.232,78
343.339,66
343.446,24
343.552,0
343.659,18
343.766,6
343.873,5
343.98,4
344.086,1
344.193,8
344.3,19
344.407,0
344.514,0
344.62,22
344.727,0
344.834,0
344.941,0
345.048,0
345.154,0
345.261,6
345.368,0
345.475,18
345.582,12
345.688,0
345.795,0
345.902,52
346.009,0
346.116,10
346.222,0
346.329,0
346.436,0
346.543,26
346.65,34
346.756,11
346.863,8
346.97,18
347.077,36
347.184,0
347.29,18
347.397,40
347.504,4
347.611,22
347.718,0
347.824,0
347.931,0
348.038,0
348.145,0
348.252,0
348.358,0
348.465,8
348.572,20
348.679,9
348.786,7
348.892,0
348.999,0
349.106,7
349.213,15
349.32,28
349.426,6
349.533,0
349.64,0
349.747,24
349.854,0
349.96,0
350.067,10
350.174,27
350.281,2
350.388,0
350.494,33
350.601,2
350.708,0
350.815,3
350.922,0
351.028,0
351.135,16
351.242,0
351.349,20
351.456,0
351.562,0
351.669,0
351.776,7
351.883,0
351.989,0
352.096,9
352.203,0
352.31,30
352.417,13
352.523,1
352.63,12
352.737,18
352.844,0
352.951,11
353.057,3
353.164,0
353.271,10
353.378,11
353.485,26
353.591,3
353.698,13
353.805,0
353.912,6
354.019,6
354.125,15
354.232,0
354.339,11
354.446,0
354.553,0
354.659,5
354.766,8
354.873,0
354.98,0
355.086,13
355.193,9
355.3,0
355.407,21
355.514,0
355.62,0
355.727,26
355.834,0
355.941,13
356.048,20
356.154,52
356.261,51
356.368,27
356.475,0
356.582,0
356.688,0
356.795,0
356.902,0
357.009,0
357.115,12
357.222,11
357.329,3
357.436,0
357.543,11
357.649,17
357.756,0
357.863,0
357.97,0
358.077,0
358.183,0
358.29,0
358.397,0
358.504,11
358.61,14
358.717,0
358.824,26
358.931,11
359.038,0
359.144,6
359.251,18
359.358,0
359.465,0
359.572,0
359.678,0
359.785,53
359.892,69
359.999,64
360.105,9
360.212,113
360.319,191
360.426,108
360.533,9
360.639,0
360.746,2
360.853,0
360.96,0
361.067,7
361.173,3
361.28,0
361.387,1
361.494,0
361.6,0
361.707,14
361.814,2
361.921,0
362.028,15
362.134,8
362.241,0
362.348,0
362.455,17
362.562,7
362.668,26
362.775,0
362.882,6
362.989,0
363.095,14
363.202,7
363.309,5
363.416,20
363.523,12
363.629,8
363.736,24
363.843,0
363.95,23
364.056,15
364.163,23
364.27,0
364.377,12
364.484,4
364.59,6
364.697,2
364.804,48
364.911,0
365.017,19
365.124,6
365.231,33
365.338,7
365.445,0
365.551,14
365.658,0
365.765,6
365.872,0
365.979,25
366.085,26
366.192,0
366.299,0
366.406,0
366.512,0
366.619,21
366.726,0
366.833,0
366.94,0
367.046,0
367.153,11
367.26,0
367.367,0
367.473,0
367.58,5
367.687,0
367.794,0
367.9,0
368.007,18
368.114,0
368.221,0
368.328,13
368.434,6
368.541,0
368.648,0
368.755,16
368.861,0
368.968,11
369.075,26
369.182,0
369.289,0
369.395,14
369.502,3
369.609,0
369.716,0
369.822,29
369.929,36
370.036,0
370.143,0
370.25,5
370.356,0
370.463,12
370.57,37
370.677,30
370.783,56
370.89,18
370.997,21
371.104,4
371.211,0
371.317,0
371.424,15
371.531,5
371.638,31
371.744,26
371.851,0
371.958,0
372.065,17
372.171,4
372.278,5
372.385,0
372.492,0
372.599,8
372.705,20
372.812,10
372.919,0
373.026,0
373.132,26
373.239,38
373.346,19
373.453,0
373.559,34
373.666,24
373.773,0
373.88,0
373.987,0
374.093,25
374.2,5
374.307,0
374.414,0
374.52,0
374.627,0
374.734,41
374.841,4
374.947,2
375.054,10
375.161,15
375.268,0
375.375,0
375.481,0
375.588,0
375.695,0
375.802,3
375.908,5
376.015,1
376.122,10
376.229,0
376.335,0
376.442,0
376.549,26
376.656,0
376.763,5
376.869,19
376.976,0
377.083,0
377.19,0
377.296,0
377.403,0
377.51,0
377.617,19
377.723,0
377.83,13
377.937,0
378.044,22
378.15,0
378.257,21
378.364,24
378.471,12
378.578,23
378.684,12
378.791,5
378.898,0
379.005,5
379.111,7
379.218,0
379.325,0
379.432,3
379.538,4
379.645,13
379.752,9
379.859,3
379.965,18
380.072,26
380.179,26
380.286,0
380.392,0
380.499,7
380.606,33
380.713,5
380.82,0
380.926,0
381.033,0
381.14,13
381.247,5
381.353,17
381.46,0
381.567,0
381.674,3
381.78,6
381.887,0
381.994,30
382.101,23
382.207,1
382.314,2
382.421,11
382.528,17
382.634,0
382.741,12
382.848,40
382.955,14
383.061,34
383.168,14
383.275,22
383.382,0
383.488,0
383.595,22
383.702,23
383.809,0
383.916,0
384.022,0
384.129,18
384.236,13
384.343,10
384.449,0
384.556,15
384.663,0
384.77,0
384.876,14
384.983,16
385.09,0
385.197,21
385.303,17
385.41,2
385.517,2
385.624,0
385.73,0
385.837,0
385.944,1
386.051,1
386.157,0
386.264,0
386.371,0
386.478,14
386.584,15
386.691,8
386.798,10
386.905,24
387.011,7
387.118,3
387.225,17
387.332,0
387.438,20
387.545,0
387.652,0
387.759,0
387.865,0
387.972,29
388.079,13
388.186,10
388.292,1
388.399,0
388.506,12
388.613,19
388.719,0
388.826,0
388.933,0
389.04,0
389.146,17
389.253,0
389.36,12
389.467,21
389.573,2
389.68,14
389.787,34
389.894,20
390,0
390.107,0
390.214,0
390.321,0
390.427,17
390.534,0
390.641,28
390.748,12
390.854,1
390.961,0
391.068,0
391.175,50
391.281,42
391.388,2
391.495,2
391.602,0
391.708,0
391.815,8
391.922,0
392.029,14
392.135,0
392.242,0
392.349,0
392.456,4
392.562,6
392.669,0
392.776,5
392.883,0
392.989,0
393.096,36
393.203,0
393.31,0
393.416,0
393.523,4
393.63,0
393.737,1
393.843,38
393.95,7
394.057,3
394.164,6
394.27,22
394.377,11
394.484,24
394.591,19
394.697,6
394.804,1
394.911,18
395.018,0
395.124,92
395.231,81
395.338,21
395.445,4
395.551,0
395.658,0
395.765,7
395.871,133
395.978,101
396.085,50
396.192,0
396.298,0
396.405,12
396.512,30
396.619,14
396.725,0
396.832,0
396.939,1
397.046,14
397.152,0
397.259,0
397.366,0
397.473,26
397.579,0
397.686,0
397.793,10
397.9,20
398.006,4
398.113,0
398.22,0
398.327,5
398.433,0
398.54,0
398.647,10
398.753,10
398.86,0
398.967,0
399.074,19
399.18,0
399.287,0
399.394,0
399.501,19
399.607,7
399.714,0
399.821,0
399.928,7
400.034,0
400.141,26
400.248,0
400.355,7
400.461,0
400.568,41
400.675,0
400.781,0
400.888,0
400.995,0
401.102,0
401.208,18
401.315,18
401.422,12
401.529,0
401.635,0
401.742,0
401.849,20
401.956,28
402.062,19
402.169,0
402.276,0
402.382,0
402.489,4
402.596,0
402.703,14
402.809,0
402.916,2
403.023,3
403.13,0
403.236,0
403.343,36
403.45,0
403.557,0
403.663,0
403.77,12
403.877,0
403.983,13
404.09,83
404.197,55
404.304,9
404.41,0
404.517,0
404.624,0
404.731,0
404.837,11
404.944,3
405.051,0
405.158,17
405.264,5
405.371,12
405.478,0
405.584,11
405.691,2
405.798,0
405.905,0
406.011,18
406.118,30
406.225,0
406.332,13
406.438,31
406.545,2
406.652,18
406.758,10
406.865,0
406.972,24
407.079,11
407.185,9
407.292,0
407.399,20
407.506,0
407.612,22
407.719,10
407.826,0
407.932,0
408.039,17
408.146,0
408.253,0
408.359,0
408.466,5
408.573,0
408.68,12
408.786,23
408.893,0
409,0
409.106,0
409.213,0
409.32,13
409.427,6
409.533,0
409.64,2
409.747,16
409.853,0
409.96,2
410.067,12
410.174,0
410.28,0
410.387,0
410.494,0
410.601,23
410.707,53
410.814,155
410.921,85
411.027,9
411.134,0
411.241,0
411.348,0
411.454,1
411.561,0
411.668,0
411.774,16
411.881,0
411.988,0
412.095,0
412.201,0
412.308,0
412.415,0
412.522,14
412.628,20
412.735,11
412.842,20
412.948,0
413.055,7
413.162,4
413.269,0
413.375,0
413.482,0
413.589,2
413.695,0
413.802,1
413.909,0
414.016,21
414.122,14
414.229,18
414.336,0
414.442,0
414.549,4
414.656,95
414.763,107
414.869,32
414.976,0
415.083,0
415.189,0
415.296,0
415.403,27
415.51,28
415.616,0
415.723,29
415.83,40
415.936,113
416.043,97
416.15,19
416.257,9
416.363,1
416.47,13
416.577,47
416.683,99
416.79,196
416.897,107
417.004,108
417.11,63
417.217,28
417.324,0
417.43,0
417.537,14
417.644,153
417.751,157
417.857,88
417.964,41
418.071,27
418.177,6
418.284,11
418.391,6
418.498,0
418.604,35
418.711,62
418.818,46
418.924,3
419.031,28
419.138,32
419.245,15
419.351,0
419.458,0
419.565,11
419.671,0
419.778,0
419.885,0
419.992,22
420.098,0
420.205,0
420.312,25
420.418,19
420.525,2
420.632,0
420.738,0
420.845,23
420.952,3
421.059,0
421.165,14
421.272,0
421.379,0
421.485,0
421.592,0
421.699,0
421.806,10
421.912,0
422.019,0
422.126,21
422.232,10
422.339,6
422.446,39
422.552,0
422.659,20
422.766,11
422.873,0
422.979,0
423.086,0
423.193,46
423.299,30
423.406,27
423.513,127
423.62,84
423.726,43
423.833,32
423.94,8
424.046,0
424.153,2
424.26,25
424.366,0
424.473,6
424.58,18
424.687,30
424.793,85
424.9,49
425.007,43
425.113,40
425.22,0
425.327,5
425.433,11
425.54,19
425.647,0
425.754,8
425.86,0
425.967,0
426.074,0
426.18,6
426.287,2
426.394,0
426.5,0
426.607,13
426.714,51
426.821,0
426.927,0
427.034,11
427.141,17
427.247,20
427.354,0
427.461,4
427.567,7
427.674,0
427.781,0
427.888,0
427.994,0
428.101,2
428.208,0
428.314,0
428.421,24
428.528,15
428.634,0
428.741,0
428.848,0
428.955,6
429.061,0
429.168,0
429.275,0
429.381,0
429.488,4
429.595,0
429.701,170
429.808,211
429.915,87
430.021,1
430.128,30
430.235,43
430.342,34
430.448,19
430.555,0
430.662,0
430.768,0
430.875,17
430.982,0
431.088,0
431.195,4
431.302,10
431.409,7
431.515,0
431.622,8
431.729,3
431.835,0
431.942,4
432.049,21
432.155,0
432.262,2
432.369,0
432.475,6
432.582,0
432.689,0
432.796,0
432.902,0
433.009,0
433.116,21
433.222,7
433.329,0
433.436,0
433.542,18
433.649,0
433.756,1
433.862,24
433.969,30
434.076,90
434.182,83
434.289,31
434.396,9
434.503,0
434.609,10
434.716,40
434.823,13
434.929,28
435.036,3
435.143,0
435.249,9
435.356,72
435.463,70
435.569,40
435.676,19
435.783,0
435.889,0
435.996,1
436.103,0
436.21,29
436.316,0
436.423,57
436.53,148
436.636,101
436.743,126
436.85,40
436.956,25
437.063,9
437.17,0
437.276,0
437.383,0
437.49,0
437.596,5
437.703,0
437.81,39
437.916,127
438.023,84
438.13,14
438.237,13
438.343,0
438.45,1
438.557,31
438.663,5
438.77,0
438.877,26
438.983,0
439.09,0
439.197,12
439.303,29
439.41,49
439.517,74
439.623,55
439.73,52
439.837,26
439.943,17
440.05,61
440.157,29
440.263,4
440.37,26
440.477,38
440.583,0
440.69,0
440.797,15
440.904,4
441.01,2
441.117,0
441.224,0
441.33,10
441.437,5
441.544,0
441.65,0
441.757,10
441.864,20
441.97,2
442.077,0
442.184,2
442.29,11
442.397,0
442.504,0
442.61,0
442.717,3
442.824,0
442.93,0
443.037,9
443.144,14
443.25,0
443.357,4
443.464,41
443.57,14
443.677,22
443.784,0
443.89,7
443.997,2
444.104,0
444.21,5
444.317,0
444.424,0
444.53,34
444.637,22
444.744,0
444.851,0
444.957,0
445.064,6
445.171,0
445.277,4
445.384,0
445.491,0
445.597,0
445.704,0
445.811,0
445.917,11
446.024,19
446.131,19
446.237,11
446.344,0
446.451,7
446.557,24
446.664,65
446.771,78
446.877,27
446.984,0
447.091,14
447.197,0
447.304,0
447.411,18
447.517,0
447.624,14
447.731,0
447.837,0
447.944,0
448.051,5
448.157,18
448.264,0
448.371,0
448.477,4
448.584,0
448.691,0
448.797,22
448.904,48
449.011,104
449.117,81
449.224,31
449.331,0
449.437,0
449.544,16
449.651,13
449.757,0
449.864,0
449.971,1
450.077,4
450.184,0
450.291,0
450.397,15
450.504,1
450.611,0
450.717,16
450.824,0
450.931,0
451.037,0
451.144,15
451.251,0
451.357,0
451.464,17
451.571,20
451.677,24
451.784,39
451.891,25
451.997,0
452.104,0
452.21,6
452.317,0
452.424,0
452.53,0
452.637,15
452.744,5
452.85,0
452.957,8
453.064,0
453.17,31
453.277,1
453.384,14
453.49,44
453.597,21
453.704,2
453.81,0
453.917,25
454.024,10
454.13,0
454.237,8
454.344,0
454.45,0
454.557,30
454.664,0
454.77,0
454.877,0
454.984,0
455.09,0
455.197,0
455.304,34
455.41,16
455.517,0
455.624,1
455.73,0
455.837,45
455.944,131
456.05,37
456.157,4
456.263,0
456.37,0
456.477,0
456.583,17
456.69,0
456.797,0
456.903,0
457.01,0
457.117,7
457.223,0
457.33,14
457.437,14
457.543,0
457.65,0
457.757,4
457.863,8
457.97,18
458.077,0
458.183,5
458.29,0
458.397,0
458.503,13
458.61,6
458.716,0
458.823,11
458.93,7
459.036,11
459.143,0
459.25,10
459.356,0
459.463,0
459.57,22
459.676,8
459.783,0
459.89,35
459.996,82
460.103,40
460.21,0
460.316,11
460.423,0
460.53,37
460.636,0
460.743,1
460.849,0
460.956,0
461.063,21
461.169,8
461.276,11
461.383,29
461.489,29
461.596,37
461.703,18
461.809,0
461.916,3
462.023,0
462.129,0
462.236,0
462.342,0
462.449,0
462.556,0
462.662,15
462.769,0
462.876,23
462.982,11
463.089,4
463.196,0
463.302,11
463.409,12
463.516,3
463.622,11
463.729,0
463.835,0
463.942,29
464.049,0
464.155,22
464.262,1
464.369,4
464.475,5
464.582,0
464.689,6
464.795,17
464.902,0
465.009,7
465.115,16
465.222,8
465.328,8
465.435,0
465.542,0
465.648,0
465.755,89
465.862,147
465.968,76
466.075,3
466.182,0
466.288,0
466.395,0
466.501,10
466.608,0
466.715,2
466.821,15
466.928,0
467.035,33
467.141,86
467.248,23
467.355,23
467.461,11
467.568,0
467.674,12
467.781,35
467.888,0
467.994,0
468.101,0
468.208,0
468.314,32
468.421,0
468.528,0
468.634,2
468.741,0
468.847,13
468.954,32
469.061,24
469.167,0
469.274,10
469.381,11
469.487,16
469.594,0
469.701,0
469.807,5
469.914,2
470.02,30
470.127,21
470.234,0
470.34,3
470.447,27
470.554,25
470.66,3
470.767,0
470.873,0
470.98,20
471.087,45
471.193,94
471.3,74
471.407,12
471.513,13
471.62,3
471.727,0
471.833,0
471.94,11
472.046,14
472.153,0
472.26,2
472.366,16
472.473,50
472.58,35
472.686,8
472.793,0
472.899,0
473.006,1
473.113,2
473.219,22
473.326,16
473.433,1
473.539,6
473.646,0
473.752,7
473.859,0
473.966,11
474.072,0
474.179,4
474.286,14
474.392,0
474.499,0
474.605,58
474.712,197
474.819,121
474.925,15
475.032,0
475.139,0
475.245,0
475.352,0
475.458,0
475.565,0
475.672,0
475.778,2
475.885,51
475.992,9
476.098,4
476.205,29
476.311,0
476.418,0
476.525,20
476.631,13
476.738,0
476.844,6
476.951,17
477.058,0
477.164,3
477.271,15
477.378,22
477.484,0
477.591,0
477.697,2
477.804,6
477.911,1
478.017,0
478.124,5
478.231,6
478.337,0
478.444,12
478.55,33
478.657,26
478.764,0
478.87,12
478.977,18
479.083,20
479.19,3
479.297,0
479.403,19
479.51,3
479.617,4
479.723,0
479.83,4
479.936,22
480.043,13
480.15,0
480.256,12
480.363,12
480.469,0
480.576,0
480.683,0
480.789,23
480.896,0
481.003,0
481.109,10
481.216,13
481.322,0
481.429,25
481.536,3
481.642,0
481.749,0
481.855,0
481.962,10
482.069,0
482.175,0
482.282,7
482.388,20
482.495,0
482.602,4
482.708,9
482.815,0
482.922,14
483.028,0
483.135,0
483.241,6
483.348,0
483.455,0
483.561,5
483.668,0
483.774,0
483.881,8
483.988,0
484.094,2
484.201,8
484.307,2
484.414,0
484.521,37
484.627,0
484.734,4
484.84,0
484.947,24
485.054,12
485.16,3
485.267,0
485.373,22
485.48,22
485.587,0
485.693,8
485.8,0
485.907,0
486.013,1
486.12,5
486.226,10
486.333,0
486.44,0
486.546,33
486.653,2
486.759,7
486.866,0
486.973,0
487.079,0
487.186,36
487.292,3
487.399,0
487.506,0
487.612,0
487.719,0
487.825,0
487.932,0
488.039,0
488.145,42
488.252,37
488.358,0
488.465,7
488.572,11
488.678,0
488.785,0
488.891,25
488.998,0
489.105,4
489.211,9
489.318,0
489.424,0
489.531,16
489.638,0
489.744,30
489.851,0
489.957,0
490.064,0
490.171,33
490.277,0
490.384,15
490.49,4
490.597,12
490.704,0
490.81,8
490.917,9
491.023,0
491.13,14
491.237,0
491.343,15
491.45,6
491.556,0
491.663,12
491.769,21
491.876,15
491.983,9
492.089,2
492.196,29
492.302,0
492.409,0
492.516,26
492.622,19
492.729,17
492.835,0
492.942,0
493.049,0
493.155,0
493.262,0
493.368,0
493.475,3
493.582,33
493.688,10
493.795,0
493.901,0
494.008,0
494.114,7
494.221,0
494.328,0
494.434,0
494.541,7
494.647,0
494.754,15
494.861,17
494.967,0
495.074,4
495.18,35
495.287,20
495.394,13
495.5,0
495.607,10
495.713,21
495.82,0
495.926,0
496.033,4
496.14,0
496.246,21
496.353,15
496.459,4
496.566,2
496.673,8
496.779,0
496.886,8
496.992,0
497.099,0
497.206,22
497.312,13
497.419,6
497.525,0
497.632,0
497.738,0
497.845,34
497.952,33
498.058,0
498.165,0
498.271,13
498.378,0
498.485,0
498.591,5
498.698,0
498.804,0
498.911,0
499.017,0
499.124,3
499.231,0
499.337,2
499.444,0
499.55,0
499.657,20
499.763,0
499.87,0
499.977,0
500.083,25
500.19,3
500.296,14
500.403,0
500.51,4
500.616,1
500.723,2
500.829,0
500.936,0
501.042,0
501.149,0
501.256,0
501.362,5
501.469,19
501.575,0
501.682,25
501.788,0
501.895,23
502.002,0
502.108,29
502.215,6
502.321,0
502.428,0
502.534,0
502.641,12
502.748,1
502.854,4
502.961,0
503.067,1
503.174,14
503.281,8
503.387,0
503.494,20
503.6,15
503.707,0
503.813,0
503.92,0
504.027,18
504.133,9
504.24,0
504.346,0
504.453,12
504.559,0
504.666,21
504.773,0
504.879,0
504.986,0
505.092,0
505.199,10
505.305,12
505.412,0
505.518,6
505.625,12
505.732,5
505.838,0
505.945,28
506.051,29
506.158,13
506.264,0
506.371,22
506.478,8
506.584,0
506.691,8
506.797,0
506.904,0
507.01,12
507.117,20
507.224,10
507.33,0
507.437,0
507.543,10
507.65,2
507.756,0
507.863,0
507.97,12
508.076,0
508.183,0
508.289,0
508.396,0
508.502,38
508.609,13
508.715,1
508.822,4
508.929,0
509.035,0
509.142,11
509.248,0
509.355,0
509.461,0
509.568,0
509.675,1
509.781,3
509.888,8
509.994,18
510.101,13
510.207,13
510.314,0
510.42,11
510.527,17
510.634,0
510.74,0
510.847,23
510.953,15
511.06,2
511.166,0
511.273,51
511.379,3
511.486,5
511.593,0
511.699,20
511.806,0
511.912,0
512.019,14
512.125,19
512.232,7
512.339,0
512.445,13
512.552,8
512.658,0
512.765,0
512.871,3
512.978,9
513.084,0
513.191,0
513.298,12
513.404,43
513.511,13
513.617,0
513.724,9
513.83,14
513.937,1
514.043,6
514.15,0
514.256,0
514.363,22
514.47,0
514.576,0
514.683,0
514.789,5
514.896,25
515.002,5
515.109,4
515.215,0
515.322,47
515.429,0
515.535,8
515.642,0
515.748,0
515.855,0
515.961,9
516.068,10
516.174,0
516.281,0
516.388,0
516.494,18
516.601,22
516.707,0
516.814,0
516.92,0
517.027,5
517.133,0
517.24,0
517.346,0
517.453,21
517.56,18
517.666,0
517.773,6
517.879,9
517.986,15
518.092,0
518.199,0
518.305,2
518.412,75
518.518,141
518.625,85
518.732,39
518.838,0
518.945,0
519.051,0
519.158,22
519.264,34
519.371,8
519.477,29
519.584,14
519.69,11
519.797,0
519.903,1
520.01,3
520.117,2
520.223,8
520.33,15
520.436,1
520.543,0
520.649,9
520.756,0
520.862,0
520.969,15
521.075,2
521.182,0
521.289,8
521.395,39
521.502,0
521.608,0
521.715,0
521.821,16
521.928,6
522.034,0
522.141,7
522.247,0
522.354,0
522.46,17
522.567,23
522.674,0
522.78,14
522.887,0
522.993,0
523.1,30
523.206,8
523.313,6
523.419,0
523.526,2
523.632,0
523.739,0
523.845,14
523.952,21
524.058,0
524.165,6
524.272,0
524.378,0
524.485,19
524.591,6
524.698,0
524.804,0
524.911,18
525.017,64
525.124,25
525.23,8
525.337,0
525.443,0
525.55,0
525.656,0
525.763,9
525.87,0
525.976,0
526.083,38
526.189,21
526.296,18
526.402,0
526.509,3
526.615,15
526.722,21
526.828,2
526.935,5
527.041,26
527.148,86
527.254,145
527.361,73
527.467,19
527.574,0
527.68,0
527.787,0
527.894,0
528,3
528.107,0
528.213,16
528.32,14
528.426,1
528.533,0
528.639,0
528.746,0
528.852,20
528.959,33
529.065,20
529.172,0
529.278,18
529.385,10
529.491,10
529.598,0
529.704,0
529.811,49
529.918,21
530.024,0
530.131,0
530.237,0
530.344,12
530.45,4
530.557,29
530.663,5
530.77,3
530.876,0
530.983,5
531.089,0
531.196,0
531.302,0
531.409,0
531.515,0
531.622,3
531.728,24
531.835,2
531.941,20
532.048,0
532.154,26
532.261,10
532.367,2
532.474,0
532.581,7
532.687,5
532.794,2
532.9,20
533.007,11
533.113,7
533.22,27
533.326,7
533.433,15
533.539,26
533.646,25
533.752,0
533.859,0
533.965,24
534.072,7
534.178,24
534.285,20
534.391,36
534.498,18
534.604,0
534.711,8
534.817,0
534.924,13
535.03,8
535.137,21
535.243,0
535.35,19
535.456,32
535.563,5
535.669,0
535.776,31
535.882,23
535.989,1
536.095,0
536.202,23
536.308,24
536.415,0
536.521,0
536.628,14
536.735,0
536.841,15
536.948,7
537.054,3
537.161,0
537.267,0
537.374,0
537.48,3
537.587,8
537.693,0
537.8,12
537.906,27
538.013,2
538.119,0
538.226,0
538.332,0
538.439,0
538.545,0
538.652,0
538.758,0
538.865,0
538.971,41
539.078,0
539.184,5
539.291,2
539.397,36
539.504,17
539.61,0
539.717,0
539.823,0
539.93,0
540.036,0
540.143,11
540.249,0
540.356,14
540.462,34
540.569,51
540.675,0
540.782,0
540.888,0
540.995,7
541.101,15
541.208,0
541.314,0
541.421,0
541.527,22
541.634,28
541.74,0
541.847,0
541.953,20
542.06,42
542.166,11
542.273,19
542.379,17
542.486,0
542.592,1
542.699,20
542.805,0
542.912,0
543.018,20
543.125,8
543.231,4
543.338,9
543.444,0
543.551,1
543.657,4
543.764,17
543.87,1
543.977,0
544.083,0
544.19,0
544.296,0
544.403,10
544.509,10
544.616,1
544.722,0
544.829,0
544.935,3
545.042,0
545.148,2
545.255,0
545.361,30
545.467,16
545.574,19
545.68,44
545.787,15
545.893,9
546,0
546.106,0
546.213,83
546.319,67
546.426,26
546.532,2
546.639,0
546.745,15
546.852,50
546.958,62
547.065,33
547.171,20
547.278,1
547.384,0
547.491,0
547.597,8
547.704,0
547.81,0
547.917,22
548.023,0
548.13,0
548.236,1
548.343,16
548.449,21
548.556,7
548.662,27
548.769,0
548.875,9
548.982,0
549.088,0
549.195,0
549.301,0
549.408,17
549.514,1
549.62,0
549.727,4
549.833,21
549.94,13
550.046,10
550.153,1
550.259,0
550.366,0
550.472,9
550.579,7
550.685,8
550.792,19
550.898,0
551.005,0
551.111,49
551.218,26
551.324,0
551.431,0
551.537,0
551.644,0
551.75,12
551.857,22
551.963,15
552.07,0
552.176,0
552.282,15
552.389,27
552.495,4
552.602,0
552.708,0
552.815,0
552.921,10
553.028,10
553.134,0
553.241,2
553.347,0
553.454,9
553.56,21
553.667,2
553.773,13
553.88,37
553.986,0
554.093,21
554.199,54
554.305,15
554.412,0
554.518,10
554.625,14
554.731,0
554.838,0
554.944,22
555.051,5
555.157,0
555.264,18
555.37,0
555.477,8
555.583,0
555.69,0
555.796,13
555.903,0
556.009,0
556.115,0
556.222,0
556.328,0
556.435,6
556.541,0
556.648,20
556.754,16
556.861,18
556.967,9
557.074,0
557.18,0
557.287,24
557.393,3
557.5,6
557.606,4
557.713,5
557.819,16
557.925,15
558.032,0
558.138,0
558.245,0
558.351,0
558.458,1
558.564,5
558.671,25
558.777,0
558.884,6
558.99,0
559.097,6
559.203,0
559.309,22
559.416,0
559.522,12
559.629,32
559.735,0
559.842,0
559.948,40
560.055,9
560.161,5
560.268,0
560.374,10
560.481,0
560.587,9
560.693,0
560.8,0
560.906,13
561.013,4
561.119,6
561.226,0
561.332,0
561.439,10
561.545,0
561.652,0
561.758,45
561.864,17
561.971,0
562.077,22
562.184,0
562.29,0
562.397,0
562.503,0
562.61,6
562.716,11
562.823,0
562.929,18
563.035,0
563.142,69
563.248,108
563.355,47
563.461,5
563.568,0
563.674,0
563.781,19
563.887,0
563.994,0
564.1,5
564.206,4
564.313,18
564.419,23
564.526,0
564.632,9
564.739,38
564.845,0
564.952,0
565.058,0
565.165,0
565.271,0
565.377,7
565.484,0
565.59,2
565.697,0
565.803,23
565.91,8
566.016,12
566.123,0
566.229,11
566.335,18
566.442,0
566.548,16
566.655,7
566.761,3
566.868,0
566.974,0
567.081,29
567.187,4
567.293,28
567.4,20
567.506,12
567.613,0
567.719,4
567.826,15
567.932,22
568.039,0
568.145,0
568.251,0
568.358,29
568.464,0
568.571,7
568.677,25
568.784,14
568.89,25
568.997,0
569.103,0
569.209,18
569.316,31
569.422,0
569.529,0
569.635,22
569.742,18
569.848,18
569.955,0
570.061,23
570.167,0
570.274,10
570.38,0
570.487,2
570.593,0
570.7,0
570.806,0
570.912,0
571.019,0
571.125,0
571.232,34
571.338,26
571.445,9
571.551,10
571.658,11
571.764,0
571.87,5
571.977,6
572.083,0
572.19,28
572.296,20
572.403,62
572.509,29
572.615,0
572.722,0
572.828,0
572.935,0
573.041,27
573.148,0
573.254,1
573.36,3
573.467,0
573.573,6
573.68,26
573.786,0
573.893,0
573.999,0
574.105,0
574.212,0
574.318,8
574.425,0
574.531,0
574.638,0
574.744,1
574.85,0
574.957,18
575.063,4
575.17,0
575.276,0
575.383,0
575.489,0
575.595,2
575.702,0
575.808,4
575.915,0
576.021,9
576.128,8
576.234,0
576.34,15
576.447,16
576.553,12
576.66,4
576.766,0
576.873,0
576.979,19
577.085,6
577.192,5
577.298,0
577.405,0
577.511,0
577.618,39
577.724,4
577.83,0
577.937,24
578.043,18
578.15,7
578.256,2
578.363,29
578.469,0
578.575,0
578.682,0
578.788,15
578.895,0
579.001,0
579.107,2
579.214,22
579.32,20
579.427,0
579.533,0
579.64,0
579.746,17
579.852,24
579.959,0
580.065,0
580.172,10
580.278,0
580.384,0
580.491,0
580.597,0
580.704,0
580.81,0
580.917,0
581.023,9
581.129,2
581.236,37
581.342,4
581.449,0
581.555,27
581.661,23
581.768,3
581.874,0
581.981,3
582.087,0
582.193,0
582.3,0
582.406,8
582.513,6
582.619,0
582.726,13
582.832,0
582.938,0
583.045,29
583.151,36
583.258,0
583.364,0
583.47,4
583.577,13
583.683,19
583.79,0
583.896,3
584.002,36
584.109,8
584.215,0
584.322,0
584.428,3
584.535,14
584.641,74
584.747,94
584.854,38
584.96,0
585.067,0
585.173,0
585.279,0
585.386,0
585.492,0
585.599,0
585.705,3
585.811,0
585.918,0
586.024,0
586.131,0
586.237,3
586.343,11
586.45,10
586.556,14
586.663,2
586.769,0
586.875,7
586.982,11
587.088,0
587.195,0
587.301,8
587.407,12
587.514,1
587.62,5
587.727,9
587.833,0
587.939,0
588.046,21
588.152,0
588.259,0
588.365,7
588.471,26
588.578,0
588.684,17
588.791,8
588.897,17
589.003,0
589.11,6
589.216,0
589.323,8
589.429,0
589.535,8
589.642,0
589.748,0
589.855,0
589.961,15
590.067,0
590.174,2
590.28,0
590.387,0
590.493,0
590.599,10
590.706,13
590.812,0
590.918,0
591.025,23
591.131,0
591.238,0
591.344,0
591.45,15
591.557,0
591.663,8
591.77,20
591.876,0
591.982,0
592.089,0
592.195,9
592.302,5
592.408,0
592.514,0
592.621,0
592.727,4
592.834,10
592.94,8
593.046,0
593.153,0
593.259,0
593.365,9
593.472,0
593.578,0
593.685,10
593.791,10
593.897,0
594.004,0
594.11,24
594.217,12
594.323,23
594.429,16
594.536,22
594.642,0
594.748,0
594.855,6
594.961,0
595.068,0
595.174,7
595.28,17
595.387,8
595.493,15
595.6,22
595.706,12
595.812,0
595.919,18
596.025,16
596.131,0
596.238,0
596.344,0
596.451,0
596.557,0
596.663,41
596.77,30
596.876,13
596.982,0
597.089,0
597.195,17
597.302,0
597.408,16
597.514,0
597.621,0
597.727,0
597.833,0
597.94,29
598.046,15
598.153,0
598.259,0
598.365,1
598.472,17
598.578,2
598.685,5
598.791,0
598.897,0
599.004,8
599.11,15
599.216,0
599.323,8
599.429,17
599.535,5
599.642,0
599.748,0
599.855,10
599.961,62
600.067,82
600.174,26
600.28,0
600.386,9
600.493,37
600.599,0
600.706,0
600.812,0
600.918,0
601.025,22
601.131,15
601.237,3
601.344,1
601.45,0
601.557,0
601.663,23
601.769,0
601.876,12
601.982,0
602.088,12
602.195,18
602.301,5
602.407,0
602.514,20
602.62,0
602.727,0
602.833,6
602.939,4
603.046,14
603.152,17
603.258,2
603.365,0
603.471,15
603.577,11
603.684,0
603.79,0
603.897,20
604.003,3
604.109,0
604.216,0
604.322,4
604.428,0
604.535,27
604.641,148
604.747,86
604.854,16
604.96,5
605.067,0
605.173,30
605.279,0
605.386,19
605.492,0
605.598,0
605.705,12
605.811,0
605.917,0
606.024,0
606.13,14
606.236,0
606.343,0
606.449,4
606.556,0
606.662,0
606.768,0
606.875,0
606.981,10
607.087,28
607.194,19
607.3,7
607.406,0
607.513,3
607.619,29
607.725,4
607.832,4
607.938,0
608.045,0
608.151,13
608.257,0
608.364,8
608.47,28
608.576,5
608.683,0
608.789,0
608.895,0
609.002,0
609.108,0
609.214,2
609.321,14
609.427,6
609.533,2
609.64,0
609.746,30
609.852,0
609.959,0
610.065,0
610.172,15
610.278,13
610.384,0
610.491,0
610.597,26
610.703,5
610.81,4
610.916,0
611.022,0
611.129,0
611.235,0
611.341,0
611.448,0
611.554,0
611.66,0
611.767,27
611.873,32
611.979,4
612.086,49
612.192,38
612.298,19
612.405,0
612.511,6
612.617,10
612.724,2
612.83,0
612.936,0
613.043,0
613.149,0
613.255,26
613.362,16
613.468,21
613.575,26
613.681,7
613.787,0
613.894,5
614,19
614.106,0
614.213,0
614.319,0
614.425,0
614.532,15
614.638,0
614.744,0
614.851,0
614.957,55
615.063,40
615.17,0
615.276,0
615.382,0
615.489,8
615.595,0
615.701,0
615.808,8
615.914,0
616.02,0
616.127,0
616.233,13
616.339,21
616.446,0
616.552,3
616.658,0
616.765,10
616.871,13
616.977,4
617.084,4
617.19,14
617.296,21
617.403,14
617.509,3
617.615,16
617.722,0
617.828,8
617.934,0
618.041,0
618.147,25
618.253,5
618.36,10
618.466,4
618.572,0
618.679,21
618.785,0
618.891,0
618.998,24
619.104,4
619.21,0
619.316,0
619.423,22
619.529,27
619.635,0
619.742,23
619.848,20
619.954,14
620.061,16
620.167,20
620.273,16
620.38,15
620.486,11
620.592,0
620.699,0
620.805,0
620.911,20
621.018,0
621.124,0
621.23,6
621.337,3
621.443,0
621.549,0
621.656,20
621.762,13
621.868,18
621.975,19
622.081,0
622.187,0
622.294,0
622.4,0
622.506,21
622.612,0
622.719,17
622.825,0
622.931,2
623.038,0
623.144,21
623.25,0
623.357,0
623.463,0
623.569,36
623.676,34
623.782,20
623.888,0
623.995,13
624.101,0
624.207,0
624.314,0
624.42,0
624.526,7
624.632,0
624.739,0
624.845,14
624.951,17
625.058,16
625.164,0
625.27,0
625.377,0
625.483,0
625.589,23
625.696,18
625.802,0
625.908,0
626.015,11
626.121,1
626.227,0
626.333,0
626.44,24
626.546,1
626.652,6
626.759,21
626.865,8
626.971,0
627.078,13
627.184,0
627.29,2
627.397,0
627.503,12
627.609,0
627.715,0
627.822,0
627.928,0
628.034,0
628.141,22
628.247,0
628.353,23
628.46,0
628.566,0
628.672,0
628.778,24
628.885,16
628.991,0
629.097,0
629.204,3
629.31,0
629.416,8
629.523,40
629.629,13
629.735,10
629.841,2
629.948,17
630.054,8
630.16,0
630.267,0
630.373,1
630.479,4
630.586,8
630.692,14
630.798,0
630.904,0
631.011,26
631.117,1
631.223,32
631.33,1
631.436,11
631.542,0
631.649,0
631.755,0
631.861,0
631.967,20
632.074,0
632.18,0
632.286,6
632.393,11
632.499,0
632.605,13
632.711,21
632.818,62
632.924,86
633.03,41
633.137,2
633.243,20
633.349,0
633.456,0
633.562,0
633.668,0
633.774,0
633.881,0
633.987,2
634.093,0
634.2,3
634.306,0
634.412,30
634.518,18
634.625,0
634.731,12
634.837,30
634.944,0
635.05,0
635.156,0
635.262,0
635.369,8
635.475,0
635.581,25
635.688,0
635.794,8
635.9,32
636.006,0
636.113,0
636.219,30
636.325,26
636.432,13
636.538,0
636.644,12
636.75,9
636.857,0
636.963,0
637.069,6
637.176,0
637.282,22
637.388,26
637.494,11
637.601,14
637.707,25
637.813,0
637.92,0
638.026,4
638.132,0
638.238,5
638.345,0
638.451,0
638.557,0
638.663,29
638.77,0
638.876,7
638.982,0
639.089,0
639.195,23
639.301,0
639.407,0
639.514,14
639.62,2
639.726,15
639.833,0
639.939,1
640.045,14
640.151,5
640.258,0
640.364,12
640.47,15
640.576,27
640.683,12
640.789,0
640.895,25
641.002,26
641.108,0
641.214,28
641.32,20
641.427,0
641.533,0
641.639,0
641.745,5
641.852,21
641.958,21
642.064,0
642.171,13
642.277,0
642.383,0
642.489,16
642.596,0
642.702,16
642.808,0
642.914,29
643.021,13
643.127,0
643.233,0
643.339,0
643.446,0
643.552,12
643.658,3
643.765,2
643.871,0
643.977,7
644.083,19
644.19,2
644.296,10
644.402,21
644.508,0
644.615,0
644.721,32
644.827,0
644.933,12
645.04,24
645.146,39
645.252,1
645.358,0
645.465,0
645.571,9
645.677,0
645.784,7
645.89,23
645.996,26
646.102,4
646.209,3
646.315,0
646.421,0
646.527,0
646.634,0
646.74,0
646.846,47
646.952,50
647.059,0
647.165,14
647.271,0
647.377,12
647.484,14
647.59,3
647.696,13
647.802,23
647.909,0
648.015,2
648.121,0
648.227,0
648.334,0
648.44,0
648.546,0
648.652,11
648.759,4
648.865,0
648.971,10
649.077,32
649.184,0
649.29,0
649.396,1
649.502,4
649.609,0
649.715,10
649.821,6
649.927,0
650.034,2
650.14,0
650.246,9
650.352,17
650.459,0
650.565,10
650.671,104
650.777,33
650.884,0
650.99,0
651.096,0
651.202,0
651.309,0
651.415,7
651.521,11
651.627,0
651.734,25
651.84,6
651.946,19
652.052,73
652.159,19
652.265,0
652.371,0
652.477,6
652.584,0
652.69,8
652.796,62
652.902,43
653.009,0
653.115,48
653.221,141
653.327,94
653.434,25
653.54,0
653.646,15
653.752,17
653.858,0
653.965,14
654.071,6
654.177,5
654.283,0
654.39,0
654.496,0
654.602,15
654.708,12
654.815,0
654.921,0
655.027,0
655.133,16
655.24,32
655.346,12
655.452,0
655.558,0
655.665,14
655.771,7
655.877,0
655.983,12
656.089,8
656.196,3
656.302,5
656.408,14
656.514,0
656.621,2
656.727,16
656.833,5
656.939,7
657.046,0
657.152,5
657.258,0
657.364,0
657.47,37
657.577,0
657.683,0
657.789,13
657.895,33
658.002,8
658.108,14
658.214,0
658.32,2
658.427,9
658.533,26
658.639,0
658.745,15
658.851,0
658.958,9
659.064,15
659.17,73
659.276,49
659.383,36
659.489,0
659.595,2
659.701,0
659.807,0
659.914,98
660.02,96
660.126,40
660.232,0
660.339,0
660.445,73
660.551,99
660.657,69
660.763,30
660.87,2
660.976,0
661.082,11
661.188,44
661.295,44
661.401,39
661.507,25
661.613,0
661.719,12
661.826,30
661.932,21
662.038,4
662.144,31
662.251,18
662.357,4
662.463,14
662.569,0
662.675,1
662.782,0
662.888,16
662.994,3
663.1,0
663.206,35
663.313,0
663.419,0
663.525,24
663.631,16
663.738,0
663.844,0
663.95,2
664.056,0
664.162,8
664.269,17
664.375,41
664.481,0
664.587,0
664.693,8
664.8,3
664.906,39
665.012,0
665.118,22
665.225,0
665.331,48
665.437,82
665.543,126
665.649,81
665.756,44
665.862,13
665.968,0
666.074,0
666.18,29
666.287,118
666.393,85
666.499,18
666.605,0
666.711,13
666.818,17
666.924,14
667.03,0
667.136,0
667.242,26
667.349,0
667.455,0
667.561,0
667.667,0
667.773,6
667.88,43
667.986,49
668.092,78
668.198,43
668.304,20
668.411,7
668.517,0
668.623,6
668.729,2
668.835,12
668.942,12
669.048,0
669.154,6
669.26,39
669.366,130
669.473,126
669.579,80
669.685,2
669.791,0
669.897,0
670.004,45
670.11,31
670.216,30
670.322,4
670.428,0
670.535,0
670.641,2
670.747,0
670.853,0
670.959,0
671.066,3
671.172,18
671.278,0
671.384,0
671.49,41
671.597,34
671.703,30
671.809,12
671.915,7
672.021,0
672.128,0
672.234,0
672.34,9
672.446,38
672.552,19
672.658,14
672.765,0
672.871,12
672.977,0
673.083,0
673.189,0
673.296,32
673.402,14
673.508,6
673.614,0
673.72,1
673.827,26
673.933,0
674.039,0
674.145,0
674.251,0
674.357,0
674.464,0
674.57,0
674.676,21
674.782,0
674.888,53
674.995,36
675.101,32
675.207,0
675.313,17
675.419,0
675.526,0
675.632,0
675.738,0
675.844,23
675.95,0
676.056,0
676.163,33
676.269,0
676.375,21
676.481,6
676.587,0
676.693,3
676.8,10
676.906,26
677.012,0
677.118,0
677.224,2
677.331,0
677.437,11
677.543,18
677.649,11
677.755,0
677.861,25
677.968,39
678.074,22
678.18,69
678.286,56
678.392,36
678.498,0
678.605,0
678.711,6
678.817,37
678.923,0
679.029,0
679.136,0
679.242,0
679.348,23
679.454,6
679.56,4
679.666,7
679.773,23
679.879,0
679.985,0
680.091,0
680.197,0
680.303,0
680.41,0
680.516,4
680.622,0
680.728,0
680.834,0
680.94,0
681.047,16
681.153,0
681.259,0
681.365,11
681.471,21
681.577,14
681.684,6
681.79,0
681.896,38
682.002,20
682.108,21
682.214,40
682.321,7
682.427,11
682.533,22
682.639,8
682.745,0
682.851,5
682.958,0
683.064,0
683.17,0
683.276,0
683.382,0
683.488,0
683.595,0
683.701,0
683.807,2
683.913,23
684.019,129
684.125,77
684.231,20
684.338,17
684.444,0
684.55,8
684.656,0
684.762,21
684.868,0
684.975,0
685.081,9
685.187,0
685.293,0
685.399,0
685.505,0
685.611,25
685.718,7
685.824,0
685.93,12
686.036,3
686.142,0
686.248,0
686.355,0
686.461,0
686.567,6
686.673,0
686.779,0
686.885,88
686.991,127
687.098,70
687.204,8
687.31,6
687.416,0
687.522,0
687.628,0
687.735,13
687.841,13
687.947,0
688.053,28
688.159,1
688.265,0
688.371,14
688.478,0
688.584,0
688.69,7
688.796,2
688.902,2
689.008,35
689.114,0
689.221,0
689.327,3
689.433,0
689.539,19
689.645,0
689.751,0
689.857,13
689.964,5
690.07,0
690.176,0
690.282,0
690.388,0
690.494,0
690.6,0
690.707,16
690.813,0
690.919,21
691.025,16
691.131,4
691.237,0
691.343,13
691.45,8
691.556,14
691.662,0
691.768,0
691.874,0
691.98,13
692.086,0
692.193,0
692.299,0
692.405,13
692.511,23
692.617,5
692.723,0
692.829,0
692.935,15
693.042,3
693.148,0
693.254,0
693.36,12
693.466,6
693.572,0
693.678,21
693.785,2
693.891,12
693.997,28
694.103,16
694.209,0
694.315,0
694.421,0
694.527,0
694.634,20
694.74,14
694.846,11
694.952,0
695.058,5
695.164,12
695.27,0
695.376,0
695.483,0
695.589,0
695.695,0
695.801,21
695.907,14
696.013,21
696.119,11
696.225,9
696.332,0
696.438,12
696.544,0
696.65,0
696.756,16
696.862,29
696.968,0
697.074,0
697.181,3
697.287,13
697.393,0
697.499,3
697.605,24
697.711,17
697.817,0
697.923,0
698.03,17
698.136,0
698.242,0
698.348,21
698.454,5
698.56,0
698.666,10
698.772,36
698.879,2
698.985,0
699.091,0
699.197,0
699.303,0
699.409,0
699.515,0
