59.6745,0
59.7814,0
59.8883,43
59.9952,19
60.1021,7
60.209,0
60.3159,19
60.4228,0
60.5296,18
60.6365,20
60.7434,0
60.8503,26
60.9572,25
61.0641,17
61.171,27
61.2779,17
61.3848,0
61.4917,3
61.5986,0
61.7055,5
61.8124,29
61.9193,4
62.0261,20
62.133,22
62.2399,0
62.3468,6
62.4537,30
62.5606,6
62.6675,0
62.7744,9
62.8813,14
62.9882,6
63.0951,13
63.202,20
63.3089,21
63.4158,10
63.5226,0
63.6295,0
63.7364,1
63.8433,12
63.9502,0
64.0571,34
64.164,5
64.2709,10
64.3778,14
64.4847,26
64.5916,0
64.6985,18
64.8054,4
64.9123,0
65.0192,4
65.1261,6
65.2329,18
65.3398,0
65.4467,16
65.5536,0
65.6605,21
65.7674,0
65.8743,9
65.9812,0
66.0881,1
66.195,21
66.3019,25
66.4088,0
66.5157,2
66.6226,0
66.7295,0
66.8364,0
66.9433,28
67.0502,20
67.157,0
67.2639,0
67.3708,24
67.4777,28
67.5846,0
67.6915,17
67.7984,0
67.9053,2
68.0122,0
68.1191,25
68.226,0
68.3329,0
68.4398,9
68.5467,16
68.6536,0
68.7605,18
68.8674,5
68.9743,11
69.0812,0
69.1881,14
69.295,40
69.4018,28
69.5087,19
69.6156,9
69.7225,0
69.8294,0
69.9363,21
70.0432,7
70.1501,0
70.257,0
70.3639,0
70.4708,0
70.5777,32
70.6846,25
70.7915,23
70.8984,0
71.0053,7
71.1122,20
71.2191,2
71.326,13
71.4329,20
71.5398,0
71.6467,0
71.7536,7
71.8605,10
71.9674,0
72.0742,5
72.1811,22
72.288,22
72.3949,17
72.5018,0
72.6087,4
72.7156,2
72.8225,7
72.9294,2
73.0363,13
73.1432,13
73.2501,16
73.357,8
73.4639,5
73.5708,0
73.6777,0
73.7846,4
73.8915,23
73.9984,0
74.1053,19
74.2122,6
74.3191,20
74.426,0
74.5329,17
74.6398,10
74.7467,5
74.8536,32
74.9605,18
75.0674,1
75.1743,7
75.2812,2
75.3881,14
75.495,2
75.6019,22
75.7088,0
75.8157,8
75.9225,10
76.0294,23
76.1363,12
76.2432,8
76.3501,0
76.457,15
76.5639,3
76.6708,8
76.7777,0
76.8846,0
76.9915,30
77.0984,9
77.2053,0
77.3122,0
77.4191,23
77.526,21
77.6329,44
77.7398,24
77.8467,21
77.9536,15
78.0605,0
78.1674,0
78.2743,0
78.3812,0
78.4881,4
78.595,2
78.7019,2
78.8088,0
78.9157,6
79.0226,4
79.1295,18
79.2364,22
79.3433,11
79.4502,0
79.5571,0
79.664,0
79.7709,27
79.8778,0
79.9847,0
80.0916,0
80.1985,13
80.3054,29
80.4123,8
80.5192,0
80.6261,2
80.733,15
80.8399,14
80.9468,12
81.0537,0
81.1606,0
81.2675,52
81.3744,38
81.4813,8
81.5882,0
81.6951,0
81.802,10
81.9089,0
82.0158,22
82.1227,11
82.2296,24
82.3365,14
82.4434,0
82.5503,0
82.6572,35
82.7641,12
82.871,0
82.9779,0
83.0848,17
83.1917,0
83.2986,0
83.4055,0
83.5124,30
83.6193,9
83.7262,0
83.8331,0
83.94,22
84.0469,0
84.1538,10
84.2607,0
84.3676,24
84.4745,0
84.5814,26
84.6883,23
84.7952,5
84.9021,11
85.009,20
85.1159,15
85.2228,0
85.3297,0
85.4366,13
85.5435,0
85.6504,14
85.7573,0
85.8642,19
85.9711,0
86.078,10
86.1849,7
86.2918,0
86.3987,0
86.5056,15
86.6125,0
86.7194,0
86.8263,20
86.9332,0
87.0401,0
87.147,0
87.2539,8
87.3608,30
87.4677,13
87.5746,11
87.6815,0
87.7884,7
87.8953,0
88.0022,0
88.1091,0
88.216,0
88.3229,22
88.4298,10
88.5367,8
88.6436,0
88.7505,37
88.8574,0
88.9643,18
89.0712,6
89.1781,0
89.285,28
89.3919,26
89.4988,0
89.6057,0
89.7126,2
89.8195,29
89.9264,3
90.0334,2
90.1403,0
90.2472,31
90.3541,10
90.461,0
90.5679,1
90.6748,18
90.7817,16
90.8886,14
90.9955,1
91.1024,18
91.2093,0
91.3162,0
91.4231,0
91.53,0
91.6369,0
91.7438,0
91.8507,0
91.9576,39
92.0645,56
92.1714,2
92.2783,0
92.3852,9
92.4921,0
92.599,21
92.7059,0
92.8128,7
92.9197,2
93.0266,0
93.1335,0
93.2404,3
93.3473,32
93.4542,0
93.5611,32
93.668,11
93.7749,15
93.8818,10
93.9887,0
94.0956,0
94.2025,8
94.3095,0
94.4164,22
94.5233,6
94.6302,6
94.7371,4
94.844,25
94.9509,0
95.0578,0
95.1647,4
95.2716,30
95.3785,0
95.4854,0
95.5923,21
95.6992,34
95.8061,0
95.913,0
96.0199,3
96.1268,2
96.2337,0
96.3406,0
96.4475,6
96.5544,33
96.6613,44
96.7682,14
96.8751,3
96.982,9
97.0889,25
97.1958,0
97.3027,18
97.4097,5
97.5166,2
97.6235,7
97.7304,0
97.8373,0
97.9442,19
98.0511,0
98.158,0
98.2649,14
98.3718,9
98.4787,5
98.5856,19
98.6925,18
98.7994,39
98.9063,10
99.0132,0
99.1201,8
99.227,26
99.3339,21
99.4408,0
99.5477,0
99.6546,6
99.7615,24
99.8684,0
99.9753,0
100.082,13
100.189,0
100.296,0
100.403,0
100.51,7
100.617,0
100.724,0
100.831,7
100.937,0
101.044,0
101.151,6
101.258,14
101.365,0
101.472,0
101.579,10
101.686,6
101.793,13
101.9,12
102.007,5
102.113,4
102.22,2
102.327,5
102.434,0
102.541,0
102.648,35
102.755,54
102.862,0
102.969,0
103.076,0
103.182,16
103.289,17
103.396,1
103.503,18
103.61,0
103.717,2
103.824,0
103.931,25
104.038,5
104.145,0
104.252,0
104.358,24
104.465,4
104.572,4
104.679,0
104.786,0
104.893,25
105,6
105.107,4
105.214,0
105.321,12
105.427,6
105.534,0
105.641,23
105.748,2
105.855,1
105.962,0
106.069,0
106.176,11
106.283,0
106.39,0
106.497,15
106.603,2
106.71,0
106.817,1
106.924,38
107.031,0
107.138,0
107.245,9
107.352,2
107.459,4
107.566,18
107.673,0
107.779,0
107.886,3
107.993,0
108.1,0
108.207,16
108.314,0
108.421,15
108.528,10
108.635,0
108.742,0
108.848,0
108.955,6
109.062,29
109.169,10
109.276,0
109.383,11
109.49,2
109.597,2
109.704,0
109.811,25
109.918,21
110.024,4
110.131,18
110.238,11
110.345,0
110.452,4
110.559,11
110.666,0
110.773,18
110.88,0
110.987,0
111.094,0
111.2,23
111.307,3
111.414,0
111.521,34
111.628,33
111.735,17
111.842,15
111.949,16
112.056,4
112.163,9
112.269,2
112.376,2
112.483,0
112.59,3
112.697,0
112.804,0
112.911,0
113.018,0
113.125,0
113.232,10
113.339,73
113.445,38
113.552,0
113.659,0
113.766,12
113.873,0
113.98,1
114.087,0
114.194,0
114.301,0
114.408,22
114.515,0
114.621,6
114.728,10
114.835,0
114.942,1
115.049,17
115.156,22
115.263,0
115.37,0
115.477,0
115.584,15
115.69,14
115.797,5
115.904,10
116.011,17
116.118,0
116.225,8
116.332,11
116.439,11
116.546,2
116.653,0
116.76,29
116.866,10
116.973,0
117.08,0
117.187,20
117.294,8
117.401,0
117.508,0
117.615,16
117.722,0
117.829,26
117.936,8
118.042,10
118.149,0
118.256,0
118.363,0
118.47,9
118.577,17
118.684,8
118.791,18
118.898,11
119.005,22
119.112,10
119.218,0
119.325,25
119.432,13
119.539,0
119.646,0
119.753,29
119.86,0
119.967,0
120.074,10
120.181,0
120.287,0
120.394,5
120.501,0
120.608,16
120.715,10
120.822,0
120.929,8
121.036,13
121.143,11
121.25,6
121.357,0
121.463,23
121.57,4
121.677,4
121.784,0
121.891,0
121.998,16
122.105,0
122.212,0
122.319,0
122.426,0
122.533,15
122.639,0
122.746,3
122.853,8
122.96,14
123.067,5
123.174,0
123.281,0
123.388,11
123.495,0
123.602,12
123.709,6
123.815,0
123.922,0
124.029,22
124.136,41
124.243,17
124.35,1
124.457,0
124.564,0
124.671,10
124.778,39
124.885,10
124.991,3
125.098,0
125.205,0
125.312,7
125.419,5
125.526,0
125.633,16
125.74,0
125.847,0
125.954,11
126.061,0
126.167,0
126.274,10
126.381,0
126.488,16
126.595,38
126.702,4
126.809,20
126.916,0
127.023,0
127.13,0
127.236,9
127.343,10
127.45,30
127.557,14
127.664,0
127.771,36
127.878,10
127.985,14
128.092,0
128.199,21
128.306,0
128.412,18
128.519,0
128.626,1
128.733,5
128.84,13
128.947,16
129.054,26
129.161,0
129.268,6
129.375,39
129.482,18
129.588,19
129.695,36
129.802,26
129.909,0
130.016,22
130.123,34
130.23,4
130.337,0
130.444,15
130.551,0
130.658,9
130.764,0
130.871,0
130.978,0
131.085,64
131.192,16
131.299,0
131.406,0
131.513,23
131.62,0
131.727,0
131.834,0
131.94,5
132.047,21
132.154,22
132.261,33
132.368,1
132.475,0
132.582,0
132.689,0
132.796,7
132.903,0
133.01,0
133.116,0
133.223,14
133.33,4
133.437,8
133.544,14
133.651,18
133.758,8
133.865,10
133.972,1
134.079,5
134.186,12
134.292,0
134.399,0
134.506,20
134.613,0
134.72,43
134.827,6
134.934,0
135.041,0
135.148,22
135.255,0
135.362,14
135.468,0
135.575,0
135.682,6
135.789,4
135.896,1
136.003,8
136.11,38
136.217,20
136.324,0
136.431,0
136.538,0
136.644,7
136.751,7
136.858,0
136.965,4
137.072,11
137.179,26
137.286,0
137.393,0
137.5,4
137.607,0
137.714,6
137.82,17
137.927,15
138.034,0
138.141,0
138.248,0
138.355,13
138.462,0
138.569,6
138.676,0
138.783,34
138.89,13
138.996,0
139.103,23
139.21,0
139.317,6
139.424,2
139.531,0
139.638,0
139.745,0
139.852,8
139.959,2
140.065,0
140.172,0
140.279,0
140.386,0
140.493,0
140.6,0
140.707,9
140.814,6
140.921,9
141.028,11
141.135,24
141.241,25
141.348,0
141.455,0
141.562,0
141.669,12
141.776,0
141.883,0
141.99,4
142.097,0
142.204,6
142.311,17
142.417,5
142.524,0
142.631,31
142.738,17
142.845,0
142.952,0
143.059,28
143.166,11
143.273,4
143.38,28
143.487,5
143.593,5
143.7,0
143.807,6
143.914,6
144.021,0
144.128,16
144.235,0
144.342,0
144.449,0
144.556,2
144.663,4
144.769,22
144.876,0
144.983,3
145.09,10
145.197,0
145.304,0
145.411,43
145.518,4
145.625,11
145.732,0
145.839,0
145.945,0
146.052,8
146.159,4
146.266,3
146.373,6
146.48,5
146.587,3
146.694,12
146.801,0
146.908,0
147.015,0
147.121,32
147.228,12
147.335,0
147.442,0
147.549,32
147.656,41
147.763,10
147.87,16
147.977,2
148.084,0
148.191,19
148.297,0
148.404,0
148.511,44
148.618,67
148.725,29
148.832,11
148.939,14
149.046,0
149.153,0
149.26,3
149.367,11
149.473,2
149.58,20
149.687,4
149.794,0
149.901,14
150.008,0
150.115,0
150.222,0
150.329,22
150.436,20
150.543,10
150.649,0
150.756,18
150.863,21
150.97,21
151.077,2
151.184,0
151.291,7
151.398,16
151.505,17
151.612,0
151.719,31
151.825,0
151.932,0
152.039,0
152.146,0
152.253,12
152.36,9
152.467,0
152.574,0
152.681,0
152.788,0
152.894,25
153.001,10
153.108,0
153.215,0
153.322,0
153.429,26
153.536,17
153.643,0
153.75,0
153.857,18
153.964,0
154.07,2
154.177,7
154.284,23
154.391,1
154.498,0
154.605,1
154.712,7
154.819,0
154.926,0
155.033,7
155.14,0
155.246,2
155.353,0
155.46,14
155.567,15
155.674,0
155.781,0
155.888,0
155.995,0
156.102,9
156.209,16
156.316,15
156.422,0
156.529,0
156.636,6
156.743,25
156.85,0
156.957,0
157.064,0
157.171,0
157.278,1
157.385,6
157.492,0
157.598,0
157.705,38
157.812,15
157.919,8
158.026,0
158.133,0
158.24,29
158.347,0
158.454,0
158.561,18
158.668,25
158.774,0
158.881,13
158.988,25
159.095,8
159.202,6
159.309,0
159.416,0
159.523,0
159.63,0
159.737,0
159.844,0
159.95,0
160.057,11
160.164,3
160.271,0
160.378,11
160.485,21
160.592,15
160.699,0
160.806,19
160.913,0
161.019,0
161.126,4
161.233,28
161.34,0
161.447,17
161.554,19
161.661,0
161.768,4
161.875,17
161.982,0
162.089,0
162.195,28
162.302,0
162.409,0
162.516,0
162.623,0
162.73,26
162.837,0
162.944,16
163.051,24
163.158,12
163.265,0
163.371,0
163.478,21
163.585,0
163.692,0
163.799,15
163.906,25
164.013,4
164.12,14
164.227,0
164.334,0
164.441,0
164.547,0
164.654,0
164.761,0
164.868,0
164.975,8
165.082,18
165.189,0
165.296,0
165.403,15
165.51,0
165.616,20
165.723,0
165.83,22
165.937,0
166.044,0
166.151,0
166.258,0
166.365,0
166.472,11
166.579,0
166.686,0
166.792,24
166.899,47
167.006,4
167.113,0
167.22,10
167.327,0
167.434,0
167.541,1
167.648,0
167.755,10
167.862,26
167.968,0
168.075,0
168.182,16
168.289,0
168.396,8
168.503,24
168.61,0
168.717,14
168.824,21
168.931,0
169.037,7
169.144,29
169.251,0
169.358,1
169.465,8
169.572,8
169.679,3
169.786,22
169.893,0
170,24
170.107,0
170.213,10
170.32,0
170.427,0
170.534,32
170.641,10
170.748,6
170.855,11
170.962,29
171.069,13
171.176,1
171.283,0
171.389,0
171.496,0
171.603,28
171.71,0
171.817,13
171.924,7
172.031,11
172.138,0
172.245,27
172.352,20
172.458,12
172.565,0
172.672,0
172.779,3
172.886,0
172.993,0
173.1,11
173.207,13
173.314,0
173.421,5
173.528,2
173.634,9
173.741,0
173.848,8
173.955,16
174.062,0
174.169,0
174.276,2
174.383,12
174.49,18
174.597,0
174.704,6
174.81,12
174.917,11
175.024,1
175.131,0
175.238,11
175.345,4
175.452,0
175.559,0
175.666,7
175.773,0
175.879,0
175.986,0
176.093,0
176.2,12
176.307,0
176.414,0
176.521,15
176.628,19
176.735,0
176.842,17
176.949,7
177.055,17
177.162,0
177.269,0
177.376,0
177.483,36
177.59,13
177.697,0
177.804,0
177.911,0
178.018,0
178.124,0
178.231,20
178.338,20
178.445,74
178.552,34
178.659,24
178.766,8
178.873,0
178.98,0
179.087,0
179.194,7
179.3,0
179.407,0
179.514,34
179.621,28
179.728,20
179.835,0
179.942,16
180.049,4
180.156,0
180.263,15
180.369,0
180.476,11
180.583,0
180.69,11
180.797,0
180.904,0
181.011,0
181.118,0
181.225,22
181.332,13
181.439,0
181.545,5
181.652,15
181.759,0
181.866,17
181.973,3
182.08,1
182.187,30
182.294,0
182.401,1
182.508,13
182.614,0
182.721,0
182.828,0
182.935,0
183.042,20
183.149,0
183.256,0
183.363,0
183.47,13
183.577,7
183.683,0
183.79,0
183.897,22
184.004,2
184.111,0
184.218,15
184.325,2
184.432,13
184.539,38
184.646,0
184.753,5
184.859,0
184.966,0
185.073,0
185.18,16
185.287,0
185.394,7
185.501,0
185.608,0
185.715,0
185.822,11
185.928,14
186.035,0
186.142,0
186.249,30
186.356,9
186.463,0
186.57,0
186.677,0
186.784,0
186.891,3
186.997,19
187.104,0
187.211,0
187.318,15
187.425,10
187.532,0
187.639,0
187.746,0
187.853,0
187.96,0
188.067,0
188.173,43
188.28,41
188.387,0
188.494,0
188.601,0
188.708,0
188.815,0
188.922,0
189.029,0
189.136,0
189.242,0
189.349,15
189.456,6
189.563,0
189.67,17
189.777,15
189.884,2
189.991,6
190.098,31
190.205,0
190.311,0
190.418,0
190.525,8
190.632,0
190.739,0
190.846,8
190.953,0
191.06,17
191.167,0
191.274,3
191.38,8
191.487,0
191.594,0
191.701,18
191.808,0
191.915,13
192.022,0
192.129,7
192.236,36
192.343,2
192.45,21
192.556,0
192.663,0
192.77,0
192.877,5
192.984,8
193.091,4
193.198,0
193.305,0
193.412,15
193.519,2
193.625,0
193.732,0
193.839,16
193.946,0
194.053,0
194.16,0
194.267,2
194.374,12
194.481,5
194.588,17
194.694,11
194.801,10
194.908,4
195.015,11
195.122,0
195.229,0
195.336,3
195.443,2
195.55,10
195.657,0
195.763,0
195.87,33
195.977,3
196.084,16
196.191,18
196.298,26
196.405,0
196.512,21
196.619,0
196.726,19
196.832,0
196.939,21
197.046,8
197.153,0
197.26,0
197.367,5
197.474,0
197.581,0
197.688,4
197.795,0
197.901,0
198.008,0
198.115,0
198.222,2
198.329,4
198.436,0
198.543,0
198.65,0
198.757,0
198.864,21
198.97,34
199.077,0
199.184,0
199.291,0
199.398,0
199.505,5
199.612,10
199.719,4
199.826,0
199.933,0
200.039,5
200.146,4
200.253,0
200.36,0
200.467,0
200.574,0
200.681,8
200.788,0
200.895,4
201.002,0
201.108,8
201.215,0
201.322,5
201.429,0
201.536,0
201.643,3
201.75,0
201.857,5
201.964,0
202.071,1
202.177,18
202.284,0
202.391,0
202.498,0
202.605,29
202.712,18
202.819,0
202.926,0
203.033,10
203.14,0
203.246,19
203.353,15
203.46,8
203.567,0
203.674,0
203.781,13
203.888,20
203.995,0
204.102,0
204.208,0
204.315,0
204.422,0
204.529,0
204.636,0
204.743,0
204.85,0
204.957,26
205.064,0
205.171,10
205.277,0
205.384,0
205.491,0
205.598,13
205.705,3
205.812,22
205.919,16
206.026,2
206.133,20
206.24,0
206.346,3
206.453,0
206.56,0
206.667,0
206.774,1
206.881,0
206.988,13
207.095,0
207.202,0
207.309,16
207.415,15
207.522,1
207.629,0
207.736,13
207.843,6
207.95,26
208.057,11
208.164,0
208.271,0
208.377,19
208.484,0
208.591,0
208.698,8
208.805,12
208.912,4
209.019,0
209.126,29
209.233,0
209.34,0
209.446,0
209.553,29
209.66,40
209.767,0
209.874,0
209.981,0
210.088,0
210.195,0
210.302,11
210.409,0
210.515,0
210.622,0
210.729,5
210.836,8
210.943,0
211.05,8
211.157,18
211.264,0
211.371,0
211.477,15
211.584,1
211.691,9
211.798,8
211.905,13
212.012,0
212.119,20
212.226,0
212.333,13
212.44,0
212.546,11
212.653,5
212.76,6
212.867,0
212.974,6
213.081,14
213.188,18
213.295,7
213.402,0
213.508,7
213.615,0
213.722,0
213.829,27
213.936,28
214.043,38
214.15,59
214.257,13
214.364,0
214.471,0
214.577,18
214.684,28
214.791,0
214.898,0
215.005,13
215.112,7
215.219,0
215.326,0
215.433,17
215.539,5
215.646,2
215.753,1
215.86,22
215.967,2
216.074,0
216.181,6
216.288,8
216.395,0
216.502,30
216.608,17
216.715,0
216.822,0
216.929,0
217.036,26
217.143,15
217.25,0
217.357,0
217.464,25
217.57,10
217.677,0
217.784,8
217.891,0
217.998,0
218.105,9
218.212,0
218.319,0
218.426,0
218.532,0
218.639,10
218.746,6
218.853,8
218.96,6
219.067,10
219.174,31
219.281,12
219.388,16
219.495,26
219.601,0
219.708,1
219.815,6
219.922,7
220.029,0
220.136,3
220.243,18
220.35,43
220.457,11
220.563,4
220.67,0
220.777,0
220.884,11
220.991,0
221.098,0
221.205,0
221.312,21
221.419,0
221.525,0
221.632,10
221.739,6
221.846,0
221.953,0
222.06,15
222.167,32
222.274,5
222.381,0
222.488,1
222.594,0
222.701,5
222.808,27
222.915,10
223.022,0
223.129,0
223.236,8
223.343,0
223.45,0
223.556,0
223.663,0
223.77,3
223.877,0
223.984,24
224.091,13
224.198,0
224.305,4
224.412,10
224.518,10
224.625,0
224.732,24
224.839,20
224.946,4
225.053,0
225.16,8
225.267,15
225.374,2
225.48,5
225.587,20
225.694,22
225.801,21
225.908,0
226.015,33
226.122,0
226.229,0
226.336,5
226.442,13
226.549,2
226.656,11
226.763,28
226.87,6
226.977,9
227.084,8
227.191,9
227.298,0
227.404,0
227.511,14
227.618,12
227.725,0
227.832,0
227.939,0
228.046,18
228.153,0
228.26,24
228.366,0
228.473,5
228.58,15
228.687,25
228.794,2
228.901,6
229.008,13
229.115,0
229.222,0
229.328,0
229.435,13
229.542,4
229.649,0
229.756,5
229.863,0
229.97,7
230.077,0
230.184,7
230.29,1
230.397,1
230.504,0
230.611,0
230.718,0
230.825,0
230.932,30
231.039,10
231.146,0
231.252,4
231.359,0
231.466,0
231.573,22
231.68,3
231.787,18
231.894,9
232.001,12
232.108,0
232.214,4
232.321,0
232.428,0
232.535,5
232.642,19
232.749,0
232.856,24
232.963,0
233.07,9
233.176,0
233.283,0
233.39,0
233.497,8
233.604,0
233.711,7
233.818,14
233.925,3
234.031,8
234.138,0
234.245,26
234.352,0
234.459,8
234.566,0
234.673,9
234.78,0
234.887,5
234.993,21
235.1,44
235.207,0
235.314,0
235.421,0
235.528,13
235.635,2
235.742,11
235.849,0
235.955,0
236.062,0
236.169,5
236.276,0
236.383,0
236.49,0
236.597,8
236.704,8
236.81,11
236.917,1
237.024,25
237.131,0
237.238,17
237.345,0
237.452,0
237.559,7
237.666,0
237.772,0
237.879,22
237.986,0
238.093,0
238.2,15
238.307,17
238.414,0
238.521,30
238.628,0
238.734,0
238.841,0
238.948,0
239.055,0
239.162,4
239.269,8
239.376,8
239.483,15
239.589,6
239.696,8
239.803,15
239.91,1
240.017,0
240.124,0
240.231,35
240.338,0
240.445,0
240.551,10
240.658,10
240.765,26
240.872,0
240.979,0
241.086,6
241.193,0
241.3,0
241.406,0
241.513,0
241.62,41
241.727,18
241.834,0
241.941,0
242.048,4
242.155,0
242.262,0
242.368,15
242.475,0
242.582,0
242.689,6
242.796,6
242.903,0
243.01,0
243.117,21
243.223,22
243.33,24
243.437,12
243.544,0
243.651,1
243.758,0
243.865,0
243.972,10
244.079,32
244.185,6
244.292,17
244.399,0
244.506,11
244.613,17
244.72,0
244.827,4
244.934,0
245.04,7
245.147,30
245.254,2
245.361,0
245.468,28
245.575,0
245.682,0
245.789,26
245.896,17
246.002,0
246.109,0
246.216,11
246.323,34
246.43,0
246.537,4
246.644,10
246.751,23
246.857,1
246.964,0
247.071,19
247.178,5
247.285,9
247.392,13
247.499,13
247.606,0
247.712,0
247.819,0
247.926,8
248.033,0
248.14,0
248.247,7
248.354,4
248.461,23
248.567,0
248.674,23
248.781,0
248.888,0
248.995,0
249.102,7
249.209,0
249.316,3
249.423,29
249.529,0
249.636,20
249.743,20
249.85,0
249.957,13
250.064,0
250.171,2
250.278,0
250.384,8
250.491,3
250.598,0
250.705,0
250.812,2
250.919,0
251.026,8
251.133,0
251.239,0
251.346,16
251.453,0
251.56,0
251.667,2
251.774,1
251.881,0
251.988,23
252.094,0
252.201,0
252.308,26
252.415,11
252.522,0
252.629,0
252.736,0
252.843,0
252.949,2
253.056,0
253.163,8
253.27,21
253.377,8
253.484,7
253.591,34
253.698,2
253.804,0
253.911,13
254.018,2
254.125,0
254.232,1
254.339,18
254.446,2
254.553,0
254.659,19
254.766,33
254.873,16
254.98,12
255.087,0
255.194,9
255.301,9
255.408,3
255.514,0
255.621,0
255.728,0
255.835,6
255.942,0
256.049,0
256.156,0
256.263,32
256.369,2
256.476,30
256.583,0
256.69,4
256.797,0
256.904,0
257.011,6
257.118,0
257.224,17
257.331,0
257.438,15
257.545,28
257.652,6
257.759,1
257.866,31
257.973,14
258.079,0
258.186,19
258.293,21
258.4,0
258.507,9
258.614,0
258.721,0
258.828,0
258.934,18
259.041,8
259.148,0
259.255,13
259.362,0
259.469,0
259.576,10
259.683,2
259.789,13
259.896,1
260.003,4
260.11,18
260.217,15
260.324,22
260.431,0
260.537,0
260.644,0
260.751,28
260.858,10
260.965,1
261.072,4
261.179,0
261.286,0
261.392,4
261.499,0
261.606,17
261.713,11
261.82,0
261.927,5
262.034,25
262.141,29
262.247,0
262.354,0
262.461,0
262.568,15
262.675,3
262.782,0
262.889,0
262.996,53
263.102,53
263.209,0
263.316,0
263.423,0
263.53,8
263.637,0
263.744,16
263.85,0
263.957,0
264.064,0
264.171,3
264.278,10
264.385,0
264.492,0
264.599,0
264.705,10
264.812,2
264.919,9
265.026,0
265.133,2
265.24,9
265.347,11
265.454,8
265.56,3
265.667,0
265.774,0
265.881,0
265.988,35
266.095,22
266.202,0
266.308,0
266.415,43
266.522,23
266.629,0
266.736,7
266.843,14
266.95,0
267.057,14
267.163,19
267.27,0
267.377,0
267.484,33
267.591,9
267.698,0
267.805,0
267.911,7
268.018,14
268.125,25
268.232,13
268.339,0
268.446,0
268.553,41
268.66,16
268.766,0
268.873,15
268.98,0
269.087,0
269.194,0
269.301,5
269.408,0
269.514,23
269.621,25
269.728,0
269.835,5
269.942,13
270.049,0
270.156,12
270.263,17
270.369,0
270.476,4
270.583,0
270.69,11
270.797,10
270.904,8
271.011,0
271.117,0
271.224,33
271.331,0
271.438,0
271.545,0
271.652,5
271.759,23
271.866,14
271.972,13
272.079,4
272.186,30
272.293,10
272.4,0
272.507,0
272.614,0
272.72,10
272.827,16
272.934,0
273.041,38
273.148,13
273.255,37
273.362,28
273.468,0
273.575,0
273.682,37
273.789,31
273.896,0
274.003,0
274.11,5
274.217,29
274.323,29
274.43,19
274.537,7
274.644,7
274.751,2
274.858,0
274.965,0
275.071,0
275.178,6
275.285,27
275.392,0
275.499,3
275.606,0
275.713,0
275.819,35
275.926,20
276.033,1
276.14,22
276.247,15
276.354,6
276.461,0
276.567,14
276.674,14
276.781,15
276.888,0
276.995,3
277.102,5
277.209,0
277.315,0
277.422,0
277.529,13
277.636,11
277.743,4
277.85,4
277.957,30
278.064,0
278.17,0
278.277,10
278.384,4
278.491,0
278.598,4
278.705,16
278.812,0
278.918,0
279.025,0
279.132,0
279.239,24
279.346,2
279.453,0
279.56,15
279.666,0
279.773,0
279.88,0
279.987,15
280.094,0
280.201,0
280.308,7
280.414,0
280.521,4
280.628,3
280.735,48
280.842,61
280.949,39
281.056,0
281.162,11
281.269,13
281.376,0
281.483,20
281.59,7
281.697,0
281.804,12
281.91,0
282.017,2
282.124,33
282.231,21
282.338,8
282.445,21
282.552,0
282.658,0
282.765,5
282.872,26
282.979,9
283.086,0
283.193,16
283.3,23
283.406,13
283.513,0
283.62,0
283.727,3
283.834,23
283.941,36
284.048,0
284.154,0
284.261,0
284.368,46
284.475,22
284.582,0
284.689,0
284.796,11
284.902,0
285.009,0
285.116,0
285.223,0
285.33,0
285.437,15
285.544,0
285.65,0
285.757,12
285.864,28
285.971,0
286.078,25
286.185,14
286.292,8
286.398,18
286.505,0
286.612,11
286.719,0
286.826,18
286.933,26
287.039,5
287.146,0
287.253,24
287.36,21
287.467,4
287.574,0
287.681,23
287.787,0
287.894,17
288.001,20
288.108,26
288.215,14
288.322,1
288.429,0
288.535,1
288.642,7
288.749,10
288.856,15
288.963,7
289.07,0
289.177,35
289.283,16
289.39,26
289.497,8
289.604,0
289.711,0
289.818,0
289.924,0
290.031,24
290.138,2
290.245,10
290.352,15
290.459,0
290.566,6
290.672,0
290.779,16
290.886,0
290.993,0
291.1,7
291.207,0
291.314,18
291.42,0
291.527,0
291.634,8
291.741,15
291.848,17
291.955,6
292.062,13
292.168,26
292.275,0
292.382,19
292.489,0
292.596,36
292.703,8
292.809,1
292.916,7
293.023,0
293.13,5
293.237,6
293.344,21
293.451,0
293.557,5
293.664,36
293.771,0
293.878,0
293.985,1
294.092,29
294.198,0
294.305,11
294.412,22
294.519,0
294.626,0
294.733,8
294.84,0
294.946,0
295.053,28
295.16,0
295.267,0
295.374,0
295.481,19
295.588,19
295.694,0
295.801,0
295.908,26
296.015,0
296.122,0
296.229,0
296.335,0
296.442,2
296.549,8
296.656,0
296.763,3
296.87,2
296.977,5
297.083,25
297.19,15
297.297,15
297.404,0
297.511,3
297.618,32
297.724,37
297.831,0
297.938,15
298.045,6
298.152,17
298.259,12
298.365,0
298.472,0
298.579,28
298.686,7
298.793,16
298.9,7
299.007,11
299.113,21
299.22,21
299.327,0
299.434,17
299.541,21
299.648,22
299.754,15
299.861,0
299.968,0
300.075,17
300.182,4
300.289,7
300.396,1
300.502,0
300.609,7
300.716,47
300.823,89
300.93,72
301.037,46
301.143,0
301.25,0
301.357,0
301.464,15
301.571,18
301.678,28
301.784,27
301.891,15
301.998,23
302.105,6
302.212,0
302.319,0
302.426,25
302.532,0
302.639,11
302.746,6
302.853,0
302.96,0
303.067,26
303.173,26
303.28,0
303.387,3
303.494,23
303.601,0
303.708,25
303.814,3
303.921,24
304.028,12
304.135,4
304.242,0
304.349,30
304.456,20
304.562,0
304.669,15
304.776,30
304.883,0
304.99,0
305.097,19
305.203,26
305.31,0
305.417,36
305.524,1
305.631,0
305.738,39
305.844,23
305.951,0
306.058,0
306.165,6
306.272,18
306.379,0
306.485,4
306.592,0
306.699,8
306.806,17
306.913,0
307.02,28
307.126,14
307.233,0
307.34,0
307.447,8
307.554,10
307.661,24
307.767,0
307.874,0
307.981,0
308.088,21
308.195,14
308.302,0
308.409,12
308.515,27
308.622,33
308.729,29
308.836,0
308.943,14
309.05,4
309.156,0
309.263,26
309.37,22
309.477,15
309.584,0
309.691,9
309.797,28
309.904,0
310.011,19
310.118,10
310.225,0
310.332,0
310.438,15
310.545,16
310.652,0
310.759,4
310.866,7
310.973,18
311.079,0
311.186,13
311.293,1
311.4,0
311.507,0
311.614,0
311.72,16
311.827,6
311.934,18
312.041,0
312.148,2
312.255,0
312.361,18
312.468,17
312.575,0
312.682,0
312.789,0
312.896,0
313.002,12
313.109,3
313.216,5
313.323,21
313.43,0
313.537,29
313.643,1
313.75,0
313.857,9
313.964,0
314.071,6
314.178,0
314.284,0
314.391,3
314.498,0
314.605,0
314.712,14
314.819,15
314.925,0
315.032,0
315.139,0
315.246,0
315.353,12
315.46,0
315.566,7
315.673,8
315.78,0
315.887,9
315.994,8
316.1,8
316.207,0
316.314,0
316.421,52
316.528,25
316.635,18
316.741,0
316.848,16
316.955,0
317.062,0
317.169,0
317.276,0
317.382,12
317.489,0
317.596,23
317.703,26
317.81,2
317.917,0
318.023,0
318.13,7
318.237,9
318.344,0
318.451,8
318.558,18
318.664,2
318.771,4
318.878,29
318.985,0
319.092,6
319.199,0
319.305,0
319.412,0
319.519,20
319.626,24
319.733,0
319.839,8
319.946,0
320.053,45
320.16,0
320.267,0
320.374,0
320.48,1
320.587,0
320.694,0
320.801,29
320.908,0
321.015,4
321.121,14
321.228,6
321.335,2
321.442,24
321.549,18
321.655,0
321.762,12
321.869,46
321.976,18
322.083,34
322.19,60
322.296,2
322.403,4
322.51,20
322.617,13
322.724,6
322.831,0
322.937,11
323.044,5
323.151,11
323.258,5
323.365,0
323.472,20
323.578,0
323.685,0
323.792,0
323.899,0
324.006,14
324.112,16
324.219,8
324.326,14
324.433,7
324.54,5
324.647,0
324.753,21
324.86,4
324.967,14
325.074,0
325.181,14
325.287,1
325.394,0
325.501,8
325.608,2
325.715,20
325.822,0
325.928,0
326.035,0
326.142,0
326.249,22
326.356,12
326.463,12
326.569,11
326.676,0
326.783,0
326.89,0
326.997,0
327.103,13
327.21,39
327.317,0
327.424,7
327.531,0
327.638,5
327.744,0
327.851,9
327.958,5
328.065,14
328.172,6
328.278,17
328.385,26
328.492,0
328.599,0
328.706,0
328.813,8
328.919,14
329.026,8
329.133,0
329.24,23
329.347,28
329.453,10
329.56,3
329.667,1
329.774,0
329.881,8
329.988,2
330.094,14
330.201,0
330.308,4
330.415,0
330.522,7
330.628,0
330.735,0
330.842,9
330.949,22
331.056,1
331.162,6
331.269,22
331.376,4
331.483,6
331.59,12
331.697,11
331.803,0
331.91,8
332.017,6
332.124,0
332.231,0
332.337,0
332.444,0
332.551,7
332.658,2
332.765,0
332.872,0
332.978,1
333.085,0
333.192,8
333.299,4
333.406,0
333.512,1
333.619,10
333.726,18
333.833,2
333.94,0
334.046,10
334.153,7
334.26,10
334.367,0
334.474,15
334.581,0
334.687,0
334.794,0
334.901,10
335.008,47
335.115,58
335.221,19
335.328,0
335.435,0
335.542,0
335.649,10
335.755,0
335.862,16
335.969,0
336.076,18
336.183,12
336.29,15
336.396,26
336.503,0
336.61,0
336.717,11
336.824,0
336.93,5
337.037,0
337.144,0
337.251,5
337.358,20
337.464,0
337.571,0
337.678,0
337.785,20
337.892,22
337.998,0
338.105,6
338.212,0
338.319,0
338.426,15
338.533,3
338.639,0
338.746,24
338.853,3
338.96,0
339.067,12
339.173,6
339.28,0
339.387,14
339.494,26
339.601,17
339.707,0
339.814,0
339.921,3
340.028,0
340.135,20
340.241,0
340.348,0
340.455,0
340.562,0
340.669,3
340.775,0
340.882,3
340.989,11
341.096,8
341.203,8
341.309,17
341.416,13
341.523,36
341.63,0
341.737,0
341.844,19
341.95,0
342.057,18
342.164,0
342.271,0
342.378,16
342.484,16
342.591,0
342.698,13
342.805,34
342.912,0
343.018,0
343.125,8
343.232,16
343.339,19
343.446,8
343.552,0
343.659,12
343.766,0
343.873,0
343.98,13
344.086,24
344.193,14
344.3,1
344.407,0
344.514,12
344.62,0
344.727,6
344.834,25
344.941,0
345.048,3
345.154,11
345.261,8
345.368,0
345.475,10
345.582,0
345.688,0
345.795,9
345.902,0
346.009,7
346.116,47
346.222,0
346.329,10
346.436,0
346.543,1
346.65,0
346.756,14
346.863,0
346.97,0
347.077,0
347.184,1
347.29,6
347.397,23
347.504,22
347.611,7
347.718,0
347.824,8
347.931,0
348.038,0
348.145,0
348.252,0
348.358,0
348.465,34
348.572,41
348.679,0
348.786,0
348.892,0
348.999,0
349.106,0
349.213,25
349.32,6
349.426,11
349.533,15
349.64,0
349.747,14
349.854,6
349.96,0
350.067,5
350.174,0
350.281,39
350.388,0
350.494,0
350.601,0
350.708,7
350.815,0
350.922,10
351.028,15
351.135,0
351.242,0
351.349,8
351.456,0
351.562,10
351.669,13
351.776,0
351.883,5
351.989,7
352.096,0
352.203,0
352.31,17
352.417,0
352.523,10
352.63,14
352.737,0
352.844,19
352.951,4
353.057,0
353.164,0
353.271,0
353.378,42
353.485,53
353.591,10
353.698,17
353.805,4
353.912,0
354.019,25
354.125,12
354.232,11
354.339,27
354.446,21
354.553,0
354.659,0
354.766,0
354.873,12
354.98,0
355.086,10
355.193,8
355.3,24
355.407,3
355.514,12
355.62,0
355.727,5
355.834,24
355.941,0
356.048,0
356.154,4
356.261,8
356.368,8
356.475,0
356.582,0
356.688,10
356.795,0
356.902,10
357.009,32
357.115,20
357.222,14
357.329,8
357.436,0
357.543,0
357.649,30
357.756,18
357.863,0
357.97,9
358.077,34
358.183,18
358.29,15
358.397,0
358.504,0
358.61,0
358.717,30
358.824,0
358.931,0
359.038,0
359.144,16
359.251,34
359.358,28
359.465,0
359.572,2
359.678,0
359.785,0
359.892,6
359.999,4
360.105,0
360.212,0
360.319,6
360.426,0
360.533,0
360.639,0
360.746,4
360.853,2
360.96,0
361.067,17
361.173,0
361.28,4
361.387,0
361.494,4
361.6,0
361.707,19
361.814,9
361.921,14
362.028,0
362.134,24
362.241,28
362.348,7
362.455,16
362.562,22
362.668,0
362.775,0
362.882,2
362.989,4
363.095,0
363.202,0
363.309,0
363.416,4
363.523,0
363.629,0
363.736,0
363.843,0
363.95,22
364.056,25
364.163,44
364.27,11
364.377,0
364.484,4
364.59,4
364.697,0
364.804,10
364.911,0
365.017,5
365.124,14
365.231,19
365.338,0
365.445,0
365.551,10
365.658,12
365.765,8
365.872,14
365.979,0
366.085,3
366.192,24
366.299,13
366.406,13
366.512,1
366.619,0
366.726,24
366.833,104
366.94,44
367.046,27
367.153,11
367.26,0
367.367,0
367.473,36
367.58,0
367.687,0
367.794,4
367.9,0
368.007,6
368.114,6
368.221,8
368.328,14
368.434,6
368.541,10
368.648,22
368.755,15
368.861,13
368.968,0
369.075,2
369.182,19
369.289,0
369.395,0
369.502,0
369.609,0
369.716,0
369.822,46
369.929,39
370.036,8
370.143,0
370.25,7
370.356,8
370.463,0
370.57,0
370.677,2
370.783,0
370.89,0
370.997,19
371.104,0
371.211,12
371.317,11
371.424,13
371.531,11
371.638,3
371.744,5
371.851,4
371.958,7
372.065,23
372.171,0
372.278,0
372.385,1
372.492,0
372.599,7
372.705,2
372.812,2
372.919,30
373.026,5
373.132,3
373.239,0
373.346,0
373.453,1
373.559,11
373.666,0
373.773,26
373.88,10
373.987,0
374.093,12
374.2,0
374.307,22
374.414,31
374.52,0
374.627,0
374.734,0
374.841,0
374.947,2
375.054,4
375.161,0
375.268,0
375.375,11
375.481,8
375.588,0
375.695,20
375.802,0
375.908,0
376.015,0
376.122,5
376.229,8
376.335,12
376.442,0
376.549,0
376.656,0
376.763,0
376.869,0
376.976,0
377.083,0
377.19,0
377.296,0
377.403,0
377.51,0
377.617,0
377.723,0
377.83,0
377.937,0
378.044,4
378.15,1
378.257,26
378.364,0
378.471,12
378.578,37
378.684,0
378.791,0
378.898,23
379.005,0
379.111,2
379.218,0
379.325,0
379.432,0
379.538,0
379.645,0
379.752,0
379.859,9
379.965,40
380.072,0
380.179,4
380.286,0
380.392,0
380.499,36
380.606,31
380.713,3
380.82,0
380.926,0
381.033,0
381.14,0
381.247,0
381.353,4
381.46,0
381.567,18
381.674,13
381.78,27
381.887,0
381.994,3
382.101,18
382.207,0
382.314,0
382.421,19
382.528,7
382.634,0
382.741,2
382.848,1
382.955,0
383.061,0
383.168,14
383.275,25
383.382,0
383.488,8
383.595,0
383.702,14
383.809,0
383.916,11
384.022,19
384.129,8
384.236,0
384.343,24
384.449,1
384.556,26
384.663,0
384.77,31
384.876,17
384.983,0
385.09,3
385.197,3
385.303,0
385.41,11
385.517,0
385.624,0
385.73,0
385.837,2
385.944,0
386.051,0
386.157,0
386.264,6
386.371,14
386.478,26
386.584,0
386.691,8
386.798,12
386.905,9
387.011,6
387.118,15
387.225,0
387.332,7
387.438,6
387.545,0
387.652,0
387.759,19
387.865,23
387.972,4
388.079,47
388.186,123
388.292,82
388.399,40
388.506,7
388.613,9
388.719,0
388.826,14
388.933,12
389.04,0
389.146,7
389.253,0
389.36,10
389.467,0
389.573,5
389.68,20
389.787,0
389.894,15
390,75
390.107,42
390.214,17
390.321,2
390.427,0
390.534,0
390.641,5
390.748,16
390.854,0
390.961,0
391.068,0
391.175,26
391.281,41
391.388,0
391.495,0
391.602,0
391.708,5
391.815,18
391.922,0
392.029,2
392.135,6
392.242,0
392.349,0
392.456,0
392.562,0
392.669,15
392.776,18
392.883,0
392.989,9
393.096,33
393.203,7
393.31,0
393.416,0
393.523,13
393.63,0
393.737,0
393.843,2
393.95,0
394.057,0
394.164,18
394.27,0
394.377,0
394.484,24
394.591,17
394.697,0
394.804,0
394.911,0
395.018,5
395.124,0
395.231,6
395.338,7
395.445,4
395.551,13
395.658,0
395.765,0
395.871,15
395.978,9
396.085,29
396.192,11
396.298,0
396.405,21
396.512,5
396.619,8
396.725,0
396.832,0
396.939,0
397.046,4
397.152,0
397.259,16
397.366,16
397.473,0
397.579,0
397.686,4
397.793,0
397.9,10
398.006,20
398.113,0
398.22,22
398.327,0
398.433,0
398.54,2
398.647,6
398.753,0
398.86,5
398.967,0
399.074,0
399.18,6
399.287,0
399.394,0
399.501,0
399.607,19
399.714,14
399.821,0
399.928,7
400.034,0
400.141,10
400.248,0
400.355,0
400.461,7
400.568,0
400.675,10
400.781,0
400.888,0
400.995,0
401.102,11
401.208,20
401.315,0
401.422,0
401.529,0
401.635,0
401.742,0
401.849,23
401.956,8
402.062,16
402.169,0
402.276,0
402.382,25
402.489,28
402.596,0
402.703,30
402.809,15
402.916,24
403.023,93
403.13,103
403.236,21
403.343,0
403.45,0
403.557,3
403.663,0
403.77,0
403.877,28
403.983,5
404.09,3
404.197,10
404.304,20
404.41,0
404.517,0
404.624,74
404.731,117
404.837,30
404.944,0
405.051,0
405.158,0
405.264,0
405.371,0
405.478,0
405.584,0
405.691,4
405.798,20
405.905,0
406.011,15
406.118,0
406.225,14
406.332,0
406.438,0
406.545,3
406.652,0
406.758,0
406.865,0
406.972,11
407.079,0
407.185,0
407.292,25
407.399,0
407.506,0
407.612,0
407.719,0
407.826,0
407.932,0
408.039,7
408.146,0
408.253,6
408.359,0
408.466,0
408.573,6
408.68,9
408.786,13
408.893,0
409,0
409.106,0
409.213,14
409.32,4
409.427,0
409.533,38
409.64,6
409.747,0
409.853,0
409.96,2
410.067,0
410.174,89
410.28,129
410.387,62
410.494,10
410.601,0
410.707,0
410.814,0
410.921,0
411.027,2
411.134,0
411.241,20
411.348,0
411.454,13
411.561,0
411.668,0
411.774,22
411.881,18
411.988,0
412.095,2
412.201,0
412.308,0
412.415,0
412.522,56
412.628,3
412.735,11
412.842,15
412.948,3
413.055,7
413.162,5
413.269,11
413.375,1
413.482,0
413.589,6
413.695,13
413.802,8
413.909,0
414.016,0
414.122,8
414.229,0
414.336,15
414.442,0
414.549,0
414.656,0
414.763,10
414.869,5
414.976,12
415.083,5
415.189,20
415.296,32
415.403,23
415.51,0
415.616,0
415.723,2
415.83,2
415.936,0
416.043,39
416.15,0
416.257,0
416.363,8
416.47,0
416.577,0
416.683,2
416.79,0
416.897,0
417.004,0
417.11,9
417.217,44
417.324,50
417.43,20
417.537,12
417.644,8
417.751,3
417.857,0
417.964,17
418.071,21
418.177,25
418.284,18
418.391,0
418.498,5
418.604,6
418.711,42
418.818,24
418.924,9
419.031,43
419.138,9
419.245,10
419.351,0
419.458,6
419.565,0
419.671,0
419.778,3
419.885,0
419.992,0
420.098,0
420.205,0
420.312,3
420.418,0
420.525,11
420.632,0
420.738,0
420.845,0
420.952,2
421.059,32
421.165,0
421.272,3
421.379,4
421.485,0
421.592,0
421.699,0
421.806,0
421.912,15
422.019,13
422.126,0
422.232,1
422.339,4
422.446,0
422.552,0
422.659,3
422.766,0
422.873,0
422.979,0
423.086,0
423.193,38
423.299,28
423.406,0
423.513,0
423.62,7
423.726,0
423.833,25
423.94,2
424.046,0
424.153,0
424.26,10
424.366,2
424.473,0
424.58,0
424.687,0
424.793,0
424.9,8
425.007,28
425.113,0
425.22,0
425.327,23
425.433,1
425.54,1
425.647,0
425.754,2
425.86,10
425.967,10
426.074,6
426.18,0
426.287,0
426.394,0
426.5,0
426.607,0
426.714,0
426.821,0
426.927,0
427.034,25
427.141,2
427.247,11
427.354,0
427.461,0
427.567,0
427.674,1
427.781,27
427.888,2
427.994,24
428.101,45
428.208,32
428.314,20
428.421,16
428.528,0
428.634,26
428.741,72
428.848,33
428.955,30
429.061,62
429.168,59
429.275,108
429.381,36
429.488,43
429.595,0
429.701,0
429.808,11
429.915,2
430.021,0
430.128,0
430.235,4
430.342,23
430.448,40
430.555,174
430.662,146
430.768,29
430.875,0
430.982,0
431.088,15
431.195,0
431.302,0
431.409,0
431.515,11
431.622,0
431.729,19
431.835,17
431.942,0
432.049,2
432.155,0
432.262,15
432.369,9
432.475,17
432.582,2
432.689,2
432.796,11
432.902,2
433.009,5
433.116,4
433.222,38
433.329,20
433.436,12
433.542,16
433.649,0
433.756,0
433.862,40
433.969,49
434.076,0
434.182,0
434.289,8
434.396,0
434.503,16
434.609,0
434.716,0
434.823,5
434.929,20
435.036,8
435.143,47
435.249,0
435.356,10
435.463,24
435.569,12
435.676,5
435.783,0
435.889,0
435.996,0
436.103,4
436.21,18
436.316,0
436.423,0
436.53,0
436.636,4
436.743,0
436.85,0
436.956,0
437.063,1
437.17,0
437.276,18
437.383,24
437.49,0
437.596,43
437.703,44
437.81,24
437.916,3
438.023,0
438.13,0
438.237,21
438.343,0
438.45,0
438.557,0
438.663,102
438.77,64
438.877,28
438.983,0
439.09,1
439.197,114
439.303,124
439.41,41
439.517,0
439.623,0
439.73,0
439.837,10
439.943,14
440.05,0
440.157,38
440.263,28
440.37,25
440.477,13
440.583,11
440.69,0
440.797,0
440.904,0
441.01,0
441.117,10
441.224,0
441.33,0
441.437,0
441.544,0
441.65,43
441.757,105
441.864,89
441.97,39
442.077,18
442.184,2
442.29,0
442.397,0
442.504,0
442.61,19
442.717,0
442.824,0
442.93,0
443.037,14
443.144,0
443.25,6
443.357,26
443.464,9
443.57,22
443.677,6
443.784,0
443.89,0
443.997,14
444.104,13
444.21,0
444.317,0
444.424,0
444.53,25
444.637,35
444.744,18
444.851,10
444.957,0
445.064,0
445.171,16
445.277,6
445.384,16
445.491,0
445.597,0
445.704,8
445.811,25
445.917,12
446.024,0
446.131,0
446.237,18
446.344,13
446.451,20
446.557,7
446.664,0
446.771,0
446.877,8
446.984,4
447.091,0
447.197,22
447.304,0
447.411,0
447.517,0
447.624,7
447.731,0
447.837,16
447.944,35
448.051,27
448.157,0
448.264,0
448.371,0
448.477,33
448.584,2
448.691,21
448.797,0
448.904,0
449.011,0
449.117,0
449.224,0
449.331,0
449.437,3
449.544,17
449.651,6
449.757,0
449.864,15
449.971,31
450.077,0
450.184,0
450.291,0
450.397,9
450.504,15
450.611,0
450.717,0
450.824,13
450.931,0
451.037,0
451.144,21
451.251,28
451.357,0
451.464,0
451.571,0
451.677,3
451.784,0
451.891,6
451.997,14
452.104,13
452.21,0
452.317,0
452.424,7
452.53,0
452.637,0
452.744,0
452.85,30
452.957,0
453.064,0
453.17,12
453.277,14
453.384,22
453.49,0
453.597,0
453.704,0
453.81,0
453.917,0
454.024,15
454.13,29
454.237,42
454.344,32
454.45,9
454.557,6
454.664,2
454.77,0
454.877,0
454.984,0
455.09,0
455.197,35
455.304,30
455.41,1
455.517,0
455.624,7
455.73,0
455.837,83
455.944,147
456.05,59
456.157,0
456.263,0
456.37,31
456.477,0
456.583,1
456.69,31
456.797,15
456.903,35
457.01,18
457.117,2
457.223,7
457.33,2
457.437,0
457.543,26
457.65,24
457.757,0
457.863,0
457.97,13
458.077,0
458.183,12
458.29,0
458.397,0
458.503,7
458.61,0
458.716,2
458.823,0
458.93,0
459.036,2
459.143,0
459.25,5
459.356,0
459.463,0
459.57,40
459.676,32
459.783,11
459.89,2
459.996,50
460.103,3
460.21,0
460.316,0
460.423,0
460.53,3
460.636,1
460.743,30
460.849,0
460.956,0
461.063,0
461.169,0
461.276,13
461.383,0
461.489,2
461.596,32
461.703,7
461.809,10
461.916,0
462.023,37
462.129,40
462.236,30
462.342,0
462.449,0
462.556,0
462.662,22
462.769,15
462.876,15
462.982,0
463.089,20
463.196,6
463.302,8
463.409,0
463.516,8
463.622,3
463.729,0
463.835,0
463.942,0
464.049,0
464.155,21
464.262,0
464.369,0
464.475,5
464.582,23
464.689,0
464.795,2
464.902,20
465.009,14
465.115,0
465.222,21
465.328,16
465.435,0
465.542,0
465.648,0
465.755,0
465.862,3
465.968,0
466.075,6
466.182,0
466.288,0
466.395,39
466.501,26
466.608,10
466.715,5
466.821,29
466.928,0
467.035,0
467.141,13
467.248,24
467.355,0
467.461,0
467.568,0
467.674,0
467.781,0
467.888,0
467.994,6
468.101,0
468.208,0
468.314,0
468.421,6
468.528,20
468.634,0
468.741,14
468.847,0
468.954,12
469.061,4
469.167,12
469.274,6
469.381,9
469.487,13
469.594,0
469.701,32
469.807,16
469.914,0
470.02,0
470.127,10
470.234,17
470.34,0
470.447,0
470.554,22
470.66,0
470.767,12
470.873,21
470.98,5
471.087,12
471.193,0
471.3,0
471.407,0
471.513,0
471.62,0
471.727,0
471.833,2
471.94,12
472.046,2
472.153,0
472.26,7
472.366,12
472.473,0
472.58,23
472.686,1
472.793,0
472.899,20
473.006,0
473.113,22
473.219,14
473.326,0
473.433,19
473.539,0
473.646,10
473.752,10
473.859,24
473.966,0
474.072,22
474.179,2
474.286,10
474.392,15
474.499,5
474.605,1
474.712,23
474.819,26
474.925,6
475.032,0
475.139,14
475.245,0
475.352,24
475.458,11
475.565,21
475.672,49
475.778,0
475.885,0
475.992,16
476.098,0
476.205,0
476.311,0
476.418,0
476.525,31
476.631,23
476.738,0
476.844,0
476.951,12
477.058,11
477.164,6
477.271,0
477.378,23
477.484,21
477.591,14
477.697,0
477.804,29
477.911,3
478.017,0
478.124,13
478.231,23
478.337,0
478.444,6
478.55,0
478.657,0
478.764,0
478.87,8
478.977,0
479.083,15
479.19,0
479.297,0
479.403,16
479.51,0
479.617,27
479.723,85
479.83,21
479.936,0
480.043,20
480.15,10
480.256,23
480.363,7
480.469,0
480.576,0
480.683,29
480.789,2
480.896,0
481.003,0
481.109,0
481.216,31
481.322,0
481.429,0
481.536,2
481.642,4
481.749,0
481.855,0
481.962,0
482.069,0
482.175,0
482.282,34
482.388,7
482.495,0
482.602,9
482.708,8
482.815,5
482.922,0
483.028,30
483.135,13
483.241,0
483.348,0
483.455,17
483.561,0
483.668,20
483.774,0
483.881,0
483.988,0
484.094,23
484.201,0
484.307,31
484.414,22
484.521,0
484.627,0
484.734,23
484.84,0
484.947,9
485.054,5
485.16,22
485.267,0
485.373,5
485.48,0
485.587,17
485.693,4
485.8,12
485.907,0
486.013,14
486.12,0
486.226,0
486.333,22
486.44,0
486.546,4
486.653,1
486.759,0
486.866,24
486.973,0
487.079,0
487.186,55
487.292,34
487.399,0
487.506,0
487.612,0
487.719,0
487.825,0
487.932,0
488.039,0
488.145,0
488.252,38
488.358,45
488.465,22
488.572,23
488.678,15
488.785,0
488.891,9
488.998,19
489.105,7
489.211,14
489.318,15
489.424,6
489.531,0
489.638,0
489.744,6
489.851,0
489.957,0
490.064,6
490.171,5
490.277,13
490.384,0
490.49,0
490.597,15
490.704,3
490.81,0
490.917,8
491.023,2
491.13,5
491.237,0
491.343,0
491.45,68
491.556,62
491.663,60
491.769,29
491.876,0
491.983,20
492.089,0
492.196,5
492.302,0
492.409,0
492.516,3
492.622,6
492.729,0
492.835,0
492.942,4
493.049,0
493.155,4
493.262,0
493.368,12
493.475,4
493.582,11
493.688,38
493.795,12
493.901,0
494.008,14
494.114,4
494.221,0
494.328,7
494.434,0
494.541,13
494.647,9
494.754,0
494.861,0
494.967,0
495.074,0
495.18,0
495.287,4
495.394,7
495.5,107
495.607,106
495.713,51
495.82,15
495.926,12
496.033,0
496.14,0
496.246,21
496.353,2
496.459,0
496.566,7
496.673,5
496.779,30
496.886,0
496.992,18
497.099,0
497.206,8
497.312,0
497.419,0
497.525,14
497.632,5
497.738,0
497.845,37
497.952,6
498.058,0
498.165,15
498.271,0
498.378,0
498.485,14
498.591,5
498.698,10
498.804,37
498.911,0
499.017,26
499.124,14
499.231,5
499.337,0
499.444,36
499.55,11
499.657,4
499.763,5
499.87,12
499.977,4
500.083,16
500.19,9
500.296,14
500.403,0
500.51,29
500.616,0
500.723,7
500.829,0
500.936,10
501.042,0
501.149,0
501.256,0
501.362,8
501.469,0
501.575,20
501.682,1
501.788,0
501.895,0
502.002,15
502.108,16
502.215,8
502.321,15
502.428,0
502.534,0
502.641,0
502.748,0
502.854,0
502.961,0
503.067,0
503.174,6
503.281,0
503.387,0
503.494,6
503.6,57
503.707,2
503.813,0
503.92,0
504.027,13
504.133,1
504.24,8
504.346,0
504.453,6
504.559,18
504.666,14
504.773,0
504.879,10
504.986,0
505.092,4
505.199,0
505.305,0
505.412,1
505.518,15
505.625,0
505.732,0
505.838,12
505.945,1
506.051,0
506.158,35
506.264,0
506.371,0
506.478,17
506.584,31
506.691,1
506.797,24
506.904,0
507.01,24
507.117,0
507.224,0
507.33,15
507.437,0
507.543,0
507.65,0
507.756,4
507.863,11
507.97,0
508.076,0
508.183,0
508.289,4
508.396,0
508.502,36
508.609,35
508.715,28
508.822,23
508.929,0
509.035,0
509.142,0
509.248,0
509.355,4
509.461,4
509.568,0
509.675,1
509.781,0
509.888,0
509.994,15
510.101,50
510.207,50
510.314,20
510.42,1
510.527,0
510.634,1
510.74,0
510.847,0
510.953,13
511.06,0
511.166,0
511.273,30
511.379,40
511.486,0
511.593,0
511.699,9
511.806,86
511.912,20
512.019,32
512.125,81
512.232,84
512.339,27
512.445,3
512.552,119
512.658,158
512.765,158
512.871,90
512.978,355
513.084,676
513.191,684
513.298,583
513.404,361
513.511,299
513.617,158
513.724,84
513.83,277
513.937,348
514.043,232
514.15,237
514.256,251
514.363,205
514.47,238
514.576,133
514.683,53
514.789,43
514.896,77
515.002,90
515.109,67
515.215,69
515.322,10
515.429,0
515.535,0
515.642,8
515.748,69
515.855,236
515.961,153
516.068,70
516.174,4
516.281,0
516.388,0
516.494,11
516.601,21
516.707,40
516.814,112
516.92,160
517.027,132
517.133,37
517.24,0
517.346,0
517.453,10
517.56,8
517.666,76
517.773,113
517.879,63
517.986,76
518.092,54
518.199,83
518.305,48
518.412,116
518.518,226
518.625,193
518.732,78
518.838,0
518.945,0
519.051,0
519.158,56
519.264,56
519.371,120
519.477,63
519.584,42
519.69,2
519.797,0
519.903,0
520.01,58
520.117,37
520.223,50
520.33,0
520.436,2
520.543,7
520.649,10
520.756,0
520.862,0
520.969,0
521.075,0
521.182,11
521.289,0
521.395,11
521.502,10
521.608,4
521.715,40
521.821,17
521.928,6
522.034,0
522.141,25
522.247,0
522.354,2
522.46,11
522.567,0
522.674,20
522.78,14
522.887,10
522.993,5
523.1,48
523.206,21
523.313,4
523.419,0
523.526,0
523.632,28
523.739,0
523.845,9
523.952,41
524.058,8
524.165,4
524.272,0
524.378,26
524.485,2
524.591,12
524.698,15
524.804,8
524.911,13
525.017,24
525.124,19
525.23,0
525.337,0
525.443,0
525.55,0
525.656,30
525.763,22
525.87,0
525.976,0
526.083,24
526.189,7
526.296,0
526.402,0
526.509,0
526.615,26
526.722,7
526.828,0
526.935,0
527.041,0
527.148,3
527.254,0
527.361,7
527.467,1
527.574,33
527.68,0
527.787,0
527.894,1
528,17
528.107,0
528.213,25
528.32,19
528.426,0
528.533,0
528.639,11
528.746,12
528.852,0
528.959,0
529.065,9
529.172,0
529.278,28
529.385,112
529.491,89
529.598,0
529.704,0
529.811,41
529.918,17
530.024,0
530.131,0
530.237,0
530.344,11
530.45,20
530.557,0
530.663,2
530.77,0
530.876,14
530.983,0
531.089,7
531.196,9
531.302,9
531.409,0
531.515,8
531.622,0
531.728,27
531.835,22
531.941,7
532.048,7
532.154,9
532.261,7
532.367,0
532.474,0
532.581,0
532.687,10
532.794,0
532.9,0
533.007,2
533.113,0
533.22,21
533.326,31
533.433,0
533.539,2
533.646,0
533.752,4
533.859,4
533.965,0
534.072,13
534.178,16
534.285,18
534.391,4
534.498,0
534.604,34
534.711,6
534.817,0
534.924,0
535.03,0
535.137,9
535.243,0
535.35,29
535.456,0
535.563,10
535.669,0
535.776,11
535.882,8
535.989,0
536.095,6
536.202,0
536.308,23
536.415,21
536.521,0
536.628,30
536.735,32
536.841,8
536.948,2
537.054,0
537.161,0
537.267,18
537.374,3
537.48,0
537.587,24
537.693,0
537.8,17
537.906,17
538.013,4
538.119,2
538.226,0
538.332,0
538.439,14
538.545,0
538.652,6
538.758,27
538.865,0
538.971,4
539.078,4
539.184,17
539.291,25
539.397,9
539.504,12
539.61,0
539.717,0
539.823,8
539.93,0
540.036,7
540.143,0
540.249,0
540.356,0
540.462,16
540.569,22
540.675,4
540.782,0
540.888,2
540.995,14
541.101,3
541.208,0
541.314,1
541.421,17
541.527,0
541.634,0
541.74,5
541.847,15
541.953,4
542.06,0
542.166,4
542.273,18
542.379,0
542.486,0
542.592,0
542.699,13
542.805,0
542.912,0
543.018,0
543.125,0
543.231,0
543.338,0
543.444,0
543.551,0
543.657,7
543.764,0
543.87,22
543.977,22
544.083,30
544.19,2
544.296,0
544.403,14
544.509,23
544.616,0
544.722,3
544.829,4
544.935,3
545.042,22
545.148,0
545.255,17
545.361,17
545.467,7
545.574,32
545.68,34
545.787,24
545.893,11
546,0
546.106,0
546.213,6
546.319,0
546.426,0
546.532,2
546.639,4
546.745,0
546.852,5
546.958,17
547.065,0
547.171,0
547.278,16
547.384,6
547.491,0
547.597,6
547.704,0
547.81,0
547.917,20
548.023,5
548.13,0
548.236,0
548.343,20
548.449,3
548.556,0
548.662,0
548.769,4
548.875,50
548.982,2
549.088,9
549.195,10
549.301,14
549.408,7
549.514,0
549.62,1
549.727,0
549.833,0
549.94,0
550.046,29
550.153,5
550.259,2
550.366,0
550.472,12
550.579,0
550.685,9
550.792,0
550.898,0
551.005,0
551.111,1
551.218,20
551.324,0
551.431,0
551.537,0
551.644,0
551.75,1
551.857,17
551.963,7
552.07,0
552.176,0
552.282,17
552.389,2
552.495,14
552.602,1
552.708,0
552.815,0
552.921,0
553.028,22
553.134,8
553.241,0
553.347,0
553.454,10
553.56,26
553.667,0
553.773,0
553.88,0
553.986,10
554.093,0
554.199,40
554.305,120
554.412,78
554.518,11
554.625,6
554.731,0
554.838,0
554.944,0
555.051,1
555.157,11
555.264,0
555.37,0
555.477,10
555.583,11
555.69,0
555.796,85
555.903,98
556.009,66
556.115,25
556.222,17
556.328,0
556.435,22
556.541,0
556.648,11
556.754,81
556.861,89
556.967,27
557.074,1
557.18,16
557.287,25
557.393,0
557.5,0
557.606,0
557.713,15
557.819,0
557.925,0
558.032,2
558.138,6
558.245,18
558.351,0
558.458,5
558.564,45
558.671,0
558.777,0
558.884,2
558.99,0
559.097,11
559.203,0
559.309,0
559.416,0
559.522,8
559.629,10
559.735,10
559.842,0
559.948,0
560.055,32
560.161,63
560.268,165
560.374,115
560.481,44
560.587,9
560.693,0
560.8,4
560.906,0
561.013,0
561.119,0
561.226,14
561.332,28
561.439,2
561.545,1
561.652,0
561.758,58
561.864,33
561.971,0
562.077,0
562.184,19
562.29,24
562.397,0
562.503,1
562.61,26
562.716,21
562.823,0
562.929,22
563.035,0
563.142,0
563.248,22
563.355,13
563.461,11
563.568,0
563.674,14
563.781,20
563.887,0
563.994,9
564.1,18
564.206,0
564.313,0
564.419,12
564.526,0
564.632,12
564.739,15
564.845,0
564.952,6
565.058,11
565.165,22
565.271,26
565.377,0
565.484,5
565.59,2
565.697,0
565.803,19
565.91,5
566.016,0
566.123,0
566.229,14
566.335,12
566.442,6
566.548,0
566.655,0
566.761,25
566.868,0
566.974,0
567.081,6
567.187,15
567.293,10
567.4,17
567.506,20
567.613,0
567.719,0
567.826,0
567.932,26
568.039,0
568.145,0
568.251,10
568.358,6
568.464,24
568.571,3
568.677,0
568.784,23
568.89,0
568.997,0
569.103,20
569.209,3
569.316,0
569.422,0
569.529,0
569.635,0
569.742,0
569.848,0
569.955,16
570.061,5
570.167,0
570.274,24
570.38,5
570.487,0
570.593,12
570.7,40
570.806,0
570.912,0
571.019,0
571.125,13
571.232,2
571.338,0
571.445,6
571.551,3
571.658,0
571.764,11
571.87,10
571.977,12
572.083,20
572.19,0
572.296,0
572.403,45
572.509,43
572.615,0
572.722,0
572.828,14
572.935,0
573.041,0
573.148,3
573.254,4
573.36,9
573.467,27
573.573,0
573.68,0
573.786,0
573.893,8
573.999,22
574.105,0
574.212,0
574.318,6
574.425,0
574.531,0
574.638,0
574.744,0
574.85,17
574.957,0
575.063,0
575.17,12
575.276,7
575.383,1
575.489,0
575.595,0
575.702,0
575.808,0
575.915,17
576.021,0
576.128,1
576.234,7
576.34,0
576.447,15
576.553,12
576.66,0
576.766,0
576.873,0
576.979,0
577.085,0
577.192,0
577.298,0
577.405,1
577.511,13
577.618,0
577.724,13
577.83,12
577.937,0
578.043,9
578.15,27
578.256,18
578.363,14
578.469,29
578.575,0
578.682,8
578.788,0
578.895,0
579.001,17
579.107,7
579.214,0
579.32,10
579.427,0
579.533,25
579.64,2
579.746,0
579.852,31
579.959,0
580.065,13
580.172,21
580.278,4
580.384,0
580.491,0
580.597,7
580.704,0
580.81,0
580.917,0
581.023,0
581.129,11
581.236,0
581.342,0
581.449,18
581.555,34
581.661,0
581.768,0
581.874,8
581.981,13
582.087,19
582.193,7
582.3,3
582.406,12
582.513,0
582.619,4
582.726,0
582.832,0
582.938,0
583.045,67
583.151,50
583.258,2
583.364,0
583.47,0
583.577,6
583.683,0
583.79,17
583.896,0
584.002,0
584.109,2
584.215,35
584.322,0
584.428,14
584.535,13
584.641,47
584.747,0
584.854,0
584.96,23
585.067,3
585.173,0
585.279,0
585.386,1
585.492,1
585.599,4
585.705,0
585.811,0
585.918,28
586.024,13
586.131,0
586.237,1
586.343,11
586.45,0
586.556,19
586.663,4
586.769,15
586.875,17
586.982,0
587.088,0
587.195,0
587.301,0
587.407,0
587.514,0
587.62,0
587.727,0
587.833,0
587.939,38
588.046,0
588.152,0
588.259,10
588.365,0
588.471,0
588.578,0
588.684,17
588.791,0
588.897,8
589.003,11
589.11,6
589.216,0
589.323,2
589.429,0
589.535,0
589.642,0
589.748,17
589.855,13
589.961,15
590.067,0
590.174,0
590.28,0
590.387,0
590.493,8
590.599,8
590.706,0
590.812,4
590.918,19
591.025,40
591.131,11
591.238,1
591.344,0
591.45,0
591.557,12
591.663,15
591.77,1
591.876,0
591.982,0
592.089,0
592.195,15
592.302,28
592.408,7
592.514,0
592.621,0
592.727,16
592.834,0
592.94,0
593.046,0
593.153,12
593.259,0
593.365,8
593.472,0
593.578,1
593.685,28
593.791,24
593.897,27
594.004,0
594.11,0
594.217,18
594.323,20
594.429,24
594.536,0
594.642,0
594.748,0
594.855,0
594.961,0
595.068,0
595.174,0
595.28,0
595.387,4
595.493,0
595.6,30
595.706,9
595.812,2
595.919,1
596.025,0
596.131,3
596.238,0
596.344,9
596.451,9
596.557,16
596.663,11
596.77,48
596.876,86
596.982,53
597.089,1
597.195,0
597.302,0
597.408,19
597.514,24
597.621,13
597.727,0
597.833,0
597.94,19
598.046,0
598.153,0
598.259,3
598.365,16
598.472,7
598.578,1
598.685,6
598.791,9
598.897,9
599.004,0
599.11,0
599.216,19
599.323,0
599.429,3
599.535,1
599.642,0
599.748,14
599.855,7
599.961,0
600.067,0
600.174,6
600.28,10
600.386,0
600.493,37
600.599,1
600.706,14
600.812,14
600.918,10
601.025,0
601.131,0
601.237,22
601.344,0
601.45,5
601.557,15
601.663,0
601.769,4
601.876,16
601.982,16
602.088,0
602.195,0
602.301,0
602.407,26
602.514,0
602.62,0
602.727,7
602.833,6
602.939,0
603.046,0
603.152,4
603.258,0
603.365,0
603.471,0
603.577,25
603.684,0
603.79,14
603.897,0
604.003,25
604.109,0
604.216,0
604.322,23
604.428,40
604.535,13
604.641,0
604.747,9
604.854,0
604.96,0
605.067,10
605.173,9
605.279,0
605.386,0
605.492,11
605.598,0
605.705,12
605.811,5
605.917,12
606.024,0
606.13,0
606.236,0
606.343,6
606.449,27
606.556,2
606.662,0
606.768,13
606.875,1
606.981,0
607.087,10
607.194,0
607.3,29
607.406,25
607.513,0
607.619,18
607.725,6
607.832,0
607.938,0
608.045,12
608.151,0
608.257,0
608.364,0
608.47,0
608.576,0
608.683,0
608.789,30
608.895,20
609.002,0
609.108,1
609.214,0
609.321,13
609.427,0
609.533,0
609.64,0
609.746,0
609.852,0
609.959,18
610.065,0
610.172,0
610.278,12
610.384,0
610.491,0
610.597,9
610.703,7
610.81,0
610.916,0
611.022,5
611.129,19
611.235,5
611.341,0
611.448,0
611.554,0
611.66,20
611.767,19
611.873,0
611.979,0
612.086,6
612.192,22
612.298,0
612.405,0
612.511,0
612.617,19
612.724,9
612.83,0
612.936,2
613.043,9
613.149,13
613.255,0
613.362,9
613.468,0
613.575,29
613.681,0
613.787,0
613.894,0
614,0
614.106,4
614.213,10
614.319,21
614.425,0
614.532,0
614.638,15
614.744,0
614.851,1
614.957,55
615.063,19
615.17,0
615.276,10
615.382,17
615.489,16
615.595,0
615.701,0
615.808,6
615.914,0
616.02,0
616.127,0
616.233,0
616.339,0
616.446,24
616.552,14
616.658,10
616.765,0
616.871,9
616.977,21
617.084,0
617.19,0
617.296,0
617.403,38
617.509,0
617.615,0
617.722,0
617.828,0
617.934,1
618.041,6
618.147,17
618.253,10
618.36,16
618.466,3
618.572,0
618.679,9
618.785,4
618.891,0
618.998,0
619.104,0
619.21,4
619.316,2
619.423,8
619.529,0
619.635,0
619.742,2
619.848,0
619.954,0
620.061,1
620.167,0
620.273,7
620.38,0
620.486,0
620.592,8
620.699,4
620.805,0
620.911,0
621.018,13
621.124,13
621.23,0
621.337,0
621.443,15
621.549,0
621.656,0
621.762,0
621.868,2
621.975,0
622.081,0
622.187,0
622.294,11
622.4,0
622.506,13
622.612,0
622.719,0
622.825,0
622.931,0
623.038,2
623.144,0
623.25,0
623.357,12
623.463,5
623.569,0
623.676,10
623.782,29
623.888,0
623.995,16
624.101,0
624.207,13
624.314,0
624.42,0
624.526,0
624.632,0
624.739,5
624.845,0
624.951,0
625.058,38
625.164,0
625.27,1
625.377,0
625.483,0
625.589,34
625.696,47
625.802,15
625.908,0
626.015,7
626.121,22
626.227,1
626.333,0
626.44,0
626.546,1
626.652,0
626.759,13
626.865,0
626.971,0
627.078,0
627.184,0
627.29,10
627.397,20
627.503,2
627.609,0
627.715,35
627.822,0
627.928,0
628.034,0
628.141,0
628.247,25
628.353,3
628.46,0
628.566,0
628.672,0
628.778,5
628.885,0
628.991,0
629.097,2
629.204,0
629.31,4
629.416,18
629.523,0
629.629,0
629.735,0
629.841,10
629.948,11
630.054,0
630.16,10
630.267,26
630.373,0
630.479,0
630.586,0
630.692,0
630.798,0
630.904,0
631.011,17
631.117,0
631.223,0
631.33,0
631.436,0
631.542,0
631.649,0
631.755,0
631.861,19
631.967,0
632.074,0
632.18,0
632.286,0
632.393,0
632.499,11
632.605,0
632.711,28
632.818,5
632.924,2
633.03,17
633.137,0
633.243,0
633.349,2
633.456,0
633.562,0
633.668,0
633.774,0
633.881,0
633.987,4
634.093,10
634.2,6
634.306,0
634.412,11
634.518,0
634.625,0
634.731,1
634.837,0
634.944,11
635.05,0
635.156,0
635.262,0
635.369,0
635.475,1
635.581,0
635.688,0
635.794,12
635.9,0
636.006,0
636.113,0
636.219,31
636.325,33
636.432,0
636.538,0
636.644,0
636.75,0
636.857,4
636.963,15
637.069,14
637.176,0
637.282,1
637.388,12
637.494,6
637.601,0
637.707,4
637.813,0
637.92,2
638.026,0
638.132,5
638.238,0
638.345,0
638.451,0
638.557,19
638.663,0
638.77,7
638.876,34
638.982,7
639.089,0
639.195,0
639.301,0
639.407,11
639.514,14
639.62,0
639.726,151
639.833,153
639.939,57
640.045,11
640.151,0
640.258,0
640.364,1
640.47,0
640.576,0
640.683,0
640.789,15
640.895,0
641.002,7
641.108,13
641.214,0
641.32,31
641.427,42
641.533,6
641.639,0
641.745,0
641.852,12
641.958,0
642.064,0
642.171,0
642.277,0
642.383,0
642.489,14
642.596,0
642.702,0
642.808,10
642.914,0
643.021,0
643.127,9
643.233,12
643.339,0
643.446,0
643.552,0
643.658,4
643.765,4
643.871,5
643.977,0
644.083,18
644.19,28
644.296,17
644.402,16
644.508,0
644.615,16
644.721,7
644.827,0
644.933,18
645.04,0
645.146,0
645.252,11
645.358,3
645.465,0
645.571,23
645.677,0
645.784,0
645.89,2
645.996,0
646.102,14
646.209,26
646.315,0
646.421,0
646.527,21
646.634,0
646.74,0
646.846,34
646.952,15
647.059,0
647.165,0
647.271,8
647.377,11
647.484,0
647.59,13
647.696,5
647.802,0
647.909,0
648.015,0
648.121,0
648.227,0
648.334,0
648.44,0
648.546,0
648.652,0
648.759,0
648.865,28
648.971,3
649.077,26
649.184,0
649.29,0
649.396,8
649.502,0
649.609,7
649.715,0
649.821,0
649.927,4
650.034,3
650.14,0
650.246,8
650.352,0
650.459,13
650.565,0
650.671,0
650.777,6
650.884,25
650.99,0
651.096,26
651.202,13
651.309,0
651.415,0
651.521,19
651.627,17
651.734,0
651.84,13
651.946,3
652.052,8
652.159,4
652.265,0
652.371,14
652.477,0
652.584,0
652.69,0
652.796,0
652.902,3
653.009,0
653.115,0
653.221,5
653.327,0
653.434,0
653.54,0
653.646,23
653.752,0
653.858,0
653.965,22
654.071,3
654.177,0
654.283,3
654.39,12
654.496,7
654.602,0
654.708,8
654.815,0
654.921,0
655.027,14
655.133,13
655.24,0
655.346,0
655.452,0
655.558,21
655.665,0
655.771,0
655.877,5
655.983,5
656.089,6
656.196,10
656.302,18
656.408,67
656.514,64
656.621,38
656.727,38
656.833,0
656.939,0
657.046,11
657.152,17
657.258,0
657.364,0
657.47,44
657.577,33
657.683,0
657.789,0
657.895,14
658.002,0
658.108,9
658.214,0
658.32,0
658.427,20
658.533,30
658.639,5
658.745,1
658.851,0
658.958,24
659.064,0
659.17,0
659.276,0
659.383,0
659.489,0
659.595,0
659.701,12
659.807,8
659.914,6
660.02,16
660.126,0
660.232,0
660.339,1
660.445,0
660.551,9
660.657,19
660.763,0
660.87,22
660.976,0
661.082,19
661.188,0
661.295,0
661.401,26
661.507,0
661.613,1
661.719,28
661.826,33
661.932,26
662.038,58
662.144,34
662.251,16
662.357,0
662.463,0
662.569,0
662.675,0
662.782,0
662.888,0
662.994,20
663.1,33
663.206,4
663.313,0
663.419,10
663.525,24
663.631,0
663.738,29
663.844,8
663.95,0
664.056,0
664.162,0
664.269,2
664.375,41
664.481,36
664.587,16
664.693,0
664.8,0
664.906,0
665.012,0
665.118,9
665.225,32
665.331,85
665.437,56
665.543,43
665.649,1
665.756,0
665.862,0
665.968,10
666.074,0
666.18,1
666.287,17
666.393,7
666.499,28
666.605,0
666.711,6
666.818,26
666.924,10
667.03,0
667.136,19
667.242,24
667.349,13
667.455,0
667.561,0
667.667,3
667.773,0
667.88,0
667.986,0
668.092,44
668.198,40
668.304,25
668.411,0
668.517,0
668.623,8
668.729,8
668.835,0
668.942,0
669.048,10
669.154,0
669.26,0
669.366,0
669.473,13
669.579,0
669.685,11
669.791,17
669.897,13
670.004,8
670.11,0
670.216,0
670.322,0
670.428,3
670.535,11
670.641,5
670.747,7
670.853,0
670.959,0
671.066,13
671.172,0
671.278,0
671.384,26
671.49,42
671.597,85
671.703,72
671.809,26
671.915,0
672.021,0
672.128,7
672.234,9
672.34,0
672.446,6
672.552,11
672.658,0
672.765,0
672.871,0
672.977,0
673.083,10
673.189,13
673.296,20
673.402,13
673.508,0
673.614,0
673.72,20
673.827,33
673.933,0
674.039,0
674.145,15
674.251,0
674.357,12
674.464,12
674.57,27
674.676,12
674.782,28
674.888,13
674.995,0
675.101,18
675.207,22
675.313,0
675.419,0
675.526,12
675.632,1
675.738,22
675.844,2
675.95,25
676.056,9
676.163,0
676.269,2
676.375,0
676.481,0
676.587,0
676.693,0
676.8,0
676.906,0
677.012,0
677.118,0
677.224,6
677.331,20
677.437,10
677.543,1
677.649,30
677.755,5
677.861,13
677.968,34
678.074,0
678.18,0
678.286,1
678.392,7
678.498,0
678.605,0
678.711,42
678.817,32
678.923,0
679.029,0
679.136,16
679.242,0
679.348,0
679.454,9
679.56,8
679.666,12
679.773,8
679.879,0
679.985,25
680.091,21
680.197,5
680.303,0
680.41,3
680.516,19
680.622,6
680.728,0
680.834,35
680.94,17
681.047,0
681.153,27
681.259,0
681.365,0
681.471,0
681.577,17
681.684,12
681.79,0
681.896,7
682.002,4
682.108,0
682.214,14
682.321,0
682.427,0
682.533,0
682.639,0
682.745,0
682.851,11
682.958,3
683.064,15
683.17,0
683.276,0
683.382,0
683.488,0
683.595,6
683.701,10
683.807,5
683.913,0
684.019,0
684.125,0
684.231,6
684.338,21
684.444,0
684.55,0
684.656,2
684.762,34
684.868,0
684.975,14
685.081,6
685.187,4
685.293,8
685.399,0
685.505,4
685.611,20
685.718,0
685.824,0
685.93,0
686.036,11
686.142,16
686.248,12
686.355,8
686.461,17
686.567,28
686.673,0
686.779,5
686.885,1
686.991,0
687.098,0
687.204,0
687.31,26
687.416,9
687.522,11
687.628,19
687.735,17
687.841,0
687.947,18
688.053,5
688.159,0
688.265,0
688.371,6
688.478,2
688.584,2
688.69,21
688.796,0
688.902,0
689.008,11
689.114,0
689.221,0
689.327,56
689.433,28
689.539,4
689.645,0
689.751,0
689.857,0
689.964,17
690.07,0
690.176,0
690.282,13
690.388,0
690.494,0
690.6,0
690.707,0
690.813,0
690.919,0
691.025,0
691.131,18
691.237,0
691.343,13
691.45,0
691.556,11
691.662,8
691.768,17
691.874,18
691.98,0
692.086,4
692.193,0
692.299,0
692.405,11
692.511,10
692.617,10
692.723,9
692.829,16
692.935,2
693.042,6
693.148,1
693.254,0
693.36,0
693.466,0
693.572,8
693.678,16
693.785,19
693.891,0
693.997,0
694.103,14
694.209,0
694.315,0
694.421,0
694.527,0
694.634,0
694.74,0
694.846,0
694.952,1
695.058,11
695.164,1
695.27,6
695.376,0
695.483,0
695.589,0
695.695,11
695.801,13
695.907,0
696.013,25
696.119,0
696.225,40
696.332,13
696.438,0
696.544,12
696.65,0
696.756,7
696.862,3
696.968,0
697.074,24
697.181,6
697.287,0
697.393,15
697.499,0
697.605,0
697.711,33
697.817,30
697.923,0
698.03,26
698.136,22
698.242,25
698.348,6
698.454,0
698.56,0
698.666,16
698.772,0
698.879,0
698.985,0
699.091,31
699.197,24
699.303,6
699.409,15
699.515,0
