59.6745,0
59.7814,0
59.8883,50
59.9952,29
60.1021,0
60.209,0
60.3159,28
60.4228,17
60.5296,0
60.6365,0
60.7434,22
60.8503,0
60.9572,12
61.0641,9
61.171,2
61.2779,10
61.3848,0
61.4917,20
61.5986,0
61.7055,0
61.8124,34
61.9193,28
62.0261,30
62.133,28
62.2399,0
62.3468,0
62.4537,22
62.5606,33
62.6675,0
62.7744,6
62.8813,8
62.9882,0
63.0951,11
63.202,19
63.3089,0
63.4158,21
63.5226,28
63.6295,22
63.7364,0
63.8433,13
63.9502,6
64.0571,12
64.164,0
64.2709,45
64.3778,24
64.4847,0
64.5916,0
64.6985,11
64.8054,15
64.9123,0
65.0192,0
65.1261,24
65.2329,37
65.3398,2
65.4467,4
65.5536,16
65.6605,21
65.7674,28
65.8743,0
65.9812,0
66.0881,0
66.195,10
66.3019,14
66.4088,8
66.5157,5
66.6226,0
66.7295,10
66.8364,0
66.9433,24
67.0502,0
67.157,30
67.2639,0
67.3708,26
67.4777,9
67.5846,26
67.6915,0
67.7984,29
67.9053,15
68.0122,0
68.1191,0
68.226,18
68.3329,9
68.4398,38
68.5467,10
68.6536,10
68.7605,14
68.8674,0
68.9743,9
69.0812,4
69.1881,0
69.295,8
69.4018,7
69.5087,11
69.6156,21
69.7225,0
69.8294,5
69.9363,29
70.0432,0
70.1501,15
70.257,31
70.3639,0
70.4708,0
70.5777,14
70.6846,38
70.7915,0
70.8984,0
71.0053,0
71.1122,8
71.2191,13
71.326,14
71.4329,21
71.5398,30
71.6467,0
71.7536,21
71.8605,0
71.9674,0
72.0742,4
72.1811,34
72.288,6
72.3949,0
72.5018,0
72.6087,1
72.7156,12
72.8225,5
72.9294,0
73.0363,0
73.1432,11
73.2501,0
73.357,2
73.4639,15
73.5708,11
73.6777,0
73.7846,9
73.8915,0
73.9984,2
74.1053,9
74.2122,0
74.3191,10
74.426,12
74.5329,0
74.6398,38
74.7467,18
74.8536,10
74.9605,25
75.0674,0
75.1743,0
75.2812,18
75.3881,8
75.495,11
75.6019,2
75.7088,0
75.8157,0
75.9225,18
76.0294,8
76.1363,0
76.2432,0
76.3501,0
76.457,0
76.5639,0
76.6708,2
76.7777,20
76.8846,0
76.9915,20
77.0984,12
77.2053,7
77.3122,8
77.4191,3
77.526,0
77.6329,4
77.7398,0
77.8467,0
77.9536,35
78.0605,16
78.1674,8
78.2743,0
78.3812,2
78.4881,0
78.595,0
78.7019,0
78.8088,1
78.9157,9
79.0226,0
79.1295,0
79.2364,0
79.3433,29
79.4502,8
79.5571,0
79.664,13
79.7709,0
79.8778,0
79.9847,9
80.0916,6
80.1985,0
80.3054,4
80.4123,16
80.5192,5
80.6261,11
80.733,0
80.8399,5
80.9468,0
81.0537,8
81.1606,0
81.2675,51
81.3744,35
81.4813,0
81.5882,0
81.6951,0
81.802,17
81.9089,8
82.0158,0
82.1227,14
82.2296,28
82.3365,0
82.4434,0
82.5503,24
82.6572,0
82.7641,28
82.871,12
82.9779,0
83.0848,0
83.1917,15
83.2986,15
83.4055,0
83.5124,0
83.6193,19
83.7262,15
83.8331,19
83.94,0
84.0469,0
84.1538,0
84.2607,3
84.3676,7
84.4745,0
84.5814,2
84.6883,8
84.7952,44
84.9021,4
85.009,0
85.1159,0
85.2228,18
85.3297,18
85.4366,3
85.5435,0
85.6504,12
85.7573,3
85.8642,0
85.9711,12
86.078,25
86.1849,0
86.2918,10
86.3987,0
86.5056,0
86.6125,0
86.7194,29
86.8263,1
86.9332,0
87.0401,12
87.147,25
87.2539,0
87.3608,3
87.4677,0
87.5746,0
87.6815,0
87.7884,17
87.8953,5
88.0022,8
88.1091,0
88.216,0
88.3229,18
88.4298,0
88.5367,9
88.6436,3
88.7505,13
88.8574,0
88.9643,1
89.0712,0
89.1781,14
89.285,0
89.3919,0
89.4988,0
89.6057,0
89.7126,22
89.8195,8
89.9264,22
90.0334,9
90.1403,26
90.2472,0
90.3541,0
90.461,29
90.5679,13
90.6748,0
90.7817,5
90.8886,7
90.9955,0
91.1024,0
91.2093,0
91.3162,0
91.4231,24
91.53,0
91.6369,0
91.7438,0
91.8507,0
91.9576,30
92.0645,43
92.1714,4
92.2783,8
92.3852,0
92.4921,24
92.599,0
92.7059,5
92.8128,13
92.9197,15
93.0266,7
93.1335,0
93.2404,9
93.3473,10
93.4542,6
93.5611,6
93.668,0
93.7749,0
93.8818,8
93.9887,0
94.0956,33
94.2025,14
94.3095,4
94.4164,0
94.5233,0
94.6302,3
94.7371,15
94.844,13
94.9509,0
95.0578,5
95.1647,10
95.2716,0
95.3785,17
95.4854,0
95.5923,26
95.6992,17
95.8061,0
95.913,0
96.0199,36
96.1268,13
96.2337,23
96.3406,5
96.4475,11
96.5544,0
96.6613,0
96.7682,25
96.8751,0
96.982,0
97.0889,0
97.1958,0
97.3027,0
97.4097,30
97.5166,5
97.6235,0
97.7304,0
97.8373,0
97.9442,9
98.0511,4
98.158,0
98.2649,2
98.3718,26
98.4787,11
98.5856,7
98.6925,0
98.7994,14
98.9063,4
99.0132,0
99.1201,28
99.227,0
99.3339,0
99.4408,4
99.5477,15
99.6546,2
99.7615,0
99.8684,10
99.9753,24
100.082,0
100.189,9
100.296,0
100.403,0
100.51,4
100.617,0
100.724,0
100.831,0
100.937,0
101.044,6
101.151,9
101.258,15
101.365,9
101.472,7
101.579,3
101.686,0
101.793,1
101.9,24
102.007,14
102.113,9
102.22,0
102.327,0
102.434,0
102.541,0
102.648,46
102.755,52
102.862,0
102.969,5
103.076,1
103.182,0
103.289,13
103.396,10
103.503,0
103.61,0
103.717,19
103.824,0
103.931,0
104.038,18
104.145,12
104.252,6
104.358,18
104.465,29
104.572,22
104.679,0
104.786,0
104.893,0
105,16
105.107,9
105.214,8
105.321,5
105.427,26
105.534,15
105.641,24
105.748,0
105.855,13
105.962,21
106.069,0
106.176,24
106.283,34
106.39,17
106.497,14
106.603,0
106.71,0
106.817,0
106.924,18
107.031,0
107.138,2
107.245,0
107.352,0
107.459,24
107.566,0
107.673,4
107.779,0
107.886,0
107.993,8
108.1,19
108.207,0
108.314,0
108.421,0
108.528,0
108.635,10
108.742,13
108.848,6
108.955,13
109.062,18
109.169,9
109.276,0
109.383,21
109.49,0
109.597,0
109.704,2
109.811,4
109.918,9
110.024,0
110.131,35
110.238,0
110.345,0
110.452,0
110.559,0
110.666,0
110.773,0
110.88,0
110.987,7
111.094,7
111.2,0
111.307,6
111.414,12
111.521,0
111.628,4
111.735,0
111.842,0
111.949,15
112.056,24
112.163,0
112.269,0
112.376,12
112.483,29
112.59,0
112.697,0
112.804,42
112.911,39
113.018,2
113.125,0
113.232,0
113.339,13
113.445,21
113.552,0
113.659,2
113.766,0
113.873,0
113.98,24
114.087,0
114.194,0
114.301,20
114.408,0
114.515,0
114.621,0
114.728,0
114.835,6
114.942,0
115.049,0
115.156,0
115.263,1
115.37,15
115.477,14
115.584,0
115.69,0
115.797,12
115.904,33
116.011,0
116.118,14
116.225,0
116.332,0
116.439,0
116.546,15
116.653,0
116.76,0
116.866,7
116.973,15
117.08,34
117.187,25
117.294,0
117.401,13
117.508,14
117.615,2
117.722,0
117.829,1
117.936,22
118.042,8
118.149,0
118.256,0
118.363,0
118.47,0
118.577,0
118.684,0
118.791,0
118.898,0
119.005,7
119.112,7
119.218,0
119.325,13
119.432,0
119.539,2
119.646,28
119.753,8
119.86,0
119.967,6
120.074,3
120.181,0
120.287,6
120.394,0
120.501,34
120.608,0
120.715,0
120.822,3
120.929,14
121.036,8
121.143,10
121.25,1
121.357,0
121.463,0
121.57,1
121.677,0
121.784,17
121.891,14
121.998,0
122.105,17
122.212,0
122.319,7
122.426,0
122.533,0
122.639,12
122.746,0
122.853,19
122.96,5
123.067,0
123.174,0
123.281,14
123.388,2
123.495,0
123.602,0
123.709,28
123.815,0
123.922,0
124.029,47
124.136,32
124.243,7
124.35,6
124.457,6
124.564,0
124.671,8
124.778,8
124.885,7
124.991,0
125.098,0
125.205,12
125.312,11
125.419,0
125.526,0
125.633,19
125.74,3
125.847,2
125.954,12
126.061,36
126.167,4
126.274,0
126.381,0
126.488,0
126.595,0
126.702,0
126.809,0
126.916,3
127.023,0
127.13,0
127.236,0
127.343,16
127.45,0
127.557,10
127.664,0
127.771,0
127.878,20
127.985,18
128.092,6
128.199,0
128.306,1
128.412,6
128.519,44
128.626,0
128.733,10
128.84,0
128.947,9
129.054,14
129.161,0
129.268,8
129.375,0
129.482,0
129.588,4
129.695,31
129.802,4
129.909,0
130.016,3
130.123,10
130.23,21
130.337,0
130.444,0
130.551,32
130.658,4
130.764,0
130.871,0
130.978,0
131.085,0
131.192,26
131.299,0
131.406,2
131.513,0
131.62,0
131.727,0
131.834,0
131.94,0
132.047,1
132.154,14
132.261,0
132.368,0
132.475,11
132.582,0
132.689,10
132.796,27
132.903,0
133.01,0
133.116,13
133.223,0
133.33,0
133.437,0
133.544,0
133.651,0
133.758,1
133.865,0
133.972,15
134.079,0
134.186,8
134.292,9
134.399,18
134.506,0
134.613,0
134.72,28
134.827,37
134.934,0
135.041,0
135.148,0
135.255,35
135.362,7
135.468,0
135.575,27
135.682,8
135.789,11
135.896,0
136.003,0
136.11,0
136.217,2
136.324,3
136.431,0
136.538,11
136.644,0
136.751,0
136.858,8
136.965,0
137.072,0
137.179,0
137.286,8
137.393,10
137.5,34
137.607,0
137.714,0
137.82,19
137.927,7
138.034,12
138.141,5
138.248,5
138.355,20
138.462,3
138.569,4
138.676,4
138.783,0
138.89,21
138.996,13
139.103,0
139.21,0
139.317,17
139.424,0
139.531,0
139.638,4
139.745,0
139.852,8
139.959,7
140.065,1
140.172,0
140.279,12
140.386,0
140.493,14
140.6,0
140.707,0
140.814,5
140.921,23
141.028,7
141.135,9
141.241,0
141.348,0
141.455,13
141.562,4
141.669,0
141.776,1
141.883,20
141.99,10
142.097,0
142.204,1
142.311,6
142.417,0
142.524,13
142.631,0
142.738,0
142.845,0
142.952,0
143.059,2
143.166,2
143.273,0
143.38,0
143.487,0
143.593,15
143.7,0
143.807,0
143.914,13
144.021,2
144.128,0
144.235,0
144.342,6
144.449,46
144.556,30
144.663,18
144.769,9
144.876,8
144.983,0
145.09,0
145.197,0
145.304,0
145.411,16
145.518,34
145.625,24
145.732,0
145.839,0
145.945,0
146.052,0
146.159,7
146.266,13
146.373,0
146.48,19
146.587,3
146.694,35
146.801,15
146.908,10
147.015,0
147.121,0
147.228,12
147.335,0
147.442,0
147.549,0
147.656,0
147.763,0
147.87,0
147.977,3
148.084,0
148.191,0
148.297,33
148.404,0
148.511,0
148.618,0
148.725,4
148.832,17
148.939,17
149.046,0
149.153,27
149.26,0
149.367,0
149.473,0
149.58,12
149.687,0
149.794,0
149.901,0
150.008,0
150.115,5
150.222,18
150.329,28
150.436,7
150.543,0
150.649,3
150.756,9
150.863,0
150.97,0
151.077,21
151.184,22
151.291,2
151.398,4
151.505,0
151.612,0
151.719,0
151.825,0
151.932,7
152.039,0
152.146,11
152.253,0
152.36,0
152.467,21
152.574,0
152.681,8
152.788,0
152.894,0
153.001,0
153.108,0
153.215,3
153.322,0
153.429,0
153.536,17
153.643,13
153.75,2
153.857,0
153.964,0
154.07,0
154.177,10
154.284,0
154.391,17
154.498,21
154.605,6
154.712,14
154.819,26
154.926,7
155.033,3
155.14,0
155.246,19
155.353,26
155.46,10
155.567,3
155.674,6
155.781,0
155.888,0
155.995,0
156.102,4
156.209,24
156.316,0
156.422,2
156.529,12
156.636,0
156.743,0
156.85,23
156.957,0
157.064,0
157.171,14
157.278,0
157.385,0
157.492,1
157.598,0
157.705,0
157.812,5
157.919,15
158.026,10
158.133,19
158.24,24
158.347,14
158.454,0
158.561,11
158.668,0
158.774,0
158.881,0
158.988,8
159.095,7
159.202,18
159.309,24
159.416,0
159.523,0
159.63,3
159.737,11
159.844,2
159.95,4
160.057,20
160.164,0
160.271,3
160.378,0
160.485,0
160.592,24
160.699,16
160.806,0
160.913,0
161.019,0
161.126,22
161.233,8
161.34,0
161.447,19
161.554,6
161.661,0
161.768,0
161.875,12
161.982,0
162.089,0
162.195,8
162.302,0
162.409,0
162.516,2
162.623,2
162.73,0
162.837,0
162.944,9
163.051,8
163.158,0
163.265,5
163.371,0
163.478,0
163.585,0
163.692,0
163.799,0
163.906,0
164.013,23
164.12,12
164.227,25
164.334,20
164.441,1
164.547,0
164.654,0
164.761,1
164.868,6
164.975,0
165.082,6
165.189,1
165.296,0
165.403,7
165.51,0
165.616,0
165.723,10
165.83,6
165.937,9
166.044,15
166.151,0
166.258,26
166.365,0
166.472,9
166.579,0
166.686,0
166.792,36
166.899,25
167.006,8
167.113,0
167.22,0
167.327,4
167.434,1
167.541,0
167.648,0
167.755,0
167.862,10
167.968,23
168.075,29
168.182,0
168.289,0
168.396,0
168.503,14
168.61,10
168.717,2
168.824,29
168.931,6
169.037,0
169.144,50
169.251,8
169.358,19
169.465,0
169.572,32
169.679,27
169.786,0
169.893,0
170,11
170.107,10
170.213,2
170.32,2
170.427,0
170.534,4
170.641,0
170.748,0
170.855,0
170.962,7
171.069,0
171.176,9
171.283,13
171.389,20
171.496,0
171.603,0
171.71,0
171.817,0
171.924,0
172.031,12
172.138,4
172.245,6
172.352,0
172.458,4
172.565,24
172.672,0
172.779,0
172.886,0
172.993,0
173.1,20
173.207,10
173.314,2
173.421,10
173.528,0
173.634,4
173.741,0
173.848,0
173.955,25
174.062,22
174.169,8
174.276,3
174.383,7
174.49,6
174.597,6
174.704,12
174.81,31
174.917,1
175.024,0
175.131,26
175.238,6
175.345,44
175.452,14
175.559,0
175.666,40
175.773,0
175.879,4
175.986,0
176.093,0
176.2,0
176.307,0
176.414,0
176.521,8
176.628,0
176.735,0
176.842,0
176.949,22
177.055,0
177.162,0
177.269,0
177.376,0
177.483,8
177.59,47
177.697,0
177.804,0
177.911,0
178.018,9
178.124,28
178.231,2
178.338,18
178.445,0
178.552,7
178.659,13
178.766,0
178.873,0
178.98,0
179.087,0
179.194,0
179.3,5
179.407,0
179.514,0
179.621,10
179.728,8
179.835,5
179.942,1
180.049,0
180.156,2
180.263,4
180.369,5
180.476,0
180.583,0
180.69,14
180.797,30
180.904,0
181.011,0
181.118,0
181.225,0
181.332,2
181.439,11
181.545,7
181.652,10
181.759,0
181.866,0
181.973,0
182.08,6
182.187,12
182.294,16
182.401,1
182.508,0
182.614,9
182.721,25
182.828,0
182.935,6
183.042,0
183.149,0
183.256,13
183.363,0
183.47,0
183.577,0
183.683,0
183.79,8
183.897,0
184.004,10
184.111,0
184.218,0
184.325,0
184.432,7
184.539,0
184.646,0
184.753,6
184.859,0
184.966,2
185.073,17
185.18,4
185.287,28
185.394,3
185.501,15
185.608,0
185.715,0
185.822,4
185.928,16
186.035,0
186.142,13
186.249,0
186.356,0
186.463,0
186.57,17
186.677,0
186.784,0
186.891,0
186.997,2
187.104,0
187.211,28
187.318,0
187.425,11
187.532,16
187.639,0
187.746,29
187.853,16
187.96,0
188.067,0
188.173,29
188.28,0
188.387,0
188.494,0
188.601,4
188.708,32
188.815,0
188.922,2
189.029,3
189.136,0
189.242,0
189.349,7
189.456,14
189.563,0
189.67,0
189.777,0
189.884,12
189.991,4
190.098,0
190.205,9
190.311,15
190.418,12
190.525,0
190.632,9
190.739,13
190.846,0
190.953,3
191.06,9
191.167,0
191.274,0
191.38,7
191.487,3
191.594,9
191.701,0
191.808,6
191.915,0
192.022,0
192.129,0
192.236,0
192.343,3
192.45,0
192.556,0
192.663,12
192.77,8
192.877,18
192.984,16
193.091,0
193.198,18
193.305,0
193.412,0
193.519,13
193.625,0
193.732,14
193.839,3
193.946,3
194.053,0
194.16,0
194.267,24
194.374,31
194.481,0
194.588,0
194.694,14
194.801,0
194.908,6
195.015,26
195.122,17
195.229,25
195.336,0
195.443,7
195.55,18
195.657,12
195.763,21
195.87,0
195.977,14
196.084,0
196.191,25
196.298,43
196.405,0
196.512,0
196.619,0
196.726,7
196.832,7
196.939,0
197.046,0
197.153,1
197.26,11
197.367,0
197.474,0
197.581,0
197.688,0
197.795,0
197.901,2
198.008,0
198.115,0
198.222,9
198.329,0
198.436,32
198.543,21
198.65,0
198.757,0
198.864,36
198.97,33
199.077,0
199.184,0
199.291,0
199.398,0
199.505,0
199.612,0
199.719,0
199.826,7
199.933,0
200.039,0
200.146,11
200.253,13
200.36,26
200.467,0
200.574,0
200.681,15
200.788,0
200.895,0
201.002,26
201.108,11
201.215,11
201.322,16
201.429,29
201.536,5
201.643,0
201.75,0
201.857,8
201.964,0
202.071,0
202.177,19
202.284,0
202.391,0
202.498,20
202.605,20
202.712,0
202.819,10
202.926,0
203.033,19
203.14,0
203.246,2
203.353,0
203.46,0
203.567,0
203.674,23
203.781,16
203.888,11
203.995,0
204.102,8
204.208,15
204.315,0
204.422,0
204.529,14
204.636,10
204.743,0
204.85,0
204.957,33
205.064,0
205.171,3
205.277,2
205.384,0
205.491,0
205.598,0
205.705,0
205.812,0
205.919,16
206.026,0
206.133,0
206.24,7
206.346,0
206.453,11
206.56,4
206.667,17
206.774,0
206.881,4
206.988,0
207.095,13
207.202,17
207.309,5
207.415,0
207.522,4
207.629,0
207.736,2
207.843,7
207.95,2
208.057,0
208.164,44
208.271,29
208.377,0
208.484,0
208.591,25
208.698,9
208.805,0
208.912,11
209.019,21
209.126,0
209.233,6
209.34,0
209.446,0
209.553,37
209.66,26
209.767,0
209.874,0
209.981,11
210.088,1
210.195,0
210.302,0
210.409,26
210.515,2
210.622,14
210.729,0
210.836,26
210.943,0
211.05,0
211.157,32
211.264,0
211.371,0
211.477,0
211.584,6
211.691,0
211.798,0
211.905,23
212.012,34
212.119,12
212.226,0
212.333,0
212.44,11
212.546,1
212.653,3
212.76,22
212.867,0
212.974,1
213.081,0
213.188,1
213.295,0
213.402,19
213.508,6
213.615,0
213.722,0
213.829,26
213.936,21
214.043,0
214.15,0
214.257,14
214.364,0
214.471,0
214.577,0
214.684,14
214.791,13
214.898,0
215.005,46
215.112,22
215.219,0
215.326,3
215.433,4
215.539,0
215.646,14
215.753,0
215.86,8
215.967,16
216.074,19
216.181,0
216.288,0
216.395,16
216.502,18
216.608,0
216.715,3
216.822,0
216.929,0
217.036,4
217.143,8
217.25,6
217.357,0
217.464,0
217.57,19
217.677,36
217.784,1
217.891,22
217.998,25
218.105,17
218.212,0
218.319,25
218.426,37
218.532,33
218.639,4
218.746,17
218.853,37
218.96,1
219.067,4
219.174,0
219.281,0
219.388,4
219.495,0
219.601,0
219.708,32
219.815,12
219.922,0
220.029,4
220.136,7
220.243,22
220.35,34
220.457,0
220.563,0
220.67,0
220.777,0
220.884,38
220.991,18
221.098,4
221.205,0
221.312,15
221.419,0
221.525,2
221.632,18
221.739,7
221.846,2
221.953,0
222.06,6
222.167,0
222.274,8
222.381,4
222.488,0
222.594,0
222.701,0
222.808,20
222.915,14
223.022,14
223.129,0
223.236,7
223.343,21
223.45,14
223.556,16
223.663,0
223.77,25
223.877,0
223.984,17
224.091,22
224.198,0
224.305,3
224.412,2
224.518,4
224.625,0
224.732,13
224.839,0
224.946,0
225.053,16
225.16,9
225.267,0
225.374,1
225.48,23
225.587,0
225.694,0
225.801,0
225.908,0
226.015,0
226.122,0
226.229,2
226.336,0
226.442,24
226.549,17
226.656,1
226.763,10
226.87,19
226.977,0
227.084,31
227.191,0
227.298,14
227.404,12
227.511,18
227.618,0
227.725,0
227.832,9
227.939,0
228.046,1
228.153,32
228.26,30
228.366,7
228.473,10
228.58,17
228.687,0
228.794,29
228.901,38
229.008,33
229.115,0
229.222,8
229.328,0
229.435,0
229.542,0
229.649,0
229.756,23
229.863,0
229.97,19
230.077,10
230.184,8
230.29,30
230.397,3
230.504,1
230.611,10
230.718,0
230.825,0
230.932,51
231.039,35
231.146,26
231.252,5
231.359,21
231.466,0
231.573,0
231.68,19
231.787,0
231.894,30
232.001,5
232.108,0
232.214,0
232.321,15
232.428,25
232.535,2
232.642,7
232.749,9
232.856,1
232.963,0
233.07,10
233.176,35
233.283,30
233.39,4
233.497,5
233.604,0
233.711,18
233.818,0
233.925,0
234.031,0
234.138,16
234.245,1
234.352,10
234.459,0
234.566,0
234.673,17
234.78,0
234.887,11
234.993,0
235.1,2
235.207,0
235.314,2
235.421,8
235.528,0
235.635,1
235.742,0
235.849,0
235.955,24
236.062,21
236.169,0
236.276,0
236.383,26
236.49,23
236.597,0
236.704,0
236.81,14
236.917,0
237.024,3
237.131,4
237.238,0
237.345,3
237.452,30
237.559,0
237.666,0
237.772,14
237.879,30
237.986,20
238.093,0
238.2,16
238.307,9
238.414,0
238.521,0
238.628,1
238.734,0
238.841,0
238.948,7
239.055,0
239.162,21
239.269,28
239.376,17
239.483,11
239.589,0
239.696,0
239.803,14
239.91,0
240.017,0
240.124,7
240.231,0
240.338,10
240.445,8
240.551,28
240.658,8
240.765,2
240.872,38
240.979,2
241.086,0
241.193,24
241.3,23
241.406,0
241.513,0
241.62,52
241.727,3
241.834,12
241.941,0
242.048,4
242.155,0
242.262,0
242.368,23
242.475,9
242.582,13
242.689,24
242.796,6
242.903,14
243.01,8
243.117,25
243.223,19
243.33,0
243.437,11
243.544,32
243.651,0
243.758,2
243.865,0
243.972,14
244.079,0
244.185,12
244.292,8
244.399,2
244.506,29
244.613,0
244.72,4
244.827,4
244.934,16
245.04,0
245.147,3
245.254,22
245.361,3
245.468,0
245.575,5
245.682,5
245.789,0
245.896,15
246.002,11
246.109,0
246.216,0
246.323,15
246.43,20
246.537,18
246.644,1
246.751,1
246.857,11
246.964,0
247.071,0
247.178,16
247.285,34
247.392,11
247.499,0
247.606,19
247.712,4
247.819,14
247.926,6
248.033,0
248.14,13
248.247,0
248.354,0
248.461,8
248.567,13
248.674,9
248.781,0
248.888,6
248.995,33
249.102,0
249.209,0
249.316,37
249.423,8
249.529,0
249.636,11
249.743,4
249.85,8
249.957,0
250.064,12
250.171,8
250.278,5
250.384,18
250.491,0
250.598,11
250.705,5
250.812,19
250.919,0
251.026,19
251.133,24
251.239,17
251.346,1
251.453,3
251.56,0
251.667,0
251.774,8
251.881,6
251.988,25
252.094,0
252.201,0
252.308,17
252.415,38
252.522,1
252.629,4
252.736,0
252.843,18
252.949,8
253.056,0
253.163,14
253.27,0
253.377,5
253.484,0
253.591,6
253.698,0
253.804,0
253.911,0
254.018,2
254.125,16
254.232,4
254.339,28
254.446,2
254.553,0
254.659,0
254.766,8
254.873,0
254.98,24
255.087,13
255.194,7
255.301,3
255.408,18
255.514,0
255.621,2
255.728,10
255.835,26
255.942,9
256.049,0
256.156,0
256.263,0
256.369,0
256.476,2
256.583,15
256.69,12
256.797,16
256.904,0
257.011,13
257.118,0
257.224,10
257.331,9
257.438,0
257.545,0
257.652,26
257.759,1
257.866,13
257.973,0
258.079,0
258.186,29
258.293,6
258.4,8
258.507,0
258.614,13
258.721,0
258.828,5
258.934,15
259.041,9
259.148,3
259.255,0
259.362,17
259.469,36
259.576,0
259.683,10
259.789,2
259.896,22
260.003,5
260.11,19
260.217,0
260.324,2
260.431,0
260.537,26
260.644,0
260.751,0
260.858,10
260.965,9
261.072,4
261.179,3
261.286,0
261.392,4
261.499,0
261.606,20
261.713,0
261.82,19
261.927,1
262.034,2
262.141,0
262.247,6
262.354,10
262.461,0
262.568,27
262.675,3
262.782,0
262.889,0
262.996,22
263.102,7
263.209,7
263.316,0
263.423,0
263.53,23
263.637,0
263.744,15
263.85,18
263.957,0
264.064,2
264.171,15
264.278,7
264.385,0
264.492,7
264.599,0
264.705,13
264.812,0
264.919,0
265.026,24
265.133,1
265.24,7
265.347,0
265.454,33
265.56,27
265.667,16
265.774,17
265.881,0
265.988,3
266.095,18
266.202,0
266.308,9
266.415,43
266.522,0
266.629,8
266.736,38
266.843,0
266.95,0
267.057,0
267.163,10
267.27,22
267.377,11
267.484,0
267.591,24
267.698,10
267.805,0
267.911,0
268.018,0
268.125,23
268.232,3
268.339,0
268.446,2
268.553,22
268.66,32
268.766,11
268.873,0
268.98,13
269.087,0
269.194,11
269.301,2
269.408,8
269.514,10
269.621,15
269.728,0
269.835,1
269.942,0
270.049,19
270.156,0
270.263,5
270.369,0
270.476,23
270.583,28
270.69,0
270.797,7
270.904,9
271.011,0
271.117,0
271.224,0
271.331,4
271.438,2
271.545,4
271.652,0
271.759,23
271.866,17
271.972,23
272.079,24
272.186,19
272.293,6
272.4,23
272.507,0
272.614,0
272.72,4
272.827,0
272.934,6
273.041,1
273.148,2
273.255,0
273.362,43
273.468,0
273.575,0
273.682,52
273.789,8
273.896,2
274.003,4
274.11,0
274.217,0
274.323,10
274.43,35
274.537,0
274.644,0
274.751,19
274.858,0
274.965,3
275.071,24
275.178,0
275.285,22
275.392,0
275.499,14
275.606,14
275.713,0
275.819,34
275.926,25
276.033,17
276.14,7
276.247,0
276.354,47
276.461,36
276.567,40
276.674,21
276.781,0
276.888,0
276.995,0
277.102,15
277.209,0
277.315,0
277.422,0
277.529,15
277.636,0
277.743,19
277.85,0
277.957,0
278.064,24
278.17,0
278.277,0
278.384,12
278.491,22
278.598,0
278.705,0
278.812,11
278.918,3
279.025,0
279.132,49
279.239,83
279.346,94
279.453,17
279.56,0
279.666,7
279.773,0
279.88,16
279.987,28
280.094,0
280.201,11
280.308,0
280.414,16
280.521,2
280.628,10
280.735,0
280.842,0
280.949,21
281.056,6
281.162,12
281.269,0
281.376,0
281.483,37
281.59,14
281.697,16
281.804,12
281.91,26
282.017,19
282.124,0
282.231,10
282.338,11
282.445,0
282.552,20
282.658,0
282.765,6
282.872,13
282.979,0
283.086,0
283.193,6
283.3,16
283.406,0
283.513,6
283.62,0
283.727,24
283.834,18
283.941,0
284.048,0
284.154,0
284.261,0
284.368,28
284.475,28
284.582,0
284.689,11
284.796,20
284.902,40
285.009,0
285.116,13
285.223,26
285.33,4
285.437,3
285.544,0
285.65,6
285.757,5
285.864,0
285.971,4
286.078,0
286.185,1
286.292,0
286.398,11
286.505,2
286.612,5
286.719,0
286.826,5
286.933,0
287.039,0
287.146,22
287.253,0
287.36,0
287.467,0
287.574,0
287.681,17
287.787,0
287.894,0
288.001,27
288.108,0
288.215,0
288.322,0
288.429,7
288.535,0
288.642,0
288.749,22
288.856,23
288.963,3
289.07,25
289.177,0
289.283,2
289.39,9
289.497,0
289.604,31
289.711,23
289.818,0
289.924,17
290.031,9
290.138,0
290.245,0
290.352,0
290.459,0
290.566,0
290.672,1
290.779,4
290.886,11
290.993,0
291.1,0
291.207,12
291.314,11
291.42,3
291.527,10
291.634,16
291.741,0
291.848,0
291.955,0
292.062,5
292.168,0
292.275,8
292.382,0
292.489,0
292.596,0
292.703,4
292.809,0
292.916,0
293.023,0
293.13,5
293.237,0
293.344,19
293.451,3
293.557,0
293.664,0
293.771,18
293.878,0
293.985,19
294.092,4
294.198,0
294.305,0
294.412,7
294.519,0
294.626,0
294.733,7
294.84,0
294.946,0
295.053,37
295.16,14
295.267,2
295.374,3
295.481,0
295.588,0
295.694,20
295.801,0
295.908,0
296.015,2
296.122,8
296.229,0
296.335,10
296.442,1
296.549,0
296.656,0
296.763,27
296.87,0
296.977,0
297.083,0
297.19,12
297.297,0
297.404,15
297.511,4
297.618,8
297.724,13
297.831,11
297.938,9
298.045,14
298.152,0
298.259,6
298.365,28
298.472,32
298.579,30
298.686,0
298.793,0
298.9,0
299.007,0
299.113,11
299.22,0
299.327,0
299.434,1
299.541,19
299.648,27
299.754,20
299.861,36
299.968,2
300.075,8
300.182,0
300.289,0
300.396,2
300.502,0
300.609,22
300.716,23
300.823,0
300.93,0
301.037,8
301.143,14
301.25,0
301.357,13
301.464,0
301.571,9
301.678,4
301.784,10
301.891,0
301.998,16
302.105,30
302.212,0
302.319,0
302.426,37
302.532,0
302.639,0
302.746,0
302.853,10
302.96,8
303.067,15
303.173,5
303.28,0
303.387,6
303.494,0
303.601,1
303.708,0
303.814,3
303.921,0
304.028,0
304.135,4
304.242,2
304.349,0
304.456,0
304.562,51
304.669,73
304.776,33
304.883,8
304.99,0
305.097,4
305.203,11
305.31,14
305.417,0
305.524,0
305.631,0
305.738,32
305.844,26
305.951,0
306.058,0
306.165,0
306.272,17
306.379,20
306.485,0
306.592,27
306.699,0
306.806,22
306.913,10
307.02,21
307.126,11
307.233,18
307.34,0
307.447,24
307.554,0
307.661,8
307.767,0
307.874,19
307.981,7
308.088,1
308.195,40
308.302,0
308.409,0
308.515,0
308.622,11
308.729,0
308.836,0
308.943,1
309.05,0
309.156,20
309.263,0
309.37,22
309.477,0
309.584,24
309.691,39
309.797,15
309.904,0
310.011,0
310.118,24
310.225,17
310.332,0
310.438,0
310.545,0
310.652,0
310.759,20
310.866,8
310.973,0
311.079,14
311.186,28
311.293,36
311.4,8
311.507,11
311.614,2
311.72,0
311.827,9
311.934,6
312.041,0
312.148,0
312.255,8
312.361,2
312.468,8
312.575,0
312.682,0
312.789,13
312.896,10
313.002,0
313.109,1
313.216,4
313.323,20
313.43,0
313.537,4
313.643,5
313.75,4
313.857,0
313.964,8
314.071,0
314.178,13
314.284,19
314.391,12
314.498,0
314.605,41
314.712,0
314.819,0
314.925,0
315.032,29
315.139,0
315.246,0
315.353,0
315.46,21
315.566,0
315.673,3
315.78,0
315.887,5
315.994,0
316.1,8
316.207,4
316.314,0
316.421,47
316.528,33
316.635,8
316.741,31
316.848,0
316.955,2
317.062,0
317.169,0
317.276,17
317.382,31
317.489,0
317.596,3
317.703,30
317.81,10
317.917,0
318.023,26
318.13,0
318.237,0
318.344,0
318.451,0
318.558,23
318.664,0
318.771,0
318.878,24
318.985,14
319.092,13
319.199,2
319.305,0
319.412,26
319.519,17
319.626,0
319.733,26
319.839,22
319.946,0
320.053,0
320.16,0
320.267,5
320.374,6
320.48,5
320.587,10
320.694,0
320.801,21
320.908,21
321.015,0
321.121,12
321.228,18
321.335,10
321.442,0
321.549,0
321.655,0
321.762,15
321.869,0
321.976,1
322.083,4
322.19,0
322.296,0
322.403,0
322.51,13
322.617,0
322.724,0
322.831,19
322.937,18
323.044,7
323.151,0
323.258,15
323.365,7
323.472,15
323.578,21
323.685,29
323.792,2
323.899,12
324.006,0
324.112,27
324.219,2
324.326,1
324.433,0
324.54,0
324.647,6
324.753,7
324.86,0
324.967,0
325.074,17
325.181,6
325.287,11
325.394,18
325.501,14
325.608,26
325.715,0
325.822,24
325.928,31
326.035,2
326.142,0
326.249,16
326.356,0
326.463,22
326.569,28
326.676,13
326.783,29
326.89,2
326.997,0
327.103,37
327.21,25
327.317,0
327.424,0
327.531,0
327.638,0
327.744,3
327.851,0
327.958,2
328.065,8
328.172,3
328.278,0
328.385,0
328.492,0
328.599,0
328.706,0
328.813,0
328.919,0
329.026,41
329.133,0
329.24,0
329.347,11
329.453,0
329.56,0
329.667,3
329.774,25
329.881,8
329.988,18
330.094,0
330.201,0
330.308,0
330.415,34
330.522,1
330.628,4
330.735,25
330.842,5
330.949,0
331.056,0
331.162,2
331.269,0
331.376,0
331.483,21
331.59,11
331.697,11
331.803,0
331.91,0
332.017,16
332.124,29
332.231,0
332.337,0
332.444,8
332.551,0
332.658,0
332.765,1
332.872,0
332.978,0
333.085,10
333.192,0
333.299,0
333.406,0
333.512,0
333.619,1
333.726,0
333.833,0
333.94,0
334.046,8
334.153,21
334.26,10
334.367,16
334.474,0
334.581,12
334.687,0
334.794,0
334.901,0
335.008,0
335.115,28
335.221,6
335.328,9
335.435,6
335.542,32
335.649,19
335.755,0
335.862,0
335.969,9
336.076,3
336.183,9
336.29,0
336.396,2
336.503,15
336.61,10
336.717,0
336.824,0
336.93,22
337.037,16
337.144,13
337.251,15
337.358,9
337.464,0
337.571,0
337.678,0
337.785,38
337.892,28
337.998,0
338.105,0
338.212,0
338.319,0
338.426,0
338.533,43
338.639,15
338.746,0
338.853,11
338.96,21
339.067,1
339.173,20
339.28,0
339.387,0
339.494,0
339.601,0
339.707,0
339.814,72
339.921,47
340.028,0
340.135,0
340.241,0
340.348,13
340.455,5
340.562,0
340.669,9
340.775,0
340.882,3
340.989,29
341.096,0
341.203,0
341.309,0
341.416,0
341.523,13
341.63,21
341.737,0
341.844,6
341.95,34
342.057,78
342.164,89
342.271,60
342.378,89
342.484,64
342.591,21
342.698,0
342.805,0
342.912,0
343.018,11
343.125,0
343.232,25
343.339,64
343.446,59
343.552,28
343.659,0
343.766,1
343.873,9
343.98,7
344.086,12
344.193,0
344.3,12
344.407,3
344.514,3
344.62,0
344.727,0
344.834,0
344.941,3
345.048,11
345.154,0
345.261,0
345.368,6
345.475,0
345.582,1
345.688,6
345.795,0
345.902,0
346.009,0
346.116,2
346.222,13
346.329,3
346.436,0
346.543,0
346.65,17
346.756,7
346.863,0
346.97,0
347.077,0
347.184,20
347.29,4
347.397,6
347.504,0
347.611,0
347.718,13
347.824,0
347.931,0
348.038,0
348.145,19
348.252,0
348.358,0
348.465,39
348.572,38
348.679,14
348.786,0
348.892,0
348.999,0
349.106,23
349.213,11
349.32,0
349.426,0
349.533,0
349.64,0
349.747,20
349.854,0
349.96,0
350.067,0
350.174,0
350.281,5
350.388,21
350.494,0
350.601,0
350.708,0
350.815,13
350.922,0
351.028,0
351.135,0
351.242,6
351.349,8
351.456,0
351.562,0
351.669,12
351.776,28
351.883,0
351.989,2
352.096,2
352.203,12
352.31,22
352.417,7
352.523,31
352.63,0
352.737,14
352.844,16
352.951,0
353.057,27
353.164,0
353.271,17
353.378,1
353.485,22
353.591,0
353.698,0
353.805,0
353.912,12
354.019,2
354.125,16
354.232,0
354.339,25
354.446,0
354.553,0
354.659,16
354.766,8
354.873,26
354.98,0
355.086,13
355.193,18
355.3,12
355.407,7
355.514,0
355.62,3
355.727,0
355.834,0
355.941,0
356.048,16
356.154,0
356.261,21
356.368,16
356.475,24
356.582,0
356.688,4
356.795,16
356.902,9
357.009,7
357.115,0
357.222,0
357.329,15
357.436,2
357.543,0
357.649,0
357.756,0
357.863,0
357.97,11
358.077,0
358.183,4
358.29,16
358.397,0
358.504,0
358.61,35
358.717,10
358.824,26
358.931,0
359.038,0
359.144,32
359.251,51
359.358,0
359.465,0
359.572,0
359.678,0
359.785,6
359.892,32
359.999,0
360.105,12
360.212,0
360.319,0
360.426,0
360.533,3
360.639,1
360.746,7
360.853,13
360.96,0
361.067,2
361.173,0
361.28,11
361.387,0
361.494,0
361.6,24
361.707,26
361.814,4
361.921,0
362.028,0
362.134,0
362.241,0
362.348,0
362.455,0
362.562,0
362.668,0
362.775,0
362.882,2
362.989,16
363.095,24
363.202,25
363.309,1
363.416,0
363.523,0
363.629,18
363.736,0
363.843,29
363.95,14
364.056,16
364.163,42
364.27,12
364.377,0
364.484,0
364.59,0
364.697,4
364.804,0
364.911,11
365.017,14
365.124,0
365.231,20
365.338,14
365.445,0
365.551,0
365.658,0
365.765,0
365.872,5
365.979,0
366.085,21
366.192,8
366.299,0
366.406,5
366.512,1
366.619,0
366.726,0
366.833,12
366.94,0
367.046,0
367.153,0
367.26,0
367.367,8
367.473,0
367.58,0
367.687,0
367.794,0
367.9,0
368.007,29
368.114,0
368.221,0
368.328,0
368.434,0
368.541,0
368.648,0
368.755,1
368.861,8
368.968,0
369.075,7
369.182,4
369.289,20
369.395,5
369.502,0
369.609,0
369.716,0
369.822,45
369.929,28
370.036,0
370.143,0
370.25,4
370.356,0
370.463,0
370.57,6
370.677,4
370.783,0
370.89,0
370.997,0
371.104,24
371.211,0
371.317,0
371.424,2
371.531,0
371.638,0
371.744,11
371.851,11
371.958,0
372.065,4
372.171,0
372.278,22
372.385,10
372.492,15
372.599,14
372.705,0
372.812,13
372.919,0
373.026,14
373.132,7
373.239,0
373.346,0
373.453,9
373.559,22
373.666,7
373.773,0
373.88,6
373.987,1
374.093,0
374.2,15
374.307,0
374.414,12
374.52,7
374.627,12
374.734,0
374.841,6
374.947,0
375.054,4
375.161,0
375.268,0
375.375,0
375.481,0
375.588,0
375.695,10
375.802,0
375.908,0
376.015,0
376.122,0
376.229,22
376.335,9
376.442,12
376.549,7
376.656,14
376.763,0
376.869,18
376.976,14
377.083,0
377.19,9
377.296,0
377.403,0
377.51,21
377.617,0
377.723,17
377.83,0
377.937,0
378.044,4
378.15,8
378.257,5
378.364,0
378.471,0
378.578,21
378.684,20
378.791,0
378.898,0
379.005,5
379.111,22
379.218,0
379.325,0
379.432,22
379.538,10
379.645,0
379.752,0
379.859,8
379.965,6
380.072,0
380.179,0
380.286,0
380.392,0
380.499,40
380.606,40
380.713,0
380.82,18
380.926,0
381.033,16
381.14,14
381.247,2
381.353,41
381.46,74
381.567,20
381.674,6
381.78,0
381.887,16
381.994,0
382.101,0
382.207,30
382.314,0
382.421,0
382.528,16
382.634,31
382.741,0
382.848,0
382.955,0
383.061,0
383.168,12
383.275,0
383.382,0
383.488,0
383.595,33
383.702,22
383.809,0
383.916,0
384.022,4
384.129,0
384.236,30
384.343,16
384.449,0
384.556,15
384.663,24
384.77,0
384.876,0
384.983,5
385.09,4
385.197,0
385.303,0
385.41,20
385.517,10
385.624,5
385.73,3
385.837,0
385.944,0
386.051,19
386.157,7
386.264,34
386.371,64
386.478,35
386.584,8
386.691,0
386.798,0
386.905,0
387.011,45
387.118,238
387.225,164
387.332,31
387.438,0
387.545,0
387.652,0
387.759,0
387.865,0
387.972,0
388.079,0
388.186,0
388.292,4
388.399,0
388.506,20
388.613,0
388.719,0
388.826,9
388.933,0
389.04,0
389.146,0
389.253,6
389.36,69
389.467,234
389.573,161
389.68,94
389.787,0
389.894,0
390,22
390.107,0
390.214,4
390.321,0
390.427,5
390.534,8
390.641,10
390.748,10
390.854,0
390.961,0
391.068,0
391.175,72
391.281,15
391.388,0
391.495,0
391.602,0
391.708,0
391.815,8
391.922,0
392.029,12
392.135,0
392.242,15
392.349,19
392.456,0
392.562,0
392.669,9
392.776,0
392.883,0
392.989,7
393.096,0
393.203,8
393.31,0
393.416,9
393.523,0
393.63,1
393.737,14
393.843,6
393.95,0
394.057,0
394.164,16
394.27,12
394.377,0
394.484,0
394.591,0
394.697,0
394.804,0
394.911,4
395.018,0
395.124,38
395.231,10
395.338,0
395.445,0
395.551,0
395.658,3
395.765,0
395.871,0
395.978,0
396.085,2
396.192,0
396.298,8
396.405,0
396.512,2
396.619,17
396.725,29
396.832,0
396.939,1
397.046,17
397.152,3
397.259,3
397.366,0
397.473,0
397.579,9
397.686,12
397.793,0
397.9,0
398.006,6
398.113,32
398.22,2
398.327,0
398.433,0
398.54,8
398.647,7
398.753,0
398.86,16
398.967,18
399.074,0
399.18,0
399.287,0
399.394,0
399.501,0
399.607,11
399.714,0
399.821,0
399.928,14
400.034,87
400.141,88
400.248,68
400.355,17
400.461,0
400.568,15
400.675,92
400.781,58
400.888,23
400.995,4
401.102,0
401.208,0
401.315,18
401.422,0
401.529,0
401.635,0
401.742,0
401.849,42
401.956,32
402.062,0
402.169,0
402.276,5
402.382,0
402.489,12
402.596,22
402.703,0
402.809,0
402.916,0
403.023,0
403.13,0
403.236,0
403.343,6
403.45,0
403.557,0
403.663,116
403.77,164
403.877,84
403.983,0
404.09,0
404.197,0
404.304,0
404.41,0
404.517,14
404.624,25
404.731,33
404.837,20
404.944,32
405.051,20
405.158,2
405.264,12
405.371,0
405.478,0
405.584,18
405.691,25
405.798,20
405.905,4
406.011,0
406.118,14
406.225,0
406.332,15
406.438,3
406.545,7
406.652,14
406.758,15
406.865,15
406.972,0
407.079,0
407.185,0
407.292,24
407.399,1
407.506,9
407.612,10
407.719,12
407.826,0
407.932,0
408.039,5
408.146,0
408.253,22
408.359,11
408.466,9
408.573,10
408.68,8
408.786,0
408.893,38
409,34
409.106,11
409.213,0
409.32,0
409.427,31
409.533,7
409.64,0
409.747,84
409.853,104
409.96,46
410.067,0
410.174,0
410.28,28
410.387,0
410.494,0
410.601,0
410.707,4
410.814,3
410.921,0
411.027,0
411.134,0
411.241,0
411.348,14
411.454,7
411.561,28
411.668,8
411.774,21
411.881,70
411.988,44
412.095,1
412.201,0
412.308,0
412.415,0
412.522,24
412.628,33
412.735,20
412.842,0
412.948,0
413.055,15
413.162,23
413.269,15
413.375,21
413.482,7
413.589,18
413.695,19
413.802,74
413.909,60
414.016,37
414.122,0
414.229,10
414.336,15
414.442,18
414.549,11
414.656,38
414.763,0
414.869,0
414.976,36
415.083,0
415.189,0
415.296,15
415.403,5
415.51,12
415.616,0
415.723,14
415.83,0
415.936,25
416.043,80
416.15,98
416.257,20
416.363,6
416.47,12
416.577,3
416.683,0
416.79,11
416.897,22
417.004,0
417.11,22
417.217,42
417.324,58
417.43,9
417.537,23
417.644,58
417.751,43
417.857,0
417.964,0
418.071,28
418.177,0
418.284,0
418.391,3
418.498,4
418.604,0
418.711,59
418.818,26
418.924,14
419.031,8
419.138,26
419.245,35
419.351,24
419.458,6
419.565,0
419.671,0
419.778,2
419.885,0
419.992,0
420.098,12
420.205,14
420.312,22
420.418,0
420.525,0
420.632,0
420.738,29
420.845,11
420.952,2
421.059,16
421.165,19
421.272,3
421.379,7
421.485,4
421.592,19
421.699,0
421.806,0
421.912,12
422.019,0
422.126,6
422.232,0
422.339,17
422.446,45
422.552,55
422.659,0
422.766,0
422.873,8
422.979,6
423.086,0
423.193,23
423.299,11
423.406,0
423.513,0
423.62,13
423.726,2
423.833,0
423.94,2
424.046,11
424.153,7
424.26,0
424.366,0
424.473,0
424.58,11
424.687,0
424.793,0
424.9,0
425.007,0
425.113,15
425.22,10
425.327,2
425.433,0
425.54,0
425.647,0
425.754,1
425.86,2
425.967,0
426.074,0
426.18,0
426.287,16
426.394,18
426.5,32
426.607,14
426.714,29
426.821,6
426.927,0
427.034,8
427.141,28
427.247,0
427.354,0
427.461,12
427.567,0
427.674,3
427.781,57
427.888,34
427.994,28
428.101,4
428.208,0
428.314,0
428.421,26
428.528,0
428.634,0
428.741,2
428.848,1
428.955,16
429.061,12
429.168,46
429.275,6
429.381,0
429.488,0
429.595,0
429.701,0
429.808,7
429.915,0
430.021,7
430.128,23
430.235,3
430.342,0
430.448,0
430.555,9
430.662,0
430.768,0
430.875,0
430.982,0
431.088,0
431.195,0
431.302,85
431.409,87
431.515,33
431.622,0
431.729,0
431.835,19
431.942,0
432.049,22
432.155,0
432.262,10
432.369,0
432.475,0
432.582,23
432.689,17
432.796,0
432.902,15
433.009,24
433.116,14
433.222,0
433.329,56
433.436,85
433.542,54
433.649,0
433.756,0
433.862,21
433.969,21
434.076,8
434.182,0
434.289,0
434.396,0
434.503,0
434.609,10
434.716,3
434.823,0
434.929,0
435.036,0
435.143,3
435.249,5
435.356,8
435.463,0
435.569,2
435.676,5
435.783,0
435.889,24
435.996,0
436.103,0
436.21,0
436.316,7
436.423,0
436.53,13
436.636,135
436.743,94
436.85,72
436.956,36
437.063,56
437.17,90
437.276,51
437.383,20
437.49,14
437.596,0
437.703,7
437.81,19
437.916,37
438.023,6
438.13,13
438.237,58
438.343,46
438.45,30
438.557,26
438.663,0
438.77,6
438.877,8
438.983,0
439.09,18
439.197,77
439.303,69
439.41,43
439.517,3
439.623,0
439.73,0
439.837,0
439.943,6
440.05,11
440.157,0
440.263,0
440.37,0
440.477,6
440.583,14
440.69,21
440.797,8
440.904,1
441.01,0
441.117,0
441.224,0
441.33,0
441.437,9
441.544,21
441.65,2
441.757,37
441.864,0
441.97,0
442.077,0
442.184,0
442.29,18
442.397,24
442.504,0
442.61,0
442.717,19
442.824,11
442.93,0
443.037,19
443.144,0
443.25,24
443.357,16
443.464,0
443.57,0
443.677,2
443.784,35
443.89,0
443.997,0
444.104,4
444.21,4
444.317,0
444.424,0
444.53,31
444.637,19
444.744,4
444.851,9
444.957,0
445.064,14
445.171,17
445.277,29
445.384,0
445.491,59
445.597,29
445.704,5
445.811,0
445.917,3
446.024,27
446.131,30
446.237,0
446.344,0
446.451,56
446.557,91
446.664,19
446.771,19
446.877,6
446.984,5
447.091,2
447.197,11
447.304,18
447.411,6
447.517,29
447.624,0
447.731,8
447.837,17
447.944,8
448.051,0
448.157,1
448.264,3
448.371,6
448.477,2
448.584,0
448.691,4
448.797,11
448.904,23
449.011,5
449.117,6
449.224,15
449.331,30
449.437,8
449.544,28
449.651,0
449.757,0
449.864,22
449.971,0
450.077,0
450.184,6
450.291,0
450.397,0
450.504,11
450.611,6
450.717,4
450.824,16
450.931,0
451.037,24
451.144,23
451.251,1
451.357,8
451.464,54
451.571,28
451.677,28
451.784,0
451.891,0
451.997,0
452.104,0
452.21,0
452.317,17
452.424,0
452.53,0
452.637,6
452.744,13
452.85,0
452.957,0
453.064,14
453.17,15
453.277,0
453.384,0
453.49,11
453.597,0
453.704,0
453.81,8
453.917,0
454.024,0
454.13,13
454.237,14
454.344,1
454.45,0
454.557,7
454.664,0
454.77,0
454.877,31
454.984,0
455.09,0
455.197,34
455.304,7
455.41,0
455.517,8
455.624,0
455.73,122
455.837,166
455.944,109
456.05,0
456.157,6
456.263,0
456.37,0
456.477,0
456.583,7
456.69,0
456.797,13
456.903,31
457.01,0
457.117,0
457.223,11
457.33,0
457.437,2
457.543,9
457.65,0
457.757,0
457.863,33
457.97,72
458.077,73
458.183,22
458.29,8
458.397,24
458.503,8
458.61,2
458.716,9
458.823,33
458.93,0
459.036,0
459.143,13
459.25,15
459.356,32
459.463,0
459.57,20
459.676,46
459.783,46
459.89,13
459.996,0
460.103,1
460.21,3
460.316,5
460.423,23
460.53,5
460.636,12
460.743,12
460.849,29
460.956,45
461.063,58
461.169,4
461.276,0
461.383,0
461.489,0
461.596,23
461.703,7
461.809,0
461.916,0
462.023,14
462.129,0
462.236,23
462.342,3
462.449,0
462.556,18
462.662,28
462.769,19
462.876,17
462.982,17
463.089,0
463.196,10
463.302,11
463.409,25
463.516,27
463.622,21
463.729,1
463.835,2
463.942,58
464.049,53
464.155,28
464.262,0
464.369,4
464.475,0
464.582,30
464.689,8
464.795,20
464.902,39
465.009,36
465.115,33
465.222,24
465.328,0
465.435,26
465.542,15
465.648,0
465.755,0
465.862,50
465.968,24
466.075,2
466.182,0
466.288,12
466.395,8
466.501,0
466.608,3
466.715,0
466.821,11
466.928,15
467.035,17
467.141,4
467.248,0
467.355,6
467.461,0
467.568,0
467.674,0
467.781,0
467.888,7
467.994,32
468.101,0
468.208,13
468.314,16
468.421,24
468.528,23
468.634,0
468.741,13
468.847,0
468.954,0
469.061,3
469.167,0
469.274,2
469.381,13
469.487,0
469.594,32
469.701,14
469.807,17
469.914,16
470.02,16
470.127,17
470.234,2
470.34,0
470.447,5
470.554,0
470.66,0
470.767,0
470.873,0
470.98,0
471.087,0
471.193,0
471.3,6
471.407,0
471.513,0
471.62,0
471.727,2
471.833,15
471.94,4
472.046,0
472.153,11
472.26,2
472.366,0
472.473,0
472.58,11
472.686,9
472.793,0
472.899,0
473.006,0
473.113,8
473.219,0
473.326,6
473.433,43
473.539,152
473.646,121
473.752,54
473.859,0
473.966,0
474.072,15
474.179,0
474.286,0
474.392,0
474.499,0
474.605,7
474.712,13
474.819,0
474.925,87
475.032,87
475.139,45
475.245,14
475.352,10
475.458,6
475.565,16
475.672,13
475.778,0
475.885,7
475.992,20
476.098,5
476.205,10
476.311,29
476.418,0
476.525,29
476.631,34
476.738,24
476.844,0
476.951,0
477.058,13
477.164,0
477.271,15
477.378,30
477.484,27
477.591,7
477.697,14
477.804,0
477.911,25
478.017,6
478.124,21
478.231,20
478.337,12
478.444,9
478.55,0
478.657,0
478.764,17
478.87,19
478.977,20
479.083,0
479.19,1
479.297,6
479.403,0
479.51,0
479.617,14
479.723,20
479.83,0
479.936,0
480.043,4
480.15,6
480.256,19
480.363,0
480.469,0
480.576,16
480.683,4
480.789,0
480.896,8
481.003,4
481.109,14
481.216,0
481.322,10
481.429,61
481.536,32
481.642,0
481.749,0
481.855,18
481.962,1
482.069,4
482.175,7
482.282,15
482.388,0
482.495,7
482.602,0
482.708,6
482.815,0
482.922,12
483.028,17
483.135,0
483.241,4
483.348,20
483.455,0
483.561,12
483.668,10
483.774,0
483.881,1
483.988,0
484.094,0
484.201,0
484.307,0
484.414,0
484.521,4
484.627,34
484.734,16
484.84,0
484.947,0
485.054,17
485.16,67
485.267,100
485.373,92
485.48,6
485.587,0
485.693,0
485.8,0
485.907,25
486.013,0
486.12,0
486.226,16
486.333,8
486.44,0
486.546,0
486.653,0
486.759,11
486.866,0
486.973,0
487.079,0
487.186,24
487.292,27
487.399,0
487.506,0
487.612,9
487.719,0
487.825,0
487.932,32
488.039,43
488.145,0
488.252,13
488.358,0
488.465,2
488.572,23
488.678,0
488.785,4
488.891,0
488.998,2
489.105,0
489.211,0
489.318,20
489.424,19
489.531,0
489.638,25
489.744,0
489.851,8
489.957,4
490.064,13
490.171,11
490.277,0
490.384,8
490.49,23
490.597,14
490.704,19
490.81,0
490.917,13
491.023,0
491.13,23
491.237,2
491.343,0
491.45,19
491.556,7
491.663,6
491.769,21
491.876,16
491.983,3
492.089,8
492.196,28
492.302,5
492.409,14
492.516,0
492.622,0
492.729,4
492.835,0
492.942,0
493.049,0
493.155,19
493.262,10
493.368,7
493.475,6
493.582,0
493.688,0
493.795,2
493.901,26
494.008,0
494.114,0
494.221,0
494.328,0
494.434,0
494.541,4
494.647,22
494.754,0
494.861,0
494.967,12
495.074,0
495.18,6
495.287,10
495.394,20
495.5,2
495.607,9
495.713,0
495.82,6
495.926,2
496.033,0
496.14,24
496.246,0
496.353,0
496.459,7
496.566,0
496.673,0
496.779,0
496.886,10
496.992,11
497.099,7
497.206,0
497.312,0
497.419,0
497.525,0
497.632,0
497.738,0
497.845,33
497.952,30
498.058,8
498.165,0
498.271,0
498.378,0
498.485,1
498.591,0
498.698,0
498.804,2
498.911,5
499.017,4
499.124,0
499.231,13
499.337,7
499.444,0
499.55,18
499.657,2
499.763,0
499.87,0
499.977,5
500.083,12
500.19,14
500.296,9
500.403,0
500.51,0
500.616,0
500.723,26
500.829,0
500.936,7
501.042,12
501.149,14
501.256,14
501.362,30
501.469,1
501.575,0
501.682,10
501.788,14
501.895,0
502.002,0
502.108,14
502.215,9
502.321,0
502.428,0
502.534,5
502.641,4
502.748,0
502.854,9
502.961,4
503.067,18
503.174,0
503.281,14
503.387,0
503.494,22
503.6,6
503.707,4
503.813,6
503.92,0
504.027,0
504.133,23
504.24,6
504.346,0
504.453,11
504.559,0
504.666,0
504.773,9
504.879,2
504.986,0
505.092,0
505.199,0
505.305,0
505.412,0
505.518,6
505.625,9
505.732,11
505.838,0
505.945,8
506.051,17
506.158,45
506.264,0
506.371,6
506.478,41
506.584,15
506.691,0
506.797,0
506.904,0
507.01,26
507.117,0
507.224,0
507.33,17
507.437,21
507.543,0
507.65,7
507.756,5
507.863,0
507.97,0
508.076,20
508.183,0
508.289,0
508.396,0
508.502,36
508.609,38
508.715,0
508.822,0
508.929,1
509.035,16
509.142,0
509.248,1
509.355,59
509.461,220
509.568,161
509.675,64
509.781,0
509.888,0
509.994,0
510.101,12
510.207,0
510.314,2
510.42,5
510.527,14
510.634,0
510.74,0
510.847,0
510.953,0
511.06,8
511.166,34
511.273,32
511.379,12
511.486,8
511.593,0
511.699,0
511.806,0
511.912,8
512.019,0
512.125,6
512.232,1
512.339,9
512.445,8
512.552,11
512.658,15
512.765,0
512.871,0
512.978,1
513.084,27
513.191,0
513.298,4
513.404,42
513.511,2
513.617,9
513.724,12
513.83,124
513.937,111
514.043,32
514.15,0
514.256,9
514.363,0
514.47,111
514.576,111
514.683,28
514.789,3
514.896,0
515.002,13
515.109,0
515.215,0
515.322,16
515.429,0
515.535,22
515.642,6
515.748,0
515.855,0
515.961,26
516.068,53
516.174,28
516.281,5
516.388,0
516.494,4
516.601,96
516.707,127
516.814,74
516.92,0
517.027,0
517.133,0
517.24,0
517.346,15
517.453,14
517.56,0
517.666,14
517.773,7
517.879,18
517.986,17
518.092,0
518.199,34
518.305,39
518.412,6
518.518,4
518.625,6
518.732,20
518.838,6
518.945,0
519.051,0
519.158,30
519.264,50
519.371,0
519.477,0
519.584,25
519.69,11
519.797,0
519.903,1
520.01,0
520.117,0
520.223,21
520.33,0
520.436,8
520.543,0
520.649,0
520.756,20
520.862,9
520.969,0
521.075,21
521.182,15
521.289,0
521.395,0
521.502,7
521.608,1
521.715,0
521.821,16
521.928,0
522.034,7
522.141,0
522.247,14
522.354,20
522.46,21
522.567,15
522.674,0
522.78,0
522.887,0
522.993,0
523.1,0
523.206,0
523.313,0
523.419,0
523.526,0
523.632,15
523.739,0
523.845,10
523.952,11
524.058,0
524.165,0
524.272,20
524.378,20
524.485,0
524.591,0
524.698,0
524.804,9
524.911,0
525.017,0
525.124,4
525.23,16
525.337,14
525.443,0
525.55,0
525.656,18
525.763,3
525.87,0
525.976,0
526.083,7
526.189,16
526.296,4
526.402,4
526.509,0
526.615,12
526.722,3
526.828,8
526.935,20
527.041,21
527.148,11
527.254,0
527.361,0
527.467,11
527.574,20
527.68,0
527.787,0
527.894,0
528,16
528.107,0
528.213,0
528.32,11
528.426,0
528.533,18
528.639,22
528.746,7
528.852,0
528.959,0
529.065,6
529.172,18
529.278,0
529.385,9
529.491,5
529.598,4
529.704,0
529.811,41
529.918,55
530.024,0
530.131,0
530.237,0
530.344,0
530.45,4
530.557,1
530.663,0
530.77,0
530.876,10
530.983,0
531.089,0
531.196,27
531.302,22
531.409,0
531.515,0
531.622,12
531.728,24
531.835,2
531.941,20
532.048,0
532.154,0
532.261,19
532.367,7
532.474,0
532.581,0
532.687,21
532.794,6
532.9,0
533.007,0
533.113,3
533.22,0
533.326,21
533.433,0
533.539,0
533.646,0
533.752,18
533.859,0
533.965,3
534.072,3
534.178,0
534.285,0
534.391,0
534.498,0
534.604,14
534.711,0
534.817,17
534.924,0
535.03,11
535.137,2
535.243,0
535.35,8
535.456,14
535.563,0
535.669,0
535.776,0
535.882,1
535.989,0
536.095,22
536.202,2
536.308,0
536.415,0
536.521,4
536.628,6
536.735,29
536.841,39
536.948,60
537.054,38
537.161,28
537.267,0
537.374,0
537.48,8
537.587,2
537.693,0
537.8,3
537.906,0
538.013,14
538.119,38
538.226,9
538.332,8
538.439,12
538.545,18
538.652,8
538.758,0
538.865,0
538.971,26
539.078,0
539.184,0
539.291,0
539.397,50
539.504,50
539.61,5
539.717,0
539.823,10
539.93,15
540.036,0
540.143,2
540.249,0
540.356,0
540.462,41
540.569,36
540.675,0
540.782,0
540.888,2
540.995,21
541.101,20
541.208,0
541.314,21
541.421,0
541.527,5
541.634,0
541.74,26
541.847,6
541.953,0
542.06,15
542.166,6
542.273,20
542.379,0
542.486,0
542.592,22
542.699,24
542.805,0
542.912,0
543.018,24
543.125,0
543.231,8
543.338,11
543.444,15
543.551,0
543.657,0
543.764,30
543.87,0
543.977,0
544.083,4
544.19,0
544.296,0
544.403,7
544.509,8
544.616,0
544.722,0
544.829,16
544.935,2
545.042,4
545.148,0
545.255,0
545.361,8
545.467,8
545.574,16
545.68,0
545.787,8
545.893,0
546,5
546.106,17
546.213,5
546.319,19
546.426,9
546.532,0
546.639,0
546.745,0
546.852,0
546.958,2
547.065,0
547.171,10
547.278,2
547.384,0
547.491,5
547.597,26
547.704,14
547.81,7
547.917,0
548.023,14
548.13,0
548.236,0
548.343,36
548.449,49
548.556,31
548.662,1
548.769,6
548.875,13
548.982,1
549.088,8
549.195,0
549.301,18
549.408,0
549.514,6
549.62,4
549.727,11
549.833,17
549.94,0
550.046,2
550.153,18
550.259,15
550.366,5
550.472,0
550.579,14
550.685,0
550.792,4
550.898,0
551.005,0
551.111,26
551.218,57
551.324,4
551.431,0
551.537,0
551.644,9
551.75,15
551.857,0
551.963,0
552.07,0
552.176,4
552.282,15
552.389,0
552.495,0
552.602,2
552.708,2
552.815,24
552.921,0
553.028,0
553.134,17
553.241,3
553.347,0
553.454,0
553.56,6
553.667,0
553.773,24
553.88,0
553.986,18
554.093,0
554.199,0
554.305,8
554.412,11
554.518,1
554.625,0
554.731,14
554.838,13
554.944,0
555.051,0
555.157,9
555.264,33
555.37,2
555.477,0
555.583,13
555.69,24
555.796,33
555.903,0
556.009,9
556.115,13
556.222,0
556.328,0
556.435,19
556.541,32
556.648,13
556.754,19
556.861,5
556.967,0
557.074,0
557.18,0
557.287,14
557.393,13
557.5,0
557.606,0
557.713,8
557.819,11
557.925,22
558.032,0
558.138,0
558.245,0
558.351,0
558.458,0
558.564,0
558.671,0
558.777,0
558.884,0
558.99,11
559.097,16
559.203,6
559.309,0
559.416,13
559.522,4
559.629,16
559.735,0
559.842,0
559.948,2
560.055,0
560.161,0
560.268,7
560.374,0
560.481,8
560.587,0
560.693,0
560.8,9
560.906,1
561.013,1
561.119,13
561.226,0
561.332,4
561.439,8
561.545,0
561.652,0
561.758,28
561.864,6
561.971,5
562.077,0
562.184,0
562.29,0
562.397,17
562.503,2
562.61,2
562.716,15
562.823,0
562.929,22
563.035,0
563.142,0
563.248,13
563.355,1
563.461,0
563.568,0
563.674,1
563.781,0
563.887,0
563.994,28
564.1,0
564.206,1
564.313,1
564.419,0
564.526,2
564.632,22
564.739,0
564.845,4
564.952,11
565.058,0
565.165,0
565.271,14
565.377,0
565.484,0
565.59,0
565.697,29
565.803,0
565.91,0
566.016,10
566.123,19
566.229,0
566.335,4
566.442,0
566.548,22
566.655,10
566.761,0
566.868,17
566.974,0
567.081,18
567.187,0
567.293,18
567.4,0
567.506,19
567.613,0
567.719,8
567.826,17
567.932,0
568.039,4
568.145,11
568.251,0
568.358,0
568.464,13
568.571,12
568.677,11
568.784,1
568.89,0
568.997,3
569.103,0
569.209,4
569.316,0
569.422,0
569.529,29
569.635,0
569.742,9
569.848,15
569.955,0
570.061,0
570.167,0
570.274,0
570.38,0
570.487,0
570.593,0
570.7,0
570.806,0
570.912,0
571.019,0
571.125,12
571.232,10
571.338,0
571.445,19
571.551,13
571.658,0
571.764,0
571.87,21
571.977,0
572.083,0
572.19,0
572.296,0
572.403,12
572.509,16
572.615,6
572.722,8
572.828,0
572.935,0
573.041,1
573.148,10
573.254,0
573.36,0
573.467,0
573.573,4
573.68,26
573.786,2
573.893,0
573.999,23
574.105,14
574.212,0
574.318,4
574.425,0
574.531,2
574.638,6
574.744,15
574.85,6
574.957,0
575.063,32
575.17,5
575.276,0
575.383,0
575.489,19
575.595,5
575.702,0
575.808,14
575.915,0
576.021,0
576.128,27
576.234,3
576.34,0
576.447,0
576.553,6
576.66,18
576.766,19
576.873,1
576.979,2
577.085,0
577.192,0
577.298,22
577.405,3
577.511,29
577.618,17
577.724,19
577.83,0
577.937,0
578.043,19
578.15,0
578.256,0
578.363,3
578.469,11
578.575,2
578.682,32
578.788,4
578.895,12
579.001,0
579.107,0
579.214,0
579.32,11
579.427,8
579.533,0
579.64,0
579.746,0
579.852,0
579.959,14
580.065,0
580.172,8
580.278,22
580.384,4
580.491,9
580.597,3
580.704,0
580.81,3
580.917,19
581.023,0
581.129,0
581.236,6
581.342,11
581.449,0
581.555,0
581.661,0
581.768,0
581.874,0
581.981,1
582.087,1
582.193,0
582.3,113
582.406,113
582.513,67
582.619,0
582.726,0
582.832,0
582.938,0
583.045,6
583.151,19
583.258,22
583.364,0
583.47,9
583.577,12
583.683,18
583.79,28
583.896,1
584.002,19
584.109,28
584.215,0
584.322,2
584.428,6
584.535,30
584.641,0
584.747,4
584.854,29
584.96,11
585.067,0
585.173,0
585.279,13
585.386,0
585.492,13
585.599,13
585.705,0
585.811,2
585.918,8
586.024,0
586.131,0
586.237,9
586.343,0
586.45,0
586.556,0
586.663,17
586.769,12
586.875,29
586.982,13
587.088,2
587.195,0
587.301,0
587.407,14
587.514,0
587.62,0
587.727,0
587.833,11
587.939,1
588.046,0
588.152,8
588.259,5
588.365,0
588.471,0
588.578,26
588.684,20
588.791,21
588.897,18
589.003,4
589.11,0
589.216,0
589.323,0
589.429,29
589.535,0
589.642,11
589.748,14
589.855,0
589.961,0
590.067,0
590.174,0
590.28,12
590.387,16
590.493,0
590.599,4
590.706,0
590.812,0
590.918,22
591.025,1
591.131,13
591.238,0
591.344,0
591.45,8
591.557,33
591.663,20
591.77,0
591.876,0
591.982,8
592.089,0
592.195,0
592.302,3
592.408,0
592.514,2
592.621,0
592.727,0
592.834,0
592.94,12
593.046,0
593.153,0
593.259,11
593.365,6
593.472,0
593.578,0
593.685,25
593.791,46
593.897,0
594.004,0
594.11,0
594.217,4
594.323,0
594.429,0
594.536,5
594.642,0
594.748,3
594.855,0
594.961,11
595.068,3
595.174,13
595.28,4
595.387,0
595.493,2
595.6,13
595.706,0
595.812,7
595.919,0
596.025,0
596.131,0
596.238,0
596.344,19
596.451,0
596.557,3
596.663,34
596.77,61
596.876,33
596.982,0
597.089,8
597.195,0
597.302,0
597.408,4
597.514,9
597.621,18
597.727,0
597.833,0
597.94,0
598.046,4
598.153,25
598.259,4
598.365,0
598.472,0
598.578,15
598.685,9
598.791,62
598.897,65
599.004,47
599.11,18
599.216,0
599.323,13
599.429,9
599.535,0
599.642,14
599.748,18
599.855,21
599.961,13
600.067,0
600.174,0
600.28,14
600.386,15
600.493,0
600.599,0
600.706,6
600.812,7
600.918,0
601.025,0
601.131,17
601.237,39
601.344,35
601.45,19
601.557,0
601.663,0
601.769,0
601.876,25
601.982,0
602.088,0
602.195,57
602.301,21
602.407,13
602.514,0
602.62,0
602.727,4
602.833,0
602.939,0
603.046,0
603.152,0
603.258,0
603.365,17
603.471,19
603.577,0
603.684,6
603.79,0
603.897,0
604.003,16
604.109,0
604.216,0
604.322,37
604.428,36
604.535,0
604.641,0
604.747,0
604.854,1
604.96,12
605.067,0
605.173,0
605.279,0
605.386,5
605.492,26
605.598,16
605.705,0
605.811,9
605.917,9
606.024,0
606.13,9
606.236,9
606.343,0
606.449,0
606.556,21
606.662,27
606.768,12
606.875,19
606.981,0
607.087,8
607.194,0
607.3,0
607.406,0
607.513,0
607.619,8
607.725,16
607.832,16
607.938,0
608.045,1
608.151,0
608.257,10
608.364,0
608.47,34
608.576,1
608.683,0
608.789,0
608.895,0
609.002,12
609.108,4
609.214,0
609.321,0
609.427,7
609.533,0
609.64,11
609.746,155
609.852,163
609.959,75
610.065,0
610.172,0
610.278,0
610.384,11
610.491,0
610.597,0
610.703,6
610.81,2
610.916,0
611.022,0
611.129,37
611.235,0
611.341,8
611.448,0
611.554,17
611.66,2
611.767,18
611.873,9
611.979,6
612.086,0
612.192,0
612.298,0
612.405,0
612.511,8
612.617,0
612.724,0
612.83,8
612.936,11
613.043,0
613.149,0
613.255,18
613.362,5
613.468,7
613.575,0
613.681,6
613.787,16
613.894,0
614,0
614.106,0
614.213,0
614.319,3
614.425,0
614.532,0
614.638,43
614.744,1
614.851,0
614.957,10
615.063,13
615.17,6
615.276,0
615.382,0
615.489,20
615.595,0
615.701,4
615.808,7
615.914,1
616.02,17
616.127,0
616.233,14
616.339,5
616.446,0
616.552,0
616.658,0
616.765,3
616.871,0
616.977,0
617.084,0
617.19,7
617.296,15
617.403,0
617.509,0
617.615,12
617.722,24
617.828,31
617.934,0
618.041,0
618.147,0
618.253,0
618.36,7
618.466,4
618.572,0
618.679,0
618.785,0
618.891,0
618.998,0
619.104,0
619.21,8
619.316,0
619.423,13
619.529,0
619.635,17
619.742,3
619.848,42
619.954,57
620.061,1
620.167,1
620.273,0
620.38,0
620.486,12
620.592,9
620.699,0
620.805,6
620.911,0
621.018,15
621.124,12
621.23,0
621.337,0
621.443,11
621.549,0
621.656,0
621.762,0
621.868,0
621.975,5
622.081,0
622.187,0
622.294,0
622.4,22
622.506,40
622.612,0
622.719,0
622.825,5
622.931,11
623.038,4
623.144,1
623.25,21
623.357,8
623.463,0
623.569,1
623.676,0
623.782,13
623.888,7
623.995,0
624.101,4
624.207,18
624.314,0
624.42,7
624.526,0
624.632,0
624.739,17
624.845,0
624.951,0
625.058,0
625.164,0
625.27,0
625.377,0
625.483,0
625.589,9
625.696,50
625.802,11
625.908,0
626.015,23
626.121,8
626.227,0
626.333,0
626.44,37
626.546,82
626.652,29
626.759,0
626.865,0
626.971,0
627.078,0
627.184,13
627.29,0
627.397,0
627.503,94
627.609,143
627.715,76
627.822,0
627.928,26
628.034,0
628.141,0
628.247,1
628.353,0
628.46,0
628.566,0
628.672,0
628.778,0
628.885,0
628.991,7
629.097,15
629.204,20
629.31,2
629.416,39
629.523,143
629.629,115
629.735,18
629.841,4
629.948,0
630.054,11
630.16,12
630.267,26
630.373,7
630.479,19
630.586,0
630.692,14
630.798,5
630.904,0
631.011,8
631.117,5
631.223,34
631.33,12
631.436,0
631.542,0
631.649,0
631.755,8
631.861,0
631.967,79
632.074,83
632.18,42
632.286,22
632.393,0
632.499,0
632.605,5
632.711,3
632.818,0
632.924,0
633.03,0
633.137,0
633.243,18
633.349,18
633.456,2
633.562,0
633.668,0
633.774,8
633.881,19
633.987,0
634.093,10
634.2,17
634.306,0
634.412,7
634.518,4
634.625,9
634.731,0
634.837,0
634.944,2
635.05,0
635.156,0
635.262,18
635.369,0
635.475,3
635.581,9
635.688,4
635.794,0
635.9,43
636.006,0
636.113,0
636.219,24
636.325,39
636.432,0
636.538,0
636.644,0
636.75,0
636.857,0
636.963,4
637.069,13
637.176,0
637.282,0
637.388,30
637.494,0
637.601,0
637.707,0
637.813,0
637.92,0
638.026,15
638.132,0
638.238,0
638.345,0
638.451,8
638.557,22
638.663,0
638.77,18
638.876,0
638.982,8
639.089,7
639.195,21
639.301,0
639.407,0
639.514,2
639.62,2
639.726,6
639.833,0
639.939,8
640.045,0
640.151,6
640.258,18
640.364,12
640.47,18
640.576,0
640.683,0
640.789,0
640.895,0
641.002,10
641.108,7
641.214,9
641.32,14
641.427,0
641.533,0
641.639,10
641.745,7
641.852,33
641.958,0
642.064,1
642.171,0
642.277,12
642.383,4
642.489,0
642.596,0
642.702,0
642.808,0
642.914,0
643.021,0
643.127,0
643.233,3
643.339,0
643.446,32
643.552,48
643.658,0
643.765,0
643.871,0
643.977,4
644.083,12
644.19,8
644.296,9
644.402,3
644.508,0
644.615,34
644.721,0
644.827,0
644.933,21
645.04,0
645.146,0
645.252,8
645.358,22
645.465,0
645.571,1
645.677,79
645.784,48
645.89,19
645.996,0
646.102,0
646.209,9
646.315,21
646.421,0
646.527,13
646.634,0
646.74,0
646.846,48
646.952,0
647.059,0
647.165,0
647.271,0
647.377,8
647.484,0
647.59,0
647.696,2
647.802,5
647.909,0
648.015,0
648.121,0
648.227,34
648.334,12
648.44,7
648.546,0
648.652,5
648.759,11
648.865,0
648.971,25
649.077,32
649.184,10
649.29,10
649.396,0
649.502,1
649.609,0
649.715,5
649.821,9
649.927,0
650.034,14
650.14,6
650.246,19
650.352,26
650.459,8
650.565,8
650.671,24
650.777,0
650.884,0
650.99,0
651.096,0
651.202,0
651.309,0
651.415,7
651.521,0
651.627,27
651.734,0
651.84,22
651.946,28
652.052,13
652.159,0
652.265,4
652.371,0
652.477,42
652.584,32
652.69,1
652.796,0
652.902,4
653.009,4
653.115,0
653.221,0
653.327,11
653.434,6
653.54,4
653.646,11
653.752,10
653.858,11
653.965,0
654.071,0
654.177,0
654.283,14
654.39,0
654.496,0
654.602,3
654.708,0
654.815,0
654.921,0
655.027,0
655.133,0
655.24,0
655.346,8
655.452,15
655.558,8
655.665,0
655.771,11
655.877,5
655.983,67
656.089,70
656.196,16
656.302,0
656.408,11
656.514,14
656.621,13
656.727,28
656.833,51
656.939,24
657.046,140
657.152,97
657.258,0
657.364,0
657.47,34
657.577,25
657.683,13
657.789,0
657.895,0
658.002,0
658.108,0
658.214,0
658.32,7
658.427,112
658.533,101
658.639,52
658.745,0
658.851,0
658.958,11
659.064,24
659.17,58
659.276,1
659.383,6
659.489,0
659.595,4
659.701,22
659.807,27
659.914,0
660.02,14
660.126,21
660.232,0
660.339,48
660.445,96
660.551,110
660.657,109
660.763,40
660.87,18
660.976,0
661.082,0
661.188,0
661.295,0
661.401,0
661.507,7
661.613,17
661.719,0
661.826,0
661.932,27
662.038,0
662.144,11
662.251,4
662.357,0
662.463,25
662.569,0
662.675,0
662.782,0
662.888,17
662.994,40
663.1,18
663.206,15
663.313,5
663.419,10
663.525,14
663.631,13
663.738,26
663.844,4
663.95,0
664.056,5
664.162,0
664.269,0
664.375,0
664.481,0
664.587,11
664.693,14
664.8,0
664.906,0
665.012,5
665.118,15
665.225,10
665.331,0
665.437,84
665.543,145
665.649,118
665.756,84
665.862,27
665.968,6
666.074,0
666.18,11
666.287,0
666.393,11
666.499,0
666.605,0
666.711,0
666.818,11
666.924,0
667.03,0
667.136,4
667.242,0
667.349,18
667.455,0
667.561,0
667.667,0
667.773,14
667.88,31
667.986,8
668.092,42
668.198,47
668.304,32
668.411,40
668.517,20
668.623,8
668.729,33
668.835,94
668.942,56
669.048,30
669.154,6
669.26,32
669.366,58
669.473,49
669.579,28
669.685,10
669.791,0
669.897,13
670.004,16
670.11,0
670.216,0
670.322,19
670.428,0
670.535,0
670.641,1
670.747,19
670.853,4
670.959,0
671.066,24
671.172,166
671.278,122
671.384,36
671.49,26
671.597,100
671.703,67
671.809,131
671.915,105
672.021,49
672.128,0
672.234,21
672.34,1
672.446,0
672.552,29
672.658,23
672.765,0
672.871,4
672.977,0
673.083,12
673.189,1
673.296,20
673.402,25
673.508,5
673.614,18
673.72,76
673.827,130
673.933,55
674.039,8
674.145,0
674.251,8
674.357,23
674.464,34
674.57,34
674.676,37
674.782,30
674.888,2
674.995,0
675.101,0
675.207,4
675.313,13
675.419,0
675.526,0
675.632,0
675.738,20
675.844,4
675.95,24
676.056,0
676.163,37
676.269,5
676.375,9
676.481,0
676.587,0
676.693,0
676.8,0
676.906,20
677.012,25
677.118,14
677.224,12
677.331,4
677.437,0
677.543,0
677.649,7
677.755,0
677.861,45
677.968,68
678.074,179
678.18,230
678.286,105
678.392,6
678.498,0
678.605,0
678.711,16
678.817,36
678.923,0
679.029,0
679.136,14
679.242,13
679.348,1
679.454,0
679.56,19
679.666,0
679.773,0
679.879,26
679.985,7
680.091,0
680.197,0
680.303,3
680.41,0
680.516,53
680.622,70
680.728,25
680.834,2
680.94,12
681.047,6
681.153,0
681.259,6
681.365,0
681.471,8
681.577,2
681.684,20
681.79,14
681.896,0
682.002,8
682.108,0
682.214,15
682.321,5
682.427,4
682.533,0
682.639,0
682.745,22
682.851,8
682.958,13
683.064,9
683.17,13
683.276,8
683.382,0
683.488,0
683.595,0
683.701,17
683.807,4
683.913,14
684.019,11
684.125,0
684.231,25
684.338,0
684.444,0
684.55,12
684.656,2
684.762,1
684.868,0
684.975,16
685.081,10
685.187,0
685.293,0
685.399,18
685.505,0
685.611,26
685.718,12
685.824,4
685.93,0
686.036,0
686.142,0
686.248,10
686.355,2
686.461,1
686.567,0
686.673,27
686.779,29
686.885,0
686.991,20
687.098,14
687.204,29
687.31,9
687.416,0
687.522,0
687.628,33
687.735,0
687.841,0
687.947,0
688.053,22
688.159,86
688.265,44
688.371,2
688.478,0
688.584,5
688.69,25
688.796,21
688.902,0
689.008,15
689.114,0
689.221,0
689.327,49
689.433,68
689.539,0
689.645,0
689.751,0
689.857,1
689.964,0
690.07,6
690.176,0
690.282,2
690.388,0
690.494,21
690.6,31
690.707,9
690.813,8
690.919,0
691.025,0
691.131,14
691.237,15
691.343,0
691.45,3
691.556,0
691.662,0
691.768,18
691.874,2
691.98,0
692.086,11
692.193,0
692.299,0
692.405,0
692.511,14
692.617,0
692.723,0
692.829,5
692.935,1
693.042,10
693.148,0
693.254,0
693.36,11
693.466,0
693.572,5
693.678,18
693.785,14
693.891,18
693.997,0
694.103,0
694.209,4
694.315,9
694.421,34
694.527,22
694.634,0
694.74,5
694.846,3
694.952,8
695.058,14
695.164,16
695.27,16
695.376,48
695.483,22
695.589,12
695.695,10
695.801,0
695.907,0
696.013,15
696.119,6
696.225,0
696.332,13
696.438,29
696.544,14
696.65,0
696.756,0
696.862,39
696.968,21
697.074,14
697.181,0
697.287,4
697.393,0
697.499,1
697.605,14
697.711,20
697.817,4
697.923,33
698.03,0
698.136,21
698.242,14
698.348,0
698.454,2
698.56,0
698.666,7
698.772,0
698.879,12
698.985,0
699.091,0
699.197,0
699.303,8
699.409,16
699.515,4
