59.6807,3
59.8815,19
60.0822,2
60.283,0
60.4837,0
60.6845,7
60.8852,12
61.086,19
61.2867,0
61.4875,11
61.6882,14
61.889,0
62.0897,6
62.2905,0
62.4912,10
62.692,19
62.8927,0
63.0935,0
63.2942,0
63.495,19
63.6957,4
63.8964,3
64.0972,14
64.2979,12
64.4987,13
64.6994,9
64.9001,5
65.1009,12
65.3016,0
65.5023,9
65.7031,7
65.9038,12
66.1045,3
66.3053,12
66.506,13
66.7067,12
66.9075,1
67.1082,18
67.3089,0
67.5097,3
67.7104,25
67.9111,4
68.1118,7
68.3126,0
68.5133,19
68.714,8
68.9147,4
69.1155,11
69.3162,0
69.5169,12
69.7176,13
69.9183,0
70.1191,5
70.3198,3
70.5205,9
70.7212,12
70.9219,3
71.1226,8
71.3234,12
71.5241,11
71.7248,15
71.9255,0
72.1262,6
72.3269,2
72.5276,3
72.7283,0
72.929,1
73.1298,0
73.3305,1
73.5312,3
73.7319,10
73.9326,2
74.1333,6
74.334,11
74.5347,0
74.7354,28
74.9361,0
75.1368,4
75.3375,0
75.5382,13
75.7389,7
75.9396,0
76.1403,0
76.341,0
76.5417,0
76.7424,5
76.9431,5
77.1438,0
77.3445,13
77.5451,6
77.7458,0
77.9465,0
78.1472,24
78.3479,0
78.5486,5
78.7493,3
78.95,0
79.1507,23
79.3513,0
79.552,1
79.7527,22
79.9534,0
80.1541,11
80.3548,21
80.5554,7
80.7561,0
80.9568,6
81.1575,1
81.3582,3
81.5588,2
81.7595,4
81.9602,8
82.1609,3
82.3615,22
82.5622,8
82.7629,1
82.9636,11
83.1642,4
83.3649,8
83.5656,37
83.7662,6
83.9669,9
84.1676,8
84.3682,22
84.5689,0
84.7696,26
84.9702,1
85.1709,7
85.3716,15
85.5722,19
85.7729,4
85.9736,12
86.1742,19
86.3749,7
86.5755,0
86.7762,4
86.9769,0
87.1775,4
87.3782,0
87.5788,14
87.7795,17
87.9801,0
88.1808,3
88.3814,0
88.5821,23
88.7827,3
88.9834,3
89.184,0
89.3847,0
89.5853,6
89.786,8
89.9866,3
90.1873,0
90.3879,21
90.5886,10
90.7892,8
90.9899,16
91.1905,9
91.3912,11
91.5918,2
91.7924,24
91.9931,6
92.1937,2
92.3944,0
92.595,7
92.7956,11
92.9963,1
93.1969,2
93.3975,13
93.5982,9
93.7988,1
93.9995,13
94.2001,0
94.4007,9
94.6014,0
94.802,11
95.0026,0
95.2032,0
95.4039,14
95.6045,0
95.8051,8
96.0058,11
96.2064,0
96.407,18
96.6076,4
96.8083,21
97.0089,2
97.2095,7
97.4101,5
97.6107,9
97.8114,2
98.012,20
98.2126,19
98.4132,21
98.6138,4
98.8145,2
99.0151,18
99.2157,10
99.4163,3
99.6169,5
99.8175,20
100.018,1
100.219,5
100.419,4
100.62,25
100.821,8
101.021,3
101.222,6
101.422,4
101.623,8
101.824,3
102.024,6
102.225,8
102.425,9
102.626,16
102.827,11
103.027,0
103.228,8
103.428,19
103.629,38
103.83,0
104.03,21
104.231,2
104.431,12
104.632,2
104.833,0
105.033,14
105.234,3
105.434,9
105.635,14
105.836,8
106.036,1
106.237,3
106.437,0
106.638,17
106.839,0
107.039,23
107.24,5
107.44,26
107.641,0
107.842,14
108.042,31
108.243,11
108.443,2
108.644,13
108.844,0
109.045,15
109.246,10
109.446,5
109.647,10
109.847,14
110.048,18
110.249,0
110.449,0
110.65,26
110.85,0
111.051,12
111.251,0
111.452,16
111.653,10
111.853,10
112.054,6
112.254,4
112.455,6
112.655,6
112.856,0
113.057,16
113.257,4
113.458,13
113.658,3
113.859,3
114.059,12
114.26,2
114.461,5
114.661,0
114.862,17
115.062,0
115.263,23
115.463,0
115.664,5
115.864,0
116.065,0
116.266,0
116.466,13
116.667,2
116.867,6
117.068,30
117.268,2
117.469,6
117.669,0
117.87,10
118.071,0
118.271,2
118.472,9
118.672,7
118.873,64
119.073,200
119.274,0
119.474,0
119.675,21
119.875,0
120.076,6
120.277,8
120.477,4
120.678,21
120.878,9
121.079,11
121.279,10
121.48,7
121.68,34
121.881,2
122.081,12
122.282,6
122.483,2
122.683,10
122.884,8
123.084,6
123.285,11
123.485,18
123.686,13
123.886,0
124.087,1
124.287,14
124.488,13
124.688,10
124.889,0
125.089,11
125.29,4
125.491,1
125.691,28
125.892,8
126.092,3
126.293,0
126.493,19
126.694,0
126.894,21
127.095,0
127.295,14
127.496,9
127.696,8
127.897,6
128.097,0
128.298,0
128.498,16
128.699,7
128.899,15
129.1,7
129.3,20
129.501,6
129.701,5
129.902,0
130.103,4
130.303,16
130.504,7
130.704,5
130.905,19
131.105,0
131.306,3
131.506,6
131.707,29
131.907,8
132.108,19
132.308,11
132.509,7
132.709,0
132.91,22
133.11,13
133.311,10
133.511,1
133.712,18
133.912,2
134.113,8
134.313,13
134.514,10
134.714,10
134.915,9
135.115,20
135.316,6
135.516,11
135.717,11
135.917,0
136.118,10
136.318,5
136.519,10
136.719,12
136.92,8
137.12,0
137.321,4
137.521,19
137.722,12
137.922,18
138.123,12
138.323,0
138.524,6
138.724,32
138.924,0
139.125,3
139.325,4
139.526,14
139.726,12
139.927,10
140.127,0
140.328,0
140.528,5
140.729,0
140.929,15
141.13,0
141.33,7
141.531,25
141.731,0
141.932,2
142.132,2
142.333,22
142.533,35
142.734,2
142.934,16
143.135,10
143.335,17
143.535,2
143.736,16
143.936,4
144.137,14
144.337,17
144.538,0
144.738,0
144.939,8
145.139,13
145.34,15
145.54,4
145.741,0
145.941,1
146.142,21
146.342,3
146.542,3
146.743,26
146.943,0
147.144,17
147.344,6
147.545,4
147.745,6
147.946,8
148.146,24
148.347,12
148.547,8
148.748,1
148.948,5
149.148,4
149.349,4
149.549,0
149.75,0
149.95,4
150.151,21
150.351,11
150.552,4
150.752,1
150.952,24
151.153,0
151.353,0
151.554,14
151.754,11
151.955,3
152.155,9
152.356,4
152.556,0
152.757,7
152.957,4
153.157,0
153.358,7
153.558,14
153.759,18
153.959,17
154.16,6
154.36,11
154.56,3
154.761,6
154.961,0
155.162,11
155.362,10
155.563,16
155.763,6
155.964,7
156.164,31
156.364,0
156.565,1
156.765,12
156.966,2
157.166,26
157.367,17
157.567,5
157.767,4
157.968,11
158.168,17
158.369,0
158.569,18
158.77,21
158.97,0
159.17,18
159.371,19
159.571,17
159.772,0
159.972,8
160.172,10
160.373,13
160.573,0
160.774,5
160.974,0
161.175,33
161.375,7
161.575,4
161.776,24
161.976,0
162.177,6
162.377,5
162.577,0
162.778,4
162.978,7
163.179,10
163.379,0
163.58,6
163.78,2
163.98,5
164.181,28
164.381,17
164.582,4
164.782,0
164.982,14
165.183,0
165.383,19
165.584,22
165.784,6
165.984,14
166.185,0
166.385,24
166.586,0
166.786,0
166.986,10
167.187,2
167.387,0
167.588,13
167.788,27
167.988,0
168.189,21
168.389,0
168.59,11
168.79,8
168.99,9
169.191,7
169.391,11
169.592,0
169.792,29
169.992,8
170.193,1
170.393,0
170.594,3
170.794,2
170.994,0
171.195,6
171.395,0
171.596,5
171.796,6
171.996,15
172.197,2
172.397,9
172.597,37
172.798,15
172.998,0
173.199,9
173.399,10
173.599,13
173.8,0
174,1
174.2,5
174.401,8
174.601,7
174.802,0
175.002,17
175.202,17
175.403,15
175.603,13
175.804,11
176.004,6
176.204,0
176.405,16
176.605,0
176.805,15
177.006,9
177.206,9
177.406,13
177.607,6
177.807,11
178.008,0
178.208,22
178.408,19
178.609,19
178.809,0
179.009,4
179.21,11
179.41,0
179.611,0
179.811,5
180.011,0
180.212,12
180.412,0
180.612,6
180.813,22
181.013,18
181.213,0
181.414,0
181.614,18
181.815,0
182.015,10
182.215,7
182.416,0
182.616,0
182.816,15
183.017,3
183.217,31
183.417,9
183.618,18
183.818,10
184.018,5
184.219,4
184.419,19
184.619,17
184.82,7
185.02,21
185.221,0
185.421,1
560.474,13
560.474,2
560.474,25
560.474,5
560.474,25
560.474,7
560.474,9
560.474,6
560.474,0
187.424,10
187.625,11
187.825,9
188.025,13
188.226,27
188.426,7
188.626,3
188.827,0
189.027,11
189.227,16
189.428,3
189.628,2
189.828,5
190.029,23
190.229,0
190.429,9
190.63,18
190.83,12
191.03,15
191.231,0
191.431,10
191.631,5
191.832,13
192.032,4
192.232,15
192.433,14
192.633,2
192.833,14
193.034,7
193.234,7
193.434,9
193.635,16
193.835,0
194.035,5
194.236,8
194.436,1
194.636,15
194.837,1
195.037,3
195.237,11
195.438,3
195.638,9
195.838,9
196.039,3
196.239,14
196.439,5
196.639,0
196.84,3
197.04,5
197.24,21
197.441,9
197.641,4
197.841,3
198.042,4
198.242,4
198.442,0
198.643,0
198.843,18
199.043,8
199.244,0
199.444,14
199.644,3
199.845,11
200.045,9
200.245,1
200.445,24
200.646,0
200.846,9
201.046,9
201.247,4
201.447,17
201.647,0
201.848,0
202.048,12
202.248,2
202.448,17
202.649,9
202.849,36
203.049,7
203.25,23
203.45,14
203.65,2
203.851,1
204.051,3
204.251,17
204.451,9
204.652,0
204.852,14
205.052,2
205.253,33
205.453,4
205.653,20
205.854,1
206.054,0
206.254,10
206.454,10
206.655,5
206.855,0
207.055,6
207.256,0
207.456,10
207.656,0
207.856,6
208.057,29
208.257,1
208.457,0
208.658,7
208.858,0
209.058,9
209.258,16
209.459,8
209.659,0
209.859,6
210.06,4
210.26,11
210.46,23
210.66,0
210.861,17
211.061,8
211.261,2
211.462,9
211.662,1
211.862,3
212.062,3
212.263,21
212.463,1
212.663,14
212.863,8
213.064,8
213.264,7
213.464,0
213.665,23
213.865,14
214.065,10
214.265,3
214.466,12
214.666,11
214.866,3
215.066,16
215.267,1
215.467,2
215.667,2
215.868,16
216.068,12
216.268,31
216.468,2
216.669,2
216.869,1
217.069,15
217.269,14
217.47,5
217.67,2
217.87,10
218.07,19
218.271,2
218.471,6
218.671,2
218.871,4
219.072,12
219.272,8
219.472,4
219.673,7
219.873,13
220.073,6
220.273,4
220.474,0
220.674,6
220.874,9
221.074,0
221.275,9
221.475,15
221.675,10
221.875,15
222.076,9
222.276,12
222.476,3
222.676,12
222.877,0
223.077,18
223.277,3
223.477,11
223.678,8
223.878,11
224.078,12
224.278,4
224.479,1
224.679,20
224.879,1
225.079,0
225.28,1
225.48,18
225.68,4
225.88,8
226.08,7
226.281,7
226.481,2
226.681,20
226.881,26
227.082,3
227.282,16
227.482,23
227.682,10
227.883,35
228.083,4
228.283,14
228.483,10
228.684,5
228.884,5
229.084,13
229.284,16
229.485,0
229.685,8
229.885,14
230.085,4
230.285,23
230.486,23
230.686,4
230.886,10
231.086,6
231.287,3
231.487,18
231.687,0
231.887,5
232.088,11
232.288,0
232.488,9
232.688,8
232.888,0
233.089,7
233.289,3
233.489,16
233.689,4
233.89,12
234.09,0
234.29,24
234.49,7
234.69,5
234.891,19
235.091,10
235.291,5
235.491,0
235.692,5
235.892,29
236.092,22
236.292,4
236.492,14
236.693,16
236.893,0
237.093,3
237.293,5
237.493,20
237.694,16
237.894,20
238.094,3
238.294,0
238.495,3
238.695,0
238.895,14
239.095,3
239.295,16
239.496,26
239.696,8
239.896,3
240.096,20
240.296,2
240.497,10
240.697,37
240.897,0
241.097,15
241.297,10
241.498,0
241.698,42
241.898,4
242.098,17
242.298,5
242.499,18
242.699,12
242.899,14
243.099,6
243.299,0
243.5,74
243.7,110
243.9,8
244.1,4
244.3,0
244.501,26
244.701,13
244.901,17
245.101,7
245.301,4
245.502,0
245.702,2
245.902,8
246.102,2
246.302,0
246.503,0
246.703,16
246.903,7
247.103,18
247.303,11
247.504,3
247.704,5
247.904,11
248.104,1
248.304,15
248.505,10
248.705,20
248.905,22
249.105,7
249.305,4
249.505,0
249.706,7
249.906,20
250.106,0
250.306,6
250.506,21
250.707,15
250.907,19
251.107,4
251.307,0
251.507,5
251.707,16
251.908,0
252.108,18
252.308,0
252.508,4
252.708,17
252.909,0
253.109,4
253.309,24
253.509,4
253.709,4
253.909,2
254.11,7
254.31,6
254.51,9
254.71,3
254.91,7
255.11,16
255.311,5
255.511,10
255.711,0
255.911,19
256.111,16
256.311,14
256.512,4
256.712,0
256.912,41
257.112,15
257.312,16
257.512,0
257.713,52
257.913,74
258.113,0
258.313,10
258.513,15
258.713,15
258.914,0
259.114,11
259.314,8
259.514,8
259.714,0
259.914,14
260.115,17
260.315,22
260.515,0
260.715,9
260.915,0
261.115,38
261.316,7
261.516,6
261.716,4
261.916,4
262.116,14
262.316,4
262.517,11
262.717,0
262.917,19
263.117,11
263.317,0
263.517,21
263.717,3
263.918,8
264.118,10
264.318,2
264.518,8
264.718,20
264.918,7
265.119,0
265.319,2
265.519,13
265.719,17
265.919,11
266.119,9
266.319,0
266.52,3
266.72,14
266.92,1
267.12,9
267.32,22
267.52,12
267.72,4
267.921,10
268.121,0
268.321,12
268.521,8
268.721,5
268.921,3
269.121,2
269.322,9
269.522,10
269.722,13
269.922,6
270.122,1
270.322,20
270.522,22
270.723,13
270.923,7
271.123,4
271.323,1
271.523,4
271.723,7
271.923,8
272.124,5
272.324,9
272.524,0
272.724,0
272.924,28
273.124,0
273.324,2
273.524,0
273.725,6
273.925,9
274.125,2
274.325,12
274.525,2
274.725,8
274.925,6
275.126,20
275.326,0
275.526,24
275.726,15
275.926,5
276.126,4
276.326,7
276.526,10
276.727,26
276.927,0
277.127,7
277.327,5
277.527,0
277.727,0
277.927,0
278.127,21
278.328,36
278.528,11
278.728,7
278.928,14
279.128,0
279.328,0
279.528,14
279.728,20
279.928,13
280.129,0
280.329,10
280.529,0
280.729,5
280.929,13
281.129,6
281.329,5
281.529,24
281.73,20
281.93,0
282.13,25
282.33,1
282.53,4
282.73,5
282.93,3
283.13,23
283.33,4
283.531,6
283.731,25
283.931,1
284.131,11
284.331,3
284.531,2
284.731,12
284.931,0
285.131,10
285.332,0
285.532,2
285.732,19
285.932,0
286.132,0
286.332,4
286.532,0
286.732,0
286.932,0
287.133,6
287.333,4
287.533,4
287.733,0
287.933,10
288.133,19
288.333,8
288.533,5
288.733,7
288.933,4
289.134,5
289.334,5
289.534,8
289.734,0
289.934,0
290.134,3
290.334,0
290.534,8
290.734,16
290.934,0
291.135,0
291.335,6
291.535,8
291.735,14
291.935,1
292.135,22
292.335,15
292.535,9
292.735,8
292.935,13
293.135,7
293.336,8
293.536,19
293.736,27
293.936,5
294.136,4
294.336,10
294.536,1
294.736,9
294.936,11
295.136,0
295.336,29
295.537,9
295.737,11
295.937,5
296.137,10
296.337,1
296.537,4
296.737,9
296.937,8
297.137,6
297.337,30
297.537,3
297.737,0
297.938,0
298.138,14
298.338,29
298.538,3
298.738,0
298.938,25
299.138,3
299.338,5
299.538,8
299.738,22
299.938,2
300.138,0
300.339,9
300.539,6
300.739,7
300.939,0
301.139,10
301.339,18
301.539,19
301.739,0
301.939,0
302.139,4
302.339,7
302.539,11
302.739,0
302.94,10
303.14,12
303.34,3
303.54,25
303.74,0
303.94,4
304.14,11
304.34,28
304.54,32
304.74,0
304.94,14
305.14,0
305.34,16
305.54,0
305.74,23
305.941,9
306.141,9
306.341,0
306.541,25
306.741,7
306.941,0
307.141,0
307.341,19
307.541,3
307.741,9
307.941,5
308.141,13
308.341,9
308.541,15
308.741,13
308.942,0
309.142,0
309.342,8
309.542,12
309.742,0
309.942,12
310.142,4
310.342,6
310.542,0
310.742,1
310.942,5
311.142,13
311.342,0
311.542,17
311.742,11
311.942,0
312.142,2
312.343,31
312.543,15
312.743,11
312.943,0
313.143,9
313.343,6
313.543,2
313.743,20
313.943,19
314.143,0
314.343,15
314.543,10
314.743,0
314.943,0
315.143,9
315.343,8
315.543,0
315.743,2
315.943,6
316.144,8
316.344,12
316.544,0
316.744,13
316.944,0
317.144,3
317.344,6
317.544,2
317.744,2
317.944,9
318.144,3
318.344,13
318.544,13
318.744,17
318.944,14
319.144,6
319.344,7
319.544,13
319.744,11
319.944,5
320.144,7
320.344,14
320.545,2
320.745,0
320.945,16
321.145,10
321.345,4
321.545,23
321.745,0
321.945,19
322.145,0
322.345,0
322.545,26
322.745,5
322.945,5
323.145,8
323.345,35
323.545,0
323.745,13
323.945,38
324.145,0
324.345,2
324.545,6
324.745,33
324.945,9
325.145,14
325.345,3
325.545,25
325.745,0
325.945,12
326.146,0
326.346,0
326.546,0
326.746,11
326.946,0
327.146,37
327.346,12
327.546,0
327.746,2
327.946,20
328.146,12
328.346,8
328.546,16
328.746,0
328.946,4
329.146,5
329.346,5
329.546,0
329.746,1
329.946,8
330.146,14
330.346,30
330.546,3
330.746,0
330.946,11
331.146,0
331.346,4
331.546,23
331.746,0
331.946,17
332.146,8
332.346,0
332.546,1
332.746,18
332.946,16
333.146,16
333.346,15
333.546,17
333.746,6
333.946,15
334.146,4
334.347,0
334.547,8
334.747,5
334.947,0
335.147,10
335.347,3
335.547,6
335.747,21
335.947,0
336.147,10
336.347,3
336.547,12
336.747,0
336.947,12
337.147,0
337.347,2
337.547,0
337.747,3
337.947,8
338.147,7
338.347,9
338.547,0
338.747,19
338.947,3
339.147,13
339.347,5
339.547,6
339.747,0
339.947,10
340.147,8
340.347,15
340.547,0
340.747,8
340.947,13
341.147,3
341.347,15
341.547,10
341.747,8
341.947,1
342.147,2
342.347,0
342.547,0
342.747,19
342.947,20
343.147,0
343.347,7
343.547,0
343.747,27
343.947,17
344.147,10
344.347,19
344.547,0
344.747,9
344.947,5
345.147,10
345.347,5
345.547,22
345.747,0
345.947,30
346.147,11
346.347,22
346.547,5
346.747,5
346.947,5
347.147,10
347.347,28
347.547,10
347.747,12
347.947,13
348.147,0
348.347,0
348.547,0
348.747,3
348.947,46
349.147,3
349.347,7
349.547,9
349.747,0
349.947,13
350.147,2
350.347,8
350.547,1
350.747,33
350.947,18
351.147,4
351.347,5
351.547,8
351.747,18
351.947,0
352.147,27
352.347,6
352.547,0
352.747,19
352.947,0
353.147,11
353.347,4
353.547,13
353.747,6
353.947,0
354.147,4
354.347,0
354.547,10
354.747,15
354.947,4
355.147,9
355.347,10
355.547,7
355.747,7
355.946,0
356.146,6
356.346,20
356.546,8
356.746,0
356.946,1
357.146,0
357.346,22
357.546,23
357.746,18
357.946,15
358.146,8
358.346,24
358.546,15
358.746,4
358.946,19
359.146,0
359.346,22
359.546,13
359.746,6
359.946,9
360.146,23
360.346,4
360.546,47
360.746,15
360.946,129
361.146,31
361.346,7
361.546,6
361.746,0
361.946,3
362.146,9
362.346,11
362.546,1
362.746,10
362.946,0
363.146,6
363.346,21
363.546,12
363.746,24
363.946,7
364.146,0
364.346,14
364.545,21
364.745,9
364.945,13
365.145,16
365.345,11
365.545,11
365.745,2
365.945,6
366.145,2
366.345,16
366.545,11
366.745,5
366.945,7
367.145,4
367.345,10
367.545,8
367.745,27
367.945,6
368.145,20
368.345,2
368.545,13
368.745,8
368.945,16
369.145,10
369.345,29
369.545,0
369.745,6
369.945,22
370.145,12
370.344,23
370.544,21
370.744,1
370.944,24
371.144,15
371.344,0
371.544,16
371.744,15
371.944,14
372.144,4
372.344,15
372.544,0
372.744,13
372.944,20
373.144,14
373.344,11
373.544,9
373.744,21
373.944,0
374.144,5
374.344,4
374.544,4
374.744,11
374.944,8
375.143,1
375.343,5
375.543,4
375.743,18
375.943,5
376.143,13
376.343,0
376.543,21
376.743,13
376.943,0
377.143,2
377.343,12
377.543,15
377.743,3
377.943,0
378.143,16
378.343,4
378.543,14
378.743,9
378.943,0
379.143,8
379.342,0
379.542,25
379.742,7
379.942,0
380.142,22
380.342,6
380.542,0
380.742,6
380.942,6
381.142,15
381.342,15
381.542,10
381.742,18
381.942,0
382.142,0
382.342,5
382.542,0
382.742,11
382.942,4
383.141,24
383.341,4
383.541,50
383.741,0
383.941,3
384.141,2
384.341,11
384.541,3
384.741,23
384.941,0
385.141,22
385.341,5
385.541,0
385.741,12
385.941,17
386.141,9
386.341,0
386.541,15
386.74,0
386.94,0
387.14,3
387.34,25
387.54,9
387.74,14
387.94,3
388.14,9
388.34,10
388.54,15
388.74,12
388.94,3
389.14,15
389.34,5
389.54,0
389.74,17
389.939,9
390.139,1
390.339,12
390.539,10
390.739,23
390.939,5
391.139,32
391.339,0
391.539,20
391.739,0
391.939,0
392.139,6
392.339,15
392.539,5
392.739,10
392.938,13
393.138,10
393.338,3
393.538,10
393.738,30
393.938,14
394.138,0
394.338,13
394.538,8
394.738,13
394.938,0
395.138,0
395.338,2
395.538,10
395.737,11
395.937,18
396.137,5
396.337,1
396.537,6
396.737,0
396.937,4
397.137,28
397.337,5
397.537,13
397.737,5
397.937,9
398.137,23
398.337,4
398.536,18
398.736,0
398.936,6
399.136,3
399.336,5
399.536,0
399.736,10
399.936,5
400.136,18
400.336,0
400.536,11
400.736,2
400.936,1
401.135,1
401.335,0
401.535,2
401.735,27
401.935,4
402.135,8
402.335,10
402.535,3
402.735,12
402.935,0
403.135,14
403.335,10
403.535,2
403.734,13
403.934,4
404.134,18
404.334,9
404.534,0
404.734,13
404.934,0
405.134,8
405.334,10
405.534,10
405.734,0
405.934,10
406.133,14
406.333,23
406.533,8
406.733,7
406.933,4
407.133,25
407.333,0
407.533,0
407.733,15
407.933,0
408.133,12
408.333,7
408.532,10
408.732,9
408.932,16
409.132,3
409.332,19
409.532,0
409.732,9
409.932,18
410.132,4
410.332,11
410.532,11
410.731,6
410.931,5
411.131,29
411.331,14
411.531,7
411.731,9
411.931,4
412.131,1
412.331,8
412.531,12
412.731,5
412.93,1
413.13,0
413.33,2
413.53,3
413.73,0
413.93,5
414.13,0
414.33,9
414.53,10
414.73,7
414.93,0
415.129,3
415.329,12
415.529,0
415.729,0
415.929,0
416.129,3
416.329,3
416.529,4
416.729,0
416.929,5
417.129,7
417.328,14
417.528,6
417.728,33
417.928,9
418.128,1
418.328,16
418.528,2
418.728,2
418.928,13
419.128,0
419.327,8
419.527,6
419.727,17
419.927,35
420.127,3
420.327,2
420.527,37
420.727,0
420.927,10
421.127,7
421.326,11
421.526,17
421.726,0
421.926,12
422.126,22
422.326,12
422.526,12
422.726,27
422.926,16
423.126,2
423.325,15
423.525,8
423.725,1
423.925,0
424.125,2
424.325,7
424.525,22
424.725,7
424.925,13
425.125,5
425.324,16
425.524,6
425.724,2
425.924,4
426.124,0
426.324,18
426.524,0
426.724,2
426.924,19
427.123,2
427.323,18
427.523,2
427.723,29
427.923,2
428.123,6
428.323,16
428.523,5
428.723,4
428.923,12
429.122,4
429.322,4
429.522,23
429.722,5
429.922,6
430.122,1
430.322,2
430.522,14
430.722,0
430.921,7
431.121,4
431.321,16
431.521,13
431.721,17
431.921,0
432.121,5
432.321,5
432.521,0
432.72,0
432.92,4
433.12,0
433.32,3
433.52,8
433.72,15
433.92,4
434.12,18
434.32,13
434.519,3
434.719,18
434.919,0
435.119,17
435.319,14
435.519,4
435.719,6
435.919,0
436.119,19
436.318,0
436.518,3
436.718,32
436.918,23
437.118,9
437.318,3
437.518,0
437.718,6
437.917,8
438.117,10
438.317,1
438.517,20
438.717,9
438.917,4
439.117,15
439.317,2
439.517,13
439.716,7
439.916,0
440.116,11
440.316,0
440.516,13
440.716,4
440.916,0
441.116,13
441.315,4
441.515,29
441.715,0
441.915,6
442.115,12
442.315,17
442.515,4
442.715,19
442.915,9
443.114,0
443.314,0
443.514,21
443.714,0
443.914,12
444.114,5
444.314,0
444.514,12
444.713,8
444.913,3
445.113,3
445.313,3
445.513,19
445.713,8
445.913,13
446.113,8
446.312,2
446.512,32
446.712,3
446.912,1
447.112,0
447.312,10
447.512,10
447.712,0
447.911,9
448.111,0
448.311,10
448.511,20
448.711,22
448.911,17
449.111,0
449.311,15
449.51,0
449.71,9
449.91,2
450.11,4
450.31,0
450.51,8
450.71,0
450.91,5
451.109,4
451.309,17
451.509,0
451.709,0
451.909,7
452.109,2
452.309,12
452.509,0
452.708,7
452.908,2
453.108,6
453.308,13
453.508,0
453.708,18
453.908,6
454.108,8
454.307,11
454.507,15
454.707,8
454.907,0
455.107,6
455.307,0
455.507,24
455.706,0
455.906,3
456.106,4
456.306,3
456.506,16
456.706,12
456.906,1
457.106,20
457.305,6
457.505,8
457.705,1
457.905,8
458.105,2
458.305,0
458.505,28
458.705,0
458.904,6
459.104,3
459.304,9
459.504,0
459.704,16
459.904,3
460.104,18
460.303,0
460.503,7
460.703,3
460.903,9
461.103,12
461.303,2
461.503,2
461.702,12
461.902,1
462.102,22
462.302,0
462.502,11
462.702,14
462.902,9
463.102,2
463.301,13
463.501,4
463.701,1
463.901,10
464.101,30
464.301,0
464.501,1
464.7,7
464.9,4
465.1,13
465.3,2
465.5,1
465.7,19
465.9,9
466.099,3
466.299,1
466.499,0
466.699,20
466.899,14
467.099,14
467.299,7
467.499,24
467.698,11
467.898,1
468.098,0
468.298,12
468.498,13
468.698,0
468.898,8
469.097,4
469.297,18
469.497,5
469.697,14
469.897,11
470.097,7
470.297,2
470.496,12
470.696,9
470.896,0
471.096,5
471.296,0
471.496,10
471.696,5
471.895,0
472.095,14
472.295,2
472.495,11
472.695,0
472.895,5
473.095,9
473.294,5
473.494,5
473.694,0
473.894,20
474.094,7
474.294,19
474.494,9
474.693,9
474.893,0
475.093,9
475.293,17
475.493,13
475.693,22
475.893,0
476.092,17
476.292,12
476.492,0
476.692,26
476.892,2
477.092,6
477.292,21
477.491,7
477.691,1
477.891,0
478.091,8
478.291,9
478.491,5
478.69,0
478.89,13
479.09,1
479.29,0
479.49,31
479.69,23
479.89,0
480.089,14
480.289,10
480.489,9
480.689,15
480.889,15
481.089,0
481.289,0
481.488,10
481.688,7
481.888,5
482.088,1
482.288,2
482.488,0
482.688,0
482.887,12
483.087,6
483.287,0
483.487,0
483.687,6
483.887,9
484.086,10
484.286,0
484.486,0
484.686,7
484.886,0
485.086,9
485.286,0
485.485,13
485.685,11
485.885,0
486.085,14
486.285,0
486.485,0
486.685,6
486.884,7
487.084,22
487.284,3
487.484,20
487.684,0
487.884,0
488.083,7
488.283,7
488.483,0
488.683,16
488.883,10
489.083,6
489.283,0
489.482,0
489.682,5
489.882,6
490.082,23
490.282,25
490.482,3
490.681,10
490.881,2
491.081,8
491.281,6
491.481,27
491.681,17
491.881,12
492.08,2
492.28,0
492.48,33
492.68,4
492.88,8
493.08,5
493.279,3
493.479,11
493.679,3
493.879,10
494.079,1
494.279,9
494.479,2
494.678,21
494.878,9
495.078,10
495.278,0
495.478,11
495.678,0
495.877,8
496.077,12
496.277,35
496.477,20
496.677,11
496.877,6
497.077,25
497.276,0
497.476,11
497.676,0
497.876,22
498.076,0
498.276,0
498.475,6
498.675,0
498.875,18
499.075,18
499.275,16
499.475,17
499.674,12
499.874,0
500.074,2
500.274,4
500.474,9
500.674,10
500.874,1
501.073,4
501.273,3
501.473,14
501.673,1
501.873,3
502.073,1
502.272,7
502.472,20
502.672,0
502.872,6
503.072,19
503.272,17
503.471,4
503.671,0
503.871,8
504.071,0
504.271,20
504.471,0
504.671,3
504.87,11
505.07,10
505.27,0
505.47,9
505.67,13
505.87,0
506.069,23
506.269,6
506.469,0
506.669,0
506.869,3
507.069,2
507.268,13
507.468,0
507.668,2
507.868,12
508.068,7
508.268,0
508.467,0
508.667,0
508.867,19
509.067,5
509.267,1
509.467,0
509.666,14
509.866,2
510.066,25
510.266,13
510.466,0
510.666,28
510.866,11
511.065,13
511.265,13
511.465,14
511.665,11
511.865,10
512.065,7
512.264,0
512.464,17
512.664,6
512.864,4
513.064,8
513.264,16
513.463,5
513.663,11
513.863,8
514.063,12
514.263,2
514.463,5
514.662,10
514.862,11
515.062,3
515.262,10
515.462,0
515.662,0
515.861,12
516.061,4
516.261,10
516.461,7
516.661,0
516.861,5
517.06,2
517.26,14
517.46,2
517.66,17
517.86,7
518.06,5
518.259,7
518.459,0
518.659,8
518.859,1
519.059,15
519.259,0
519.458,16
519.658,7
519.858,12
520.058,0
520.258,12
520.458,12
520.657,7
520.857,8
521.057,12
521.257,0
521.457,12
521.657,8
521.856,4
522.056,5
522.256,8
522.456,22
522.656,9
522.856,15
523.055,0
523.255,24
523.455,12
523.655,0
523.855,16
524.055,2
524.254,4
524.454,19
524.654,0
524.854,20
525.054,5
525.254,8
525.453,15
525.653,16
525.853,13
526.053,0
526.253,3
526.453,0
526.652,0
526.852,5
527.052,0
527.252,11
527.452,24
527.652,13
527.851,13
528.051,12
528.251,11
528.451,4
528.651,0
528.851,6
529.05,3
529.25,25
529.45,2
529.65,8
529.85,14
530.05,0
530.249,12
530.449,7
530.649,11
530.849,0
531.049,3
531.249,24
531.448,0
531.648,6
531.848,3
532.048,4
532.248,6
532.448,10
532.647,25
532.847,3
533.047,16
533.247,1
533.447,21
533.647,0
533.846,19
534.046,22
534.246,0
534.446,12
534.646,3
534.846,9
535.045,12
535.245,0
535.445,4
535.645,15
535.845,6
536.045,20
536.244,18
536.444,8
536.644,2
536.844,18
537.044,9
537.244,22
537.443,1
537.643,7
537.843,0
538.043,36
538.243,3
538.443,16
538.642,0
538.842,2
539.042,5
539.242,6
539.442,12
539.642,1
539.841,6
540.041,6
540.241,3
540.441,7
540.641,15
540.841,0
541.04,11
541.24,14
541.44,0
541.64,4
541.84,2
542.039,0
542.239,11
542.439,0
542.639,12
542.839,5
543.039,21
543.238,16
543.438,4
543.638,4
543.838,11
544.038,7
544.238,17
544.437,36
544.637,5
544.837,6
545.037,3
545.237,0
545.437,9
545.636,12
545.836,12
546.036,6
546.236,7
546.436,14
546.636,13
546.835,21
547.035,29
547.235,7
547.435,11
547.635,15
547.835,15
548.034,0
548.234,9
548.434,6
548.634,12
548.834,6
549.034,26
549.233,17
549.433,3
549.633,0
549.833,15
550.033,8
550.232,0
550.432,0
550.632,1
550.832,4
551.032,10
551.232,2
551.431,26
551.631,4
551.831,22
552.031,8
552.231,9
552.431,18
552.63,11
552.83,0
553.03,0
553.23,1
553.43,19
553.63,3
553.829,6
554.029,16
554.229,10
554.429,12
554.629,11
554.829,0
555.028,0
555.228,13
555.428,8
555.628,14
555.828,21
556.028,0
556.227,9
556.427,0
556.627,2
556.827,3
557.027,3
557.227,0
557.426,23
557.626,8
557.826,12
558.026,3
558.226,1
558.425,9
558.625,23
558.825,20
559.025,0
559.225,6
559.425,8
559.624,0
559.824,28
560.024,7
560.224,18
560.424,0
560.624,5
560.823,8
561.023,5
561.223,4
561.423,0
561.623,0
561.823,4
562.022,1
562.222,15
562.422,0
562.622,14
562.822,13
563.022,24
563.221,10
563.421,0
563.621,10
563.821,1
564.021,0
564.221,23
564.42,20
564.62,6
564.82,0
565.02,2
565.22,10
565.419,19
565.619,4
565.819,18
566.019,16
566.219,16
566.419,0
566.618,4
566.818,6
567.018,0
567.218,9
567.418,12
567.618,5
567.817,12
568.017,16
568.217,4
568.417,1
568.617,12
568.817,8
569.016,3
569.216,7
569.416,11
569.616,16
569.816,13
570.016,2
570.215,12
570.415,7
570.615,16
570.815,22
571.015,3
571.215,11
571.414,8
571.614,6
571.814,13
572.014,0
572.214,2
572.413,0
572.613,8
572.813,8
573.013,0
573.213,26
573.413,0
573.612,27
573.812,16
574.012,19
574.212,0
574.412,11
574.612,23
574.811,1
575.011,8
575.211,0
575.411,7
575.611,0
575.811,0
576.01,12
576.21,6
576.41,12
576.61,2
576.81,4
577.01,0
577.209,0
577.409,0
577.609,15
577.809,0
578.009,13
578.209,0
578.408,45
578.608,0
578.808,21
579.008,4
579.208,15
579.408,17
579.607,0
579.807,2
580.007,20
580.207,22
580.407,7
580.607,0
580.806,0
581.006,2
581.206,6
581.406,16
581.606,8
581.805,6
582.005,2
582.205,14
582.405,11
582.605,14
582.805,14
583.004,28
583.204,1
583.404,2
583.604,8
583.804,13
584.004,16
584.203,2
584.403,5
584.603,8
584.803,11
585.003,6
585.203,9
585.402,15
585.602,13
585.802,6
586.002,22
586.202,0
586.402,0
586.601,11
586.801,10
587.001,16
587.201,0
587.401,17
587.601,3
587.8,2
588,27
588.2,22
588.4,0
588.6,22
588.8,0
588.999,4
589.199,7
589.399,8
589.599,14
589.799,15
589.999,5
590.198,9
590.398,1
590.598,6
590.798,0
590.998,25
591.198,10
591.397,1
591.597,7
591.797,5
591.997,21
592.197,0
592.397,13
592.596,1
592.796,13
592.996,20
593.196,7
593.396,0
593.596,1
593.795,20
593.995,13
594.195,14
594.395,10
594.595,0
594.795,10
594.994,5
595.194,25
595.394,17
595.594,1
595.794,0
595.994,5
596.193,3
596.393,0
596.593,11
596.793,2
596.993,18
597.193,0
597.392,21
597.592,4
597.792,27
597.992,0
598.192,20
598.392,17
598.591,7
598.791,2
598.991,9
599.191,2
599.391,16
599.591,0
599.79,0
599.99,19
600.19,14
600.39,4
600.59,0
600.79,7
600.989,12
601.189,14
601.389,11
601.589,15
601.789,0
601.989,10
602.188,6
602.388,11
602.588,13
602.788,23
602.988,4
603.188,16
603.387,0
603.587,11
603.787,0
603.987,16
604.187,2
604.387,7
604.586,4
604.786,14
604.986,15
605.186,14
605.386,10
605.586,27
605.785,15
605.985,5
606.185,12
606.385,0
606.585,18
606.785,13
606.984,5
607.184,9
607.384,13
607.584,10
607.784,4
607.984,8
608.183,1
608.383,6
608.583,11
608.783,14
608.983,82
609.183,5
609.383,6
609.582,3
609.782,4
609.982,8
610.182,32
610.382,6
610.582,0
610.781,17
610.981,20
611.181,82
611.381,5
611.581,6
611.781,154
611.98,5
612.18,5
612.38,0
612.58,5
612.78,4
612.98,5
613.179,29
613.379,8
613.579,11
613.779,17
613.979,20
614.179,4
614.378,0
614.578,0
614.778,23
614.978,3
615.178,7
615.378,7
615.578,1
615.777,12
615.977,2
616.177,25
616.377,14
616.577,0
616.777,0
616.976,31
617.176,22
617.376,15
617.576,4
617.776,18
617.976,0
618.175,5
618.375,11
618.575,0
618.775,3
618.975,9
619.175,2
619.374,0
619.574,13
619.774,0
619.974,13
620.174,0
620.374,6
620.574,5
620.773,0
620.973,7
621.173,11
621.373,0
621.573,2
621.773,12
621.972,10
622.172,6
622.372,0
622.572,8
622.772,178
622.972,138
623.171,0
623.371,1
623.571,39
623.771,12
623.971,5
624.171,13
624.371,6
624.57,1
624.77,24
624.97,1
625.17,6
625.37,0
625.57,1
625.769,11
625.969,7
626.169,2
626.369,19
626.569,16
626.769,7
626.969,0
627.168,0
627.368,0
627.568,5
627.768,0
627.968,4
628.168,1
628.367,1
628.567,5
628.767,10
628.967,24
629.167,3
629.367,38
629.567,0
629.766,9
629.966,1
630.166,23
630.366,0
630.566,6
630.766,5
630.965,7
631.165,29
631.365,0
631.565,25
631.765,16
631.965,8
632.165,7
632.364,9
632.564,0
632.764,10
632.964,18
633.164,8
633.364,6
633.563,17
633.763,3
633.963,0
634.163,0
634.363,8
634.563,0
634.763,0
634.962,1
635.162,12
635.362,32
635.562,12
635.762,6
635.962,20
636.161,0
636.361,5
636.561,17
636.761,6
636.961,8
637.161,8
637.361,3
637.56,0
637.76,3
637.96,8
638.16,0
638.36,6
638.56,3
638.76,3
638.959,5
639.159,32
639.359,7
639.559,2
639.759,31
639.959,16
640.159,4
640.358,3
640.558,19
640.758,18
640.958,23
641.158,5
641.358,10
641.557,0
641.757,29
641.957,4
642.157,24
642.357,9
642.557,15
642.757,0
642.956,16
643.156,4
643.356,5
643.556,12
643.756,0
643.956,9
644.156,2
644.355,15
644.555,19
644.755,7
644.955,0
645.155,12
645.355,20
645.555,3
645.754,28
645.954,2
646.154,0
646.354,0
646.554,15
646.754,20
646.954,7
647.153,6
647.353,8
647.553,1
647.753,17
647.953,0
648.153,5
648.353,0
648.552,6
648.752,0
648.952,18
649.152,3
649.352,4
649.552,7
649.752,0
649.951,21
650.151,2
650.351,23
650.551,8
650.751,12
650.951,3
651.151,5
651.35,14
651.55,10
651.75,0
651.95,11
652.15,0
652.35,1
652.55,24
652.749,1
652.949,2
653.149,2
653.349,0
653.549,19
653.749,0
653.949,0
654.148,19
654.348,20
654.548,0
654.748,12
654.948,7
655.148,17
655.348,2
655.547,3
655.747,3
655.947,9
656.147,4
656.347,2
656.547,4
656.747,0
656.947,13
657.146,1
657.346,9
657.546,16
657.746,1
657.946,8
658.146,0
658.346,2
658.545,3
658.745,17
658.945,14
659.145,10
659.345,37
659.545,5
659.745,13
659.944,0
660.144,6
660.344,0
660.544,2
660.744,12
660.944,3
661.144,3
661.344,5
661.543,0
661.743,24
661.943,13
662.143,3
662.343,14
662.543,11
662.743,9
662.942,4
663.142,12
663.342,14
663.542,1
663.742,4
663.942,18
664.142,1
664.342,12
664.541,14
664.741,27
664.941,0
665.141,5
665.341,15
665.541,5
665.741,0
665.94,2
666.14,8
666.34,6
666.54,6
666.74,4
666.94,0
667.14,10
667.34,23
667.539,7
667.739,0
667.939,0
668.139,15
668.339,9
668.539,2
668.739,17
668.939,0
669.138,13
669.338,0
669.538,0
669.738,0
669.938,0
670.138,18
670.338,10
670.538,15
670.737,18
670.937,0
671.137,12
671.337,0
671.537,21
671.737,2
671.937,7
672.137,24
672.336,0
672.536,13
672.736,5
672.936,23
673.136,14
673.336,2
673.536,23
673.736,2
673.935,5
674.135,0
674.335,20
674.535,0
674.735,8
674.935,9
675.135,12
675.335,1
675.534,8
675.734,1
675.934,2
676.134,6
676.334,18
676.534,1
676.734,0
676.934,10
677.133,3
677.333,12
677.533,9
677.733,12
677.933,3
678.133,7
678.333,8
678.533,0
678.732,0
678.932,0
679.132,6
679.332,20
679.532,0
679.732,18
679.932,7
680.132,10
680.332,14
680.531,0
680.731,0
680.931,1
681.131,0
681.331,13
681.531,28
681.731,0
681.931,2
682.13,2
682.33,12
682.53,3
682.73,7
682.93,13
683.13,0
683.33,4
683.53,3
683.73,2
683.929,13
684.129,0
684.329,0
684.529,0
684.729,9
684.929,7
685.129,17
685.329,0
685.529,0
685.728,37
685.928,0
686.128,107
686.328,46
686.528,0
686.728,4
686.928,8
687.128,11
687.328,9
687.527,6
687.727,15
687.927,4
688.127,6
688.327,15
688.527,0
688.727,12
688.927,5
689.126,1
689.326,10
689.526,12
689.726,12
689.926,5
690.126,12
690.326,3
690.526,0
690.726,4
690.926,11
691.125,11
691.325,4
691.525,0
691.725,2
691.925,5
692.125,0
692.325,9
692.525,10
692.725,0
692.924,8
693.124,14
693.324,16
693.524,0
693.724,15
693.924,11
694.124,10
694.324,0
694.524,13
694.723,0
694.923,33
695.123,3
695.323,7
695.523,2
695.723,1
695.923,17
696.123,0
696.323,20
696.523,31
696.722,9
696.922,2
697.122,15
697.322,104
697.522,49
697.722,0
697.922,5
698.122,0
698.322,0
698.522,0
698.721,8
698.921,0
699.121,16
699.321,15
699.521,11
699.721,7
699.921,0
700.121,12
700.321,3
700.521,11
700.72,11
700.92,0
701.12,0
701.32,22
701.52,0
701.72,21
701.92,2
702.12,12
702.32,5
702.52,14
702.719,0
702.919,0
703.119,22
703.319,10
703.519,0
703.719,30
703.919,3
704.119,3
704.319,4
704.519,4
704.718,119
704.918,22
705.118,2
705.318,6
705.518,0
705.718,2
705.918,0
706.118,3
706.318,0
706.518,2
706.718,6
706.917,28
707.117,9
707.317,0
707.517,17
707.717,5
707.917,8
708.117,15
708.317,0
708.517,40
708.717,9
708.917,6
709.116,3
709.316,15
709.516,7
709.716,8
709.916,0
710.116,19
710.316,14
710.516,23
710.716,0
710.916,10
711.116,5
711.315,10
711.515,29
711.715,11
711.915,10
712.115,0
712.315,35
712.515,3
712.715,35
712.915,12
713.115,9
713.315,0
713.515,11
713.714,16
713.914,19
714.114,6
714.314,6
714.514,31
714.714,17
714.914,3
715.114,16
715.314,4
715.514,0
715.714,0
715.914,117
716.113,8
716.313,0
716.513,18
716.713,14
716.913,107
717.113,185
717.313,0
717.513,0
717.713,11
717.913,2
718.113,22
718.313,3
718.512,0
718.712,29
718.912,99
719.112,3
719.312,13
719.512,8
719.712,53
719.912,22
720.112,0
720.312,23
720.512,3
720.712,19
720.912,180
721.111,3
721.311,0
721.511,9
721.711,4
721.911,9
722.111,0
722.311,11
722.511,0
722.711,5
722.911,3
723.111,0
723.311,0
723.511,4
723.71,0
723.91,10
724.11,220
724.31,116
724.51,0
724.71,34
724.91,4
725.11,30
725.31,76
725.51,2
725.71,1
725.91,8
726.11,9
726.31,28
726.509,0
726.709,20
726.909,10
727.109,33
727.309,12
727.509,30
727.709,136
727.909,8
728.109,6
728.309,4
728.509,207
728.709,107
728.909,0
729.109,1
729.309,11
729.508,13
729.708,4
729.908,30
730.108,18
730.308,16
730.508,11
730.708,17
730.908,10
731.108,14
731.308,0
731.508,6
731.708,4
731.908,23
732.108,2
732.308,0
732.508,10
732.707,10
732.907,1
733.107,2
733.307,143
733.507,28
733.707,0
733.907,3
734.107,19
734.307,8
734.507,14
734.707,12
734.907,0
735.107,0
735.307,2
735.507,13
735.707,85
735.906,36
736.106,0
736.306,10
736.506,10
736.706,16
736.906,18
737.106,2
737.306,28
737.506,1
737.706,8
737.906,1
738.106,7
738.306,25
738.506,0
738.706,6
738.906,22
739.106,14
739.306,1
739.505,8
739.705,6
739.905,7
740.105,6
740.305,24
740.505,0
740.705,19
740.905,5
741.105,1
741.305,8
741.505,0
741.705,2
741.905,9
742.105,1
742.305,10
742.505,0
742.705,3
742.905,10
743.105,0
743.305,10
743.504,7
743.704,3
743.904,28
744.104,6
744.304,1
744.504,11
744.704,0
744.904,2
745.104,27
745.304,14
745.504,7
745.704,2
745.904,14
746.104,5
746.304,3
746.504,5
746.704,3
746.904,20
747.104,19
747.304,3
747.504,5
747.704,0
747.903,2
748.103,3
748.303,17
748.503,10
748.703,13
748.903,4
749.103,4
749.303,10
749.503,13
749.703,0
749.903,0
750.103,7
750.303,13
750.503,12
750.703,6
750.903,23
751.103,0
751.303,9
751.503,0
751.703,11
751.903,8
752.103,0
752.303,14
752.503,16
752.703,14
752.903,0
753.103,5
753.302,5
753.502,1
753.702,0
753.902,17
754.102,6
754.302,20
754.502,1
754.702,11
754.902,13
755.102,10
755.302,6
755.502,5
755.702,20
755.902,17
756.102,0
756.302,18
756.502,0
756.702,9
756.902,7
757.102,12
757.302,4
757.502,0
757.702,14
757.902,15
758.102,4
758.302,37
758.502,134
758.702,20
758.902,196
759.102,386
759.302,370
759.502,201
759.702,256
759.901,299
760.101,25
760.301,0
760.501,71
760.701,117
760.901,39
761.101,0
761.301,3
761.501,15
761.701,1
761.901,121
762.101,60
762.301,7
762.501,8
762.701,3
762.901,58
763.101,8
763.301,0
763.501,18
763.701,9
763.901,13
764.101,13
764.301,4
764.501,2
764.701,15
764.901,0
765.101,11
765.301,3
765.501,19
765.701,1
765.901,7
766.101,22
766.301,7
766.501,17
766.701,9
766.901,10
767.101,1
767.301,11
767.501,8
767.701,19
767.901,0
768.101,3
768.301,11
768.501,10
768.701,7
768.901,6
769.101,16
769.301,17
769.501,0
769.701,1
769.901,3
770.101,9
770.301,8
770.501,21
770.701,20
770.901,6
771.101,2
771.301,1
771.501,0
771.701,29
771.901,11
772.101,1
772.301,6
772.501,1
772.701,1
772.901,6
773.101,2
773.301,18
773.501,0
773.701,8
773.9,0
774.1,4
774.3,7
774.5,8
774.7,1
774.9,3
775.1,10
775.3,16
775.5,0
775.7,6
775.9,10
776.1,4
776.3,11
776.5,29
776.7,3
776.9,1
777.1,17
777.3,18
777.5,9
777.7,11
777.9,2
778.1,11
778.301,13
778.501,20
778.701,16
778.901,10
779.101,0
779.301,25
779.501,8
779.701,0
779.901,7
780.101,0
780.301,107
780.501,164
780.701,166
780.901,132
781.101,13
781.301,228
781.501,102
781.701,0
781.901,170
782.101,43
782.301,324
782.501,26
782.701,0
782.901,329
783.101,144
783.301,75
783.501,913
783.701,517
783.901,622
784.101,406
784.301,0
784.501,0
784.701,18
784.901,11
785.101,628
785.301,425
785.501,94
785.701,504
785.901,296
786.101,36
786.301,50
786.501,140
786.701,79
786.901,6
787.101,166
787.301,5
787.501,153
787.701,571
787.901,53
788.101,0
788.301,20
788.501,9
788.701,42
788.901,55
789.101,5
789.301,35
789.501,2
789.701,0
789.901,14
790.101,16
790.301,18
790.501,12
790.701,27
790.901,16
791.101,2
791.301,2
791.501,5
791.701,8
791.902,6
792.102,1
792.302,14
792.502,9
792.702,2
792.902,3
793.102,5
793.302,2
793.502,27
793.702,6
793.902,0
794.102,17
794.302,7
794.502,18
794.702,0
794.902,1
795.102,5
795.302,12
795.502,7
795.702,0
795.902,21
796.102,0
796.302,6
796.502,25
796.702,14
796.902,12
797.102,15
797.302,6
797.502,10
797.702,1
797.902,21
798.102,9
798.303,6
798.503,7
798.703,5
798.903,33
799.103,5
799.303,26
799.503,18
799.703,0
799.903,17
800.103,0
800.303,0
800.503,15
800.703,0
800.903,3
801.103,0
801.303,18
801.503,9
801.703,10
801.903,3
802.103,14
802.303,13
802.503,8
802.703,3
802.903,0
803.104,6
803.304,16
803.504,29
803.704,4
803.904,7
804.104,25
804.304,12
804.504,2
804.704,0
804.904,4
805.104,9
805.304,3
805.504,9
805.704,17
805.904,3
806.104,4
806.304,0
806.504,15
806.704,0
806.904,2
807.104,17
807.305,11
807.505,6
807.705,0
807.905,13
808.105,4
808.305,9
808.505,26
808.705,2
808.905,25
809.105,10
809.305,2
809.505,11
809.705,0
809.905,18
810.105,4
810.305,14
810.505,18
810.706,7
810.906,0
811.106,7
811.306,0
811.506,14
811.706,3
811.906,0
812.106,33
812.306,0
812.506,30
812.706,6
812.906,12
813.106,10
813.306,18
813.506,11
813.706,0
813.907,3
814.107,7
814.307,1
814.507,19
814.707,14
814.907,0
815.107,12
815.307,0
815.507,6
815.707,0
815.907,2
816.107,5
816.307,5
816.507,22
816.707,15
816.908,8
817.108,26
817.308,16
817.508,7
817.708,5
817.908,0
818.108,1
818.308,6
818.508,4
818.708,25
818.908,22
819.108,10
819.308,0
819.508,19
819.709,7
819.909,17
820.109,0
820.309,1
820.509,0
820.709,38
820.909,9
821.109,0
821.309,8
821.509,4
821.709,13
821.909,4
822.11,0
822.31,24
822.51,10
822.71,0
822.91,17
823.11,14
823.31,8
823.51,1
823.71,13
823.91,10
824.11,19
824.31,2
824.511,10
824.711,0
824.911,4
825.111,22
825.311,13
825.511,5
825.711,0
825.911,8
826.111,7
826.311,12
826.511,8
826.711,0
826.912,28
827.112,5
827.312,17
827.512,10
827.712,0
827.912,26
828.112,0
828.312,31
828.512,12
828.712,11
828.913,14
829.113,19
829.313,0
829.513,31
829.713,0
829.913,0
830.113,13
830.313,5
830.513,44
830.713,0
830.913,28
831.114,0
831.314,98
831.514,157
831.714,0
831.914,0
832.114,13
832.314,20
832.514,12
832.714,5
832.914,0
833.115,14
833.315,0
833.515,14
833.715,15
833.915,364
834.115,49
834.315,0
834.515,3
834.715,2
834.916,0
835.116,10
835.316,14
835.516,1
835.716,3
835.916,0
836.116,16
836.316,0
836.516,14
836.716,19
836.917,3
837.117,4
837.317,1
837.517,8
837.717,1
837.917,10
838.117,19
838.317,19
838.517,13
838.718,24
838.918,22
839.118,0
839.318,16
839.518,10
839.718,19
839.918,10
840.118,2
840.319,8
840.519,20
840.719,14
840.919,0
841.119,12
841.319,5
841.519,6
841.719,1
841.919,11
842.12,0
842.32,9
842.52,11
842.72,9
842.92,13
843.12,6
843.32,22
843.52,1
843.721,15
843.921,7
844.121,0
844.321,17
844.521,0
844.721,28
844.921,2
845.121,15
845.322,18
845.522,6
845.722,13
845.922,0
846.122,6
846.322,16
846.522,7
846.723,21
846.923,3
847.123,6
847.323,0
847.523,20
847.723,3
847.923,8
848.123,14
848.324,8
848.524,1
848.724,6
848.924,10
849.124,10
849.324,7
849.524,8
849.725,15
849.925,8
850.125,21
850.325,25
850.525,18
850.725,7
850.925,14
851.125,21
851.326,8
851.526,2
851.726,14
851.926,0
852.126,16
852.326,0
852.526,13
852.727,14
852.927,24
853.127,1
853.327,11
853.527,10
853.727,0
853.928,0
854.128,0
854.328,13
854.528,6
854.728,0
854.928,11
855.128,3
855.329,0
855.529,3
855.729,24
855.929,15
856.129,13
856.329,3
856.529,15
856.73,20
856.93,4
857.13,21
857.33,4
857.53,6
857.73,13
857.931,16
858.131,5
858.331,0
858.531,23
858.731,7
858.931,15
859.131,0
859.332,0
859.532,8
859.732,0
859.932,31
860.132,0
860.332,17
860.533,8
860.733,12
860.933,6
861.133,10
861.333,0
861.533,10
861.734,18
861.934,10
862.134,19
862.334,1
862.534,17
862.734,14
862.935,5
863.135,22
863.335,3
863.535,17
863.735,0
863.935,14
864.136,9
864.336,17
864.536,4
864.736,3
864.936,3
865.136,6
865.337,2
865.537,0
865.737,21
865.937,0
866.137,13
866.337,4
866.538,0
866.738,21
866.938,0
867.138,7
867.338,8
867.538,7
867.739,13
867.939,8
868.139,23
868.339,0
868.539,18
868.74,17
868.94,3
869.14,23
869.34,0
869.54,0
869.74,0
869.941,12
870.141,8
870.341,1
870.541,1
870.741,9
870.942,3
871.142,14
871.342,4
871.542,24
871.742,3
871.942,0
872.143,0
872.343,34
872.543,17
872.743,11
872.943,4
873.144,15
873.344,5
873.544,27
873.744,7
873.944,2
874.145,5
874.345,0
874.545,25
874.745,1
874.945,3
875.146,12
875.346,11
875.546,1
875.746,0
875.946,33
876.146,9
876.347,1
876.547,0
876.747,0
876.947,5
877.147,13
877.348,0
877.548,6
877.748,10
877.948,15
878.148,0
878.349,22
878.549,3
878.749,0
878.949,6
879.149,0
879.35,11
879.55,13
879.75,19
879.95,10
880.151,0
880.351,20
880.551,7
880.751,4
880.951,2
881.152,2
881.352,1
881.552,7
881.752,0
881.952,5
882.153,11
882.353,16
882.553,5
882.753,10
882.953,4
883.154,7
883.354,2
883.554,38
883.754,8
883.955,6
884.155,0
884.355,11
884.555,0
884.755,0
884.956,18
885.156,16
885.356,9
885.556,0
885.756,21
885.957,12
886.157,7
886.357,5
886.557,27
886.758,0
886.958,30
887.158,1
887.358,7
887.558,3
887.759,8
887.959,3
888.159,11
888.359,9
888.56,5
888.76,0
888.96,10
889.16,24
889.36,7
889.561,0
889.761,4
889.961,16
890.161,8
890.362,13
890.562,10
890.762,7
890.962,9
891.163,27
891.363,0
891.563,0
891.763,18
891.963,1
892.164,3
892.364,9
892.564,16
892.764,5
892.965,20
893.165,0
893.365,30
893.565,2
893.766,30
893.966,14
894.166,16
894.366,6
894.567,5
894.767,7
894.967,0
895.167,2
895.368,2
895.568,17
895.768,19
895.968,0
896.169,0
896.369,20
896.569,2
896.769,21
896.97,11
897.17,11
897.37,17
897.57,0
897.77,0
897.971,24
898.171,0
898.371,24
898.571,5
898.772,6
898.972,13
899.172,3
899.373,15
899.573,25
899.773,0
899.973,0
900.174,11
900.374,12
900.574,1
900.774,1
900.975,17
901.175,16
901.375,6
901.575,26
901.776,4
901.976,0
902.176,16
902.376,2
902.577,5
902.777,18
902.977,2
903.177,1
903.378,0
903.578,10
903.778,3
903.978,7
904.179,3
904.379,7
904.579,8
904.78,27
904.98,4
905.18,17
905.38,6
905.581,0
905.781,0
905.981,0
906.181,14
906.382,15
906.582,7
906.782,10
906.982,2
907.183,0
907.383,11
907.583,19
907.784,1
907.984,1
908.184,0
908.384,9
908.585,3
908.785,4
908.985,0
909.185,7
909.386,17
909.586,4
909.786,15
909.987,11
910.187,9
910.387,5
910.587,12
910.788,0
910.988,8
911.188,15
911.389,1
911.589,6
911.789,0
911.989,5
912.19,6
912.39,8
912.59,0
912.791,10
912.991,7
913.191,0
913.391,2
913.592,0
913.792,1
913.992,7
914.193,18
914.393,4
914.593,2
914.793,4
914.994,4
915.194,12
915.394,14
915.595,9
915.795,10
915.995,19
916.196,12
916.396,0
916.596,23
916.796,5
916.997,0
917.197,0
917.397,11
917.598,14
917.798,0
917.998,5
918.199,4
918.399,19
918.599,2
918.799,15
919,20
919.2,4
919.4,6
919.601,0
919.801,5
920.001,9
920.202,13
920.402,4
920.602,7
920.802,3
921.003,9
921.203,9
921.403,6
921.604,8
921.804,10
922.004,0
922.205,16
922.405,1
922.605,0
922.806,10
923.006,14
923.206,5
923.407,16
923.607,18
923.807,6
924.007,29
924.208,0
924.408,12
924.608,11
924.809,14
925.009,17
925.209,6
925.41,0
925.61,0
925.81,15
926.011,0
926.211,1
926.411,0
926.612,7
926.812,2
927.012,20
927.213,0
927.413,19
927.613,15
927.814,19
928.014,0
928.214,11
928.415,11
928.615,4
928.815,11
929.016,9
929.216,9
929.416,1
929.617,0
929.817,20
930.017,0
930.218,22
930.418,13
930.618,0
930.819,13
931.019,4
931.219,0
931.42,4
931.62,15
931.82,3
932.021,9
932.221,2
932.421,10
932.622,16
932.822,3
933.022,0
933.223,15
933.423,3
933.623,13
933.824,2
934.024,2
934.224,0
934.425,18
934.625,0
934.825,0
935.026,12
935.226,0
935.426,17
935.627,19
935.827,13
936.027,14
936.228,12
936.428,16
936.629,1
936.829,0
937.029,8
937.23,7
937.43,6
937.63,6
937.831,3
938.031,0
938.231,17
938.432,0
938.632,0
938.832,0
939.033,1
939.233,16
939.433,0
939.634,9
939.834,6
940.035,20
940.235,12
940.435,0
940.636,16
940.836,3
941.036,0
941.237,7
941.437,17
941.637,6
941.838,0
942.038,3
942.239,12
942.439,24
942.639,3
942.84,0
943.04,0
943.24,0
943.441,9
943.641,15
943.842,0
944.042,8
944.242,1
944.443,8
944.643,18
944.843,0
945.044,12
945.244,3
945.444,0
945.645,1
945.845,10
946.046,0
946.246,21
946.446,7
946.647,0
946.847,6
947.048,17
947.248,27
947.448,0
947.649,11
947.849,13
948.049,12
948.25,0
948.45,20
948.651,8
948.851,19
949.051,7
949.252,5
949.452,28
949.653,3
949.853,21
950.053,4
950.254,10
950.454,6
950.654,0
950.855,12
951.055,1
951.256,0
951.456,3
951.656,6
951.857,0
952.057,10
952.258,11
952.458,10
952.658,8
952.859,10
953.059,6
953.26,18
953.46,0
953.66,28
953.861,2
954.061,14
954.262,12
954.462,4
954.662,0
954.863,11
955.063,24
955.264,14
955.464,4
955.664,1
955.865,8
956.065,1
956.266,10
956.466,18
956.666,8
956.867,12
957.067,0
957.268,37
957.468,75
957.669,0
957.869,3
958.069,0
958.27,0
958.47,6
958.671,0
958.871,4
959.071,4
959.272,0
959.472,0
959.673,13
959.873,4
960.073,25
960.274,9
960.474,9
960.675,26
960.875,11
961.076,9
961.276,13
961.476,20
961.677,1
961.877,4
962.078,18
962.278,0
962.479,9
962.679,4
962.879,42
963.08,30
963.28,0
963.481,20
963.681,0
963.882,0
964.082,0
964.282,10
964.483,2
964.683,9
964.884,5
965.084,10
965.285,0
965.485,12
965.685,7
965.886,10
966.086,12
966.287,10
966.487,7
966.688,30
966.888,5
967.089,60
967.289,17
967.489,13
967.69,24
967.89,5
968.091,1
968.291,12
968.492,0
968.692,14
968.892,0
969.093,6
969.293,8
969.494,0
969.694,10
969.895,5
970.095,13
970.296,0
970.496,3
970.697,20
970.897,2
971.097,5
971.298,0
971.498,14
971.699,0
971.899,4
972.1,2
972.3,12
972.501,3
972.701,7
972.902,0
973.102,0
973.302,1
973.503,9
973.703,1
973.904,5
974.104,2
974.305,0
974.505,8
974.706,23
974.906,0
975.107,14
975.307,15
975.508,20
975.708,14
975.908,1
976.109,22
976.309,1
976.51,5
976.71,33
976.911,4
977.111,16
977.312,3
977.512,1
977.713,3
977.913,12
978.114,21
978.314,7
978.515,10
978.715,12
978.916,0
979.116,11
979.316,15
979.517,1
979.717,2
979.918,7
980.118,9
980.319,13
980.519,13
980.72,0
980.92,4
981.121,6
981.321,8
981.522,0
981.722,19
981.923,10
982.123,8
982.324,6
982.524,8
982.725,3
982.925,7
983.126,9
983.326,17
983.527,11
983.727,5
983.928,29
984.128,0
984.329,2
984.529,26
984.73,0
984.93,4
985.131,11
985.331,7
985.532,19
985.732,0
985.933,0
986.133,13
986.334,11
986.534,0
986.735,2
986.935,9
987.136,6
987.336,8
987.537,15
987.737,10
987.938,13
988.138,0
988.339,10
988.539,7
988.74,0
988.94,29
989.141,0
989.341,12
989.542,13
989.742,12
989.943,6
990.143,0
990.344,22
990.544,2
990.745,0
990.945,0
991.146,0
991.346,0
991.547,0
991.747,0
991.948,0
992.148,0
992.349,0
992.549,0
992.75,0
992.95,0
993.151,0
993.351,0
993.552,0
993.752,0
993.953,0
994.153,0
994.354,0
994.555,0
994.755,0
994.956,0
995.156,0
995.357,0
995.557,0
995.758,0
995.958,0
996.159,0
996.359,0
996.56,0
996.76,0
996.961,0
997.161,0
997.362,0
997.562,0
997.763,0
997.964,0
998.164,0
998.365,0
998.565,0
998.766,0
998.966,0
999.167,0
999.367,0
999.568,0
999.768,0
