39.5139,0
39.7161,7
39.918,50
40.1196,2
40.3209,0
40.5218,13
40.7224,0
40.9227,0
41.1227,3
41.3224,22
41.5217,10
41.7208,7
41.9195,0
42.1179,0
42.316,0
42.5138,20
42.7113,0
42.9084,14
43.1053,26
43.3019,0
43.4982,14
43.6941,14
43.8898,3
44.0852,7
44.2803,0
44.4751,3
44.6696,0
44.8638,0
45.0577,26
45.2514,14
45.4447,0
45.6378,43
45.8306,13
46.0231,8
46.2153,0
46.4072,0
46.5989,0
46.7903,17
46.9814,17
47.1722,10
47.3628,6
47.5531,0
47.7431,0
47.9329,0
48.1223,4
48.3116,9
48.5005,7
48.6892,0
48.8776,0
49.0658,18
49.2537,13
49.4414,0
49.6288,0
49.8159,0
50.0028,10
50.1894,10
50.3757,0
50.5619,11
50.7477,21
50.9333,12
51.1187,0
51.3038,0
51.4887,18
51.6733,15
51.8577,3
52.0418,13
52.2257,0
52.4094,0
52.5928,6
52.7759,0
52.9589,0
53.1416,0
53.324,31
53.5062,0
53.6882,0
53.87,13
54.0515,17
54.2328,13
54.4138,2
54.5947,2
54.7753,0
54.9556,0
55.1358,0
55.3157,13
55.4954,0
55.6748,0
55.8541,14
56.0331,13
56.2119,0
56.3905,13
56.5688,17
56.747,0
56.9249,0
57.1026,0
57.2801,0
57.4574,5
57.6344,0
57.8113,0
57.9879,8
58.1643,18
58.3406,0
58.5166,0
58.6923,40
58.8679,23
59.0433,0
59.2185,0
59.3934,0
59.5682,15
59.7427,0
59.9171,0
60.0912,35
60.2652,0
60.4389,0
60.6125,23
60.7858,0
60.9589,0
61.1319,23
61.3046,8
61.4772,0
61.6495,0
61.8217,26
61.9936,0
62.1654,34
62.337,0
62.5084,0
62.6795,0
62.8505,0
63.0213,16
63.192,0
63.3624,16
63.5326,0
63.7027,0
63.8725,21
64.0422,2
64.2117,23
64.381,7
64.5502,26
64.7191,34
64.8878,0
65.0564,26
65.2248,0
65.393,0
65.5611,11
65.7289,0
65.8966,0
66.0641,18
66.2314,31
66.3985,3
66.5655,12
66.7323,37
66.8989,0
67.0653,14
67.2316,6
67.3977,27
67.5636,0
67.7293,0
67.8949,24
68.0603,0
68.2255,33
68.3906,0
68.5554,0
68.7202,3
68.8847,30
69.0491,8
69.2133,3
69.3774,18
69.5412,0
69.705,3
69.8685,2
70.0319,0
70.1951,2
70.3582,6
70.5211,15
70.6838,0
70.8464,0
71.0088,12
71.171,23
71.3331,18
71.4951,7
71.6568,0
71.8185,0
71.9799,0
72.1412,8
72.3023,4
72.4633,0
72.6242,0
72.7848,0
72.9453,2
73.1057,28
73.2659,0
73.426,0
73.5859,0
73.7456,7
73.9052,14
74.0647,0
74.224,0
74.3831,0
74.5421,13
74.7009,0
74.8596,8
75.0182,0
75.1766,0
75.3348,51
75.4929,16
75.6509,0
75.8087,0
75.9664,0
76.1239,25
76.2813,26
76.4385,0
76.5956,2
76.7525,23
76.9093,19
77.066,3
77.2225,5
77.3788,0
77.5351,32
77.6911,38
77.8471,7
78.0029,0
78.1586,0
78.3141,8
78.4695,0
78.6247,10
78.7798,20
78.9348,0
79.0896,16
79.2443,40
79.3989,5
79.5533,8
79.7076,30
79.8618,28
80.0158,0
80.1697,0
80.3234,0
80.477,0
80.6305,12
80.7838,0
80.9371,0
81.0901,2
81.2431,27
81.3959,0
81.5486,21
81.7012,40
81.8536,25
82.0059,8
82.1581,5
82.3101,0
82.462,6
82.6138,10
82.7654,7
82.917,2
83.0684,26
83.2196,0
83.3708,20
83.5218,11
83.6727,0
83.8234,0
83.9741,26
84.1246,18
84.275,0
84.4253,0
84.5754,20
84.7254,9
84.8753,2
85.0251,0
85.1747,13
85.3243,2
85.4737,20
85.623,0
85.7721,0
85.9212,0
86.0701,0
86.2189,18
86.3676,16
86.5161,37
86.6646,4
86.8129,0
86.9611,9
87.1092,8
87.2572,0
87.405,22
87.5527,0
87.7004,0
87.8479,21
87.9952,2
88.1425,5
88.2897,0
88.4367,17
88.5836,23
88.7304,6
88.8771,0
89.0237,14
89.1701,0
89.3165,0
89.4627,0
89.6089,0
89.7549,0
89.9008,3
90.0465,0
90.1922,0
90.3378,0
90.4832,40
90.6286,11
90.7738,0
90.9189,8
91.0639,8
91.2088,0
91.3536,8
91.4983,38
91.6429,0
91.7873,0
91.9317,21
92.0759,0
92.2201,5
92.3641,11
92.508,0
92.6518,0
92.7955,0
92.9391,3
93.0826,0
93.226,3
93.3693,3
93.5125,0
93.6555,17
93.7985,0
93.9414,0
94.0841,4
94.2268,0
94.3693,0
94.5118,22
94.6541,0
94.7964,6
94.9385,26
95.0805,7
95.2225,0
95.3643,0
95.506,10
95.6476,0
95.7892,22
95.9306,0
96.0719,0
96.2131,22
96.3543,0
96.4953,6
96.6362,6
96.777,45
96.9177,0
97.0584,3
97.1989,16
97.3393,18
97.4796,0
97.6199,15
97.76,13
97.9,11
98.04,8
98.1798,18
98.3195,18
98.4592,3
98.5987,0
98.7382,3
98.8775,0
99.0168,20
99.1559,7
99.295,2
99.434,0
99.5729,19
99.7116,15
99.8503,0
99.9889,0
100.127,0
100.266,0
100.404,0
100.542,0
100.68,8
100.818,0
100.956,0
101.094,29
101.232,2
101.37,6
101.507,0
101.645,15
101.782,4
101.919,8
102.057,0
102.194,0
102.331,21
102.468,0
102.605,0
102.741,30
102.878,0
103.014,0
103.151,0
103.287,0
103.424,26
103.56,9
103.696,0
103.832,16
103.968,16
104.104,0
104.24,0
104.375,0
104.511,29
104.646,37
104.782,9
104.917,11
105.052,41
105.188,0
105.323,5
105.458,17
105.592,21
105.727,4
105.862,4
105.997,33
106.131,20
106.266,0
106.4,0
106.534,0
106.669,0
106.803,0
106.937,26
107.071,15
107.205,24
107.338,0
107.472,6
107.606,10
107.739,0
107.873,5
108.006,28
108.139,2
108.273,4
108.406,0
108.539,11
108.672,0
108.805,0
108.938,0
109.07,9
109.203,13
109.336,0
109.468,2
109.6,37
109.733,0
109.865,0
109.997,16
110.129,3
110.261,0
110.393,0
110.525,17
110.657,0
110.788,0
110.92,0
111.052,0
111.183,12
111.314,0
111.446,13
111.577,0
111.708,0
111.839,0
111.97,0
112.101,0
112.232,24
112.363,9
112.493,0
112.624,2
112.754,18
112.885,0
113.015,36
113.145,6
113.276,10
113.406,14
113.536,0
113.666,6
113.796,19
113.926,4
114.055,14
114.185,6
114.315,26
114.444,0
114.574,0
114.703,1
114.832,4
114.962,9
115.091,0
115.22,0
115.349,1
115.478,20
115.607,10
115.735,15
115.864,5
115.993,8
116.121,3
116.25,0
116.378,0
116.507,0
116.635,0
116.763,0
116.891,0
117.019,22
117.147,0
117.275,12
117.403,9
117.531,0
117.659,12
117.786,16
117.914,0
118.041,14
118.169,9
118.296,0
118.423,0
118.551,21
118.678,0
118.805,4
118.932,25
119.059,3
119.186,6
119.312,8
119.439,4
119.566,13
119.692,18
119.819,8
119.945,0
120.072,20
120.198,0
120.324,0
120.451,10
120.577,6
120.703,0
120.829,0
120.955,0
121.08,22
121.206,0
121.332,10
121.458,0
121.583,0
121.709,11
121.834,0
121.959,0
122.085,14
122.21,2
122.335,4
122.46,7
122.585,0
122.71,0
122.835,48
122.96,12
123.085,0
123.209,7
123.334,0
123.459,0
123.583,28
123.708,0
123.832,0
123.956,15
124.081,12
124.205,0
124.329,0
124.453,8
124.577,0
124.701,9
124.825,19
124.949,0
125.072,0
125.196,0
125.32,0
125.443,10
125.567,17
125.69,0
125.814,13
125.937,0
126.06,0
126.183,7
126.306,2
126.429,0
126.552,0
126.675,10
126.798,30
126.921,10
127.044,4
127.166,0
127.289,18
127.412,10
127.534,20
127.657,0
127.779,0
127.901,0
128.023,1
128.146,10
128.268,0
128.39,2
128.512,5
128.634,14
128.756,15
128.878,20
128.999,19
129.121,19
129.243,31
129.364,0
129.486,0
129.607,2
129.729,0
129.85,0
129.971,0
130.092,31
130.214,15
130.335,21
130.456,1
130.577,12
130.698,28
130.819,0
130.939,33
131.06,18
131.181,0
131.302,0
131.422,6
131.543,30
131.663,10
131.784,0
131.904,0
132.024,21
132.144,2
132.265,0
132.385,22
132.505,20
132.625,10
132.745,9
132.865,0
132.985,14
133.104,20
133.224,3
133.344,20
133.463,10
133.583,24
133.702,0
133.822,0
133.941,0
134.061,5
134.18,4
134.299,0
134.418,0
134.537,3
134.656,0
134.775,0
134.894,13
135.013,6
135.132,12
135.251,19
135.369,0
135.488,6
135.607,10
135.725,0
135.844,19
135.962,0
136.081,17
136.199,0
136.317,10
136.436,14
136.554,0
136.672,12
136.79,19
136.908,17
137.026,10
137.144,0
137.262,8
137.379,1
137.497,0
137.615,14
137.733,19
137.85,0
137.968,6
138.085,25
138.203,6
138.32,0
138.437,6
138.555,6
138.672,0
138.789,24
138.906,16
139.023,5
139.14,2
139.257,19
139.374,6
139.491,24
139.608,23
139.724,27
139.841,0
139.958,13
140.074,25
140.191,0
140.307,0
140.424,9
140.54,7
140.657,0
140.773,0
140.889,10
141.005,27
141.121,0
141.237,5
141.353,26
141.469,19
141.585,18
141.701,9
141.817,4
141.933,4
142.049,22
142.164,0
142.28,0
142.396,0
142.511,0
142.627,18
142.742,28
142.857,9
142.973,0
143.088,5
143.203,0
143.318,7
143.434,21
143.549,0
143.664,0
143.779,0
143.894,0
144.008,0
144.123,2
144.238,2
144.353,20
144.468,12
144.582,16
144.697,15
144.811,12
144.926,13
145.04,16
145.155,3
145.269,10
145.383,7
145.498,18
145.612,19
145.726,0
145.84,0
145.954,6
146.068,0
146.182,17
146.296,7
146.41,0
146.524,0
146.638,5
146.751,8
146.865,16
146.979,21
147.092,12
147.206,0
147.319,0
147.433,0
147.546,0
147.66,2
147.773,0
147.886,23
148,14
148.113,0
148.226,0
148.339,12
148.452,37
148.565,0
148.678,12
148.791,20
148.904,15
149.016,0
149.129,0
149.242,0
149.355,0
149.467,0
149.58,36
149.692,0
149.805,13
149.917,7
150.03,15
150.142,3
150.254,0
150.367,0
150.479,24
150.591,35
150.703,6
150.815,0
150.927,0
151.039,3
151.151,15
151.263,2
151.375,0
151.487,14
151.599,0
151.711,7
151.822,0
151.934,4
152.045,0
152.157,8
152.269,0
152.38,12
152.491,0
152.603,0
152.714,8
152.825,24
152.937,0
153.048,0
153.159,0
153.27,39
153.381,10
153.492,0
153.603,0
153.714,14
153.825,13
153.936,0
154.047,0
154.158,7
154.268,8
154.379,0
154.49,0
154.6,0
154.711,0
154.822,21
154.932,0
155.042,17
155.153,17
155.263,16
155.374,2
155.484,11
155.594,0
155.704,0
155.814,0
155.924,15
156.035,0
156.145,0
156.255,0
156.364,0
156.474,41
156.584,14
156.694,4
156.804,0
156.914,1
157.023,38
157.133,17
157.243,69
157.352,52
157.462,22
157.571,8
157.681,7
157.79,16
157.899,4
158.009,15
158.118,0
158.227,0
158.336,15
158.446,15
158.555,4
158.664,0
158.773,6
158.882,25
158.991,5
159.1,11
159.209,12
159.317,0
159.426,0
159.535,17
159.644,0
159.752,13
159.861,10
159.97,4
160.078,0
160.187,10
160.295,36
160.404,0
160.512,8
160.62,0
160.729,0
160.837,20
160.945,0
161.053,0
161.162,0
161.27,26
161.378,16
161.486,0
161.594,5
161.702,0
161.81,10
161.918,40
162.026,18
162.133,0
162.241,33
162.349,10
162.457,0
162.564,9
162.672,0
162.779,0
162.887,0
162.994,3
163.102,20
163.209,0
163.317,0
163.424,0
163.531,12
163.639,17
163.746,0
163.853,0
163.96,0
164.067,0
164.175,19
164.282,12
164.389,0
164.496,0
164.603,0
164.709,37
164.816,0
164.923,8
165.03,17
165.137,0
165.243,4
165.35,0
165.457,4
165.563,7
165.67,0
165.776,12
165.883,0
165.989,0
166.096,25
166.202,0
166.309,0
166.415,14
166.521,18
166.627,24
166.734,0
166.84,10
166.946,4
167.052,26
167.158,18
167.264,16
167.37,20
167.476,0
167.582,27
167.688,0
167.794,10
167.899,17
168.005,17
168.111,4
168.217,0
168.322,0
168.428,10
168.533,3
168.639,6
168.745,16
168.85,0
168.955,0
169.061,6
169.166,22
169.272,33
169.377,66
169.482,57
169.587,28
169.693,0
169.798,13
169.903,17
170.008,0
170.113,4
170.218,0
170.323,29
170.428,3
170.533,0
170.638,11
170.743,10
170.847,23
170.952,0
171.057,94
171.162,106
171.266,52
171.371,0
171.476,0
171.58,16
171.685,0
171.789,0
171.894,0
171.998,6
172.102,8
172.207,0
172.311,0
172.415,0
172.52,5
172.624,39
172.728,0
172.832,0
172.936,0
173.04,5
173.145,0
173.249,0
173.353,33
173.457,20
173.56,0
173.664,0
173.768,1
173.872,10
173.976,0
174.08,13
174.183,25
174.287,11
174.391,10
174.494,0
174.598,0
174.701,43
174.805,12
174.908,2
175.012,0
175.115,6
175.219,8
175.322,0
175.425,0
175.529,6
175.632,0
175.735,0
175.838,19
175.941,20
176.045,29
176.148,17
176.251,0
176.354,12
176.457,12
176.56,13
176.663,1
176.766,0
176.868,18
176.971,12
177.074,1
177.177,2
177.28,22
177.382,9
177.485,0
177.588,0
177.69,3
177.793,0
177.895,1
177.998,25
178.1,0
178.203,15
178.305,1
178.408,0
178.51,1
178.612,6
178.714,26
178.817,13
178.919,0
179.021,0
179.123,0
179.225,0
179.328,19
179.43,10
179.532,0
179.634,12
179.736,17
179.838,0
179.939,0
180.041,25
180.143,11
180.245,0
180.347,0
180.449,0
180.55,12
180.652,0
180.754,11
180.855,0
180.957,12
181.058,0
181.16,10
181.262,44
181.363,0
181.464,0
181.566,24
181.667,9
181.769,0
181.87,0
181.971,33
182.072,0
182.174,8
182.275,0
182.376,0
182.477,12
182.578,0
182.679,18
182.78,21
182.881,0
182.982,0
183.083,0
183.184,29
183.285,13
183.386,87
183.487,101
183.588,73
183.689,24
183.789,0
183.89,12
183.991,0
184.091,0
184.192,11
184.293,16
184.393,24
184.494,22
184.594,10
184.695,0
184.795,0
184.896,6
184.996,21
185.096,1
185.197,0
185.297,0
185.397,17
185.498,44
185.598,9
185.698,6
185.798,0
185.898,0
185.998,15
186.098,36
186.198,0
186.298,0
186.398,22
186.498,0
186.598,0
186.698,0
186.798,0
186.898,4
186.998,0
187.098,11
187.197,20
187.297,0
187.397,0
187.496,7
187.596,1
187.696,0
187.795,24
187.895,4
187.994,0
188.094,5
188.193,0
188.293,3
188.392,0
188.491,2
188.591,17
188.69,10
188.789,15
188.889,8
188.988,29
189.087,0
189.186,0
189.285,1
189.385,0
189.484,0
189.583,0
189.682,0
189.781,5
189.88,10
189.979,26
190.078,11
190.177,8
190.276,27
190.374,25
190.473,5
190.572,11
190.671,16
190.769,1
190.868,11
190.967,69
191.066,165
191.164,116
191.263,38
191.361,16
191.46,0
191.558,29
191.657,0
191.755,0
191.854,0
191.952,14
192.051,7
192.149,0
192.247,0
192.346,0
192.444,0
192.542,0
192.64,0
192.738,0
192.837,5
192.935,0
193.033,21
193.131,19
193.229,4
193.327,1
193.425,11
193.523,26
193.621,37
193.719,46
193.817,27
193.915,9
194.012,3
194.11,0
194.208,18
194.306,31
194.404,0
194.501,17
194.599,0
194.697,0
194.794,43
194.892,55
194.989,0
195.087,0
195.185,0
195.282,0
195.379,12
195.477,0
195.574,14
195.672,10
195.769,0
195.866,29
195.964,2
196.061,7
196.158,28
196.256,4
196.353,12
196.45,0
196.547,20
196.644,1
196.741,0
196.838,0
196.935,0
197.032,7
197.129,0
197.226,0
197.323,25
197.42,0
197.517,0
197.614,28
197.711,4
197.808,0
197.905,0
198.001,4
198.098,12
198.195,0
198.292,0
198.388,27
198.485,0
198.581,12
198.678,25
198.775,2
198.871,0
198.968,0
199.064,19
199.161,0
199.257,8
199.353,0
199.45,9
199.546,0
199.643,0
199.739,0
199.835,17
199.931,0
200.028,2
200.124,0
200.22,0
200.316,23
200.412,0
200.509,29
200.605,26
200.701,23
200.797,3
200.893,9
200.989,50
201.085,13
201.181,0
201.277,3
201.372,4
201.468,16
201.564,3
201.66,0
201.756,4
201.852,13
201.947,4
202.043,0
202.139,14
202.234,3
202.33,0
202.426,3
202.521,10
202.617,16
202.712,11
202.808,2
202.903,0
202.999,9
203.094,23
203.19,12
203.285,34
203.381,16
203.476,7
203.571,11
203.667,0
203.762,0
203.857,0
203.952,18
204.048,0
204.143,4
204.238,0
204.333,0
204.428,51
204.523,30
204.618,11
204.713,11
204.808,41
204.903,29
204.998,0
205.093,16
205.188,25
205.283,15
205.378,0
205.473,2
205.568,0
205.663,2
205.757,0
205.852,2
205.947,20
206.042,1
206.136,16
206.231,17
206.326,0
206.42,3
206.515,13
206.609,0
206.704,0
206.798,0
206.893,21
206.987,19
207.082,0
207.176,7
207.271,15
207.365,18
207.459,13
207.554,0
207.648,2
207.742,0
207.837,24
207.931,4
208.025,46
208.119,0
208.214,0
208.308,0
208.402,15
208.496,3
208.59,14
208.684,24
208.778,0
208.872,18
208.966,13
209.06,0
209.154,0
209.248,13
209.342,85
209.436,113
209.53,35
209.624,23
209.717,17
209.811,13
209.905,12
209.999,0
210.092,0
210.186,19
210.28,22
210.374,0
210.467,14
210.561,20
210.654,24
210.748,28
210.842,3
210.935,36
211.029,25
211.122,0
211.215,8
211.309,0
211.402,17
211.496,7
211.589,0
211.682,11
211.776,0
211.869,0
211.962,0
212.056,13
212.149,0
212.242,0
212.335,0
212.428,20
212.522,0
212.615,0
212.708,0
212.801,15
212.894,0
212.987,3
213.08,0
213.173,0
213.266,43
213.359,0
213.452,21
213.545,7
213.638,0
213.731,7
213.823,47
213.916,24
214.009,0
214.102,4
214.195,0
214.287,28
214.38,28
214.473,0
214.565,14
214.658,15
214.751,0
214.843,6
214.936,0
215.028,2
215.121,10
215.214,8
215.306,0
215.399,0
215.491,0
215.583,12
215.676,0
215.768,0
215.861,0
215.953,0
216.045,0
216.138,7
216.23,16
216.322,0
216.414,28
216.507,40
216.599,3
216.691,0
216.783,0
216.875,0
216.968,3
217.06,0
217.152,14
217.244,0
217.336,3
217.428,0
217.52,0
217.612,13
217.704,0
217.796,0
217.888,80
217.98,232
218.071,122
218.163,39
218.255,0
218.347,13
218.439,0
218.53,0
218.622,0
218.714,0
218.806,0
218.897,2
218.989,0
219.081,1
219.172,8
219.264,8
219.355,0
219.447,13
219.539,0
219.63,0
219.722,4
219.813,9
219.905,5
219.996,0
220.087,38
220.179,24
220.27,0
220.362,0
220.453,29
220.544,37
220.636,8
220.727,2
220.818,0
220.909,0
221.001,19
221.092,0
221.183,30
221.274,0
221.365,0
221.456,12
221.547,0
221.638,0
221.73,0
221.821,4
221.912,19
222.003,2
222.094,14
222.185,0
222.276,0
222.366,17
222.457,0
222.548,0
222.639,1
222.73,0
222.821,0
222.912,0
223.002,20
223.093,6
223.184,0
223.275,5
223.365,16
223.456,6
223.547,12
223.637,21
223.728,9
223.818,4
223.909,20
224,0
224.09,0
224.181,0
224.271,0
224.362,0
224.452,16
224.543,15
224.633,4
224.723,0
224.814,0
224.904,14
224.995,15
225.085,0
225.175,16
225.266,41
225.356,125
225.446,71
225.536,13
225.627,0
225.717,8
225.807,16
225.897,2
225.987,0
226.077,0
226.167,13
226.258,0
226.348,0
226.438,0
226.528,14
226.618,0
226.708,6
226.798,7
226.888,4
226.978,0
227.067,15
227.157,23
227.247,0
227.337,6
227.427,28
227.517,9
227.607,0
227.696,0
227.786,31
227.876,13
227.966,0
228.055,0
228.145,0
228.235,2
228.324,4
228.414,13
228.504,13
228.593,12
228.683,0
228.772,0
228.862,23
228.951,8
229.041,0
229.13,11
229.22,16
229.309,0
229.399,0
229.488,0
229.577,16
229.667,17
229.756,6
229.845,0
229.935,0
230.024,25
230.113,17
230.203,0
230.292,0
230.381,26
230.47,14
230.559,14
230.649,0
230.738,0
230.827,6
230.916,3
231.005,22
231.094,0
231.183,3
231.272,0
231.361,0
231.45,25
231.539,0
231.628,0
231.717,2
231.806,12
231.895,0
231.984,9
232.073,0
232.162,13
232.251,0
232.339,2
232.428,6
232.517,0
232.606,1
232.695,30
232.783,26
232.872,0
232.961,12
233.049,12
233.138,31
233.227,0
233.315,0
233.404,0
233.493,9
233.581,0
233.67,7
233.758,8
233.847,0
233.935,19
234.024,1
234.112,2
234.201,18
234.289,9
234.378,0
234.466,4
234.554,25
234.643,0
234.731,0
234.819,29
234.908,0
234.996,19
235.084,32
235.172,30
235.261,20
235.349,2
235.437,10
235.525,0
235.613,25
235.702,1
235.79,0
235.878,0
235.966,1
236.054,1
236.142,4
236.23,0
236.318,0
236.406,15
236.494,0
236.582,1
236.67,7
236.758,95
236.846,108
236.934,45
237.022,17
237.11,0
237.198,22
237.285,4
237.373,0
237.461,7
237.549,12
237.637,0
237.724,10
237.812,28
237.9,7
237.988,11
238.075,0
238.163,7
238.251,3
238.338,20
238.426,0
238.513,7
238.601,17
238.689,75
238.776,34
238.864,18
238.951,0
239.039,0
239.126,11
239.214,6
239.301,0
239.389,9
239.476,19
239.563,6
239.651,13
239.738,0
239.826,5
239.913,0
240,0
240.087,0
240.175,0
240.262,0
240.349,6
240.437,6
240.524,12
240.611,0
240.698,0
240.785,29
240.872,26
240.96,0
241.047,0
241.134,0
241.221,10
241.308,0
241.395,14
241.482,0
241.569,0
241.656,0
241.743,0
241.83,4
241.917,0
242.004,0
242.091,12
242.178,0
242.265,13
242.352,47
242.438,0
242.525,0
242.612,16
242.699,27
242.786,10
242.872,0
242.959,1
243.046,0
243.133,0
243.219,36
243.306,182
243.393,238
243.479,148
243.566,88
243.653,8
243.739,0
243.826,5
243.912,0
243.999,0
244.086,0
244.172,0
244.259,16
244.345,10
244.432,0
244.518,9
244.605,4
244.691,0
244.777,0
244.864,24
244.95,28
245.037,4
245.123,0
245.209,2
245.296,17
245.382,5
245.468,0
245.554,1
245.641,0
245.727,21
245.813,26
245.899,12
245.986,0
246.072,10
246.158,0
246.244,0
246.33,0
246.416,17
246.502,2
246.589,0
246.675,14
246.761,0
246.847,0
246.933,24
247.019,0
247.105,0
247.191,0
247.277,0
247.363,5
247.449,17
247.534,0
247.62,14
247.706,25
247.792,47
247.878,15
247.964,2
248.05,0
248.135,0
248.221,17
248.307,6
248.393,0
248.479,0
248.564,0
248.65,0
248.736,0
248.821,0
248.907,1
248.993,23
249.078,0
249.164,1
249.25,0
249.335,0
249.421,36
249.506,27
249.592,0
249.677,0
249.763,4
249.848,0
249.934,0
250.019,5
250.105,22
250.19,0
250.276,0
250.361,0
250.446,8
250.532,0
250.617,4
250.703,0
250.788,10
250.873,13
250.959,0
251.044,3
251.129,8
251.214,0
251.3,9
251.385,2
251.47,0
251.555,0
251.64,10
251.726,11
251.811,16
251.896,0
251.981,7
252.066,0
252.151,0
252.236,0
252.321,0
252.406,0
252.491,16
252.576,6
252.661,0
252.746,7
252.831,0
252.916,0
253.001,0
253.086,0
253.171,0
253.256,8
253.341,0
253.426,0
253.511,0
253.596,0
253.68,16
253.765,7
253.85,16
253.935,13
254.02,3
254.104,0
254.189,0
254.274,19
254.358,0
254.443,20
254.528,22
254.613,0
254.697,0
254.782,0
254.866,24
254.951,10
255.036,1
255.12,0
255.205,26
255.289,6
255.374,12
255.458,71
255.543,106
255.627,33
255.712,6
255.796,16
255.881,8
255.965,0
256.05,0
256.134,0
256.218,13
256.303,6
256.387,16
256.472,7
256.556,0
256.64,8
256.724,0
256.809,15
256.893,0
256.977,0
257.062,2
257.146,9
257.23,0
257.314,0
257.398,4
257.483,0
257.567,6
257.651,5
257.735,0
257.819,0
257.903,54
257.987,3
258.071,0
258.156,0
258.24,0
258.324,0
258.408,0
258.492,15
258.576,3
258.66,0
258.744,2
258.828,0
258.911,11
258.995,2
259.079,20
259.163,4
259.247,0
259.331,22
259.415,0
259.499,0
259.582,0
259.666,6
259.75,9
259.834,0
259.918,4
260.001,0
260.085,19
260.169,19
260.253,18
260.336,11
260.42,6
260.504,0
260.587,0
260.671,13
260.755,0
260.838,0
260.922,0
261.005,0
261.089,15
261.173,0
261.256,4
261.34,36
261.423,19
261.507,24
261.59,0
261.674,0
261.757,28
261.841,5
261.924,0
262.007,3
262.091,9
262.174,0
262.258,5
262.341,6
262.424,0
262.508,15
262.591,0
262.674,18
262.758,20
262.841,0
262.924,8
263.008,0
263.091,0
263.174,6
263.257,0
263.34,0
263.424,0
263.507,22
263.59,0
263.673,15
263.756,11
263.839,5
263.923,0
264.006,6
264.089,2
264.172,0
264.255,4
264.338,11
264.421,0
264.504,0
264.587,0
264.67,24
264.753,9
264.836,0
264.919,0
265.002,10
265.085,6
265.168,6
265.251,8
265.333,0
265.416,2
265.499,0
265.582,9
265.665,3
265.748,3
265.831,0
265.913,0
265.996,24
266.079,0
266.162,0
266.244,37
266.327,32
266.41,0
266.493,28
266.575,11
266.658,35
266.741,15
266.823,13
266.906,12
266.989,13
267.071,19
267.154,6
267.236,0
267.319,0
267.402,0
267.484,8
267.567,0
267.649,6
267.732,0
267.814,0
267.897,32
267.979,14
268.062,6
268.144,0
268.226,0
268.309,4
268.391,15
268.474,0
268.556,0
268.638,3
268.721,23
268.803,0
268.885,12
268.968,0
269.05,7
269.132,0
269.215,0
269.297,0
269.379,9
269.461,0
269.544,11
269.626,25
269.708,50
269.79,135
269.872,119
269.955,44
270.037,13
270.119,0
270.201,0
270.283,4
270.365,13
270.447,22
270.529,2
270.611,2
270.694,0
270.776,0
270.858,44
270.94,19
271.022,0
271.104,0
271.186,5
271.268,0
271.349,0
271.431,39
271.513,17
271.595,1
271.677,2
271.759,24
271.841,17
271.923,0
272.005,0
272.086,22
272.168,0
272.25,5
272.332,26
272.414,6
272.495,0
272.577,0
272.659,0
272.741,13
272.822,17
272.904,0
272.986,20
273.068,35
273.149,18
273.231,7
273.313,3
273.394,4
273.476,8
273.557,8
273.639,0
273.721,0
273.802,0
273.884,0
273.965,18
274.047,5
274.128,2
274.21,12
274.291,0
274.373,10
274.454,40
274.536,13
274.617,0
274.699,0
274.78,16
274.862,0
274.943,0
275.024,0
275.106,15
275.187,4
275.269,0
275.35,12
275.431,23
275.513,7
275.594,0
275.675,9
275.756,21
275.838,0
275.919,10
276,19
276.082,0
276.163,0
276.244,21
276.325,11
276.406,0
276.488,0
276.569,1
276.65,0
276.731,12
276.812,12
276.893,15
276.974,18
277.055,0
277.137,0
277.218,0
277.299,8
277.38,23
277.461,6
277.542,26
277.623,2
277.704,24
277.785,26
277.866,0
277.947,2
278.028,3
278.109,4
278.19,11
278.27,4
278.351,0
278.432,6
278.513,13
278.594,0
278.675,0
278.756,0
278.837,21
278.917,11
278.998,0
279.079,0
279.16,2
279.241,25
279.321,30
279.402,0
279.483,3
279.564,0
279.644,0
279.725,20
279.806,0
279.886,3
279.967,24
280.048,0
280.128,12
280.209,0
280.29,3
280.37,0
280.451,0
280.531,9
280.612,15
280.693,0
280.773,20
280.854,24
280.934,0
281.015,13
281.095,21
281.176,0
281.256,14
281.337,0
281.417,32
281.498,36
281.578,8
281.659,0
281.739,8
281.819,0
281.9,16
281.98,45
282.061,13
282.141,7
282.221,0
282.302,37
282.382,0
282.462,0
282.543,37
282.623,41
282.703,19
282.783,0
282.864,0
282.944,13
283.024,0
283.104,38
283.185,9
283.265,6
283.345,2
283.425,22
283.505,0
283.585,0
283.666,16
283.746,12
283.826,0
283.906,0
283.986,0
284.066,24
284.146,0
284.226,16
284.306,9
284.386,0
284.466,0
284.546,1
284.626,0
284.706,0
284.786,0
284.866,27
284.946,0
285.026,15
285.106,0
285.186,0
285.266,12
285.346,21
285.426,0
285.506,0
285.586,12
285.666,0
285.745,0
285.825,0
285.905,0
285.985,4
286.065,1
286.145,19
286.224,2
286.304,0
286.384,14
286.464,1
286.543,0
286.623,0
286.703,6
286.783,21
286.862,0
286.942,0
287.022,40
287.101,9
287.181,7
287.261,0
287.34,21
287.42,30
287.5,0
287.579,10
287.659,22
287.738,13
287.818,4
287.897,32
287.977,16
288.057,0
288.136,0
288.216,0
288.295,15
288.375,0
288.454,4
288.534,0
288.613,18
288.692,4
288.772,4
288.851,24
288.931,25
289.01,0
289.09,0
289.169,26
289.248,0
289.328,6
289.407,0
289.486,16
289.566,12
289.645,0
289.724,0
289.804,0
289.883,0
289.962,8
290.042,15
290.121,11
290.2,28
290.279,17
290.359,0
290.438,0
290.517,38
290.596,28
290.675,0
290.755,0
290.834,0
290.913,0
290.992,8
291.071,11
291.15,14
291.229,0
291.308,5
291.388,33
291.467,13
291.546,9
291.625,7
291.704,0
291.783,6
291.862,47
291.941,48
292.02,4
292.099,0
292.178,0
292.257,16
292.336,12
292.415,0
292.494,11
292.573,10
292.652,0
292.73,0
292.809,7
292.888,0
292.967,0
293.046,13
293.125,0
293.204,11
293.283,0
293.361,22
293.44,11
293.519,8
293.598,35
293.677,0
293.755,14
293.834,3
293.913,0
293.992,0
294.07,49
294.149,32
294.228,3
294.307,6
294.385,6
294.464,0
294.543,11
294.621,4
294.7,4
294.779,22
294.857,16
294.936,0
295.014,3
295.093,6
295.172,0
295.25,0
295.329,0
295.407,14
295.486,11
295.564,2
295.643,0
295.722,9
295.8,16
295.879,8
295.957,1
296.036,18
296.114,2
296.192,6
296.271,49
296.349,36
296.428,0
296.506,0
296.585,8
296.663,14
296.741,1
296.82,0
296.898,16
296.977,0
297.055,0
297.133,0
297.212,0
297.29,0
297.368,4
297.446,25
297.525,0
297.603,0
297.681,0
297.76,3
297.838,1
297.916,0
297.994,0
298.073,0
298.151,3
298.229,0
298.307,0
298.385,37
298.463,35
298.542,0
298.62,4
298.698,4
298.776,5
298.854,29
298.932,17
299.01,0
299.088,24
299.167,0
299.245,29
299.323,12
299.401,19
299.479,0
299.557,0
299.635,0
299.713,13
299.791,0
299.869,0
299.947,11
300.025,0
300.103,0
300.181,14
300.259,0
300.337,7
300.415,0
300.492,0
300.57,0
300.648,7
300.726,20
300.804,10
300.882,0
300.96,0
301.038,0
301.115,17
301.193,10
301.271,0
301.349,0
301.427,0
301.504,0
301.582,11
301.66,18
301.738,0
301.816,0
301.893,13
301.971,0
302.049,7
302.126,9
302.204,32
302.282,3
302.36,39
302.437,0
302.515,0
302.593,32
302.67,26
302.748,0
302.825,0
302.903,3
302.981,0
303.058,22
303.136,17
303.213,8
303.291,19
303.369,15
303.446,7
303.524,0
303.601,18
303.679,0
303.756,16
303.834,18
303.911,0
303.989,0
304.066,14
304.144,7
304.221,0
304.299,0
304.376,18
304.453,12
304.531,0
304.608,0
304.686,0
304.763,6
304.84,0
304.918,0
304.995,0
305.072,6
305.15,6
305.227,64
305.304,80
305.382,36
305.459,6
305.536,3
305.614,2
305.691,7
305.768,4
305.845,0
305.923,16
306,0
306.077,0
306.154,42
306.232,43
306.309,12
306.386,0
306.463,0
306.54,0
306.618,0
306.695,0
306.772,0
306.849,0
306.926,0
307.003,0
307.08,0
307.157,0
307.234,0
307.312,10
307.389,37
307.466,0
307.543,0
307.62,0
307.697,0
307.774,15
307.851,20
307.928,0
308.005,15
308.082,14
308.159,2
308.236,8
308.313,0
308.39,0
308.467,2
308.544,8
308.621,6
308.697,0
308.774,5
308.851,22
308.928,17
309.005,12
309.082,4
309.159,21
309.236,0
309.312,3
309.389,0
309.466,0
309.543,0
309.62,0
309.697,2
309.773,9
309.85,0
309.927,0
310.004,21
310.08,32
310.157,28
310.234,9
310.311,0
310.387,0
310.464,0
310.541,0
310.617,6
310.694,0
310.771,3
310.847,7
310.924,6
311.001,1
311.077,7
311.154,0
311.231,0
311.307,4
311.384,7
311.46,0
311.537,5
311.614,0
311.69,0
311.767,23
311.843,13
311.92,12
311.996,6
312.073,0
312.149,7
312.226,0
312.302,0
312.379,0
312.455,0
312.532,13
312.608,0
312.685,31
312.761,0
312.838,15
312.914,0
312.99,0
313.067,0
313.143,24
313.22,0
313.296,1
313.372,24
313.449,0
313.525,17
313.601,22
313.678,0
313.754,0
313.83,51
313.907,32
313.983,16
314.059,4
314.136,0
314.212,4
314.288,1
314.364,1
314.441,0
314.517,39
314.593,35
314.669,2
314.746,26
314.822,18
314.898,10
314.974,0
315.05,0
315.127,10
315.203,0
315.279,2
315.355,0
315.431,0
315.507,0
315.583,0
315.66,10
315.736,0
315.812,0
315.888,19
315.964,16
316.04,0
316.116,7
316.192,6
316.268,0
316.344,0
316.42,19
316.496,0
316.572,2
316.648,5
316.724,0
316.8,0
316.876,10
316.952,25
317.028,10
317.104,0
317.18,3
317.256,7
317.332,21
317.408,19
317.484,16
317.56,28
317.635,8
317.711,0
317.787,2
317.863,14
317.939,10
318.015,12
318.091,6
318.166,1
318.242,0
318.318,3
318.394,15
318.47,0
318.546,11
318.621,16
318.697,5
318.773,21
318.849,0
318.924,13
319,32
319.076,0
319.152,15
319.227,18
319.303,12
319.379,29
319.454,7
319.53,0
319.606,7
319.681,6
319.757,0
319.833,0
319.908,0
319.984,3
320.06,14
320.135,13
320.211,5
320.286,14
320.362,30
320.438,0
320.513,17
320.589,0
320.664,16
320.74,10
320.815,19
320.891,8
320.966,5
321.042,11
321.117,0
321.193,0
321.268,0
321.344,0
321.419,0
321.495,22
321.57,18
321.646,0
321.721,8
321.797,0
321.872,0
321.947,0
322.023,23
322.098,3
322.174,0
322.249,0
322.324,8
322.4,42
322.475,2
322.55,15
322.626,5
322.701,1
322.776,0
322.852,10
322.927,10
323.002,4
323.078,0
323.153,0
323.228,9
323.304,38
323.379,0
323.454,0
323.529,0
323.605,22
323.68,0
323.755,0
323.83,25
323.905,8
323.981,2
324.056,20
324.131,10
324.206,0
324.281,0
324.356,2
324.432,15
324.507,19
324.582,19
324.657,0
324.732,15
324.807,12
324.882,8
324.957,19
325.033,22
325.108,0
325.183,17
325.258,15
325.333,9
325.408,22
325.483,13
325.558,0
325.633,0
325.708,0
325.783,11
325.858,0
325.933,0
326.008,0
326.083,16
326.158,18
326.233,0
326.308,5
326.383,0
326.458,0
326.533,0
326.608,19
326.682,32
326.757,0
326.832,17
326.907,7
326.982,0
327.057,0
327.132,0
327.207,36
327.281,0
327.356,9
327.431,0
327.506,2
327.581,22
327.656,14
327.73,0
327.805,3
327.88,7
327.955,0
328.03,11
328.104,3
328.179,0
328.254,8
328.329,18
328.403,3
328.478,0
328.553,13
328.627,0
328.702,22
328.777,0
328.852,11
328.926,36
329.001,22
329.076,27
329.15,0
329.225,0
329.3,28
329.374,27
329.449,0
329.523,0
329.598,6
329.673,15
329.747,0
329.822,17
329.896,105
329.971,86
330.045,27
330.12,13
330.195,0
330.269,2
330.344,0
330.418,0
330.493,0
330.567,9
330.642,40
330.716,111
330.791,67
330.865,3
330.94,21
331.014,3
331.089,127
331.163,113
331.237,48
331.312,39
331.386,10
331.461,0
331.535,0
331.61,19
331.684,0
331.758,11
331.833,0
331.907,9
331.981,24
332.056,6
332.13,0
332.205,0
332.279,0
332.353,48
332.428,75
332.502,30
332.576,28
332.65,0
332.725,0
332.799,0
332.873,3
332.948,0
333.022,0
333.096,0
333.17,36
333.245,14
333.319,0
333.393,12
333.467,3
333.541,0
333.616,14
333.69,20
333.764,2
333.838,0
333.912,0
333.987,24
334.061,12
334.135,22
334.209,39
334.283,13
334.357,40
334.431,0
334.506,14
334.58,9
334.654,0
334.728,0
334.802,0
334.876,24
334.95,8
335.024,24
335.098,7
335.172,0
335.246,29
335.32,15
335.394,19
335.468,0
335.542,0
335.616,3
335.69,17
335.764,0
335.838,3
335.912,0
335.986,3
336.06,24
336.134,8
336.208,0
336.282,0
336.356,0
336.43,45
336.504,4
336.578,0
336.652,43
336.726,21
336.799,0
336.873,0
336.947,9
337.021,60
337.095,51
337.169,18
337.243,53
337.316,31
337.39,0
337.464,69
337.538,127
337.612,21
337.686,27
337.759,0
337.833,0
337.907,15
337.981,27
338.054,6
338.128,0
338.202,3
338.276,0
338.349,0
338.423,9
338.497,20
338.571,5
338.644,0
338.718,9
338.792,29
338.865,3
338.939,10
339.013,26
339.086,24
339.16,9
339.234,28
339.307,24
339.381,25
339.455,0
339.528,0
339.602,2
339.675,0
339.749,16
339.823,0
339.896,1
339.97,2
340.043,32
340.117,0
340.191,0
340.264,0
340.338,0
340.411,0
340.485,13
340.558,16
340.632,0
340.705,4
340.779,0
340.852,1
340.926,14
340.999,154
341.073,421
341.146,290
341.22,107
341.293,68
341.367,156
341.44,178
341.513,187
341.587,165
341.66,115
341.734,126
341.807,40
341.88,74
341.954,128
342.027,230
342.101,193
342.174,109
342.247,55
342.321,72
342.394,67
342.467,116
342.541,130
342.614,175
342.687,190
342.761,141
342.834,168
342.907,128
342.981,39
343.054,217
343.127,244
343.2,156
343.274,171
343.347,83
343.42,28
343.494,6
343.567,157
343.64,117
343.713,78
343.786,48
343.86,30
343.933,0
344.006,0
344.079,0
344.152,50
344.226,89
344.299,58
344.372,28
344.445,37
344.518,71
344.591,35
344.665,0
344.738,0
344.811,27
344.884,0
344.957,0
345.03,0
345.103,61
345.176,62
345.249,32
345.322,6
345.396,25
345.469,36
345.542,18
345.615,0
345.688,4
345.761,2
345.834,16
345.907,1
345.98,0
346.053,0
346.126,4
346.199,7
346.272,0
346.345,0
346.418,7
346.491,0
346.564,0
346.637,0
346.71,0
346.783,0
346.856,1
346.929,13
347.001,34
347.074,7
347.147,13
347.22,20
347.293,3
347.366,38
347.439,1
347.512,11
347.585,0
347.657,0
347.73,9
347.803,0
347.876,0
347.949,7
348.022,0
348.094,0
348.167,12
348.24,9
348.313,27
348.386,0
348.458,8
348.531,0
348.604,0
348.677,0
348.75,0
348.822,7
348.895,8
348.968,2
349.041,18
349.113,24
349.186,0
349.259,2
349.331,109
349.404,80
349.477,25
349.55,0
349.622,0
349.695,0
349.768,16
349.84,0
349.913,14
349.986,0
350.058,0
350.131,26
350.204,0
350.276,17
350.349,27
350.421,0
350.494,18
350.567,0
350.639,0
350.712,0
350.784,22
350.857,2
350.929,20
351.002,32
351.075,25
351.147,0
351.22,0
351.292,0
351.365,0
351.437,19
351.51,30
351.582,0
351.655,5
351.727,11
351.8,0
351.872,1
351.945,110
352.017,155
352.09,102
352.162,17
352.235,4
352.307,0
352.38,0
352.452,5
352.524,0
352.597,0
352.669,10
352.742,2
352.814,0
352.886,0
352.959,0
353.031,33
353.104,26
353.176,2
353.248,25
353.321,13
353.393,16
353.465,2
353.538,1
353.61,0
353.682,0
353.755,0
353.827,14
353.899,7
353.972,7
354.044,0
354.116,4
354.188,5
354.261,0
354.333,14
354.405,4
354.478,0
354.55,8
354.622,7
354.694,4
354.767,0
354.839,11
354.911,71
354.983,29
355.055,4
355.128,15
355.2,0
355.272,0
355.344,0
355.416,20
355.489,0
355.561,24
355.633,0
355.705,0
355.777,0
355.849,0
355.921,0
355.994,13
356.066,0
356.138,19
356.21,0
356.282,28
356.354,8
356.426,4
356.498,7
356.57,0
356.642,0
356.714,0
356.787,0
356.859,42
356.931,8
357.003,0
357.075,0
357.147,13
357.219,21
357.291,0
357.363,2
357.435,25
357.507,0
357.579,11
357.651,12
357.723,13
357.795,7
357.867,2
357.939,4
358.011,39
358.083,0
358.154,0
358.226,58
358.298,19
358.37,14
358.442,0
358.514,0
358.586,39
358.658,0
358.73,0
358.802,0
358.874,0
358.945,6
359.017,0
359.089,9
359.161,0
359.233,33
359.305,14
359.377,0
359.448,17
359.52,0
359.592,0
359.664,21
359.736,15
359.807,4
359.879,11
359.951,0
360.023,0
360.095,0
360.166,0
360.238,24
360.31,22
360.382,1
360.453,30
360.525,0
360.597,0
360.669,22
360.74,0
360.812,3
360.884,0
360.956,7
361.027,16
361.099,0
361.171,0
361.242,0
361.314,10
361.386,7
361.457,0
361.529,10
361.601,20
361.672,24
361.744,33
361.816,0
361.887,0
361.959,28
362.03,0
362.102,19
362.174,0
362.245,18
362.317,3
362.388,0
362.46,31
362.532,0
362.603,0
362.675,56
362.746,87
362.818,54
362.889,0
362.961,11
363.032,22
363.104,0
363.176,0
363.247,5
363.319,5
363.39,0
363.462,0
363.533,7
363.605,17
363.676,7
363.748,0
363.819,0
363.89,0
363.962,3
364.033,43
364.105,0
364.176,0
364.248,0
364.319,20
364.391,0
364.462,0
364.533,0
364.605,6
364.676,0
364.748,0
364.819,17
364.89,2
364.962,0
365.033,0
365.104,0
365.176,0
365.247,0
365.319,0
365.39,51
365.461,14
365.533,0
365.604,0
365.675,0
365.747,10
365.818,0
365.889,19
365.96,8
366.032,28
366.103,10
366.174,0
366.246,0
366.317,0
366.388,19
366.459,0
366.531,0
366.602,0
366.673,19
366.744,25
366.816,10
366.887,0
366.958,11
367.029,0
367.1,18
367.172,0
367.243,0
367.314,16
367.385,45
367.456,0
367.528,0
367.599,0
367.67,1
367.741,0
367.812,0
367.883,14
367.955,0
368.026,2
368.097,10
368.168,74
368.239,89
368.31,48
368.381,25
368.452,0
368.523,0
368.595,1
368.666,3
368.737,0
368.808,0
368.879,0
368.95,1
369.021,0
369.092,11
369.163,19
369.234,0
369.305,0
369.376,0
369.447,0
369.518,10
369.589,12
369.66,2
369.731,2
369.802,26
369.873,6
369.944,0
370.015,34
370.086,19
370.157,0
370.228,0
370.299,9
370.37,11
370.441,3
370.512,9
370.583,11
370.654,1
370.725,9
370.796,34
370.866,0
370.937,0
371.008,37
371.079,90
371.15,29
371.221,2
371.292,10
371.363,106
371.434,63
371.504,35
371.575,7
371.646,7
371.717,4
371.788,2
371.859,16
371.93,57
372,48
372.071,46
372.142,26
372.213,0
372.284,2
372.354,0
372.425,0
372.496,23
372.567,31
372.638,8
372.708,24
372.779,26
372.85,86
372.921,69
372.991,33
373.062,0
373.133,80
373.204,80
373.274,26
373.345,0
373.416,0
373.486,10
373.557,0
373.628,0
373.699,9
373.769,16
373.84,19
373.911,101
373.981,79
374.052,45
374.123,48
374.193,37
374.264,54
374.335,0
374.405,0
374.476,0
374.546,6
374.617,0
374.688,4
374.758,0
374.829,0
374.9,0
374.97,0
375.041,0
375.111,7
375.182,1
375.252,12
375.323,6
375.394,10
375.464,6
375.535,0
375.605,0
375.676,4
375.746,0
375.817,8
375.887,27
375.958,0
376.028,22
376.099,3
376.17,37
376.24,0
376.311,2
376.381,0
376.451,0
376.522,0
376.592,0
376.663,15
376.733,0
376.804,6
376.874,0
376.945,32
377.015,29
377.086,0
377.156,0
377.227,0
377.297,0
377.367,0
377.438,5
377.508,0
377.579,0
377.649,6
377.719,15
377.79,6
377.86,8
377.931,0
378.001,9
378.071,0
378.142,5
378.212,0
378.282,0
378.353,0
378.423,0
378.493,0
378.564,0
378.634,0
378.704,0
378.775,0
378.845,1
378.915,1
378.986,0
379.056,2
379.126,11
379.196,14
379.267,0
379.337,22
379.407,0
379.478,0
379.548,28
379.618,13
379.688,0
379.759,0
379.829,0
379.899,16
379.969,17
380.04,0
380.11,0
380.18,6
380.25,10
380.32,0
380.391,0
380.461,5
380.531,19
380.601,15
380.671,0
380.741,27
380.812,16
380.882,3
380.952,0
381.022,30
381.092,9
381.162,6
381.233,0
381.303,21
381.373,6
381.443,3
381.513,0
381.583,0
381.653,0
381.723,2
381.793,0
381.864,10
381.934,23
382.004,0
382.074,8
382.144,16
382.214,1
382.284,0
382.354,0
382.424,10
382.494,0
382.564,0
382.634,2
382.704,12
382.774,25
382.844,13
382.914,0
382.984,3
383.054,0
383.124,4
383.194,0
383.264,0
383.334,0
383.404,19
383.474,15
383.544,11
383.614,50
383.684,25
383.754,6
383.824,11
383.894,0
383.964,0
384.034,0
384.104,18
384.174,16
384.244,0
384.314,14
384.384,13
384.453,4
384.523,0
384.593,19
384.663,12
384.733,0
384.803,9
384.873,22
384.943,0
385.013,2
385.082,10
385.152,0
385.222,4
385.292,2
385.362,23
385.432,8
385.502,11
385.571,13
385.641,0
385.711,9
385.781,27
385.851,20
385.92,3
385.99,7
386.06,9
386.13,0
386.2,0
386.269,36
386.339,0
386.409,3
386.479,0
386.548,23
386.618,15
386.688,13
386.758,1
386.827,44
386.897,26
386.967,21
387.037,0
387.106,4
387.176,0
387.246,0
387.316,0
387.385,6
387.455,5
387.525,0
387.594,0
387.664,15
387.734,27
387.803,0
387.873,0
387.943,7
388.012,0
388.082,17
388.152,22
388.221,0
388.291,11
388.361,4
388.43,14
388.5,0
388.569,20
388.639,0
388.709,0
388.778,27
388.848,0
388.918,8
388.987,33
389.057,17
389.126,0
389.196,62
389.265,58
389.335,22
389.405,3
389.474,0
389.544,0
389.613,12
389.683,0
389.752,0
389.822,8
389.891,13
389.961,0
390.03,1
390.1,0
390.169,0
390.239,19
390.309,121
390.378,147
390.448,70
390.517,89
390.586,63
390.656,36
390.725,0
390.795,8
390.864,0
390.934,25
391.003,17
391.073,4
391.142,0
391.212,20
391.281,6
391.351,0
391.42,0
391.489,4
391.559,13
391.628,0
391.698,0
391.767,27
391.836,13
391.906,0
391.975,8
392.045,23
392.114,0
392.183,0
392.253,12
392.322,10
392.391,0
392.461,0
392.53,0
392.6,0
392.669,9
392.738,0
392.808,0
392.877,0
392.946,15
393.016,20
393.085,0
393.154,0
393.224,24
393.293,21
393.362,0
393.431,0
393.501,42
393.57,12
393.639,0
393.709,0
393.778,0
393.847,0
393.916,15
393.986,8
394.055,0
394.124,22
394.193,15
394.263,21
394.332,2
394.401,0
394.47,12
394.54,3
394.609,0
394.678,0
394.747,0
394.816,158
394.886,177
394.955,85
395.024,0
395.093,0
395.162,0
395.232,0
395.301,14
395.37,16
395.439,0
395.508,0
395.577,0
395.647,13
395.716,17
395.785,16
395.854,0
395.923,11
395.992,14
396.061,0
396.13,8
396.2,20
396.269,10
396.338,0
396.407,0
396.476,3
396.545,1
396.614,0
396.683,0
396.752,0
396.821,0
396.89,1
396.96,2
397.029,0
397.098,8
397.167,0
397.236,12
397.305,0
397.374,7
397.443,0
397.512,11
397.581,6
397.65,0
397.719,0
397.788,3
397.857,0
397.926,0
397.995,0
398.064,0
398.133,19
398.202,0
398.271,23
398.34,0
398.409,3
398.478,12
398.547,10
398.616,0
398.685,0
398.754,0
398.823,11
398.892,0
398.961,21
399.029,19
399.098,0
399.167,0
399.236,8
399.305,0
399.374,11
399.443,2
399.512,8
399.581,0
399.65,0
399.719,23
399.787,0
399.856,2
399.925,0
399.994,0
400.063,1
400.132,0
400.201,0
400.27,0
400.338,0
400.407,42
400.476,29
400.545,7
400.614,0
400.683,2
400.751,0
400.82,12
400.889,14
400.958,0
401.027,21
401.096,19
401.164,23
401.233,0
401.302,10
401.371,27
401.439,0
401.508,0
401.577,12
401.646,0
401.715,0
401.783,0
401.852,0
401.921,0
401.99,8
402.058,17
402.127,0
402.196,0
402.265,0
402.333,26
402.402,26
402.471,0
402.539,0
402.608,27
402.677,2
402.746,13
402.814,16
402.883,0
402.952,0
403.02,0
403.089,0
403.158,0
403.226,0
403.295,1
403.364,0
403.432,24
403.501,0
403.57,0
403.638,13
403.707,6
403.776,10
403.844,0
403.913,0
403.981,6
404.05,0
404.119,0
404.187,35
404.256,0
404.325,0
404.393,0
404.462,0
404.53,0
404.599,17
404.667,28
404.736,58
404.805,82
404.873,4
404.942,1
405.01,0
405.079,0
405.147,143
405.216,198
405.285,96
405.353,5
405.422,3
405.49,2
405.559,0
405.627,6
405.696,0
405.764,0
405.833,0
405.901,0
405.97,0
406.038,0
406.107,11
406.175,4
406.244,0
406.312,0
406.381,0
406.449,0
406.518,15
406.586,15
406.655,0
406.723,29
406.792,11
406.86,0
406.928,0
406.997,9
407.065,0
407.134,0
407.202,0
407.271,11
407.339,51
407.407,13
407.476,0
407.544,0
407.613,0
407.681,2
407.75,12
407.818,0
407.886,15
407.955,14
408.023,3
408.091,7
408.16,3
408.228,6
408.297,4
408.365,42
408.433,30
408.502,0
408.57,21
408.638,9
408.707,0
408.775,34
408.843,0
408.912,0
408.98,0
409.048,6
409.117,24
409.185,0
409.253,0
409.322,21
409.39,3
409.458,11
409.527,0
409.595,0
409.663,16
409.731,0
409.8,13
409.868,0
409.936,0
410.004,0
410.073,2
410.141,3
410.209,1
410.277,6
410.346,9
410.414,25
410.482,0
410.55,13
410.619,7
410.687,0
410.755,7
410.823,0
410.892,7
410.96,0
411.028,0
411.096,10
411.164,9
411.233,0
411.301,4
411.369,18
411.437,1
411.505,0
411.574,19
411.642,4
411.71,0
411.778,0
411.846,0
411.914,0
411.982,3
412.051,17
412.119,5
412.187,3
412.255,0
412.323,3
412.391,0
412.459,0
412.528,32
412.596,19
412.664,0
412.732,0
412.8,0
412.868,102
412.936,152
413.004,94
413.072,0
413.14,0
413.209,0
413.277,18
413.345,2
413.413,8
413.481,0
413.549,0
413.617,11
413.685,5
413.753,0
413.821,0
413.889,0
413.957,0
414.025,0
414.093,14
414.161,43
414.229,0
414.297,0
414.365,6
414.433,8
414.501,5
414.569,13
414.637,8
414.705,0
414.773,0
414.841,8
414.909,52
414.977,0
415.045,0
415.113,119
415.181,221
415.249,118
415.317,4
415.385,7
415.453,0
415.521,0
415.589,0
415.657,0
415.725,0
415.793,9
415.861,0
415.929,0
415.997,0
416.065,21
416.132,29
416.2,27
416.268,4
416.336,9
416.404,0
416.472,16
416.54,24
416.608,0
416.676,0
416.744,18
416.811,0
416.879,4
416.947,1
417.015,6
417.083,0
417.151,0
417.219,26
417.287,0
417.354,0
417.422,0
417.49,0
417.558,0
417.626,0
417.694,0
417.761,3
417.829,26
417.897,0
417.965,12
418.033,10
418.1,21
418.168,16
418.236,0
418.304,5
418.372,2
418.439,7
418.507,0
418.575,0
418.643,0
418.711,38
418.778,30
418.846,14
418.914,0
418.982,2
419.049,15
419.117,0
419.185,0
419.253,0
419.32,8
419.388,0
419.456,0
419.524,0
419.591,0
419.659,0
419.727,0
419.795,12
419.862,8
419.93,4
419.998,25
420.065,1
420.133,0
420.201,0
420.268,10
420.336,13
420.404,0
420.471,2
420.539,16
420.607,12
420.674,0
420.742,0
420.81,0
420.877,4
420.945,36
421.013,0
421.08,0
421.148,0
421.216,0
421.283,0
421.351,16
421.419,1
421.486,0
421.554,0
421.621,15
421.689,0
421.757,0
421.824,26
421.892,25
421.96,0
422.027,0
422.095,20
422.162,4
422.23,15
422.297,0
422.365,7
422.433,18
422.5,0
422.568,5
422.635,24
422.703,18
422.77,0
422.838,13
422.906,22
422.973,0
423.041,0
423.108,0
423.176,33
423.243,14
423.311,0
423.378,0
423.446,6
423.513,7
423.581,0
423.648,0
423.716,0
423.783,0
423.851,0
423.918,3
423.986,8
424.053,6
424.121,62
424.188,52
424.256,49
424.323,8
424.391,0
424.458,29
424.526,2
424.593,15
424.661,28
424.728,19
424.796,26
424.863,4
424.93,0
424.998,8
425.065,19
425.133,60
425.2,42
425.268,22
425.335,7
425.402,0
425.47,0
425.537,11
425.605,3
425.672,0
425.74,13
425.807,23
425.874,0
425.942,17
426.009,0
426.076,0
426.144,0
426.211,0
426.279,0
426.346,17
426.413,15
426.481,0
426.548,2
426.615,13
426.683,14
426.75,0
426.817,34
426.885,17
426.952,0
427.02,0
427.087,10
427.154,8
427.222,28
427.289,13
427.356,0
427.423,4
427.491,0
427.558,0
427.625,31
427.693,23
427.76,0
427.827,0
427.895,0
427.962,45
428.029,13
428.096,2
428.164,0
428.231,14
428.298,0
428.366,3
428.433,12
428.5,0
428.567,0
428.635,0
428.702,27
428.769,0
428.836,4
428.904,0
428.971,2
429.038,0
429.105,6
429.173,11
429.24,8
429.307,0
429.374,11
429.441,0
429.509,0
429.576,5
429.643,0
429.71,0
429.777,5
429.845,22
429.912,0
429.979,7
430.046,0
430.113,25
430.181,8
430.248,0
430.315,0
430.382,9
430.449,0
430.516,25
430.584,18
430.651,0
430.718,0
430.785,0
430.852,0
430.919,0
430.986,0
431.054,0
431.121,0
431.188,12
431.255,21
431.322,10
431.389,0
431.456,24
431.523,23
431.59,12
431.658,0
431.725,0
431.792,0
431.859,7
431.926,0
431.993,0
432.06,0
432.127,0
432.194,21
432.261,22
432.328,4
432.396,20
432.463,0
432.53,0
432.597,34
432.664,97
432.731,70
432.798,12
432.865,0
432.932,0
432.999,4
433.066,0
433.133,0
433.2,6
433.267,2
433.334,12
433.401,34
433.468,22
433.535,7
433.602,0
433.669,0
433.736,0
433.803,10
433.87,3
433.937,0
434.004,0
434.071,15
434.138,17
434.205,7
434.272,0
434.339,23
434.406,15
434.473,38
434.54,0
434.607,0
434.674,0
434.741,0
434.808,9
434.875,0
434.942,15
435.009,0
435.076,16
435.143,0
435.209,0
435.276,0
435.343,16
435.41,19
435.477,0
435.544,11
435.611,14
435.678,2
435.745,0
435.812,29
435.879,0
435.946,0
436.012,0
436.079,10
436.146,26
436.213,0
436.28,0
436.347,0
436.414,38
436.481,14
436.547,0
436.614,2
436.681,0
436.748,26
436.815,0
436.882,4
436.949,0
437.015,0
437.082,0
437.149,0
437.216,0
437.283,2
437.35,9
437.417,38
437.483,72
437.55,66
437.617,0
437.684,0
437.751,11
437.817,27
437.884,0
437.951,0
438.018,1
438.085,20
438.151,15
438.218,0
438.285,0
438.352,0
438.419,8
438.485,0
438.552,3
438.619,0
438.686,11
438.752,17
438.819,4
438.886,6
438.953,0
439.019,6
439.086,0
439.153,14
439.22,4
439.286,0
439.353,0
439.42,0
439.487,25
439.553,0
439.62,0
439.687,0
439.754,0
439.82,0
439.887,7
439.954,0
440.02,15
440.087,27
440.154,0
440.22,0
440.287,24
440.354,4
440.421,5
440.487,0
440.554,0
440.621,0
440.687,22
440.754,4
440.821,0
440.887,0
440.954,35
441.021,110
441.087,62
441.154,28
441.221,1
441.287,0
441.354,38
441.421,45
441.487,15
441.554,0
441.62,0
441.687,0
441.754,13
441.82,17
441.887,0
441.954,0
442.02,6
442.087,1
442.153,0
442.22,0
442.287,0
442.353,22
442.42,14
442.486,24
442.553,64
442.62,55
442.686,51
442.753,56
442.819,68
442.886,21
442.953,14
443.019,0
443.086,0
443.152,8
443.219,0
443.285,8
443.352,0
443.418,15
443.485,7
443.552,0
443.618,0
443.685,12
443.751,23
443.818,25
443.884,0
443.951,20
444.017,34
444.084,0
444.15,0
444.217,7
444.283,14
444.35,11
444.416,13
444.483,8
444.549,17
444.616,22
444.682,25
444.749,0
444.815,19
444.882,22
444.948,14
445.015,0
445.081,0
445.148,12
445.214,0
445.281,0
445.347,4
445.414,0
445.48,0
445.547,33
445.613,10
445.68,0
445.746,0
445.812,0
445.879,0
445.945,0
446.012,58
446.078,52
446.145,22
446.211,20
446.278,0
446.344,0
446.41,0
446.477,4
446.543,1
446.61,2
446.676,9
446.742,0
446.809,6
446.875,0
446.942,1
447.008,0
447.074,18
447.141,9
447.207,0
447.274,0
447.34,0
447.406,0
447.473,0
447.539,0
447.606,0
447.672,49
447.738,44
447.805,4
447.871,0
447.937,0
448.004,0
448.07,0
448.136,33
448.203,0
448.269,0
448.335,0
448.402,7
448.468,0
448.534,0
448.601,29
448.667,11
448.733,3
448.8,11
448.866,0
448.932,0
448.999,14
449.065,0
449.131,0
449.198,0
449.264,2
449.33,0
449.396,12
449.463,0
449.529,0
449.595,7
449.662,23
449.728,12
449.794,0
449.86,8
449.927,0
449.993,1
450.059,0
450.126,7
450.192,2
450.258,0
450.324,0
450.391,25
450.457,5
450.523,0
450.589,11
450.656,12
450.722,16
450.788,0
450.854,6
450.921,0
450.987,0
451.053,2
451.119,10
451.185,10
451.252,0
451.318,0
451.384,0
451.45,9
451.516,0
451.583,28
451.649,13
451.715,0
451.781,4
451.847,19
451.914,2
451.98,8
452.046,0
452.112,0
452.178,0
452.245,0
452.311,0
452.377,20
452.443,0
452.509,15
452.575,0
452.642,13
452.708,0
452.774,17
452.84,9
452.906,3
452.972,0
453.038,1
453.105,0
453.171,13
453.237,0
453.303,0
453.369,14
453.435,10
453.501,0
453.568,0
453.634,22
453.7,9
453.766,0
453.832,0
453.898,3
453.964,0
454.03,0
454.096,0
454.162,8
454.229,0
454.295,23
454.361,9
454.427,16
454.493,0
454.559,0
454.625,0
454.691,0
454.757,0
454.823,0
454.889,5
454.955,0
455.022,13
455.088,0
455.154,12
455.22,0
455.286,0
455.352,0
455.418,0
455.484,10
455.55,31
455.616,0
455.682,0
455.748,0
455.814,0
455.88,0
455.946,0
456.012,5
456.078,8
456.144,0
456.21,2
456.276,2
456.342,0
456.408,28
456.474,0
456.54,0
456.606,37
456.672,0
456.738,1
456.804,9
456.87,0
456.936,0
457.002,11
457.068,0
457.134,11
457.2,0
457.266,0
457.332,0
457.398,27
457.464,0
457.53,16
457.596,1
457.662,0
457.728,8
457.794,2
457.86,0
457.926,0
457.992,0
458.058,0
458.124,9
458.19,29
458.255,0
458.321,0
458.387,0
458.453,0
458.519,6
458.585,5
458.651,11
458.717,4
458.783,22
458.849,8
458.915,0
458.981,42
459.046,0
459.112,0
459.178,0
459.244,9
459.31,0
459.376,11
459.442,19
459.508,21
459.574,12
459.64,5
459.705,4
459.771,10
459.837,0
459.903,10
459.969,15
460.035,0
460.101,19
460.166,22
460.232,0
460.298,0
460.364,1
460.43,15
460.496,21
460.562,0
460.627,18
460.693,26
460.759,2
460.825,0
460.891,21
460.957,0
461.022,21
461.088,6
461.154,12
461.22,22
461.286,10
461.352,0
461.417,0
461.483,1
461.549,0
461.615,0
461.681,0
461.746,16
461.812,18
461.878,17
461.944,0
462.01,6
462.075,16
462.141,0
462.207,0
462.273,3
462.339,12
462.404,6
462.47,14
462.536,14
462.602,0
462.667,7
462.733,4
462.799,0
462.865,14
462.93,0
462.996,0
463.062,0
463.128,0
463.193,10
463.259,0
463.325,5
463.391,7
463.456,1
463.522,21
463.588,9
463.654,7
463.719,31
463.785,0
463.851,9
463.917,19
463.982,0
464.048,1
464.114,1
464.179,12
464.245,0
464.311,4
464.377,11
464.442,8
464.508,26
464.574,16
464.639,17
464.705,6
464.771,16
464.836,12
464.902,0
464.968,0
465.033,4
465.099,0
465.165,0
465.23,11
465.296,7
465.362,0
465.427,1
465.493,0
465.559,24
465.624,11
465.69,6
465.756,0
465.821,4
465.887,26
465.953,16
466.018,0
466.084,0
466.15,4
466.215,14
466.281,21
466.347,0
466.412,0
466.478,12
466.543,25
466.609,0
466.675,19
466.74,22
466.806,0
466.872,0
466.937,3
467.003,3
467.068,0
467.134,11
467.2,14
467.265,0
467.331,0
467.396,0
467.462,41
467.528,24
467.593,9
467.659,0
467.724,0
467.79,0
467.855,0
467.921,0
467.987,15
468.052,0
468.118,0
468.183,20
468.249,15
468.314,0
468.38,0
468.446,4
468.511,0
468.577,38
468.642,0
468.708,0
468.773,15
468.839,0
468.904,5
468.97,9
469.035,20
469.101,28
469.167,12
469.232,2
469.298,20
469.363,0
469.429,0
469.494,0
469.56,45
469.625,0
469.691,7
469.756,32
469.822,16
469.887,19
469.953,0
470.018,0
470.084,0
470.149,0
470.215,0
470.28,25
470.346,0
470.411,0
470.477,1
470.542,20
470.608,9
470.673,1
470.739,2
470.804,4
470.87,24
470.935,4
471.001,0
471.066,27
471.131,29
471.197,15
471.262,0
471.328,0
471.393,0
471.459,8
471.524,24
471.59,22
471.655,2
471.721,0
471.786,26
471.851,0
471.917,0
471.982,0
472.048,0
472.113,4
472.179,2
472.244,0
472.309,3
472.375,21
472.44,0
472.506,0
472.571,0
472.637,2
472.702,38
472.767,0
472.833,0
472.898,35
472.964,0
473.029,15
473.094,0
473.16,0
473.225,31
473.291,16
473.356,15
473.421,0
473.487,0
473.552,37
473.617,3
473.683,1
473.748,17
473.814,3
473.879,0
473.944,0
474.01,26
474.075,24
474.14,0
474.206,5
474.271,0
474.337,16
474.402,14
474.467,18
474.533,5
474.598,0
474.663,0
474.729,24
474.794,17
474.859,0
474.925,0
474.99,17
475.055,0
475.121,10
475.186,0
475.251,8
475.317,8
475.382,0
475.447,37
475.513,16
475.578,0
475.643,24
475.709,30
475.774,10
475.839,0
475.904,0
475.97,12
476.035,0
476.1,0
476.166,0
476.231,0
476.296,0
476.362,0
476.427,22
476.492,21
476.557,23
476.623,20
476.688,7
476.753,11
476.819,21
476.884,0
476.949,0
477.014,2
477.08,0
477.145,14
477.21,0
477.275,0
477.341,3
477.406,0
477.471,2
477.536,2
477.602,15
477.667,8
477.732,10
477.797,14
477.863,0
477.928,12
477.993,15
478.058,0
478.124,1
478.189,0
478.254,0
478.319,0
478.384,0
478.45,2
478.515,2
478.58,13
478.645,2
478.711,5
478.776,28
478.841,17
478.906,2
478.971,15
479.037,0
479.102,30
479.167,10
479.232,0
479.297,0
479.363,0
479.428,7
479.493,0
479.558,19
479.623,23
479.689,34
479.754,24
479.819,22
479.884,18
479.949,0
480.014,11
480.08,1
480.145,0
480.21,0
480.275,0
480.34,10
480.405,0
480.471,0
480.536,53
480.601,42
480.666,11
480.731,0
480.796,0
480.862,0
480.927,0
480.992,16
481.057,5
481.122,0
481.187,0
481.252,0
481.318,0
481.383,1
481.448,0
481.513,23
481.578,0
481.643,0
481.708,0
481.773,23
481.839,2
481.904,5
481.969,0
482.034,17
482.099,0
482.164,0
482.229,0
482.294,0
482.359,0
482.424,0
482.49,2
482.555,0
482.62,9
482.685,13
482.75,19
482.815,0
482.88,22
482.945,19
483.01,0
483.075,0
483.14,28
483.206,0
483.271,0
483.336,9
483.401,15
483.466,0
483.531,7
483.596,1
483.661,14
483.726,0
483.791,0
483.856,11
483.921,21
483.986,5
484.051,9
484.116,12
484.181,0
484.246,0
484.312,8
484.377,1
484.442,0
484.507,0
484.572,0
484.637,21
484.702,14
484.767,0
484.832,0
484.897,0
484.962,0
485.027,1
485.092,7
485.157,0
485.222,0
485.287,17
485.352,33
485.417,16
485.482,0
485.547,0
485.612,1
485.677,2
485.742,0
485.807,0
485.872,0
485.937,0
486.002,3
486.067,0
486.132,2
486.197,11
486.262,0
486.327,24
486.392,10
486.457,0
486.522,17
486.587,7
486.652,11
486.717,0
486.782,0
486.847,26
486.912,0
486.977,20
487.042,41
487.107,23
487.172,0
487.237,0
487.301,0
487.366,0
487.431,33
487.496,2
487.561,0
487.626,0
487.691,10
487.756,32
487.821,1
487.886,0
487.951,0
488.016,9
488.081,0
488.146,0
488.211,0
488.276,0
488.341,3
488.405,30
488.47,0
488.535,0
488.6,0
488.665,7
488.73,9
488.795,2
488.86,0
488.925,0
488.99,5
489.055,0
489.119,0
489.184,0
489.249,13
489.314,0
489.379,18
489.444,14
489.509,0
489.574,23
489.639,16
489.704,0
489.768,3
489.833,18
489.898,0
489.963,10
490.028,0
490.093,0
490.158,0
490.223,2
490.287,0
490.352,0
490.417,0
490.482,25
490.547,14
490.612,0
490.677,0
490.742,2
490.806,21
490.871,0
490.936,0
491.001,0
491.066,0
491.131,0
491.195,0
491.26,8
491.325,0
491.39,2
491.455,13
491.52,2
491.585,26
491.649,6
491.714,5
491.779,0
491.844,0
491.909,18
491.973,0
492.038,24
492.103,0
492.168,0
492.233,30
492.298,32
492.362,9
492.427,26
492.492,2
492.557,0
492.622,12
492.686,3
492.751,0
492.816,0
492.881,0
492.946,0
493.01,0
493.075,13
493.14,0
493.205,0
493.27,0
493.334,14
493.399,0
493.464,0
493.529,14
493.594,30
493.658,17
493.723,0
493.788,6
493.853,0
493.917,6
493.982,0
494.047,5
494.112,12
494.177,0
494.241,0
494.306,0
494.371,0
494.436,0
494.5,0
494.565,0
494.63,0
494.695,0
494.759,13
494.824,0
494.889,24
494.954,12
495.018,25
495.083,0
495.148,20
495.213,15
495.277,26
495.342,1
495.407,0
495.472,7
495.536,12
495.601,9
495.666,0
495.73,0
495.795,12
495.86,0
495.925,0
495.989,0
496.054,0
496.119,0
496.183,1
496.248,7
496.313,7
496.378,0
496.442,14
496.507,28
496.572,29
496.636,0
496.701,4
496.766,20
496.831,0
496.895,0
496.96,1
497.025,12
497.089,14
497.154,0
497.219,3
497.283,0
497.348,21
497.413,9
497.477,0
497.542,0
497.607,13
497.671,0
497.736,0
497.801,12
497.865,0
497.93,16
497.995,38
498.059,32
498.124,7
498.189,2
498.253,30
498.318,0
498.383,19
498.447,0
498.512,0
498.577,0
498.641,5
498.706,16
498.771,0
498.835,0
498.9,0
498.965,0
499.029,15
499.094,7
499.159,0
499.223,22
499.288,6
499.352,39
499.417,24
499.482,13
499.546,0
499.611,0
499.676,0
499.74,1
