59.6745,0
59.7814,0
59.8883,40
59.9952,47
60.1021,3
60.209,0
60.3159,10
60.4228,0
60.5296,22
60.6365,13
60.7434,0
60.8503,4
60.9572,22
61.0641,0
61.171,0
61.2779,0
61.3848,0
61.4917,0
61.5986,0
61.7055,0
61.8124,0
61.9193,7
62.0261,0
62.133,30
62.2399,11
62.3468,7
62.4537,0
62.5606,0
62.6675,15
62.7744,19
62.8813,14
62.9882,16
63.0951,4
63.202,0
63.3089,0
63.4158,0
63.5226,18
63.6295,19
63.7364,0
63.8433,29
63.9502,30
64.0571,0
64.164,0
64.2709,0
64.3778,0
64.4847,22
64.5916,1
64.6985,0
64.8054,0
64.9123,29
65.0192,2
65.1261,0
65.2329,10
65.3398,0
65.4467,0
65.5536,0
65.6605,16
65.7674,0
65.8743,0
65.9812,8
66.0881,0
66.195,20
66.3019,0
66.4088,0
66.5157,11
66.6226,10
66.7295,0
66.8364,14
66.9433,14
67.0502,0
67.157,24
67.2639,29
67.3708,0
67.4777,16
67.5846,21
67.6915,47
67.7984,9
67.9053,0
68.0122,0
68.1191,21
68.226,20
68.3329,0
68.4398,32
68.5467,0
68.6536,0
68.7605,19
68.8674,0
68.9743,0
69.0812,28
69.1881,29
69.295,0
69.4018,0
69.5087,12
69.6156,33
69.7225,7
69.8294,0
69.9363,22
70.0432,4
70.1501,0
70.257,2
70.3639,0
70.4708,0
70.5777,29
70.6846,24
70.7915,31
70.8984,5
71.0053,0
71.1122,26
71.2191,7
71.326,0
71.4329,0
71.5398,29
71.6467,0
71.7536,0
71.8605,5
71.9674,2
72.0742,13
72.1811,18
72.288,17
72.3949,16
72.5018,14
72.6087,0
72.7156,4
72.8225,13
72.9294,23
73.0363,0
73.1432,0
73.2501,3
73.357,0
73.4639,0
73.5708,1
73.6777,7
73.7846,0
73.8915,0
73.9984,17
74.1053,0
74.2122,25
74.3191,14
74.426,0
74.5329,26
74.6398,10
74.7467,25
74.8536,21
74.9605,0
75.0674,0
75.1743,16
75.2812,0
75.3881,14
75.495,3
75.6019,30
75.7088,0
75.8157,13
75.9225,20
76.0294,0
76.1363,6
76.2432,29
76.3501,0
76.457,6
76.5639,23
76.6708,0
76.7777,2
76.8846,14
76.9915,21
77.0984,0
77.2053,0
77.3122,19
77.4191,22
77.526,0
77.6329,0
77.7398,32
77.8467,11
77.9536,0
78.0605,0
78.1674,0
78.2743,10
78.3812,7
78.4881,0
78.595,29
78.7019,24
78.8088,29
78.9157,27
79.0226,25
79.1295,2
79.2364,14
79.3433,0
79.4502,0
79.5571,0
79.664,0
79.7709,0
79.8778,17
79.9847,8
80.0916,23
80.1985,0
80.3054,0
80.4123,44
80.5192,20
80.6261,25
80.733,13
80.8399,10
80.9468,34
81.0537,9
81.1606,11
81.2675,19
81.3744,25
81.4813,0
81.5882,2
81.6951,0
81.802,9
81.9089,0
82.0158,16
82.1227,7
82.2296,5
82.3365,18
82.4434,4
82.5503,17
82.6572,0
82.7641,0
82.871,0
82.9779,0
83.0848,11
83.1917,0
83.2986,27
83.4055,13
83.5124,0
83.6193,34
83.7262,0
83.8331,22
83.94,33
84.0469,28
84.1538,0
84.2607,0
84.3676,18
84.4745,0
84.5814,1
84.6883,0
84.7952,0
84.9021,0
85.009,1
85.1159,0
85.2228,8
85.3297,10
85.4366,4
85.5435,2
85.6504,4
85.7573,0
85.8642,0
85.9711,13
86.078,1
86.1849,0
86.2918,1
86.3987,0
86.5056,2
86.6125,2
86.7194,2
86.8263,0
86.9332,53
87.0401,0
87.147,16
87.2539,0
87.3608,0
87.4677,0
87.5746,0
87.6815,6
87.7884,0
87.8953,6
88.0022,0
88.1091,19
88.216,7
88.3229,6
88.4298,0
88.5367,2
88.6436,5
88.7505,36
88.8574,27
88.9643,28
89.0712,13
89.1781,0
89.285,13
89.3919,13
89.4988,0
89.6057,11
89.7126,0
89.8195,12
89.9264,23
90.0334,14
90.1403,22
90.2472,6
90.3541,22
90.461,28
90.5679,0
90.6748,32
90.7817,8
90.8886,0
90.9955,0
91.1024,14
91.2093,0
91.3162,0
91.4231,0
91.53,16
91.6369,25
91.7438,0
91.8507,5
91.9576,53
92.0645,30
92.1714,7
92.2783,24
92.3852,0
92.4921,22
92.599,0
92.7059,0
92.8128,0
92.9197,9
93.0266,8
93.1335,5
93.2404,0
93.3473,8
93.4542,24
93.5611,34
93.668,0
93.7749,0
93.8818,4
93.9887,32
94.0956,0
94.2025,0
94.3095,0
94.4164,0
94.5233,26
94.6302,12
94.7371,0
94.844,29
94.9509,19
95.0578,2
95.1647,2
95.2716,10
95.3785,18
95.4854,0
95.5923,18
95.6992,25
95.8061,0
95.913,19
96.0199,0
96.1268,8
96.2337,0
96.3406,5
96.4475,13
96.5544,0
96.6613,0
96.7682,5
96.8751,3
96.982,0
97.0889,0
97.1958,13
97.3027,17
97.4097,5
97.5166,0
97.6235,3
97.7304,8
97.8373,0
97.9442,0
98.0511,20
98.158,14
98.2649,3
98.3718,0
98.4787,9
98.5856,36
98.6925,5
98.7994,0
98.9063,14
99.0132,16
99.1201,0
99.227,3
99.3339,0
99.4408,0
99.5477,0
99.6546,0
99.7615,0
99.8684,0
99.9753,7
100.082,20
100.189,7
100.296,0
100.403,0
100.51,32
100.617,0
100.724,0
100.831,0
100.937,0
101.044,20
101.151,9
101.258,0
101.365,0
101.472,0
101.579,4
101.686,0
101.793,0
101.9,0
102.007,36
102.113,9
102.22,8
102.327,31
102.434,2
102.541,4
102.648,32
102.755,24
102.862,0
102.969,0
103.076,0
103.182,0
103.289,10
103.396,0
103.503,11
103.61,17
103.717,2
103.824,15
103.931,19
104.038,10
104.145,13
104.252,4
104.358,8
104.465,0
104.572,14
104.679,0
104.786,2
104.893,7
105,28
105.107,27
105.214,14
105.321,10
105.427,0
105.534,6
105.641,0
105.748,1
105.855,0
105.962,0
106.069,6
106.176,0
106.283,8
106.39,6
106.497,0
106.603,0
106.71,15
106.817,0
106.924,16
107.031,0
107.138,0
107.245,0
107.352,16
107.459,5
107.566,1
107.673,6
107.779,10
107.886,12
107.993,32
108.1,32
108.207,3
108.314,0
108.421,0
108.528,0
108.635,30
108.742,16
108.848,0
108.955,5
109.062,0
109.169,0
109.276,0
109.383,17
109.49,0
109.597,14
109.704,27
109.811,0
109.918,1
110.024,29
110.131,37
110.238,15
110.345,0
110.452,0
110.559,14
110.666,19
110.773,6
110.88,0
110.987,0
111.094,0
111.2,19
111.307,25
111.414,16
111.521,26
111.628,14
111.735,0
111.842,7
111.949,36
112.056,0
112.163,9
112.269,0
112.376,0
112.483,0
112.59,0
112.697,0
112.804,9
112.911,0
113.018,0
113.125,0
113.232,0
113.339,15
113.445,11
113.552,0
113.659,3
113.766,0
113.873,0
113.98,0
114.087,1
114.194,0
114.301,0
114.408,15
114.515,0
114.621,29
114.728,2
114.835,6
114.942,7
115.049,0
115.156,0
115.263,19
115.37,12
115.477,60
115.584,137
115.69,109
115.797,37
115.904,0
116.011,0
116.118,0
116.225,0
116.332,0
116.439,14
116.546,18
116.653,0
116.76,0
116.866,20
116.973,6
117.08,0
117.187,17
117.294,15
117.401,3
117.508,12
117.615,0
117.722,4
117.829,0
117.936,25
118.042,0
118.149,0
118.256,0
118.363,0
118.47,0
118.577,0
118.684,0
118.791,4
118.898,0
119.005,17
119.112,40
119.218,0
119.325,0
119.432,0
119.539,8
119.646,18
119.753,17
119.86,16
119.967,13
120.074,0
120.181,16
120.287,15
120.394,12
120.501,5
120.608,0
120.715,5
120.822,16
120.929,8
121.036,15
121.143,2
121.25,0
121.357,0
121.463,3
121.57,11
121.677,3
121.784,0
121.891,1
121.998,0
122.105,0
122.212,11
122.319,4
122.426,0
122.533,0
122.639,0
122.746,15
122.853,20
122.96,0
123.067,7
123.174,2
123.281,0
123.388,0
123.495,4
123.602,0
123.709,4
123.815,0
123.922,0
124.029,18
124.136,37
124.243,0
124.35,0
124.457,5
124.564,0
124.671,0
124.778,19
124.885,0
124.991,0
125.098,37
125.205,0
125.312,0
125.419,0
125.526,0
125.633,13
125.74,0
125.847,16
125.954,0
126.061,0
126.167,22
126.274,0
126.381,14
126.488,3
126.595,1
126.702,13
126.809,6
126.916,5
127.023,14
127.13,24
127.236,34
127.343,18
127.45,0
127.557,0
127.664,5
127.771,16
127.878,5
127.985,0
128.092,23
128.199,0
128.306,0
128.412,4
128.519,34
128.626,8
128.733,13
128.84,0
128.947,0
129.054,28
129.161,0
129.268,5
129.375,15
129.482,0
129.588,6
129.695,23
129.802,8
129.909,12
130.016,0
130.123,0
130.23,0
130.337,0
130.444,0
130.551,0
130.658,0
130.764,0
130.871,25
130.978,4
131.085,0
131.192,0
131.299,27
131.406,13
131.513,0
131.62,0
131.727,0
131.834,3
131.94,23
132.047,3
132.154,0
132.261,14
132.368,1
132.475,24
132.582,0
132.689,4
132.796,0
132.903,7
133.01,0
133.116,0
133.223,6
133.33,0
133.437,14
133.544,3
133.651,0
133.758,5
133.865,9
133.972,32
134.079,3
134.186,0
134.292,13
134.399,4
134.506,0
134.613,0
134.72,4
134.827,23
134.934,0
135.041,0
135.148,0
135.255,14
135.362,0
135.468,0
135.575,19
135.682,0
135.789,0
135.896,22
136.003,0
136.11,0
136.217,0
136.324,0
136.431,0
136.538,3
136.644,6
136.751,0
136.858,0
136.965,6
137.072,13
137.179,0
137.286,0
137.393,17
137.5,0
137.607,0
137.714,35
137.82,0
137.927,0
138.034,0
138.141,17
138.248,0
138.355,9
138.462,0
138.569,0
138.676,4
138.783,18
138.89,21
138.996,0
139.103,40
139.21,0
139.317,13
139.424,0
139.531,8
139.638,0
139.745,0
139.852,0
139.959,0
140.065,0
140.172,0
140.279,0
140.386,0
140.493,12
140.6,14
140.707,2
140.814,4
140.921,0
141.028,0
141.135,24
141.241,19
141.348,0
141.455,0
141.562,10
141.669,0
141.776,0
141.883,22
141.99,0
142.097,0
142.204,11
142.311,0
142.417,14
142.524,0
142.631,6
142.738,8
142.845,0
142.952,0
143.059,0
143.166,4
143.273,20
143.38,0
143.487,5
143.593,0
143.7,21
143.807,0
143.914,0
144.021,10
144.128,0
144.235,0
144.342,0
144.449,0
144.556,25
144.663,0
144.769,13
144.876,0
144.983,19
145.09,5
145.197,0
145.304,0
145.411,21
145.518,35
145.625,0
145.732,0
145.839,24
145.945,0
146.052,0
146.159,16
146.266,2
146.373,2
146.48,8
146.587,0
146.694,0
146.801,2
146.908,0
147.015,22
147.121,0
147.228,13
147.335,29
147.442,10
147.549,0
147.656,0
147.763,0
147.87,0
147.977,2
148.084,0
148.191,16
148.297,0
148.404,17
148.511,6
148.618,8
148.725,6
148.832,13
148.939,0
149.046,6
149.153,15
149.26,0
149.367,0
149.473,9
149.58,21
149.687,0
149.794,27
149.901,17
150.008,0
150.115,0
150.222,0
150.329,1
150.436,17
150.543,5
150.649,8
150.756,20
150.863,24
150.97,10
151.077,16
151.184,0
151.291,34
151.398,30
151.505,11
151.612,0
151.719,0
151.825,17
151.932,27
152.039,9
152.146,0
152.253,18
152.36,0
152.467,0
152.574,0
152.681,7
152.788,0
152.894,3
153.001,13
153.108,15
153.215,12
153.322,4
153.429,0
153.536,0
153.643,6
153.75,0
153.857,6
153.964,15
154.07,3
154.177,15
154.284,12
154.391,0
154.498,2
154.605,0
154.712,0
154.819,0
154.926,10
155.033,0
155.14,20
155.246,13
155.353,0
155.46,13
155.567,29
155.674,12
155.781,16
155.888,0
155.995,0
156.102,30
156.209,17
156.316,0
156.422,0
156.529,0
156.636,0
156.743,0
156.85,26
156.957,34
157.064,0
157.171,23
157.278,0
157.385,0
157.492,27
157.598,3
157.705,0
157.812,0
157.919,19
158.026,0
158.133,0
158.24,0
158.347,0
158.454,3
158.561,17
158.668,21
158.774,0
158.881,0
158.988,0
159.095,0
159.202,10
159.309,9
159.416,14
159.523,17
159.63,0
159.737,0
159.844,0
159.95,0
160.057,14
160.164,15
160.271,0
160.378,24
160.485,25
160.592,10
160.699,8
160.806,0
160.913,0
161.019,0
161.126,0
161.233,0
161.34,0
161.447,5
161.554,0
161.661,18
161.768,16
161.875,2
161.982,0
162.089,0
162.195,0
162.302,0
162.409,0
162.516,28
162.623,0
162.73,0
162.837,0
162.944,0
163.051,12
163.158,0
163.265,0
163.371,16
163.478,10
163.585,0
163.692,1
163.799,8
163.906,0
164.013,0
164.12,5
164.227,2
164.334,0
164.441,20
164.547,31
164.654,0
164.761,1
164.868,26
164.975,27
165.082,1
165.189,11
165.296,30
165.403,13
165.51,8
165.616,4
165.723,0
165.83,22
165.937,0
166.044,1
166.151,13
166.258,0
166.365,0
166.472,29
166.579,4
166.686,2
166.792,46
166.899,29
167.006,0
167.113,0
167.22,0
167.327,10
167.434,0
167.541,0
167.648,0
167.755,8
167.862,0
167.968,0
168.075,3
168.182,13
168.289,12
168.396,6
168.503,0
168.61,1
168.717,21
168.824,0
168.931,0
169.037,0
169.144,0
169.251,1
169.358,0
169.465,3
169.572,0
169.679,25
169.786,0
169.893,0
170,0
170.107,9
170.213,0
170.32,0
170.427,0
170.534,0
170.641,38
170.748,150
170.855,88
170.962,11
171.069,7
171.176,1
171.283,0
171.389,8
171.496,7
171.603,0
171.71,19
171.817,13
171.924,6
172.031,2
172.138,0
172.245,4
172.352,20
172.458,0
172.565,0
172.672,21
172.779,0
172.886,0
172.993,28
173.1,2
173.207,0
173.314,12
173.421,1
173.528,6
173.634,26
173.741,21
173.848,8
173.955,0
174.062,0
174.169,0
174.276,0
174.383,0
174.49,0
174.597,0
174.704,16
174.81,7
174.917,11
175.024,0
175.131,0
175.238,15
175.345,0
175.452,0
175.559,0
175.666,0
175.773,0
175.879,0
175.986,0
176.093,9
176.2,0
176.307,14
176.414,0
176.521,18
176.628,21
176.735,10
176.842,19
176.949,0
177.055,0
177.162,12
177.269,0
177.376,0
177.483,10
177.59,16
177.697,10
177.804,0
177.911,0
178.018,28
178.124,0
178.231,4
178.338,10
178.445,0
178.552,8
178.659,0
178.766,9
178.873,4
178.98,0
179.087,21
179.194,0
179.3,13
179.407,2
179.514,0
179.621,2
179.728,0
179.835,0
179.942,0
180.049,25
180.156,10
180.263,0
180.369,17
180.476,2
180.583,7
180.69,0
180.797,0
180.904,4
181.011,21
181.118,0
181.225,0
181.332,8
181.439,22
181.545,0
181.652,4
181.759,0
181.866,0
181.973,15
182.08,15
182.187,0
182.294,18
182.401,0
182.508,8
182.614,0
182.721,6
182.828,17
182.935,1
183.042,0
183.149,0
183.256,0
183.363,0
183.47,0
183.577,4
183.683,0
183.79,4
183.897,4
184.004,0
184.111,0
184.218,19
184.325,22
184.432,4
184.539,12
184.646,2
184.753,21
184.859,39
184.966,21
185.073,0
185.18,4
185.287,13
185.394,15
185.501,3
185.608,0
185.715,22
185.822,0
185.928,2
186.035,3
186.142,5
186.249,0
186.356,4
186.463,22
186.57,0
186.677,0
186.784,7
186.891,12
186.997,0
187.104,0
187.211,0
187.318,32
187.425,0
187.532,0
187.639,23
187.746,13
187.853,3
187.96,20
188.067,9
188.173,43
188.28,27
188.387,0
188.494,0
188.601,16
188.708,0
188.815,18
188.922,4
189.029,2
189.136,0
189.242,12
189.349,12
189.456,0
189.563,26
189.67,16
189.777,19
189.884,6
189.991,10
190.098,0
190.205,0
190.311,0
190.418,0
190.525,0
190.632,12
190.739,28
190.846,20
190.953,22
191.06,0
191.167,10
191.274,9
191.38,11
191.487,15
191.594,0
191.701,0
191.808,9
191.915,17
192.022,20
192.129,0
192.236,0
192.343,0
192.45,6
192.556,0
192.663,33
192.77,5
192.877,7
192.984,6
193.091,0
193.198,23
193.305,21
193.412,12
193.519,63
193.625,83
193.732,55
193.839,14
193.946,16
194.053,0
194.16,24
194.267,16
194.374,0
194.481,0
194.588,8
194.694,0
194.801,29
194.908,23
195.015,12
195.122,0
195.229,13
195.336,23
195.443,6
195.55,0
195.657,34
195.763,16
195.87,0
195.977,16
196.084,13
196.191,15
196.298,20
196.405,0
196.512,14
196.619,0
196.726,0
196.832,3
196.939,19
197.046,4
197.153,0
197.26,2
197.367,5
197.474,13
197.581,0
197.688,4
197.795,0
197.901,23
198.008,0
198.115,0
198.222,7
198.329,0
198.436,15
198.543,0
198.65,0
198.757,0
198.864,44
198.97,21
199.077,25
199.184,2
199.291,8
199.398,9
199.505,13
199.612,0
199.719,6
199.826,0
199.933,5
200.039,0
200.146,18
200.253,10
200.36,18
200.467,11
200.574,23
200.681,0
200.788,11
200.895,9
201.002,12
201.108,0
201.215,8
201.322,10
201.429,0
201.536,0
201.643,0
201.75,0
201.857,0
201.964,14
202.071,7
202.177,0
202.284,0
202.391,7
202.498,15
202.605,18
202.712,24
202.819,8
202.926,0
203.033,9
203.14,0
203.246,6
203.353,0
203.46,0
203.567,1
203.674,4
203.781,0
203.888,0
203.995,11
204.102,3
204.208,0
204.315,0
204.422,20
204.529,21
204.636,0
204.743,0
204.85,41
204.957,78
205.064,54
205.171,31
205.277,1
205.384,14
205.491,2
205.598,1
205.705,1
205.812,0
205.919,0
206.026,21
206.133,4
206.24,4
206.346,26
206.453,0
206.56,4
206.667,0
206.774,10
206.881,0
206.988,7
207.095,4
207.202,18
207.309,14
207.415,0
207.522,11
207.629,24
207.736,0
207.843,0
207.95,14
208.057,0
208.164,0
208.271,6
208.377,20
208.484,3
208.591,0
208.698,0
208.805,0
208.912,26
209.019,12
209.126,24
209.233,9
209.34,8
209.446,0
209.553,24
209.66,28
209.767,0
209.874,0
209.981,0
210.088,0
210.195,11
210.302,0
210.409,2
210.515,0
210.622,24
210.729,12
210.836,1
210.943,0
211.05,12
211.157,7
211.264,14
211.371,7
211.477,0
211.584,15
211.691,0
211.798,4
211.905,32
212.012,10
212.119,7
212.226,20
212.333,0
212.44,16
212.546,34
212.653,20
212.76,0
212.867,17
212.974,0
213.081,20
213.188,0
213.295,0
213.402,7
213.508,27
213.615,0
213.722,0
213.829,15
213.936,2
214.043,24
214.15,40
214.257,8
214.364,0
214.471,0
214.577,11
214.684,22
214.791,17
214.898,0
215.005,0
215.112,9
215.219,0
215.326,0
215.433,0
215.539,5
215.646,0
215.753,7
215.86,16
215.967,22
216.074,4
216.181,0
216.288,1
216.395,2
216.502,4
216.608,0
216.715,0
216.822,19
216.929,17
217.036,0
217.143,0
217.25,29
217.357,0
217.464,0
217.57,14
217.677,0
217.784,0
217.891,0
217.998,4
218.105,0
218.212,0
218.319,10
218.426,32
218.532,32
218.639,0
218.746,8
218.853,19
218.96,0
219.067,9
219.174,0
219.281,19
219.388,13
219.495,13
219.601,14
219.708,14
219.815,0
219.922,0
220.029,11
220.136,0
220.243,22
220.35,47
220.457,27
220.563,0
220.67,5
220.777,0
220.884,13
220.991,0
221.098,7
221.205,26
221.312,0
221.419,0
221.525,17
221.632,0
221.739,0
221.846,0
221.953,3
222.06,0
222.167,17
222.274,17
222.381,4
222.488,13
222.594,0
222.701,22
222.808,10
222.915,20
223.022,0
223.129,2
223.236,31
223.343,0
223.45,19
223.556,15
223.663,27
223.77,4
223.877,21
223.984,14
224.091,7
224.198,44
224.305,15
224.412,19
224.518,0
224.625,5
224.732,12
224.839,0
224.946,0
225.053,0
225.16,0
225.267,0
225.374,0
225.48,0
225.587,0
225.694,0
225.801,0
225.908,6
226.015,0
226.122,1
226.229,7
226.336,11
226.442,0
226.549,29
226.656,34
226.763,15
226.87,0
226.977,10
227.084,0
227.191,0
227.298,22
227.404,17
227.511,3
227.618,34
227.725,0
227.832,7
227.939,0
228.046,30
228.153,37
228.26,3
228.366,0
228.473,11
228.58,8
228.687,4
228.794,0
228.901,0
229.008,15
229.115,7
229.222,12
229.328,0
229.435,0
229.542,12
229.649,6
229.756,4
229.863,7
229.97,5
230.077,0
230.184,2
230.29,40
230.397,12
230.504,7
230.611,0
230.718,0
230.825,0
230.932,33
231.039,24
231.146,3
231.252,0
231.359,0
231.466,7
231.573,28
231.68,8
231.787,5
231.894,0
232.001,34
232.108,100
232.214,75
232.321,10
232.428,0
232.535,0
232.642,44
232.749,0
232.856,0
232.963,20
233.07,27
233.176,5
233.283,0
233.39,23
233.497,13
233.604,0
233.711,13
233.818,0
233.925,1
234.031,9
234.138,14
234.245,1
234.352,0
234.459,0
234.566,7
234.673,4
234.78,7
234.887,17
234.993,13
235.1,20
235.207,2
235.314,11
235.421,0
235.528,0
235.635,38
235.742,12
235.849,17
235.955,0
236.062,0
236.169,0
236.276,0
236.383,0
236.49,0
236.597,4
236.704,0
236.81,6
236.917,16
237.024,0
237.131,0
237.238,13
237.345,9
237.452,18
237.559,0
237.666,22
237.772,21
237.879,2
237.986,0
238.093,0
238.2,0
238.307,6
238.414,32
238.521,0
238.628,21
238.734,14
238.841,0
238.948,0
239.055,2
239.162,92
239.269,181
239.376,126
239.483,1
239.589,0
239.696,0
239.803,0
239.91,0
240.017,27
240.124,20
240.231,0
240.338,23
240.445,27
240.551,27
240.658,12
240.765,2
240.872,0
240.979,4
241.086,0
241.193,0
241.3,0
241.406,0
241.513,0
241.62,46
241.727,56
241.834,0
241.941,11
242.048,0
242.155,43
242.262,33
242.368,0
242.475,16
242.582,12
242.689,1
242.796,0
242.903,0
243.01,17
243.117,12
243.223,13
243.33,11
243.437,4
243.544,7
243.651,0
243.758,33
243.865,0
243.972,0
244.079,0
244.185,0
244.292,0
244.399,34
244.506,0
244.613,0
244.72,0
244.827,2
244.934,20
245.04,23
245.147,40
245.254,16
245.361,15
245.468,0
245.575,14
245.682,2
245.789,0
245.896,12
246.002,0
246.109,0
246.216,0
246.323,4
246.43,3
246.537,15
246.644,10
246.751,0
246.857,0
246.964,1
247.071,14
247.178,20
247.285,0
247.392,1
247.499,13
247.606,12
247.712,24
247.819,27
247.926,0
248.033,5
248.14,6
248.247,18
248.354,8
248.461,0
248.567,0
248.674,8
248.781,5
248.888,0
248.995,0
249.102,8
249.209,31
249.316,0
249.423,0
249.529,42
249.636,19
249.743,0
249.85,21
249.957,43
250.064,3
250.171,23
250.278,0
250.384,9
250.491,0
250.598,0
250.705,24
250.812,7
250.919,0
251.026,7
251.133,6
251.239,0
251.346,12
251.453,225
251.56,231
251.667,88
251.774,12
251.881,0
251.988,6
252.094,0
252.201,0
252.308,29
252.415,29
252.522,0
252.629,0
252.736,0
252.843,17
252.949,0
253.056,7
253.163,22
253.27,1
253.377,0
253.484,0
253.591,0
253.698,0
253.804,4
253.911,0
254.018,7
254.125,2
254.232,1
254.339,24
254.446,11
254.553,0
254.659,0
254.766,8
254.873,0
254.98,0
255.087,5
255.194,14
255.301,0
255.408,0
255.514,13
255.621,15
255.728,4
255.835,12
255.942,14
256.049,6
256.156,16
256.263,7
256.369,14
256.476,0
256.583,19
256.69,4
256.797,0
256.904,5
257.011,11
257.118,0
257.224,0
257.331,1
257.438,14
257.545,9
257.652,2
257.759,0
257.866,34
257.973,4
258.079,8
258.186,0
258.293,0
258.4,17
258.507,6
258.614,0
258.721,2
258.828,8
258.934,9
259.041,11
259.148,10
259.255,18
259.362,24
259.469,0
259.576,3
259.683,3
259.789,0
259.896,33
260.003,15
260.11,0
260.217,0
260.324,5
260.431,0
260.537,14
260.644,11
260.751,0
260.858,0
260.965,29
261.072,8
261.179,3
261.286,0
261.392,0
261.499,21
261.606,0
261.713,0
261.82,3
261.927,16
262.034,19
262.141,3
262.247,17
262.354,17
262.461,2
262.568,0
262.675,19
262.782,0
262.889,0
262.996,59
263.102,27
263.209,16
263.316,0
263.423,28
263.53,23
263.637,0
263.744,16
263.85,16
263.957,2
264.064,13
264.171,0
264.278,0
264.385,7
264.492,5
264.599,17
264.705,0
264.812,10
264.919,8
265.026,0
265.133,0
265.24,0
265.347,0
265.454,8
265.56,0
265.667,0
265.774,0
265.881,67
265.988,48
266.095,21
266.202,35
266.308,23
266.415,0
266.522,0
266.629,3
266.736,0
266.843,0
266.95,10
267.057,3
267.163,7
267.27,26
267.377,36
267.484,6
267.591,0
267.698,7
267.805,20
267.911,0
268.018,7
268.125,30
268.232,8
268.339,0
268.446,7
268.553,16
268.66,0
268.766,0
268.873,16
268.98,0
269.087,0
269.194,25
269.301,0
269.408,0
269.514,33
269.621,0
269.728,0
269.835,0
269.942,0
270.049,3
270.156,10
270.263,21
270.369,21
270.476,10
270.583,13
270.69,0
270.797,4
270.904,5
271.011,0
271.117,0
271.224,31
271.331,9
271.438,0
271.545,7
271.652,4
271.759,1
271.866,0
271.972,0
272.079,0
272.186,0
272.293,11
272.4,0
272.507,21
272.614,22
272.72,0
272.827,20
272.934,13
273.041,15
273.148,0
273.255,0
273.362,25
273.468,0
273.575,0
273.682,66
273.789,44
273.896,0
274.003,0
274.11,0
274.217,0
274.323,1
274.43,14
274.537,0
274.644,11
274.751,0
274.858,0
274.965,8
275.071,4
275.178,0
275.285,11
275.392,0
275.499,24
275.606,0
275.713,0
275.819,23
275.926,5
276.033,14
276.14,7
276.247,77
276.354,86
276.461,52
276.567,0
276.674,0
276.781,0
276.888,0
276.995,7
277.102,33
277.209,22
277.315,14
277.422,16
277.529,26
277.636,0
277.743,0
277.85,35
277.957,15
278.064,12
278.17,0
278.277,2
278.384,8
278.491,27
278.598,0
278.705,3
278.812,4
278.918,11
279.025,7
279.132,0
279.239,5
279.346,0
279.453,0
279.56,25
279.666,12
279.773,0
279.88,0
279.987,14
280.094,3
280.201,17
280.308,10
280.414,0
280.521,0
280.628,40
280.735,48
280.842,27
280.949,13
281.056,0
281.162,26
281.269,24
281.376,3
281.483,2
281.59,25
281.697,6
281.804,0
281.91,7
282.017,13
282.124,0
282.231,3
282.338,8
282.445,0
282.552,28
282.658,4
282.765,9
282.872,30
282.979,10
283.086,8
283.193,11
283.3,2
283.406,6
283.513,14
283.62,0
283.727,0
283.834,1
283.941,0
284.048,12
284.154,0
284.261,0
284.368,62
284.475,18
284.582,3
284.689,0
284.796,13
284.902,9
285.009,0
285.116,3
285.223,14
285.33,0
285.437,7
285.544,11
285.65,10
285.757,0
285.864,20
285.971,16
286.078,8
286.185,0
286.292,0
286.398,39
286.505,0
286.612,4
286.719,16
286.826,0
286.933,17
287.039,0
287.146,4
287.253,5
287.36,0
287.467,7
287.574,9
287.681,18
287.787,8
287.894,0
288.001,0
288.108,4
288.215,16
288.322,6
288.429,7
288.535,0
288.642,0
288.749,23
288.856,0
288.963,24
289.07,19
289.177,12
289.283,4
289.39,2
289.497,12
289.604,12
289.711,13
289.818,0
289.924,0
290.031,69
290.138,54
290.245,13
290.352,16
290.459,115
290.566,291
290.672,264
290.779,108
290.886,0
290.993,0
291.1,0
291.207,0
291.314,0
291.42,0
291.527,12
291.634,7
291.741,13
291.848,25
291.955,18
292.062,13
292.168,0
292.275,0
292.382,9
292.489,0
292.596,22
292.703,0
292.809,30
292.916,11
293.023,0
293.13,29
293.237,9
293.344,17
293.451,0
293.557,15
293.664,0
293.771,0
293.878,14
293.985,0
294.092,23
294.198,0
294.305,0
294.412,5
294.519,0
294.626,7
294.733,3
294.84,6
294.946,2
295.053,13
295.16,36
295.267,31
295.374,0
295.481,0
295.588,32
295.694,31
295.801,0
295.908,0
296.015,7
296.122,4
296.229,0
296.335,13
296.442,23
296.549,15
296.656,21
296.763,0
296.87,0
296.977,19
297.083,0
297.19,5
297.297,0
297.404,0
297.511,13
297.618,26
297.724,2
297.831,0
297.938,0
298.045,0
298.152,15
298.259,9
298.365,0
298.472,31
298.579,40
298.686,6
298.793,6
298.9,0
299.007,8
299.113,13
299.22,8
299.327,7
299.434,0
299.541,0
299.648,30
299.754,14
299.861,0
299.968,13
300.075,0
300.182,0
300.289,36
300.396,15
300.502,0
300.609,0
300.716,32
300.823,0
300.93,0
301.037,1
301.143,0
301.25,14
301.357,22
301.464,18
301.571,8
301.678,7
301.784,14
301.891,7
301.998,0
302.105,14
302.212,0
302.319,0
302.426,8
302.532,2
302.639,24
302.746,0
302.853,0
302.96,3
303.067,0
303.173,12
303.28,0
303.387,0
303.494,0
303.601,19
303.708,3
303.814,15
303.921,25
304.028,0
304.135,19
304.242,1
304.349,0
304.456,4
304.562,7
304.669,0
304.776,0
304.883,27
304.99,42
305.097,7
305.203,8
305.31,0
305.417,1
305.524,0
305.631,10
305.738,29
305.844,10
305.951,0
306.058,2
306.165,8
306.272,0
306.379,0
306.485,14
306.592,0
306.699,25
306.806,6
306.913,42
307.02,15
307.126,0
307.233,0
307.34,17
307.447,22
307.554,2
307.661,0
307.767,0
307.874,10
307.981,0
308.088,0
308.195,12
308.302,9
308.409,13
308.515,19
308.622,14
308.729,0
308.836,0
308.943,0
309.05,0
309.156,6
309.263,0
309.37,4
309.477,21
309.584,10
309.691,24
309.797,0
309.904,25
310.011,14
310.118,12
310.225,0
310.332,13
310.438,0
310.545,0
310.652,4
310.759,0
310.866,0
310.973,22
311.079,16
311.186,0
311.293,0
311.4,0
311.507,0
311.614,19
311.72,13
311.827,3
311.934,6
312.041,29
312.148,2
312.255,3
312.361,3
312.468,13
312.575,6
312.682,0
312.789,19
312.896,25
313.002,0
313.109,19
313.216,24
313.323,0
313.43,0
313.537,17
313.643,25
313.75,23
313.857,51
313.964,28
314.071,2
314.178,0
314.284,16
314.391,41
314.498,3
314.605,21
314.712,0
314.819,11
314.925,16
315.032,0
315.139,2
315.246,19
315.353,18
315.46,0
315.566,0
315.673,0
315.78,18
315.887,27
315.994,17
316.1,17
316.207,0
316.314,0
316.421,42
316.528,24
316.635,0
316.741,0
316.848,5
316.955,0
317.062,0
317.169,16
317.276,0
317.382,26
317.489,12
317.596,0
317.703,7
317.81,0
317.917,3
318.023,0
318.13,32
318.237,14
318.344,0
318.451,0
318.558,0
318.664,0
318.771,10
318.878,3
318.985,0
319.092,0
319.199,10
319.305,19
319.412,5
319.519,0
319.626,0
319.733,27
319.839,9
319.946,20
320.053,21
320.16,0
320.267,3
320.374,9
320.48,0
320.587,0
320.694,10
320.801,8
320.908,0
321.015,0
321.121,7
321.228,16
321.335,0
321.442,13
321.549,37
321.655,0
321.762,8
321.869,1
321.976,19
322.083,0
322.19,0
322.296,7
322.403,7
322.51,0
322.617,0
322.724,21
322.831,25
322.937,5
323.044,24
323.151,0
323.258,0
323.365,0
323.472,7
323.578,26
323.685,0
323.792,2
323.899,9
324.006,6
324.112,0
324.219,12
324.326,0
324.433,5
324.54,0
324.647,0
324.753,0
324.86,5
324.967,11
325.074,0
325.181,0
325.287,34
325.394,3
325.501,0
325.608,2
325.715,21
325.822,12
325.928,7
326.035,0
326.142,2
326.249,22
326.356,0
326.463,0
326.569,1
326.676,0
326.783,19
326.89,0
326.997,0
327.103,27
327.21,34
327.317,20
327.424,6
327.531,32
327.638,16
327.744,0
327.851,0
327.958,62
328.065,32
328.172,19
328.278,20
328.385,0
328.492,0
328.599,0
328.706,13
328.813,0
328.919,0
329.026,0
329.133,9
329.24,15
329.347,7
329.453,0
329.56,30
329.667,21
329.774,0
329.881,0
329.988,0
330.094,14
330.201,0
330.308,0
330.415,0
330.522,0
330.628,0
330.735,29
330.842,11
330.949,0
331.056,2
331.162,0
331.269,0
331.376,12
331.483,19
331.59,0
331.697,0
331.803,0
331.91,0
332.017,0
332.124,12
332.231,0
332.337,14
332.444,0
332.551,3
332.658,0
332.765,25
332.872,24
332.978,0
333.085,0
333.192,22
333.299,4
333.406,1
333.512,0
333.619,5
333.726,0
333.833,0
333.94,0
334.046,6
334.153,0
334.26,15
334.367,2
334.474,0
334.581,30
334.687,12
334.794,0
334.901,9
335.008,15
335.115,0
335.221,14
335.328,2
335.435,4
335.542,0
335.649,12
335.755,7
335.862,0
335.969,0
336.076,0
336.183,0
336.29,43
336.396,14
336.503,0
336.61,4
336.717,9
336.824,76
336.93,0
337.037,0
337.144,0
337.251,0
337.358,3
337.464,2
337.571,3
337.678,0
337.785,30
337.892,22
337.998,5
338.105,0
338.212,0
338.319,0
338.426,0
338.533,21
338.639,34
338.746,5
338.853,14
338.96,18
339.067,8
339.173,22
339.28,0
339.387,0
339.494,0
339.601,0
339.707,0
339.814,9
339.921,0
340.028,29
340.135,0
340.241,0
340.348,5
340.455,8
340.562,0
340.669,12
340.775,0
340.882,0
340.989,0
341.096,27
341.203,0
341.309,13
341.416,0
341.523,0
341.63,0
341.737,1
341.844,0
341.95,8
342.057,0
342.164,0
342.271,10
342.378,5
342.484,0
342.591,3
342.698,13
342.805,7
342.912,0
343.018,24
343.125,37
343.232,16
343.339,8
343.446,18
343.552,0
343.659,2
343.766,0
343.873,0
343.98,0
344.086,0
344.193,24
344.3,11
344.407,0
344.514,0
344.62,3
344.727,23
344.834,0
344.941,0
345.048,0
345.154,12
345.261,0
345.368,0
345.475,29
345.582,0
345.688,4
345.795,0
345.902,0
346.009,28
346.116,12
346.222,12
346.329,0
346.436,0
346.543,0
346.65,14
346.756,8
346.863,0
346.97,0
347.077,0
347.184,6
347.29,1
347.397,9
347.504,7
347.611,0
347.718,17
347.824,1
347.931,4
348.038,0
348.145,0
348.252,0
348.358,0
348.465,37
348.572,51
348.679,11
348.786,0
348.892,0
348.999,10
349.106,0
349.213,0
349.32,9
349.426,0
349.533,0
349.64,0
349.747,1
349.854,0
349.96,17
350.067,1
350.174,16
350.281,13
350.388,0
350.494,13
350.601,12
350.708,0
350.815,23
350.922,0
351.028,0
351.135,0
351.242,14
351.349,0
351.456,15
351.562,0
351.669,0
351.776,25
351.883,0
351.989,0
352.096,0
352.203,15
352.31,0
352.417,2
352.523,0
352.63,10
352.737,25
352.844,0
352.951,5
353.057,3
353.164,0
353.271,0
353.378,0
353.485,0
353.591,0
353.698,8
353.805,0
353.912,0
354.019,0
354.125,13
354.232,0
354.339,0
354.446,42
354.553,84
354.659,29
354.766,22
354.873,0
354.98,8
355.086,3
355.193,14
355.3,0
355.407,1
355.514,11
355.62,6
355.727,0
355.834,1
355.941,7
356.048,7
356.154,4
356.261,19
356.368,33
356.475,24
356.582,14
356.688,0
356.795,0
356.902,0
357.009,0
357.115,2
357.222,42
357.329,0
357.436,5
357.543,0
357.649,0
357.756,7
357.863,3
357.97,0
358.077,0
358.183,0
358.29,5
358.397,0
358.504,11
358.61,0
358.717,0
358.824,0
358.931,0
359.038,0
359.144,66
359.251,9
359.358,0
359.465,0
359.572,0
359.678,8
359.785,14
359.892,0
359.999,26
360.105,24
360.212,32
360.319,0
360.426,0
360.533,2
360.639,9
360.746,0
360.853,0
360.96,0
361.067,0
361.173,3
361.28,0
361.387,10
361.494,9
361.6,3
361.707,5
361.814,8
361.921,0
362.028,0
362.134,0
362.241,8
362.348,18
362.455,4
362.562,0
362.668,32
362.775,33
362.882,16
362.989,3
363.095,16
363.202,0
363.309,16
363.416,20
363.523,12
363.629,10
363.736,5
363.843,0
363.95,0
364.056,0
364.163,0
364.27,0
364.377,0
364.484,0
364.59,4
364.697,0
364.804,0
364.911,40
365.017,70
365.124,40
365.231,36
365.338,6
365.445,15
365.551,2
365.658,0
365.765,0
365.872,0
365.979,0
366.085,7
366.192,0
366.299,12
366.406,0
366.512,4
366.619,0
366.726,9
366.833,0
366.94,0
367.046,0
367.153,9
367.26,4
367.367,0
367.473,5
367.58,0
367.687,20
367.794,7
367.9,0
368.007,0
368.114,0
368.221,7
368.328,15
368.434,0
368.541,14
368.648,24
368.755,2
368.861,0
368.968,0
369.075,19
369.182,6
369.289,24
369.395,0
369.502,0
369.609,0
369.716,0
369.822,32
369.929,47
370.036,28
370.143,0
370.25,0
370.356,0
370.463,6
370.57,10
370.677,3
370.783,16
370.89,0
370.997,6
371.104,6
371.211,15
371.317,1
371.424,0
371.531,5
371.638,7
371.744,9
371.851,26
371.958,6
372.065,0
372.171,28
372.278,7
372.385,8
372.492,0
372.599,10
372.705,6
372.812,1
372.919,0
373.026,0
373.132,0
373.239,0
373.346,3
373.453,0
373.559,0
373.666,4
373.773,10
373.88,0
373.987,0
374.093,8
374.2,0
374.307,0
374.414,0
374.52,0
374.627,0
374.734,8
374.841,11
374.947,0
375.054,0
375.161,0
375.268,25
375.375,0
375.481,0
375.588,0
375.695,35
375.802,18
375.908,0
376.015,0
376.122,2
376.229,6
376.335,1
376.442,8
376.549,0
376.656,0
376.763,16
376.869,32
376.976,9
377.083,0
377.19,2
377.296,41
377.403,0
377.51,0
377.617,6
377.723,26
377.83,0
377.937,12
378.044,4
378.15,0
378.257,0
378.364,0
378.471,14
378.578,0
378.684,12
378.791,0
378.898,3
379.005,0
379.111,10
379.218,12
379.325,13
379.432,0
379.538,13
379.645,28
379.752,4
379.859,38
379.965,13
380.072,0
380.179,19
380.286,0
380.392,0
380.499,39
380.606,4
380.713,1
380.82,0
380.926,0
381.033,0
381.14,36
381.247,0
381.353,0
381.46,4
381.567,0
381.674,3
381.78,0
381.887,0
381.994,4
382.101,9
382.207,17
382.314,9
382.421,0
382.528,18
382.634,4
382.741,35
382.848,36
382.955,0
383.061,0
383.168,14
383.275,7
383.382,27
383.488,22
383.595,11
383.702,0
383.809,27
383.916,0
384.022,0
384.129,0
384.236,8
384.343,6
384.449,0
384.556,23
384.663,18
384.77,0
384.876,19
384.983,0
385.09,0
385.197,0
385.303,7
385.41,16
385.517,0
385.624,0
385.73,7
385.837,9
385.944,21
386.051,0
386.157,0
386.264,17
386.371,4
386.478,3
386.584,0
386.691,17
386.798,0
386.905,0
387.011,0
387.118,0
387.225,0
387.332,8
387.438,16
387.545,3
387.652,9
387.759,4
387.865,6
387.972,38
388.079,0
388.186,4
388.292,22
388.399,0
388.506,0
388.613,23
388.719,0
388.826,0
388.933,0
389.04,14
389.146,7
389.253,0
389.36,0
389.467,32
389.573,0
389.68,0
389.787,26
389.894,27
390,14
390.107,13
390.214,13
390.321,2
390.427,0
390.534,0
390.641,19
390.748,0
390.854,9
390.961,0
391.068,0
391.175,20
391.281,49
391.388,32
391.495,0
391.602,0
391.708,0
391.815,2
391.922,14
392.029,0
392.135,0
392.242,2
392.349,0
392.456,0
392.562,0
392.669,7
392.776,0
392.883,0
392.989,14
393.096,24
393.203,0
393.31,0
393.416,0
393.523,0
393.63,0
393.737,0
393.843,8
393.95,0
394.057,0
394.164,32
394.27,0
394.377,4
394.484,0
394.591,32
394.697,6
394.804,3
394.911,1
395.018,0
395.124,11
395.231,0
395.338,0
395.445,29
395.551,29
395.658,0
395.765,17
395.871,24
395.978,0
396.085,0
396.192,4
396.298,8
396.405,0
396.512,0
396.619,0
396.725,0
396.832,3
396.939,3
397.046,9
397.152,4
397.259,0
397.366,17
397.473,22
397.579,0
397.686,0
397.793,0
397.9,25
398.006,0
398.113,0
398.22,17
398.327,8
398.433,0
398.54,11
398.647,24
398.753,0
398.86,17
398.967,4
399.074,0
399.18,0
399.287,4
399.394,0
399.501,6
399.607,10
399.714,0
399.821,2
399.928,13
400.034,11
400.141,0
400.248,2
400.355,20
400.461,0
400.568,2
400.675,0
400.781,0
400.888,44
400.995,15
401.102,2
401.208,0
401.315,29
401.422,11
401.529,0
401.635,5
401.742,0
401.849,10
401.956,33
402.062,0
402.169,0
402.276,28
402.382,1
402.489,5
402.596,0
402.703,1
402.809,0
402.916,0
403.023,0
403.13,6
403.236,6
403.343,41
403.45,29
403.557,34
403.663,0
403.77,0
403.877,8
403.983,0
404.09,4
404.197,6
404.304,0
404.41,14
404.517,20
404.624,5
404.731,0
404.837,23
404.944,6
405.051,0
405.158,29
405.264,0
405.371,12
405.478,0
405.584,0
405.691,0
405.798,3
405.905,21
406.011,13
406.118,14
406.225,0
406.332,21
406.438,21
406.545,7
406.652,11
406.758,14
406.865,2
406.972,0
407.079,27
407.185,7
407.292,0
407.399,34
407.506,11
407.612,5
407.719,14
407.826,0
407.932,14
408.039,20
408.146,0
408.253,7
408.359,0
408.466,0
408.573,0
408.68,0
408.786,20
408.893,41
409,0
409.106,0
409.213,5
409.32,0
409.427,0
409.533,0
409.64,38
409.747,0
409.853,0
409.96,16
410.067,0
410.174,14
410.28,18
410.387,0
410.494,18
410.601,12
410.707,27
410.814,23
410.921,32
411.027,19
411.134,127
411.241,75
411.348,49
411.454,0
411.561,0
411.668,5
411.774,0
411.881,0
411.988,35
412.095,32
412.201,5
412.308,0
412.415,0
412.522,2
412.628,27
412.735,13
412.842,0
412.948,0
413.055,0
413.162,0
413.269,28
413.375,47
413.482,66
413.589,34
413.695,12
413.802,4
413.909,0
414.016,0
414.122,22
414.229,16
414.336,0
414.442,8
414.549,0
414.656,10
414.763,0
414.869,0
414.976,1
415.083,9
415.189,1
415.296,14
415.403,36
415.51,6
415.616,0
415.723,41
415.83,14
415.936,16
416.043,16
416.15,49
416.257,14
416.363,0
416.47,0
416.577,10
416.683,41
416.79,60
416.897,7
417.004,0
417.11,5
417.217,106
417.324,145
417.43,87
417.537,28
417.644,47
417.751,233
417.857,174
417.964,57
418.071,0
418.177,0
418.284,0
418.391,27
418.498,0
418.604,78
418.711,180
418.818,112
418.924,205
419.031,202
419.138,115
419.245,21
419.351,0
419.458,0
419.565,7
419.671,3
419.778,0
419.885,17
419.992,13
420.098,5
420.205,14
420.312,1
420.418,0
420.525,16
420.632,8
420.738,41
420.845,50
420.952,3
421.059,0
421.165,0
421.272,10
421.379,5
421.485,0
421.592,0
421.699,0
421.806,9
421.912,9
422.019,0
422.126,16
422.232,0
422.339,0
422.446,15
422.552,0
422.659,144
422.766,117
422.873,61
422.979,4
423.086,0
423.193,18
423.299,20
423.406,0
423.513,0
423.62,1
423.726,17
423.833,22
423.94,26
424.046,5
424.153,0
424.26,25
424.366,4
424.473,0
424.58,9
424.687,0
424.793,0
424.9,0
425.007,0
425.113,0
425.22,0
425.327,0
425.433,38
425.54,31
425.647,0
425.754,0
425.86,10
425.967,0
426.074,14
426.18,0
426.287,0
426.394,29
426.5,17
426.607,0
426.714,33
426.821,28
426.927,8
427.034,0
427.141,30
427.247,0
427.354,0
427.461,0
427.567,0
427.674,16
427.781,0
427.888,25
427.994,13
428.101,15
428.208,0
428.314,17
428.421,0
428.528,0
428.634,0
428.741,31
428.848,0
428.955,0
429.061,6
429.168,56
429.275,119
429.381,66
429.488,28
429.595,0
429.701,0
429.808,8
429.915,0
430.021,18
430.128,8
430.235,0
430.342,0
430.448,8
430.555,33
430.662,14
430.768,2
430.875,0
430.982,0
431.088,0
431.195,71
431.302,141
431.409,104
431.515,52
431.622,0
431.729,14
431.835,7
431.942,19
432.049,0
432.155,0
432.262,0
432.369,13
432.475,0
432.582,0
432.689,0
432.796,0
432.902,0
433.009,0
433.116,3
433.222,16
433.329,24
433.436,0
433.542,0
433.649,0
433.756,1
433.862,34
433.969,91
434.076,97
434.182,51
434.289,0
434.396,6
434.503,21
434.609,0
434.716,0
434.823,0
434.929,32
435.036,27
435.143,41
435.249,43
435.356,38
435.463,13
435.569,0
435.676,16
435.783,0
435.889,31
435.996,0
436.103,18
436.21,26
436.316,50
436.423,65
436.53,59
436.636,48
436.743,21
436.85,0
436.956,9
437.063,15
437.17,6
437.276,4
437.383,0
437.49,10
437.596,6
437.703,22
437.81,24
437.916,15
438.023,28
438.13,65
438.237,45
438.343,0
438.45,8
438.557,26
438.663,32
438.77,58
438.877,192
438.983,193
439.09,289
439.197,204
439.303,80
439.41,129
439.517,156
439.623,78
439.73,2
439.837,0
439.943,14
440.05,39
440.157,96
440.263,145
440.37,103
440.477,33
440.583,10
440.69,0
440.797,35
440.904,5
441.01,0
441.117,21
441.224,12
441.33,9
441.437,29
441.544,21
441.65,0
441.757,17
441.864,20
441.97,1
442.077,0
442.184,0
442.29,18
442.397,0
442.504,0
442.61,37
442.717,86
442.824,42
442.93,0
443.037,0
443.144,4
443.25,0
443.357,4
443.464,13
443.57,0
443.677,0
443.784,19
443.89,12
443.997,0
444.104,4
444.21,0
444.317,0
444.424,0
444.53,61
444.637,48
444.744,16
444.851,0
444.957,1
445.064,29
445.171,0
445.277,0
445.384,0
445.491,38
445.597,18
445.704,10
445.811,8
445.917,0
446.024,0
446.131,30
446.237,0
446.344,2
446.451,0
446.557,1
446.664,0
446.771,0
446.877,18
446.984,15
447.091,7
447.197,0
447.304,12
447.411,37
447.517,0
447.624,0
447.731,0
447.837,15
447.944,0
448.051,0
448.157,49
448.264,25
448.371,16
448.477,2
448.584,11
448.691,4
448.797,0
448.904,0
449.011,0
449.117,10
449.224,29
449.331,0
449.437,0
449.544,30
449.651,15
449.757,23
449.864,0
449.971,4
450.077,7
450.184,0
450.291,0
450.397,0
450.504,0
450.611,0
450.717,0
450.824,1
450.931,0
451.037,7
451.144,8
451.251,5
451.357,0
451.464,7
451.571,13
451.677,0
451.784,13
451.891,9
451.997,0
452.104,21
452.21,3
452.317,20
452.424,0
452.53,19
452.637,0
452.744,0
452.85,1
452.957,12
453.064,0
453.17,0
453.277,0
453.384,6
453.49,0
453.597,18
453.704,23
453.81,0
453.917,13
454.024,18
454.13,0
454.237,23
454.344,38
454.45,0
454.557,0
454.664,25
454.77,0
454.877,0
454.984,0
455.09,0
455.197,43
455.304,37
455.41,0
455.517,0
455.624,7
455.73,39
455.837,0
455.944,0
456.05,0
456.157,22
456.263,4
456.37,6
456.477,19
456.583,0
456.69,4
456.797,0
456.903,0
457.01,0
457.117,0
457.223,0
457.33,22
457.437,28
457.543,10
457.65,0
457.757,0
457.863,24
457.97,19
458.077,10
458.183,5
458.29,18
458.397,4
458.503,0
458.61,0
458.716,15
458.823,0
458.93,0
459.036,13
459.143,15
459.25,0
459.356,6
459.463,31
459.57,0
459.676,0
459.783,26
459.89,6
459.996,1
460.103,2
460.21,2
460.316,0
460.423,8
460.53,11
460.636,25
460.743,0
460.849,7
460.956,17
461.063,56
461.169,15
461.276,0
461.383,0
461.489,33
461.596,0
461.703,6
461.809,0
461.916,14
462.023,1
462.129,12
462.236,12
462.342,4
462.449,97
462.556,108
462.662,43
462.769,29
462.876,16
462.982,0
463.089,14
463.196,0
463.302,0
463.409,18
463.516,6
463.622,13
463.729,0
463.835,5
463.942,34
464.049,3
464.155,8
464.262,11
464.369,10
464.475,21
464.582,21
464.689,8
464.795,9
464.902,0
465.009,0
465.115,11
465.222,0
465.328,0
465.435,0
465.542,0
465.648,0
465.755,0
465.862,45
465.968,27
466.075,8
466.182,0
466.288,0
466.395,0
466.501,0
466.608,0
466.715,12
466.821,11
466.928,0
467.035,0
467.141,0
467.248,19
467.355,17
467.461,4
467.568,41
467.674,7
467.781,0
467.888,3
467.994,0
468.101,6
468.208,10
468.314,7
468.421,4
468.528,0
468.634,0
468.741,0
468.847,3
468.954,8
469.061,0
469.167,19
469.274,0
469.381,0
469.487,18
469.594,7
469.701,0
469.807,0
469.914,2
470.02,0
470.127,0
470.234,7
470.34,23
470.447,1
470.554,0
470.66,20
470.767,20
470.873,6
470.98,0
471.087,2
471.193,0
471.3,12
471.407,97
471.513,67
471.62,1
471.727,0
471.833,22
471.94,0
472.046,6
472.153,0
472.26,11
472.366,0
472.473,0
472.58,26
472.686,14
472.793,0
472.899,0
473.006,17
473.113,58
473.219,48
473.326,25
473.433,0
473.539,0
473.646,3
473.752,0
473.859,0
473.966,91
474.072,122
474.179,59
474.286,5
474.392,112
474.499,102
474.605,36
474.712,14
474.819,0
474.925,0
475.032,11
475.139,21
475.245,0
475.352,4
475.458,4
475.565,11
475.672,0
475.778,12
475.885,37
475.992,0
476.098,6
476.205,111
476.311,78
476.418,34
476.525,48
476.631,12
476.738,0
476.844,0
476.951,0
477.058,0
477.164,12
477.271,12
477.378,27
477.484,9
477.591,15
477.697,11
477.804,11
477.911,0
478.017,8
478.124,13
478.231,0
478.337,15
478.444,5
478.55,0
478.657,22
478.764,0
478.87,0
478.977,0
479.083,37
479.19,0
479.297,0
479.403,6
479.51,0
479.617,0
479.723,19
479.83,0
479.936,0
480.043,15
480.15,8
480.256,0
480.363,7
480.469,12
480.576,18
480.683,12
480.789,0
480.896,6
481.003,0
481.109,26
481.216,14
481.322,17
481.429,32
481.536,2
481.642,0
481.749,0
481.855,12
481.962,11
482.069,2
482.175,0
482.282,7
482.388,0
482.495,10
482.602,0
482.708,14
482.815,9
482.922,0
483.028,0
483.135,0
483.241,2
483.348,2
483.455,3
483.561,17
483.668,0
483.774,12
483.881,4
483.988,0
484.094,0
484.201,14
484.307,23
484.414,0
484.521,7
484.627,2
484.734,16
484.84,8
484.947,0
485.054,14
485.16,0
485.267,0
485.373,6
485.48,0
485.587,0
485.693,9
485.8,11
485.907,0
486.013,5
486.12,0
486.226,8
486.333,15
486.44,15
486.546,0
486.653,19
486.759,0
486.866,0
486.973,0
487.079,0
487.186,32
487.292,45
487.399,0
487.506,0
487.612,1
487.719,12
487.825,0
487.932,0
488.039,0
488.145,0
488.252,0
488.358,0
488.465,0
488.572,0
488.678,0
488.785,0
488.891,24
488.998,47
489.105,8
489.211,8
489.318,0
489.424,6
489.531,0
489.638,0
489.744,19
489.851,26
489.957,8
490.064,0
490.171,29
490.277,0
490.384,17
490.49,0
490.597,14
490.704,0
490.81,19
490.917,4
491.023,0
491.13,11
491.237,32
491.343,0
491.45,0
491.556,0
491.663,2
491.769,0
491.876,3
491.983,32
492.089,20
492.196,0
492.302,4
492.409,0
492.516,0
492.622,0
492.729,0
492.835,21
492.942,7
493.049,1
493.155,2
493.262,16
493.368,24
493.475,0
493.582,19
493.688,6
493.795,0
493.901,6
494.008,0
494.114,0
494.221,0
494.328,18
494.434,0
494.541,0
494.647,18
494.754,24
494.861,1
494.967,0
495.074,0
495.18,10
495.287,7
495.394,0
495.5,23
495.607,0
495.713,6
495.82,4
495.926,0
496.033,0
496.14,6
496.246,14
496.353,0
496.459,12
496.566,2
496.673,0
496.779,19
496.886,0
496.992,0
497.099,1
497.206,11
497.312,8
497.419,16
497.525,0
497.632,0
497.738,0
497.845,23
497.952,36
498.058,0
498.165,4
498.271,11
498.378,26
498.485,0
498.591,17
498.698,0
498.804,12
498.911,0
499.017,0
499.124,0
499.231,13
499.337,4
499.444,0
499.55,0
499.657,19
499.763,11
499.87,0
499.977,5
500.083,6
500.19,10
500.296,0
500.403,8
500.51,21
500.616,8
500.723,0
500.829,12
500.936,39
501.042,32
501.149,8
501.256,15
501.362,6
501.469,0
501.575,0
501.682,23
501.788,20
501.895,0
502.002,0
502.108,0
502.215,0
502.321,0
502.428,0
502.534,0
502.641,0
502.748,20
502.854,20
502.961,19
503.067,3
503.174,0
503.281,9
503.387,0
503.494,8
503.6,0
503.707,0
503.813,0
503.92,0
504.027,12
504.133,0
504.24,0
504.346,0
504.453,0
504.559,0
504.666,0
504.773,25
504.879,26
504.986,11
505.092,0
505.199,14
505.305,0
505.412,6
505.518,18
505.625,12
505.732,0
505.838,2
505.945,1
506.051,0
506.158,0
506.264,0
506.371,0
506.478,6
506.584,0
506.691,16
506.797,11
506.904,3
507.01,3
507.117,0
507.224,26
507.33,0
507.437,5
507.543,16
507.65,0
507.756,2
507.863,0
507.97,1
508.076,2
508.183,19
508.289,0
508.396,0
508.502,33
508.609,23
508.715,17
508.822,0
508.929,11
509.035,0
509.142,0
509.248,11
509.355,0
509.461,0
509.568,26
509.675,5
509.781,8
509.888,10
509.994,21
510.101,11
510.207,14
510.314,7
510.42,2
510.527,0
510.634,20
510.74,0
510.847,73
510.953,74
511.06,19
511.166,16
511.273,3
511.379,2
511.486,0
511.593,16
511.699,37
511.806,2
511.912,11
512.019,0
512.125,0
512.232,2
512.339,9
512.445,2
512.552,0
512.658,0
512.765,10
512.871,12
512.978,30
513.084,6
513.191,12
513.298,15
513.404,0
513.511,8
513.617,12
513.724,0
513.83,9
513.937,18
514.043,44
514.15,43
514.256,15
514.363,0
514.47,8
514.576,0
514.683,18
514.789,3
514.896,0
515.002,2
515.109,0
515.215,0
515.322,0
515.429,0
515.535,8
515.642,16
515.748,0
515.855,0
515.961,1
516.068,0
516.174,0
516.281,7
516.388,0
516.494,20
516.601,0
516.707,16
516.814,9
516.92,0
517.027,5
517.133,0
517.24,0
517.346,22
517.453,0
517.56,0
517.666,7
517.773,10
517.879,0
517.986,15
518.092,0
518.199,9
518.305,18
518.412,5
518.518,28
518.625,0
518.732,0
518.838,6
518.945,0
519.051,0
519.158,33
519.264,14
519.371,14
519.477,0
519.584,5
519.69,0
519.797,0
519.903,0
520.01,24
520.117,1
520.223,17
520.33,1
520.436,34
520.543,0
520.649,0
520.756,26
520.862,0
520.969,8
521.075,6
521.182,11
521.289,0
521.395,9
521.502,14
521.608,8
521.715,0
521.821,2
521.928,0
522.034,0
522.141,0
522.247,21
522.354,0
522.46,5
522.567,0
522.674,9
522.78,18
522.887,12
522.993,2
523.1,4
523.206,21
523.313,0
523.419,0
523.526,1
523.632,14
523.739,18
523.845,0
523.952,20
524.058,17
524.165,14
524.272,16
524.378,0
524.485,0
524.591,2
524.698,1
524.804,9
524.911,0
525.017,0
525.124,2
525.23,0
525.337,8
525.443,0
525.55,0
525.656,16
525.763,28
525.87,25
525.976,4
526.083,6
526.189,4
526.296,27
526.402,0
526.509,0
526.615,0
526.722,2
526.828,0
526.935,0
527.041,17
527.148,2
527.254,3
527.361,48
527.467,0
527.574,35
527.68,0
527.787,0
527.894,0
528,4
528.107,0
528.213,0
528.32,10
528.426,8
528.533,0
528.639,20
528.746,35
528.852,0
528.959,11
529.065,0
529.172,0
529.278,0
529.385,26
529.491,11
529.598,0
529.704,0
529.811,59
529.918,37
530.024,0
530.131,0
530.237,0
530.344,13
530.45,8
530.557,33
530.663,5
530.77,9
530.876,31
530.983,3
531.089,0
531.196,15
531.302,8
531.409,0
531.515,0
531.622,0
531.728,0
531.835,0
531.941,19
532.048,19
532.154,7
532.261,0
532.367,0
532.474,49
532.581,18
532.687,0
532.794,21
532.9,23
533.007,0
533.113,0
533.22,15
533.326,0
533.433,0
533.539,18
533.646,2
533.752,9
533.859,0
533.965,0
534.072,2
534.178,30
534.285,0
534.391,10
534.498,36
534.604,0
534.711,8
534.817,1
534.924,4
535.03,0
535.137,0
535.243,0
535.35,4
535.456,0
535.563,0
535.669,0
535.776,7
535.882,0
535.989,2
536.095,52
536.202,100
536.308,73
536.415,48
536.521,16
536.628,34
536.735,16
536.841,0
536.948,21
537.054,0
537.161,7
537.267,28
537.374,8
537.48,3
537.587,0
537.693,0
537.8,23
537.906,10
538.013,0
538.119,14
538.226,16
538.332,15
538.439,23
538.545,7
538.652,0
538.758,0
538.865,25
538.971,17
539.078,0
539.184,1
539.291,0
539.397,14
539.504,0
539.61,0
539.717,0
539.823,4
539.93,0
540.036,9
540.143,0
540.249,12
540.356,0
540.462,58
540.569,16
540.675,0
540.782,0
540.888,11
540.995,0
541.101,0
541.208,0
541.314,0
541.421,0
541.527,10
541.634,0
541.74,3
541.847,0
541.953,1
542.06,0
542.166,0
542.273,20
542.379,35
542.486,0
542.592,3
542.699,0
542.805,0
542.912,4
543.018,0
543.125,0
543.231,0
543.338,0
543.444,0
543.551,6
543.657,27
543.764,0
543.87,12
543.977,0
544.083,0
544.19,21
544.296,0
544.403,0
544.509,0
544.616,14
544.722,0
544.829,8
544.935,9
545.042,11
545.148,0
545.255,7
545.361,11
545.467,5
545.574,0
545.68,0
545.787,19
545.893,0
546,0
546.106,0
546.213,34
546.319,0
546.426,0
546.532,0
546.639,0
546.745,0
546.852,0
546.958,0
547.065,0
547.171,17
547.278,68
547.384,77
547.491,42
547.597,0
547.704,0
547.81,0
547.917,27
548.023,0
548.13,0
548.236,8
548.343,19
548.449,0
548.556,0
548.662,21
548.769,6
548.875,0
548.982,0
549.088,0
549.195,0
549.301,0
549.408,0
549.514,0
549.62,0
549.727,0
549.833,0
549.94,34
550.046,0
550.153,5
550.259,12
550.366,0
550.472,0
550.579,0
550.685,0
550.792,0
550.898,0
551.005,0
551.111,34
551.218,33
551.324,20
551.431,0
551.537,0
551.644,29
551.75,8
551.857,0
551.963,16
552.07,13
552.176,7
552.282,2
552.389,7
552.495,17
552.602,13
552.708,0
552.815,0
552.921,0
553.028,0
553.134,3
553.241,0
553.347,1
553.454,17
553.56,6
553.667,10
553.773,22
553.88,26
553.986,0
554.093,0
554.199,0
554.305,5
554.412,0
554.518,0
554.625,11
554.731,0
554.838,16
554.944,7
555.051,15
555.157,4
555.264,36
555.37,27
555.477,11
555.583,0
555.69,2
555.796,16
555.903,7
556.009,0
556.115,8
556.222,0
556.328,0
556.435,6
556.541,0
556.648,0
556.754,0
556.861,10
556.967,0
557.074,10
557.18,0
557.287,0
557.393,0
557.5,0
557.606,0
557.713,0
557.819,1
557.925,8
558.032,0
558.138,0
558.245,1
558.351,4
558.458,0
558.564,19
558.671,0
558.777,2
558.884,3
558.99,16
559.097,0
559.203,0
559.309,33
559.416,7
559.522,2
559.629,2
559.735,11
559.842,29
559.948,3
560.055,0
560.161,7
560.268,0
560.374,8
560.481,13
560.587,0
560.693,0
560.8,0
560.906,32
561.013,0
561.119,0
561.226,5
561.332,0
561.439,0
561.545,0
561.652,0
561.758,27
561.864,24
561.971,0
562.077,0
562.184,0
562.29,1
562.397,0
562.503,0
562.61,0
562.716,16
562.823,11
562.929,0
563.035,77
563.142,109
563.248,41
563.355,39
563.461,7
563.568,0
563.674,0
563.781,16
563.887,0
563.994,0
564.1,0
564.206,0
564.313,0
564.419,13
564.526,10
564.632,9
564.739,4
564.845,0
564.952,1
565.058,0
565.165,0
565.271,0
565.377,2
565.484,0
565.59,0
565.697,0
565.803,0
565.91,0
566.016,0
566.123,0
566.229,18
566.335,0
566.442,17
566.548,20
566.655,10
566.761,0
566.868,0
566.974,0
567.081,0
567.187,7
567.293,26
567.4,0
567.506,36
567.613,1
567.719,0
567.826,2
567.932,15
568.039,0
568.145,0
568.251,1
568.358,0
568.464,0
568.571,0
568.677,2
568.784,2
568.89,0
568.997,0
569.103,0
569.209,0
569.316,13
569.422,4
569.529,4
569.635,30
569.742,4
569.848,2
569.955,7
570.061,17
570.167,0
570.274,0
570.38,20
570.487,30
570.593,5
570.7,0
570.806,10
570.912,0
571.019,23
571.125,20
571.232,40
571.338,15
571.445,0
571.551,0
571.658,1
571.764,99
571.87,68
571.977,35
572.083,0
572.19,0
572.296,0
572.403,29
572.509,0
572.615,0
572.722,0
572.828,12
572.935,0
573.041,0
573.148,0
573.254,16
573.36,2
573.467,2
573.573,0
573.68,10
573.786,10
573.893,10
573.999,0
574.105,0
574.212,0
574.318,14
574.425,0
574.531,0
574.638,24
574.744,0
574.85,0
574.957,0
575.063,0
575.17,20
575.276,0
575.383,2
575.489,16
575.595,0
575.702,9
575.808,0
575.915,6
576.021,14
576.128,6
576.234,0
576.34,18
576.447,0
576.553,12
576.66,10
576.766,0
576.873,0
576.979,4
577.085,0
577.192,12
577.298,0
577.405,6
577.511,24
577.618,11
577.724,3
577.83,0
577.937,2
578.043,10
578.15,0
578.256,0
578.363,0
578.469,0
578.575,0
578.682,0
578.788,0
578.895,0
579.001,0
579.107,9
579.214,51
579.32,0
579.427,13
579.533,0
579.64,0
579.746,1
579.852,5
579.959,0
580.065,0
580.172,0
580.278,0
580.384,9
580.491,0
580.597,0
580.704,0
580.81,17
580.917,6
581.023,19
581.129,10
581.236,0
581.342,5
581.449,0
581.555,0
581.661,0
581.768,0
581.874,0
581.981,0
582.087,16
582.193,22
582.3,0
582.406,6
582.513,0
582.619,16
582.726,15
582.832,0
582.938,0
583.045,48
583.151,30
583.258,0
583.364,0
583.47,0
583.577,0
583.683,0
583.79,16
583.896,0
584.002,33
584.109,0
584.215,0
584.322,0
584.428,5
584.535,28
584.641,0
584.747,6
584.854,0
584.96,0
585.067,0
585.173,6
585.279,0
585.386,0
585.492,0
585.599,0
585.705,0
585.811,11
585.918,0
586.024,21
586.131,0
586.237,0
586.343,20
586.45,0
586.556,2
586.663,0
586.769,4
586.875,0
586.982,2
587.088,0
587.195,0
587.301,14
587.407,15
587.514,7
587.62,0
587.727,0
587.833,2
587.939,6
588.046,0
588.152,0
588.259,0
588.365,14
588.471,8
588.578,13
588.684,0
588.791,0
588.897,0
589.003,7
589.11,11
589.216,0
589.323,0
589.429,15
589.535,3
589.642,0
589.748,7
589.855,17
589.961,6
590.067,22
590.174,11
590.28,0
590.387,0
590.493,5
590.599,0
590.706,8
590.812,4
590.918,0
591.025,0
591.131,24
591.238,0
591.344,0
591.45,0
591.557,3
591.663,0
591.77,0
591.876,29
591.982,0
592.089,0
592.195,4
592.302,15
592.408,0
592.514,0
592.621,7
592.727,20
592.834,2
592.94,2
593.046,0
593.153,0
593.259,0
593.365,7
593.472,0
593.578,0
593.685,16
593.791,33
593.897,0
594.004,0
594.11,0
594.217,0
594.323,0
594.429,4
594.536,42
594.642,37
594.748,14
594.855,0
594.961,0
595.068,0
595.174,0
595.28,15
595.387,2
595.493,0
595.6,0
595.706,4
595.812,20
595.919,0
596.025,0
596.131,7
596.238,6
596.344,8
596.451,0
596.557,0
596.663,26
596.77,78
596.876,58
596.982,12
597.089,1
597.195,16
597.302,25
597.408,0
597.514,0
597.621,16
597.727,25
597.833,4
597.94,0
598.046,0
598.153,0
598.259,0
598.365,20
598.472,5
598.578,0
598.685,20
598.791,0
598.897,14
599.004,0
599.11,0
599.216,2
599.323,0
599.429,0
599.535,0
599.642,0
599.748,0
599.855,0
599.961,3
600.067,0
600.174,0
600.28,0
600.386,26
600.493,0
600.599,0
600.706,4
600.812,0
600.918,0
601.025,13
601.131,23
601.237,0
601.344,0
601.45,35
601.557,55
601.663,5
601.769,169
601.876,142
601.982,58
602.088,0
602.195,0
602.301,0
602.407,0
602.514,6
602.62,0
602.727,0
602.833,0
602.939,0
603.046,0
603.152,2
603.258,0
603.365,8
603.471,7
603.577,0
603.684,15
603.79,25
603.897,10
604.003,0
604.109,1
604.216,0
604.322,21
604.428,16
604.535,0
604.641,4
604.747,0
604.854,1
604.96,11
605.067,8
605.173,12
605.279,34
605.386,3
605.492,25
605.598,8
605.705,15
605.811,37
605.917,0
606.024,1
606.13,0
606.236,0
606.343,0
606.449,0
606.556,2
606.662,0
606.768,6
606.875,0
606.981,40
607.087,0
607.194,0
607.3,0
607.406,0
607.513,7
607.619,8
607.725,16
607.832,7
607.938,0
608.045,21
608.151,34
608.257,12
608.364,34
608.47,49
608.576,10
608.683,0
608.789,49
608.895,58
609.002,22
609.108,0
609.214,0
609.321,1
609.427,26
609.533,5
609.64,21
609.746,0
609.852,0
609.959,2
610.065,9
610.172,35
610.278,0
610.384,0
610.491,5
610.597,1
610.703,7
610.81,1
610.916,0
611.022,20
611.129,0
611.235,5
611.341,0
611.448,0
611.554,0
611.66,18
611.767,6
611.873,0
611.979,0
612.086,0
612.192,23
612.298,0
612.405,21
612.511,32
612.617,5
612.724,0
612.83,0
612.936,0
613.043,0
613.149,1
613.255,18
613.362,23
613.468,13
613.575,2
613.681,8
613.787,11
613.894,0
614,0
614.106,0
614.213,4
614.319,0
614.425,10
614.532,4
614.638,0
614.744,0
614.851,0
614.957,53
615.063,5
615.17,0
615.276,0
615.382,0
615.489,14
615.595,2
615.701,0
615.808,0
615.914,12
616.02,0
616.127,13
616.233,0
616.339,0
616.446,12
616.552,15
616.658,1
616.765,28
616.871,20
616.977,9
617.084,4
617.19,0
617.296,11
617.403,0
617.509,24
617.615,6
617.722,4
617.828,0
617.934,0
618.041,0
618.147,2
618.253,8
618.36,0
618.466,0
618.572,17
618.679,20
618.785,0
618.891,0
618.998,12
619.104,0
619.21,25
619.316,4
619.423,0
619.529,16
619.635,0
619.742,7
619.848,0
619.954,0
620.061,0
620.167,0
620.273,2
620.38,15
620.486,17
620.592,6
620.699,0
620.805,0
620.911,14
621.018,0
621.124,0
621.23,9
621.337,9
621.443,2
621.549,0
621.656,38
621.762,16
621.868,0
621.975,0
622.081,0
622.187,8
622.294,3
622.4,5
622.506,8
622.612,36
622.719,14
622.825,0
622.931,21
623.038,18
623.144,3
623.25,28
623.357,13
623.463,4
623.569,0
623.676,0
623.782,14
623.888,0
623.995,0
624.101,7
624.207,5
624.314,0
624.42,0
624.526,4
624.632,13
624.739,11
624.845,6
624.951,0
625.058,0
625.164,18
625.27,11
625.377,0
625.483,0
625.589,40
625.696,21
625.802,0
625.908,0
626.015,0
626.121,15
626.227,23
626.333,0
626.44,62
626.546,20
626.652,21
626.759,1
626.865,20
626.971,26
627.078,3
627.184,0
627.29,0
627.397,0
627.503,11
627.609,5
627.715,8
627.822,0
627.928,0
628.034,20
628.141,32
628.247,0
628.353,0
628.46,11
628.566,0
628.672,8
628.778,7
628.885,0
628.991,28
629.097,6
629.204,55
629.31,24
629.416,3
629.523,6
629.629,3
629.735,5
629.841,21
629.948,96
630.054,75
630.16,16
630.267,14
630.373,0
630.479,0
630.586,0
630.692,25
630.798,13
630.904,0
631.011,6
631.117,30
631.223,25
631.33,7
631.436,0
631.542,0
631.649,19
631.755,5
631.861,0
631.967,0
632.074,15
632.18,13
632.286,2
632.393,7
632.499,0
632.605,2
632.711,0
632.818,0
632.924,6
633.03,6
633.137,19
633.243,0
633.349,0
633.456,32
633.562,18
633.668,0
633.774,0
633.881,3
633.987,0
634.093,0
634.2,0
634.306,5
634.412,8
634.518,0
634.625,0
634.731,0
634.837,0
634.944,11
635.05,0
635.156,4
635.262,0
635.369,10
635.475,15
635.581,0
635.688,0
635.794,4
635.9,16
636.006,0
636.113,0
636.219,33
636.325,25
636.432,0
636.538,0
636.644,8
636.75,15
636.857,15
636.963,13
637.069,0
637.176,25
637.282,10
637.388,0
637.494,3
637.601,0
637.707,9
637.813,28
637.92,4
638.026,0
638.132,3
638.238,0
638.345,0
638.451,0
638.557,6
638.663,0
638.77,0
638.876,18
638.982,0
639.089,29
639.195,12
639.301,0
639.407,36
639.514,0
639.62,0
639.726,0
639.833,0
639.939,0
640.045,0
640.151,18
640.258,0
640.364,0
640.47,13
640.576,26
640.683,2
640.789,3
640.895,0
641.002,15
641.108,0
641.214,7
641.32,9
641.427,0
641.533,10
641.639,0
641.745,0
641.852,0
641.958,0
642.064,0
642.171,11
642.277,0
642.383,0
642.489,1
642.596,0
642.702,21
642.808,6
642.914,21
643.021,0
643.127,0
643.233,29
643.339,22
643.446,0
643.552,0
643.658,0
643.765,0
643.871,7
643.977,30
644.083,0
644.19,18
644.296,28
644.402,17
644.508,0
644.615,1
644.721,0
644.827,0
644.933,7
645.04,17
645.146,5
645.252,16
645.358,0
645.465,0
645.571,0
645.677,6
645.784,2
645.89,4
645.996,18
646.102,19
646.209,4
646.315,12
646.421,0
646.527,9
646.634,0
646.74,0
646.846,46
646.952,21
647.059,0
647.165,0
647.271,0
647.377,3
647.484,0
647.59,48
647.696,75
647.802,5
647.909,8
648.015,56
648.121,45
648.227,16
648.334,8
648.44,0
648.546,0
648.652,0
648.759,0
648.865,4
648.971,0
649.077,4
649.184,15
649.29,11
649.396,0
649.502,25
649.609,0
649.715,0
649.821,0
649.927,4
650.034,22
650.14,0
650.246,14
650.352,26
650.459,0
650.565,0
650.671,0
650.777,19
650.884,12
650.99,0
651.096,0
651.202,0
651.309,0
651.415,12
651.521,18
651.627,0
651.734,0
651.84,14
651.946,2
652.052,10
652.159,0
652.265,40
652.371,0
652.477,0
652.584,3
652.69,0
652.796,0
652.902,20
653.009,1
653.115,0
653.221,0
653.327,17
653.434,11
653.54,0
653.646,13
653.752,0
653.858,21
653.965,19
654.071,19
654.177,0
654.283,30
654.39,20
654.496,0
654.602,4
654.708,0
654.815,0
654.921,13
655.027,0
655.133,20
655.24,0
655.346,88
655.452,125
655.558,60
655.665,9
655.771,0
655.877,0
655.983,0
656.089,17
656.196,2
656.302,9
656.408,0
656.514,17
656.621,5
656.727,2
656.833,0
656.939,1
657.046,0
657.152,0
657.258,0
657.364,24
657.47,87
657.577,45
657.683,0
657.789,0
657.895,7
658.002,0
658.108,0
658.214,8
658.32,10
658.427,24
658.533,0
658.639,0
658.745,33
658.851,53
658.958,4
659.064,0
659.17,20
659.276,0
659.383,22
659.489,75
659.595,86
659.701,71
659.807,0
659.914,16
660.02,0
660.126,16
660.232,0
660.339,0
660.445,9
660.551,0
660.657,14
660.763,19
660.87,26
660.976,52
661.082,34
661.188,7
661.295,55
661.401,70
661.507,29
661.613,18
661.719,2
661.826,56
661.932,56
662.038,18
662.144,0
662.251,0
662.357,24
662.463,35
662.569,17
662.675,144
662.782,113
662.888,21
662.994,0
663.1,0
663.206,0
663.313,0
663.419,0
663.525,0
663.631,20
663.738,102
663.844,96
663.95,57
664.056,12
664.162,0
664.269,0
664.375,5
664.481,25
664.587,109
664.693,99
664.8,14
664.906,0
665.012,1
665.118,24
665.225,30
665.331,51
665.437,42
665.543,29
665.649,17
665.756,0
665.862,0
665.968,0
666.074,0
666.18,0
666.287,13
666.393,0
666.499,16
666.605,17
666.711,0
666.818,0
666.924,3
667.03,4
667.136,0
667.242,0
667.349,0
667.455,19
667.561,0
667.667,24
667.773,5
667.88,0
667.986,0
668.092,58
668.198,46
668.304,0
668.411,3
668.517,0
668.623,0
668.729,13
668.835,19
668.942,72
669.048,115
669.154,96
669.26,45
669.366,17
669.473,52
669.579,62
669.685,11
669.791,0
669.897,0
670.004,0
670.11,1
670.216,0
670.322,0
670.428,12
670.535,0
670.641,14
670.747,12
670.853,65
670.959,53
671.066,0
671.172,15
671.278,0
671.384,0
671.49,6
671.597,14
671.703,0
671.809,0
671.915,2
672.021,0
672.128,0
672.234,16
672.34,43
672.446,236
672.552,194
672.658,86
672.765,0
672.871,103
672.977,107
673.083,175
673.189,146
673.296,145
673.402,122
673.508,21
673.614,5
673.72,24
673.827,0
673.933,13
674.039,0
674.145,0
674.251,10
674.357,9
674.464,3
674.57,0
674.676,13
674.782,0
674.888,0
674.995,0
675.101,32
675.207,0
675.313,2
675.419,0
675.526,0
675.632,0
675.738,0
675.844,0
675.95,9
676.056,15
676.163,29
676.269,0
676.375,22
676.481,38
676.587,74
676.693,79
676.8,6
676.906,18
677.012,50
677.118,54
677.224,0
677.331,23
677.437,13
677.543,1
677.649,0
677.755,0
677.861,35
677.968,0
678.074,0
678.18,0
678.286,0
678.392,17
678.498,0
678.605,0
678.711,60
678.817,25
678.923,1
679.029,15
679.136,44
679.242,115
679.348,116
679.454,71
679.56,0
679.666,0
679.773,14
679.879,8
679.985,0
680.091,26
680.197,0
680.303,18
680.41,6
680.516,0
680.622,13
680.728,8
680.834,32
680.94,0
681.047,0
681.153,0
681.259,0
681.365,6
681.471,0
681.577,16
681.684,7
681.79,13
681.896,27
682.002,22
682.108,3
682.214,0
682.321,0
682.427,0
682.533,0
682.639,0
682.745,15
682.851,3
682.958,29
683.064,15
683.17,5
683.276,0
683.382,4
683.488,0
683.595,0
683.701,0
683.807,13
683.913,13
684.019,0
684.125,22
684.231,4
684.338,0
684.444,10
684.55,19
684.656,1
684.762,3
684.868,2
684.975,0
685.081,8
685.187,0
685.293,7
685.399,15
685.505,6
685.611,23
685.718,15
685.824,10
685.93,8
686.036,30
686.142,14
686.248,0
686.355,10
686.461,9
686.567,11
686.673,0
686.779,26
686.885,0
686.991,0
687.098,0
687.204,0
687.31,30
687.416,17
687.522,13
687.628,0
687.735,8
687.841,0
687.947,24
688.053,11
688.159,3
688.265,0
688.371,29
688.478,18
688.584,0
688.69,0
688.796,3
688.902,21
689.008,38
689.114,0
689.221,0
689.327,52
689.433,69
689.539,13
689.645,0
689.751,3
689.857,16
689.964,10
690.07,14
690.176,3
690.282,18
690.388,1
690.494,11
690.6,5
690.707,0
690.813,8
690.919,35
691.025,30
691.131,0
691.237,0
691.343,0
691.45,2
691.556,13
691.662,0
691.768,0
691.874,11
691.98,14
692.086,15
692.193,30
692.299,7
692.405,11
692.511,0
692.617,9
692.723,0
692.829,0
692.935,16
693.042,0
693.148,0
693.254,16
693.36,7
693.466,0
693.572,0
693.678,16
693.785,31
693.891,0
693.997,5
694.103,35
694.209,16
694.315,32
694.421,39
694.527,12
694.634,0
694.74,8
694.846,6
694.952,9
695.058,8
695.164,28
695.27,0
695.376,8
695.483,0
695.589,16
695.695,1
695.801,0
695.907,15
696.013,12
696.119,0
696.225,0
696.332,0
696.438,0
696.544,6
696.65,0
696.756,16
696.862,24
696.968,3
697.074,33
697.181,0
697.287,11
697.393,21
697.499,12
697.605,14
697.711,7
697.817,19
697.923,68
698.03,79
698.136,20
698.242,0
698.348,0
698.454,0
698.56,0
698.666,2
698.772,14
698.879,4
698.985,25
699.091,0
699.197,15
699.303,12
699.409,0
699.515,0
