59.6745,1
59.7814,0
59.8883,35
59.9952,0
60.1021,0
60.209,0
60.3159,0
60.4228,7
60.5296,27
60.6365,2
60.7434,47
60.8503,28
60.9572,30
61.0641,12
61.171,9
61.2779,7
61.3848,0
61.4917,16
61.5986,3
61.7055,15
61.8124,6
61.9193,4
62.0261,33
62.133,18
62.2399,10
62.3468,13
62.4537,0
62.5606,0
62.6675,12
62.7744,34
62.8813,20
62.9882,0
63.0951,0
63.202,0
63.3089,10
63.4158,10
63.5226,3
63.6295,0
63.7364,10
63.8433,0
63.9502,7
64.0571,16
64.164,35
64.2709,22
64.3778,15
64.4847,7
64.5916,4
64.6985,0
64.8054,10
64.9123,40
65.0192,4
65.1261,4
65.2329,4
65.3398,0
65.4467,29
65.5536,25
65.6605,0
65.7674,33
65.8743,19
65.9812,0
66.0881,15
66.195,22
66.3019,1
66.4088,0
66.5157,0
66.6226,18
66.7295,0
66.8364,11
66.9433,0
67.0502,11
67.157,13
67.2639,0
67.3708,0
67.4777,17
67.5846,27
67.6915,3
67.7984,29
67.9053,7
68.0122,0
68.1191,0
68.226,0
68.3329,12
68.4398,12
68.5467,0
68.6536,0
68.7605,15
68.8674,5
68.9743,0
69.0812,0
69.1881,9
69.295,26
69.4018,0
69.5087,0
69.6156,24
69.7225,17
69.8294,0
69.9363,10
70.0432,0
70.1501,12
70.257,3
70.3639,13
70.4708,0
70.5777,13
70.6846,40
70.7915,0
70.8984,0
71.0053,35
71.1122,0
71.2191,0
71.326,18
71.4329,7
71.5398,0
71.6467,0
71.7536,19
71.8605,2
71.9674,5
72.0742,0
72.1811,19
72.288,49
72.3949,7
72.5018,13
72.6087,34
72.7156,26
72.8225,30
72.9294,0
73.0363,0
73.1432,23
73.2501,29
73.357,17
73.4639,1
73.5708,8
73.6777,32
73.7846,0
73.8915,22
73.9984,13
74.1053,20
74.2122,0
74.3191,0
74.426,0
74.5329,6
74.6398,1
74.7467,0
74.8536,28
74.9605,0
75.0674,14
75.1743,22
75.2812,9
75.3881,0
75.495,15
75.6019,0
75.7088,0
75.8157,6
75.9225,24
76.0294,0
76.1363,0
76.2432,0
76.3501,0
76.457,0
76.5639,0
76.6708,26
76.7777,0
76.8846,0
76.9915,15
77.0984,0
77.2053,0
77.3122,2
77.4191,27
77.526,6
77.6329,0
77.7398,0
77.8467,8
77.9536,0
78.0605,0
78.1674,20
78.2743,15
78.3812,14
78.4881,5
78.595,24
78.7019,17
78.8088,16
78.9157,20
79.0226,0
79.1295,0
79.2364,0
79.3433,13
79.4502,0
79.5571,0
79.664,5
79.7709,14
79.8778,6
79.9847,27
80.0916,15
80.1985,32
80.3054,12
80.4123,11
80.5192,5
80.6261,14
80.733,19
80.8399,2
80.9468,0
81.0537,0
81.1606,0
81.2675,48
81.3744,15
81.4813,8
81.5882,0
81.6951,2
81.802,0
81.9089,15
82.0158,30
82.1227,0
82.2296,0
82.3365,10
82.4434,0
82.5503,0
82.6572,28
82.7641,7
82.871,0
82.9779,0
83.0848,0
83.1917,0
83.2986,0
83.4055,15
83.5124,0
83.6193,9
83.7262,0
83.8331,0
83.94,12
84.0469,39
84.1538,2
84.2607,0
84.3676,0
84.4745,22
84.5814,26
84.6883,11
84.7952,5
84.9021,5
85.009,4
85.1159,0
85.2228,0
85.3297,20
85.4366,0
85.5435,4
85.6504,20
85.7573,11
85.8642,10
85.9711,0
86.078,7
86.1849,24
86.2918,6
86.3987,9
86.5056,0
86.6125,15
86.7194,38
86.8263,4
86.9332,0
87.0401,0
87.147,19
87.2539,15
87.3608,4
87.4677,0
87.5746,0
87.6815,0
87.7884,0
87.8953,0
88.0022,13
88.1091,6
88.216,0
88.3229,0
88.4298,2
88.5367,0
88.6436,15
88.7505,3
88.8574,0
88.9643,0
89.0712,0
89.1781,15
89.285,0
89.3919,23
89.4988,0
89.6057,12
89.7126,0
89.8195,7
89.9264,18
90.0334,0
90.1403,0
90.2472,0
90.3541,27
90.461,0
90.5679,0
90.6748,32
90.7817,39
90.8886,0
90.9955,0
91.1024,11
91.2093,0
91.3162,26
91.4231,9
91.53,12
91.6369,24
91.7438,0
91.8507,0
91.9576,34
92.0645,42
92.1714,0
92.2783,0
92.3852,11
92.4921,4
92.599,0
92.7059,0
92.8128,43
92.9197,0
93.0266,0
93.1335,4
93.2404,0
93.3473,0
93.4542,15
93.5611,16
93.668,0
93.7749,16
93.8818,14
93.9887,0
94.0956,19
94.2025,0
94.3095,12
94.4164,10
94.5233,2
94.6302,11
94.7371,0
94.844,0
94.9509,0
95.0578,0
95.1647,7
95.2716,0
95.3785,0
95.4854,7
95.5923,9
95.6992,14
95.8061,16
95.913,0
96.0199,0
96.1268,0
96.2337,14
96.3406,0
96.4475,0
96.5544,0
96.6613,17
96.7682,26
96.8751,0
96.982,0
97.0889,10
97.1958,34
97.3027,7
97.4097,0
97.5166,0
97.6235,0
97.7304,0
97.8373,0
97.9442,12
98.0511,7
98.158,0
98.2649,10
98.3718,26
98.4787,14
98.5856,17
98.6925,17
98.7994,13
98.9063,4
99.0132,4
99.1201,0
99.227,0
99.3339,13
99.4408,18
99.5477,0
99.6546,25
99.7615,12
99.8684,0
99.9753,26
100.082,30
100.189,0
100.296,25
100.403,5
100.51,4
100.617,0
100.724,0
100.831,22
100.937,0
101.044,6
101.151,0
101.258,4
101.365,0
101.472,13
101.579,10
101.686,0
101.793,1
101.9,0
102.007,0
102.113,0
102.22,21
102.327,0
102.434,0
102.541,0
102.648,34
102.755,37
102.862,0
102.969,0
103.076,3
103.182,21
103.289,10
103.396,0
103.503,0
103.61,0
103.717,12
103.824,0
103.931,21
104.038,18
104.145,0
104.252,0
104.358,0
104.465,0
104.572,26
104.679,13
104.786,0
104.893,1
105,6
105.107,0
105.214,10
105.321,0
105.427,0
105.534,0
105.641,11
105.748,16
105.855,1
105.962,8
106.069,6
106.176,8
106.283,20
106.39,6
106.497,0
106.603,25
106.71,9
106.817,13
106.924,21
107.031,0
107.138,0
107.245,14
107.352,0
107.459,0
107.566,31
107.673,8
107.779,32
107.886,24
107.993,0
108.1,21
108.207,35
108.314,10
108.421,0
108.528,9
108.635,8
108.742,11
108.848,0
108.955,2
109.062,0
109.169,19
109.276,0
109.383,0
109.49,29
109.597,20
109.704,0
109.811,9
109.918,22
110.024,10
110.131,22
110.238,0
110.345,3
110.452,0
110.559,17
110.666,2
110.773,7
110.88,25
110.987,0
111.094,18
111.2,0
111.307,0
111.414,8
111.521,6
111.628,5
111.735,0
111.842,0
111.949,17
112.056,6
112.163,30
112.269,1
112.376,0
112.483,8
112.59,14
112.697,0
112.804,12
112.911,27
113.018,0
113.125,9
113.232,0
113.339,61
113.445,28
113.552,0
113.659,0
113.766,0
113.873,0
113.98,0
114.087,3
114.194,1
114.301,10
114.408,34
114.515,0
114.621,5
114.728,0
114.835,24
114.942,6
115.049,8
115.156,6
115.263,21
115.37,18
115.477,0
115.584,5
115.69,0
115.797,0
115.904,18
116.011,18
116.118,0
116.225,4
116.332,23
116.439,35
116.546,0
116.653,24
116.76,11
116.866,0
116.973,0
117.08,14
117.187,0
117.294,7
117.401,38
117.508,10
117.615,0
117.722,0
117.829,11
117.936,14
118.042,0
118.149,0
118.256,1
118.363,0
118.47,0
118.577,27
118.684,0
118.791,13
118.898,12
119.005,0
119.112,0
119.218,9
119.325,8
119.432,0
119.539,0
119.646,7
119.753,0
119.86,34
119.967,21
120.074,10
120.181,0
120.287,3
120.394,12
120.501,49
120.608,0
120.715,0
120.822,19
120.929,13
121.036,10
121.143,15
121.25,4
121.357,25
121.463,2
121.57,2
121.677,21
121.784,0
121.891,3
121.998,0
122.105,0
122.212,8
122.319,37
122.426,32
122.533,9
122.639,6
122.746,16
122.853,22
122.96,0
123.067,14
123.174,0
123.281,0
123.388,6
123.495,3
123.602,0
123.709,0
123.815,0
123.922,0
124.029,9
124.136,45
124.243,0
124.35,0
124.457,0
124.564,1
124.671,0
124.778,0
124.885,0
124.991,8
125.098,0
125.205,16
125.312,0
125.419,10
125.526,15
125.633,24
125.74,0
125.847,12
125.954,5
126.061,0
126.167,21
126.274,7
126.381,0
126.488,0
126.595,22
126.702,10
126.809,15
126.916,5
127.023,7
127.13,0
127.236,0
127.343,22
127.45,0
127.557,0
127.664,12
127.771,10
127.878,0
127.985,0
128.092,19
128.199,10
128.306,0
128.412,22
128.519,30
128.626,0
128.733,0
128.84,0
128.947,17
129.054,8
129.161,24
129.268,0
129.375,19
129.482,28
129.588,0
129.695,22
129.802,10
129.909,0
130.016,0
130.123,0
130.23,36
130.337,0
130.444,1
130.551,0
130.658,14
130.764,6
130.871,10
130.978,11
131.085,0
131.192,0
131.299,24
131.406,46
131.513,0
131.62,0
131.727,13
131.834,5
131.94,0
132.047,21
132.154,1
132.261,0
132.368,26
132.475,3
132.582,0
132.689,0
132.796,0
132.903,14
133.01,6
133.116,10
133.223,26
133.33,32
133.437,0
133.544,0
133.651,17
133.758,0
133.865,6
133.972,0
134.079,0
134.186,0
134.292,0
134.399,0
134.506,0
134.613,0
134.72,14
134.827,24
134.934,0
135.041,8
135.148,7
135.255,4
135.362,0
135.468,22
135.575,2
135.682,6
135.789,0
135.896,37
136.003,7
136.11,4
136.217,0
136.324,8
136.431,4
136.538,0
136.644,0
136.751,20
136.858,1
136.965,2
137.072,0
137.179,0
137.286,7
137.393,12
137.5,11
137.607,0
137.714,7
137.82,0
137.927,0
138.034,0
138.141,0
138.248,0
138.355,17
138.462,0
138.569,0
138.676,0
138.783,29
138.89,0
138.996,7
139.103,0
139.21,11
139.317,0
139.424,1
139.531,15
139.638,0
139.745,0
139.852,0
139.959,9
140.065,24
140.172,12
140.279,8
140.386,1
140.493,42
140.6,0
140.707,7
140.814,0
140.921,12
141.028,0
141.135,0
141.241,0
141.348,0
141.455,0
141.562,0
141.669,4
141.776,15
141.883,0
141.99,0
142.097,17
142.204,31
142.311,0
142.417,11
142.524,1
142.631,0
142.738,3
142.845,4
142.952,0
143.059,1
143.166,0
143.273,0
143.38,4
143.487,0
143.593,31
143.7,0
143.807,0
143.914,0
144.021,0
144.128,13
144.235,12
144.342,7
144.449,0
144.556,0
144.663,22
144.769,0
144.876,17
144.983,6
145.09,0
145.197,0
145.304,0
145.411,19
145.518,47
145.625,8
145.732,0
145.839,0
145.945,17
146.052,20
146.159,0
146.266,0
146.373,0
146.48,0
146.587,13
146.694,0
146.801,20
146.908,19
147.015,1
147.121,1
147.228,0
147.335,0
147.442,35
147.549,11
147.656,0
147.763,0
147.87,0
147.977,20
148.084,7
148.191,0
148.297,0
148.404,30
148.511,2
148.618,1
148.725,0
148.832,21
148.939,12
149.046,0
149.153,0
149.26,0
149.367,0
149.473,0
149.58,4
149.687,11
149.794,0
149.901,0
150.008,14
150.115,18
150.222,0
150.329,14
150.436,0
150.543,8
150.649,0
150.756,0
150.863,0
150.97,0
151.077,2
151.184,0
151.291,0
151.398,0
151.505,0
151.612,14
151.719,0
151.825,3
151.932,0
152.039,0
152.146,0
152.253,14
152.36,0
152.467,4
152.574,0
152.681,5
152.788,8
152.894,0
153.001,6
153.108,18
153.215,14
153.322,28
153.429,28
153.536,0
153.643,0
153.75,0
153.857,5
153.964,0
154.07,10
154.177,0
154.284,0
154.391,0
154.498,36
154.605,0
154.712,7
154.819,0
154.926,5
155.033,37
155.14,2
155.246,0
155.353,14
155.46,0
155.567,0
155.674,6
155.781,0
155.888,0
155.995,0
156.102,36
156.209,22
156.316,9
156.422,0
156.529,0
156.636,26
156.743,13
156.85,0
156.957,0
157.064,29
157.171,28
157.278,0
157.385,0
157.492,5
157.598,15
157.705,0
157.812,7
157.919,0
158.026,16
158.133,0
158.24,8
158.347,1
158.454,0
158.561,0
158.668,0
158.774,11
158.881,0
158.988,4
159.095,0
159.202,0
159.309,22
159.416,0
159.523,0
159.63,14
159.737,10
159.844,0
159.95,8
160.057,5
160.164,12
160.271,12
160.378,0
160.485,13
160.592,0
160.699,24
160.806,0
160.913,0
161.019,2
161.126,0
161.233,0
161.34,14
161.447,11
161.554,0
161.661,19
161.768,40
161.875,9
161.982,0
162.089,0
162.195,0
162.302,7
162.409,19
162.516,0
162.623,14
162.73,11
162.837,0
162.944,14
163.051,10
163.158,0
163.265,4
163.371,9
163.478,20
163.585,0
163.692,0
163.799,0
163.906,0
164.013,0
164.12,0
164.227,1
164.334,14
164.441,2
164.547,19
164.654,0
164.761,2
164.868,23
164.975,0
165.082,0
165.189,0
165.296,0
165.403,2
165.51,2
165.616,0
165.723,15
165.83,0
165.937,3
166.044,0
166.151,8
166.258,0
166.365,7
166.472,0
166.579,0
166.686,0
166.792,5
166.899,34
167.006,0
167.113,0
167.22,13
167.327,0
167.434,32
167.541,10
167.648,0
167.755,0
167.862,12
167.968,26
168.075,0
168.182,0
168.289,14
168.396,8
168.503,0
168.61,0
168.717,19
168.824,9
168.931,0
169.037,0
169.144,0
169.251,14
169.358,11
169.465,0
169.572,7
169.679,2
169.786,0
169.893,1
170,18
170.107,0
170.213,0
170.32,0
170.427,0
170.534,9
170.641,0
170.748,18
170.855,0
170.962,9
171.069,14
171.176,0
171.283,0
171.389,0
171.496,10
171.603,0
171.71,0
171.817,26
171.924,36
172.031,15
172.138,0
172.245,0
172.352,11
172.458,0
172.565,0
172.672,5
172.779,11
172.886,9
172.993,0
173.1,2
173.207,6
173.314,0
173.421,0
173.528,0
173.634,2
173.741,14
173.848,0
173.955,22
174.062,5
174.169,0
174.276,0
174.383,30
174.49,2
174.597,0
174.704,0
174.81,5
174.917,26
175.024,0
175.131,25
175.238,0
175.345,4
175.452,0
175.559,5
175.666,17
175.773,13
175.879,0
175.986,8
176.093,37
176.2,10
176.307,0
176.414,0
176.521,6
176.628,0
176.735,0
176.842,5
176.949,5
177.055,13
177.162,15
177.269,0
177.376,0
177.483,15
177.59,8
177.697,0
177.804,13
177.911,0
178.018,20
178.124,11
178.231,0
178.338,0
178.445,5
178.552,0
178.659,0
178.766,6
178.873,0
178.98,19
179.087,0
179.194,47
179.3,18
179.407,6
179.514,4
179.621,0
179.728,0
179.835,0
179.942,0
180.049,0
180.156,38
180.263,0
180.369,0
180.476,0
180.583,0
180.69,28
180.797,7
180.904,0
181.011,0
181.118,0
181.225,4
181.332,8
181.439,0
181.545,0
181.652,0
181.759,0
181.866,0
181.973,2
182.08,20
182.187,0
182.294,0
182.401,3
182.508,4
182.614,0
182.721,0
182.828,0
182.935,0
183.042,9
183.149,0
183.256,9
183.363,18
183.47,0
183.577,0
183.683,0
183.79,0
183.897,13
184.004,7
184.111,0
184.218,0
184.325,47
184.432,17
184.539,13
184.646,0
184.753,0
184.859,18
184.966,0
185.073,7
185.18,0
185.287,0
185.394,4
185.501,16
185.608,0
185.715,0
185.822,0
185.928,0
186.035,60
186.142,34
186.249,37
186.356,16
186.463,0
186.57,0
186.677,0
186.784,0
186.891,0
186.997,12
187.104,0
187.211,0
187.318,9
187.425,2
187.532,3
187.639,0
187.746,30
187.853,32
187.96,0
188.067,0
188.173,7
188.28,34
188.387,0
188.494,0
188.601,0
188.708,24
188.815,0
188.922,2
189.029,17
189.136,0
189.242,10
189.349,24
189.456,0
189.563,0
189.67,8
189.777,0
189.884,0
189.991,5
190.098,0
190.205,0
190.311,18
190.418,20
190.525,33
190.632,0
190.739,0
190.846,7
190.953,21
191.06,13
191.167,0
191.274,15
191.38,26
191.487,0
191.594,0
191.701,6
191.808,0
191.915,0
192.022,19
192.129,7
192.236,0
192.343,34
192.45,9
192.556,0
192.663,9
192.77,4
192.877,0
192.984,18
193.091,0
193.198,0
193.305,24
193.412,80
193.519,55
193.625,11
193.732,0
193.839,0
193.946,0
194.053,0
194.16,0
194.267,6
194.374,0
194.481,1
194.588,0
194.694,0
194.801,8
194.908,0
195.015,14
195.122,4
195.229,4
195.336,6
195.443,0
195.55,11
195.657,0
195.763,21
195.87,27
195.977,18
196.084,22
196.191,0
196.298,4
196.405,10
196.512,0
196.619,0
196.726,0
196.832,0
196.939,10
197.046,0
197.153,6
197.26,0
197.367,22
197.474,9
197.581,0
197.688,0
197.795,17
197.901,4
198.008,0
198.115,19
198.222,0
198.329,6
198.436,0
198.543,0
198.65,0
198.757,2
198.864,45
198.97,44
199.077,0
199.184,0
199.291,27
199.398,16
199.505,0
199.612,0
199.719,8
199.826,10
199.933,0
200.039,0
200.146,10
200.253,0
200.36,2
200.467,0
200.574,21
200.681,9
200.788,0
200.895,0
201.002,0
201.108,0
201.215,0
201.322,0
201.429,0
201.536,0
201.643,0
201.75,0
201.857,7
201.964,0
202.071,5
202.177,13
202.284,45
202.391,0
202.498,0
202.605,6
202.712,0
202.819,0
202.926,0
203.033,2
203.14,7
203.246,22
203.353,0
203.46,8
203.567,3
203.674,30
203.781,0
203.888,0
203.995,25
204.102,32
204.208,112
204.315,118
204.422,41
204.529,0
204.636,0
204.743,3
204.85,7
204.957,3
205.064,0
205.171,0
205.277,0
205.384,0
205.491,7
205.598,12
205.705,0
205.812,14
205.919,0
206.026,3
206.133,0
206.24,10
206.346,0
206.453,0
206.56,0
206.667,0
206.774,8
206.881,5
206.988,15
207.095,0
207.202,14
207.309,30
207.415,45
207.522,24
207.629,16
207.736,10
207.843,18
207.95,0
208.057,0
208.164,0
208.271,25
208.377,0
208.484,0
208.591,15
208.698,0
208.805,2
208.912,0
209.019,0
209.126,0
209.233,4
209.34,0
209.446,15
209.553,45
209.66,54
209.767,18
209.874,2
209.981,0
210.088,22
210.195,21
210.302,8
210.409,1
210.515,0
210.622,5
210.729,13
210.836,17
210.943,0
211.05,14
211.157,21
211.264,0
211.371,4
211.477,0
211.584,29
211.691,9
211.798,0
211.905,9
212.012,8
212.119,24
212.226,11
212.333,0
212.44,0
212.546,0
212.653,19
212.76,5
212.867,0
212.974,0
213.081,0
213.188,0
213.295,3
213.402,19
213.508,32
213.615,27
213.722,2
213.829,0
213.936,3
214.043,0
214.15,1
214.257,6
214.364,0
214.471,0
214.577,5
214.684,17
214.791,12
214.898,0
215.005,32
215.112,12
215.219,24
215.326,0
215.433,1
215.539,9
215.646,0
215.753,0
215.86,17
215.967,6
216.074,6
216.181,0
216.288,18
216.395,0
216.502,17
216.608,0
216.715,24
216.822,0
216.929,0
217.036,39
217.143,2
217.25,30
217.357,18
217.464,14
217.57,0
217.677,0
217.784,23
217.891,4
217.998,0
218.105,6
218.212,30
218.319,0
218.426,0
218.532,20
218.639,0
218.746,11
218.853,0
218.96,0
219.067,0
219.174,12
219.281,0
219.388,19
219.495,15
219.601,0
219.708,0
219.815,1
219.922,26
220.029,0
220.136,0
220.243,37
220.35,43
220.457,1
220.563,0
220.67,0
220.777,0
220.884,2
220.991,0
221.098,0
221.205,41
221.312,10
221.419,38
221.525,30
221.632,3
221.739,6
221.846,26
221.953,0
222.06,0
222.167,0
222.274,14
222.381,0
222.488,0
222.594,17
222.701,7
222.808,0
222.915,4
223.022,15
223.129,12
223.236,11
223.343,9
223.45,17
223.556,0
223.663,0
223.77,0
223.877,2
223.984,0
224.091,0
224.198,6
224.305,0
224.412,17
224.518,0
224.625,4
224.732,7
224.839,0
224.946,0
225.053,9
225.16,18
225.267,0
225.374,9
225.48,14
225.587,23
225.694,0
225.801,2
225.908,30
226.015,1
226.122,0
226.229,21
226.336,24
226.442,1
226.549,5
226.656,43
226.763,92
226.87,52
226.977,13
227.084,0
227.191,0
227.298,0
227.404,3
227.511,8
227.618,18
227.725,0
227.832,0
227.939,29
228.046,15
228.153,0
228.26,0
228.366,0
228.473,8
228.58,14
228.687,0
228.794,0
228.901,25
229.008,0
229.115,12
229.222,0
229.328,0
229.435,3
229.542,0
229.649,4
229.756,40
229.863,0
229.97,0
230.077,0
230.184,25
230.29,0
230.397,0
230.504,10
230.611,28
230.718,0
230.825,0
230.932,36
231.039,38
231.146,0
231.252,0
231.359,0
231.466,0
231.573,15
231.68,0
231.787,5
231.894,0
232.001,0
232.108,0
232.214,21
232.321,0
232.428,0
232.535,21
232.642,19
232.749,1
232.856,7
232.963,11
233.07,14
233.176,0
233.283,5
233.39,43
233.497,3
233.604,12
233.711,6
233.818,26
233.925,0
234.031,0
234.138,4
234.245,1
234.352,21
234.459,0
234.566,0
234.673,6
234.78,9
234.887,0
234.993,0
235.1,0
235.207,18
235.314,5
235.421,0
235.528,7
235.635,5
235.742,4
235.849,2
235.955,0
236.062,13
236.169,0
236.276,0
236.383,16
236.49,15
236.597,35
236.704,0
236.81,0
236.917,0
237.024,0
237.131,0
237.238,7
237.345,0
237.452,0
237.559,10
237.666,10
237.772,0
237.879,22
237.986,11
238.093,23
238.2,0
238.307,0
238.414,17
238.521,22
238.628,0
238.734,0
238.841,3
238.948,22
239.055,4
239.162,0
239.269,8
239.376,0
239.483,4
239.589,0
239.696,22
239.803,26
239.91,0
240.017,10
240.124,15
240.231,10
240.338,0
240.445,7
240.551,7
240.658,23
240.765,9
240.872,4
240.979,20
241.086,17
241.193,34
241.3,16
241.406,0
241.513,0
241.62,27
241.727,23
241.834,10
241.941,0
242.048,9
242.155,0
242.262,0
242.368,0
242.475,0
242.582,1
242.689,6
242.796,12
242.903,5
243.01,29
243.117,26
243.223,14
243.33,0
243.437,27
243.544,0
243.651,50
243.758,0
243.865,2
243.972,0
244.079,0
244.185,2
244.292,0
244.399,23
244.506,0
244.613,0
244.72,0
244.827,18
244.934,0
245.04,0
245.147,0
245.254,7
245.361,10
245.468,18
245.575,0
245.682,8
245.789,0
245.896,14
246.002,4
246.109,16
246.216,0
246.323,44
246.43,0
246.537,13
246.644,16
246.751,20
246.857,0
246.964,0
247.071,18
247.178,0
247.285,0
247.392,0
247.499,0
247.606,14
247.712,41
247.819,11
247.926,0
248.033,1
248.14,0
248.247,37
248.354,16
248.461,6
248.567,2
248.674,1
248.781,0
248.888,0
248.995,0
249.102,0
249.209,11
249.316,11
249.423,0
249.529,29
249.636,20
249.743,12
249.85,29
249.957,0
250.064,0
250.171,10
250.278,2
250.384,15
250.491,16
250.598,14
250.705,0
250.812,13
250.919,7
251.026,0
251.133,17
251.239,34
251.346,0
251.453,0
251.56,29
251.667,18
251.774,1
251.881,0
251.988,15
252.094,0
252.201,0
252.308,28
252.415,49
252.522,14
252.629,0
252.736,2
252.843,0
252.949,0
253.056,12
253.163,0
253.27,12
253.377,7
253.484,12
253.591,2
253.698,1
253.804,3
253.911,21
254.018,0
254.125,0
254.232,17
254.339,9
254.446,18
254.553,4
254.659,24
254.766,6
254.873,0
254.98,17
255.087,34
255.194,0
255.301,8
255.408,22
255.514,0
255.621,15
255.728,0
255.835,15
255.942,24
256.049,17
256.156,0
256.263,0
256.369,12
256.476,0
256.583,1
256.69,0
256.797,0
256.904,0
257.011,0
257.118,8
257.224,5
257.331,14
257.438,0
257.545,14
257.652,19
257.759,0
257.866,2
257.973,13
258.079,26
258.186,12
258.293,5
258.4,35
258.507,11
258.614,0
258.721,0
258.828,7
258.934,0
259.041,15
259.148,9
259.255,0
259.362,27
259.469,28
259.576,0
259.683,0
259.789,11
259.896,0
260.003,44
260.11,90
260.217,49
260.324,1
260.431,13
260.537,21
260.644,10
260.751,19
260.858,0
260.965,17
261.072,13
261.179,6
261.286,16
261.392,26
261.499,23
261.606,0
261.713,26
261.82,8
261.927,8
262.034,0
262.141,2
262.247,0
262.354,19
262.461,0
262.568,20
262.675,0
262.782,0
262.889,0
262.996,27
263.102,20
263.209,0
263.316,0
263.423,10
263.53,0
263.637,14
263.744,9
263.85,2
263.957,0
264.064,28
264.171,18
264.278,0
264.385,8
264.492,32
264.599,0
264.705,0
264.812,17
264.919,16
265.026,0
265.133,16
265.24,12
265.347,0
265.454,13
265.56,0
265.667,0
265.774,34
265.881,2
265.988,0
266.095,0
266.202,12
266.308,0
266.415,0
266.522,14
266.629,6
266.736,0
266.843,13
266.95,0
267.057,0
267.163,0
267.27,0
267.377,0
267.484,18
267.591,11
267.698,2
267.805,8
267.911,25
268.018,9
268.125,0
268.232,12
268.339,10
268.446,0
268.553,4
268.66,37
268.766,0
268.873,23
268.98,1
269.087,17
269.194,28
269.301,0
269.408,9
269.514,25
269.621,5
269.728,0
269.835,0
269.942,19
270.049,17
270.156,11
270.263,0
270.369,0
270.476,7
270.583,13
270.69,0
270.797,14
270.904,11
271.011,10
271.117,16
271.224,0
271.331,3
271.438,4
271.545,11
271.652,0
271.759,24
271.866,12
271.972,3
272.079,40
272.186,43
272.293,25
272.4,0
272.507,0
272.614,23
272.72,0
272.827,0
272.934,0
273.041,22
273.148,0
273.255,0
273.362,0
273.468,0
273.575,0
273.682,10
273.789,56
273.896,25
274.003,0
274.11,0
274.217,0
274.323,14
274.43,10
274.537,7
274.644,0
274.751,19
274.858,34
274.965,6
275.071,8
275.178,0
275.285,16
275.392,12
275.499,3
275.606,26
275.713,9
275.819,21
275.926,0
276.033,7
276.14,52
276.247,91
276.354,49
276.461,40
276.567,62
276.674,12
276.781,10
276.888,0
276.995,4
277.102,34
277.209,8
277.315,10
277.422,0
277.529,0
277.636,16
277.743,0
277.85,0
277.957,0
278.064,8
278.17,11
278.277,8
278.384,0
278.491,13
278.598,21
278.705,4
278.812,1
278.918,0
279.025,8
279.132,0
279.239,0
279.346,21
279.453,6
279.56,0
279.666,0
279.773,0
279.88,0
279.987,4
280.094,13
280.201,19
280.308,12
280.414,5
280.521,1
280.628,6
280.735,9
280.842,0
280.949,0
281.056,21
281.162,0
281.269,5
281.376,3
281.483,15
281.59,1
281.697,4
281.804,3
281.91,12
282.017,27
282.124,0
282.231,13
282.338,0
282.445,0
282.552,2
282.658,12
282.765,0
282.872,0
282.979,24
283.086,0
283.193,0
283.3,5
283.406,22
283.513,14
283.62,0
283.727,5
283.834,28
283.941,0
284.048,13
284.154,0
284.261,0
284.368,48
284.475,34
284.582,22
284.689,24
284.796,6
284.902,0
285.009,0
285.116,8
285.223,12
285.33,12
285.437,0
285.544,12
285.65,14
285.757,0
285.864,0
285.971,4
286.078,0
286.185,3
286.292,1
286.398,0
286.505,0
286.612,0
286.719,0
286.826,0
286.933,33
287.039,0
287.146,10
287.253,3
287.36,0
287.467,7
287.574,14
287.681,22
287.787,0
287.894,1
288.001,7
288.108,3
288.215,10
288.322,19
288.429,0
288.535,28
288.642,32
288.749,6
288.856,28
288.963,0
289.07,1
289.177,36
289.283,14
289.39,17
289.497,0
289.604,19
289.711,0
289.818,7
289.924,0
290.031,1
290.138,0
290.245,5
290.352,7
290.459,4
290.566,0
290.672,3
290.779,0
290.886,9
290.993,34
291.1,8
291.207,0
291.314,1
291.42,0
291.527,0
291.634,0
291.741,4
291.848,37
291.955,0
292.062,24
292.168,34
292.275,6
292.382,0
292.489,15
292.596,0
292.703,5
292.809,0
292.916,0
293.023,0
293.13,0
293.237,29
293.344,0
293.451,0
293.557,32
293.664,4
293.771,7
293.878,0
293.985,0
294.092,0
294.198,6
294.305,2
294.412,1
294.519,24
294.626,0
294.733,0
294.84,0
294.946,0
295.053,40
295.16,31
295.267,11
295.374,0
295.481,24
295.588,30
295.694,0
295.801,0
295.908,0
296.015,5
296.122,20
296.229,14
296.335,0
296.442,30
296.549,18
296.656,14
296.763,11
296.87,0
296.977,0
297.083,8
297.19,16
297.297,16
297.404,0
297.511,33
297.618,0
297.724,0
297.831,6
297.938,18
298.045,0
298.152,17
298.259,15
298.365,2
298.472,5
298.579,0
298.686,14
298.793,6
298.9,0
299.007,15
299.113,0
299.22,5
299.327,3
299.434,20
299.541,15
299.648,8
299.754,32
299.861,22
299.968,4
300.075,0
300.182,0
300.289,14
300.396,1
300.502,0
300.609,0
300.716,6
300.823,14
300.93,2
301.037,5
301.143,28
301.25,18
301.357,11
301.464,0
301.571,29
301.678,8
301.784,7
301.891,9
301.998,0
302.105,0
302.212,0
302.319,0
302.426,0
302.532,26
302.639,0
302.746,0
302.853,27
302.96,0
303.067,13
303.173,23
303.28,0
303.387,10
303.494,0
303.601,0
303.708,10
303.814,16
303.921,0
304.028,0
304.135,2
304.242,11
304.349,27
304.456,60
304.562,56
304.669,21
304.776,24
304.883,25
304.99,21
305.097,13
305.203,0
305.31,0
305.417,0
305.524,0
305.631,0
305.738,43
305.844,36
305.951,10
306.058,0
306.165,17
306.272,2
306.379,5
306.485,3
306.592,15
306.699,0
306.806,0
306.913,8
307.02,9
307.126,51
307.233,165
307.34,90
307.447,13
307.554,0
307.661,0
307.767,0
307.874,9
307.981,0
308.088,0
308.195,19
308.302,8
308.409,6
308.515,17
308.622,8
308.729,0
308.836,4
308.943,23
309.05,18
309.156,0
309.263,0
309.37,0
309.477,14
309.584,23
309.691,0
309.797,3
309.904,41
310.011,62
310.118,26
310.225,0
310.332,26
310.438,8
310.545,0
310.652,18
310.759,1
310.866,0
310.973,16
311.079,0
311.186,0
311.293,13
311.4,4
311.507,0
311.614,0
311.72,0
311.827,24
311.934,18
312.041,0
312.148,4
312.255,29
312.361,0
312.468,0
312.575,0
312.682,8
312.789,21
312.896,20
313.002,17
313.109,18
313.216,0
313.323,9
313.43,16
313.537,0
313.643,0
313.75,0
313.857,0
313.964,0
314.071,5
314.178,0
314.284,0
314.391,0
314.498,14
314.605,0
314.712,6
314.819,2
314.925,0
315.032,14
315.139,20
315.246,0
315.353,14
315.46,0
315.566,0
315.673,13
315.78,0
315.887,16
315.994,7
316.1,0
316.207,0
316.314,0
316.421,49
316.528,28
316.635,0
316.741,9
316.848,0
316.955,0
317.062,0
317.169,24
317.276,0
317.382,7
317.489,24
317.596,0
317.703,14
317.81,17
317.917,19
318.023,0
318.13,0
318.237,16
318.344,21
318.451,0
318.558,11
318.664,15
318.771,13
318.878,5
318.985,0
319.092,14
319.199,32
319.305,11
319.412,0
319.519,0
319.626,0
319.733,1
319.839,0
319.946,29
320.053,49
320.16,4
320.267,3
320.374,21
320.48,57
320.587,4
320.694,14
320.801,19
320.908,4
321.015,0
321.121,0
321.228,5
321.335,0
321.442,0
321.549,30
321.655,0
321.762,12
321.869,0
321.976,3
322.083,1
322.19,0
322.296,9
322.403,6
322.51,0
322.617,0
322.724,18
322.831,21
322.937,1
323.044,0
323.151,0
323.258,21
323.365,6
323.472,10
323.578,0
323.685,0
323.792,15
323.899,17
324.006,5
324.112,0
324.219,56
324.326,6
324.433,1
324.54,5
324.647,0
324.753,0
324.86,13
324.967,0
325.074,0
325.181,0
325.287,0
325.394,19
325.501,0
325.608,10
325.715,24
325.822,3
325.928,0
326.035,0
326.142,4
326.249,27
326.356,12
326.463,15
326.569,0
326.676,14
326.783,33
326.89,0
326.997,0
327.103,46
327.21,17
327.317,0
327.424,0
327.531,0
327.638,10
327.744,11
327.851,0
327.958,0
328.065,0
328.172,0
328.278,8
328.385,0
328.492,36
328.599,16
328.706,5
328.813,13
328.919,6
329.026,7
329.133,8
329.24,0
329.347,22
329.453,0
329.56,0
329.667,0
329.774,0
329.881,24
329.988,0
330.094,0
330.201,0
330.308,9
330.415,30
330.522,0
330.628,14
330.735,44
330.842,3
330.949,25
331.056,7
331.162,0
331.269,0
331.376,0
331.483,18
331.59,1
331.697,22
331.803,20
331.91,0
332.017,0
332.124,10
332.231,6
332.337,0
332.444,4
332.551,1
332.658,0
332.765,0
332.872,6
332.978,0
333.085,0
333.192,9
333.299,0
333.406,0
333.512,4
333.619,39
333.726,2
333.833,0
333.94,0
334.046,0
334.153,21
334.26,24
334.367,0
334.474,13
334.581,8
334.687,0
334.794,0
334.901,18
335.008,0
335.115,4
335.221,0
335.328,1
335.435,12
335.542,0
335.649,0
335.755,10
335.862,44
335.969,32
336.076,0
336.183,0
336.29,0
336.396,0
336.503,0
336.61,1
336.717,20
336.824,26
336.93,14
337.037,20
337.144,0
337.251,12
337.358,12
337.464,5
337.571,0
337.678,0
337.785,30
337.892,26
337.998,7
338.105,0
338.212,0
338.319,30
338.426,18
338.533,58
338.639,76
338.746,22
338.853,30
338.96,6
339.067,0
339.173,3
339.28,0
339.387,2
339.494,2
339.601,1
339.707,10
339.814,5
339.921,15
340.028,0
340.135,2
340.241,6
340.348,0
340.455,9
340.562,20
340.669,15
340.775,0
340.882,0
340.989,17
341.096,0
341.203,50
341.309,38
341.416,17
341.523,0
341.63,0
341.737,0
341.844,0
341.95,26
342.057,5
342.164,28
342.271,40
342.378,51
342.484,16
342.591,25
342.698,40
342.805,8
342.912,0
343.018,5
343.125,0
343.232,0
343.339,2
343.446,0
343.552,20
343.659,0
343.766,8
343.873,0
343.98,8
344.086,24
344.193,16
344.3,0
344.407,4
344.514,0
344.62,20
344.727,65
344.834,129
344.941,70
345.048,0
345.154,0
345.261,0
345.368,6
345.475,22
345.582,5
345.688,0
345.795,29
345.902,22
346.009,0
346.116,0
346.222,0
346.329,0
346.436,0
346.543,7
346.65,22
346.756,28
346.863,29
346.97,13
347.077,0
347.184,10
347.29,19
347.397,0
347.504,0
347.611,10
347.718,0
347.824,0
347.931,0
348.038,0
348.145,2
348.252,0
348.358,0
348.465,20
348.572,25
348.679,4
348.786,0
348.892,18
348.999,4
349.106,10
349.213,0
349.32,0
349.426,14
349.533,0
349.64,3
349.747,18
349.854,0
349.96,16
350.067,10
350.174,21
350.281,14
350.388,0
350.494,0
350.601,16
350.708,1
350.815,42
350.922,0
351.028,5
351.135,0
351.242,6
351.349,0
351.456,3
351.562,14
351.669,0
351.776,0
351.883,43
351.989,0
352.096,4
352.203,2
352.31,0
352.417,2
352.523,0
352.63,0
352.737,0
352.844,0
352.951,5
353.057,0
353.164,21
353.271,17
353.378,11
353.485,22
353.591,0
353.698,0
353.805,13
353.912,17
354.019,0
354.125,0
354.232,0
354.339,0
354.446,0
354.553,5
354.659,9
354.766,25
354.873,35
354.98,0
355.086,3
355.193,0
355.3,23
355.407,15
355.514,13
355.62,0
355.727,6
355.834,22
355.941,0
356.048,0
356.154,7
356.261,8
356.368,0
356.475,6
356.582,8
356.688,6
356.795,20
356.902,0
357.009,11
357.115,0
357.222,0
357.329,6
357.436,0
357.543,0
357.649,0
357.756,4
357.863,0
357.97,12
358.077,0
358.183,1
358.29,7
358.397,0
358.504,26
358.61,8
358.717,0
358.824,5
358.931,0
359.038,0
359.144,23
359.251,11
359.358,0
359.465,0
359.572,0
359.678,35
359.785,0
359.892,0
359.999,16
360.105,50
360.212,58
360.319,14
360.426,2
360.533,0
360.639,12
360.746,0
360.853,0
360.96,10
361.067,0
361.173,17
361.28,37
361.387,0
361.494,2
361.6,3
361.707,7
361.814,7
361.921,0
362.028,0
362.134,0
362.241,2
362.348,0
362.455,0
362.562,2
362.668,13
362.775,10
362.882,21
362.989,0
363.095,19
363.202,0
363.309,12
363.416,0
363.523,0
363.629,2
363.736,0
363.843,18
363.95,13
364.056,10
364.163,0
364.27,0
364.377,0
364.484,0
364.59,0
364.697,0
364.804,0
364.911,0
365.017,16
365.124,27
365.231,3
365.338,0
365.445,5
365.551,2
365.658,0
365.765,1
365.872,0
365.979,0
366.085,1
366.192,25
366.299,0
366.406,4
366.512,0
366.619,10
366.726,2
366.833,0
366.94,6
367.046,0
367.153,0
367.26,0
367.367,0
367.473,0
367.58,3
367.687,0
367.794,25
367.9,0
368.007,23
368.114,61
368.221,38
368.328,25
368.434,0
368.541,7
368.648,36
368.755,9
368.861,0
368.968,22
369.075,0
369.182,3
369.289,28
369.395,35
369.502,19
369.609,0
369.716,0
369.822,56
369.929,43
370.036,0
370.143,0
370.25,0
370.356,0
370.463,10
370.57,5
370.677,0
370.783,6
370.89,0
370.997,0
371.104,5
371.211,0
371.317,7
371.424,20
371.531,32
371.638,25
371.744,0
371.851,0
371.958,0
372.065,1
372.171,0
372.278,0
372.385,0
372.492,3
372.599,0
372.705,0
372.812,27
372.919,0
373.026,0
373.132,10
373.239,0
373.346,14
373.453,0
373.559,95
373.666,38
373.773,0
373.88,16
373.987,24
374.093,0
374.2,0
374.307,0
374.414,6
374.52,0
374.627,0
374.734,2
374.841,3
374.947,2
375.054,11
375.161,6
375.268,0
375.375,7
375.481,0
375.588,0
375.695,0
375.802,0
375.908,9
376.015,5
376.122,0
376.229,17
376.335,0
376.442,0
376.549,9
376.656,0
376.763,17
376.869,0
376.976,0
377.083,0
377.19,0
377.296,0
377.403,17
377.51,0
377.617,0
377.723,8
377.83,15
377.937,10
378.044,5
378.15,0
378.257,19
378.364,0
378.471,32
378.578,7
378.684,3
378.791,0
378.898,3
379.005,18
379.111,0
379.218,0
379.325,0
379.432,18
379.538,3
379.645,14
379.752,0
379.859,5
379.965,42
380.072,3
380.179,10
380.286,0
380.392,0
380.499,33
380.606,41
380.713,7
380.82,0
380.926,15
381.033,0
381.14,0
381.247,0
381.353,16
381.46,0
381.567,4
381.674,15
381.78,0
381.887,0
381.994,10
382.101,26
382.207,0
382.314,0
382.421,0
382.528,15
382.634,25
382.741,4
382.848,11
382.955,8
383.061,14
383.168,0
383.275,0
383.382,3
383.488,0
383.595,3
383.702,42
383.809,22
383.916,0
384.022,0
384.129,24
384.236,2
384.343,0
384.449,0
384.556,0
384.663,0
384.77,0
384.876,0
384.983,0
385.09,0
385.197,0
385.303,6
385.41,0
385.517,0
385.624,4
385.73,7
385.837,18
385.944,9
386.051,0
386.157,0
386.264,0
386.371,19
386.478,15
386.584,0
386.691,0
386.798,3
386.905,1
387.011,10
387.118,1
387.225,3
387.332,0
387.438,0
387.545,22
387.652,23
387.759,0
387.865,11
387.972,27
388.079,0
388.186,5
388.292,0
388.399,0
388.506,2
388.613,0
388.719,0
388.826,7
388.933,0
389.04,0
389.146,4
389.253,8
389.36,13
389.467,3
389.573,0
389.68,20
389.787,4
389.894,0
390,3
390.107,61
390.214,17
390.321,0
390.427,0
390.534,72
390.641,98
390.748,54
390.854,0
390.961,0
391.068,0
391.175,32
391.281,21
391.388,9
391.495,0
391.602,0
391.708,0
391.815,0
391.922,0
392.029,16
392.135,2
392.242,0
392.349,0
392.456,0
392.562,3
392.669,3
392.776,0
392.883,0
392.989,17
393.096,9
393.203,0
393.31,2
393.416,30
393.523,28
393.63,0
393.737,0
393.843,21
393.95,9
394.057,2
394.164,0
394.27,8
394.377,7
394.484,0
394.591,0
394.697,0
394.804,0
394.911,10
395.018,0
395.124,5
395.231,0
395.338,5
395.445,0
395.551,0
395.658,0
395.765,22
395.871,9
395.978,23
396.085,8
396.192,2
396.298,0
396.405,12
396.512,13
396.619,0
396.725,3
396.832,1
396.939,0
397.046,0
397.152,0
397.259,0
397.366,0
397.473,18
397.579,6
397.686,0
397.793,6
397.9,0
398.006,0
398.113,29
398.22,3
398.327,0
398.433,15
398.54,0
398.647,6
398.753,0
398.86,0
398.967,0
399.074,0
399.18,0
399.287,20
399.394,21
399.501,0
399.607,0
399.714,24
399.821,0
399.928,0
400.034,5
400.141,17
400.248,26
400.355,14
400.461,0
400.568,17
400.675,76
400.781,57
400.888,30
400.995,0
401.102,0
401.208,10
401.315,0
401.422,5
401.529,0
401.635,0
401.742,0
401.849,36
401.956,29
402.062,0
402.169,2
402.276,0
402.382,16
402.489,13
402.596,9
402.703,6
402.809,0
402.916,0
403.023,15
403.13,12
403.236,43
403.343,35
403.45,0
403.557,0
403.663,11
403.77,3
403.877,22
403.983,0
404.09,0
404.197,26
404.304,2
404.41,2
404.517,14
404.624,31
404.731,14
404.837,27
404.944,0
405.051,22
405.158,13
405.264,0
405.371,0
405.478,14
405.584,2
405.691,4
405.798,0
405.905,0
406.011,0
406.118,0
406.225,0
406.332,0
406.438,0
406.545,2
406.652,0
406.758,4
406.865,25
406.972,0
407.079,22
407.185,8
407.292,0
407.399,0
407.506,0
407.612,17
407.719,16
407.826,9
407.932,0
408.039,20
408.146,11
408.253,1
408.359,0
408.466,21
408.573,0
408.68,0
408.786,0
408.893,38
409,48
409.106,0
409.213,0
409.32,19
409.427,2
409.533,0
409.64,0
409.747,0
409.853,20
409.96,26
410.067,0
410.174,13
410.28,1
410.387,0
410.494,26
410.601,19
410.707,8
410.814,0
410.921,0
411.027,0
411.134,0
411.241,0
411.348,0
411.454,14
411.561,27
411.668,17
411.774,6
411.881,0
411.988,6
412.095,25
412.201,6
412.308,0
412.415,0
412.522,52
412.628,30
412.735,0
412.842,0
412.948,20
413.055,4
413.162,0
413.269,0
413.375,0
413.482,0
413.589,0
413.695,12
413.802,43
413.909,18
414.016,0
414.122,2
414.229,0
414.336,0
414.442,0
414.549,0
414.656,0
414.763,0
414.869,11
414.976,28
415.083,0
415.189,0
415.296,25
415.403,17
415.51,7
415.616,15
415.723,5
415.83,0
415.936,0
416.043,2
416.15,2
416.257,0
416.363,6
416.47,7
416.577,8
416.683,0
416.79,16
416.897,24
417.004,12
417.11,0
417.217,19
417.324,14
417.43,4
417.537,11
417.644,16
417.751,4
417.857,0
417.964,142
418.071,171
418.177,79
418.284,21
418.391,47
418.498,42
418.604,66
418.711,65
418.818,34
418.924,10
419.031,0
419.138,0
419.245,9
419.351,26
419.458,5
419.565,14
419.671,0
419.778,0
419.885,5
419.992,2
420.098,8
420.205,2
420.312,11
420.418,0
420.525,23
420.632,0
420.738,1
420.845,0
420.952,0
421.059,17
421.165,7
421.272,72
421.379,52
421.485,33
421.592,4
421.699,0
421.806,4
421.912,9
422.019,0
422.126,0
422.232,0
422.339,20
422.446,0
422.552,0
422.659,1
422.766,19
422.873,0
422.979,0
423.086,0
423.193,32
423.299,1
423.406,2
423.513,0
423.62,27
423.726,48
423.833,0
423.94,0
424.046,0
424.153,0
424.26,0
424.366,10
424.473,0
424.58,0
424.687,0
424.793,25
424.9,15
425.007,18
425.113,0
425.22,12
425.327,1
425.433,0
425.54,4
425.647,0
425.754,0
425.86,5
425.967,0
426.074,0
426.18,6
426.287,18
426.394,13
426.5,2
426.607,0
426.714,21
426.821,21
426.927,4
427.034,0
427.141,0
427.247,14
427.354,5
427.461,0
427.567,0
427.674,43
427.781,21
427.888,14
427.994,54
428.101,40
428.208,15
428.314,26
428.421,14
428.528,26
428.634,0
428.741,1
428.848,27
428.955,0
429.061,0
429.168,33
429.275,14
429.381,11
429.488,11
429.595,0
429.701,66
429.808,38
429.915,43
430.021,24
430.128,29
430.235,0
430.342,36
430.448,0
430.555,18
430.662,122
430.768,96
430.875,26
430.982,0
431.088,0
431.195,34
431.302,2
431.409,0
431.515,8
431.622,1
431.729,0
431.835,14
431.942,0
432.049,0
432.155,0
432.262,0
432.369,0
432.475,3
432.582,54
432.689,132
432.796,125
432.902,10
433.009,0
433.116,0
433.222,0
433.329,13
433.436,11
433.542,0
433.649,0
433.756,0
433.862,32
433.969,16
434.076,0
434.182,0
434.289,0
434.396,0
434.503,2
434.609,0
434.716,14
434.823,14
434.929,2
435.036,12
435.143,20
435.249,12
435.356,0
435.463,0
435.569,12
435.676,10
435.783,0
435.889,0
435.996,16
436.103,17
436.21,80
436.316,118
436.423,42
436.53,7
436.636,0
436.743,24
436.85,6
436.956,0
437.063,0
437.17,0
437.276,0
437.383,71
437.49,112
437.596,46
437.703,15
437.81,12
437.916,0
438.023,6
438.13,7
438.237,10
438.343,21
438.45,0
438.557,0
438.663,16
438.77,0
438.877,0
438.983,0
439.09,0
439.197,134
439.303,172
439.41,69
439.517,39
439.623,15
439.73,0
439.837,18
439.943,34
440.05,25
440.157,0
440.263,7
440.37,9
440.477,0
440.583,0
440.69,0
440.797,10
440.904,0
441.01,17
441.117,0
441.224,8
441.33,0
441.437,0
441.544,0
441.65,0
441.757,34
441.864,45
441.97,39
442.077,3
442.184,0
442.29,0
442.397,6
442.504,0
442.61,0
442.717,7
442.824,0
442.93,0
443.037,17
443.144,17
443.25,3
443.357,0
443.464,7
443.57,0
443.677,6
443.784,12
443.89,13
443.997,0
444.104,13
444.21,2
444.317,0
444.424,0
444.53,36
444.637,39
444.744,0
444.851,9
444.957,0
445.064,0
445.171,0
445.277,0
445.384,32
445.491,22
445.597,9
445.704,11
445.811,21
445.917,1
446.024,8
446.131,15
446.237,21
446.344,0
446.451,4
446.557,2
446.664,0
446.771,0
446.877,6
446.984,0
447.091,0
447.197,0
447.304,0
447.411,0
447.517,5
447.624,13
447.731,4
447.837,0
447.944,21
448.051,23
448.157,0
448.264,8
448.371,11
448.477,20
448.584,0
448.691,0
448.797,0
448.904,0
449.011,31
449.117,6
449.224,0
449.331,26
449.437,15
449.544,0
449.651,10
449.757,0
449.864,6
449.971,12
450.077,0
450.184,13
450.291,12
450.397,5
450.504,6
450.611,0
450.717,0
450.824,7
450.931,5
451.037,17
451.144,0
451.251,0
451.357,28
451.464,6
451.571,2
451.677,0
451.784,7
451.891,12
451.997,9
452.104,0
452.21,14
452.317,6
452.424,0
452.53,0
452.637,0
452.744,3
452.85,23
452.957,0
453.064,7
453.17,15
453.277,5
453.384,0
453.49,3
453.597,5
453.704,0
453.81,4
453.917,9
454.024,8
454.13,2
454.237,4
454.344,31
454.45,0
454.557,14
454.664,2
454.77,0
454.877,5
454.984,0
455.09,0
455.197,11
455.304,2
455.41,0
455.517,11
455.624,10
455.73,0
455.837,8
455.944,0
456.05,8
456.157,0
456.263,26
456.37,18
456.477,0
456.583,22
456.69,3
456.797,17
456.903,0
457.01,3
457.117,4
457.223,0
457.33,0
457.437,0
457.543,32
457.65,16
457.757,14
457.863,8
457.97,2
458.077,27
458.183,78
458.29,38
458.397,16
458.503,3
458.61,11
458.716,3
458.823,14
458.93,13
459.036,11
459.143,21
459.25,32
459.356,22
459.463,0
459.57,0
459.676,0
459.783,0
459.89,0
459.996,0
460.103,0
460.21,15
460.316,16
460.423,0
460.53,23
460.636,4
460.743,28
460.849,4
460.956,3
461.063,26
461.169,4
461.276,0
461.383,0
461.489,0
461.596,0
461.703,0
461.809,2
461.916,10
462.023,16
462.129,32
462.236,24
462.342,35
462.449,28
462.556,2
462.662,10
462.769,0
462.876,0
462.982,0
463.089,0
463.196,16
463.302,0
463.409,3
463.516,0
463.622,28
463.729,14
463.835,45
463.942,10
464.049,0
464.155,0
464.262,4
464.369,24
464.475,0
464.582,31
464.689,0
464.795,0
464.902,0
465.009,0
465.115,0
465.222,3
465.328,15
465.435,20
465.542,22
465.648,0
465.755,0
465.862,29
465.968,10
466.075,16
466.182,0
466.288,10
466.395,15
466.501,15
466.608,2
466.715,18
466.821,9
466.928,12
467.035,0
467.141,16
467.248,1
467.355,0
467.461,13
467.568,0
467.674,0
467.781,0
467.888,0
467.994,0
468.101,4
468.208,0
468.314,0
468.421,11
468.528,18
468.634,5
468.741,16
468.847,0
468.954,0
469.061,33
469.167,2
469.274,0
469.381,0
469.487,0
469.594,0
469.701,0
469.807,0
469.914,24
470.02,20
470.127,21
470.234,0
470.34,0
470.447,29
470.554,11
470.66,0
470.767,24
470.873,9
470.98,1
471.087,2
471.193,6
471.3,10
471.407,64
471.513,69
471.62,25
471.727,12
471.833,0
471.94,12
472.046,20
472.153,6
472.26,6
472.366,37
472.473,36
472.58,23
472.686,47
472.793,24
472.899,2
473.006,22
473.113,40
473.219,13
473.326,13
473.433,53
473.539,72
473.646,37
473.752,34
473.859,0
473.966,2
474.072,0
474.179,10
474.286,0
474.392,0
474.499,0
474.605,0
474.712,3
474.819,3
474.925,19
475.032,7
475.139,14
475.245,0
475.352,2
475.458,15
475.565,16
475.672,0
475.778,0
475.885,8
475.992,21
476.098,52
476.205,45
476.311,0
476.418,0
476.525,42
476.631,24
476.738,0
476.844,0
476.951,0
477.058,39
477.164,21
477.271,12
477.378,21
477.484,4
477.591,0
477.697,20
477.804,15
477.911,0
478.017,4
478.124,21
478.231,1
478.337,0
478.444,4
478.55,5
478.657,0
478.764,16
478.87,8
478.977,0
479.083,16
479.19,38
479.297,14
479.403,0
479.51,12
479.617,0
479.723,17
479.83,2
479.936,20
480.043,0
480.15,0
480.256,16
480.363,12
480.469,1
480.576,5
480.683,0
480.789,0
480.896,31
481.003,4
481.109,0
481.216,0
481.322,34
481.429,22
481.536,7
481.642,0
481.749,0
481.855,20
481.962,4
482.069,6
482.175,8
482.282,0
482.388,8
482.495,0
482.602,2
482.708,0
482.815,2
482.922,30
483.028,0
483.135,0
483.241,19
483.348,0
483.455,16
483.561,3
483.668,3
483.774,0
483.881,0
483.988,18
484.094,0
484.201,14
484.307,3
484.414,0
484.521,8
484.627,8
484.734,5
484.84,5
484.947,25
485.054,2
485.16,0
485.267,36
485.373,20
485.48,0
485.587,0
485.693,0
485.8,0
485.907,0
486.013,2
486.12,13
486.226,0
486.333,0
486.44,15
486.546,15
486.653,0
486.759,0
486.866,13
486.973,0
487.079,0
487.186,16
487.292,44
487.399,0
487.506,0
487.612,0
487.719,0
487.825,0
487.932,26
488.039,0
488.145,2
488.252,22
488.358,29
488.465,11
488.572,0
488.678,0
488.785,31
488.891,3
488.998,0
489.105,0
489.211,10
489.318,12
489.424,0
489.531,8
489.638,0
489.744,18
489.851,14
489.957,16
490.064,35
490.171,39
490.277,10
490.384,12
490.49,0
490.597,3
490.704,10
490.81,26
490.917,0
491.023,0
491.13,8
491.237,15
491.343,0
491.45,4
491.556,0
491.663,0
491.769,38
491.876,0
491.983,4
492.089,9
492.196,2
492.302,9
492.409,12
492.516,0
492.622,14
492.729,32
492.835,14
492.942,0
493.049,0
493.155,26
493.262,26
493.368,0
493.475,0
493.582,0
493.688,128
493.795,70
493.901,2
494.008,0
494.114,0
494.221,30
494.328,0
494.434,0
494.541,22
494.647,33
494.754,9
494.861,16
494.967,24
495.074,1
495.18,0
495.287,12
495.394,0
495.5,0
495.607,10
495.713,0
495.82,8
495.926,0
496.033,0
496.14,26
496.246,20
496.353,0
496.459,11
496.566,4
496.673,6
496.779,4
496.886,0
496.992,0
497.099,22
497.206,7
497.312,0
497.419,10
497.525,28
497.632,8
497.738,23
497.845,24
497.952,26
498.058,0
498.165,0
498.271,7
498.378,0
498.485,0
498.591,8
498.698,9
498.804,0
498.911,9
499.017,86
499.124,84
499.231,180
499.337,156
499.444,53
499.55,0
499.657,14
499.763,0
499.87,8
499.977,4
500.083,13
500.19,64
500.296,53
500.403,30
500.51,26
500.616,0
500.723,8
500.829,0
500.936,1
501.042,6
501.149,11
501.256,26
501.362,0
501.469,0
501.575,10
501.682,0
501.788,0
501.895,0
502.002,6
502.108,10
502.215,2
502.321,0
502.428,12
502.534,0
502.641,0
502.748,0
502.854,6
502.961,17
503.067,19
503.174,5
503.281,9
503.387,18
503.494,123
503.6,183
503.707,111
503.813,22
503.92,0
504.027,0
504.133,17
504.24,8
504.346,6
504.453,0
504.559,15
504.666,10
504.773,0
504.879,0
504.986,0
505.092,17
505.199,8
505.305,14
505.412,2
505.518,0
505.625,0
505.732,10
505.838,5
505.945,4
506.051,23
506.158,7
506.264,0
506.371,6
506.478,0
506.584,24
506.691,1
506.797,1
506.904,0
507.01,0
507.117,0
507.224,0
507.33,9
507.437,12
507.543,5
507.65,0
507.756,11
507.863,14
507.97,0
508.076,3
508.183,0
508.289,0
508.396,0
508.502,26
508.609,17
508.715,0
508.822,0
508.929,0
509.035,0
509.142,3
509.248,5
509.355,46
509.461,23
509.568,40
509.675,28
509.781,0
509.888,3
509.994,0
510.101,0
510.207,0
510.314,12
510.42,0
510.527,11
510.634,20
510.74,27
510.847,7
510.953,8
511.06,30
511.166,0
511.273,0
511.379,8
511.486,3
511.593,0
511.699,18
511.806,0
511.912,9
512.019,66
512.125,61
512.232,1
512.339,45
512.445,116
512.552,206
512.658,178
512.765,381
512.871,435
512.978,364
513.084,263
513.191,397
513.298,388
513.404,413
513.511,699
513.617,662
513.724,438
513.83,191
513.937,257
514.043,716
514.15,859
514.256,673
514.363,546
514.47,400
514.576,125
514.683,15
514.789,35
514.896,169
515.002,155
515.109,67
515.215,144
515.322,170
515.429,104
515.535,52
515.642,4
515.748,48
515.855,99
515.961,108
516.068,90
516.174,45
516.281,32
516.388,76
516.494,112
516.601,80
516.707,0
516.814,65
516.92,83
517.027,54
517.133,85
517.24,111
517.346,46
517.453,0
517.56,17
517.666,0
517.773,8
517.879,15
517.986,51
518.092,79
518.199,101
518.305,146
518.412,155
518.518,196
518.625,169
518.732,97
518.838,7
518.945,0
519.051,23
519.158,168
519.264,122
519.371,5
519.477,0
519.584,22
519.69,33
519.797,38
519.903,16
520.01,0
520.117,0
520.223,0
520.33,0
520.436,4
520.543,36
520.649,1
520.756,0
520.862,13
520.969,13
521.075,14
521.182,1
521.289,0
521.395,9
521.502,0
521.608,0
521.715,26
521.821,35
521.928,0
522.034,0
522.141,24
522.247,16
522.354,0
522.46,0
522.567,0
522.674,5
522.78,0
522.887,20
522.993,0
523.1,9
523.206,0
523.313,0
523.419,13
523.526,2
523.632,0
523.739,0
523.845,30
523.952,2
524.058,6
524.165,0
524.272,37
524.378,0
524.485,0
524.591,10
524.698,6
524.804,0
524.911,2
525.017,12
525.124,0
525.23,0
525.337,33
525.443,15
525.55,3
525.656,0
525.763,0
525.87,0
525.976,23
526.083,21
526.189,0
526.296,0
526.402,18
526.509,29
526.615,0
526.722,0
526.828,17
526.935,0
527.041,0
527.148,0
527.254,4
527.361,0
527.467,0
527.574,6
527.68,0
527.787,0
527.894,2
528,2
528.107,0
528.213,0
528.32,0
528.426,13
528.533,4
528.639,34
528.746,17
528.852,0
528.959,0
529.065,22
529.172,19
529.278,0
529.385,8
529.491,5
529.598,0
529.704,0
529.811,54
529.918,24
530.024,32
530.131,9
530.237,2
530.344,13
530.45,0
530.557,0
530.663,14
530.77,0
530.876,35
530.983,0
531.089,4
531.196,13
531.302,0
531.409,0
531.515,0
531.622,19
531.728,0
531.835,8
531.941,1
532.048,0
532.154,0
532.261,9
532.367,20
532.474,0
532.581,0
532.687,0
532.794,0
532.9,0
533.007,18
533.113,0
533.22,16
533.326,3
533.433,12
533.539,0
533.646,14
533.752,9
533.859,18
533.965,0
534.072,0
534.178,56
534.285,56
534.391,47
534.498,2
534.604,0
534.711,3
534.817,6
534.924,17
535.03,23
535.137,0
535.243,0
535.35,17
535.456,0
535.563,0
535.669,6
535.776,0
535.882,0
535.989,13
536.095,0
536.202,9
536.308,9
536.415,1
536.521,6
536.628,2
536.735,11
536.841,0
536.948,6
537.054,0
537.161,10
537.267,24
537.374,14
537.48,71
537.587,1
537.693,0
537.8,11
537.906,17
538.013,0
538.119,1
538.226,35
538.332,0
538.439,17
538.545,13
538.652,30
538.758,10
538.865,9
538.971,0
539.078,0
539.184,1
539.291,0
539.397,0
539.504,0
539.61,6
539.717,12
539.823,0
539.93,3
540.036,50
540.143,0
540.249,0
540.356,0
540.462,35
540.569,17
540.675,3
540.782,19
540.888,0
540.995,0
541.101,0
541.208,8
541.314,0
541.421,6
541.527,11
541.634,0
541.74,21
541.847,13
541.953,2
542.06,28
542.166,10
542.273,26
542.379,0
542.486,17
542.592,9
542.699,0
542.805,0
542.912,10
543.018,3
543.125,0
543.231,28
543.338,12
543.444,19
543.551,0
543.657,1
543.764,3
543.87,0
543.977,2
544.083,0
544.19,0
544.296,0
544.403,1
544.509,0
544.616,18
544.722,0
544.829,7
544.935,24
545.042,5
545.148,2
545.255,0
545.361,0
545.467,17
545.574,0
545.68,8
545.787,0
545.893,0
546,0
546.106,11
546.213,43
546.319,0
546.426,9
546.532,33
546.639,16
546.745,28
546.852,0
546.958,6
547.065,0
547.171,2
547.278,13
547.384,31
547.491,0
547.597,0
547.704,26
547.81,13
547.917,0
548.023,20
548.13,0
548.236,29
548.343,0
548.449,0
548.556,47
548.662,0
548.769,2
548.875,0
548.982,23
549.088,0
549.195,8
549.301,29
549.408,0
549.514,0
549.62,18
549.727,20
549.833,110
549.94,88
550.046,28
550.153,0
550.259,10
550.366,0
550.472,19
550.579,7
550.685,0
550.792,3
550.898,0
551.005,0
551.111,16
551.218,54
551.324,17
551.431,0
551.537,13
551.644,0
551.75,17
551.857,0
551.963,0
552.07,7
552.176,18
552.282,0
552.389,0
552.495,4
552.602,0
552.708,4
552.815,2
552.921,29
553.028,0
553.134,2
553.241,1
553.347,22
553.454,7
553.56,0
553.667,0
553.773,0
553.88,0
553.986,5
554.093,0
554.199,31
554.305,22
554.412,0
554.518,5
554.625,4
554.731,19
554.838,0
554.944,13
555.051,5
555.157,0
555.264,0
555.37,0
555.477,8
555.583,0
555.69,0
555.796,0
555.903,13
556.009,35
556.115,1
556.222,40
556.328,0
556.435,0
556.541,7
556.648,5
556.754,0
556.861,6
556.967,0
557.074,0
557.18,9
557.287,9
557.393,0
557.5,0
557.606,5
557.713,0
557.819,0
557.925,22
558.032,0
558.138,0
558.245,0
558.351,5
558.458,22
558.564,29
558.671,5
558.777,3
558.884,8
558.99,36
559.097,9
559.203,24
559.309,0
559.416,0
559.522,0
559.629,5
559.735,0
559.842,6
559.948,8
560.055,34
560.161,134
560.268,137
560.374,40
560.481,0
560.587,0
560.693,0
560.8,7
560.906,18
561.013,9
561.119,0
561.226,31
561.332,0
561.439,0
561.545,0
561.652,0
561.758,10
561.864,26
561.971,27
562.077,0
562.184,0
562.29,0
562.397,19
562.503,0
562.61,0
562.716,37
562.823,4
562.929,11
563.035,0
563.142,5
563.248,0
563.355,0
563.461,2
563.568,12
563.674,6
563.781,0
563.887,0
563.994,20
564.1,23
564.206,0
564.313,0
564.419,17
564.526,28
564.632,0
564.739,16
564.845,17
564.952,42
565.058,0
565.165,12
565.271,0
565.377,21
565.484,5
565.59,0
565.697,22
565.803,12
565.91,12
566.016,0
566.123,0
566.229,38
566.335,34
566.442,0
566.548,0
566.655,0
566.761,0
566.868,10
566.974,0
567.081,18
567.187,0
567.293,0
567.4,10
567.506,7
567.613,0
567.719,23
567.826,14
567.932,17
568.039,19
568.145,15
568.251,0
568.358,0
568.464,7
568.571,0
568.677,0
568.784,0
568.89,0
568.997,0
569.103,15
569.209,0
569.316,13
569.422,8
569.529,0
569.635,27
569.742,0
569.848,0
569.955,12
570.061,0
570.167,58
570.274,119
570.38,56
570.487,13
570.593,5
570.7,0
570.806,11
570.912,1
571.019,1
571.125,11
571.232,0
571.338,6
571.445,15
571.551,0
571.658,0
571.764,1
571.87,32
571.977,0
572.083,0
572.19,0
572.296,0
572.403,30
572.509,46
572.615,0
572.722,0
572.828,0
572.935,0
573.041,0
573.148,0
573.254,14
573.36,31
573.467,12
573.573,0
573.68,8
573.786,12
573.893,36
573.999,0
574.105,0
574.212,6
574.318,1
574.425,0
574.531,0
574.638,0
574.744,1
574.85,0
574.957,25
575.063,13
575.17,16
575.276,13
575.383,39
575.489,23
575.595,38
575.702,65
575.808,65
575.915,20
576.021,0
576.128,0
576.234,0
576.34,0
576.447,10
576.553,19
576.66,20
576.766,0
576.873,9
576.979,16
577.085,0
577.192,0
577.298,24
577.405,17
577.511,9
577.618,14
577.724,0
577.83,13
577.937,11
578.043,0
578.15,9
578.256,15
578.363,14
578.469,0
578.575,0
578.682,10
578.788,19
578.895,36
579.001,0
579.107,4
579.214,6
579.32,0
579.427,0
579.533,16
579.64,8
579.746,0
579.852,1
579.959,0
580.065,0
580.172,0
580.278,0
580.384,15
580.491,13
580.597,0
580.704,0
580.81,4
580.917,0
581.023,0
581.129,0
581.236,0
581.342,0
581.449,12
581.555,0
581.661,0
581.768,1
581.874,10
581.981,0
582.087,20
582.193,20
582.3,0
582.406,0
582.513,13
582.619,9
582.726,5
582.832,0
582.938,0
583.045,34
583.151,2
583.258,0
583.364,13
583.47,2
583.577,0
583.683,0
583.79,69
583.896,130
584.002,96
584.109,32
584.215,0
584.322,0
584.428,1
584.535,6
584.641,0
584.747,0
584.854,0
584.96,0
585.067,18
585.173,12
585.279,0
585.386,8
585.492,2
585.599,0
585.705,2
585.811,0
585.918,0
586.024,0
586.131,0
586.237,0
586.343,7
586.45,0
586.556,0
586.663,21
586.769,2
586.875,0
586.982,0
587.088,0
587.195,18
587.301,0
587.407,5
587.514,0
587.62,0
587.727,0
587.833,0
587.939,12
588.046,0
588.152,0
588.259,0
588.365,19
588.471,33
588.578,0
588.684,0
588.791,8
588.897,21
589.003,13
589.11,2
589.216,0
589.323,7
589.429,0
589.535,0
589.642,0
589.748,26
589.855,24
589.961,0
590.067,0
590.174,17
590.28,0
590.387,11
590.493,14
590.599,0
590.706,0
590.812,3
590.918,2
591.025,0
591.131,0
591.238,25
591.344,0
591.45,0
591.557,0
591.663,1
591.77,0
591.876,0
591.982,11
592.089,0
592.195,8
592.302,32
592.408,0
592.514,0
592.621,0
592.727,0
592.834,28
592.94,0
593.046,0
593.153,11
593.259,0
593.365,0
593.472,8
593.578,0
593.685,39
593.791,20
593.897,0
594.004,17
594.11,0
594.217,0
594.323,0
594.429,0
594.536,0
594.642,0
594.748,6
594.855,0
594.961,0
595.068,9
595.174,0
595.28,0
595.387,0
595.493,11
595.6,13
595.706,11
595.812,0
595.919,0
596.025,24
596.131,7
596.238,0
596.344,14
596.451,0
596.557,19
596.663,1
596.77,23
596.876,0
596.982,0
597.089,0
597.195,0
597.302,0
597.408,0
597.514,9
597.621,14
597.727,13
597.833,14
597.94,0
598.046,10
598.153,15
598.259,0
598.365,0
598.472,13
598.578,21
598.685,4
598.791,0
598.897,1
599.004,0
599.11,0
599.216,0
599.323,0
599.429,0
599.535,0
599.642,6
599.748,8
599.855,25
599.961,4
600.067,14
600.174,8
600.28,16
600.386,0
600.493,10
600.599,0
600.706,0
600.812,0
600.918,0
601.025,0
601.131,17
601.237,0
601.344,0
601.45,0
601.557,9
601.663,37
601.769,6
601.876,29
601.982,14
602.088,21
602.195,3
602.301,0
602.407,0
602.514,0
602.62,0
602.727,0
602.833,26
602.939,29
603.046,8
603.152,13
603.258,4
603.365,0
603.471,17
603.577,2
603.684,0
603.79,0
603.897,0
604.003,4
604.109,0
604.216,0
604.322,18
604.428,37
604.535,0
604.641,0
604.747,0
604.854,9
604.96,13
605.067,0
605.173,8
605.279,21
605.386,10
605.492,0
605.598,7
605.705,2
605.811,0
605.917,0
606.024,3
606.13,0
606.236,0
606.343,7
606.449,1
606.556,18
606.662,8
606.768,21
606.875,0
606.981,17
607.087,0
607.194,0
607.3,0
607.406,8
607.513,11
607.619,0
607.725,0
607.832,20
607.938,0
608.045,0
608.151,14
608.257,0
608.364,0
608.47,30
608.576,0
608.683,0
608.789,8
608.895,0
609.002,0
609.108,6
609.214,0
609.321,0
609.427,0
609.533,12
609.64,28
609.746,13
609.852,0
609.959,0
610.065,2
610.172,0
610.278,19
610.384,45
610.491,6
610.597,20
610.703,0
610.81,4
610.916,12
611.022,12
611.129,12
611.235,0
611.341,92
611.448,102
611.554,34
611.66,11
611.767,0
611.873,8
611.979,26
612.086,8
612.192,25
612.298,0
612.405,3
612.511,0
612.617,0
612.724,0
612.83,0
612.936,22
613.043,6
613.149,15
613.255,5
613.362,0
613.468,19
613.575,1
613.681,0
613.787,42
613.894,0
614,0
614.106,11
614.213,5
614.319,0
614.425,4
614.532,0
614.638,0
614.744,0
614.851,0
614.957,47
615.063,40
615.17,0
615.276,0
615.382,0
615.489,11
615.595,1
615.701,4
615.808,10
615.914,1
616.02,38
616.127,1
616.233,8
616.339,12
616.446,0
616.552,4
616.658,0
616.765,2
616.871,5
616.977,11
617.084,0
617.19,0
617.296,0
617.403,0
617.509,0
617.615,2
617.722,0
617.828,10
617.934,30
618.041,0
618.147,0
618.253,0
618.36,23
618.466,0
618.572,0
618.679,2
618.785,33
618.891,10
618.998,0
619.104,0
619.21,0
619.316,8
619.423,0
619.529,0
619.635,21
619.742,2
619.848,19
619.954,26
620.061,0
620.167,0
620.273,0
620.38,0
620.486,9
620.592,0
620.699,16
620.805,0
620.911,0
621.018,0
621.124,24
621.23,36
621.337,0
621.443,0
621.549,18
621.656,8
621.762,0
621.868,3
621.975,0
622.081,0
622.187,3
622.294,0
622.4,2
622.506,17
622.612,22
622.719,24
622.825,0
622.931,0
623.038,28
623.144,11
623.25,0
623.357,0
623.463,0
623.569,7
623.676,43
623.782,0
623.888,0
623.995,21
624.101,0
624.207,0
624.314,0
624.42,0
624.526,11
624.632,0
624.739,0
624.845,18
624.951,8
625.058,26
625.164,0
625.27,4
625.377,0
625.483,0
625.589,15
625.696,8
625.802,0
625.908,0
626.015,0
626.121,0
626.227,13
626.333,0
626.44,0
626.546,17
626.652,0
626.759,5
626.865,17
626.971,0
627.078,0
627.184,1
627.29,12
627.397,6
627.503,0
627.609,11
627.715,18
627.822,14
627.928,8
628.034,28
628.141,3
628.247,13
628.353,6
628.46,2
628.566,15
628.672,27
628.778,5
628.885,10
628.991,21
629.097,6
629.204,6
629.31,29
629.416,4
629.523,0
629.629,20
629.735,0
629.841,2
629.948,5
630.054,2
630.16,0
630.267,7
630.373,11
630.479,0
630.586,3
630.692,6
630.798,9
630.904,13
631.011,12
631.117,4
631.223,0
631.33,0
631.436,0
631.542,0
631.649,0
631.755,7
631.861,1
631.967,7
632.074,37
632.18,12
632.286,0
632.393,14
632.499,20
632.605,39
632.711,3
632.818,0
632.924,0
633.03,0
633.137,4
633.243,0
633.349,0
633.456,0
633.562,0
633.668,0
633.774,0
633.881,32
633.987,0
634.093,0
634.2,3
634.306,13
634.412,21
634.518,14
634.625,0
634.731,9
634.837,0
634.944,7
635.05,0
635.156,0
635.262,0
635.369,3
635.475,10
635.581,17
635.688,8
635.794,30
635.9,17
636.006,0
636.113,0
636.219,24
636.325,0
636.432,0
636.538,0
636.644,16
636.75,0
636.857,0
636.963,0
637.069,17
637.176,15
637.282,8
637.388,0
637.494,29
637.601,27
637.707,0
637.813,0
637.92,2
638.026,19
638.132,10
638.238,0
638.345,0
638.451,0
638.557,6
638.663,8
638.77,0
638.876,0
638.982,37
639.089,10
639.195,0
639.301,0
639.407,5
639.514,0
639.62,0
639.726,2
639.833,0
639.939,5
640.045,8
640.151,0
640.258,0
640.364,2
640.47,25
640.576,0
640.683,0
640.789,33
640.895,13
641.002,24
641.108,6
641.214,0
641.32,0
641.427,0
641.533,0
641.639,0
641.745,0
641.852,0
641.958,0
642.064,4
642.171,6
642.277,14
642.383,0
642.489,11
642.596,0
642.702,5
642.808,28
642.914,12
643.021,0
643.127,1
643.233,0
643.339,11
643.446,21
643.552,0
643.658,0
643.765,0
643.871,15
643.977,6
644.083,9
644.19,9
644.296,0
644.402,13
644.508,0
644.615,0
644.721,7
644.827,10
644.933,0
645.04,0
645.146,19
645.252,8
645.358,44
645.465,89
645.571,53
645.677,6
645.784,0
645.89,3
645.996,0
646.102,0
646.209,2
646.315,0
646.421,0
646.527,29
646.634,0
646.74,0
646.846,72
646.952,22
647.059,0
647.165,0
647.271,0
647.377,4
647.484,17
647.59,6
647.696,0
647.802,0
647.909,14
648.015,0
648.121,0
648.227,21
648.334,0
648.44,0
648.546,0
648.652,22
648.759,19
648.865,8
648.971,20
649.077,8
649.184,0
649.29,9
649.396,0
649.502,6
649.609,0
649.715,6
649.821,0
649.927,20
650.034,15
650.14,28
650.246,10
650.352,33
650.459,0
650.565,0
650.671,0
650.777,0
650.884,7
650.99,0
651.096,4
651.202,0
651.309,60
651.415,62
651.521,26
651.627,0
651.734,0
651.84,64
651.946,59
652.052,29
652.159,0
652.265,22
652.371,126
652.477,124
652.584,47
652.69,20
652.796,0
652.902,0
653.009,2
653.115,9
653.221,0
653.327,0
653.434,12
653.54,23
653.646,14
653.752,0
653.858,0
653.965,0
654.071,0
654.177,8
654.283,7
654.39,0
654.496,0
654.602,14
654.708,0
654.815,26
654.921,0
655.027,0
655.133,9
655.24,39
655.346,0
655.452,15
655.558,25
655.665,0
655.771,0
655.877,15
655.983,0
656.089,0
656.196,0
656.302,30
656.408,0
656.514,0
656.621,0
656.727,49
656.833,30
656.939,6
657.046,0
657.152,12
657.258,0
657.364,0
657.47,10
657.577,48
657.683,0
657.789,0
657.895,0
658.002,28
658.108,19
658.214,16
658.32,22
658.427,33
658.533,16
658.639,22
658.745,0
658.851,0
658.958,43
659.064,77
659.17,26
659.276,21
659.383,20
659.489,0
659.595,4
659.701,16
659.807,0
659.914,13
660.02,0
660.126,0
660.232,28
660.339,3
660.445,10
660.551,12
660.657,0
660.763,7
660.87,16
660.976,0
661.082,0
661.188,9
661.295,2
661.401,9
661.507,0
661.613,14
661.719,0
661.826,0
661.932,19
662.038,0
662.144,0
662.251,8
662.357,0
662.463,25
662.569,0
662.675,10
662.782,22
662.888,21
662.994,0
663.1,13
663.206,5
663.313,0
663.419,0
663.525,0
663.631,13
663.738,0
663.844,0
663.95,0
664.056,13
664.162,0
664.269,19
664.375,8
664.481,25
664.587,12
664.693,0
664.8,19
664.906,34
665.012,20
665.118,0
665.225,18
665.331,69
665.437,33
665.543,37
665.649,0
665.756,0
665.862,11
665.968,0
666.074,10
666.18,0
666.287,0
666.393,34
666.499,9
666.605,0
666.711,11
666.818,0
666.924,13
667.03,0
667.136,0
667.242,0
667.349,12
667.455,13
667.561,0
667.667,11
667.773,6
667.88,58
667.986,112
668.092,119
668.198,64
668.304,12
668.411,0
668.517,0
668.623,0
668.729,11
668.835,26
668.942,116
669.048,221
669.154,129
669.26,26
669.366,0
669.473,0
669.579,0
669.685,0
669.791,17
669.897,0
670.004,4
670.11,43
670.216,33
670.322,8
670.428,30
670.535,0
670.641,54
670.747,163
670.853,105
670.959,51
671.066,0
671.172,0
671.278,0
671.384,22
671.49,0
671.597,25
671.703,4
671.809,4
671.915,0
672.021,5
672.128,10
672.234,3
672.34,1
672.446,0
672.552,13
672.658,25
672.765,0
672.871,7
672.977,11
673.083,12
673.189,15
673.296,0
673.402,0
673.508,0
673.614,21
673.72,8
673.827,0
673.933,0
674.039,14
674.145,25
674.251,0
674.357,0
674.464,3
674.57,8
674.676,7
674.782,0
674.888,0
674.995,10
675.101,14
675.207,8
675.313,20
675.419,6
675.526,0
675.632,5
675.738,33
675.844,23
675.95,1
676.056,0
676.163,12
676.269,0
676.375,0
676.481,0
676.587,27
676.693,8
676.8,38
676.906,24
677.012,4
677.118,0
677.224,6
677.331,2
677.437,0
677.543,0
677.649,18
677.755,29
677.861,6
677.968,0
678.074,0
678.18,15
678.286,23
678.392,0
678.498,0
678.605,0
678.711,38
678.817,17
678.923,0
679.029,7
679.136,11
679.242,6
679.348,33
679.454,26
679.56,17
679.666,0
679.773,0
679.879,0
679.985,6
680.091,0
680.197,0
680.303,23
680.41,6
680.516,0
680.622,2
680.728,15
680.834,0
680.94,0
681.047,0
681.153,0
681.259,4
681.365,0
681.471,9
681.577,2
681.684,4
681.79,13
681.896,0
682.002,16
682.108,0
682.214,6
682.321,33
682.427,5
682.533,20
682.639,29
682.745,0
682.851,7
682.958,0
683.064,6
683.17,10
683.276,7
683.382,0
683.488,12
683.595,15
683.701,0
683.807,14
683.913,32
684.019,0
684.125,0
684.231,18
684.338,15
684.444,0
684.55,0
684.656,19
684.762,48
684.868,38
684.975,7
685.081,4
685.187,6
685.293,3
685.399,0
685.505,0
685.611,0
685.718,8
685.824,5
685.93,1
686.036,6
686.142,0
686.248,0
686.355,6
686.461,0
686.567,0
686.673,5
686.779,2
686.885,6
686.991,0
687.098,16
687.204,14
687.31,0
687.416,0
687.522,0
687.628,0
687.735,6
687.841,0
687.947,22
688.053,2
688.159,0
688.265,0
688.371,0
688.478,10
688.584,27
688.69,0
688.796,0
688.902,22
689.008,2
689.114,0
689.221,0
689.327,30
689.433,6
689.539,0
689.645,0
689.751,14
689.857,0
689.964,2
690.07,51
690.176,104
690.282,29
690.388,0
690.494,4
690.6,0
690.707,9
690.813,0
690.919,0
691.025,2
691.131,11
691.237,2
691.343,0
691.45,12
691.556,2
691.662,0
691.768,25
691.874,0
691.98,15
692.086,25
692.193,13
692.299,8
692.405,18
692.511,0
692.617,0
692.723,0
692.829,0
692.935,7
693.042,0
693.148,0
693.254,0
693.36,0
693.466,27
693.572,6
693.678,16
693.785,29
693.891,37
693.997,0
694.103,1
694.209,17
694.315,9
694.421,0
694.527,10
694.634,12
694.74,0
694.846,0
694.952,20
695.058,26
695.164,10
695.27,52
695.376,14
695.483,0
695.589,0
695.695,26
695.801,0
695.907,5
696.013,0
696.119,0
696.225,0
696.332,0
696.438,18
696.544,0
696.65,15
696.756,0
696.862,0
696.968,23
697.074,4
697.181,0
697.287,0
697.393,0
697.499,0
697.605,0
697.711,0
697.817,4
697.923,12
698.03,7
698.136,0
698.242,14
698.348,0
698.454,0
698.56,0
698.666,10
698.772,12
698.879,0
698.985,0
699.091,0
699.197,44
699.303,40
699.409,1
699.515,48
