59.6745,0
59.7814,0
59.8883,55
59.9952,50
60.1021,3
60.209,0
60.3159,24
60.4228,4
60.5296,0
60.6365,0
60.7434,0
60.8503,7
60.9572,5
61.0641,0
61.171,15
61.2779,15
61.3848,23
61.4917,31
61.5986,7
61.7055,16
61.8124,19
61.9193,7
62.0261,1
62.133,0
62.2399,26
62.3468,12
62.4537,0
62.5606,0
62.6675,30
62.7744,17
62.8813,13
62.9882,11
63.0951,7
63.202,8
63.3089,0
63.4158,2
63.5226,0
63.6295,17
63.7364,0
63.8433,6
63.9502,0
64.0571,40
64.164,6
64.2709,1
64.3778,0
64.4847,0
64.5916,20
64.6985,0
64.8054,10
64.9123,0
65.0192,42
65.1261,9
65.2329,20
65.3398,0
65.4467,2
65.5536,0
65.6605,19
65.7674,0
65.8743,10
65.9812,20
66.0881,0
66.195,14
66.3019,5
66.4088,0
66.5157,15
66.6226,2
66.7295,2
66.8364,1
66.9433,0
67.0502,0
67.157,11
67.2639,17
67.3708,0
67.4777,29
67.5846,0
67.6915,0
67.7984,17
67.9053,0
68.0122,4
68.1191,0
68.226,10
68.3329,12
68.4398,5
68.5467,2
68.6536,13
68.7605,21
68.8674,26
68.9743,0
69.0812,1
69.1881,8
69.295,0
69.4018,2
69.5087,4
69.6156,0
69.7225,4
69.8294,32
69.9363,35
70.0432,24
70.1501,0
70.257,0
70.3639,0
70.4708,0
70.5777,21
70.6846,32
70.7915,0
70.8984,0
71.0053,5
71.1122,0
71.2191,7
71.326,8
71.4329,0
71.5398,7
71.6467,14
71.7536,0
71.8605,16
71.9674,3
72.0742,0
72.1811,0
72.288,4
72.3949,25
72.5018,0
72.6087,8
72.7156,8
72.8225,0
72.9294,16
73.0363,42
73.1432,0
73.2501,0
73.357,4
73.4639,0
73.5708,0
73.6777,0
73.7846,0
73.8915,2
73.9984,18
74.1053,1
74.2122,1
74.3191,10
74.426,4
74.5329,24
74.6398,37
74.7467,8
74.8536,0
74.9605,12
75.0674,0
75.1743,26
75.2812,24
75.3881,0
75.495,1
75.6019,16
75.7088,0
75.8157,1
75.9225,4
76.0294,7
76.1363,16
76.2432,8
76.3501,9
76.457,6
76.5639,0
76.6708,0
76.7777,0
76.8846,0
76.9915,0
77.0984,0
77.2053,0
77.3122,9
77.4191,16
77.526,0
77.6329,0
77.7398,24
77.8467,0
77.9536,2
78.0605,27
78.1674,4
78.2743,0
78.3812,34
78.4881,31
78.595,0
78.7019,8
78.8088,17
78.9157,3
79.0226,0
79.1295,0
79.2364,0
79.3433,22
79.4502,0
79.5571,0
79.664,12
79.7709,0
79.8778,9
79.9847,12
80.0916,0
80.1985,0
80.3054,14
80.4123,21
80.5192,0
80.6261,17
80.733,8
80.8399,4
80.9468,0
81.0537,0
81.1606,0
81.2675,20
81.3744,10
81.4813,30
81.5882,8
81.6951,0
81.802,0
81.9089,0
82.0158,0
82.1227,0
82.2296,3
82.3365,8
82.4434,42
82.5503,10
82.6572,0
82.7641,0
82.871,5
82.9779,14
83.0848,0
83.1917,0
83.2986,8
83.4055,0
83.5124,0
83.6193,7
83.7262,0
83.8331,0
83.94,0
84.0469,0
84.1538,17
84.2607,0
84.3676,0
84.4745,0
84.5814,0
84.6883,4
84.7952,0
84.9021,19
85.009,0
85.1159,0
85.2228,0
85.3297,4
85.4366,8
85.5435,0
85.6504,8
85.7573,13
85.8642,0
85.9711,0
86.078,0
86.1849,0
86.2918,10
86.3987,14
86.5056,4
86.6125,9
86.7194,7
86.8263,0
86.9332,0
87.0401,30
87.147,4
87.2539,0
87.3608,10
87.4677,7
87.5746,0
87.6815,0
87.7884,36
87.8953,32
88.0022,24
88.1091,0
88.216,3
88.3229,0
88.4298,0
88.5367,9
88.6436,0
88.7505,0
88.8574,0
88.9643,0
89.0712,0
89.1781,5
89.285,0
89.3919,5
89.4988,4
89.6057,0
89.7126,18
89.8195,0
89.9264,28
90.0334,0
90.1403,0
90.2472,0
90.3541,0
90.461,0
90.5679,14
90.6748,5
90.7817,0
90.8886,0
90.9955,0
91.1024,0
91.2093,6
91.3162,33
91.4231,3
91.53,0
91.6369,1
91.7438,0
91.8507,0
91.9576,34
92.0645,11
92.1714,0
92.2783,0
92.3852,0
92.4921,0
92.599,0
92.7059,0
92.8128,0
92.9197,31
93.0266,0
93.1335,0
93.2404,2
93.3473,25
93.4542,8
93.5611,0
93.668,0
93.7749,13
93.8818,8
93.9887,0
94.0956,16
94.2025,0
94.3095,0
94.4164,8
94.5233,0
94.6302,0
94.7371,28
94.844,21
94.9509,1
95.0578,0
95.1647,20
95.2716,0
95.3785,0
95.4854,0
95.5923,15
95.6992,11
95.8061,0
95.913,9
96.0199,14
96.1268,9
96.2337,14
96.3406,18
96.4475,10
96.5544,8
96.6613,0
96.7682,4
96.8751,0
96.982,0
97.0889,0
97.1958,0
97.3027,0
97.4097,14
97.5166,0
97.6235,0
97.7304,8
97.8373,13
97.9442,6
98.0511,0
98.158,8
98.2649,5
98.3718,1
98.4787,0
98.5856,0
98.6925,0
98.7994,0
98.9063,0
99.0132,6
99.1201,19
99.227,10
99.3339,0
99.4408,22
99.5477,13
99.6546,0
99.7615,6
99.8684,20
99.9753,0
100.082,0
100.189,0
100.296,4
100.403,5
100.51,0
100.617,0
100.724,8
100.831,19
100.937,0
101.044,1
101.151,12
101.258,14
101.365,0
101.472,0
101.579,1
101.686,0
101.793,0
101.9,7
102.007,0
102.113,0
102.22,0
102.327,0
102.434,0
102.541,8
102.648,50
102.755,30
102.862,0
102.969,0
103.076,1
103.182,0
103.289,0
103.396,1
103.503,0
103.61,0
103.717,8
103.824,2
103.931,15
104.038,0
104.145,11
104.252,26
104.358,16
104.465,0
104.572,0
104.679,0
104.786,0
104.893,3
105,0
105.107,34
105.214,17
105.321,29
105.427,29
105.534,0
105.641,1
105.748,14
105.855,30
105.962,21
106.069,0
106.176,0
106.283,6
106.39,0
106.497,0
106.603,0
106.71,17
106.817,19
106.924,0
107.031,1
107.138,14
107.245,0
107.352,4
107.459,23
107.566,14
107.673,4
107.779,0
107.886,1
107.993,0
108.1,1
108.207,0
108.314,18
108.421,0
108.528,0
108.635,0
108.742,4
108.848,7
108.955,0
109.062,6
109.169,0
109.276,2
109.383,28
109.49,0
109.597,0
109.704,22
109.811,0
109.918,0
110.024,0
110.131,26
110.238,0
110.345,0
110.452,0
110.559,17
110.666,6
110.773,8
110.88,0
110.987,0
111.094,0
111.2,22
111.307,0
111.414,8
111.521,11
111.628,0
111.735,0
111.842,8
111.949,0
112.056,0
112.163,24
112.269,25
112.376,27
112.483,0
112.59,13
112.697,0
112.804,0
112.911,10
113.018,0
113.125,0
113.232,0
113.339,19
113.445,37
113.552,6
113.659,0
113.766,15
113.873,18
113.98,14
114.087,5
114.194,0
114.301,0
114.408,0
114.515,0
114.621,6
114.728,0
114.835,0
114.942,0
115.049,0
115.156,13
115.263,0
115.37,31
115.477,2
115.584,16
115.69,42
115.797,52
115.904,29
116.011,13
116.118,0
116.225,17
116.332,0
116.439,9
116.546,13
116.653,0
116.76,0
116.866,26
116.973,20
117.08,23
117.187,8
117.294,31
117.401,14
117.508,0
117.615,10
117.722,4
117.829,19
117.936,8
118.042,0
118.149,0
118.256,8
118.363,0
118.47,10
118.577,16
118.684,0
118.791,1
118.898,0
119.005,17
119.112,33
119.218,24
119.325,0
119.432,0
119.539,16
119.646,8
119.753,11
119.86,12
119.967,0
120.074,19
120.181,10
120.287,6
120.394,0
120.501,2
120.608,10
120.715,6
120.822,0
120.929,0
121.036,0
121.143,0
121.25,0
121.357,6
121.463,11
121.57,24
121.677,10
121.784,13
121.891,26
121.998,23
122.105,10
122.212,10
122.319,9
122.426,25
122.533,0
122.639,0
122.746,11
122.853,20
122.96,0
123.067,19
123.174,24
123.281,10
123.388,26
123.495,24
123.602,1
123.709,0
123.815,0
123.922,0
124.029,7
124.136,13
124.243,0
124.35,0
124.457,6
124.564,5
124.671,0
124.778,0
124.885,13
124.991,0
125.098,0
125.205,0
125.312,0
125.419,10
125.526,1
125.633,0
125.74,17
125.847,0
125.954,3
126.061,0
126.167,0
126.274,9
126.381,0
126.488,27
126.595,0
126.702,0
126.809,28
126.916,0
127.023,11
127.13,0
127.236,2
127.343,0
127.45,3
127.557,27
127.664,0
127.771,0
127.878,0
127.985,26
128.092,16
128.199,0
128.306,13
128.412,14
128.519,5
128.626,0
128.733,4
128.84,0
128.947,2
129.054,0
129.161,0
129.268,0
129.375,25
129.482,2
129.588,0
129.695,7
129.802,27
129.909,3
130.016,0
130.123,0
130.23,18
130.337,29
130.444,12
130.551,0
130.658,7
130.764,3
130.871,0
130.978,2
131.085,0
131.192,29
131.299,5
131.406,6
131.513,0
131.62,5
131.727,17
131.834,0
131.94,4
132.047,5
132.154,8
132.261,1
132.368,29
132.475,0
132.582,0
132.689,0
132.796,0
132.903,11
133.01,0
133.116,0
133.223,33
133.33,24
133.437,19
133.544,16
133.651,4
133.758,0
133.865,17
133.972,5
134.079,15
134.186,0
134.292,13
134.399,0
134.506,0
134.613,0
134.72,21
134.827,28
134.934,14
135.041,0
135.148,3
135.255,0
135.362,13
135.468,8
135.575,5
135.682,0
135.789,16
135.896,6
136.003,0
136.11,0
136.217,0
136.324,0
136.431,11
136.538,10
136.644,0
136.751,0
136.858,28
136.965,9
137.072,0
137.179,0
137.286,3
137.393,0
137.5,0
137.607,26
137.714,0
137.82,0
137.927,0
138.034,19
138.141,25
138.248,0
138.355,26
138.462,17
138.569,0
138.676,0
138.783,0
138.89,0
138.996,0
139.103,0
139.21,0
139.317,10
139.424,0
139.531,1
139.638,36
139.745,0
139.852,0
139.959,20
140.065,29
140.172,4
140.279,0
140.386,12
140.493,5
140.6,0
140.707,24
140.814,19
140.921,0
141.028,10
141.135,0
141.241,0
141.348,0
141.455,24
141.562,16
141.669,0
141.776,0
141.883,0
141.99,0
142.097,17
142.204,15
142.311,0
142.417,0
142.524,28
142.631,3
142.738,0
142.845,24
142.952,20
143.059,16
143.166,12
143.273,0
143.38,0
143.487,17
143.593,11
143.7,21
143.807,2
143.914,0
144.021,0
144.128,0
144.235,3
144.342,8
144.449,8
144.556,0
144.663,4
144.769,0
144.876,0
144.983,22
145.09,23
145.197,5
145.304,0
145.411,22
145.518,54
145.625,0
145.732,0
145.839,0
145.945,0
146.052,0
146.159,16
146.266,17
146.373,4
146.48,22
146.587,21
146.694,16
146.801,0
146.908,0
147.015,0
147.121,0
147.228,5
147.335,20
147.442,0
147.549,46
147.656,17
147.763,12
147.87,0
147.977,15
148.084,0
148.191,0
148.297,0
148.404,0
148.511,7
148.618,40
148.725,3
148.832,1
148.939,0
149.046,0
149.153,0
149.26,26
149.367,25
149.473,0
149.58,0
149.687,11
149.794,0
149.901,0
150.008,13
150.115,36
150.222,0
150.329,2
150.436,0
150.543,6
150.649,2
150.756,0
150.863,0
150.97,29
151.077,0
151.184,0
151.291,7
151.398,16
151.505,0
151.612,9
151.719,46
151.825,0
151.932,4
152.039,8
152.146,0
152.253,0
152.36,0
152.467,1
152.574,0
152.681,0
152.788,0
152.894,32
153.001,3
153.108,33
153.215,0
153.322,0
153.429,0
153.536,14
153.643,8
153.75,0
153.857,0
153.964,8
154.07,8
154.177,0
154.284,0
154.391,3
154.498,37
154.605,9
154.712,0
154.819,0
154.926,19
155.033,0
155.14,3
155.246,0
155.353,28
155.46,23
155.567,1
155.674,0
155.781,0
155.888,0
155.995,0
156.102,38
156.209,52
156.316,0
156.422,0
156.529,0
156.636,12
156.743,9
156.85,0
156.957,0
157.064,0
157.171,10
157.278,2
157.385,34
157.492,14
157.598,0
157.705,21
157.812,11
157.919,18
158.026,9
158.133,10
158.24,0
158.347,9
158.454,11
158.561,8
158.668,1
158.774,2
158.881,28
158.988,0
159.095,3
159.202,3
159.309,0
159.416,0
159.523,13
159.63,0
159.737,24
159.844,0
159.95,14
160.057,9
160.164,0
160.271,0
160.378,4
160.485,21
160.592,8
160.699,0
160.806,1
160.913,15
161.019,0
161.126,17
161.233,29
161.34,9
161.447,11
161.554,0
161.661,6
161.768,2
161.875,0
161.982,21
162.089,0
162.195,0
162.302,4
162.409,0
162.516,0
162.623,9
162.73,0
162.837,0
162.944,28
163.051,4
163.158,0
163.265,0
163.371,19
163.478,1
163.585,0
163.692,7
163.799,0
163.906,0
164.013,0
164.12,0
164.227,0
164.334,0
164.441,17
164.547,5
164.654,0
164.761,0
164.868,0
164.975,4
165.082,2
165.189,0
165.296,15
165.403,10
165.51,9
165.616,2
165.723,0
165.83,22
165.937,19
166.044,8
166.151,38
166.258,12
166.365,7
166.472,2
166.579,0
166.686,0
166.792,27
166.899,52
167.006,0
167.113,0
167.22,12
167.327,9
167.434,0
167.541,7
167.648,6
167.755,17
167.862,20
167.968,0
168.075,0
168.182,0
168.289,0
168.396,0
168.503,0
168.61,18
168.717,0
168.824,25
168.931,20
169.037,6
169.144,15
169.251,2
169.358,13
169.465,0
169.572,7
169.679,8
169.786,21
169.893,8
170,0
170.107,9
170.213,0
170.32,8
170.427,0
170.534,15
170.641,0
170.748,11
170.855,14
170.962,5
171.069,0
171.176,21
171.283,15
171.389,26
171.496,0
171.603,20
171.71,6
171.817,0
171.924,0
172.031,20
172.138,16
172.245,0
172.352,13
172.458,5
172.565,0
172.672,12
172.779,30
172.886,3
172.993,0
173.1,0
173.207,26
173.314,21
173.421,7
173.528,0
173.634,0
173.741,3
173.848,14
173.955,10
174.062,0
174.169,0
174.276,24
174.383,2
174.49,30
174.597,0
174.704,8
174.81,36
174.917,25
175.024,7
175.131,3
175.238,12
175.345,1
175.452,13
175.559,15
175.666,22
175.773,0
175.879,12
175.986,28
176.093,6
176.2,0
176.307,0
176.414,36
176.521,6
176.628,0
176.735,35
176.842,9
176.949,0
177.055,0
177.162,19
177.269,0
177.376,0
177.483,28
177.59,30
177.697,0
177.804,0
177.911,5
178.018,0
178.124,13
178.231,8
178.338,0
178.445,90
178.552,99
178.659,45
178.766,21
178.873,0
178.98,13
179.087,14
179.194,0
179.3,0
179.407,5
179.514,36
179.621,0
179.728,0
179.835,4
179.942,24
180.049,2
180.156,24
180.263,0
180.369,1
180.476,21
180.583,0
180.69,2
180.797,0
180.904,19
181.011,6
181.118,14
181.225,0
181.332,0
181.439,47
181.545,3
181.652,10
181.759,0
181.866,16
181.973,0
182.08,1
182.187,0
182.294,4
182.401,0
182.508,5
182.614,0
182.721,0
182.828,0
182.935,0
183.042,0
183.149,2
183.256,22
183.363,21
183.47,20
183.577,30
183.683,0
183.79,20
183.897,22
184.004,13
184.111,28
184.218,17
184.325,23
184.432,47
184.539,42
184.646,18
184.753,0
184.859,6
184.966,6
185.073,0
185.18,0
185.287,5
185.394,6
185.501,0
185.608,15
185.715,0
185.822,3
185.928,8
186.035,17
186.142,0
186.249,0
186.356,0
186.463,0
186.57,0
186.677,0
186.784,28
186.891,0
186.997,7
187.104,21
187.211,10
187.318,0
187.425,4
187.532,1
187.639,0
187.746,0
187.853,5
187.96,0
188.067,0
188.173,33
188.28,30
188.387,10
188.494,0
188.601,18
188.708,15
188.815,0
188.922,1
189.029,0
189.136,4
189.242,4
189.349,34
189.456,0
189.563,11
189.67,0
189.777,11
189.884,12
189.991,18
190.098,0
190.205,0
190.311,24
190.418,1
190.525,0
190.632,0
190.739,0
190.846,0
190.953,35
191.06,3
191.167,0
191.274,3
191.38,7
191.487,21
191.594,34
191.701,20
191.808,0
191.915,20
192.022,22
192.129,0
192.236,10
192.343,24
192.45,0
192.556,20
192.663,8
192.77,0
192.877,0
192.984,26
193.091,0
193.198,0
193.305,0
193.412,22
193.519,3
193.625,11
193.732,9
193.839,19
193.946,29
194.053,28
194.16,0
194.267,14
194.374,17
194.481,7
194.588,13
194.694,0
194.801,22
194.908,9
195.015,0
195.122,5
195.229,3
195.336,9
195.443,11
195.55,6
195.657,23
195.763,15
195.87,14
195.977,4
196.084,0
196.191,48
196.298,6
196.405,12
196.512,12
196.619,13
196.726,9
196.832,0
196.939,40
197.046,8
197.153,6
197.26,0
197.367,0
197.474,9
197.581,8
197.688,0
197.795,29
197.901,0
198.008,0
198.115,17
198.222,26
198.329,0
198.436,0
198.543,6
198.65,0
198.757,0
198.864,41
198.97,48
199.077,0
199.184,0
199.291,1
199.398,0
199.505,0
199.612,0
199.719,0
199.826,21
199.933,19
200.039,0
200.146,20
200.253,29
200.36,16
200.467,9
200.574,10
200.681,31
200.788,3
200.895,0
201.002,11
201.108,1
201.215,0
201.322,0
201.429,0
201.536,4
201.643,21
201.75,15
201.857,0
201.964,3
202.071,0
202.177,5
202.284,8
202.391,7
202.498,24
202.605,0
202.712,11
202.819,0
202.926,0
203.033,33
203.14,17
203.246,20
203.353,22
203.46,0
203.567,0
203.674,27
203.781,9
203.888,0
203.995,0
204.102,50
204.208,51
204.315,0
204.422,19
204.529,0
204.636,8
204.743,0
204.85,0
204.957,0
205.064,12
205.171,24
205.277,19
205.384,6
205.491,0
205.598,21
205.705,0
205.812,9
205.919,6
206.026,0
206.133,6
206.24,16
206.346,0
206.453,9
206.56,17
206.667,11
206.774,0
206.881,0
206.988,13
207.095,0
207.202,6
207.309,0
207.415,10
207.522,7
207.629,19
207.736,16
207.843,2
207.95,21
208.057,9
208.164,2
208.271,35
208.377,23
208.484,14
208.591,17
208.698,0
208.805,32
208.912,22
209.019,22
209.126,0
209.233,9
209.34,0
209.446,14
209.553,37
209.66,43
209.767,21
209.874,0
209.981,11
210.088,20
210.195,0
210.302,0
210.409,2
210.515,0
210.622,0
210.729,1
210.836,0
210.943,17
211.05,13
211.157,10
211.264,0
211.371,0
211.477,18
211.584,23
211.691,6
211.798,0
211.905,0
212.012,0
212.119,4
212.226,27
212.333,0
212.44,5
212.546,33
212.653,0
212.76,0
212.867,0
212.974,4
213.081,20
213.188,0
213.295,12
213.402,19
213.508,40
213.615,94
213.722,70
213.829,30
213.936,0
214.043,0
214.15,0
214.257,7
214.364,0
214.471,0
214.577,68
214.684,68
214.791,32
214.898,16
215.005,0
215.112,12
215.219,14
215.326,7
215.433,0
215.539,0
215.646,10
215.753,21
215.86,27
215.967,0
216.074,7
216.181,14
216.288,84
216.395,122
216.502,71
216.608,20
216.715,0
216.822,0
216.929,6
217.036,0
217.143,0
217.25,29
217.357,11
217.464,1
217.57,1
217.677,5
217.784,7
217.891,3
217.998,7
218.105,22
218.212,14
218.319,0
218.426,0
218.532,0
218.639,6
218.746,0
218.853,0
218.96,12
219.067,12
219.174,0
219.281,0
219.388,9
219.495,10
219.601,22
219.708,0
219.815,1
219.922,26
220.029,0
220.136,0
220.243,54
220.35,6
220.457,8
220.563,18
220.67,0
220.777,22
220.884,27
220.991,0
221.098,0
221.205,13
221.312,19
221.419,0
221.525,4
221.632,0
221.739,2
221.846,8
221.953,0
222.06,4
222.167,0
222.274,9
222.381,1
222.488,0
222.594,29
222.701,14
222.808,0
222.915,0
223.022,23
223.129,44
223.236,10
223.343,0
223.45,34
223.556,0
223.663,1
223.77,0
223.877,0
223.984,0
224.091,30
224.198,8
224.305,4
224.412,0
224.518,0
224.625,12
224.732,11
224.839,0
224.946,7
225.053,13
225.16,24
225.267,0
225.374,0
225.48,13
225.587,0
225.694,9
225.801,0
225.908,17
226.015,14
226.122,14
226.229,0
226.336,16
226.442,46
226.549,12
226.656,0
226.763,34
226.87,15
226.977,0
227.084,7
227.191,0
227.298,13
227.404,0
227.511,3
227.618,7
227.725,0
227.832,6
227.939,0
228.046,20
228.153,0
228.26,6
228.366,0
228.473,12
228.58,24
228.687,0
228.794,2
228.901,6
229.008,6
229.115,11
229.222,0
229.328,0
229.435,33
229.542,2
229.649,12
229.756,0
229.863,0
229.97,7
230.077,0
230.184,20
230.29,7
230.397,2
230.504,0
230.611,31
230.718,0
230.825,0
230.932,9
231.039,25
231.146,0
231.252,0
231.359,0
231.466,0
231.573,0
231.68,2
231.787,3
231.894,7
232.001,24
232.108,0
232.214,16
232.321,13
232.428,22
232.535,1
232.642,5
232.749,0
232.856,0
232.963,11
233.07,12
233.176,1
233.283,10
233.39,0
233.497,0
233.604,0
233.711,0
233.818,0
233.925,40
234.031,10
234.138,0
234.245,8
234.352,0
234.459,0
234.566,4
234.673,8
234.78,15
234.887,0
234.993,0
235.1,11
235.207,0
235.314,20
235.421,4
235.528,0
235.635,0
235.742,15
235.849,41
235.955,5
236.062,0
236.169,0
236.276,21
236.383,5
236.49,0
236.597,0
236.704,0
236.81,0
236.917,10
237.024,8
237.131,0
237.238,23
237.345,0
237.452,0
237.559,4
237.666,89
237.772,188
237.879,250
237.986,142
238.093,21
238.2,0
238.307,5
238.414,38
238.521,82
238.628,110
238.734,122
238.841,127
238.948,170
239.055,233
239.162,254
239.269,130
239.376,16
239.483,0
239.589,0
239.696,0
239.803,0
239.91,7
240.017,8
240.124,5
240.231,0
240.338,12
240.445,8
240.551,34
240.658,19
240.765,26
240.872,2
240.979,0
241.086,0
241.193,0
241.3,0
241.406,0
241.513,0
241.62,20
241.727,11
241.834,9
241.941,0
242.048,0
242.155,0
242.262,0
242.368,0
242.475,12
242.582,8
242.689,0
242.796,1
242.903,10
243.01,14
243.117,2
243.223,8
243.33,0
243.437,0
243.544,5
243.651,0
243.758,17
243.865,0
243.972,29
244.079,0
244.185,13
244.292,20
244.399,18
244.506,67
244.613,184
244.72,187
244.827,89
244.934,104
245.04,104
245.147,181
245.254,130
245.361,23
245.468,2
245.575,0
245.682,0
245.789,0
245.896,0
246.002,0
246.109,0
246.216,0
246.323,0
246.43,0
246.537,0
246.644,0
246.751,6
246.857,0
246.964,20
247.071,19
247.178,6
247.285,11
247.392,25
247.499,10
247.606,10
247.712,5
247.819,4
247.926,0
248.033,7
248.14,0
248.247,0
248.354,0
248.461,0
248.567,0
248.674,0
248.781,37
248.888,4
248.995,6
249.102,10
249.209,4
249.316,0
249.423,33
249.529,2
249.636,11
249.743,25
249.85,0
249.957,5
250.064,19
250.171,18
250.278,1
250.384,12
250.491,0
250.598,0
250.705,0
250.812,0
250.919,0
251.026,0
251.133,0
251.239,0
251.346,0
251.453,4
251.56,0
251.667,8
251.774,46
251.881,37
251.988,0
252.094,0
252.201,0
252.308,51
252.415,40
252.522,0
252.629,0
252.736,0
252.843,0
252.949,2
253.056,0
253.163,0
253.27,2
253.377,0
253.484,0
253.591,0
253.698,23
253.804,10
253.911,17
254.018,0
254.125,29
254.232,19
254.339,0
254.446,0
254.553,5
254.659,0
254.766,0
254.873,0
254.98,14
255.087,13
255.194,9
255.301,0
255.408,4
255.514,97
255.621,98
255.728,68
255.835,26
255.942,0
256.049,0
256.156,14
256.263,0
256.369,30
256.476,0
256.583,0
256.69,13
256.797,24
256.904,13
257.011,28
257.118,16
257.224,6
257.331,0
257.438,0
257.545,0
257.652,27
257.759,3
257.866,0
257.973,11
258.079,12
258.186,17
258.293,0
258.4,11
258.507,8
258.614,0
258.721,0
258.828,0
258.934,0
259.041,0
259.148,0
259.255,0
259.362,0
259.469,0
259.576,3
259.683,0
259.789,0
259.896,6
260.003,17
260.11,45
260.217,0
260.324,31
260.431,0
260.537,3
260.644,28
260.751,24
260.858,0
260.965,0
261.072,0
261.179,5
261.286,0
261.392,8
261.499,11
261.606,0
261.713,13
261.82,7
261.927,0
262.034,17
262.141,17
262.247,0
262.354,25
262.461,16
262.568,0
262.675,0
262.782,0
262.889,0
262.996,24
263.102,5
263.209,0
263.316,9
263.423,12
263.53,0
263.637,0
263.744,17
263.85,28
263.957,0
264.064,5
264.171,2
264.278,0
264.385,0
264.492,3
264.599,4
264.705,3
264.812,9
264.919,21
265.026,20
265.133,0
265.24,0
265.347,14
265.454,4
265.56,3
265.667,0
265.774,30
265.881,0
265.988,11
266.095,8
266.202,3
266.308,0
266.415,1
266.522,4
266.629,10
266.736,10
266.843,0
266.95,0
267.057,3
267.163,22
267.27,0
267.377,0
267.484,0
267.591,5
267.698,0
267.805,18
267.911,2
268.018,0
268.125,0
268.232,21
268.339,24
268.446,0
268.553,8
268.66,0
268.766,0
268.873,6
268.98,0
269.087,2
269.194,23
269.301,22
269.408,0
269.514,13
269.621,34
269.728,11
269.835,2
269.942,0
270.049,28
270.156,11
270.263,0
270.369,0
270.476,0
270.583,5
270.69,0
270.797,2
270.904,10
271.011,0
271.117,13
271.224,2
271.331,1
271.438,17
271.545,0
271.652,20
271.759,63
271.866,69
271.972,31
272.079,51
272.186,0
272.293,14
272.4,8
272.507,10
272.614,3
272.72,9
272.827,12
272.934,0
273.041,21
273.148,0
273.255,0
273.362,7
273.468,0
273.575,0
273.682,43
273.789,28
273.896,21
274.003,0
274.11,0
274.217,0
274.323,15
274.43,1
274.537,0
274.644,0
274.751,24
274.858,0
274.965,4
275.071,0
275.178,0
275.285,21
275.392,0
275.499,13
275.606,5
275.713,4
275.819,0
275.926,0
276.033,0
276.14,0
276.247,12
276.354,0
276.461,0
276.567,3
276.674,0
276.781,0
276.888,0
276.995,26
277.102,0
277.209,0
277.315,1
277.422,0
277.529,0
277.636,9
277.743,0
277.85,0
277.957,0
278.064,15
278.17,4
278.277,0
278.384,0
278.491,7
278.598,17
278.705,7
278.812,7
278.918,0
279.025,0
279.132,0
279.239,0
279.346,15
279.453,30
279.56,12
279.666,0
279.773,6
279.88,0
279.987,14
280.094,28
280.201,0
280.308,0
280.414,0
280.521,0
280.628,6
280.735,0
280.842,4
280.949,13
281.056,0
281.162,11
281.269,0
281.376,0
281.483,12
281.59,0
281.697,24
281.804,0
281.91,0
282.017,6
282.124,0
282.231,0
282.338,0
282.445,0
282.552,0
282.658,0
282.765,0
282.872,0
282.979,13
283.086,0
283.193,25
283.3,8
283.406,0
283.513,0
283.62,0
283.727,0
283.834,0
283.941,0
284.048,23
284.154,0
284.261,0
284.368,29
284.475,34
284.582,0
284.689,4
284.796,26
284.902,0
285.009,0
285.116,0
285.223,0
285.33,9
285.437,20
285.544,0
285.65,20
285.757,10
285.864,6
285.971,0
286.078,17
286.185,0
286.292,0
286.398,8
286.505,4
286.612,0
286.719,0
286.826,10
286.933,0
287.039,0
287.146,0
287.253,0
287.36,19
287.467,2
287.574,0
287.681,0
287.787,105
287.894,83
288.001,62
288.108,0
288.215,21
288.322,10
288.429,0
288.535,14
288.642,5
288.749,0
288.856,0
288.963,0
289.07,0
289.177,1
289.283,10
289.39,0
289.497,14
289.604,0
289.711,0
289.818,25
289.924,0
290.031,3
290.138,0
290.245,0
290.352,0
290.459,0
290.566,5
290.672,0
290.779,0
290.886,6
290.993,38
291.1,0
291.207,20
291.314,0
291.42,0
291.527,7
291.634,0
291.741,15
291.848,1
291.955,21
292.062,8
292.168,0
292.275,23
292.382,15
292.489,13
292.596,0
292.703,10
292.809,15
292.916,0
293.023,0
293.13,0
293.237,25
293.344,23
293.451,0
293.557,0
293.664,0
293.771,0
293.878,11
293.985,0
294.092,2
294.198,10
294.305,0
294.412,0
294.519,20
294.626,0
294.733,0
294.84,0
294.946,0
295.053,34
295.16,45
295.267,0
295.374,0
295.481,0
295.588,3
295.694,2
295.801,0
295.908,0
296.015,32
296.122,57
296.229,27
296.335,0
296.442,0
296.549,0
296.656,9
296.763,4
296.87,0
296.977,0
297.083,7
297.19,0
297.297,2
297.404,8
297.511,47
297.618,36
297.724,15
297.831,19
297.938,0
298.045,8
298.152,4
298.259,20
298.365,35
298.472,60
298.579,30
298.686,6
298.793,2
298.9,17
299.007,0
299.113,0
299.22,0
299.327,4
299.434,7
299.541,19
299.648,0
299.754,0
299.861,16
299.968,0
300.075,0
300.182,29
300.289,6
300.396,1
300.502,21
300.609,0
300.716,20
300.823,0
300.93,17
301.037,0
301.143,0
301.25,0
301.357,0
301.464,0
301.571,0
301.678,20
301.784,0
301.891,11
301.998,26
302.105,13
302.212,0
302.319,18
302.426,7
302.532,0
302.639,0
302.746,7
302.853,0
302.96,0
303.067,19
303.173,0
303.28,10
303.387,15
303.494,0
303.601,15
303.708,0
303.814,10
303.921,0
304.028,0
304.135,13
304.242,0
304.349,8
304.456,0
304.562,39
304.669,0
304.776,0
304.883,0
304.99,25
305.097,0
305.203,0
305.31,2
305.417,11
305.524,0
305.631,0
305.738,39
305.844,23
305.951,0
306.058,13
306.165,0
306.272,7
306.379,10
306.485,0
306.592,19
306.699,24
306.806,0
306.913,3
307.02,7
307.126,17
307.233,26
307.34,0
307.447,0
307.554,0
307.661,18
307.767,0
307.874,2
307.981,0
308.088,27
308.195,7
308.302,0
308.409,0
308.515,15
308.622,5
308.729,0
308.836,0
308.943,0
309.05,0
309.156,0
309.263,11
309.37,15
309.477,0
309.584,4
309.691,0
309.797,0
309.904,0
310.011,0
310.118,7
310.225,1
310.332,0
310.438,0
310.545,0
310.652,0
310.759,0
310.866,7
310.973,10
311.079,0
311.186,0
311.293,39
311.4,0
311.507,0
311.614,0
311.72,9
311.827,0
311.934,4
312.041,8
312.148,8
312.255,0
312.361,0
312.468,0
312.575,7
312.682,0
312.789,0
312.896,0
313.002,0
313.109,0
313.216,0
313.323,0
313.43,0
313.537,12
313.643,10
313.75,10
313.857,25
313.964,0
314.071,8
314.178,0
314.284,33
314.391,16
314.498,0
314.605,0
314.712,0
314.819,0
314.925,10
315.032,0
315.139,0
315.246,0
315.353,5
315.46,2
315.566,5
315.673,4
315.78,0
315.887,0
315.994,8
316.1,0
316.207,0
316.314,0
316.421,34
316.528,17
316.635,13
316.741,1
316.848,20
316.955,7
317.062,1
317.169,9
317.276,9
317.382,24
317.489,0
317.596,24
317.703,25
317.81,0
317.917,28
318.023,17
318.13,0
318.237,10
318.344,0
318.451,22
318.558,18
318.664,0
318.771,8
318.878,20
318.985,0
319.092,0
319.199,1
319.305,14
319.412,0
319.519,0
319.626,0
319.733,9
319.839,2
319.946,0
320.053,0
320.16,35
320.267,33
320.374,59
320.48,23
320.587,0
320.694,17
320.801,0
320.908,0
321.015,0
321.121,10
321.228,10
321.335,2
321.442,110
321.549,288
321.655,329
321.762,183
321.869,20
321.976,0
322.083,0
322.19,8
322.296,7
322.403,35
322.51,15
322.617,0
322.724,1
322.831,39
322.937,80
323.044,50
323.151,26
323.258,13
323.365,0
323.472,0
323.578,0
323.685,15
323.792,68
323.899,89
324.006,60
324.112,20
324.219,0
324.326,5
324.433,0
324.54,6
324.647,14
324.753,1
324.86,9
324.967,36
325.074,0
325.181,182
325.287,174
325.394,57
325.501,0
325.608,0
325.715,2
325.822,40
325.928,102
326.035,107
326.142,7
326.249,58
326.356,151
326.463,98
326.569,24
326.676,0
326.783,80
326.89,60
326.997,0
327.103,21
327.21,13
327.317,2
327.424,0
327.531,0
327.638,2
327.744,7
327.851,0
327.958,0
328.065,13
328.172,35
328.278,25
328.385,0
328.492,0
328.599,8
328.706,0
328.813,9
328.919,26
329.026,11
329.133,0
329.24,0
329.347,0
329.453,5
329.56,0
329.667,26
329.774,0
329.881,0
329.988,15
330.094,26
330.201,0
330.308,0
330.415,16
330.522,0
330.628,0
330.735,0
330.842,4
330.949,1
331.056,3
331.162,0
331.269,13
331.376,155
331.483,222
331.59,129
331.697,11
331.803,0
331.91,0
332.017,0
332.124,6
332.231,5
332.337,0
332.444,0
332.551,32
332.658,11
332.765,0
332.872,11
332.978,0
333.085,0
333.192,25
333.299,14
333.406,0
333.512,9
333.619,37
333.726,12
333.833,17
333.94,0
334.046,0
334.153,0
334.26,4
334.367,0
334.474,0
334.581,2
334.687,0
334.794,8
334.901,0
335.008,11
335.115,0
335.221,8
335.328,19
335.435,0
335.542,5
335.649,29
335.755,0
335.862,0
335.969,24
336.076,7
336.183,17
336.29,1
336.396,0
336.503,2
336.61,11
336.717,0
336.824,3
336.93,18
337.037,0
337.144,16
337.251,0
337.358,0
337.464,0
337.571,0
337.678,0
337.785,4
337.892,26
337.998,25
338.105,0
338.212,0
338.319,6
338.426,31
338.533,16
338.639,26
338.746,13
338.853,0
338.96,0
339.067,0
339.173,0
339.28,0
339.387,0
339.494,0
339.601,0
339.707,10
339.814,13
339.921,22
340.028,4
340.135,9
340.241,9
340.348,22
340.455,6
340.562,12
340.669,4
340.775,0
340.882,1
340.989,18
341.096,12
341.203,0
341.309,0
341.416,42
341.523,0
341.63,10
341.737,13
341.844,14
341.95,0
342.057,0
342.164,29
342.271,83
342.378,21
342.484,3
342.591,3
342.698,1
342.805,15
342.912,0
343.018,0
343.125,0
343.232,11
343.339,0
343.446,0
343.552,6
343.659,0
343.766,0
343.873,13
343.98,0
344.086,1
344.193,0
344.3,13
344.407,24
344.514,4
344.62,6
344.727,0
344.834,6
344.941,0
345.048,8
345.154,23
345.261,23
345.368,0
345.475,7
345.582,21
345.688,0
345.795,5
345.902,8
346.009,0
346.116,0
346.222,3
346.329,0
346.436,0
346.543,12
346.65,0
346.756,0
346.863,18
346.97,0
347.077,12
347.184,0
347.29,0
347.397,14
347.504,8
347.611,0
347.718,2
347.824,0
347.931,12
348.038,1
348.145,13
348.252,49
348.358,77
348.465,85
348.572,36
348.679,8
348.786,0
348.892,0
348.999,28
349.106,0
349.213,0
349.32,0
349.426,4
349.533,0
349.64,0
349.747,2
349.854,2
349.96,3
350.067,7
350.174,0
350.281,0
350.388,0
350.494,0
350.601,0
350.708,25
350.815,0
350.922,1
351.028,8
351.135,12
351.242,10
351.349,16
351.456,3
351.562,0
351.669,1
351.776,5
351.883,11
351.989,0
352.096,0
352.203,0
352.31,6
352.417,11
352.523,0
352.63,0
352.737,2
352.844,15
352.951,0
353.057,10
353.164,19
353.271,14
353.378,10
353.485,18
353.591,2
353.698,0
353.805,8
353.912,3
354.019,22
354.125,0
354.232,2
354.339,32
354.446,50
354.553,125
354.659,269
354.766,189
354.873,93
354.98,0
355.086,1
355.193,13
355.3,21
355.407,8
355.514,17
355.62,19
355.727,10
355.834,0
355.941,17
356.048,30
356.154,0
356.261,0
356.368,13
356.475,23
356.582,0
356.688,0
356.795,16
356.902,0
357.009,0
357.115,0
357.222,13
357.329,5
357.436,10
357.543,4
357.649,0
357.756,0
357.863,0
357.97,18
358.077,4
358.183,0
358.29,0
358.397,18
358.504,51
358.61,80
358.717,18
358.824,0
358.931,0
359.038,0
359.144,32
359.251,32
359.358,0
359.465,0
359.572,0
359.678,3
359.785,20
359.892,0
359.999,0
360.105,5
360.212,17
360.319,24
360.426,0
360.533,7
360.639,0
360.746,0
360.853,0
360.96,0
361.067,0
361.173,0
361.28,0
361.387,0
361.494,2
361.6,21
361.707,0
361.814,10
361.921,0
362.028,24
362.134,6
362.241,18
362.348,0
362.455,21
362.562,8
362.668,5
362.775,26
362.882,1
362.989,0
363.095,11
363.202,0
363.309,0
363.416,7
363.523,0
363.629,0
363.736,24
363.843,0
363.95,0
364.056,0
364.163,33
364.27,0
364.377,1
364.484,36
364.59,26
364.697,0
364.804,9
364.911,6
365.017,0
365.124,24
365.231,33
365.338,23
365.445,0
365.551,0
365.658,9
365.765,0
365.872,23
365.979,0
366.085,2
366.192,14
366.299,0
366.406,0
366.512,4
366.619,14
366.726,0
366.833,0
366.94,9
367.046,14
367.153,0
367.26,0
367.367,0
367.473,24
367.58,11
367.687,19
367.794,0
367.9,0
368.007,8
368.114,0
368.221,12
368.328,0
368.434,0
368.541,0
368.648,12
368.755,5
368.861,3
368.968,18
369.075,14
369.182,23
369.289,5
369.395,0
369.502,35
369.609,0
369.716,0
369.822,24
369.929,31
370.036,0
370.143,0
370.25,16
370.356,0
370.463,0
370.57,0
370.677,0
370.783,14
370.89,4
370.997,18
371.104,26
371.211,8
371.317,12
371.424,18
371.531,21
371.638,0
371.744,18
371.851,14
371.958,31
372.065,0
372.171,14
372.278,19
372.385,0
372.492,0
372.599,14
372.705,0
372.812,15
372.919,6
373.026,0
373.132,0
373.239,0
373.346,0
373.453,13
373.559,0
373.666,9
373.773,22
373.88,3
373.987,0
374.093,23
374.2,0
374.307,12
374.414,21
374.52,0
374.627,0
374.734,0
374.841,6
374.947,0
375.054,0
375.161,24
375.268,19
375.375,11
375.481,0
375.588,0
375.695,19
375.802,14
375.908,0
376.015,0
376.122,25
376.229,17
376.335,18
376.442,2
376.549,16
376.656,11
376.763,0
376.869,0
376.976,5
377.083,0
377.19,0
377.296,9
377.403,5
377.51,13
377.617,0
377.723,0
377.83,8
377.937,4
378.044,1
378.15,0
378.257,24
378.364,36
378.471,14
378.578,0
378.684,12
378.791,1
378.898,0
379.005,0
379.111,9
379.218,17
379.325,9
379.432,0
379.538,8
379.645,0
379.752,8
379.859,0
379.965,30
380.072,24
380.179,6
380.286,0
380.392,0
380.499,47
380.606,26
380.713,0
380.82,0
380.926,22
381.033,31
381.14,0
381.247,0
381.353,8
381.46,6
381.567,0
381.674,0
381.78,0
381.887,34
381.994,19
382.101,29
382.207,0
382.314,0
382.421,10
382.528,10
382.634,0
382.741,0
382.848,3
382.955,19
383.061,0
383.168,2
383.275,32
383.382,6
383.488,0
383.595,0
383.702,17
383.809,0
383.916,31
384.022,4
384.129,15
384.236,90
384.343,29
384.449,16
384.556,5
384.663,0
384.77,0
384.876,17
384.983,0
385.09,16
385.197,12
385.303,0
385.41,0
385.517,18
385.624,0
385.73,0
385.837,0
385.944,28
386.051,0
386.157,0
386.264,0
386.371,0
386.478,3
386.584,0
386.691,0
386.798,32
386.905,86
387.011,49
387.118,5
387.225,0
387.332,0
387.438,11
387.545,0
387.652,3
387.759,34
387.865,2
387.972,0
388.079,0
388.186,4
388.292,0
388.399,28
388.506,15
388.613,14
388.719,3
388.826,13
388.933,18
389.04,30
389.146,0
389.253,0
389.36,0
389.467,0
389.573,1
389.68,3
389.787,24
389.894,0
390,5
390.107,28
390.214,13
390.321,16
390.427,3
390.534,0
390.641,9
390.748,27
390.854,6
390.961,0
391.068,0
391.175,33
391.281,10
391.388,0
391.495,0
391.602,0
391.708,0
391.815,17
391.922,3
392.029,0
392.135,0
392.242,0
392.349,40
392.456,0
392.562,4
392.669,0
392.776,10
392.883,3
392.989,0
393.096,8
393.203,7
393.31,4
393.416,0
393.523,14
393.63,26
393.737,0
393.843,16
393.95,0
394.057,1
394.164,7
394.27,0
394.377,8
394.484,25
394.591,1
394.697,0
394.804,0
394.911,17
395.018,20
395.124,11
395.231,0
395.338,18
395.445,6
395.551,0
395.658,13
395.765,0
395.871,0
395.978,0
396.085,14
396.192,0
396.298,0
396.405,4
396.512,0
396.619,0
396.725,15
396.832,0
396.939,16
397.046,34
397.152,22
397.259,0
397.366,0
397.473,11
397.579,0
397.686,0
397.793,6
397.9,4
398.006,19
398.113,0
398.22,4
398.327,12
398.433,6
398.54,3
398.647,1
398.753,6
398.86,9
398.967,0
399.074,15
399.18,0
399.287,0
399.394,77
399.501,99
399.607,38
399.714,0
399.821,0
399.928,0
400.034,5
400.141,14
400.248,3
400.355,4
400.461,20
400.568,8
400.675,0
400.781,0
400.888,15
400.995,8
401.102,0
401.208,8
401.315,0
401.422,30
401.529,101
401.635,3
401.742,0
401.849,24
401.956,16
402.062,0
402.169,0
402.276,0
402.382,0
402.489,15
402.596,0
402.703,0
402.809,2
402.916,3
403.023,0
403.13,2
403.236,16
403.343,29
403.45,14
403.557,0
403.663,16
403.77,4
403.877,0
403.983,0
404.09,0
404.197,20
404.304,18
404.41,0
404.517,21
404.624,54
404.731,21
404.837,0
404.944,0
405.051,25
405.158,2
405.264,0
405.371,7
405.478,6
405.584,0
405.691,0
405.798,0
405.905,0
406.011,16
406.118,29
406.225,0
406.332,0
406.438,24
406.545,17
406.652,5
406.758,3
406.865,15
406.972,20
407.079,13
407.185,0
407.292,11
407.399,10
407.506,2
407.612,0
407.719,7
407.826,0
407.932,0
408.039,37
408.146,0
408.253,0
408.359,16
408.466,8
408.573,32
408.68,108
408.786,112
408.893,35
409,8
409.106,18
409.213,20
409.32,0
409.427,6
409.533,0
409.64,7
409.747,21
409.853,4
409.96,0
410.067,0
410.174,19
410.28,25
410.387,0
410.494,0
410.601,23
410.707,0
410.814,8
410.921,38
411.027,38
411.134,0
411.241,0
411.348,1
411.454,4
411.561,23
411.668,6
411.774,2
411.881,27
411.988,46
412.095,6
412.201,1
412.308,0
412.415,0
412.522,32
412.628,95
412.735,76
412.842,52
412.948,22
413.055,4
413.162,14
413.269,0
413.375,19
413.482,18
413.589,0
413.695,0
413.802,0
413.909,0
414.016,0
414.122,4
414.229,0
414.336,16
414.442,1
414.549,1
414.656,5
414.763,5
414.869,0
414.976,0
415.083,45
415.189,22
415.296,97
415.403,94
415.51,25
415.616,0
415.723,41
415.83,21
415.936,15
416.043,0
416.15,19
416.257,34
416.363,29
416.47,9
416.577,13
416.683,0
416.79,16
416.897,0
417.004,12
417.11,0
417.217,17
417.324,2
417.43,36
417.537,42
417.644,9
417.751,6
417.857,7
417.964,19
418.071,36
418.177,42
418.284,2
418.391,0
418.498,21
418.604,38
418.711,8
418.818,0
418.924,0
419.031,17
419.138,187
419.245,138
419.351,38
419.458,0
419.565,32
419.671,80
419.778,62
419.885,3
419.992,0
420.098,2
420.205,0
420.312,6
420.418,0
420.525,19
420.632,0
420.738,11
420.845,0
420.952,11
421.059,17
421.165,48
421.272,12
421.379,31
421.485,0
421.592,0
421.699,2
421.806,0
421.912,0
422.019,0
422.126,13
422.232,7
422.339,2
422.446,10
422.552,0
422.659,2
422.766,1
422.873,0
422.979,0
423.086,7
423.193,49
423.299,30
423.406,16
423.513,0
423.62,0
423.726,13
423.833,0
423.94,0
424.046,26
424.153,29
424.26,20
424.366,0
424.473,20
424.58,0
424.687,0
424.793,5
424.9,11
425.007,0
425.113,0
425.22,0
425.327,23
425.433,33
425.54,0
425.647,5
425.754,21
425.86,0
425.967,0
426.074,0
426.18,4
426.287,1
426.394,8
426.5,74
426.607,70
426.714,12
426.821,0
426.927,0
427.034,4
427.141,33
427.247,21
427.354,0
427.461,18
427.567,23
427.674,0
427.781,1
427.888,42
427.994,47
428.101,53
428.208,21
428.314,0
428.421,1
428.528,0
428.634,0
428.741,32
428.848,4
428.955,0
429.061,0
429.168,15
429.275,53
429.381,27
429.488,135
429.595,104
429.701,53
429.808,2
429.915,0
430.021,0
430.128,0
430.235,10
430.342,16
430.448,0
430.555,14
430.662,24
430.768,37
430.875,0
430.982,13
431.088,26
431.195,0
431.302,0
431.409,4
431.515,34
431.622,10
431.729,42
431.835,143
431.942,93
432.049,29
432.155,2
432.262,0
432.369,11
432.475,0
432.582,0
432.689,27
432.796,5
432.902,0
433.009,2
433.116,27
433.222,0
433.329,8
433.436,0
433.542,1
433.649,0
433.756,0
433.862,20
433.969,34
434.076,0
434.182,0
434.289,6
434.396,11
434.503,0
434.609,0
434.716,0
434.823,0
434.929,23
435.036,2
435.143,1
435.249,9
435.356,26
435.463,0
435.569,12
435.676,4
435.783,0
435.889,0
435.996,14
436.103,17
436.21,23
436.316,78
436.423,75
436.53,19
436.636,0
436.743,21
436.85,25
436.956,37
437.063,28
437.17,0
437.276,0
437.383,17
437.49,16
437.596,4
437.703,10
437.81,20
437.916,0
438.023,4
438.13,0
438.237,15
438.343,0
438.45,0
438.557,0
438.663,19
438.77,0
438.877,0
438.983,58
439.09,176
439.197,146
439.303,84
439.41,42
439.517,221
439.623,202
439.73,70
439.837,19
439.943,0
440.05,74
440.157,273
440.263,191
440.37,76
440.477,0
440.583,0
440.69,0
440.797,0
440.904,2
441.01,19
441.117,0
441.224,0
441.33,0
441.437,0
441.544,26
441.65,64
441.757,127
441.864,61
441.97,0
442.077,21
442.184,14
442.29,0
442.397,0
442.504,0
442.61,0
442.717,11
442.824,12
442.93,0
443.037,0
443.144,30
443.25,0
443.357,2
443.464,10
443.57,10
443.677,0
443.784,0
443.89,25
443.997,0
444.104,1
444.21,8
444.317,0
444.424,0
444.53,39
444.637,8
444.744,19
444.851,0
444.957,15
445.064,7
445.171,0
445.277,2
445.384,9
445.491,1
445.597,13
445.704,42
445.811,0
445.917,0
446.024,0
446.131,3
446.237,0
446.344,0
446.451,0
446.557,8
446.664,32
446.771,0
446.877,13
446.984,8
447.091,4
447.197,36
447.304,9
447.411,0
447.517,0
447.624,0
447.731,6
447.837,0
447.944,0
448.051,15
448.157,0
448.264,0
448.371,29
448.477,19
448.584,0
448.691,4
448.797,0
448.904,0
449.011,2
449.117,0
449.224,2
449.331,29
449.437,5
449.544,0
449.651,0
449.757,15
449.864,15
449.971,0
450.077,0
450.184,10
450.291,5
450.397,4
450.504,0
450.611,13
450.717,7
450.824,0
450.931,0
451.037,0
451.144,0
451.251,15
451.357,27
451.464,61
451.571,65
451.677,57
451.784,9
451.891,5
451.997,13
452.104,0
452.21,7
452.317,18
452.424,13
452.53,0
452.637,2
452.744,0
452.85,2
452.957,2
453.064,0
453.17,0
453.277,0
453.384,5
453.49,2
453.597,24
453.704,15
453.81,0
453.917,17
454.024,0
454.13,1
454.237,32
454.344,2
454.45,0
454.557,0
454.664,2
454.77,0
454.877,11
454.984,10
455.09,0
455.197,33
455.304,16
455.41,9
455.517,0
455.624,0
455.73,2
455.837,69
455.944,60
456.05,30
456.157,160
456.263,170
456.37,92
456.477,0
456.583,0
456.69,24
456.797,18
456.903,53
457.01,27
457.117,0
457.223,0
457.33,14
457.437,26
457.543,23
457.65,0
457.757,0
457.863,0
457.97,19
458.077,0
458.183,8
458.29,8
458.397,0
458.503,6
458.61,0
458.716,2
458.823,0
458.93,17
459.036,0
459.143,0
459.25,0
459.356,9
459.463,0
459.57,13
459.676,22
459.783,17
459.89,0
459.996,6
460.103,26
460.21,2
460.316,3
460.423,0
460.53,0
460.636,0
460.743,1
460.849,0
460.956,21
461.063,17
461.169,0
461.276,11
461.383,13
461.489,0
461.596,38
461.703,10
461.809,6
461.916,0
462.023,7
462.129,17
462.236,0
462.342,0
462.449,4
462.556,0
462.662,0
462.769,0
462.876,0
462.982,0
463.089,23
463.196,0
463.302,7
463.409,0
463.516,11
463.622,10
463.729,0
463.835,0
463.942,29
464.049,27
464.155,0
464.262,0
464.369,0
464.475,16
464.582,0
464.689,7
464.795,0
464.902,4
465.009,8
465.115,13
465.222,10
465.328,14
465.435,0
465.542,16
465.648,0
465.755,0
465.862,24
465.968,36
466.075,29
466.182,0
466.288,13
466.395,0
466.501,16
466.608,0
466.715,10
466.821,39
466.928,3
467.035,0
467.141,0
467.248,17
467.355,21
467.461,0
467.568,19
467.674,2
467.781,14
467.888,4
467.994,9
468.101,0
468.208,0
468.314,2
468.421,4
468.528,0
468.634,0
468.741,4
468.847,4
468.954,16
469.061,6
469.167,18
469.274,9
469.381,0
469.487,8
469.594,26
469.701,11
469.807,5
469.914,17
470.02,0
470.127,15
470.234,0
470.34,0
470.447,25
470.554,0
470.66,0
470.767,1
470.873,0
470.98,0
471.087,7
471.193,0
471.3,0
471.407,0
471.513,11
471.62,15
471.727,1
471.833,0
471.94,0
472.046,12
472.153,0
472.26,0
472.366,8
472.473,0
472.58,0
472.686,1
472.793,20
472.899,9
473.006,0
473.113,0
473.219,32
473.326,15
473.433,7
473.539,2
473.646,0
473.752,29
473.859,27
473.966,0
474.072,0
474.179,9
474.286,9
474.392,4
474.499,11
474.605,7
474.712,8
474.819,8
474.925,104
475.032,119
475.139,75
475.245,2
475.352,0
475.458,0
475.565,0
475.672,8
475.778,25
475.885,0
475.992,0
476.098,15
476.205,37
476.311,7
476.418,0
476.525,3
476.631,0
476.738,12
476.844,1
476.951,16
477.058,0
477.164,29
477.271,116
477.378,78
477.484,59
477.591,0
477.697,10
477.804,0
477.911,0
478.017,0
478.124,0
478.231,0
478.337,20
478.444,0
478.55,0
478.657,6
478.764,0
478.87,8
478.977,2
479.083,4
479.19,0
479.297,2
479.403,0
479.51,31
479.617,11
479.723,0
479.83,32
479.936,24
480.043,0
480.15,0
480.256,30
480.363,0
480.469,0
480.576,14
480.683,0
480.789,0
480.896,30
481.003,16
481.109,35
481.216,10
481.322,10
481.429,12
481.536,4
481.642,12
481.749,0
481.855,8
481.962,0
482.069,5
482.175,17
482.282,35
482.388,6
482.495,2
482.602,0
482.708,0
482.815,28
482.922,11
483.028,0
483.135,0
483.241,27
483.348,0
483.455,0
483.561,15
483.668,0
483.774,0
483.881,14
483.988,2
484.094,0
484.201,27
484.307,8
484.414,7
484.521,0
484.627,28
484.734,21
484.84,7
484.947,0
485.054,21
485.16,54
485.267,75
485.373,33
485.48,0
485.587,0
485.693,0
485.8,0
485.907,2
486.013,5
486.12,31
486.226,20
486.333,0
486.44,11
486.546,0
486.653,0
486.759,26
486.866,14
486.973,0
487.079,0
487.186,13
487.292,50
487.399,0
487.506,0
487.612,0
487.719,8
487.825,0
487.932,21
488.039,2
488.145,24
488.252,16
488.358,0
488.465,18
488.572,21
488.678,0
488.785,14
488.891,0
488.998,0
489.105,17
489.211,0
489.318,0
489.424,2
489.531,12
489.638,0
489.744,0
489.851,0
489.957,0
490.064,0
490.171,13
490.277,0
490.384,1
490.49,0
490.597,0
490.704,0
490.81,1
490.917,0
491.023,8
491.13,4
491.237,0
491.343,16
491.45,0
491.556,0
491.663,10
491.769,0
491.876,0
491.983,9
492.089,6
492.196,0
492.302,1
492.409,17
492.516,17
492.622,25
492.729,8
492.835,22
492.942,3
493.049,13
493.155,0
493.262,0
493.368,0
493.475,0
493.582,25
493.688,0
493.795,0
493.901,17
494.008,0
494.114,6
494.221,0
494.328,12
494.434,7
494.541,0
494.647,20
494.754,19
494.861,15
494.967,9
495.074,0
495.18,0
495.287,0
495.394,6
495.5,7
495.607,4
495.713,16
495.82,13
495.926,6
496.033,0
496.14,0
496.246,0
496.353,0
496.459,19
496.566,0
496.673,0
496.779,8
496.886,0
496.992,18
497.099,0
497.206,0
497.312,6
497.419,0
497.525,0
497.632,0
497.738,0
497.845,73
497.952,21
498.058,0
498.165,13
498.271,1
498.378,0
498.485,13
498.591,32
498.698,0
498.804,0
498.911,7
499.017,0
499.124,9
499.231,64
499.337,41
499.444,9
499.55,0
499.657,1
499.763,4
499.87,2
499.977,14
500.083,34
500.19,20
500.296,0
500.403,9
500.51,0
500.616,6
500.723,0
500.829,0
500.936,12
501.042,0
501.149,4
501.256,37
501.362,40
501.469,33
501.575,15
501.682,35
501.788,25
501.895,32
502.002,0
502.108,18
502.215,17
502.321,6
502.428,0
502.534,8
502.641,10
502.748,9
502.854,0
502.961,12
503.067,0
503.174,14
503.281,143
503.387,173
503.494,108
503.6,8
503.707,1
503.813,12
503.92,0
504.027,11
504.133,0
504.24,3
504.346,12
504.453,36
504.559,31
504.666,0
504.773,9
504.879,74
504.986,270
505.092,173
505.199,34
505.305,39
505.412,28
505.518,77
505.625,97
505.732,129
505.838,239
505.945,286
506.051,275
506.158,357
506.264,256
506.371,155
506.478,132
506.584,151
506.691,176
506.797,247
506.904,302
507.01,450
507.117,437
507.224,260
507.33,55
507.437,38
507.543,85
507.65,105
507.756,48
507.863,36
507.97,139
508.076,112
508.183,34
508.289,0
508.396,0
508.502,39
508.609,48
508.715,8
508.822,40
508.929,41
509.035,0
509.142,16
509.248,26
509.355,0
509.461,0
509.568,0
509.675,62
509.781,77
509.888,87
509.994,101
510.101,37
510.207,8
510.314,0
510.42,0
510.527,0
510.634,29
510.74,3
510.847,0
510.953,0
511.06,15
511.166,18
511.273,16
511.379,0
511.486,25
511.593,45
511.699,32
511.806,41
511.912,15
512.019,0
512.125,0
512.232,8
512.339,0
512.445,0
512.552,0
512.658,0
512.765,0
512.871,19
512.978,7
513.084,0
513.191,0
513.298,9
513.404,30
513.511,6
513.617,0
513.724,4
513.83,0
513.937,0
514.043,0
514.15,28
514.256,24
514.363,0
514.47,0
514.576,0
514.683,19
514.789,0
514.896,4
515.002,13
515.109,21
515.215,0
515.322,10
515.429,19
515.535,0
515.642,0
515.748,13
515.855,8
515.961,0
516.068,13
516.174,7
516.281,0
516.388,6
516.494,0
516.601,4
516.707,0
516.814,0
516.92,18
517.027,0
517.133,0
517.24,6
517.346,0
517.453,10
517.56,0
517.666,26
517.773,0
517.879,0
517.986,20
518.092,0
518.199,9
518.305,0
518.412,0
518.518,10
518.625,10
518.732,0
518.838,0
518.945,0
519.051,0
519.158,13
519.264,20
519.371,0
519.477,0
519.584,10
519.69,22
519.797,8
519.903,0
520.01,7
520.117,0
520.223,0
520.33,3
520.436,0
520.543,0
520.649,0
520.756,0
520.862,0
520.969,0
521.075,0
521.182,0
521.289,4
521.395,0
521.502,14
521.608,13
521.715,22
521.821,13
521.928,11
522.034,0
522.141,39
522.247,35
522.354,24
522.46,0
522.567,5
522.674,0
522.78,0
522.887,0
522.993,13
523.1,10
523.206,0
523.313,4
523.419,0
523.526,0
523.632,17
523.739,32
523.845,10
523.952,0
524.058,9
524.165,0
524.272,0
524.378,0
524.485,22
524.591,1
524.698,14
524.804,0
524.911,13
525.017,0
525.124,5
525.23,7
525.337,18
525.443,13
525.55,4
525.656,0
525.763,0
525.87,7
525.976,0
526.083,15
526.189,0
526.296,19
526.402,33
526.509,23
526.615,0
526.722,0
526.828,0
526.935,8
527.041,0
527.148,15
527.254,89
527.361,62
527.467,23
527.574,0
527.68,0
527.787,8
527.894,7
528,0
528.107,2
528.213,20
528.32,10
528.426,0
528.533,3
528.639,0
528.746,0
528.852,0
528.959,0
529.065,17
529.172,0
529.278,0
529.385,0
529.491,7
529.598,0
529.704,0
529.811,21
529.918,71
530.024,70
530.131,39
530.237,0
530.344,5
530.45,30
530.557,0
530.663,0
530.77,0
530.876,5
530.983,23
531.089,3
531.196,0
531.302,9
531.409,22
531.515,15
531.622,13
531.728,14
531.835,11
531.941,0
532.048,22
532.154,0
532.261,0
532.367,1
532.474,0
532.581,2
532.687,0
532.794,15
532.9,0
533.007,8
533.113,33
533.22,0
533.326,0
533.433,4
533.539,0
533.646,4
533.752,2
533.859,0
533.965,13
534.072,0
534.178,0
534.285,13
534.391,0
534.498,12
534.604,6
534.711,0
534.817,0
534.924,21
535.03,0
535.137,0
535.243,17
535.35,3
535.456,0
535.563,0
535.669,0
535.776,0
535.882,4
535.989,0
536.095,8
536.202,0
536.308,6
536.415,12
536.521,11
536.628,0
536.735,0
536.841,0
536.948,26
537.054,9
537.161,0
537.267,43
537.374,6
537.48,0
537.587,11
537.693,26
537.8,0
537.906,5
538.013,0
538.119,17
538.226,11
538.332,3
538.439,0
538.545,0
538.652,20
538.758,0
538.865,0
538.971,0
539.078,0
539.184,13
539.291,18
539.397,0
539.504,7
539.61,0
539.717,0
539.823,0
539.93,8
540.036,8
540.143,11
540.249,0
540.356,0
540.462,24
540.569,0
540.675,0
540.782,0
540.888,0
540.995,25
541.101,0
541.208,24
541.314,10
541.421,19
541.527,15
541.634,0
541.74,0
541.847,0
541.953,0
542.06,0
542.166,1
542.273,0
542.379,13
542.486,1
542.592,11
542.699,7
542.805,0
542.912,0
543.018,2
543.125,19
543.231,0
543.338,0
543.444,6
543.551,0
543.657,8
543.764,0
543.87,0
543.977,0
544.083,0
544.19,10
544.296,18
544.403,0
544.509,0
544.616,0
544.722,26
544.829,0
544.935,16
545.042,29
545.148,26
545.255,1
545.361,0
545.467,0
545.574,5
545.68,2
545.787,0
545.893,4
546,4
546.106,15
546.213,0
546.319,27
546.426,22
546.532,0
546.639,0
546.745,0
546.852,0
546.958,0
547.065,0
547.171,2
547.278,0
547.384,28
547.491,27
547.597,10
547.704,0
547.81,11
547.917,2
548.023,4
548.13,0
548.236,0
548.343,0
548.449,0
548.556,8
548.662,0
548.769,0
548.875,0
548.982,44
549.088,47
549.195,16
549.301,4
549.408,0
549.514,11
549.62,0
549.727,12
549.833,0
549.94,14
550.046,0
550.153,0
550.259,22
550.366,13
550.472,10
550.579,11
550.685,16
550.792,46
550.898,0
551.005,0
551.111,34
551.218,37
551.324,0
551.431,0
551.537,0
551.644,12
551.75,0
551.857,0
551.963,15
552.07,4
552.176,3
552.282,33
552.389,22
552.495,2
552.602,0
552.708,17
552.815,0
552.921,0
553.028,7
553.134,0
553.241,4
553.347,18
553.454,11
553.56,0
553.667,0
553.773,21
553.88,35
553.986,25
554.093,0
554.199,0
554.305,0
554.412,3
554.518,32
554.625,0
554.731,0
554.838,9
554.944,12
555.051,9
555.157,0
555.264,4
555.37,20
555.477,0
555.583,3
555.69,8
555.796,0
555.903,0
556.009,0
556.115,32
556.222,4
556.328,60
556.435,54
556.541,35
556.648,1
556.754,0
556.861,13
556.967,7
557.074,4
557.18,11
557.287,0
557.393,0
557.5,0
557.606,29
557.713,21
557.819,0
557.925,0
558.032,0
558.138,9
558.245,0
558.351,0
558.458,10
558.564,21
558.671,0
558.777,0
558.884,23
558.99,16
559.097,0
559.203,5
559.309,0
559.416,0
559.522,29
559.629,0
559.735,3
559.842,0
559.948,0
560.055,3
560.161,2
560.268,12
560.374,0
560.481,15
560.587,18
560.693,21
560.8,3
560.906,8
561.013,0
561.119,0
561.226,0
561.332,0
561.439,0
561.545,0
561.652,0
561.758,39
561.864,26
561.971,0
562.077,2
562.184,33
562.29,0
562.397,21
562.503,10
562.61,0
562.716,0
562.823,0
562.929,0
563.035,0
563.142,0
563.248,14
563.355,18
563.461,3
563.568,1
563.674,15
563.781,10
563.887,0
563.994,27
564.1,0
564.206,0
564.313,10
564.419,6
564.526,0
564.632,5
564.739,12
564.845,0
564.952,0
565.058,42
565.165,0
565.271,0
565.377,0
565.484,4
565.59,0
565.697,0
565.803,0
565.91,4
566.016,11
566.123,0
566.229,7
566.335,0
566.442,8
566.548,14
566.655,0
566.761,0
566.868,25
566.974,11
567.081,23
567.187,6
567.293,18
567.4,0
567.506,0
567.613,0
567.719,13
567.826,0
567.932,0
568.039,12
568.145,0
568.251,18
568.358,15
568.464,21
568.571,0
568.677,0
568.784,28
568.89,35
568.997,1
569.103,1
569.209,22
569.316,0
569.422,0
569.529,0
569.635,2
569.742,0
569.848,0
569.955,27
570.061,0
570.167,0
570.274,12
570.38,8
570.487,0
570.593,0
570.7,15
570.806,18
570.912,0
571.019,0
571.125,0
571.232,0
571.338,0
571.445,0
571.551,14
571.658,0
571.764,12
571.87,30
571.977,0
572.083,16
572.19,0
572.296,0
572.403,41
572.509,38
572.615,0
572.722,0
572.828,0
572.935,0
573.041,0
573.148,27
573.254,12
573.36,9
573.467,134
573.573,81
573.68,62
573.786,6
573.893,0
573.999,0
574.105,0
574.212,6
574.318,0
574.425,0
574.531,2
574.638,0
574.744,16
574.85,0
574.957,9
575.063,28
575.17,13
575.276,0
575.383,0
575.489,0
575.595,15
575.702,0
575.808,0
575.915,21
576.021,0
576.128,2
576.234,0
576.34,0
576.447,0
576.553,0
576.66,0
576.766,12
576.873,8
576.979,0
577.085,0
577.192,13
577.298,23
577.405,0
577.511,15
577.618,3
577.724,7
577.83,2
577.937,0
578.043,8
578.15,1
578.256,8
578.363,13
578.469,8
578.575,35
578.682,11
578.788,4
578.895,19
579.001,0
579.107,11
579.214,2
579.32,7
579.427,15
579.533,0
579.64,4
579.746,20
579.852,0
579.959,13
580.065,0
580.172,18
580.278,5
580.384,16
580.491,0
580.597,2
580.704,5
580.81,0
580.917,0
581.023,7
581.129,0
581.236,14
581.342,0
581.449,0
581.555,0
581.661,10
581.768,7
581.874,18
581.981,3
582.087,6
582.193,17
582.3,0
582.406,0
582.513,0
582.619,0
582.726,16
582.832,0
582.938,0
583.045,22
583.151,30
583.258,0
583.364,0
583.47,0
583.577,5
583.683,18
583.79,17
583.896,0
584.002,3
584.109,0
584.215,0
584.322,0
584.428,22
584.535,6
584.641,0
584.747,16
584.854,8
584.96,24
585.067,22
585.173,0
585.279,0
585.386,0
585.492,0
585.599,0
585.705,3
585.811,0
585.918,0
586.024,10
586.131,4
586.237,11
586.343,29
586.45,0
586.556,7
586.663,71
586.769,107
586.875,32
586.982,0
587.088,0
587.195,10
587.301,25
587.407,18
587.514,56
587.62,47
587.727,30
587.833,0
587.939,21
588.046,11
588.152,0
588.259,0
588.365,21
588.471,13
588.578,0
588.684,0
588.791,0
588.897,32
589.003,21
589.11,13
589.216,0
589.323,0
589.429,0
589.535,0
589.642,0
589.748,10
589.855,0
589.961,25
590.067,0
590.174,0
590.28,21
590.387,9
590.493,0
590.599,8
590.706,0
590.812,0
590.918,0
591.025,0
591.131,13
591.238,0
591.344,2
591.45,21
591.557,0
591.663,0
591.77,0
591.876,15
591.982,17
592.089,0
592.195,24
592.302,0
592.408,12
592.514,2
592.621,13
592.727,0
592.834,0
592.94,0
593.046,0
593.153,27
593.259,7
593.365,0
593.472,0
593.578,0
593.685,23
593.791,36
593.897,7
594.004,0
594.11,0
594.217,6
594.323,2
594.429,45
594.536,90
594.642,41
594.748,2
594.855,0
594.961,0
595.068,0
595.174,18
595.28,0
595.387,0
595.493,0
595.6,0
595.706,13
595.812,0
595.919,0
596.025,10
596.131,26
596.238,33
596.344,7
596.451,18
596.557,0
596.663,0
596.77,0
596.876,0
596.982,0
597.089,0
597.195,0
597.302,0
597.408,5
597.514,30
597.621,6
597.727,6
597.833,0
597.94,25
598.046,32
598.153,0
598.259,17
598.365,0
598.472,0
598.578,16
598.685,0
598.791,0
598.897,10
599.004,0
599.11,0
599.216,0
599.323,0
599.429,5
599.535,0
599.642,0
599.748,11
599.855,0
599.961,4
600.067,0
600.174,0
600.28,0
600.386,1
600.493,0
600.599,10
600.706,8
600.812,4
600.918,4
601.025,10
601.131,0
601.237,8
601.344,11
601.45,0
601.557,0
601.663,5
601.769,6
601.876,12
601.982,12
602.088,21
602.195,0
602.301,0
602.407,5
602.514,0
602.62,16
602.727,27
602.833,0
602.939,3
603.046,0
603.152,0
603.258,25
603.365,2
603.471,37
603.577,82
603.684,60
603.79,5
603.897,16
604.003,0
604.109,0
604.216,12
604.322,31
604.428,40
604.535,8
604.641,0
604.747,8
604.854,23
604.96,0
605.067,0
605.173,0
605.279,2
605.386,0
605.492,8
605.598,13
605.705,0
605.811,12
605.917,5
606.024,0
606.13,19
606.236,17
606.343,0
606.449,0
606.556,0
606.662,0
606.768,0
606.875,0
606.981,17
607.087,0
607.194,0
607.3,0
607.406,0
607.513,0
607.619,0
607.725,20
607.832,15
607.938,15
608.045,7
608.151,0
608.257,1
608.364,6
608.47,9
608.576,9
608.683,0
608.789,27
608.895,0
609.002,0
609.108,0
609.214,8
609.321,22
609.427,10
609.533,12
609.64,0
609.746,0
609.852,0
609.959,17
610.065,9
610.172,0
610.278,28
610.384,2
610.491,0
610.597,7
610.703,21
610.81,2
610.916,12
611.022,12
611.129,0
611.235,0
611.341,2
611.448,0
611.554,8
611.66,0
611.767,13
611.873,0
611.979,0
612.086,5
612.192,21
612.298,29
612.405,0
612.511,0
612.617,3
612.724,15
612.83,32
612.936,117
613.043,202
613.149,96
613.255,52
613.362,28
613.468,27
613.575,0
613.681,17
613.787,8
613.894,0
614,0
614.106,0
614.213,11
614.319,0
614.425,8
614.532,26
614.638,17
614.744,0
614.851,6
614.957,13
615.063,6
615.17,0
615.276,7
615.382,9
615.489,22
615.595,13
615.701,26
615.808,23
615.914,0
616.02,0
616.127,0
616.233,38
616.339,0
616.446,0
616.552,3
616.658,9
616.765,24
616.871,38
616.977,20
617.084,10
617.19,4
617.296,0
617.403,0
617.509,26
617.615,36
617.722,0
617.828,0
617.934,0
618.041,0
618.147,0
618.253,0
618.36,11
618.466,5
618.572,34
618.679,22
618.785,0
618.891,12
618.998,0
619.104,0
619.21,17
619.316,0
619.423,0
619.529,3
619.635,0
619.742,16
619.848,1
619.954,28
620.061,6
620.167,0
620.273,0
620.38,36
620.486,25
620.592,0
620.699,0
620.805,9
620.911,0
621.018,102
621.124,109
621.23,39
621.337,10
621.443,0
621.549,0
621.656,37
621.762,0
621.868,0
621.975,0
622.081,0
622.187,19
622.294,8
622.4,0
622.506,21
622.612,7
622.719,1
622.825,0
622.931,0
623.038,0
623.144,0
623.25,29
623.357,15
623.463,1
623.569,22
623.676,17
623.782,0
623.888,5
623.995,0
624.101,13
624.207,6
624.314,1
624.42,0
624.526,18
624.632,0
624.739,21
624.845,0
624.951,8
625.058,29
625.164,34
625.27,18
625.377,0
625.483,0
625.589,47
625.696,0
625.802,0
625.908,0
626.015,7
626.121,0
626.227,0
626.333,0
626.44,0
626.546,26
626.652,0
626.759,50
626.865,62
626.971,8
627.078,0
627.184,29
627.29,0
627.397,10
627.503,1
627.609,10
627.715,14
627.822,0
627.928,0
628.034,10
628.141,0
628.247,0
628.353,6
628.46,24
628.566,8
628.672,36
628.778,11
628.885,0
628.991,16
629.097,0
629.204,22
629.31,0
629.416,22
629.523,0
629.629,0
629.735,4
629.841,19
629.948,1
630.054,23
630.16,11
630.267,5
630.373,1
630.479,0
630.586,22
630.692,8
630.798,0
630.904,0
631.011,0
631.117,16
631.223,32
631.33,0
631.436,12
631.542,0
631.649,0
631.755,32
631.861,1
631.967,7
632.074,19
632.18,0
632.286,30
632.393,25
632.499,0
632.605,0
632.711,20
632.818,0
632.924,5
633.03,0
633.137,4
633.243,13
633.349,7
633.456,32
633.562,17
633.668,11
633.774,0
633.881,13
633.987,18
634.093,102
634.2,128
634.306,25
634.412,0
634.518,0
634.625,0
634.731,4
634.837,9
634.944,30
635.05,28
635.156,0
635.262,0
635.369,0
635.475,0
635.581,0
635.688,0
635.794,23
635.9,15
636.006,0
636.113,0
636.219,19
636.325,31
636.432,0
636.538,11
636.644,0
636.75,0
636.857,18
636.963,7
637.069,0
637.176,20
637.282,30
637.388,6
637.494,0
637.601,8
637.707,2
637.813,0
637.92,12
638.026,0
638.132,9
638.238,1
638.345,152
638.451,139
638.557,57
638.663,6
638.77,142
638.876,243
638.982,140
639.089,3
639.195,0
639.301,0
639.407,0
639.514,11
639.62,24
639.726,0
639.833,18
639.939,0
640.045,0
640.151,5
640.258,7
640.364,2
640.47,0
640.576,2
640.683,9
640.789,2
640.895,16
641.002,8
641.108,5
641.214,7
641.32,12
641.427,2
641.533,0
641.639,0
641.745,11
641.852,0
641.958,0
642.064,24
642.171,6
642.277,10
642.383,6
642.489,24
642.596,6
642.702,0
642.808,16
642.914,0
643.021,56
643.127,14
643.233,10
643.339,0
643.446,0
643.552,0
643.658,0
643.765,0
643.871,0
643.977,4
644.083,0
644.19,2
644.296,12
644.402,18
644.508,0
644.615,8
644.721,0
644.827,4
644.933,25
645.04,8
645.146,0
645.252,37
645.358,6
645.465,9
645.571,23
645.677,0
645.784,17
645.89,7
645.996,11
646.102,8
646.209,0
646.315,0
646.421,15
646.527,6
646.634,0
646.74,0
646.846,44
646.952,21
647.059,13
647.165,0
647.271,10
647.377,16
647.484,4
647.59,0
647.696,9
647.802,0
647.909,2
648.015,0
648.121,10
648.227,10
648.334,5
648.44,0
648.546,25
648.652,70
648.759,37
648.865,24
648.971,0
649.077,0
649.184,0
649.29,4
649.396,0
649.502,25
649.609,93
649.715,69
649.821,24
649.927,56
650.034,111
650.14,169
650.246,108
650.352,24
650.459,21
650.565,25
650.671,84
650.777,113
650.884,63
650.99,17
651.096,0
651.202,16
651.309,22
651.415,92
651.521,147
651.627,100
651.734,30
651.84,0
651.946,0
652.052,40
652.159,45
652.265,11
652.371,0
652.477,0
652.584,8
652.69,22
652.796,0
652.902,0
653.009,5
653.115,12
653.221,0
653.327,13
653.434,0
653.54,0
653.646,0
653.752,0
653.858,0
653.965,32
654.071,122
654.177,100
654.283,39
654.39,19
654.496,0
654.602,0
654.708,16
654.815,15
654.921,115
655.027,116
655.133,16
655.24,0
655.346,0
655.452,0
655.558,15
655.665,0
655.771,8
655.877,20
655.983,6
656.089,13
656.196,0
656.302,4
656.408,0
656.514,16
656.621,10
656.727,14
656.833,8
656.939,0
657.046,0
657.152,16
657.258,0
657.364,0
657.47,49
657.577,93
657.683,63
657.789,28
657.895,1
658.002,60
658.108,98
658.214,42
658.32,10
658.427,0
658.533,25
658.639,124
658.745,80
658.851,33
658.958,27
659.064,29
659.17,36
659.276,51
659.383,101
659.489,49
659.595,28
659.701,44
659.807,6
659.914,2
660.02,0
660.126,24
660.232,19
660.339,0
660.445,0
660.551,0
660.657,10
660.763,6
660.87,0
660.976,17
661.082,16
661.188,30
661.295,0
661.401,21
661.507,41
661.613,7
661.719,4
661.826,9
661.932,22
662.038,73
662.144,47
662.251,7
662.357,0
662.463,0
662.569,25
662.675,0
662.782,0
662.888,0
662.994,0
663.1,43
663.206,24
663.313,10
663.419,17
663.525,0
663.631,20
663.738,2
663.844,22
663.95,12
664.056,16
664.162,19
664.269,6
664.375,30
664.481,0
664.587,8
664.693,0
664.8,2
664.906,0
665.012,0
665.118,9
665.225,18
665.331,8
665.437,0
665.543,0
665.649,25
665.756,0
665.862,33
665.968,66
666.074,42
666.18,5
666.287,0
666.393,0
666.499,6
666.605,0
666.711,0
666.818,0
666.924,0
667.03,0
667.136,12
667.242,0
667.349,0
667.455,3
667.561,0
667.667,27
667.773,0
667.88,19
667.986,0
668.092,38
668.198,0
668.304,0
668.411,0
668.517,0
668.623,0
668.729,0
668.835,0
668.942,16
669.048,0
669.154,5
669.26,8
669.366,0
669.473,0
669.579,16
669.685,0
669.791,0
669.897,58
670.004,97
670.11,74
670.216,36
670.322,10
670.428,11
670.535,31
670.641,55
670.747,25
670.853,14
670.959,7
671.066,0
671.172,0
671.278,4
671.384,0
671.49,0
671.597,0
671.703,6
671.809,26
671.915,0
672.021,22
672.128,17
672.234,0
672.34,9
672.446,61
672.552,23
672.658,34
672.765,12
672.871,21
672.977,0
673.083,11
673.189,0
673.296,6
673.402,0
673.508,41
673.614,19
673.72,0
673.827,0
673.933,26
674.039,0
674.145,0
674.251,20
674.357,0
674.464,0
674.57,3
674.676,0
674.782,0
674.888,0
674.995,9
675.101,0
675.207,21
675.313,3
675.419,11
675.526,13
675.632,23
675.738,0
675.844,0
675.95,1
676.056,5
676.163,0
676.269,0
676.375,0
676.481,19
676.587,0
676.693,16
676.8,6
676.906,0
677.012,9
677.118,0
677.224,20
677.331,0
677.437,2
677.543,11
677.649,12
677.755,0
677.861,0
677.968,0
678.074,0
678.18,15
678.286,0
678.392,8
678.498,0
678.605,0
678.711,50
678.817,9
678.923,21
679.029,0
679.136,1
679.242,0
679.348,2
679.454,24
679.56,6
679.666,0
679.773,0
679.879,5
679.985,0
680.091,0
680.197,15
680.303,17
680.41,0
680.516,0
680.622,0
680.728,0
680.834,20
680.94,0
681.047,0
681.153,0
681.259,0
681.365,0
681.471,0
681.577,14
681.684,0
681.79,0
681.896,48
682.002,31
682.108,0
682.214,0
682.321,31
682.427,11
682.533,52
682.639,77
682.745,45
682.851,15
682.958,0
683.064,0
683.17,10
683.276,7
683.382,0
683.488,4
683.595,0
683.701,14
683.807,34
683.913,24
684.019,0
684.125,0
684.231,0
684.338,0
684.444,0
684.55,8
684.656,0
684.762,0
684.868,28
684.975,27
685.081,1
685.187,0
685.293,0
685.399,7
685.505,2
685.611,8
685.718,1
685.824,0
685.93,0
686.036,0
686.142,20
686.248,11
686.355,0
686.461,42
686.567,0
686.673,0
686.779,9
686.885,0
686.991,0
687.098,0
687.204,6
687.31,11
687.416,0
687.522,0
687.628,4
687.735,0
687.841,0
687.947,0
688.053,0
688.159,0
688.265,0
688.371,0
688.478,0
688.584,16
688.69,0
688.796,0
688.902,1
689.008,18
689.114,0
689.221,0
689.327,17
689.433,23
689.539,0
689.645,2
689.751,0
689.857,1
689.964,0
690.07,0
690.176,2
690.282,8
690.388,25
690.494,0
690.6,3
690.707,0
690.813,14
690.919,3
691.025,0
691.131,28
691.237,38
691.343,33
691.45,16
691.556,13
691.662,14
691.768,0
691.874,0
691.98,15
692.086,24
692.193,0
692.299,13
692.405,0
692.511,12
692.617,1
692.723,0
692.829,30
692.935,0
693.042,28
693.148,1
693.254,19
693.36,14
693.466,11
693.572,15
693.678,0
693.785,0
693.891,11
693.997,5
694.103,0
694.209,0
694.315,11
694.421,0
694.527,17
694.634,0
694.74,11
694.846,0
694.952,19
695.058,0
695.164,22
695.27,0
695.376,12
695.483,0
695.589,8
695.695,8
695.801,0
695.907,0
696.013,36
696.119,18
696.225,29
696.332,0
696.438,0
696.544,0
696.65,5
696.756,5
696.862,0
696.968,1
697.074,0
697.181,18
697.287,3
697.393,0
697.499,0
697.605,12
697.711,0
697.817,0
697.923,0
698.03,21
698.136,0
698.242,3
698.348,21
698.454,18
698.56,8
698.666,0
698.772,30
698.879,0
698.985,0
699.091,6
699.197,3
699.303,0
699.409,0
699.515,31
