59.6745,7
59.7814,0
59.8883,51
59.9952,39
60.1021,0
60.209,11
60.3159,0
60.4228,14
60.5296,41
60.6365,18
60.7434,19
60.8503,5
60.9572,12
61.0641,0
61.171,0
61.2779,0
61.3848,0
61.4917,0
61.5986,6
61.7055,16
61.8124,0
61.9193,12
62.0261,4
62.133,16
62.2399,20
62.3468,12
62.4537,16
62.5606,3
62.6675,1
62.7744,26
62.8813,0
62.9882,19
63.0951,6
63.202,0
63.3089,12
63.4158,50
63.5226,16
63.6295,0
63.7364,3
63.8433,0
63.9502,17
64.0571,22
64.164,6
64.2709,0
64.3778,0
64.4847,0
64.5916,0
64.6985,0
64.8054,6
64.9123,25
65.0192,18
65.1261,16
65.2329,21
65.3398,16
65.4467,8
65.5536,10
65.6605,0
65.7674,0
65.8743,0
65.9812,3
66.0881,0
66.195,0
66.3019,10
66.4088,0
66.5157,8
66.6226,0
66.7295,0
66.8364,22
66.9433,0
67.0502,0
67.157,5
67.2639,2
67.3708,32
67.4777,22
67.5846,0
67.6915,0
67.7984,15
67.9053,5
68.0122,0
68.1191,16
68.226,25
68.3329,15
68.4398,14
68.5467,8
68.6536,26
68.7605,24
68.8674,0
68.9743,0
69.0812,0
69.1881,11
69.295,0
69.4018,6
69.5087,15
69.6156,0
69.7225,24
69.8294,8
69.9363,0
70.0432,0
70.1501,21
70.257,0
70.3639,0
70.4708,0
70.5777,28
70.6846,20
70.7915,8
70.8984,0
71.0053,0
71.1122,0
71.2191,0
71.326,5
71.4329,29
71.5398,1
71.6467,0
71.7536,21
71.8605,11
71.9674,0
72.0742,0
72.1811,0
72.288,17
72.3949,16
72.5018,0
72.6087,2
72.7156,13
72.8225,18
72.9294,23
73.0363,0
73.1432,4
73.2501,5
73.357,8
73.4639,23
73.5708,8
73.6777,0
73.7846,0
73.8915,0
73.9984,3
74.1053,0
74.2122,0
74.3191,8
74.426,0
74.5329,0
74.6398,0
74.7467,1
74.8536,14
74.9605,2
75.0674,8
75.1743,7
75.2812,40
75.3881,0
75.495,5
75.6019,0
75.7088,12
75.8157,0
75.9225,0
76.0294,7
76.1363,30
76.2432,6
76.3501,0
76.457,0
76.5639,18
76.6708,0
76.7777,0
76.8846,0
76.9915,5
77.0984,0
77.2053,17
77.3122,0
77.4191,0
77.526,10
77.6329,7
77.7398,0
77.8467,0
77.9536,17
78.0605,0
78.1674,0
78.2743,9
78.3812,17
78.4881,10
78.595,0
78.7019,2
78.8088,0
78.9157,13
79.0226,25
79.1295,0
79.2364,0
79.3433,9
79.4502,11
79.5571,0
79.664,1
79.7709,42
79.8778,34
79.9847,16
80.0916,0
80.1985,11
80.3054,0
80.4123,5
80.5192,17
80.6261,12
80.733,4
80.8399,0
80.9468,16
81.0537,0
81.1606,0
81.2675,22
81.3744,27
81.4813,4
81.5882,0
81.6951,15
81.802,7
81.9089,6
82.0158,0
82.1227,18
82.2296,0
82.3365,0
82.4434,1
82.5503,0
82.6572,0
82.7641,0
82.871,21
82.9779,12
83.0848,0
83.1917,18
83.2986,0
83.4055,4
83.5124,3
83.6193,0
83.7262,0
83.8331,5
83.94,9
84.0469,17
84.1538,0
84.2607,10
84.3676,0
84.4745,0
84.5814,14
84.6883,21
84.7952,7
84.9021,0
85.009,26
85.1159,0
85.2228,2
85.3297,1
85.4366,4
85.5435,0
85.6504,1
85.7573,25
85.8642,30
85.9711,0
86.078,0
86.1849,6
86.2918,9
86.3987,9
86.5056,32
86.6125,0
86.7194,0
86.8263,4
86.9332,4
87.0401,0
87.147,0
87.2539,0
87.3608,0
87.4677,0
87.5746,0
87.6815,8
87.7884,0
87.8953,0
88.0022,42
88.1091,4
88.216,12
88.3229,18
88.4298,14
88.5367,1
88.6436,35
88.7505,0
88.8574,21
88.9643,0
89.0712,0
89.1781,11
89.285,0
89.3919,2
89.4988,0
89.6057,16
89.7126,9
89.8195,29
89.9264,0
90.0334,2
90.1403,0
90.2472,1
90.3541,0
90.461,1
90.5679,0
90.6748,2
90.7817,11
90.8886,43
90.9955,0
91.1024,0
91.2093,15
91.3162,10
91.4231,1
91.53,0
91.6369,0
91.7438,0
91.8507,0
91.9576,52
92.0645,38
92.1714,8
92.2783,0
92.3852,10
92.4921,0
92.599,0
92.7059,6
92.8128,0
92.9197,4
93.0266,0
93.1335,17
93.2404,4
93.3473,25
93.4542,8
93.5611,0
93.668,0
93.7749,21
93.8818,0
93.9887,0
94.0956,5
94.2025,8
94.3095,10
94.4164,6
94.5233,19
94.6302,0
94.7371,7
94.844,0
94.9509,0
95.0578,0
95.1647,1
95.2716,0
95.3785,16
95.4854,0
95.5923,0
95.6992,34
95.8061,24
95.913,10
96.0199,11
96.1268,1
96.2337,0
96.3406,2
96.4475,2
96.5544,0
96.6613,7
96.7682,7
96.8751,0
96.982,4
97.0889,0
97.1958,0
97.3027,9
97.4097,1
97.5166,0
97.6235,0
97.7304,0
97.8373,6
97.9442,0
98.0511,6
98.158,2
98.2649,0
98.3718,39
98.4787,4
98.5856,6
98.6925,0
98.7994,32
98.9063,8
99.0132,0
99.1201,4
99.227,44
99.3339,11
99.4408,30
99.5477,0
99.6546,7
99.7615,12
99.8684,29
99.9753,17
100.082,3
100.189,0
100.296,0
100.403,2
100.51,0
100.617,7
100.724,0
100.831,4
100.937,17
101.044,0
101.151,7
101.258,39
101.365,0
101.472,12
101.579,0
101.686,22
101.793,0
101.9,9
102.007,0
102.113,0
102.22,2
102.327,0
102.434,0
102.541,0
102.648,40
102.755,15
102.862,0
102.969,0
103.076,13
103.182,0
103.289,0
103.396,0
103.503,0
103.61,16
103.717,22
103.824,0
103.931,31
104.038,0
104.145,3
104.252,4
104.358,0
104.465,0
104.572,6
104.679,13
104.786,17
104.893,0
105,20
105.107,5
105.214,0
105.321,0
105.427,6
105.534,6
105.641,10
105.748,0
105.855,36
105.962,15
106.069,0
106.176,0
106.283,29
106.39,5
106.497,0
106.603,0
106.71,0
106.817,24
106.924,0
107.031,0
107.138,14
107.245,42
107.352,24
107.459,0
107.566,11
107.673,8
107.779,29
107.886,18
107.993,0
108.1,8
108.207,0
108.314,11
108.421,1
108.528,0
108.635,19
108.742,17
108.848,0
108.955,16
109.062,6
109.169,21
109.276,10
109.383,15
109.49,19
109.597,0
109.704,21
109.811,0
109.918,8
110.024,4
110.131,12
110.238,0
110.345,20
110.452,0
110.559,0
110.666,0
110.773,12
110.88,10
110.987,0
111.094,13
111.2,0
111.307,0
111.414,0
111.521,11
111.628,0
111.735,20
111.842,30
111.949,0
112.056,0
112.163,30
112.269,0
112.376,0
112.483,0
112.59,24
112.697,18
112.804,0
112.911,0
113.018,10
113.125,0
113.232,17
113.339,47
113.445,10
113.552,8
113.659,0
113.766,0
113.873,10
113.98,26
114.087,14
114.194,0
114.301,28
114.408,7
114.515,0
114.621,8
114.728,2
114.835,6
114.942,0
115.049,0
115.156,0
115.263,10
115.37,11
115.477,0
115.584,32
115.69,15
115.797,1
115.904,55
116.011,104
116.118,39
116.225,0
116.332,0
116.439,0
116.546,6
116.653,0
116.76,17
116.866,0
116.973,5
117.08,0
117.187,0
117.294,30
117.401,32
117.508,0
117.615,22
117.722,1
117.829,1
117.936,0
118.042,0
118.149,8
118.256,0
118.363,0
118.47,9
118.577,0
118.684,0
118.791,13
118.898,17
119.005,0
119.112,0
119.218,0
119.325,0
119.432,0
119.539,0
119.646,0
119.753,0
119.86,16
119.967,10
120.074,35
120.181,70
120.287,59
120.394,22
120.501,21
120.608,0
120.715,15
120.822,17
120.929,0
121.036,4
121.143,0
121.25,8
121.357,4
121.463,10
121.57,0
121.677,21
121.784,18
121.891,14
121.998,0
122.105,19
122.212,18
122.319,2
122.426,30
122.533,9
122.639,4
122.746,1
122.853,15
122.96,5
123.067,12
123.174,28
123.281,11
123.388,0
123.495,0
123.602,36
123.709,0
123.815,0
123.922,0
124.029,37
124.136,34
124.243,3
124.35,0
124.457,0
124.564,0
124.671,0
124.778,10
124.885,0
124.991,17
125.098,19
125.205,11
125.312,20
125.419,25
125.526,26
125.633,0
125.74,15
125.847,7
125.954,5
126.061,28
126.167,17
126.274,7
126.381,0
126.488,21
126.595,36
126.702,0
126.809,2
126.916,34
127.023,12
127.13,3
127.236,9
127.343,5
127.45,0
127.557,3
127.664,25
127.771,14
127.878,0
127.985,0
128.092,31
128.199,12
128.306,19
128.412,0
128.519,0
128.626,0
128.733,14
128.84,4
128.947,25
129.054,17
129.161,7
129.268,0
129.375,16
129.482,25
129.588,4
129.695,0
129.802,0
129.909,0
130.016,8
130.123,0
130.23,0
130.337,8
130.444,11
130.551,0
130.658,10
130.764,26
130.871,7
130.978,0
131.085,0
131.192,13
131.299,9
131.406,15
131.513,15
131.62,0
131.727,3
131.834,2
131.94,0
132.047,22
132.154,10
132.261,0
132.368,0
132.475,19
132.582,2
132.689,0
132.796,0
132.903,3
133.01,31
133.116,0
133.223,0
133.33,24
133.437,18
133.544,10
133.651,0
133.758,10
133.865,7
133.972,12
134.079,0
134.186,0
134.292,8
134.399,15
134.506,0
134.613,0
134.72,40
134.827,28
134.934,16
135.041,4
135.148,17
135.255,6
135.362,0
135.468,1
135.575,28
135.682,0
135.789,0
135.896,3
136.003,0
136.11,34
136.217,0
136.324,7
136.431,0
136.538,8
136.644,0
136.751,0
136.858,13
136.965,0
137.072,2
137.179,22
137.286,42
137.393,13
137.5,14
137.607,0
137.714,5
137.82,12
137.927,0
138.034,18
138.141,25
138.248,10
138.355,22
138.462,7
138.569,5
138.676,18
138.783,8
138.89,15
138.996,5
139.103,0
139.21,4
139.317,32
139.424,16
139.531,0
139.638,4
139.745,7
139.852,21
139.959,14
140.065,0
140.172,6
140.279,26
140.386,14
140.493,10
140.6,0
140.707,0
140.814,0
140.921,26
141.028,0
141.135,0
141.241,4
141.348,0
141.455,0
141.562,0
141.669,11
141.776,0
141.883,0
141.99,0
142.097,9
142.204,0
142.311,5
142.417,0
142.524,7
142.631,0
142.738,10
142.845,20
142.952,0
143.059,29
143.166,5
143.273,0
143.38,2
143.487,5
143.593,0
143.7,10
143.807,13
143.914,2
144.021,7
144.128,6
144.235,0
144.342,21
144.449,0
144.556,0
144.663,3
144.769,0
144.876,28
144.983,1
145.09,8
145.197,3
145.304,0
145.411,0
145.518,31
145.625,2
145.732,0
145.839,0
145.945,24
146.052,17
146.159,9
146.266,12
146.373,8
146.48,0
146.587,0
146.694,0
146.801,0
146.908,7
147.015,14
147.121,2
147.228,0
147.335,0
147.442,9
147.549,6
147.656,0
147.763,2
147.87,13
147.977,0
148.084,0
148.191,2
148.297,0
148.404,3
148.511,17
148.618,0
148.725,22
148.832,2
148.939,16
149.046,0
149.153,0
149.26,0
149.367,5
149.473,25
149.58,0
149.687,14
149.794,0
149.901,7
150.008,9
150.115,13
150.222,22
150.329,0
150.436,0
150.543,0
150.649,0
150.756,0
150.863,0
150.97,24
151.077,2
151.184,18
151.291,0
151.398,0
151.505,8
151.612,5
151.719,8
151.825,0
151.932,0
152.039,13
152.146,3
152.253,0
152.36,0
152.467,2
152.574,0
152.681,0
152.788,26
152.894,38
153.001,0
153.108,0
153.215,0
153.322,0
153.429,0
153.536,10
153.643,0
153.75,8
153.857,12
153.964,0
154.07,1
154.177,0
154.284,0
154.391,8
154.498,15
154.605,0
154.712,0
154.819,19
154.926,0
155.033,0
155.14,2
155.246,7
155.353,0
155.46,0
155.567,12
155.674,5
155.781,1
155.888,0
155.995,0
156.102,46
156.209,29
156.316,0
156.422,0
156.529,29
156.636,0
156.743,0
156.85,7
156.957,32
157.064,0
157.171,6
157.278,0
157.385,19
157.492,17
157.598,0
157.705,16
157.812,26
157.919,2
158.026,0
158.133,0
158.24,10
158.347,4
158.454,20
158.561,1
158.668,0
158.774,3
158.881,1
158.988,0
159.095,0
159.202,19
159.309,0
159.416,0
159.523,21
159.63,5
159.737,0
159.844,0
159.95,12
160.057,20
160.164,0
160.271,16
160.378,0
160.485,0
160.592,0
160.699,23
160.806,0
160.913,0
161.019,21
161.126,23
161.233,18
161.34,14
161.447,8
161.554,26
161.661,15
161.768,0
161.875,0
161.982,14
162.089,19
162.195,0
162.302,0
162.409,0
162.516,6
162.623,0
162.73,0
162.837,9
162.944,11
163.051,3
163.158,0
163.265,10
163.371,17
163.478,0
163.585,13
163.692,0
163.799,8
163.906,0
164.013,7
164.12,24
164.227,10
164.334,13
164.441,22
164.547,15
164.654,39
164.761,16
164.868,27
164.975,0
165.082,0
165.189,0
165.296,0
165.403,0
165.51,0
165.616,0
165.723,0
165.83,10
165.937,0
166.044,0
166.151,7
166.258,7
166.365,0
166.472,4
166.579,0
166.686,10
166.792,35
166.899,0
167.006,0
167.113,0
167.22,9
167.327,0
167.434,6
167.541,28
167.648,7
167.755,1
167.862,0
167.968,6
168.075,2
168.182,1
168.289,0
168.396,2
168.503,0
168.61,0
168.717,0
168.824,0
168.931,0
169.037,0
169.144,0
169.251,25
169.358,5
169.465,0
169.572,30
169.679,27
169.786,16
169.893,0
170,16
170.107,24
170.213,0
170.32,0
170.427,17
170.534,0
170.641,4
170.748,9
170.855,23
170.962,0
171.069,0
171.176,5
171.283,0
171.389,14
171.496,7
171.603,0
171.71,0
171.817,38
171.924,2
172.031,0
172.138,1
172.245,0
172.352,6
172.458,14
172.565,5
172.672,0
172.779,19
172.886,2
172.993,6
173.1,12
173.207,31
173.314,0
173.421,3
173.528,0
173.634,0
173.741,36
173.848,12
173.955,0
174.062,1
174.169,20
174.276,0
174.383,0
174.49,0
174.597,2
174.704,0
174.81,0
174.917,16
175.024,3
175.131,19
175.238,0
175.345,0
175.452,43
175.559,51
175.666,22
175.773,0
175.879,0
175.986,24
176.093,9
176.2,0
176.307,0
176.414,21
176.521,3
176.628,0
176.735,7
176.842,10
176.949,0
177.055,8
177.162,0
177.269,0
177.376,0
177.483,33
177.59,18
177.697,0
177.804,0
177.911,30
178.018,0
178.124,22
178.231,0
178.338,0
178.445,6
178.552,0
178.659,14
178.766,31
178.873,29
178.98,13
179.087,19
179.194,0
179.3,0
179.407,0
179.514,6
179.621,15
179.728,5
179.835,1
179.942,19
180.049,0
180.156,0
180.263,25
180.369,0
180.476,3
180.583,0
180.69,10
180.797,0
180.904,14
181.011,6
181.118,9
181.225,24
181.332,17
181.439,0
181.545,0
181.652,0
181.759,12
181.866,2
181.973,7
182.08,6
182.187,0
182.294,9
182.401,0
182.508,15
182.614,15
182.721,0
182.828,25
182.935,0
183.042,0
183.149,0
183.256,9
183.363,0
183.47,0
183.577,0
183.683,11
183.79,9
183.897,16
184.004,21
184.111,19
184.218,7
184.325,0
184.432,0
184.539,15
184.646,4
184.753,0
184.859,16
184.966,0
185.073,10
185.18,1
185.287,0
185.394,0
185.501,0
185.608,0
185.715,14
185.822,0
185.928,21
186.035,30
186.142,0
186.249,4
186.356,19
186.463,18
186.57,0
186.677,0
186.784,5
186.891,7
186.997,0
187.104,0
187.211,1
187.318,15
187.425,7
187.532,0
187.639,2
187.746,0
187.853,3
187.96,0
188.067,0
188.173,24
188.28,31
188.387,0
188.494,0
188.601,0
188.708,0
188.815,0
188.922,24
189.029,0
189.136,0
189.242,10
189.349,7
189.456,9
189.563,0
189.67,11
189.777,13
189.884,0
189.991,0
190.098,23
190.205,0
190.311,19
190.418,16
190.525,12
190.632,24
190.739,0
190.846,0
190.953,0
191.06,0
191.167,0
191.274,3
191.38,16
191.487,22
191.594,0
191.701,3
191.808,16
191.915,0
192.022,6
192.129,0
192.236,25
192.343,14
192.45,0
192.556,6
192.663,0
192.77,0
192.877,0
192.984,0
193.091,12
193.198,0
193.305,0
193.412,0
193.519,0
193.625,5
193.732,0
193.839,0
193.946,1
194.053,4
194.16,14
194.267,17
194.374,0
194.481,11
194.588,17
194.694,0
194.801,0
194.908,28
195.015,0
195.122,2
195.229,29
195.336,0
195.443,4
195.55,22
195.657,25
195.763,7
195.87,0
195.977,11
196.084,0
196.191,3
196.298,4
196.405,0
196.512,0
196.619,15
196.726,0
196.832,3
196.939,7
197.046,0
197.153,0
197.26,28
197.367,0
197.474,27
197.581,0
197.688,0
197.795,0
197.901,18
198.008,16
198.115,0
198.222,0
198.329,15
198.436,18
198.543,8
198.65,11
198.757,0
198.864,14
198.97,12
199.077,0
199.184,0
199.291,0
199.398,9
199.505,9
199.612,17
199.719,8
199.826,29
199.933,26
200.039,0
200.146,0
200.253,0
200.36,9
200.467,0
200.574,27
200.681,0
200.788,0
200.895,36
201.002,32
201.108,0
201.215,0
201.322,3
201.429,8
201.536,34
201.643,3
201.75,0
201.857,15
201.964,0
202.071,0
202.177,32
202.284,8
202.391,0
202.498,0
202.605,0
202.712,10
202.819,0
202.926,0
203.033,9
203.14,11
203.246,0
203.353,0
203.46,7
203.567,26
203.674,5
203.781,0
203.888,32
203.995,14
204.102,21
204.208,0
204.315,14
204.422,0
204.529,11
204.636,19
204.743,14
204.85,27
204.957,0
205.064,0
205.171,24
205.277,0
205.384,6
205.491,0
205.598,0
205.705,0
205.812,11
205.919,28
206.026,0
206.133,13
206.24,1
206.346,0
206.453,2
206.56,2
206.667,0
206.774,11
206.881,10
206.988,44
207.095,0
207.202,8
207.309,19
207.415,15
207.522,0
207.629,12
207.736,3
207.843,15
207.95,0
208.057,5
208.164,0
208.271,7
208.377,37
208.484,19
208.591,1
208.698,0
208.805,37
208.912,8
209.019,6
209.126,0
209.233,0
209.34,0
209.446,0
209.553,8
209.66,12
209.767,9
209.874,21
209.981,1
210.088,0
210.195,4
210.302,9
210.409,34
210.515,5
210.622,0
210.729,0
210.836,17
210.943,36
211.05,3
211.157,0
211.264,0
211.371,4
211.477,0
211.584,10
211.691,15
211.798,21
211.905,0
212.012,8
212.119,7
212.226,0
212.333,0
212.44,7
212.546,8
212.653,0
212.76,0
212.867,15
212.974,6
213.081,8
213.188,31
213.295,15
213.402,0
213.508,29
213.615,0
213.722,33
213.829,22
213.936,0
214.043,0
214.15,10
214.257,0
214.364,0
214.471,0
214.577,0
214.684,1
214.791,0
214.898,14
215.005,12
215.112,16
215.219,17
215.326,2
215.433,5
215.539,0
215.646,0
215.753,1
215.86,31
215.967,0
216.074,0
216.181,24
216.288,0
216.395,6
216.502,8
216.608,0
216.715,0
216.822,13
216.929,0
217.036,9
217.143,19
217.25,0
217.357,25
217.464,0
217.57,0
217.677,28
217.784,20
217.891,6
217.998,0
218.105,7
218.212,0
218.319,10
218.426,26
218.532,15
218.639,5
218.746,25
218.853,2
218.96,7
219.067,0
219.174,0
219.281,0
219.388,0
219.495,0
219.601,11
219.708,8
219.815,16
219.922,0
220.029,31
220.136,0
220.243,18
220.35,28
220.457,33
220.563,0
220.67,0
220.777,3
220.884,0
220.991,2
221.098,3
221.205,0
221.312,28
221.419,15
221.525,4
221.632,0
221.739,10
221.846,34
221.953,0
222.06,4
222.167,0
222.274,0
222.381,0
222.488,4
222.594,8
222.701,4
222.808,1
222.915,0
223.022,8
223.129,32
223.236,14
223.343,0
223.45,19
223.556,10
223.663,4
223.77,1
223.877,0
223.984,15
224.091,7
224.198,4
224.305,4
224.412,19
224.518,23
224.625,0
224.732,29
224.839,0
224.946,0
225.053,3
225.16,0
225.267,0
225.374,7
225.48,0
225.587,0
225.694,8
225.801,0
225.908,0
226.015,2
226.122,0
226.229,8
226.336,9
226.442,31
226.549,0
226.656,18
226.763,0
226.87,0
226.977,0
227.084,0
227.191,0
227.298,24
227.404,20
227.511,12
227.618,0
227.725,0
227.832,5
227.939,0
228.046,10
228.153,15
228.26,3
228.366,4
228.473,23
228.58,16
228.687,0
228.794,30
228.901,7
229.008,0
229.115,9
229.222,16
229.328,8
229.435,0
229.542,0
229.649,0
229.756,10
229.863,0
229.97,0
230.077,0
230.184,0
230.29,0
230.397,0
230.504,5
230.611,0
230.718,12
230.825,0
230.932,38
231.039,23
231.146,7
231.252,0
231.359,0
231.466,30
231.573,11
231.68,2
231.787,0
231.894,0
232.001,0
232.108,0
232.214,8
232.321,12
232.428,4
232.535,0
232.642,0
232.749,11
232.856,0
232.963,29
233.07,9
233.176,0
233.283,33
233.39,2
233.497,0
233.604,24
233.711,0
233.818,0
233.925,10
234.031,0
234.138,8
234.245,12
234.352,0
234.459,11
234.566,16
234.673,19
234.78,16
234.887,3
234.993,0
235.1,0
235.207,2
235.314,11
235.421,5
235.528,21
235.635,1
235.742,19
235.849,7
235.955,0
236.062,0
236.169,25
236.276,0
236.383,7
236.49,8
236.597,0
236.704,0
236.81,8
236.917,20
237.024,15
237.131,1
237.238,7
237.345,0
237.452,0
237.559,3
237.666,2
237.772,0
237.879,0
237.986,10
238.093,0
238.2,0
238.307,44
238.414,27
238.521,5
238.628,5
238.734,0
238.841,0
238.948,6
239.055,39
239.162,6
239.269,26
239.376,0
239.483,10
239.589,0
239.696,7
239.803,0
239.91,10
240.017,9
240.124,0
240.231,17
240.338,0
240.445,18
240.551,0
240.658,0
240.765,0
240.872,8
240.979,10
241.086,11
241.193,0
241.3,25
241.406,0
241.513,0
241.62,21
241.727,28
241.834,0
241.941,0
242.048,26
242.155,0
242.262,0
242.368,10
242.475,17
242.582,0
242.689,0
242.796,19
242.903,4
243.01,0
243.117,12
243.223,12
243.33,0
243.437,0
243.544,15
243.651,17
243.758,0
243.865,0
243.972,0
244.079,5
244.185,17
244.292,0
244.399,17
244.506,17
244.613,11
244.72,0
244.827,0
244.934,33
245.04,0
245.147,10
245.254,0
245.361,1
245.468,2
245.575,0
245.682,6
245.789,4
245.896,11
246.002,0
246.109,0
246.216,10
246.323,12
246.43,66
246.537,31
246.644,20
246.751,0
246.857,0
246.964,0
247.071,3
247.178,0
247.285,9
247.392,8
247.499,16
247.606,8
247.712,0
247.819,5
247.926,0
248.033,0
248.14,14
248.247,0
248.354,18
248.461,21
248.567,1
248.674,0
248.781,7
248.888,14
248.995,4
249.102,23
249.209,29
249.316,0
249.423,0
249.529,9
249.636,0
249.743,0
249.85,0
249.957,15
250.064,0
250.171,25
250.278,15
250.384,0
250.491,16
250.598,20
250.705,30
250.812,26
250.919,31
251.026,9
251.133,7
251.239,9
251.346,0
251.453,0
251.56,0
251.667,0
251.774,0
251.881,0
251.988,4
252.094,0
252.201,0
252.308,31
252.415,17
252.522,1
252.629,0
252.736,2
252.843,0
252.949,0
253.056,7
253.163,8
253.27,0
253.377,0
253.484,0
253.591,13
253.698,0
253.804,39
253.911,11
254.018,0
254.125,0
254.232,15
254.339,2
254.446,0
254.553,9
254.659,0
254.766,0
254.873,29
254.98,21
255.087,14
255.194,5
255.301,0
255.408,14
255.514,0
255.621,8
255.728,12
255.835,0
255.942,25
256.049,0
256.156,25
256.263,13
256.369,0
256.476,23
256.583,6
256.69,0
256.797,0
256.904,34
257.011,20
257.118,0
257.224,32
257.331,1
257.438,0
257.545,12
257.652,6
257.759,0
257.866,0
257.973,0
258.079,0
258.186,0
258.293,2
258.4,11
258.507,11
258.614,18
258.721,7
258.828,10
258.934,0
259.041,9
259.148,37
259.255,15
259.362,0
259.469,0
259.576,10
259.683,1
259.789,5
259.896,0
260.003,0
260.11,14
260.217,46
260.324,0
260.431,29
260.537,0
260.644,0
260.751,36
260.858,5
260.965,0
261.072,0
261.179,0
261.286,12
261.392,24
261.499,0
261.606,0
261.713,21
261.82,1
261.927,0
262.034,2
262.141,25
262.247,5
262.354,23
262.461,0
262.568,9
262.675,24
262.782,0
262.889,0
262.996,19
263.102,10
263.209,0
263.316,0
263.423,2
263.53,15
263.637,31
263.744,0
263.85,0
263.957,4
264.064,15
264.171,6
264.278,0
264.385,0
264.492,2
264.599,0
264.705,4
264.812,14
264.919,5
265.026,10
265.133,4
265.24,8
265.347,34
265.454,24
265.56,0
265.667,0
265.774,13
265.881,0
265.988,3
266.095,0
266.202,0
266.308,0
266.415,0
266.522,0
266.629,23
266.736,4
266.843,0
266.95,14
267.057,8
267.163,0
267.27,21
267.377,0
267.484,0
267.591,29
267.698,0
267.805,19
267.911,1
268.018,16
268.125,10
268.232,0
268.339,7
268.446,9
268.553,10
268.66,20
268.766,9
268.873,0
268.98,18
269.087,20
269.194,16
269.301,5
269.408,0
269.514,0
269.621,0
269.728,6
269.835,17
269.942,0
270.049,0
270.156,22
270.263,0
270.369,4
270.476,0
270.583,0
270.69,11
270.797,17
270.904,83
271.011,62
271.117,5
271.224,19
271.331,0
271.438,0
271.545,7
271.652,20
271.759,1
271.866,48
271.972,12
272.079,0
272.186,7
272.293,0
272.4,0
272.507,0
272.614,0
272.72,11
272.827,6
272.934,5
273.041,10
273.148,32
273.255,42
273.362,2
273.468,0
273.575,0
273.682,33
273.789,8
273.896,11
274.003,0
274.11,0
274.217,6
274.323,0
274.43,0
274.537,0
274.644,11
274.751,17
274.858,0
274.965,17
275.071,30
275.178,0
275.285,0
275.392,12
275.499,0
275.606,0
275.713,4
275.819,37
275.926,48
276.033,20
276.14,12
276.247,47
276.354,140
276.461,89
276.567,34
276.674,33
276.781,6
276.888,8
276.995,7
277.102,0
277.209,0
277.315,0
277.422,17
277.529,2
277.636,0
277.743,0
277.85,3
277.957,0
278.064,1
278.17,6
278.277,33
278.384,7
278.491,15
278.598,31
278.705,12
278.812,6
278.918,7
279.025,0
279.132,2
279.239,2
279.346,3
279.453,0
279.56,25
279.666,24
279.773,26
279.88,30
279.987,0
280.094,0
280.201,29
280.308,37
280.414,11
280.521,8
280.628,23
280.735,7
280.842,0
280.949,11
281.056,0
281.162,6
281.269,0
281.376,2
281.483,9
281.59,1
281.697,0
281.804,0
281.91,2
282.017,22
282.124,6
282.231,1
282.338,0
282.445,0
282.552,7
282.658,3
282.765,12
282.872,2
282.979,26
283.086,24
283.193,0
283.3,19
283.406,2
283.513,28
283.62,1
283.727,15
283.834,0
283.941,16
284.048,6
284.154,0
284.261,0
284.368,38
284.475,33
284.582,4
284.689,5
284.796,17
284.902,24
285.009,0
285.116,19
285.223,2
285.33,0
285.437,14
285.544,20
285.65,0
285.757,11
285.864,30
285.971,26
286.078,12
286.185,12
286.292,26
286.398,22
286.505,0
286.612,8
286.719,19
286.826,0
286.933,0
287.039,18
287.146,0
287.253,0
287.36,8
287.467,0
287.574,0
287.681,10
287.787,17
287.894,0
288.001,19
288.108,0
288.215,0
288.322,13
288.429,0
288.535,21
288.642,21
288.749,11
288.856,0
288.963,0
289.07,17
289.177,13
289.283,6
289.39,0
289.497,21
289.604,0
289.711,0
289.818,4
289.924,0
290.031,31
290.138,4
290.245,2
290.352,0
290.459,15
290.566,4
290.672,0
290.779,10
290.886,0
290.993,10
291.1,4
291.207,0
291.314,1
291.42,6
291.527,0
291.634,12
291.741,18
291.848,0
291.955,0
292.062,13
292.168,20
292.275,1
292.382,13
292.489,21
292.596,0
292.703,1
292.809,0
292.916,0
293.023,19
293.13,22
293.237,0
293.344,0
293.451,17
293.557,21
293.664,0
293.771,0
293.878,10
293.985,7
294.092,12
294.198,0
294.305,6
294.412,3
294.519,6
294.626,0
294.733,14
294.84,0
294.946,0
295.053,24
295.16,24
295.267,0
295.374,0
295.481,0
295.588,2
295.694,0
295.801,8
295.908,0
296.015,0
296.122,22
296.229,8
296.335,0
296.442,0
296.549,0
296.656,0
296.763,0
296.87,0
296.977,0
297.083,0
297.19,21
297.297,0
297.404,4
297.511,7
297.618,17
297.724,0
297.831,29
297.938,31
298.045,4
298.152,0
298.259,1
298.365,0
298.472,1
298.579,0
298.686,16
298.793,14
298.9,0
299.007,9
299.113,22
299.22,0
299.327,25
299.434,168
299.541,91
299.648,40
299.754,0
299.861,0
299.968,0
300.075,0
300.182,0
300.289,0
300.396,0
300.502,0
300.609,0
300.716,2
300.823,0
300.93,0
301.037,0
301.143,10
301.25,0
301.357,0
301.464,18
301.571,26
301.678,5
301.784,0
301.891,0
301.998,0
302.105,10
302.212,14
302.319,0
302.426,0
302.532,21
302.639,4
302.746,9
302.853,0
302.96,10
303.067,12
303.173,0
303.28,10
303.387,0
303.494,5
303.601,0
303.708,0
303.814,9
303.921,16
304.028,17
304.135,0
304.242,3
304.349,9
304.456,5
304.562,29
304.669,0
304.776,43
304.883,3
304.99,8
305.097,8
305.203,0
305.31,2
305.417,6
305.524,0
305.631,0
305.738,40
305.844,33
305.951,0
306.058,0
306.165,0
306.272,0
306.379,26
306.485,12
306.592,20
306.699,16
306.806,34
306.913,22
307.02,0
307.126,0
307.233,0
307.34,0
307.447,22
307.554,0
307.661,5
307.767,10
307.874,29
307.981,8
308.088,0
308.195,0
308.302,4
308.409,0
308.515,18
308.622,2
308.729,0
308.836,10
308.943,20
309.05,13
309.156,21
309.263,22
309.37,22
309.477,21
309.584,0
309.691,0
309.797,14
309.904,0
310.011,0
310.118,8
310.225,10
310.332,10
310.438,0
310.545,0
310.652,8
310.759,17
310.866,15
310.973,0
311.079,8
311.186,37
311.293,0
311.4,5
311.507,18
311.614,2
311.72,0
311.827,0
311.934,0
312.041,13
312.148,0
312.255,3
312.361,24
312.468,0
312.575,24
312.682,2
312.789,0
312.896,10
313.002,0
313.109,0
313.216,3
313.323,10
313.43,16
313.537,0
313.643,30
313.75,17
313.857,0
313.964,8
314.071,14
314.178,13
314.284,10
314.391,13
314.498,24
314.605,7
314.712,0
314.819,0
314.925,0
315.032,47
315.139,2
315.246,0
315.353,14
315.46,38
315.566,20
315.673,0
315.78,15
315.887,4
315.994,0
316.1,0
316.207,0
316.314,0
316.421,51
316.528,25
316.635,0
316.741,0
316.848,8
316.955,0
317.062,4
317.169,9
317.276,27
317.382,0
317.489,0
317.596,0
317.703,15
317.81,38
317.917,0
318.023,0
318.13,12
318.237,11
318.344,0
318.451,26
318.558,31
318.664,0
318.771,2
318.878,0
318.985,4
319.092,6
319.199,0
319.305,9
319.412,0
319.519,0
319.626,31
319.733,2
319.839,0
319.946,5
320.053,15
320.16,0
320.267,0
320.374,0
320.48,17
320.587,25
320.694,0
320.801,1
320.908,4
321.015,12
321.121,6
321.228,0
321.335,7
321.442,0
321.549,2
321.655,0
321.762,23
321.869,0
321.976,32
322.083,0
322.19,0
322.296,4
322.403,23
322.51,0
322.617,6
322.724,3
322.831,0
322.937,21
323.044,12
323.151,24
323.258,0
323.365,0
323.472,0
323.578,12
323.685,12
323.792,9
323.899,9
324.006,8
324.112,0
324.219,0
324.326,9
324.433,0
324.54,0
324.647,9
324.753,0
324.86,0
324.967,0
325.074,3
325.181,0
325.287,0
325.394,3
325.501,0
325.608,9
325.715,17
325.822,13
325.928,0
326.035,13
326.142,5
326.249,0
326.356,0
326.463,0
326.569,0
326.676,6
326.783,0
326.89,4
326.997,0
327.103,30
327.21,59
327.317,0
327.424,13
327.531,0
327.638,0
327.744,10
327.851,0
327.958,0
328.065,26
328.172,0
328.278,0
328.385,0
328.492,12
328.599,33
328.706,0
328.813,6
328.919,10
329.026,11
329.133,0
329.24,13
329.347,1
329.453,0
329.56,0
329.667,8
329.774,0
329.881,0
329.988,13
330.094,0
330.201,13
330.308,13
330.415,0
330.522,8
330.628,10
330.735,0
330.842,0
330.949,22
331.056,0
331.162,0
331.269,0
331.376,7
331.483,16
331.59,0
331.697,52
331.803,39
331.91,23
332.017,0
332.124,19
332.231,1
332.337,0
332.444,0
332.551,2
332.658,0
332.765,0
332.872,31
332.978,23
333.085,19
333.192,0
333.299,0
333.406,17
333.512,3
333.619,1
333.726,19
333.833,16
333.94,16
334.046,14
334.153,3
334.26,0
334.367,8
334.474,2
334.581,0
334.687,0
334.794,0
334.901,0
335.008,3
335.115,0
335.221,4
335.328,0
335.435,2
335.542,2
335.649,14
335.755,4
335.862,0
335.969,0
336.076,11
336.183,3
336.29,7
336.396,0
336.503,4
336.61,48
336.717,5
336.824,4
336.93,0
337.037,16
337.144,10
337.251,0
337.358,0
337.464,9
337.571,0
337.678,0
337.785,43
337.892,32
337.998,0
338.105,0
338.212,0
338.319,0
338.426,11
338.533,39
338.639,0
338.746,12
338.853,4
338.96,5
339.067,0
339.173,0
339.28,0
339.387,0
339.494,4
339.601,8
339.707,4
339.814,16
339.921,15
340.028,0
340.135,0
340.241,21
340.348,34
340.455,0
340.562,7
340.669,16
340.775,8
340.882,0
340.989,0
341.096,13
341.203,0
341.309,0
341.416,6
341.523,21
341.63,24
341.737,11
341.844,5
341.95,0
342.057,87
342.164,95
342.271,52
342.378,35
342.484,8
342.591,0
342.698,7
342.805,8
342.912,0
343.018,0
343.125,9
343.232,13
343.339,0
343.446,3
343.552,11
343.659,12
343.766,12
343.873,2
343.98,0
344.086,0
344.193,0
344.3,32
344.407,0
344.514,0
344.62,9
344.727,11
344.834,8
344.941,0
345.048,6
345.154,0
345.261,9
345.368,3
345.475,0
345.582,15
345.688,0
345.795,1
345.902,15
346.009,7
346.116,6
346.222,6
346.329,14
346.436,14
346.543,14
346.65,35
346.756,0
346.863,18
346.97,30
347.077,22
347.184,5
347.29,6
347.397,8
347.504,13
347.611,0
347.718,0
347.824,0
347.931,34
348.038,12
348.145,13
348.252,0
348.358,0
348.465,24
348.572,51
348.679,12
348.786,0
348.892,1
348.999,4
349.106,0
349.213,0
349.32,1
349.426,0
349.533,9
349.64,4
349.747,0
349.854,0
349.96,7
350.067,4
350.174,3
350.281,25
350.388,18
350.494,1
350.601,5
350.708,2
350.815,0
350.922,0
351.028,3
351.135,14
351.242,5
351.349,0
351.456,0
351.562,0
351.669,2
351.776,0
351.883,8
351.989,0
352.096,0
352.203,0
352.31,0
352.417,0
352.523,16
352.63,26
352.737,0
352.844,24
352.951,15
353.057,0
353.164,0
353.271,10
353.378,5
353.485,0
353.591,7
353.698,0
353.805,2
353.912,18
354.019,2
354.125,0
354.232,0
354.339,17
354.446,0
354.553,15
354.659,2
354.766,2
354.873,8
354.98,15
355.086,0
355.193,0
355.3,0
355.407,0
355.514,2
355.62,0
355.727,0
355.834,0
355.941,17
356.048,20
356.154,0
356.261,10
356.368,2
356.475,0
356.582,0
356.688,0
356.795,6
356.902,27
357.009,0
357.115,2
357.222,0
357.329,0
357.436,0
357.543,0
357.649,4
357.756,5
357.863,2
357.97,13
358.077,0
358.183,3
358.29,12
358.397,0
358.504,12
358.61,8
358.717,0
358.824,16
358.931,0
359.038,0
359.144,30
359.251,5
359.358,0
359.465,0
359.572,12
359.678,15
359.785,0
359.892,0
359.999,11
360.105,0
360.212,0
360.319,0
360.426,8
360.533,4
360.639,15
360.746,12
360.853,0
360.96,0
361.067,0
361.173,23
361.28,17
361.387,0
361.494,32
361.6,0
361.707,0
361.814,0
361.921,0
362.028,0
362.134,17
362.241,15
362.348,1
362.455,2
362.562,0
362.668,22
362.775,3
362.882,5
362.989,8
363.095,6
363.202,2
363.309,6
363.416,0
363.523,5
363.629,0
363.736,0
363.843,11
363.95,0
364.056,19
364.163,4
364.27,0
364.377,1
364.484,14
364.59,19
364.697,1
364.804,12
364.911,22
365.017,0
365.124,0
365.231,0
365.338,0
365.445,12
365.551,0
365.658,11
365.765,11
365.872,8
365.979,0
366.085,11
366.192,0
366.299,27
366.406,28
366.512,16
366.619,6
366.726,22
366.833,5
366.94,14
367.046,10
367.153,0
367.26,6
367.367,3
367.473,0
367.58,0
367.687,6
367.794,0
367.9,0
368.007,9
368.114,1
368.221,7
368.328,0
368.434,0
368.541,3
368.648,13
368.755,0
368.861,4
368.968,0
369.075,4
369.182,0
369.289,40
369.395,0
369.502,0
369.609,0
369.716,0
369.822,66
369.929,22
370.036,0
370.143,0
370.25,2
370.356,16
370.463,3
370.57,9
370.677,0
370.783,26
370.89,1
370.997,16
371.104,0
371.211,0
371.317,11
371.424,0
371.531,5
371.638,0
371.744,6
371.851,22
371.958,1
372.065,13
372.171,0
372.278,0
372.385,19
372.492,6
372.599,0
372.705,0
372.812,0
372.919,0
373.026,0
373.132,0
373.239,0
373.346,0
373.453,3
373.559,0
373.666,0
373.773,19
373.88,4
373.987,0
374.093,0
374.2,0
374.307,10
374.414,33
374.52,9
374.627,0
374.734,0
374.841,4
374.947,15
375.054,0
375.161,13
375.268,24
375.375,6
375.481,12
375.588,5
375.695,28
375.802,28
375.908,0
376.015,11
376.122,27
376.229,0
376.335,14
376.442,7
376.549,0
376.656,4
376.763,6
376.869,9
376.976,0
377.083,0
377.19,0
377.296,14
377.403,1
377.51,0
377.617,0
377.723,7
377.83,8
377.937,0
378.044,0
378.15,1
378.257,6
378.364,0
378.471,0
378.578,0
378.684,16
378.791,0
378.898,10
379.005,0
379.111,0
379.218,26
379.325,0
379.432,17
379.538,0
379.645,0
379.752,73
379.859,65
379.965,13
380.072,0
380.179,0
380.286,0
380.392,0
380.499,35
380.606,7
380.713,1
380.82,0
380.926,0
381.033,0
381.14,0
381.247,20
381.353,0
381.46,8
381.567,20
381.674,8
381.78,0
381.887,0
381.994,9
382.101,6
382.207,0
382.314,5
382.421,11
382.528,7
382.634,0
382.741,0
382.848,0
382.955,0
383.061,0
383.168,7
383.275,0
383.382,0
383.488,0
383.595,0
383.702,4
383.809,15
383.916,0
384.022,9
384.129,28
384.236,0
384.343,0
384.449,0
384.556,0
384.663,5
384.77,0
384.876,0
384.983,4
385.09,0
385.197,3
385.303,19
385.41,7
385.517,17
385.624,8
385.73,13
385.837,10
385.944,0
386.051,0
386.157,4
386.264,10
386.371,0
386.478,0
386.584,0
386.691,17
386.798,0
386.905,0
387.011,25
387.118,8
387.225,14
387.332,19
387.438,15
387.545,10
387.652,0
387.759,13
387.865,0
387.972,23
388.079,1
388.186,6
388.292,6
388.399,0
388.506,0
388.613,13
388.719,6
388.826,0
388.933,21
389.04,9
389.146,8
389.253,3
389.36,0
389.467,0
389.573,0
389.68,0
389.787,0
389.894,0
390,0
390.107,0
390.214,3
390.321,0
390.427,0
390.534,0
390.641,20
390.748,0
390.854,27
390.961,0
391.068,0
391.175,32
391.281,17
391.388,0
391.495,0
391.602,3
391.708,23
391.815,0
391.922,0
392.029,0
392.135,24
392.242,0
392.349,0
392.456,16
392.562,0
392.669,3
392.776,15
392.883,61
392.989,33
393.096,6
393.203,0
393.31,0
393.416,0
393.523,12
393.63,15
393.737,0
393.843,0
393.95,29
394.057,0
394.164,1
394.27,0
394.377,0
394.484,9
394.591,4
394.697,0
394.804,61
394.911,98
395.018,31
395.124,8
395.231,23
395.338,0
395.445,21
395.551,0
395.658,0
395.765,19
395.871,7
395.978,0
396.085,0
396.192,0
396.298,15
396.405,1
396.512,9
396.619,0
396.725,32
396.832,34
396.939,0
397.046,0
397.152,0
397.259,13
397.366,2
397.473,0
397.579,6
397.686,10
397.793,0
397.9,0
398.006,0
398.113,0
398.22,0
398.327,0
398.433,0
398.54,0
398.647,2
398.753,4
398.86,37
398.967,0
399.074,19
399.18,12
399.287,0
399.394,8
399.501,19
399.607,0
399.714,0
399.821,3
399.928,9
400.034,0
400.141,0
400.248,14
400.355,19
400.461,3
400.568,0
400.675,18
400.781,6
400.888,0
400.995,0
401.102,0
401.208,0
401.315,1
401.422,0
401.529,5
401.635,0
401.742,0
401.849,20
401.956,27
402.062,0
402.169,0
402.276,0
402.382,23
402.489,33
402.596,0
402.703,6
402.809,10
402.916,7
403.023,20
403.13,0
403.236,10
403.343,28
403.45,0
403.557,2
403.663,28
403.77,32
403.877,22
403.983,9
404.09,0
404.197,0
404.304,0
404.41,0
404.517,11
404.624,19
404.731,0
404.837,0
404.944,6
405.051,8
405.158,19
405.264,85
405.371,51
405.478,4
405.584,0
405.691,21
405.798,175
405.905,169
406.011,51
406.118,8
406.225,0
406.332,11
406.438,9
406.545,7
406.652,0
406.758,0
406.865,12
406.972,15
407.079,0
407.185,6
407.292,0
407.399,11
407.506,0
407.612,0
407.719,0
407.826,13
407.932,0
408.039,3
408.146,0
408.253,0
408.359,17
408.466,22
408.573,0
408.68,0
408.786,0
408.893,25
409,0
409.106,0
409.213,4
409.32,0
409.427,0
409.533,65
409.64,10
409.747,0
409.853,11
409.96,7
410.067,0
410.174,7
410.28,6
410.387,14
410.494,22
410.601,0
410.707,0
410.814,14
410.921,0
411.027,0
411.134,4
411.241,0
411.348,24
411.454,13
411.561,6
411.668,0
411.774,19
411.881,11
411.988,19
412.095,7
412.201,7
412.308,0
412.415,0
412.522,23
412.628,21
412.735,0
412.842,8
412.948,0
413.055,0
413.162,1
413.269,12
413.375,0
413.482,0
413.589,37
413.695,42
413.802,62
413.909,26
414.016,17
414.122,27
414.229,0
414.336,1
414.442,0
414.549,0
414.656,26
414.763,0
414.869,0
414.976,16
415.083,0
415.189,6
415.296,0
415.403,32
415.51,26
415.616,1
415.723,0
415.83,19
415.936,100
416.043,88
416.15,33
416.257,0
416.363,19
416.47,29
416.577,11
416.683,0
416.79,37
416.897,37
417.004,26
417.11,23
417.217,28
417.324,58
417.43,131
417.537,98
417.644,22
417.751,15
417.857,0
417.964,16
418.071,0
418.177,0
418.284,12
418.391,10
418.498,3
418.604,0
418.711,0
418.818,10
418.924,12
419.031,0
419.138,0
419.245,4
419.351,0
419.458,11
419.565,0
419.671,13
419.778,32
419.885,3
419.992,0
420.098,0
420.205,0
420.312,0
420.418,6
420.525,0
420.632,10
420.738,0
420.845,0
420.952,0
421.059,24
421.165,3
421.272,0
421.379,0
421.485,0
421.592,10
421.699,9
421.806,0
421.912,0
422.019,0
422.126,5
422.232,13
422.339,0
422.446,0
422.552,0
422.659,30
422.766,13
422.873,0
422.979,0
423.086,0
423.193,16
423.299,34
423.406,0
423.513,0
423.62,14
423.726,1
423.833,13
423.94,19
424.046,24
424.153,0
424.26,0
424.366,20
424.473,2
424.58,4
424.687,0
424.793,5
424.9,0
425.007,17
425.113,10
425.22,17
425.327,0
425.433,0
425.54,8
425.647,31
425.754,22
425.86,0
425.967,8
426.074,25
426.18,11
426.287,27
426.394,12
426.5,0
426.607,0
426.714,16
426.821,0
426.927,0
427.034,0
427.141,0
427.247,15
427.354,1
427.461,18
427.567,0
427.674,7
427.781,0
427.888,59
427.994,97
428.101,77
428.208,33
428.314,0
428.421,0
428.528,0
428.634,30
428.741,3
428.848,0
428.955,19
429.061,0
429.168,21
429.275,6
429.381,1
429.488,24
429.595,13
429.701,16
429.808,2
429.915,0
430.021,0
430.128,0
430.235,2
430.342,9
430.448,0
430.555,0
430.662,3
430.768,2
430.875,0
430.982,4
431.088,3
431.195,0
431.302,0
431.409,14
431.515,8
431.622,0
431.729,8
431.835,6
431.942,24
432.049,5
432.155,0
432.262,26
432.369,0
432.475,9
432.582,32
432.689,0
432.796,2
432.902,0
433.009,0
433.116,30
433.222,23
433.329,20
433.436,11
433.542,22
433.649,0
433.756,0
433.862,18
433.969,9
434.076,0
434.182,11
434.289,10
434.396,8
434.503,31
434.609,118
434.716,153
434.823,95
434.929,14
435.036,0
435.143,0
435.249,0
435.356,0
435.463,0
435.569,0
435.676,0
435.783,19
435.889,4
435.996,12
436.103,0
436.21,15
436.316,0
436.423,0
436.53,22
436.636,0
436.743,2
436.85,28
436.956,0
437.063,33
437.17,0
437.276,0
437.383,0
437.49,3
437.596,0
437.703,0
437.81,0
437.916,0
438.023,19
438.13,42
438.237,56
438.343,67
438.45,18
438.557,36
438.663,1
438.77,54
438.877,46
438.983,11
439.09,0
439.197,16
439.303,49
439.41,27
439.517,123
439.623,177
439.73,165
439.837,94
439.943,4
440.05,0
440.157,0
440.263,0
440.37,35
440.477,46
440.583,28
440.69,28
440.797,18
440.904,33
441.01,40
441.117,25
441.224,0
441.33,4
441.437,17
441.544,0
441.65,0
441.757,1
441.864,30
441.97,4
442.077,0
442.184,6
442.29,25
442.397,0
442.504,12
442.61,0
442.717,35
442.824,11
442.93,0
443.037,0
443.144,0
443.25,0
443.357,52
443.464,50
443.57,69
443.677,3
443.784,4
443.89,9
443.997,11
444.104,14
444.21,0
444.317,0
444.424,5
444.53,30
444.637,22
444.744,0
444.851,0
444.957,0
445.064,0
445.171,2
445.277,0
445.384,17
445.491,26
445.597,3
445.704,12
445.811,9
445.917,2
446.024,15
446.131,0
446.237,4
446.344,21
446.451,0
446.557,13
446.664,76
446.771,48
446.877,25
446.984,9
447.091,0
447.197,0
447.304,15
447.411,5
447.517,5
447.624,1
447.731,0
447.837,0
447.944,10
448.051,2
448.157,10
448.264,11
448.371,0
448.477,0
448.584,28
448.691,7
448.797,15
448.904,6
449.011,7
449.117,14
449.224,27
449.331,13
449.437,0
449.544,0
449.651,4
449.757,40
449.864,2
449.971,6
450.077,13
450.184,0
450.291,0
450.397,23
450.504,0
450.611,0
450.717,0
450.824,2
450.931,0
451.037,0
451.144,8
451.251,0
451.357,0
451.464,0
451.571,0
451.677,6
451.784,0
451.891,0
451.997,8
452.104,5
452.21,11
452.317,10
452.424,9
452.53,0
452.637,22
452.744,24
452.85,0
452.957,0
453.064,0
453.17,0
453.277,10
453.384,21
453.49,13
453.597,0
453.704,32
453.81,14
453.917,0
454.024,0
454.13,10
454.237,0
454.344,2
454.45,4
454.557,24
454.664,2
454.77,13
454.877,12
454.984,0
455.09,0
455.197,40
455.304,32
455.41,25
455.517,0
455.624,0
455.73,5
455.837,0
455.944,17
456.05,19
456.157,2
456.263,15
456.37,9
456.477,0
456.583,22
456.69,0
456.797,8
456.903,8
457.01,5
457.117,0
457.223,0
457.33,12
457.437,13
457.543,0
457.65,0
457.757,6
457.863,0
457.97,69
458.077,40
458.183,0
458.29,0
458.397,23
458.503,22
458.61,0
458.716,22
458.823,0
458.93,8
459.036,10
459.143,0
459.25,10
459.356,0
459.463,0
459.57,9
459.676,0
459.783,0
459.89,18
459.996,4
460.103,0
460.21,0
460.316,20
460.423,19
460.53,0
460.636,0
460.743,0
460.849,29
460.956,6
461.063,30
461.169,46
461.276,0
461.383,2
461.489,6
461.596,1
461.703,17
461.809,12
461.916,33
462.023,24
462.129,0
462.236,0
462.342,47
462.449,0
462.556,64
462.662,67
462.769,24
462.876,15
462.982,6
463.089,111
463.196,116
463.302,54
463.409,0
463.516,0
463.622,0
463.729,1
463.835,0
463.942,0
464.049,12
464.155,2
464.262,23
464.369,0
464.475,0
464.582,0
464.689,6
464.795,8
464.902,6
465.009,8
465.115,0
465.222,30
465.328,37
465.435,19
465.542,0
465.648,5
465.755,0
465.862,37
465.968,21
466.075,0
466.182,0
466.288,18
466.395,14
466.501,1
466.608,8
466.715,12
466.821,0
466.928,3
467.035,11
467.141,1
467.248,0
467.355,0
467.461,2
467.568,2
467.674,18
467.781,11
467.888,29
467.994,14
468.101,46
468.208,3
468.314,6
468.421,0
468.528,6
468.634,15
468.741,0
468.847,0
468.954,10
469.061,15
469.167,0
469.274,0
469.381,29
469.487,13
469.594,0
469.701,1
469.807,12
469.914,41
470.02,0
470.127,20
470.234,0
470.34,0
470.447,20
470.554,5
470.66,0
470.767,20
470.873,78
470.98,42
471.087,7
471.193,0
471.3,0
471.407,29
471.513,6
471.62,22
471.727,97
471.833,47
471.94,42
472.046,0
472.153,0
472.26,0
472.366,0
472.473,0
472.58,0
472.686,0
472.793,74
472.899,70
473.006,21
473.113,8
473.219,0
473.326,3
473.433,14
473.539,0
473.646,0
473.752,9
473.859,30
473.966,3
474.072,0
474.179,0
474.286,11
474.392,16
474.499,18
474.605,0
474.712,24
474.819,16
474.925,14
475.032,32
475.139,0
475.245,2
475.352,6
475.458,21
475.565,8
475.672,28
475.778,28
475.885,4
475.992,7
476.098,14
476.205,17
476.311,0
476.418,0
476.525,45
476.631,53
476.738,31
476.844,0
476.951,0
477.058,12
477.164,5
477.271,0
477.378,13
477.484,14
477.591,13
477.697,27
477.804,18
477.911,0
478.017,37
478.124,10
478.231,9
478.337,0
478.444,0
478.55,0
478.657,22
478.764,0
478.87,0
478.977,0
479.083,21
479.19,15
479.297,10
479.403,0
479.51,2
479.617,8
479.723,28
479.83,0
479.936,0
480.043,7
480.15,6
480.256,25
480.363,4
480.469,0
480.576,32
480.683,31
480.789,0
480.896,0
481.003,54
481.109,8
481.216,0
481.322,0
481.429,18
481.536,0
481.642,32
481.749,37
481.855,14
481.962,0
482.069,21
482.175,0
482.282,6
482.388,2
482.495,6
482.602,0
482.708,23
482.815,0
482.922,30
483.028,11
483.135,22
483.241,0
483.348,12
483.455,9
483.561,0
483.668,0
483.774,8
483.881,0
483.988,0
484.094,0
484.201,0
484.307,1
484.414,34
484.521,4
484.627,12
484.734,19
484.84,13
484.947,10
485.054,2
485.16,29
485.267,17
485.373,0
485.48,0
485.587,4
485.693,12
485.8,10
485.907,0
486.013,27
486.12,36
486.226,0
486.333,5
486.44,19
486.546,9
486.653,0
486.759,13
486.866,7
486.973,0
487.079,0
487.186,30
487.292,36
487.399,19
487.506,9
487.612,14
487.719,9
487.825,25
487.932,44
488.039,0
488.145,5
488.252,0
488.358,35
488.465,7
488.572,0
488.678,0
488.785,14
488.891,29
488.998,3
489.105,10
489.211,4
489.318,22
489.424,21
489.531,3
489.638,17
489.744,0
489.851,0
489.957,46
490.064,0
490.171,0
490.277,0
490.384,13
490.49,4
490.597,0
490.704,0
490.81,17
490.917,11
491.023,0
491.13,7
491.237,12
491.343,21
491.45,10
491.556,0
491.663,6
491.769,0
491.876,18
491.983,0
492.089,11
492.196,0
492.302,0
492.409,0
492.516,14
492.622,11
492.729,30
492.835,0
492.942,0
493.049,16
493.155,17
493.262,0
493.368,15
493.475,2
493.582,0
493.688,0
493.795,0
493.901,6
494.008,1
494.114,23
494.221,13
494.328,6
494.434,0
494.541,10
494.647,8
494.754,13
494.861,23
494.967,0
495.074,3
495.18,16
495.287,5
495.394,2
495.5,0
495.607,17
495.713,31
495.82,2
495.926,19
496.033,22
496.14,10
496.246,28
496.353,0
496.459,8
496.566,9
496.673,0
496.779,0
496.886,0
496.992,2
497.099,34
497.206,0
497.312,0
497.419,7
497.525,26
497.632,10
497.738,0
497.845,27
497.952,23
498.058,0
498.165,0
498.271,17
498.378,2
498.485,1
498.591,9
498.698,18
498.804,6
498.911,14
499.017,18
499.124,0
499.231,20
499.337,22
499.444,1
499.55,0
499.657,0
499.763,13
499.87,0
499.977,0
500.083,21
500.19,13
500.296,6
500.403,11
500.51,19
500.616,4
500.723,4
500.829,11
500.936,13
501.042,0
501.149,25
501.256,0
501.362,14
501.469,0
501.575,0
501.682,0
501.788,14
501.895,25
502.002,7
502.108,4
502.215,42
502.321,18
502.428,11
502.534,0
502.641,28
502.748,5
502.854,0
502.961,3
503.067,7
503.174,0
503.281,0
503.387,0
503.494,0
503.6,1
503.707,0
503.813,0
503.92,11
504.027,8
504.133,16
504.24,6
504.346,0
504.453,0
504.559,19
504.666,7
504.773,22
504.879,19
504.986,29
505.092,6
505.199,17
505.305,0
505.412,21
505.518,0
505.625,0
505.732,0
505.838,28
505.945,7
506.051,0
506.158,9
506.264,20
506.371,14
506.478,6
506.584,23
506.691,3
506.797,17
506.904,0
507.01,0
507.117,0
507.224,0
507.33,33
507.437,2
507.543,85
507.65,81
507.756,105
507.863,6
507.97,0
508.076,4
508.183,0
508.289,0
508.396,0
508.502,1
508.609,25
508.715,41
508.822,0
508.929,21
509.035,20
509.142,0
509.248,6
509.355,9
509.461,5
509.568,1
509.675,7
509.781,2
509.888,0
509.994,18
510.101,0
510.207,0
510.314,12
510.42,2
510.527,0
510.634,27
510.74,10
510.847,14
510.953,0
511.06,7
511.166,2
511.273,0
511.379,2
511.486,9
511.593,0
511.699,0
511.806,0
511.912,10
512.019,0
512.125,0
512.232,2
512.339,9
512.445,34
512.552,8
512.658,0
512.765,0
512.871,0
512.978,28
513.084,24
513.191,16
513.298,0
513.404,13
513.511,23
513.617,15
513.724,0
513.83,8
513.937,23
514.043,9
514.15,0
514.256,0
514.363,0
514.47,0
514.576,0
514.683,32
514.789,0
514.896,0
515.002,10
515.109,24
515.215,14
515.322,3
515.429,0
515.535,0
515.642,18
515.748,18
515.855,0
515.961,0
516.068,1
516.174,4
516.281,6
516.388,0
516.494,0
516.601,0
516.707,19
516.814,0
516.92,16
517.027,0
517.133,36
517.24,80
517.346,142
517.453,80
517.56,14
517.666,0
517.773,4
517.879,29
517.986,0
518.092,0
518.199,0
518.305,0
518.412,0
518.518,6
518.625,19
518.732,6
518.838,0
518.945,25
519.051,14
519.158,72
519.264,71
519.371,32
519.477,0
519.584,0
519.69,0
519.797,10
519.903,0
520.01,0
520.117,8
520.223,13
520.33,14
520.436,18
520.543,0
520.649,31
520.756,93
520.862,77
520.969,0
521.075,0
521.182,0
521.289,6
521.395,0
521.502,0
521.608,4
521.715,2
521.821,30
521.928,0
522.034,0
522.141,15
522.247,0
522.354,1
522.46,11
522.567,18
522.674,0
522.78,0
522.887,0
522.993,8
523.1,40
523.206,45
523.313,20
523.419,0
523.526,5
523.632,34
523.739,22
523.845,0
523.952,5
524.058,2
524.165,0
524.272,0
524.378,9
524.485,14
524.591,1
524.698,0
524.804,0
524.911,6
525.017,7
525.124,10
525.23,0
525.337,8
525.443,13
525.55,27
525.656,0
525.763,0
525.87,0
525.976,40
526.083,0
526.189,0
526.296,2
526.402,0
526.509,0
526.615,0
526.722,35
526.828,0
526.935,40
527.041,13
527.148,22
527.254,17
527.361,17
527.467,0
527.574,0
527.68,0
527.787,25
527.894,14
528,67
528.107,98
528.213,24
528.32,10
528.426,0
528.533,0
528.639,0
528.746,0
528.852,12
528.959,0
529.065,8
529.172,6
529.278,0
529.385,3
529.491,20
529.598,0
529.704,0
529.811,51
529.918,32
530.024,0
530.131,0
530.237,0
530.344,16
530.45,10
530.557,1
530.663,0
530.77,0
530.876,0
530.983,0
531.089,28
531.196,7
531.302,0
531.409,25
531.515,1
531.622,0
531.728,0
531.835,0
531.941,20
532.048,29
532.154,0
532.261,0
532.367,11
532.474,8
532.581,0
532.687,10
532.794,12
532.9,26
533.007,0
533.113,0
533.22,15
533.326,8
533.433,4
533.539,7
533.646,30
533.752,0
533.859,15
533.965,0
534.072,3
534.178,0
534.285,14
534.391,11
534.498,0
534.604,17
534.711,21
534.817,14
534.924,0
535.03,0
535.137,11
535.243,39
535.35,10
535.456,1
535.563,8
535.669,0
535.776,41
535.882,0
535.989,18
536.095,17
536.202,12
536.308,10
536.415,0
536.521,0
536.628,30
536.735,30
536.841,0
536.948,0
537.054,26
537.161,13
537.267,0
537.374,0
537.48,10
537.587,14
537.693,0
537.8,11
537.906,0
538.013,19
538.119,20
538.226,0
538.332,18
538.439,27
538.545,0
538.652,0
538.758,0
538.865,0
538.971,0
539.078,0
539.184,3
539.291,6
539.397,11
539.504,3
539.61,16
539.717,20
539.823,36
539.93,0
540.036,0
540.143,0
540.249,0
540.356,2
540.462,103
540.569,66
540.675,0
540.782,0
540.888,0
540.995,0
541.101,6
541.208,3
541.314,0
541.421,33
541.527,6
541.634,2
541.74,0
541.847,0
541.953,0
542.06,0
542.166,0
542.273,10
542.379,0
542.486,0
542.592,23
542.699,0
542.805,5
542.912,18
543.018,28
543.125,0
543.231,10
543.338,2
543.444,0
543.551,10
543.657,0
543.764,2
543.87,2
543.977,0
544.083,20
544.19,0
544.296,0
544.403,20
544.509,15
544.616,12
544.722,31
544.829,29
544.935,0
545.042,0
545.148,7
545.255,5
545.361,0
545.467,0
545.574,10
545.68,0
545.787,0
545.893,4
546,0
546.106,9
546.213,11
546.319,14
546.426,3
546.532,0
546.639,0
546.745,8
546.852,22
546.958,0
547.065,0
547.171,0
547.278,10
547.384,14
547.491,0
547.597,1
547.704,4
547.81,13
547.917,20
548.023,6
548.13,0
548.236,26
548.343,0
548.449,0
548.556,0
548.662,0
548.769,0
548.875,0
548.982,0
549.088,0
549.195,6
549.301,0
549.408,11
549.514,0
549.62,30
549.727,64
549.833,50
549.94,17
550.046,0
550.153,0
550.259,0
550.366,0
550.472,18
550.579,0
550.685,0
550.792,6
550.898,0
551.005,0
551.111,10
551.218,16
551.324,0
551.431,0
551.537,14
551.644,14
551.75,24
551.857,0
551.963,14
552.07,0
552.176,0
552.282,0
552.389,6
552.495,0
552.602,2
552.708,5
552.815,13
552.921,14
553.028,4
553.134,2
553.241,32
553.347,18
553.454,0
553.56,0
553.667,1
553.773,7
553.88,0
553.986,12
554.093,7
554.199,6
554.305,41
554.412,38
554.518,41
554.625,22
554.731,10
554.838,20
554.944,20
555.051,13
555.157,0
555.264,30
555.37,0
555.477,0
555.583,0
555.69,11
555.796,15
555.903,0
556.009,29
556.115,11
556.222,16
556.328,16
556.435,30
556.541,2
556.648,0
556.754,11
556.861,3
556.967,0
557.074,0
557.18,0
557.287,41
557.393,0
557.5,0
557.606,20
557.713,10
557.819,16
557.925,0
558.032,5
558.138,13
558.245,4
558.351,0
558.458,11
558.564,0
558.671,0
558.777,4
558.884,0
558.99,33
559.097,0
559.203,7
559.309,0
559.416,19
559.522,0
559.629,0
559.735,0
559.842,7
559.948,0
560.055,0
560.161,0
560.268,0
560.374,0
560.481,6
560.587,0
560.693,11
560.8,21
560.906,14
561.013,53
561.119,14
561.226,6
561.332,11
561.439,0
561.545,0
561.652,0
561.758,22
561.864,45
561.971,8
562.077,0
562.184,5
562.29,7
562.397,0
562.503,0
562.61,30
562.716,22
562.823,4
562.929,0
563.035,4
563.142,0
563.248,19
563.355,4
563.461,0
563.568,18
563.674,0
563.781,0
563.887,1
563.994,4
564.1,29
564.206,0
564.313,22
564.419,0
564.526,11
564.632,0
564.739,2
564.845,0
564.952,6
565.058,18
565.165,0
565.271,0
565.377,0
565.484,17
565.59,14
565.697,0
565.803,20
565.91,12
566.016,0
566.123,10
566.229,0
566.335,0
566.442,0
566.548,0
566.655,0
566.761,0
566.868,2
566.974,27
567.081,0
567.187,19
567.293,36
567.4,25
567.506,0
567.613,0
567.719,9
567.826,0
567.932,4
568.039,18
568.145,2
568.251,0
568.358,0
568.464,0
568.571,1
568.677,0
568.784,0
568.89,26
568.997,22
569.103,18
569.209,29
569.316,0
569.422,0
569.529,4
569.635,3
569.742,0
569.848,0
569.955,39
570.061,11
570.167,14
570.274,16
570.38,0
570.487,10
570.593,47
570.7,0
570.806,18
570.912,5
571.019,12
571.125,0
571.232,0
571.338,0
571.445,27
571.551,9
571.658,9
571.764,0
571.87,0
571.977,5
572.083,14
572.19,0
572.296,0
572.403,32
572.509,42
572.615,28
572.722,0
572.828,2
572.935,0
573.041,0
573.148,0
573.254,0
573.36,0
573.467,17
573.573,18
573.68,0
573.786,9
573.893,7
573.999,0
574.105,0
574.212,9
574.318,18
574.425,0
574.531,11
574.638,0
574.744,6
574.85,11
574.957,0
575.063,9
575.17,0
575.276,0
575.383,0
575.489,0
575.595,0
575.702,0
575.808,13
575.915,3
576.021,0
576.128,0
576.234,1
576.34,7
576.447,0
576.553,2
576.66,50
576.766,0
576.873,13
576.979,16
577.085,0
577.192,16
577.298,0
577.405,1
577.511,0
577.618,24
577.724,0
577.83,13
577.937,17
578.043,14
578.15,5
578.256,21
578.363,0
578.469,0
578.575,0
578.682,45
578.788,0
578.895,0
579.001,0
579.107,2
579.214,0
579.32,16
579.427,1
579.533,16
579.64,0
579.746,1
579.852,0
579.959,0
580.065,6
580.172,16
580.278,0
580.384,2
580.491,0
580.597,5
580.704,24
580.81,0
580.917,11
581.023,0
581.129,0
581.236,0
581.342,2
581.449,6
581.555,14
581.661,0
581.768,8
581.874,14
581.981,29
582.087,0
582.193,0
582.3,14
582.406,32
582.513,0
582.619,0
582.726,0
582.832,0
582.938,0
583.045,50
583.151,29
583.258,0
583.364,0
583.47,0
583.577,0
583.683,6
583.79,0
583.896,5
584.002,16
584.109,0
584.215,0
584.322,0
584.428,2
584.535,0
584.641,1
584.747,12
584.854,15
584.96,4
585.067,28
585.173,3
585.279,0
585.386,14
585.492,32
585.599,14
585.705,0
585.811,13
585.918,9
586.024,0
586.131,0
586.237,0
586.343,33
586.45,0
586.556,0
586.663,1
586.769,5
586.875,6
586.982,0
587.088,0
587.195,13
587.301,20
587.407,14
587.514,0
587.62,0
587.727,13
587.833,0
587.939,0
588.046,17
588.152,25
588.259,0
588.365,0
588.471,0
588.578,9
588.684,12
588.791,0
588.897,19
589.003,5
589.11,0
589.216,0
589.323,3
589.429,0
589.535,0
589.642,10
589.748,0
589.855,0
589.961,12
590.067,0
590.174,4
590.28,0
590.387,15
590.493,7
590.599,0
590.706,6
590.812,22
590.918,0
591.025,0
591.131,9
591.238,9
591.344,0
591.45,0
591.557,0
591.663,13
591.77,2
591.876,0
591.982,0
592.089,26
592.195,34
592.302,0
592.408,0
592.514,5
592.621,5
592.727,0
592.834,0
592.94,23
593.046,29
593.153,0
593.259,0
593.365,16
593.472,0
593.578,0
593.685,35
593.791,21
593.897,0
594.004,0
594.11,0
594.217,0
594.323,0
594.429,29
594.536,22
594.642,3
594.748,0
594.855,8
594.961,24
595.068,35
595.174,2
595.28,10
595.387,0
595.493,16
595.6,2
595.706,0
595.812,0
595.919,0
596.025,0
596.131,0
596.238,0
596.344,0
596.451,8
596.557,0
596.663,5
596.77,25
596.876,0
596.982,7
597.089,0
597.195,24
597.302,31
597.408,0
597.514,0
597.621,0
597.727,0
597.833,0
597.94,8
598.046,0
598.153,0
598.259,5
598.365,6
598.472,0
598.578,22
598.685,20
598.791,0
598.897,12
599.004,0
599.11,0
599.216,0
599.323,1
599.429,0
599.535,0
599.642,0
599.748,0
599.855,5
599.961,0
600.067,26
600.174,15
600.28,73
600.386,115
600.493,56
600.599,5
600.706,0
600.812,1
600.918,43
601.025,132
601.131,57
601.237,1
601.344,0
601.45,0
601.557,26
601.663,0
601.769,0
601.876,0
601.982,0
602.088,0
602.195,0
602.301,12
602.407,14
602.514,3
602.62,0
602.727,14
602.833,21
602.939,0
603.046,0
603.152,0
603.258,4
603.365,20
603.471,11
603.577,17
603.684,1
603.79,0
603.897,4
604.003,3
604.109,0
604.216,0
604.322,42
604.428,21
604.535,0
604.641,0
604.747,24
604.854,17
604.96,0
605.067,20
605.173,0
605.279,4
605.386,0
605.492,0
605.598,0
605.705,0
605.811,6
605.917,14
606.024,13
606.13,0
606.236,30
606.343,7
606.449,10
606.556,0
606.662,18
606.768,15
606.875,0
606.981,2
607.087,0
607.194,0
607.3,8
607.406,12
607.513,1
607.619,0
607.725,11
607.832,2
607.938,0
608.045,23
608.151,1
608.257,0
608.364,4
608.47,0
608.576,6
608.683,0
608.789,12
608.895,18
609.002,1
609.108,0
609.214,17
609.321,11
609.427,2
609.533,14
609.64,0
609.746,1
609.852,0
609.959,0
610.065,0
610.172,0
610.278,13
610.384,6
610.491,8
610.597,7
610.703,0
610.81,0
610.916,0
611.022,0
611.129,1
611.235,0
611.341,0
611.448,0
611.554,0
611.66,0
611.767,0
611.873,4
611.979,0
612.086,0
612.192,17
612.298,0
612.405,0
612.511,0
612.617,32
612.724,15
612.83,10
612.936,0
613.043,10
613.149,19
613.255,0
613.362,12
613.468,0
613.575,8
613.681,0
613.787,9
613.894,19
614,4
614.106,9
614.213,5
614.319,0
614.425,17
614.532,12
614.638,0
614.744,0
614.851,0
614.957,23
615.063,14
615.17,10
615.276,0
615.382,0
615.489,0
615.595,8
615.701,0
615.808,3
615.914,9
616.02,36
616.127,66
616.233,49
616.339,0
616.446,9
616.552,0
616.658,5
616.765,0
616.871,0
616.977,14
617.084,0
617.19,6
617.296,21
617.403,13
617.509,0
617.615,0
617.722,19
617.828,7
617.934,0
618.041,0
618.147,0
618.253,26
618.36,0
618.466,0
618.572,0
618.679,0
618.785,0
618.891,82
618.998,33
619.104,16
619.21,0
619.316,9
619.423,3
619.529,0
619.635,0
619.742,0
619.848,7
619.954,0
620.061,0
620.167,14
620.273,2
620.38,0
620.486,12
620.592,16
620.699,0
620.805,0
620.911,0
621.018,0
621.124,0
621.23,0
621.337,15
621.443,9
621.549,5
621.656,0
621.762,1
621.868,0
621.975,16
622.081,11
622.187,0
622.294,5
622.4,20
622.506,25
622.612,7
622.719,0
622.825,0
622.931,13
623.038,0
623.144,0
623.25,0
623.357,0
623.463,0
623.569,12
623.676,5
623.782,8
623.888,0
623.995,0
624.101,2
624.207,1
624.314,19
624.42,16
624.526,0
624.632,11
624.739,0
624.845,0
624.951,6
625.058,5
625.164,5
625.27,3
625.377,15
625.483,9
625.589,23
625.696,10
625.802,0
625.908,0
626.015,0
626.121,14
626.227,0
626.333,0
626.44,0
626.546,12
626.652,0
626.759,0
626.865,0
626.971,0
627.078,17
627.184,22
627.29,3
627.397,3
627.503,6
627.609,0
627.715,6
627.822,7
627.928,19
628.034,0
628.141,0
628.247,4
628.353,12
628.46,0
628.566,36
628.672,0
628.778,0
628.885,7
628.991,2
629.097,0
629.204,25
629.31,11
629.416,0
629.523,28
629.629,17
629.735,6
629.841,14
629.948,14
630.054,9
630.16,11
630.267,26
630.373,0
630.479,21
630.586,8
630.692,6
630.798,13
630.904,0
631.011,0
631.117,0
631.223,10
631.33,0
631.436,0
631.542,25
631.649,45
631.755,25
631.861,0
631.967,14
632.074,29
632.18,0
632.286,0
632.393,0
632.499,0
632.605,0
632.711,0
632.818,0
632.924,0
633.03,0
633.137,11
633.243,0
633.349,20
633.456,0
633.562,15
633.668,17
633.774,0
633.881,3
633.987,38
634.093,0
634.2,0
634.306,0
634.412,13
634.518,6
634.625,22
634.731,0
634.837,0
634.944,20
635.05,0
635.156,0
635.262,0
635.369,13
635.475,11
635.581,4
635.688,8
635.794,32
635.9,9
636.006,0
636.113,0
636.219,46
636.325,51
636.432,4
636.538,0
636.644,0
636.75,0
636.857,0
636.963,21
637.069,0
637.176,0
637.282,19
637.388,16
637.494,0
637.601,0
637.707,0
637.813,27
637.92,2
638.026,8
638.132,11
638.238,14
638.345,0
638.451,19
638.557,0
638.663,0
638.77,24
638.876,5
638.982,0
639.089,0
639.195,0
639.301,0
639.407,27
639.514,4
639.62,2
639.726,19
639.833,0
639.939,0
640.045,12
640.151,0
640.258,11
640.364,10
640.47,5
640.576,9
640.683,0
640.789,10
640.895,0
641.002,23
641.108,14
641.214,0
641.32,0
641.427,11
641.533,0
641.639,0
641.745,8
641.852,6
641.958,18
642.064,0
642.171,35
642.277,13
642.383,0
642.489,8
642.596,0
642.702,0
642.808,9
642.914,8
643.021,15
643.127,1
643.233,7
643.339,26
643.446,0
643.552,0
643.658,15
643.765,0
643.871,0
643.977,24
644.083,37
644.19,0
644.296,0
644.402,7
644.508,2
644.615,0
644.721,0
644.827,6
644.933,33
645.04,28
645.146,3
645.252,0
645.358,15
645.465,8
645.571,0
645.677,0
645.784,29
645.89,11
645.996,6
646.102,0
646.209,0
646.315,10
646.421,26
646.527,0
646.634,0
646.74,0
646.846,17
646.952,0
647.059,0
647.165,1
647.271,0
647.377,0
647.484,0
647.59,1
647.696,0
647.802,1
647.909,28
648.015,7
648.121,21
648.227,18
648.334,0
648.44,9
648.546,3
648.652,0
648.759,3
648.865,0
648.971,10
649.077,22
649.184,0
649.29,0
649.396,10
649.502,7
649.609,0
649.715,0
649.821,4
649.927,0
650.034,0
650.14,12
650.246,0
650.352,3
650.459,0
650.565,12
650.671,8
650.777,4
650.884,39
650.99,71
651.096,122
651.202,127
651.309,76
651.415,34
651.521,20
651.627,6
651.734,26
651.84,0
651.946,72
652.052,58
652.159,30
652.265,0
652.371,0
652.477,0
652.584,9
652.69,0
652.796,0
652.902,6
653.009,26
653.115,12
653.221,0
653.327,0
653.434,0
653.54,0
653.646,9
653.752,0
653.858,7
653.965,2
654.071,4
654.177,12
654.283,0
654.39,0
654.496,0
654.602,18
654.708,0
654.815,5
654.921,13
655.027,0
655.133,0
655.24,18
655.346,0
655.452,0
655.558,8
655.665,0
655.771,1
655.877,0
655.983,0
656.089,20
656.196,16
656.302,6
656.408,3
656.514,7
656.621,0
656.727,0
656.833,8
656.939,1
657.046,0
657.152,4
657.258,0
657.364,0
657.47,33
657.577,40
657.683,0
657.789,0
657.895,0
658.002,5
658.108,0
658.214,0
658.32,0
658.427,0
658.533,13
658.639,5
658.745,0
658.851,0
658.958,13
659.064,27
659.17,12
659.276,14
659.383,23
659.489,4
659.595,24
659.701,14
659.807,19
659.914,0
660.02,0
660.126,0
660.232,0
660.339,0
660.445,0
660.551,13
660.657,9
660.763,18
660.87,19
660.976,6
661.082,17
661.188,2
661.295,14
661.401,0
661.507,19
661.613,6
661.719,0
661.826,0
661.932,0
662.038,0
662.144,0
662.251,0
662.357,8
662.463,8
662.569,14
662.675,0
662.782,69
662.888,59
662.994,27
663.1,2
663.206,20
663.313,42
663.419,10
663.525,0
663.631,2
663.738,0
663.844,0
663.95,21
664.056,59
664.162,29
664.269,2
664.375,6
664.481,0
664.587,66
664.693,197
664.8,138
664.906,27
665.012,0
665.118,0
665.225,0
665.331,0
665.437,0
665.543,0
665.649,0
665.756,27
665.862,0
665.968,0
666.074,26
666.18,5
666.287,0
666.393,0
666.499,64
666.605,102
666.711,38
666.818,0
666.924,0
667.03,0
667.136,0
667.242,0
667.349,17
667.455,33
667.561,21
667.667,14
667.773,25
667.88,0
667.986,4
668.092,76
668.198,54
668.304,62
668.411,12
668.517,7
668.623,0
668.729,0
668.835,11
668.942,3
669.048,1
669.154,18
669.26,7
669.366,15
669.473,1
669.579,0
669.685,15
669.791,0
669.897,0
670.004,33
670.11,0
670.216,26
670.322,0
670.428,7
670.535,0
670.641,5
670.747,37
670.853,9
670.959,69
671.066,66
671.172,18
671.278,0
671.384,0
671.49,0
671.597,9
671.703,0
671.809,0
671.915,0
672.021,2
672.128,40
672.234,85
672.34,124
672.446,125
672.552,115
672.658,58
672.765,23
672.871,6
672.977,100
673.083,199
673.189,138
673.296,52
673.402,0
673.508,0
673.614,17
673.72,0
673.827,0
673.933,21
674.039,0
674.145,4
674.251,13
674.357,2
674.464,0
674.57,0
674.676,3
674.782,0
674.888,0
674.995,0
675.101,0
675.207,9
675.313,0
675.419,0
675.526,27
675.632,0
675.738,138
675.844,204
675.95,128
676.056,28
676.163,0
676.269,0
676.375,0
676.481,42
676.587,0
676.693,0
676.8,0
676.906,16
677.012,0
677.118,0
677.224,0
677.331,0
677.437,12
677.543,0
677.649,0
677.755,10
677.861,0
677.968,0
678.074,22
678.18,0
678.286,19
678.392,10
678.498,0
678.605,0
678.711,40
678.817,34
678.923,0
679.029,0
679.136,0
679.242,0
679.348,9
679.454,19
679.56,10
679.666,31
679.773,38
679.879,12
679.985,15
680.091,0
680.197,0
680.303,6
680.41,25
680.516,0
680.622,0
680.728,0
680.834,0
680.94,0
681.047,13
681.153,4
681.259,25
681.365,0
681.471,21
681.577,0
681.684,0
681.79,18
681.896,0
682.002,0
682.108,6
682.214,0
682.321,0
682.427,11
682.533,11
682.639,0
682.745,0
682.851,24
682.958,0
683.064,0
683.17,0
683.276,8
683.382,17
683.488,21
683.595,13
683.701,0
683.807,6
683.913,0
684.019,3
684.125,7
684.231,0
684.338,39
684.444,33
684.55,1
684.656,7
684.762,29
684.868,0
684.975,0
685.081,8
685.187,4
685.293,6
685.399,21
685.505,2
685.611,34
685.718,17
685.824,3
685.93,0
686.036,13
686.142,22
686.248,0
686.355,10
686.461,0
686.567,0
686.673,0
686.779,2
686.885,0
686.991,16
687.098,28
687.204,18
687.31,0
687.416,3
687.522,3
687.628,2
687.735,0
687.841,13
687.947,0
688.053,2
688.159,28
688.265,8
688.371,0
688.478,3
688.584,6
688.69,12
688.796,0
688.902,0
689.008,1
689.114,0
689.221,0
689.327,44
689.433,44
689.539,0
689.645,0
689.751,137
689.857,290
689.964,194
690.07,43
690.176,0
690.282,0
690.388,18
690.494,16
690.6,0
690.707,0
690.813,0
690.919,11
691.025,9
691.131,75
691.237,70
691.343,13
691.45,0
691.556,11
691.662,2
691.768,0
691.874,43
691.98,17
692.086,0
692.193,4
692.299,0
692.405,10
692.511,0
692.617,12
692.723,8
692.829,15
692.935,33
693.042,0
693.148,0
693.254,0
693.36,18
693.466,0
693.572,0
693.678,23
693.785,0
693.891,0
693.997,10
694.103,16
694.209,11
694.315,4
694.421,8
694.527,8
694.634,2
694.74,5
694.846,0
694.952,0
695.058,26
695.164,0
695.27,0
695.376,2
695.483,0
695.589,22
695.695,9
695.801,0
695.907,0
696.013,0
696.119,6
696.225,0
696.332,25
696.438,1
696.544,7
696.65,1
696.756,0
696.862,15
696.968,17
697.074,5
697.181,0
697.287,2
697.393,0
697.499,0
697.605,0
697.711,0
697.817,7
697.923,33
698.03,41
698.136,15
698.242,19
698.348,7
698.454,0
698.56,4
698.666,26
698.772,2
698.879,7
698.985,0
699.091,0
699.197,10
699.303,0
699.409,0
699.515,0
