59.6745,0
59.7814,0
59.8883,25
59.9952,40
60.1021,15
60.209,1
60.3159,0
60.4228,24
60.5296,26
60.6365,0
60.7434,26
60.8503,14
60.9572,16
61.0641,6
61.171,23
61.2779,10
61.3848,6
61.4917,34
61.5986,48
61.7055,0
61.8124,4
61.9193,2
62.0261,0
62.133,0
62.2399,10
62.3468,31
62.4537,11
62.5606,8
62.6675,11
62.7744,4
62.8813,0
62.9882,0
63.0951,0
63.202,0
63.3089,0
63.4158,0
63.5226,11
63.6295,7
63.7364,14
63.8433,14
63.9502,30
64.0571,4
64.164,25
64.2709,20
64.3778,31
64.4847,22
64.5916,23
64.6985,0
64.8054,0
64.9123,28
65.0192,16
65.1261,0
65.2329,21
65.3398,16
65.4467,9
65.5536,9
65.6605,0
65.7674,6
65.8743,15
65.9812,0
66.0881,18
66.195,23
66.3019,20
66.4088,12
66.5157,0
66.6226,5
66.7295,0
66.8364,0
66.9433,0
67.0502,0
67.157,16
67.2639,11
67.3708,0
67.4777,1
67.5846,21
67.6915,16
67.7984,6
67.9053,0
68.0122,0
68.1191,0
68.226,0
68.3329,11
68.4398,2
68.5467,0
68.6536,13
68.7605,0
68.8674,6
68.9743,16
69.0812,24
69.1881,33
69.295,12
69.4018,0
69.5087,0
69.6156,4
69.7225,32
69.8294,23
69.9363,13
70.0432,0
70.1501,41
70.257,0
70.3639,0
70.4708,0
70.5777,24
70.6846,25
70.7915,11
70.8984,0
71.0053,0
71.1122,5
71.2191,18
71.326,0
71.4329,20
71.5398,23
71.6467,23
71.7536,4
71.8605,33
71.9674,17
72.0742,0
72.1811,0
72.288,12
72.3949,13
72.5018,17
72.6087,0
72.7156,24
72.8225,0
72.9294,0
73.0363,24
73.1432,0
73.2501,0
73.357,0
73.4639,36
73.5708,0
73.6777,1
73.7846,0
73.8915,2
73.9984,0
74.1053,5
74.2122,17
74.3191,9
74.426,15
74.5329,0
74.6398,2
74.7467,8
74.8536,8
74.9605,0
75.0674,0
75.1743,10
75.2812,16
75.3881,35
75.495,0
75.6019,0
75.7088,8
75.8157,0
75.9225,21
76.0294,20
76.1363,9
76.2432,15
76.3501,0
76.457,0
76.5639,14
76.6708,16
76.7777,17
76.8846,4
76.9915,7
77.0984,0
77.2053,6
77.3122,19
77.4191,7
77.526,22
77.6329,8
77.7398,15
77.8467,19
77.9536,0
78.0605,0
78.1674,34
78.2743,0
78.3812,3
78.4881,18
78.595,5
78.7019,37
78.8088,2
78.9157,0
79.0226,38
79.1295,33
79.2364,4
79.3433,0
79.4502,13
79.5571,15
79.664,0
79.7709,0
79.8778,0
79.9847,9
80.0916,1
80.1985,0
80.3054,29
80.4123,9
80.5192,0
80.6261,17
80.733,5
80.8399,8
80.9468,0
81.0537,0
81.1606,0
81.2675,26
81.3744,24
81.4813,0
81.5882,13
81.6951,7
81.802,0
81.9089,3
82.0158,33
82.1227,0
82.2296,10
82.3365,30
82.4434,10
82.5503,1
82.6572,0
82.7641,0
82.871,10
82.9779,19
83.0848,0
83.1917,36
83.2986,6
83.4055,22
83.5124,34
83.6193,0
83.7262,19
83.8331,0
83.94,0
84.0469,15
84.1538,0
84.2607,0
84.3676,0
84.4745,28
84.5814,6
84.6883,0
84.7952,6
84.9021,10
85.009,0
85.1159,15
85.2228,17
85.3297,15
85.4366,0
85.5435,32
85.6504,18
85.7573,12
85.8642,0
85.9711,0
86.078,0
86.1849,0
86.2918,7
86.3987,19
86.5056,0
86.6125,0
86.7194,22
86.8263,26
86.9332,5
87.0401,0
87.147,28
87.2539,11
87.3608,24
87.4677,0
87.5746,4
87.6815,0
87.7884,25
87.8953,0
88.0022,0
88.1091,0
88.216,29
88.3229,0
88.4298,0
88.5367,2
88.6436,17
88.7505,0
88.8574,6
88.9643,4
89.0712,0
89.1781,0
89.285,0
89.3919,9
89.4988,0
89.6057,0
89.7126,4
89.8195,9
89.9264,0
90.0334,10
90.1403,8
90.2472,8
90.3541,14
90.461,20
90.5679,32
90.6748,0
90.7817,0
90.8886,0
90.9955,1
91.1024,20
91.2093,7
91.3162,23
91.4231,3
91.53,0
91.6369,23
91.7438,0
91.8507,0
91.9576,40
92.0645,18
92.1714,4
92.2783,0
92.3852,1
92.4921,2
92.599,0
92.7059,0
92.8128,10
92.9197,19
93.0266,33
93.1335,0
93.2404,25
93.3473,13
93.4542,6
93.5611,8
93.668,0
93.7749,0
93.8818,0
93.9887,0
94.0956,26
94.2025,0
94.3095,0
94.4164,8
94.5233,40
94.6302,0
94.7371,0
94.844,0
94.9509,0
95.0578,6
95.1647,15
95.2716,0
95.3785,0
95.4854,26
95.5923,22
95.6992,25
95.8061,13
95.913,0
96.0199,13
96.1268,0
96.2337,15
96.3406,0
96.4475,13
96.5544,5
96.6613,5
96.7682,12
96.8751,11
96.982,0
97.0889,2
97.1958,0
97.3027,0
97.4097,0
97.5166,0
97.6235,0
97.7304,21
97.8373,3
97.9442,0
98.0511,0
98.158,0
98.2649,0
98.3718,10
98.4787,8
98.5856,0
98.6925,6
98.7994,5
98.9063,4
99.0132,20
99.1201,13
99.227,0
99.3339,0
99.4408,0
99.5477,0
99.6546,0
99.7615,3
99.8684,12
99.9753,0
100.082,4
100.189,0
100.296,25
100.403,34
100.51,1
100.617,0
100.724,3
100.831,2
100.937,19
101.044,19
101.151,9
101.258,6
101.365,8
101.472,0
101.579,24
101.686,27
101.793,0
101.9,0
102.007,0
102.113,0
102.22,28
102.327,4
102.434,0
102.541,0
102.648,41
102.755,14
102.862,0
102.969,0
103.076,0
103.182,12
103.289,2
103.396,30
103.503,0
103.61,0
103.717,20
103.824,25
103.931,8
104.038,0
104.145,0
104.252,0
104.358,0
104.465,15
104.572,1
104.679,25
104.786,6
104.893,13
105,24
105.107,28
105.214,11
105.321,0
105.427,4
105.534,11
105.641,0
105.748,0
105.855,18
105.962,9
106.069,0
106.176,0
106.283,9
106.39,18
106.497,11
106.603,8
106.71,12
106.817,32
106.924,0
107.031,24
107.138,1
107.245,15
107.352,10
107.459,0
107.566,0
107.673,1
107.779,0
107.886,0
107.993,21
108.1,42
108.207,13
108.314,0
108.421,23
108.528,3
108.635,0
108.742,15
108.848,0
108.955,19
109.062,14
109.169,3
109.276,0
109.383,12
109.49,6
109.597,0
109.704,26
109.811,19
109.918,5
110.024,0
110.131,7
110.238,31
110.345,9
110.452,4
110.559,0
110.666,0
110.773,10
110.88,5
110.987,11
111.094,36
111.2,36
111.307,18
111.414,14
111.521,0
111.628,3
111.735,11
111.842,0
111.949,0
112.056,0
112.163,0
112.269,0
112.376,10
112.483,0
112.59,6
112.697,8
112.804,15
112.911,0
113.018,39
113.125,0
113.232,0
113.339,19
113.445,37
113.552,0
113.659,0
113.766,0
113.873,10
113.98,0
114.087,8
114.194,0
114.301,15
114.408,22
114.515,11
114.621,11
114.728,12
114.835,7
114.942,6
115.049,0
115.156,0
115.263,0
115.37,0
115.477,7
115.584,1
115.69,0
115.797,0
115.904,0
116.011,16
116.118,13
116.225,10
116.332,37
116.439,2
116.546,16
116.653,13
116.76,0
116.866,5
116.973,2
117.08,0
117.187,6
117.294,0
117.401,0
117.508,4
117.615,0
117.722,0
117.829,11
117.936,0
118.042,0
118.149,0
118.256,10
118.363,22
118.47,9
118.577,20
118.684,6
118.791,2
118.898,16
119.005,24
119.112,0
119.218,22
119.325,15
119.432,0
119.539,3
119.646,2
119.753,23
119.86,46
119.967,31
120.074,0
120.181,0
120.287,4
120.394,0
120.501,0
120.608,16
120.715,10
120.822,6
120.929,11
121.036,0
121.143,0
121.25,12
121.357,1
121.463,0
121.57,0
121.677,15
121.784,33
121.891,0
121.998,4
122.105,17
122.212,20
122.319,0
122.426,6
122.533,0
122.639,42
122.746,34
122.853,19
122.96,28
123.067,14
123.174,8
123.281,0
123.388,10
123.495,0
123.602,0
123.709,0
123.815,0
123.922,0
124.029,48
124.136,13
124.243,0
124.35,4
124.457,1
124.564,14
124.671,7
124.778,2
124.885,0
124.991,21
125.098,10
125.205,0
125.312,0
125.419,1
125.526,16
125.633,0
125.74,0
125.847,0
125.954,0
126.061,15
126.167,13
126.274,0
126.381,0
126.488,13
126.595,4
126.702,0
126.809,22
126.916,0
127.023,0
127.13,8
127.236,0
127.343,9
127.45,2
127.557,10
127.664,34
127.771,3
127.878,0
127.985,15
128.092,11
128.199,5
128.306,5
128.412,24
128.519,0
128.626,5
128.733,0
128.84,17
128.947,0
129.054,5
129.161,19
129.268,0
129.375,0
129.482,12
129.588,10
129.695,0
129.802,0
129.909,27
130.016,0
130.123,0
130.23,0
130.337,23
130.444,8
130.551,0
130.658,6
130.764,15
130.871,11
130.978,0
131.085,12
131.192,17
131.299,7
131.406,0
131.513,6
131.62,0
131.727,15
131.834,41
131.94,0
132.047,5
132.154,8
132.261,8
132.368,34
132.475,0
132.582,0
132.689,0
132.796,15
132.903,2
133.01,4
133.116,7
133.223,0
133.33,0
133.437,12
133.544,0
133.651,0
133.758,14
133.865,0
133.972,0
134.079,0
134.186,2
134.292,14
134.399,0
134.506,0
134.613,0
134.72,34
134.827,25
134.934,28
135.041,0
135.148,0
135.255,6
135.362,0
135.468,0
135.575,0
135.682,1
135.789,6
135.896,15
136.003,4
136.11,8
136.217,22
136.324,11
136.431,0
136.538,4
136.644,21
136.751,1
136.858,26
136.965,13
137.072,0
137.179,8
137.286,39
137.393,0
137.5,12
137.607,18
137.714,0
137.82,7
137.927,7
138.034,0
138.141,5
138.248,6
138.355,10
138.462,0
138.569,12
138.676,37
138.783,0
138.89,18
138.996,14
139.103,26
139.21,9
139.317,24
139.424,0
139.531,0
139.638,0
139.745,0
139.852,0
139.959,16
140.065,19
140.172,0
140.279,19
140.386,8
140.493,4
140.6,7
140.707,30
140.814,24
140.921,0
141.028,0
141.135,11
141.241,24
141.348,11
141.455,4
141.562,0
141.669,1
141.776,0
141.883,14
141.99,0
142.097,0
142.204,27
142.311,22
142.417,0
142.524,3
142.631,0
142.738,5
142.845,10
142.952,18
143.059,8
143.166,0
143.273,0
143.38,2
143.487,20
143.593,15
143.7,0
143.807,8
143.914,18
144.021,5
144.128,22
144.235,10
144.342,0
144.449,0
144.556,3
144.663,0
144.769,0
144.876,0
144.983,36
145.09,22
145.197,0
145.304,0
145.411,30
145.518,39
145.625,8
145.732,0
145.839,8
145.945,0
146.052,0
146.159,83
146.266,61
146.373,14
146.48,0
146.587,0
146.694,0
146.801,38
146.908,17
147.015,0
147.121,28
147.228,0
147.335,16
147.442,0
147.549,26
147.656,0
147.763,0
147.87,0
147.977,0
148.084,4
148.191,10
148.297,0
148.404,0
148.511,5
148.618,2
148.725,0
148.832,0
148.939,0
149.046,9
149.153,0
149.26,0
149.367,0
149.473,0
149.58,26
149.687,15
149.794,8
149.901,0
150.008,19
150.115,6
150.222,20
150.329,6
150.436,7
150.543,78
150.649,75
150.756,27
150.863,0
150.97,0
151.077,0
151.184,0
151.291,2
151.398,0
151.505,0
151.612,0
151.719,0
151.825,21
151.932,21
152.039,2
152.146,0
152.253,25
152.36,20
152.467,0
152.574,18
152.681,0
152.788,6
152.894,4
153.001,0
153.108,0
153.215,0
153.322,7
153.429,2
153.536,17
153.643,0
153.75,26
153.857,27
153.964,0
154.07,0
154.177,0
154.284,0
154.391,6
154.498,12
154.605,0
154.712,0
154.819,10
154.926,0
155.033,24
155.14,28
155.246,0
155.353,0
155.46,9
155.567,6
155.674,5
155.781,0
155.888,0
155.995,0
156.102,32
156.209,40
156.316,0
156.422,0
156.529,1
156.636,0
156.743,1
156.85,11
156.957,0
157.064,5
157.171,14
157.278,2
157.385,7
157.492,2
157.598,0
157.705,47
157.812,0
157.919,14
158.026,0
158.133,0
158.24,14
158.347,16
158.454,21
158.561,14
158.668,0
158.774,22
158.881,0
158.988,18
159.095,0
159.202,0
159.309,17
159.416,12
159.523,0
159.63,23
159.737,10
159.844,19
159.95,0
160.057,17
160.164,7
160.271,0
160.378,4
160.485,0
160.592,18
160.699,0
160.806,12
160.913,0
161.019,0
161.126,17
161.233,2
161.34,0
161.447,3
161.554,27
161.661,0
161.768,0
161.875,4
161.982,0
162.089,6
162.195,7
162.302,0
162.409,0
162.516,1
162.623,0
162.73,14
162.837,6
162.944,0
163.051,0
163.158,36
163.265,23
163.371,23
163.478,0
163.585,0
163.692,6
163.799,26
163.906,0
164.013,0
164.12,0
164.227,29
164.334,0
164.441,0
164.547,30
164.654,0
164.761,4
164.868,0
164.975,13
165.082,7
165.189,0
165.296,0
165.403,17
165.51,25
165.616,7
165.723,11
165.83,0
165.937,1
166.044,25
166.151,3
166.258,0
166.365,20
166.472,0
166.579,0
166.686,0
166.792,18
166.899,37
167.006,14
167.113,0
167.22,15
167.327,6
167.434,0
167.541,0
167.648,11
167.755,0
167.862,0
167.968,8
168.075,8
168.182,3
168.289,16
168.396,0
168.503,0
168.61,5
168.717,4
168.824,0
168.931,8
169.037,0
169.144,2
169.251,9
169.358,0
169.465,0
169.572,0
169.679,24
169.786,27
169.893,0
170,14
170.107,0
170.213,0
170.32,24
170.427,25
170.534,11
170.641,0
170.748,4
170.855,23
170.962,17
171.069,0
171.176,29
171.283,3
171.389,13
171.496,1
171.603,0
171.71,8
171.817,0
171.924,16
172.031,0
172.138,0
172.245,0
172.352,10
172.458,9
172.565,14
172.672,5
172.779,0
172.886,0
172.993,0
173.1,18
173.207,6
173.314,0
173.421,0
173.528,0
173.634,14
173.741,21
173.848,2
173.955,12
174.062,8
174.169,1
174.276,0
174.383,1
174.49,11
174.597,0
174.704,5
174.81,0
174.917,0
175.024,0
175.131,0
175.238,1
175.345,9
175.452,0
175.559,14
175.666,0
175.773,18
175.879,0
175.986,0
176.093,0
176.2,0
176.307,13
176.414,0
176.521,0
176.628,16
176.735,12
176.842,0
176.949,0
177.055,3
177.162,2
177.269,0
177.376,0
177.483,14
177.59,29
177.697,0
177.804,0
177.911,9
178.018,0
178.124,7
178.231,25
178.338,0
178.445,6
178.552,57
178.659,1
178.766,14
178.873,0
178.98,0
179.087,17
179.194,0
179.3,0
179.407,29
179.514,0
179.621,5
179.728,0
179.835,0
179.942,0
180.049,0
180.156,9
180.263,0
180.369,0
180.476,0
180.583,4
180.69,12
180.797,0
180.904,0
181.011,5
181.118,17
181.225,14
181.332,0
181.439,0
181.545,38
181.652,8
181.759,0
181.866,8
181.973,26
182.08,0
182.187,0
182.294,0
182.401,0
182.508,0
182.614,10
182.721,18
182.828,19
182.935,0
183.042,9
183.149,28
183.256,0
183.363,2
183.47,2
183.577,0
183.683,0
183.79,0
183.897,4
184.004,0
184.111,7
184.218,0
184.325,0
184.432,31
184.539,21
184.646,0
184.753,0
184.859,19
184.966,8
185.073,0
185.18,12
185.287,0
185.394,8
185.501,0
185.608,8
185.715,17
185.822,18
185.928,0
186.035,5
186.142,0
186.249,6
186.356,2
186.463,5
186.57,0
186.677,20
186.784,0
186.891,0
186.997,8
187.104,0
187.211,0
187.318,10
187.425,8
187.532,0
187.639,17
187.746,29
187.853,0
187.96,0
188.067,0
188.173,48
188.28,21
188.387,0
188.494,0
188.601,0
188.708,0
188.815,0
188.922,6
189.029,14
189.136,21
189.242,3
189.349,8
189.456,6
189.563,21
189.67,13
189.777,14
189.884,0
189.991,0
190.098,24
190.205,6
190.311,0
190.418,0
190.525,15
190.632,1
190.739,0
190.846,19
190.953,0
191.06,0
191.167,18
191.274,15
191.38,0
191.487,0
191.594,0
191.701,4
191.808,6
191.915,0
192.022,12
192.129,0
192.236,9
192.343,0
192.45,34
192.556,4
192.663,0
192.77,15
192.877,0
192.984,0
193.091,0
193.198,22
193.305,50
193.412,2
193.519,11
193.625,16
193.732,12
193.839,24
193.946,0
194.053,0
194.16,8
194.267,0
194.374,0
194.481,0
194.588,0
194.694,0
194.801,7
194.908,7
195.015,0
195.122,0
195.229,0
195.336,0
195.443,0
195.55,0
195.657,14
195.763,11
195.87,0
195.977,10
196.084,0
196.191,15
196.298,0
196.405,6
196.512,0
196.619,0
196.726,0
196.832,0
196.939,7
197.046,23
197.153,16
197.26,0
197.367,0
197.474,1
197.581,0
197.688,2
197.795,0
197.901,0
198.008,0
198.115,19
198.222,0
198.329,0
198.436,1
198.543,20
198.65,0
198.757,0
198.864,12
198.97,45
199.077,0
199.184,0
199.291,0
199.398,19
199.505,0
199.612,9
199.719,0
199.826,0
199.933,0
200.039,0
200.146,16
200.253,6
200.36,0
200.467,5
200.574,10
200.681,1
200.788,10
200.895,0
201.002,6
201.108,6
201.215,11
201.322,0
201.429,4
201.536,28
201.643,20
201.75,0
201.857,0
201.964,1
202.071,0
202.177,5
202.284,8
202.391,0
202.498,13
202.605,9
202.712,18
202.819,2
202.926,0
203.033,0
203.14,0
203.246,13
203.353,0
203.46,3
203.567,8
203.674,0
203.781,9
203.888,0
203.995,7
204.102,0
204.208,0
204.315,5
204.422,13
204.529,1
204.636,24
204.743,62
204.85,35
204.957,0
205.064,2
205.171,1
205.277,0
205.384,0
205.491,14
205.598,25
205.705,0
205.812,32
205.919,44
206.026,15
206.133,0
206.24,0
206.346,13
206.453,0
206.56,0
206.667,0
206.774,30
206.881,5
206.988,0
207.095,0
207.202,34
207.309,14
207.415,3
207.522,0
207.629,0
207.736,49
207.843,0
207.95,1
208.057,0
208.164,0
208.271,6
208.377,0
208.484,4
208.591,1
208.698,0
208.805,13
208.912,15
209.019,0
209.126,7
209.233,15
209.34,0
209.446,0
209.553,40
209.66,25
209.767,0
209.874,0
209.981,3
210.088,0
210.195,0
210.302,0
210.409,20
210.515,18
210.622,9
210.729,4
210.836,0
210.943,0
211.05,0
211.157,0
211.264,14
211.371,0
211.477,0
211.584,14
211.691,32
211.798,0
211.905,0
212.012,19
212.119,13
212.226,0
212.333,12
212.44,32
212.546,6
212.653,0
212.76,20
212.867,0
212.974,0
213.081,22
213.188,0
213.295,0
213.402,19
213.508,0
213.615,0
213.722,11
213.829,9
213.936,13
214.043,0
214.15,9
214.257,0
214.364,0
214.471,0
214.577,0
214.684,0
214.791,0
214.898,2
215.005,0
215.112,2
215.219,13
215.326,4
215.433,0
215.539,15
215.646,25
215.753,0
215.86,3
215.967,21
216.074,8
216.181,0
216.288,0
216.395,0
216.502,1
216.608,1
216.715,14
216.822,23
216.929,0
217.036,0
217.143,20
217.25,6
217.357,15
217.464,0
217.57,0
217.677,27
217.784,5
217.891,0
217.998,0
218.105,0
218.212,0
218.319,8
218.426,15
218.532,0
218.639,20
218.746,0
218.853,27
218.96,2
219.067,4
219.174,5
219.281,7
219.388,0
219.495,20
219.601,34
219.708,7
219.815,2
219.922,0
220.029,0
220.136,0
220.243,45
220.35,36
220.457,0
220.563,0
220.67,0
220.777,0
220.884,0
220.991,0
221.098,16
221.205,5
221.312,15
221.419,0
221.525,0
221.632,0
221.739,0
221.846,0
221.953,0
222.06,0
222.167,25
222.274,12
222.381,5
222.488,0
222.594,0
222.701,30
222.808,0
222.915,0
223.022,0
223.129,16
223.236,2
223.343,20
223.45,9
223.556,14
223.663,0
223.77,19
223.877,15
223.984,1
224.091,0
224.198,0
224.305,23
224.412,2
224.518,3
224.625,0
224.732,4
224.839,19
224.946,0
225.053,0
225.16,7
225.267,0
225.374,0
225.48,0
225.587,0
225.694,5
225.801,0
225.908,1
226.015,0
226.122,9
226.229,13
226.336,18
226.442,13
226.549,0
226.656,8
226.763,8
226.87,0
226.977,0
227.084,0
227.191,14
227.298,0
227.404,0
227.511,0
227.618,18
227.725,18
227.832,9
227.939,28
228.046,0
228.153,15
228.26,6
228.366,1
228.473,4
228.58,7
228.687,19
228.794,25
228.901,0
229.008,6
229.115,0
229.222,0
229.328,3
229.435,5
229.542,2
229.649,0
229.756,7
229.863,17
229.97,0
230.077,0
230.184,33
230.29,12
230.397,0
230.504,0
230.611,13
230.718,0
230.825,0
230.932,29
231.039,22
231.146,0
231.252,4
231.359,19
231.466,6
231.573,14
231.68,6
231.787,0
231.894,0
232.001,11
232.108,0
232.214,0
232.321,15
232.428,2
232.535,1
232.642,6
232.749,25
232.856,0
232.963,0
233.07,28
233.176,0
233.283,0
233.39,1
233.497,11
233.604,0
233.711,0
233.818,14
233.925,0
234.031,0
234.138,0
234.245,16
234.352,26
234.459,5
234.566,0
234.673,0
234.78,0
234.887,0
234.993,0
235.1,16
235.207,28
235.314,8
235.421,18
235.528,0
235.635,7
235.742,8
235.849,0
235.955,19
236.062,0
236.169,0
236.276,3
236.383,0
236.49,22
236.597,19
236.704,0
236.81,19
236.917,18
237.024,0
237.131,0
237.238,0
237.345,0
237.452,0
237.559,4
237.666,0
237.772,10
237.879,3
237.986,28
238.093,18
238.2,3
238.307,0
238.414,12
238.521,12
238.628,0
238.734,0
238.841,5
238.948,0
239.055,0
239.162,0
239.269,0
239.376,7
239.483,2
239.589,3
239.696,0
239.803,37
239.91,8
240.017,0
240.124,32
240.231,22
240.338,0
240.445,0
240.551,0
240.658,0
240.765,8
240.872,0
240.979,0
241.086,0
241.193,19
241.3,43
241.406,0
241.513,0
241.62,94
241.727,66
241.834,24
241.941,0
242.048,0
242.155,0
242.262,7
242.368,2
242.475,0
242.582,4
242.689,32
242.796,14
242.903,0
243.01,0
243.117,20
243.223,0
243.33,16
243.437,30
243.544,0
243.651,2
243.758,3
243.865,6
243.972,0
244.079,0
244.185,0
244.292,0
244.399,10
244.506,0
244.613,0
244.72,19
244.827,9
244.934,0
245.04,0
245.147,34
245.254,0
245.361,13
245.468,23
245.575,3
245.682,11
245.789,6
245.896,23
246.002,15
246.109,4
246.216,0
246.323,0
246.43,3
246.537,0
246.644,3
246.751,7
246.857,0
246.964,10
247.071,25
247.178,0
247.285,0
247.392,0
247.499,32
247.606,34
247.712,0
247.819,8
247.926,11
248.033,3
248.14,9
248.247,10
248.354,8
248.461,0
248.567,8
248.674,8
248.781,29
248.888,0
248.995,0
249.102,12
249.209,0
249.316,0
249.423,0
249.529,1
249.636,28
249.743,1
249.85,14
249.957,0
250.064,6
250.171,0
250.278,0
250.384,0
250.491,0
250.598,0
250.705,0
250.812,15
250.919,4
251.026,14
251.133,15
251.239,0
251.346,9
251.453,26
251.56,6
251.667,21
251.774,12
251.881,0
251.988,0
252.094,0
252.201,0
252.308,28
252.415,19
252.522,19
252.629,0
252.736,0
252.843,0
252.949,0
253.056,25
253.163,13
253.27,0
253.377,6
253.484,19
253.591,0
253.698,0
253.804,2
253.911,22
254.018,0
254.125,0
254.232,3
254.339,2
254.446,0
254.553,8
254.659,0
254.766,11
254.873,6
254.98,6
255.087,12
255.194,0
255.301,3
255.408,0
255.514,0
255.621,0
255.728,12
255.835,4
255.942,6
256.049,0
256.156,0
256.263,0
256.369,0
256.476,0
256.583,0
256.69,4
256.797,1
256.904,0
257.011,0
257.118,27
257.224,6
257.331,0
257.438,17
257.545,31
257.652,15
257.759,19
257.866,0
257.973,0
258.079,3
258.186,3
258.293,0
258.4,14
258.507,0
258.614,0
258.721,9
258.828,0
258.934,0
259.041,9
259.148,0
259.255,0
259.362,0
259.469,8
259.576,0
259.683,6
259.789,0
259.896,0
260.003,0
260.11,8
260.217,26
260.324,0
260.431,6
260.537,7
260.644,0
260.751,0
260.858,10
260.965,0
261.072,0
261.179,16
261.286,21
261.392,39
261.499,0
261.606,0
261.713,0
261.82,2
261.927,3
262.034,0
262.141,0
262.247,0
262.354,24
262.461,31
262.568,4
262.675,26
262.782,0
262.889,0
262.996,41
263.102,32
263.209,0
263.316,0
263.423,0
263.53,13
263.637,0
263.744,0
263.85,12
263.957,13
264.064,1
264.171,0
264.278,30
264.385,13
264.492,19
264.599,8
264.705,23
264.812,16
264.919,3
265.026,19
265.133,30
265.24,0
265.347,0
265.454,6
265.56,14
265.667,4
265.774,21
265.881,34
265.988,19
266.095,0
266.202,0
266.308,0
266.415,0
266.522,0
266.629,11
266.736,11
266.843,0
266.95,0
267.057,6
267.163,0
267.27,25
267.377,0
267.484,5
267.591,0
267.698,0
267.805,16
267.911,0
268.018,0
268.125,19
268.232,0
268.339,0
268.446,28
268.553,0
268.66,22
268.766,24
268.873,14
268.98,0
269.087,6
269.194,25
269.301,0
269.408,0
269.514,14
269.621,7
269.728,0
269.835,9
269.942,7
270.049,9
270.156,15
270.263,0
270.369,4
270.476,0
270.583,2
270.69,7
270.797,0
270.904,4
271.011,21
271.117,21
271.224,8
271.331,0
271.438,10
271.545,5
271.652,13
271.759,12
271.866,0
271.972,10
272.079,25
272.186,18
272.293,0
272.4,16
272.507,20
272.614,18
272.72,20
272.827,6
272.934,33
273.041,0
273.148,0
273.255,13
273.362,0
273.468,0
273.575,0
273.682,27
273.789,19
273.896,0
274.003,8
274.11,0
274.217,8
274.323,30
274.43,23
274.537,0
274.644,2
274.751,0
274.858,8
274.965,0
275.071,32
275.178,0
275.285,0
275.392,16
275.499,14
275.606,0
275.713,0
275.819,12
275.926,7
276.033,0
276.14,36
276.247,9
276.354,15
276.461,0
276.567,0
276.674,19
276.781,0
276.888,0
276.995,14
277.102,1
277.209,0
277.315,5
277.422,9
277.529,11
277.636,3
277.743,12
277.85,4
277.957,0
278.064,1
278.17,0
278.277,0
278.384,39
278.491,0
278.598,0
278.705,15
278.812,0
278.918,14
279.025,9
279.132,2
279.239,6
279.346,0
279.453,12
279.56,2
279.666,0
279.773,13
279.88,7
279.987,3
280.094,39
280.201,11
280.308,22
280.414,2
280.521,23
280.628,0
280.735,0
280.842,19
280.949,26
281.056,1
281.162,0
281.269,26
281.376,37
281.483,6
281.59,0
281.697,4
281.804,0
281.91,18
282.017,17
282.124,13
282.231,1
282.338,20
282.445,8
282.552,13
282.658,8
282.765,0
282.872,0
282.979,30
283.086,13
283.193,1
283.3,0
283.406,1
283.513,0
283.62,8
283.727,42
283.834,32
283.941,8
284.048,8
284.154,4
284.261,0
284.368,35
284.475,18
284.582,0
284.689,0
284.796,0
284.902,0
285.009,12
285.116,26
285.223,4
285.33,23
285.437,28
285.544,6
285.65,0
285.757,0
285.864,6
285.971,6
286.078,0
286.185,0
286.292,21
286.398,0
286.505,0
286.612,29
286.719,8
286.826,0
286.933,44
287.039,6
287.146,38
287.253,0
287.36,5
287.467,13
287.574,16
287.681,0
287.787,8
287.894,0
288.001,13
288.108,6
288.215,0
288.322,9
288.429,24
288.535,15
288.642,0
288.749,15
288.856,37
288.963,4
289.07,3
289.177,2
289.283,2
289.39,16
289.497,30
289.604,23
289.711,0
289.818,22
289.924,17
290.031,9
290.138,0
290.245,3
290.352,0
290.459,0
290.566,10
290.672,66
290.779,119
290.886,52
290.993,7
291.1,33
291.207,5
291.314,18
291.42,2
291.527,7
291.634,15
291.741,6
291.848,0
291.955,15
292.062,54
292.168,5
292.275,0
292.382,0
292.489,16
292.596,16
292.703,13
292.809,0
292.916,0
293.023,8
293.13,19
293.237,26
293.344,4
293.451,0
293.557,22
293.664,21
293.771,0
293.878,0
293.985,0
294.092,0
294.198,0
294.305,4
294.412,3
294.519,11
294.626,30
294.733,6
294.84,0
294.946,0
295.053,36
295.16,13
295.267,0
295.374,0
295.481,9
295.588,5
295.694,0
295.801,0
295.908,21
296.015,0
296.122,0
296.229,0
296.335,10
296.442,7
296.549,15
296.656,0
296.763,30
296.87,10
296.977,8
297.083,0
297.19,0
297.297,6
297.404,8
297.511,13
297.618,0
297.724,38
297.831,20
297.938,0
298.045,0
298.152,17
298.259,4
298.365,24
298.472,16
298.579,13
298.686,28
298.793,0
298.9,15
299.007,2
299.113,1
299.22,23
299.327,10
299.434,16
299.541,9
299.648,9
299.754,13
299.861,18
299.968,36
300.075,0
300.182,0
300.289,3
300.396,0
300.502,10
300.609,2
300.716,0
300.823,57
300.93,82
301.037,50
301.143,8
301.25,0
301.357,0
301.464,0
301.571,7
301.678,0
301.784,0
301.891,0
301.998,6
302.105,0
302.212,6
302.319,0
302.426,0
302.532,7
302.639,11
302.746,0
302.853,0
302.96,8
303.067,20
303.173,13
303.28,0
303.387,28
303.494,0
303.601,19
303.708,0
303.814,0
303.921,0
304.028,14
304.135,31
304.242,0
304.349,0
304.456,10
304.562,0
304.669,20
304.776,14
304.883,218
304.99,263
305.097,127
305.203,3
305.31,0
305.417,0
305.524,0
305.631,0
305.738,26
305.844,9
305.951,0
306.058,0
306.165,7
306.272,15
306.379,9
306.485,4
306.592,21
306.699,3
306.806,13
306.913,18
307.02,3
307.126,0
307.233,0
307.34,0
307.447,0
307.554,0
307.661,8
307.767,0
307.874,0
307.981,9
308.088,18
308.195,50
308.302,274
308.409,291
308.515,118
308.622,4
308.729,0
308.836,1
308.943,0
309.05,28
309.156,6
309.263,0
309.37,8
309.477,14
309.584,20
309.691,4
309.797,1
309.904,15
310.011,11
310.118,0
310.225,0
310.332,1
310.438,0
310.545,5
310.652,0
310.759,4
310.866,2
310.973,7
311.079,0
311.186,0
311.293,14
311.4,24
311.507,0
311.614,1
311.72,4
311.827,1
311.934,0
312.041,0
312.148,6
312.255,0
312.361,0
312.468,2
312.575,26
312.682,21
312.789,0
312.896,25
313.002,12
313.109,11
313.216,5
313.323,18
313.43,35
313.537,19
313.643,3
313.75,3
313.857,24
313.964,27
314.071,27
314.178,6
314.284,0
314.391,22
314.498,38
314.605,6
314.712,0
314.819,0
314.925,0
315.032,11
315.139,20
315.246,0
315.353,0
315.46,0
315.566,17
315.673,2
315.78,4
315.887,0
315.994,0
316.1,0
316.207,0
316.314,0
316.421,38
316.528,44
316.635,0
316.741,0
316.848,0
316.955,4
317.062,12
317.169,8
317.276,0
317.382,10
317.489,33
317.596,24
317.703,0
317.81,3
317.917,24
318.023,5
318.13,0
318.237,10
318.344,8
318.451,0
318.558,3
318.664,25
318.771,13
318.878,19
318.985,0
319.092,4
319.199,0
319.305,0
319.412,2
319.519,2
319.626,0
319.733,2
319.839,0
319.946,14
320.053,20
320.16,2
320.267,0
320.374,9
320.48,0
320.587,0
320.694,12
320.801,19
320.908,10
321.015,28
321.121,0
321.228,5
321.335,6
321.442,24
321.549,6
321.655,0
321.762,7
321.869,4
321.976,10
322.083,0
322.19,0
322.296,0
322.403,4
322.51,15
322.617,35
322.724,15
322.831,0
322.937,6
323.044,3
323.151,0
323.258,0
323.365,0
323.472,0
323.578,2
323.685,17
323.792,11
323.899,0
324.006,0
324.112,10
324.219,66
324.326,168
324.433,109
324.54,15
324.647,0
324.753,8
324.86,0
324.967,0
325.074,12
325.181,12
325.287,3
325.394,0
325.501,0
325.608,0
325.715,15
325.822,0
325.928,16
326.035,0
326.142,32
326.249,26
326.356,7
326.463,3
326.569,0
326.676,0
326.783,19
326.89,0
326.997,0
327.103,36
327.21,48
327.317,24
327.424,22
327.531,0
327.638,10
327.744,0
327.851,0
327.958,0
328.065,4
328.172,8
328.278,0
328.385,2
328.492,15
328.599,12
328.706,21
328.813,3
328.919,5
329.026,22
329.133,0
329.24,0
329.347,8
329.453,0
329.56,4
329.667,0
329.774,11
329.881,0
329.988,0
330.094,0
330.201,0
330.308,0
330.415,0
330.522,5
330.628,0
330.735,0
330.842,11
330.949,20
331.056,0
331.162,28
331.269,2
331.376,0
331.483,0
331.59,17
331.697,0
331.803,0
331.91,0
332.017,0
332.124,0
332.231,0
332.337,29
332.444,0
332.551,0
332.658,8
332.765,1
332.872,0
332.978,0
333.085,10
333.192,0
333.299,0
333.406,0
333.512,0
333.619,25
333.726,10
333.833,31
333.94,0
334.046,7
334.153,14
334.26,0
334.367,0
334.474,0
334.581,0
334.687,0
334.794,0
334.901,5
335.008,0
335.115,8
335.221,21
335.328,0
335.435,11
335.542,15
335.649,19
335.755,14
335.862,0
335.969,4
336.076,33
336.183,0
336.29,0
336.396,0
336.503,0
336.61,9
336.717,6
336.824,0
336.93,9
337.037,12
337.144,24
337.251,8
337.358,6
337.464,11
337.571,0
337.678,0
337.785,46
337.892,56
337.998,0
338.105,0
338.212,0
338.319,0
338.426,0
338.533,14
338.639,0
338.746,0
338.853,0
338.96,0
339.067,5
339.173,33
339.28,0
339.387,0
339.494,15
339.601,0
339.707,0
339.814,6
339.921,0
340.028,0
340.135,14
340.241,0
340.348,0
340.455,22
340.562,12
340.669,0
340.775,0
340.882,0
340.989,2
341.096,0
341.203,9
341.309,0
341.416,0
341.523,11
341.63,1
341.737,16
341.844,19
341.95,14
342.057,0
342.164,16
342.271,46
342.378,32
342.484,78
342.591,52
342.698,0
342.805,2
342.912,0
343.018,0
343.125,0
343.232,22
343.339,8
343.446,0
343.552,15
343.659,0
343.766,0
343.873,25
343.98,4
344.086,15
344.193,21
344.3,0
344.407,0
344.514,5
344.62,29
344.727,0
344.834,8
344.941,0
345.048,10
345.154,0
345.261,0
345.368,0
345.475,1
345.582,0
345.688,0
345.795,0
345.902,23
346.009,6
346.116,0
346.222,0
346.329,28
346.436,6
346.543,13
346.65,0
346.756,17
346.863,24
346.97,15
347.077,0
347.184,0
347.29,0
347.397,7
347.504,0
347.611,0
347.718,15
347.824,4
347.931,26
348.038,38
348.145,22
348.252,0
348.358,12
348.465,56
348.572,21
348.679,0
348.786,15
348.892,32
348.999,6
349.106,21
349.213,0
349.32,0
349.426,32
349.533,1
349.64,0
349.747,0
349.854,0
349.96,3
350.067,9
350.174,16
350.281,41
350.388,14
350.494,12
350.601,26
350.708,36
350.815,1
350.922,0
351.028,0
351.135,0
351.242,0
351.349,0
351.456,0
351.562,9
351.669,1
351.776,0
351.883,2
351.989,2
352.096,0
352.203,28
352.31,1
352.417,0
352.523,15
352.63,0
352.737,0
352.844,10
352.951,8
353.057,0
353.164,0
353.271,0
353.378,14
353.485,8
353.591,0
353.698,8
353.805,5
353.912,37
354.019,0
354.125,18
354.232,18
354.339,0
354.446,0
354.553,0
354.659,13
354.766,0
354.873,0
354.98,14
355.086,0
355.193,21
355.3,47
355.407,0
355.514,0
355.62,10
355.727,2
355.834,0
355.941,20
356.048,17
356.154,6
356.261,3
356.368,0
356.475,0
356.582,35
356.688,0
356.795,11
356.902,2
357.009,0
357.115,20
357.222,10
357.329,6
357.436,0
357.543,13
357.649,0
357.756,0
357.863,15
357.97,0
358.077,0
358.183,0
358.29,7
358.397,14
358.504,19
358.61,0
358.717,0
358.824,21
358.931,0
359.038,0
359.144,47
359.251,22
359.358,0
359.465,0
359.572,32
359.678,27
359.785,0
359.892,4
359.999,2
360.105,0
360.212,2
360.319,4
360.426,0
360.533,0
360.639,14
360.746,25
360.853,11
360.96,4
361.067,2
361.173,2
361.28,4
361.387,4
361.494,6
361.6,0
361.707,0
361.814,12
361.921,6
362.028,11
362.134,19
362.241,1
362.348,19
362.455,7
362.562,0
362.668,0
362.775,0
362.882,2
362.989,2
363.095,0
363.202,0
363.309,0
363.416,8
363.523,27
363.629,21
363.736,0
363.843,0
363.95,0
364.056,0
364.163,0
364.27,0
364.377,0
364.484,0
364.59,6
364.697,0
364.804,0
364.911,8
365.017,6
365.124,20
365.231,10
365.338,14
365.445,0
365.551,0
365.658,0
365.765,0
365.872,0
365.979,0
366.085,3
366.192,0
366.299,22
366.406,17
366.512,14
366.619,10
366.726,28
366.833,13
366.94,34
367.046,0
367.153,5
367.26,0
367.367,0
367.473,0
367.58,0
367.687,0
367.794,7
367.9,21
368.007,0
368.114,25
368.221,0
368.328,6
368.434,32
368.541,15
368.648,0
368.755,0
368.861,0
368.968,2
369.075,0
369.182,22
369.289,10
369.395,17
369.502,46
369.609,10
369.716,0
369.822,48
369.929,43
370.036,0
370.143,0
370.25,6
370.356,0
370.463,0
370.57,4
370.677,0
370.783,0
370.89,0
370.997,0
371.104,12
371.211,4
371.317,0
371.424,8
371.531,4
371.638,7
371.744,0
371.851,1
371.958,20
372.065,0
372.171,0
372.278,9
372.385,11
372.492,0
372.599,14
372.705,39
372.812,54
372.919,76
373.026,15
373.132,19
373.239,7
373.346,0
373.453,0
373.559,0
373.666,0
373.773,10
373.88,0
373.987,0
374.093,8
374.2,19
374.307,0
374.414,0
374.52,0
374.627,6
374.734,0
374.841,0
374.947,8
375.054,22
375.161,21
375.268,17
375.375,27
375.481,0
375.588,0
375.695,16
375.802,0
375.908,0
376.015,18
376.122,0
376.229,19
376.335,6
376.442,1
376.549,27
376.656,7
376.763,0
376.869,4
376.976,13
377.083,21
377.19,2
377.296,2
377.403,2
377.51,30
377.617,4
377.723,4
377.83,14
377.937,2
378.044,28
378.15,0
378.257,0
378.364,12
378.471,26
378.578,14
378.684,2
378.791,0
378.898,18
379.005,19
379.111,0
379.218,0
379.325,0
379.432,3
379.538,8
379.645,0
379.752,25
379.859,0
379.965,0
380.072,0
380.179,9
380.286,0
380.392,0
380.499,20
380.606,32
380.713,3
380.82,1
380.926,6
381.033,4
381.14,0
381.247,4
381.353,5
381.46,0
381.567,0
381.674,0
381.78,5
381.887,0
381.994,24
382.101,0
382.207,0
382.314,10
382.421,6
382.528,0
382.634,0
382.741,1
382.848,3
382.955,34
383.061,22
383.168,11
383.275,10
383.382,16
383.488,0
383.595,0
383.702,3
383.809,9
383.916,0
384.022,0
384.129,1
384.236,22
384.343,0
384.449,10
384.556,15
384.663,0
384.77,0
384.876,18
384.983,14
385.09,13
385.197,0
385.303,7
385.41,15
385.517,0
385.624,1
385.73,15
385.837,0
385.944,11
386.051,0
386.157,6
386.264,3
386.371,0
386.478,0
386.584,1
386.691,0
386.798,0
386.905,0
387.011,0
387.118,16
387.225,0
387.332,0
387.438,5
387.545,44
387.652,3
387.759,10
387.865,53
387.972,28
388.079,18
388.186,0
388.292,0
388.399,11
388.506,0
388.613,0
388.719,0
388.826,0
388.933,14
389.04,0
389.146,0
389.253,0
389.36,0
389.467,0
389.573,8
389.68,15
389.787,27
389.894,0
390,0
390.107,0
390.214,6
390.321,0
390.427,0
390.534,4
390.641,3
390.748,0
390.854,5
390.961,0
391.068,0
391.175,3
391.281,60
391.388,13
391.495,0
391.602,12
391.708,0
391.815,1
391.922,0
392.029,0
392.135,9
392.242,12
392.349,25
392.456,0
392.562,23
392.669,0
392.776,10
392.883,20
392.989,18
393.096,0
393.203,0
393.31,0
393.416,0
393.523,0
393.63,0
393.737,18
393.843,0
393.95,0
394.057,26
394.164,0
394.27,0
394.377,0
394.484,6
394.591,12
394.697,0
394.804,5
394.911,2
395.018,0
395.124,9
395.231,0
395.338,0
395.445,0
395.551,0
395.658,0
395.765,0
395.871,0
395.978,12
396.085,10
396.192,11
396.298,0
396.405,0
396.512,33
396.619,0
396.725,0
396.832,0
396.939,0
397.046,13
397.152,0
397.259,15
397.366,0
397.473,0
397.579,7
397.686,7
397.793,16
397.9,0
398.006,7
398.113,0
398.22,2
398.327,8
398.433,38
398.54,13
398.647,0
398.753,0
398.86,8
398.967,0
399.074,27
399.18,13
399.287,16
399.394,15
399.501,0
399.607,2
399.714,11
399.821,0
399.928,0
400.034,0
400.141,0
400.248,0
400.355,0
400.461,0
400.568,0
400.675,14
400.781,0
400.888,0
400.995,12
401.102,12
401.208,0
401.315,15
401.422,8
401.529,0
401.635,0
401.742,0
401.849,36
401.956,0
402.062,1
402.169,0
402.276,0
402.382,26
402.489,10
402.596,0
402.703,0
402.809,3
402.916,11
403.023,2
403.13,0
403.236,10
403.343,0
403.45,0
403.557,21
403.663,2
403.77,0
403.877,4
403.983,19
404.09,7
404.197,5
404.304,17
404.41,19
404.517,0
404.624,11
404.731,0
404.837,0
404.944,15
405.051,10
405.158,8
405.264,0
405.371,43
405.478,48
405.584,8
405.691,11
405.798,0
405.905,0
406.011,0
406.118,0
406.225,13
406.332,0
406.438,16
406.545,0
406.652,9
406.758,8
406.865,4
406.972,0
407.079,30
407.185,38
407.292,15
407.399,4
407.506,0
407.612,0
407.719,7
407.826,10
407.932,0
408.039,0
408.146,0
408.253,6
408.359,0
408.466,55
408.573,91
408.68,43
408.786,61
408.893,39
409,9
409.106,46
409.213,92
409.32,73
409.427,14
409.533,0
409.64,1
409.747,0
409.853,0
409.96,8
410.067,0
410.174,2
410.28,38
410.387,0
410.494,24
410.601,16
410.707,22
410.814,0
410.921,0
411.027,0
411.134,0
411.241,0
411.348,11
411.454,12
411.561,12
411.668,1
411.774,11
411.881,0
411.988,0
412.095,22
412.201,55
412.308,0
412.415,0
412.522,22
412.628,3
412.735,38
412.842,40
412.948,13
413.055,0
413.162,3
413.269,0
413.375,1
413.482,94
413.589,96
413.695,14
413.802,17
413.909,21
414.016,4
414.122,5
414.229,0
414.336,35
414.442,19
414.549,14
414.656,24
414.763,0
414.869,0
414.976,13
415.083,7
415.189,10
415.296,11
415.403,13
415.51,35
415.616,12
415.723,5
415.83,0
415.936,16
416.043,16
416.15,0
416.257,17
416.363,0
416.47,0
416.577,21
416.683,0
416.79,0
416.897,24
417.004,10
417.11,0
417.217,0
417.324,6
417.43,18
417.537,11
417.644,0
417.751,0
417.857,0
417.964,0
418.071,21
418.177,61
418.284,37
418.391,9
418.498,31
418.604,0
418.711,7
418.818,44
418.924,49
419.031,26
419.138,15
419.245,2
419.351,0
419.458,0
419.565,14
419.671,0
419.778,0
419.885,18
419.992,6
420.098,16
420.205,0
420.312,51
420.418,207
420.525,127
420.632,51
420.738,0
420.845,0
420.952,0
421.059,8
421.165,0
421.272,20
421.379,47
421.485,54
421.592,39
421.699,0
421.806,0
421.912,7
422.019,6
422.126,0
422.232,0
422.339,21
422.446,36
422.552,37
422.659,16
422.766,5
422.873,0
422.979,12
423.086,0
423.193,23
423.299,2
423.406,14
423.513,0
423.62,0
423.726,7
423.833,55
423.94,26
424.046,0
424.153,15
424.26,3
424.366,21
424.473,2
424.58,0
424.687,24
424.793,3
424.9,28
425.007,0
425.113,20
425.22,5
425.327,0
425.433,30
425.54,24
425.647,5
425.754,1
425.86,7
425.967,0
426.074,3
426.18,10
426.287,0
426.394,0
426.5,0
426.607,0
426.714,0
426.821,20
426.927,8
427.034,0
427.141,1
427.247,0
427.354,9
427.461,0
427.567,0
427.674,16
427.781,2
427.888,0
427.994,0
428.101,3
428.208,32
428.314,8
428.421,0
428.528,0
428.634,0
428.741,0
428.848,0
428.955,0
429.061,24
429.168,0
429.275,0
429.381,14
429.488,0
429.595,0
429.701,0
429.808,24
429.915,0
430.021,0
430.128,0
430.235,0
430.342,15
430.448,41
430.555,35
430.662,15
430.768,15
430.875,0
430.982,0
431.088,26
431.195,0
431.302,0
431.409,7
431.515,17
431.622,0
431.729,27
431.835,6
431.942,0
432.049,18
432.155,0
432.262,16
432.369,0
432.475,45
432.582,46
432.689,0
432.796,0
432.902,0
433.009,3
433.116,12
433.222,0
433.329,16
433.436,29
433.542,0
433.649,0
433.756,0
433.862,50
433.969,120
434.076,142
434.182,30
434.289,0
434.396,1
434.503,0
434.609,1
434.716,18
434.823,8
434.929,18
435.036,101
435.143,175
435.249,116
435.356,10
435.463,4
435.569,27
435.676,114
435.783,63
435.889,207
435.996,127
436.103,54
436.21,50
436.316,294
436.423,236
436.53,97
436.636,0
436.743,0
436.85,4
436.956,13
437.063,114
437.17,302
437.276,218
437.383,66
437.49,0
437.596,0
437.703,0
437.81,11
437.916,6
438.023,41
438.13,34
438.237,37
438.343,87
438.45,112
438.557,62
438.663,105
438.77,223
438.877,175
438.983,104
439.09,147
439.197,149
439.303,76
439.41,8
439.517,0
439.623,0
439.73,22
439.837,40
439.943,52
440.05,47
440.157,36
440.263,0
440.37,0
440.477,13
440.583,0
440.69,0
440.797,0
440.904,0
441.01,12
441.117,0
441.224,22
441.33,19
441.437,4
441.544,9
441.65,13
441.757,0
441.864,6
441.97,20
442.077,26
442.184,0
442.29,0
442.397,14
442.504,4
442.61,3
442.717,0
442.824,26
442.93,16
443.037,7
443.144,12
443.25,36
443.357,45
443.464,4
443.57,0
443.677,0
443.784,0
443.89,0
443.997,0
444.104,0
444.21,0
444.317,0
444.424,0
444.53,6
444.637,74
444.744,2
444.851,2
444.957,3
445.064,0
445.171,30
445.277,47
445.384,30
445.491,0
445.597,1
445.704,33
445.811,28
445.917,0
446.024,13
446.131,16
446.237,17
446.344,15
446.451,21
446.557,1
446.664,0
446.771,9
446.877,0
446.984,12
447.091,0
447.197,5
447.304,0
447.411,9
447.517,2
447.624,20
447.731,24
447.837,17
447.944,0
448.051,0
448.157,0
448.264,9
448.371,0
448.477,0
448.584,3
448.691,4
448.797,0
448.904,15
449.011,10
449.117,0
449.224,1
449.331,3
449.437,21
449.544,0
449.651,44
449.757,36
449.864,12
449.971,16
450.077,0
450.184,0
450.291,2
450.397,0
450.504,36
450.611,66
450.717,27
450.824,0
450.931,7
451.037,9
451.144,0
451.251,6
451.357,19
451.464,16
451.571,0
451.677,0
451.784,0
451.891,0
451.997,3
452.104,15
452.21,0
452.317,8
452.424,22
452.53,6
452.637,0
452.744,16
452.85,14
452.957,0
453.064,0
453.17,5
453.277,13
453.384,26
453.49,25
453.597,2
453.704,0
453.81,7
453.917,10
454.024,0
454.13,0
454.237,21
454.344,27
454.45,0
454.557,19
454.664,0
454.77,24
454.877,13
454.984,0
455.09,0
455.197,29
455.304,62
455.41,2
455.517,0
455.624,0
455.73,20
455.837,18
455.944,0
456.05,0
456.157,26
456.263,13
456.37,0
456.477,0
456.583,0
456.69,2
456.797,0
456.903,0
457.01,23
457.117,5
457.223,0
457.33,26
457.437,27
457.543,15
457.65,22
457.757,5
457.863,0
457.97,0
458.077,14
458.183,0
458.29,0
458.397,0
458.503,0
458.61,0
458.716,78
458.823,96
458.93,36
459.036,0
459.143,0
459.25,0
459.356,15
459.463,0
459.57,0
459.676,1
459.783,0
459.89,15
459.996,20
460.103,0
460.21,19
460.316,5
460.423,0
460.53,5
460.636,0
460.743,4
460.849,0
460.956,0
461.063,28
461.169,6
461.276,11
461.383,5
461.489,17
461.596,12
461.703,7
461.809,0
461.916,0
462.023,0
462.129,7
462.236,0
462.342,0
462.449,0
462.556,4
462.662,0
462.769,4
462.876,0
462.982,22
463.089,21
463.196,8
463.302,0
463.409,18
463.516,0
463.622,0
463.729,6
463.835,0
463.942,3
464.049,7
464.155,21
464.262,0
464.369,0
464.475,39
464.582,0
464.689,4
464.795,2
464.902,5
465.009,0
465.115,4
465.222,3
465.328,0
465.435,3
465.542,31
465.648,0
465.755,0
465.862,40
465.968,18
466.075,0
466.182,2
466.288,11
466.395,0
466.501,0
466.608,0
466.715,0
466.821,0
466.928,0
467.035,20
467.141,0
467.248,0
467.355,12
467.461,0
467.568,9
467.674,28
467.781,3
467.888,14
467.994,0
468.101,0
468.208,0
468.314,0
468.421,0
468.528,0
468.634,3
468.741,16
468.847,2
468.954,0
469.061,1
469.167,0
469.274,0
469.381,9
469.487,0
469.594,1
469.701,0
469.807,0
469.914,9
470.02,0
470.127,4
470.234,0
470.34,40
470.447,120
470.554,90
470.66,40
470.767,17
470.873,0
470.98,0
471.087,15
471.193,0
471.3,2
471.407,0
471.513,17
471.62,0
471.727,0
471.833,0
471.94,8
472.046,23
472.153,0
472.26,31
472.366,0
472.473,0
472.58,5
472.686,37
472.793,8
472.899,0
473.006,4
473.113,40
473.219,36
473.326,0
473.433,6
473.539,0
473.646,0
473.752,0
473.859,24
473.966,0
474.072,14
474.179,30
474.286,4
474.392,0
474.499,0
474.605,10
474.712,9
474.819,4
474.925,0
475.032,22
475.139,18
475.245,14
475.352,20
475.458,6
475.565,0
475.672,21
475.778,0
475.885,18
475.992,6
476.098,7
476.205,14
476.311,8
476.418,0
476.525,34
476.631,17
476.738,0
476.844,0
476.951,0
477.058,19
477.164,8
477.271,0
477.378,29
477.484,34
477.591,1
477.697,0
477.804,0
477.911,0
478.017,0
478.124,16
478.231,0
478.337,0
478.444,0
478.55,0
478.657,9
478.764,4
478.87,0
478.977,0
479.083,0
479.19,11
479.297,18
479.403,13
479.51,15
479.617,0
479.723,7
479.83,0
479.936,28
480.043,51
480.15,38
480.256,14
480.363,7
480.469,5
480.576,30
480.683,9
480.789,14
480.896,0
481.003,0
481.109,15
481.216,11
481.322,15
481.429,8
481.536,2
481.642,0
481.749,12
481.855,1
481.962,19
482.069,12
482.175,0
482.282,0
482.388,29
482.495,14
482.602,0
482.708,0
482.815,18
482.922,0
483.028,0
483.135,0
483.241,3
483.348,0
483.455,0
483.561,10
483.668,22
483.774,0
483.881,22
483.988,36
484.094,14
484.201,1
484.307,3
484.414,10
484.521,0
484.627,0
484.734,0
484.84,0
484.947,0
485.054,1
485.16,15
485.267,21
485.373,17
485.48,10
485.587,42
485.693,7
485.8,0
485.907,3
486.013,0
486.12,0
486.226,0
486.333,4
486.44,0
486.546,2
486.653,13
486.759,10
486.866,35
486.973,0
487.079,5
487.186,10
487.292,4
487.399,0
487.506,0
487.612,2
487.719,0
487.825,37
487.932,32
488.039,16
488.145,0
488.252,0
488.358,4
488.465,0
488.572,22
488.678,30
488.785,0
488.891,0
488.998,30
489.105,13
489.211,0
489.318,0
489.424,2
489.531,21
489.638,0
489.744,0
489.851,0
489.957,0
490.064,12
490.171,18
490.277,0
490.384,13
490.49,25
490.597,0
490.704,9
490.81,6
490.917,0
491.023,0
491.13,14
491.237,17
491.343,0
491.45,16
491.556,1
491.663,0
491.769,26
491.876,37
491.983,7
492.089,18
492.196,0
492.302,0
492.409,10
492.516,11
492.622,0
492.729,0
492.835,16
492.942,10
493.049,16
493.155,0
493.262,0
493.368,4
493.475,0
493.582,14
493.688,0
493.795,0
493.901,8
494.008,0
494.114,13
494.221,25
494.328,17
494.434,0
494.541,6
494.647,14
494.754,0
494.861,21
494.967,72
495.074,97
495.18,85
495.287,45
495.394,18
495.5,13
495.607,14
495.713,0
495.82,10
495.926,0
496.033,0
496.14,28
496.246,0
496.353,19
496.459,27
496.566,0
496.673,15
496.779,36
496.886,14
496.992,0
497.099,21
497.206,0
497.312,0
497.419,4
497.525,1
497.632,0
497.738,0
497.845,24
497.952,32
498.058,0
498.165,2
498.271,6
498.378,36
498.485,5
498.591,10
498.698,0
498.804,0
498.911,0
499.017,0
499.124,0
499.231,6
499.337,4
499.444,7
499.55,23
499.657,20
499.763,0
499.87,1
499.977,0
500.083,0
500.19,0
500.296,18
500.403,18
500.51,94
500.616,170
500.723,82
500.829,3
500.936,0
501.042,4
501.149,31
501.256,12
501.362,0
501.469,0
501.575,31
501.682,25
501.788,1
501.895,1
502.002,8
502.108,7
502.215,26
502.321,55
502.428,23
502.534,30
502.641,4
502.748,0
502.854,0
502.961,32
503.067,11
503.174,0
503.281,11
503.387,0
503.494,30
503.6,0
503.707,0
503.813,0
503.92,0
504.027,0
504.133,6
504.24,1
504.346,13
504.453,11
504.559,1
504.666,0
504.773,0
504.879,27
504.986,13
505.092,0
505.199,17
505.305,0
505.412,18
505.518,19
505.625,9
505.732,8
505.838,6
505.945,37
506.051,12
506.158,0
506.264,0
506.371,27
506.478,13
506.584,0
506.691,11
506.797,10
506.904,13
507.01,7
507.117,0
507.224,0
507.33,0
507.437,6
507.543,0
507.65,4
507.756,9
507.863,12
507.97,3
508.076,4
508.183,0
508.289,7
508.396,0
508.502,17
508.609,24
508.715,0
508.822,4
508.929,6
509.035,6
509.142,26
509.248,0
509.355,0
509.461,2
509.568,36
509.675,0
509.781,19
509.888,6
509.994,14
510.101,27
510.207,0
510.314,0
510.42,6
510.527,1
510.634,47
510.74,12
510.847,0
510.953,4
511.06,10
511.166,8
511.273,0
511.379,0
511.486,8
511.593,0
511.699,15
511.806,41
511.912,0
512.019,1
512.125,0
512.232,10
512.339,0
512.445,0
512.552,21
512.658,0
512.765,0
512.871,0
512.978,9
513.084,0
513.191,0
513.298,25
513.404,0
513.511,0
513.617,14
513.724,0
513.83,4
513.937,4
514.043,1
514.15,8
514.256,0
514.363,5
514.47,17
514.576,0
514.683,13
514.789,27
514.896,0
515.002,14
515.109,0
515.215,1
515.322,1
515.429,0
515.535,0
515.642,8
515.748,24
515.855,11
515.961,0
516.068,0
516.174,0
516.281,9
516.388,10
516.494,0
516.601,10
516.707,22
516.814,0
516.92,0
517.027,7
517.133,2
517.24,0
517.346,0
517.453,0
517.56,0
517.666,8
517.773,3
517.879,0
517.986,20
518.092,3
518.199,0
518.305,11
518.412,2
518.518,0
518.625,7
518.732,0
518.838,21
518.945,0
519.051,0
519.158,108
519.264,107
519.371,24
519.477,9
519.584,1
519.69,13
519.797,2
519.903,10
520.01,3
520.117,0
520.223,0
520.33,0
520.436,9
520.543,0
520.649,0
520.756,32
520.862,14
520.969,6
521.075,8
521.182,0
521.289,7
521.395,37
521.502,0
521.608,33
521.715,64
521.821,0
521.928,0
522.034,4
522.141,0
522.247,10
522.354,0
522.46,22
522.567,0
522.674,1
522.78,28
522.887,5
522.993,2
523.1,0
523.206,21
523.313,23
523.419,0
523.526,0
523.632,0
523.739,17
523.845,19
523.952,0
524.058,0
524.165,24
524.272,5
524.378,17
524.485,0
524.591,11
524.698,0
524.804,14
524.911,15
525.017,11
525.124,50
525.23,63
525.337,40
525.443,0
525.55,3
525.656,0
525.763,9
525.87,38
525.976,14
526.083,3
526.189,24
526.296,5
526.402,28
526.509,0
526.615,0
526.722,15
526.828,0
526.935,0
527.041,2
527.148,3
527.254,0
527.361,0
527.467,0
527.574,0
527.68,10
527.787,0
527.894,0
528,2
528.107,8
528.213,32
528.32,0
528.426,0
528.533,0
528.639,3
528.746,0
528.852,0
528.959,8
529.065,24
529.172,23
529.278,0
529.385,7
529.491,0
529.598,0
529.704,0
529.811,39
529.918,24
530.024,0
530.131,12
530.237,0
530.344,9
530.45,0
530.557,4
530.663,22
530.77,0
530.876,4
530.983,21
531.089,9
531.196,0
531.302,0
531.409,0
531.515,6
531.622,7
531.728,8
531.835,0
531.941,22
532.048,36
532.154,3
532.261,19
532.367,51
532.474,45
532.581,9
532.687,0
532.794,6
532.9,0
533.007,0
533.113,0
533.22,0
533.326,0
533.433,4
533.539,0
533.646,0
533.752,32
533.859,0
533.965,12
534.072,1
534.178,0
534.285,0
534.391,13
534.498,0
534.604,0
534.711,14
534.817,0
534.924,15
535.03,0
535.137,0
535.243,0
535.35,13
535.456,30
535.563,2
535.669,0
535.776,0
535.882,19
535.989,0
536.095,17
536.202,10
536.308,0
536.415,0
536.521,0
536.628,27
536.735,20
536.841,0
536.948,13
537.054,38
537.161,2
537.267,0
537.374,30
537.48,7
537.587,0
537.693,0
537.8,0
537.906,0
538.013,7
538.119,9
538.226,2
538.332,4
538.439,0
538.545,18
538.652,6
538.758,0
538.865,0
538.971,0
539.078,2
539.184,0
539.291,4
539.397,0
539.504,1
539.61,2
539.717,10
539.823,0
539.93,19
540.036,0
540.143,16
540.249,0
540.356,0
540.462,12
540.569,54
540.675,27
540.782,0
540.888,0
540.995,4
541.101,12
541.208,14
541.314,16
541.421,6
541.527,0
541.634,0
541.74,18
541.847,4
541.953,3
542.06,9
542.166,30
542.273,0
542.379,9
542.486,11
542.592,0
542.699,0
542.805,15
542.912,7
543.018,0
543.125,10
543.231,0
543.338,17
543.444,12
543.551,0
543.657,10
543.764,12
543.87,3
543.977,18
544.083,0
544.19,12
544.296,2
544.403,0
544.509,12
544.616,19
544.722,0
544.829,0
544.935,0
545.042,24
545.148,15
545.255,0
545.361,8
545.467,9
545.574,37
545.68,0
545.787,0
545.893,0
546,7
546.106,0
546.213,0
546.319,17
546.426,0
546.532,6
546.639,0
546.745,6
546.852,0
546.958,0
547.065,10
547.171,3
547.278,25
547.384,15
547.491,0
547.597,0
547.704,10
547.81,0
547.917,0
548.023,0
548.13,8
548.236,0
548.343,10
548.449,2
548.556,0
548.662,36
548.769,28
548.875,13
548.982,0
549.088,0
549.195,13
549.301,0
549.408,0
549.514,2
549.62,0
549.727,5
549.833,13
549.94,0
550.046,33
550.153,3
550.259,4
550.366,9
550.472,0
550.579,7
550.685,10
550.792,0
550.898,0
551.005,0
551.111,48
551.218,12
551.324,0
551.431,10
551.537,0
551.644,21
551.75,9
551.857,0
551.963,0
552.07,9
552.176,0
552.282,0
552.389,0
552.495,0
552.602,137
552.708,120
552.815,72
552.921,10
553.028,0
553.134,0
553.241,0
553.347,28
553.454,22
553.56,5
553.667,0
553.773,34
553.88,0
553.986,2
554.093,0
554.199,11
554.305,8
554.412,0
554.518,0
554.625,0
554.731,19
554.838,0
554.944,8
555.051,21
555.157,15
555.264,0
555.37,0
555.477,22
555.583,9
555.69,5
555.796,0
555.903,0
556.009,0
556.115,0
556.222,2
556.328,0
556.435,13
556.541,0
556.648,0
556.754,0
556.861,37
556.967,0
557.074,0
557.18,0
557.287,47
557.393,14
557.5,0
557.606,1
557.713,15
557.819,0
557.925,9
558.032,11
558.138,13
558.245,7
558.351,0
558.458,8
558.564,35
558.671,0
558.777,0
558.884,0
558.99,0
559.097,3
559.203,4
559.309,0
559.416,19
559.522,40
559.629,29
559.735,0
559.842,0
559.948,15
560.055,25
560.161,8
560.268,0
560.374,0
560.481,16
560.587,21
560.693,0
560.8,22
560.906,4
561.013,2
561.119,13
561.226,13
561.332,0
561.439,5
561.545,0
561.652,0
561.758,44
561.864,32
561.971,8
562.077,0
562.184,0
562.29,0
562.397,9
562.503,0
562.61,19
562.716,0
562.823,0
562.929,0
563.035,0
563.142,0
563.248,23
563.355,0
563.461,7
563.568,0
563.674,24
563.781,12
563.887,7
563.994,0
564.1,0
564.206,53
564.313,51
564.419,30
564.526,0
564.632,0
564.739,18
564.845,14
564.952,2
565.058,0
565.165,0
565.271,1
565.377,0
565.484,0
565.59,5
565.697,9
565.803,12
565.91,13
566.016,20
566.123,21
566.229,0
566.335,16
566.442,18
566.548,8
566.655,0
566.761,0
566.868,21
566.974,7
567.081,0
567.187,1
567.293,0
567.4,0
567.506,1
567.613,4
567.719,0
567.826,0
567.932,0
568.039,1
568.145,26
568.251,36
568.358,12
568.464,0
568.571,8
568.677,0
568.784,0
568.89,0
568.997,0
569.103,6
569.209,0
569.316,24
569.422,0
569.529,0
569.635,0
569.742,12
569.848,0
569.955,0
570.061,23
570.167,0
570.274,0
570.38,32
570.487,19
570.593,0
570.7,0
570.806,37
570.912,0
571.019,0
571.125,14
571.232,15
571.338,12
571.445,0
571.551,15
571.658,3
571.764,8
571.87,1
571.977,20
572.083,0
572.19,0
572.296,0
572.403,24
572.509,44
572.615,36
572.722,12
572.828,9
572.935,0
573.041,0
573.148,21
573.254,18
573.36,2
573.467,0
573.573,24
573.68,18
573.786,6
573.893,2
573.999,2
574.105,13
574.212,0
574.318,0
574.425,0
574.531,12
574.638,7
574.744,4
574.85,12
574.957,24
575.063,0
575.17,21
575.276,0
575.383,6
575.489,0
575.595,0
575.702,0
575.808,0
575.915,0
576.021,0
576.128,12
576.234,0
576.34,0
576.447,29
576.553,42
576.66,0
576.766,0
576.873,0
576.979,21
577.085,18
577.192,0
577.298,0
577.405,15
577.511,9
577.618,0
577.724,6
577.83,20
577.937,0
578.043,11
578.15,0
578.256,0
578.363,17
578.469,16
578.575,0
578.682,5
578.788,34
578.895,8
579.001,9
579.107,18
579.214,0
579.32,9
579.427,9
579.533,36
579.64,0
579.746,1
579.852,0
579.959,0
580.065,8
580.172,6
580.278,0
580.384,8
580.491,11
580.597,0
580.704,0
580.81,8
580.917,0
581.023,0
581.129,1
581.236,17
581.342,0
581.449,11
581.555,4
581.661,0
581.768,13
581.874,25
581.981,0
582.087,6
582.193,9
582.3,12
582.406,22
582.513,0
582.619,0
582.726,15
582.832,0
582.938,0
583.045,29
583.151,16
583.258,0
583.364,0
583.47,0
583.577,7
583.683,8
583.79,0
583.896,3
584.002,0
584.109,4
584.215,10
584.322,28
584.428,9
584.535,0
584.641,8
584.747,0
584.854,7
584.96,0
585.067,0
585.173,1
585.279,6
585.386,0
585.492,0
585.599,6
585.705,27
585.811,0
585.918,0
586.024,0
586.131,16
586.237,0
586.343,0
586.45,4
586.556,8
586.663,2
586.769,14
586.875,0
586.982,0
587.088,7
587.195,32
587.301,7
587.407,24
587.514,22
587.62,0
587.727,15
587.833,0
587.939,0
588.046,15
588.152,0
588.259,0
588.365,0
588.471,28
588.578,0
588.684,9
588.791,8
588.897,0
589.003,0
589.11,11
589.216,17
589.323,6
589.429,7
589.535,0
589.642,0
589.748,33
589.855,12
589.961,0
590.067,1
590.174,2
590.28,4
590.387,7
590.493,7
590.599,11
590.706,13
590.812,0
590.918,3
591.025,0
591.131,32
591.238,10
591.344,0
591.45,0
591.557,20
591.663,38
591.77,91
591.876,64
591.982,43
592.089,0
592.195,0
592.302,24
592.408,34
592.514,11
592.621,0
592.727,0
592.834,8
592.94,0
593.046,18
593.153,23
593.259,0
593.365,11
593.472,0
593.578,0
593.685,9
593.791,35
593.897,0
594.004,0
594.11,3
594.217,6
594.323,0
594.429,2
594.536,13
594.642,1
594.748,0
594.855,6
594.961,14
595.068,0
595.174,9
595.28,0
595.387,0
595.493,0
595.6,0
595.706,0
595.812,8
595.919,0
596.025,0
596.131,5
596.238,2
596.344,0
596.451,4
596.557,0
596.663,13
596.77,0
596.876,0
596.982,38
597.089,0
597.195,30
597.302,0
597.408,4
597.514,21
597.621,12
597.727,0
597.833,0
597.94,0
598.046,0
598.153,0
598.259,1
598.365,0
598.472,0
598.578,24
598.685,0
598.791,6
598.897,0
599.004,0
599.11,0
599.216,4
599.323,12
599.429,5
599.535,8
599.642,0
599.748,0
599.855,0
599.961,0
600.067,1
600.174,0
600.28,0
600.386,0
600.493,3
600.599,8
600.706,23
600.812,8
600.918,13
601.025,0
601.131,10
601.237,0
601.344,2
601.45,16
601.557,13
601.663,0
601.769,6
601.876,30
601.982,56
602.088,52
602.195,25
602.301,0
602.407,0
602.514,7
602.62,0
602.727,0
602.833,0
602.939,0
603.046,8
603.152,0
603.258,0
603.365,32
603.471,0
603.577,0
603.684,7
603.79,19
603.897,22
604.003,19
604.109,0
604.216,0
604.322,4
604.428,19
604.535,0
604.641,0
604.747,0
604.854,15
604.96,3
605.067,0
605.173,13
605.279,0
605.386,24
605.492,14
605.598,0
605.705,10
605.811,15
605.917,0
606.024,5
606.13,0
606.236,0
606.343,0
606.449,0
606.556,0
606.662,1
606.768,11
606.875,0
606.981,8
607.087,0
607.194,6
607.3,13
607.406,0
607.513,0
607.619,5
607.725,0
607.832,2
607.938,0
608.045,4
608.151,32
608.257,1
608.364,6
608.47,16
608.576,30
608.683,2
608.789,0
608.895,6
609.002,0
609.108,0
609.214,0
609.321,0
609.427,7
609.533,0
609.64,6
609.746,10
609.852,8
609.959,28
610.065,10
610.172,12
610.278,0
610.384,15
610.491,63
610.597,25
610.703,0
610.81,0
610.916,7
611.022,4
611.129,17
611.235,11
611.341,0
611.448,19
611.554,0
611.66,21
611.767,0
611.873,15
611.979,11
612.086,0
612.192,0
612.298,20
612.405,0
612.511,0
612.617,0
612.724,8
612.83,16
612.936,34
613.043,20
613.149,29
613.255,14
613.362,2
613.468,11
613.575,17
613.681,0
613.787,14
613.894,0
614,0
614.106,0
614.213,0
614.319,14
614.425,0
614.532,0
614.638,13
614.744,0
614.851,0
614.957,62
615.063,38
615.17,0
615.276,0
615.382,0
615.489,18
615.595,18
615.701,0
615.808,5
615.914,14
616.02,0
616.127,0
616.233,13
616.339,18
616.446,0
616.552,14
616.658,26
616.765,0
616.871,7
616.977,0
617.084,0
617.19,0
617.296,0
617.403,0
617.509,1
617.615,9
617.722,0
617.828,10
617.934,3
618.041,14
618.147,10
618.253,0
618.36,11
618.466,0
618.572,11
618.679,5
618.785,0
618.891,14
618.998,10
619.104,0
619.21,14
619.316,6
619.423,11
619.529,0
619.635,8
619.742,21
619.848,24
619.954,5
620.061,17
620.167,4
620.273,2
620.38,0
620.486,0
620.592,32
620.699,0
620.805,4
620.911,0
621.018,0
621.124,7
621.23,0
621.337,0
621.443,0
621.549,0
621.656,6
621.762,13
621.868,18
621.975,26
622.081,0
622.187,0
622.294,8
622.4,0
622.506,0
622.612,0
622.719,0
622.825,5
622.931,25
623.038,0
623.144,12
623.25,16
623.357,0
623.463,0
623.569,0
623.676,0
623.782,10
623.888,0
623.995,8
624.101,13
624.207,0
624.314,0
624.42,8
624.526,0
624.632,45
624.739,6
624.845,4
624.951,16
625.058,17
625.164,3
625.27,10
625.377,0
625.483,0
625.589,32
625.696,12
625.802,0
625.908,0
626.015,11
626.121,0
626.227,17
626.333,7
626.44,0
626.546,0
626.652,6
626.759,6
626.865,0
626.971,0
627.078,0
627.184,0
627.29,8
627.397,0
627.503,3
627.609,0
627.715,0
627.822,0
627.928,15
628.034,34
628.141,32
628.247,14
628.353,0
628.46,0
628.566,0
628.672,0
628.778,24
628.885,38
628.991,21
629.097,4
629.204,0
629.31,0
629.416,12
629.523,13
629.629,0
629.735,2
629.841,3
629.948,8
630.054,0
630.16,0
630.267,2
630.373,0
630.479,1
630.586,4
630.692,2
630.798,14
630.904,26
631.011,11
631.117,0
631.223,17
631.33,25
631.436,0
631.542,15
631.649,0
631.755,1
631.861,0
631.967,7
632.074,0
632.18,10
632.286,0
632.393,0
632.499,30
632.605,13
632.711,15
632.818,24
632.924,18
633.03,34
633.137,11
633.243,19
633.349,0
633.456,12
633.562,0
633.668,0
633.774,11
633.881,0
633.987,14
634.093,0
634.2,5
634.306,10
634.412,0
634.518,4
634.625,9
634.731,0
634.837,0
634.944,32
635.05,20
635.156,4
635.262,3
635.369,14
635.475,6
635.581,20
635.688,12
635.794,21
635.9,0
636.006,0
636.113,0
636.219,60
636.325,32
636.432,0
636.538,0
636.644,0
636.75,5
636.857,4
636.963,4
637.069,43
637.176,0
637.282,0
637.388,9
637.494,0
637.601,2
637.707,17
637.813,0
637.92,0
638.026,0
638.132,4
638.238,22
638.345,0
638.451,9
638.557,21
638.663,0
638.77,2
638.876,22
638.982,16
639.089,0
639.195,0
639.301,5
639.407,0
639.514,0
639.62,23
639.726,7
639.833,0
639.939,1
640.045,15
640.151,206
640.258,204
640.364,75
640.47,0
640.576,0
640.683,0
640.789,0
640.895,16
641.002,17
641.108,0
641.214,9
641.32,0
641.427,0
641.533,2
641.639,0
641.745,24
641.852,6
641.958,0
642.064,22
642.171,0
642.277,24
642.383,21
642.489,24
642.596,26
642.702,0
642.808,0
642.914,0
643.021,0
643.127,1
643.233,9
643.339,0
643.446,10
643.552,0
643.658,0
643.765,22
643.871,13
643.977,30
644.083,3
644.19,16
644.296,14
644.402,0
644.508,11
644.615,15
644.721,0
644.827,0
644.933,0
645.04,20
645.146,0
645.252,0
645.358,21
645.465,0
645.571,0
645.677,0
645.784,21
645.89,17
645.996,0
646.102,0
646.209,0
646.315,23
646.421,4
646.527,0
646.634,0
646.74,0
646.846,8
646.952,51
647.059,1
647.165,0
647.271,14
647.377,12
647.484,0
647.59,0
647.696,6
647.802,0
647.909,0
648.015,0
648.121,26
648.227,44
648.334,22
648.44,25
648.546,2
648.652,0
648.759,4
648.865,0
648.971,0
649.077,0
649.184,0
649.29,0
649.396,0
649.502,0
649.609,0
649.715,24
649.821,62
649.927,53
650.034,14
650.14,4
650.246,0
650.352,24
650.459,0
650.565,37
650.671,0
650.777,12
650.884,11
650.99,32
651.096,9
651.202,0
651.309,0
651.415,4
651.521,32
651.627,0
651.734,0
651.84,0
651.946,0
652.052,0
652.159,0
652.265,24
652.371,0
652.477,0
652.584,0
652.69,0
652.796,22
652.902,78
653.009,19
653.115,22
653.221,10
653.327,12
653.434,0
653.54,7
653.646,8
653.752,0
653.858,0
653.965,18
654.071,50
654.177,20
654.283,15
654.39,32
654.496,16
654.602,18
654.708,38
654.815,8
654.921,0
655.027,0
655.133,11
655.24,2
655.346,0
655.452,21
655.558,65
655.665,65
655.771,30
655.877,4
655.983,0
656.089,5
656.196,19
656.302,2
656.408,26
656.514,0
656.621,37
656.727,32
656.833,0
656.939,20
657.046,16
657.152,0
657.258,0
657.364,29
657.47,83
657.577,16
657.683,14
657.789,7
657.895,0
658.002,15
658.108,0
658.214,0
658.32,32
658.427,34
658.533,0
658.639,86
658.745,86
658.851,33
658.958,26
659.064,0
659.17,0
659.276,0
659.383,16
659.489,19
659.595,58
659.701,23
659.807,0
659.914,34
660.02,123
660.126,65
660.232,40
660.339,56
660.445,50
660.551,0
660.657,0
660.763,1
660.87,0
660.976,0
661.082,10
661.188,0
661.295,0
661.401,0
661.507,16
661.613,0
661.719,0
661.826,6
661.932,85
662.038,184
662.144,141
662.251,24
662.357,0
662.463,6
662.569,0
662.675,0
662.782,0
662.888,4
662.994,18
663.1,1
663.206,7
663.313,8
663.419,64
663.525,52
663.631,21
663.738,0
663.844,0
663.95,0
664.056,10
664.162,0
664.269,0
664.375,0
664.481,0
664.587,0
664.693,8
664.8,22
664.906,16
665.012,0
665.118,10
665.225,0
665.331,44
665.437,35
665.543,14
665.649,27
665.756,102
665.862,70
665.968,69
666.074,16
666.18,12
666.287,0
666.393,0
666.499,0
666.605,17
666.711,10
666.818,0
666.924,3
667.03,0
667.136,2
667.242,17
667.349,0
667.455,0
667.561,14
667.667,0
667.773,16
667.88,0
667.986,20
668.092,60
668.198,39
668.304,0
668.411,22
668.517,48
668.623,10
668.729,22
668.835,8
668.942,0
669.048,7
669.154,0
669.26,0
669.366,19
669.473,0
669.579,0
669.685,69
669.791,267
669.897,215
670.004,128
670.11,34
670.216,30
670.322,6
670.428,0
670.535,23
670.641,26
670.747,10
670.853,13
670.959,40
671.066,6
671.172,3
671.278,8
671.384,55
671.49,85
671.597,43
671.703,19
671.809,0
671.915,0
672.021,0
672.128,0
672.234,0
672.34,11
672.446,0
672.552,0
672.658,6
672.765,0
672.871,23
672.977,13
673.083,0
673.189,0
673.296,39
673.402,89
673.508,97
673.614,67
673.72,0
673.827,0
673.933,0
674.039,17
674.145,32
674.251,105
674.357,71
674.464,38
674.57,4
674.676,0
674.782,20
674.888,6
674.995,17
675.101,0
675.207,11
675.313,7
675.419,0
675.526,0
675.632,19
675.738,7
675.844,0
675.95,19
676.056,64
676.163,47
676.269,30
676.375,0
676.481,0
676.587,7
676.693,16
676.8,0
676.906,0
677.012,4
677.118,0
677.224,0
677.331,0
677.437,0
677.543,0
677.649,6
677.755,11
677.861,1
677.968,7
678.074,0
678.18,6
678.286,0
678.392,0
678.498,0
678.605,0
678.711,24
678.817,46
678.923,6
679.029,0
679.136,0
679.242,83
679.348,39
679.454,0
679.56,13
679.666,0
679.773,17
679.879,6
679.985,0
680.091,6
680.197,0
680.303,8
680.41,0
680.516,0
680.622,0
680.728,7
680.834,23
680.94,21
681.047,0
681.153,6
681.259,21
681.365,23
681.471,0
681.577,0
681.684,26
681.79,0
681.896,0
682.002,0
682.108,13
682.214,0
682.321,0
682.427,29
682.533,19
682.639,0
682.745,0
682.851,1
682.958,8
683.064,0
683.17,25
683.276,0
683.382,0
683.488,0
683.595,0
683.701,6
683.807,23
683.913,0
684.019,9
684.125,0
684.231,0
684.338,4
684.444,0
684.55,0
684.656,10
684.762,17
684.868,0
684.975,18
685.081,7
685.187,0
685.293,8
685.399,11
685.505,0
685.611,0
685.718,0
685.824,19
685.93,0
686.036,0
686.142,0
686.248,39
686.355,23
686.461,9
686.567,11
686.673,0
686.779,0
686.885,20
686.991,0
687.098,11
687.204,2
687.31,9
687.416,0
687.522,0
687.628,21
687.735,9
687.841,0
687.947,0
688.053,16
688.159,30
688.265,0
688.371,9
688.478,0
688.584,9
688.69,12
688.796,1
688.902,0
689.008,4
689.114,0
689.221,0
689.327,49
689.433,21
689.539,4
689.645,0
689.751,0
689.857,0
689.964,0
690.07,0
690.176,0
690.282,16
690.388,14
690.494,5
690.6,5
690.707,0
690.813,14
690.919,43
691.025,34
691.131,0
691.237,17
691.343,8
691.45,14
691.556,0
691.662,0
691.768,13
691.874,30
691.98,0
692.086,0
692.193,10
692.299,0
692.405,7
692.511,2
692.617,32
692.723,54
692.829,21
692.935,17
693.042,0
693.148,36
693.254,50
693.36,15
693.466,0
693.572,0
693.678,0
693.785,23
693.891,37
693.997,0
694.103,0
694.209,22
694.315,7
694.421,0
694.527,1
694.634,0
694.74,0
694.846,13
694.952,11
695.058,0
695.164,4
695.27,4
695.376,19
695.483,19
695.589,0
695.695,0
695.801,13
695.907,16
696.013,0
696.119,8
696.225,6
696.332,3
696.438,0
696.544,0
696.65,0
696.756,25
696.862,0
696.968,0
697.074,14
697.181,0
697.287,0
697.393,0
697.499,0
697.605,8
697.711,4
697.817,11
697.923,0
698.03,0
698.136,0
698.242,0
698.348,5
698.454,13
698.56,0
698.666,6
698.772,21
698.879,16
698.985,0
699.091,14
699.197,20
699.303,5
699.409,0
699.515,12
