59.6745,0
59.7814,0
59.8883,43
59.9952,24
60.1021,10
60.209,9
60.3159,8
60.4228,34
60.5296,13
60.6365,24
60.7434,22
60.8503,20
60.9572,15
61.0641,12
61.171,0
61.2779,19
61.3848,0
61.4917,11
61.5986,4
61.7055,13
61.8124,8
61.9193,0
62.0261,2
62.133,9
62.2399,0
62.3468,7
62.4537,14
62.5606,19
62.6675,15
62.7744,11
62.8813,14
62.9882,16
63.0951,0
63.202,15
63.3089,33
63.4158,19
63.5226,3
63.6295,0
63.7364,0
63.8433,30
63.9502,0
64.0571,11
64.164,9
64.2709,0
64.3778,0
64.4847,9
64.5916,22
64.6985,30
64.8054,33
64.9123,5
65.0192,19
65.1261,0
65.2329,9
65.3398,6
65.4467,15
65.5536,0
65.6605,12
65.7674,40
65.8743,0
65.9812,18
66.0881,0
66.195,0
66.3019,24
66.4088,30
66.5157,8
66.6226,1
66.7295,10
66.8364,22
66.9433,8
67.0502,10
67.157,0
67.2639,3
67.3708,0
67.4777,16
67.5846,1
67.6915,3
67.7984,0
67.9053,5
68.0122,22
68.1191,13
68.226,19
68.3329,3
68.4398,0
68.5467,19
68.6536,9
68.7605,26
68.8674,19
68.9743,4
69.0812,9
69.1881,11
69.295,0
69.4018,0
69.5087,11
69.6156,0
69.7225,4
69.8294,0
69.9363,0
70.0432,5
70.1501,9
70.257,11
70.3639,0
70.4708,0
70.5777,57
70.6846,25
70.7915,21
70.8984,0
71.0053,0
71.1122,16
71.2191,19
71.326,6
71.4329,12
71.5398,26
71.6467,9
71.7536,15
71.8605,0
71.9674,0
72.0742,1
72.1811,0
72.288,5
72.3949,0
72.5018,0
72.6087,0
72.7156,0
72.8225,1
72.9294,0
73.0363,0
73.1432,21
73.2501,4
73.357,0
73.4639,17
73.5708,32
73.6777,2
73.7846,10
73.8915,12
73.9984,6
74.1053,13
74.2122,26
74.3191,16
74.426,9
74.5329,24
74.6398,0
74.7467,25
74.8536,13
74.9605,32
75.0674,45
75.1743,5
75.2812,27
75.3881,19
75.495,7
75.6019,0
75.7088,10
75.8157,0
75.9225,0
76.0294,0
76.1363,20
76.2432,0
76.3501,10
76.457,12
76.5639,18
76.6708,0
76.7777,18
76.8846,0
76.9915,0
77.0984,9
77.2053,0
77.3122,0
77.4191,4
77.526,0
77.6329,0
77.7398,16
77.8467,0
77.9536,19
78.0605,26
78.1674,0
78.2743,0
78.3812,19
78.4881,7
78.595,0
78.7019,0
78.8088,0
78.9157,10
79.0226,18
79.1295,0
79.2364,0
79.3433,19
79.4502,21
79.5571,15
79.664,3
79.7709,22
79.8778,13
79.9847,5
80.0916,30
80.1985,21
80.3054,12
80.4123,10
80.5192,8
80.6261,0
80.733,21
80.8399,0
80.9468,0
81.0537,0
81.1606,0
81.2675,56
81.3744,52
81.4813,0
81.5882,0
81.6951,0
81.802,2
81.9089,18
82.0158,29
82.1227,0
82.2296,0
82.3365,12
82.4434,16
82.5503,4
82.6572,0
82.7641,0
82.871,6
82.9779,2
83.0848,0
83.1917,0
83.2986,52
83.4055,7
83.5124,0
83.6193,38
83.7262,7
83.8331,0
83.94,0
84.0469,0
84.1538,30
84.2607,6
84.3676,17
84.4745,9
84.5814,0
84.6883,14
84.7952,18
84.9021,22
85.009,10
85.1159,19
85.2228,0
85.3297,0
85.4366,2
85.5435,7
85.6504,1
85.7573,0
85.8642,19
85.9711,0
86.078,0
86.1849,11
86.2918,20
86.3987,6
86.5056,26
86.6125,2
86.7194,0
86.8263,28
86.9332,0
87.0401,0
87.147,6
87.2539,9
87.3608,0
87.4677,0
87.5746,13
87.6815,18
87.7884,18
87.8953,0
88.0022,29
88.1091,13
88.216,22
88.3229,0
88.4298,24
88.5367,20
88.6436,19
88.7505,3
88.8574,6
88.9643,0
89.0712,0
89.1781,0
89.285,5
89.3919,25
89.4988,28
89.6057,13
89.7126,23
89.8195,0
89.9264,0
90.0334,4
90.1403,16
90.2472,0
90.3541,0
90.461,4
90.5679,9
90.6748,0
90.7817,0
90.8886,19
90.9955,3
91.1024,0
91.2093,0
91.3162,24
91.4231,0
91.53,13
91.6369,0
91.7438,0
91.8507,0
91.9576,38
92.0645,31
92.1714,0
92.2783,7
92.3852,22
92.4921,26
92.599,6
92.7059,6
92.8128,18
92.9197,20
93.0266,0
93.1335,0
93.2404,19
93.3473,23
93.4542,0
93.5611,4
93.668,2
93.7749,0
93.8818,27
93.9887,0
94.0956,0
94.2025,8
94.3095,18
94.4164,0
94.5233,8
94.6302,5
94.7371,0
94.844,0
94.9509,26
95.0578,0
95.1647,0
95.2716,3
95.3785,0
95.4854,9
95.5923,0
95.6992,15
95.8061,7
95.913,0
96.0199,13
96.1268,0
96.2337,0
96.3406,10
96.4475,4
96.5544,0
96.6613,0
96.7682,4
96.8751,0
96.982,12
97.0889,6
97.1958,0
97.3027,0
97.4097,25
97.5166,9
97.6235,16
97.7304,0
97.8373,0
97.9442,4
98.0511,0
98.158,16
98.2649,12
98.3718,10
98.4787,0
98.5856,7
98.6925,0
98.7994,0
98.9063,0
99.0132,6
99.1201,0
99.227,22
99.3339,0
99.4408,0
99.5477,42
99.6546,0
99.7615,0
99.8684,1
99.9753,2
100.082,6
100.189,0
100.296,0
100.403,0
100.51,16
100.617,0
100.724,8
100.831,0
100.937,0
101.044,8
101.151,0
101.258,2
101.365,0
101.472,0
101.579,0
101.686,0
101.793,0
101.9,13
102.007,4
102.113,5
102.22,20
102.327,8
102.434,0
102.541,0
102.648,0
102.755,47
102.862,0
102.969,0
103.076,0
103.182,0
103.289,0
103.396,15
103.503,15
103.61,0
103.717,2
103.824,0
103.931,1
104.038,0
104.145,4
104.252,17
104.358,0
104.465,1
104.572,20
104.679,0
104.786,0
104.893,0
105,17
105.107,13
105.214,15
105.321,10
105.427,13
105.534,26
105.641,0
105.748,6
105.855,4
105.962,16
106.069,2
106.176,2
106.283,0
106.39,28
106.497,0
106.603,6
106.71,6
106.817,0
106.924,0
107.031,0
107.138,1
107.245,20
107.352,23
107.459,12
107.566,0
107.673,0
107.779,10
107.886,12
107.993,0
108.1,6
108.207,10
108.314,0
108.421,17
108.528,3
108.635,0
108.742,0
108.848,25
108.955,25
109.062,0
109.169,15
109.276,40
109.383,16
109.49,0
109.597,9
109.704,0
109.811,6
109.918,0
110.024,6
110.131,0
110.238,17
110.345,0
110.452,0
110.559,0
110.666,22
110.773,11
110.88,26
110.987,0
111.094,9
111.2,0
111.307,14
111.414,0
111.521,25
111.628,6
111.735,19
111.842,12
111.949,0
112.056,13
112.163,17
112.269,3
112.376,25
112.483,18
112.59,0
112.697,0
112.804,0
112.911,23
113.018,0
113.125,0
113.232,0
113.339,36
113.445,48
113.552,14
113.659,0
113.766,0
113.873,26
113.98,5
114.087,0
114.194,0
114.301,6
114.408,0
114.515,16
114.621,29
114.728,18
114.835,0
114.942,0
115.049,0
115.156,9
115.263,12
115.37,4
115.477,31
115.584,0
115.69,0
115.797,11
115.904,10
116.011,17
116.118,6
116.225,0
116.332,0
116.439,10
116.546,0
116.653,14
116.76,8
116.866,7
116.973,0
117.08,0
117.187,19
117.294,19
117.401,0
117.508,13
117.615,12
117.722,2
117.829,2
117.936,0
118.042,0
118.149,11
118.256,0
118.363,30
118.47,13
118.577,13
118.684,0
118.791,0
118.898,21
119.005,4
119.112,0
119.218,24
119.325,13
119.432,0
119.539,19
119.646,0
119.753,8
119.86,4
119.967,0
120.074,0
120.181,0
120.287,0
120.394,25
120.501,11
120.608,0
120.715,0
120.822,18
120.929,0
121.036,0
121.143,0
121.25,0
121.357,0
121.463,6
121.57,32
121.677,34
121.784,2
121.891,3
121.998,13
122.105,13
122.212,0
122.319,24
122.426,11
122.533,0
122.639,0
122.746,0
122.853,12
122.96,25
123.067,5
123.174,0
123.281,0
123.388,0
123.495,0
123.602,0
123.709,17
123.815,0
123.922,0
124.029,48
124.136,23
124.243,0
124.35,0
124.457,5
124.564,3
124.671,0
124.778,0
124.885,0
124.991,0
125.098,0
125.205,0
125.312,40
125.419,18
125.526,37
125.633,14
125.74,0
125.847,13
125.954,1
126.061,0
126.167,8
126.274,1
126.381,3
126.488,0
126.595,15
126.702,17
126.809,41
126.916,32
127.023,25
127.13,12
127.236,0
127.343,6
127.45,19
127.557,8
127.664,9
127.771,0
127.878,0
127.985,6
128.092,6
128.199,0
128.306,0
128.412,5
128.519,11
128.626,2
128.733,0
128.84,30
128.947,0
129.054,10
129.161,0
129.268,0
129.375,0
129.482,19
129.588,19
129.695,6
129.802,0
129.909,13
130.016,18
130.123,0
130.23,12
130.337,8
130.444,0
130.551,18
130.658,26
130.764,0
130.871,0
130.978,0
131.085,0
131.192,0
131.299,16
131.406,14
131.513,14
131.62,0
131.727,21
131.834,16
131.94,0
132.047,10
132.154,0
132.261,0
132.368,21
132.475,12
132.582,11
132.689,0
132.796,0
132.903,14
133.01,1
133.116,1
133.223,29
133.33,21
133.437,0
133.544,0
133.651,7
133.758,8
133.865,8
133.972,23
134.079,0
134.186,0
134.292,5
134.399,19
134.506,9
134.613,0
134.72,12
134.827,36
134.934,18
135.041,0
135.148,0
135.255,0
135.362,2
135.468,6
135.575,0
135.682,8
135.789,0
135.896,0
136.003,1
136.11,0
136.217,12
136.324,0
136.431,1
136.538,24
136.644,13
136.751,0
136.858,13
136.965,0
137.072,0
137.179,3
137.286,9
137.393,0
137.5,12
137.607,0
137.714,0
137.82,14
137.927,8
138.034,7
138.141,13
138.248,0
138.355,26
138.462,0
138.569,0
138.676,7
138.783,0
138.89,0
138.996,18
139.103,0
139.21,0
139.317,0
139.424,4
139.531,4
139.638,30
139.745,34
139.852,28
139.959,11
140.065,0
140.172,0
140.279,9
140.386,33
140.493,18
140.6,7
140.707,34
140.814,0
140.921,2
141.028,10
141.135,0
141.241,0
141.348,0
141.455,0
141.562,0
141.669,0
141.776,0
141.883,24
141.99,0
142.097,0
142.204,4
142.311,0
142.417,0
142.524,0
142.631,5
142.738,0
142.845,0
142.952,11
143.059,14
143.166,1
143.273,3
143.38,19
143.487,0
143.593,19
143.7,0
143.807,16
143.914,0
144.021,0
144.128,5
144.235,0
144.342,0
144.449,36
144.556,0
144.663,0
144.769,24
144.876,0
144.983,27
145.09,21
145.197,0
145.304,0
145.411,31
145.518,24
145.625,0
145.732,5
145.839,0
145.945,0
146.052,0
146.159,15
146.266,20
146.373,7
146.48,0
146.587,0
146.694,0
146.801,20
146.908,0
147.015,0
147.121,1
147.228,4
147.335,0
147.442,0
147.549,0
147.656,0
147.763,30
147.87,16
147.977,27
148.084,24
148.191,6
148.297,18
148.404,10
148.511,13
148.618,0
148.725,9
148.832,21
148.939,0
149.046,22
149.153,0
149.26,1
149.367,0
149.473,5
149.58,26
149.687,0
149.794,32
149.901,0
150.008,0
150.115,0
150.222,0
150.329,1
150.436,26
150.543,109
150.649,89
150.756,25
150.863,6
150.97,14
151.077,0
151.184,0
151.291,0
151.398,28
151.505,0
151.612,0
151.719,0
151.825,7
151.932,13
152.039,0
152.146,0
152.253,0
152.36,0
152.467,0
152.574,0
152.681,21
152.788,0
152.894,0
153.001,16
153.108,15
153.215,0
153.322,0
153.429,27
153.536,5
153.643,0
153.75,17
153.857,0
153.964,0
154.07,8
154.177,0
154.284,0
154.391,9
154.498,0
154.605,11
154.712,3
154.819,0
154.926,0
155.033,25
155.14,0
155.246,0
155.353,0
155.46,0
155.567,0
155.674,0
155.781,0
155.888,0
155.995,0
156.102,41
156.209,23
156.316,11
156.422,8
156.529,5
156.636,0
156.743,0
156.85,0
156.957,5
157.064,0
157.171,0
157.278,0
157.385,11
157.492,21
157.598,0
157.705,6
157.812,15
157.919,0
158.026,0
158.133,0
158.24,24
158.347,25
158.454,31
158.561,0
158.668,0
158.774,0
158.881,0
158.988,10
159.095,4
159.202,5
159.309,0
159.416,10
159.523,21
159.63,0
159.737,7
159.844,3
159.95,0
160.057,0
160.164,6
160.271,8
160.378,8
160.485,0
160.592,0
160.699,0
160.806,1
160.913,27
161.019,0
161.126,0
161.233,0
161.34,0
161.447,17
161.554,8
161.661,4
161.768,0
161.875,8
161.982,0
162.089,0
162.195,0
162.302,0
162.409,13
162.516,10
162.623,0
162.73,0
162.837,31
162.944,0
163.051,0
163.158,13
163.265,0
163.371,29
163.478,0
163.585,0
163.692,0
163.799,0
163.906,1
164.013,0
164.12,0
164.227,6
164.334,0
164.441,0
164.547,0
164.654,12
164.761,0
164.868,0
164.975,0
165.082,0
165.189,15
165.296,3
165.403,0
165.51,4
165.616,0
165.723,0
165.83,6
165.937,5
166.044,3
166.151,3
166.258,15
166.365,32
166.472,8
166.579,0
166.686,0
166.792,19
166.899,7
167.006,0
167.113,18
167.22,0
167.327,2
167.434,0
167.541,0
167.648,2
167.755,0
167.862,25
167.968,8
168.075,0
168.182,0
168.289,0
168.396,0
168.503,6
168.61,4
168.717,0
168.824,0
168.931,4
169.037,3
169.144,0
169.251,0
169.358,0
169.465,14
169.572,0
169.679,16
169.786,5
169.893,0
170,0
170.107,4
170.213,0
170.32,0
170.427,3
170.534,2
170.641,11
170.748,0
170.855,0
170.962,0
171.069,9
171.176,16
171.283,0
171.389,7
171.496,0
171.603,0
171.71,25
171.817,0
171.924,0
172.031,0
172.138,6
172.245,0
172.352,30
172.458,11
172.565,0
172.672,0
172.779,5
172.886,18
172.993,0
173.1,17
173.207,0
173.314,0
173.421,0
173.528,15
173.634,0
173.741,0
173.848,8
173.955,33
174.062,0
174.169,33
174.276,18
174.383,3
174.49,0
174.597,0
174.704,16
174.81,6
174.917,0
175.024,0
175.131,3
175.238,0
175.345,0
175.452,19
175.559,15
175.666,0
175.773,0
175.879,17
175.986,0
176.093,0
176.2,10
176.307,9
176.414,0
176.521,0
176.628,15
176.735,4
176.842,0
176.949,2
177.055,0
177.162,0
177.269,0
177.376,0
177.483,3
177.59,49
177.697,0
177.804,0
177.911,7
178.018,0
178.124,0
178.231,22
178.338,0
178.445,0
178.552,0
178.659,8
178.766,0
178.873,0
178.98,22
179.087,4
179.194,3
179.3,0
179.407,5
179.514,0
179.621,3
179.728,0
179.835,0
179.942,0
180.049,0
180.156,0
180.263,0
180.369,0
180.476,2
180.583,19
180.69,4
180.797,0
180.904,17
181.011,0
181.118,1
181.225,9
181.332,33
181.439,0
181.545,29
181.652,9
181.759,0
181.866,3
181.973,13
182.08,0
182.187,14
182.294,2
182.401,0
182.508,12
182.614,0
182.721,14
182.828,0
182.935,1
183.042,0
183.149,0
183.256,0
183.363,0
183.47,0
183.577,3
183.683,0
183.79,1
183.897,23
184.004,0
184.111,0
184.218,21
184.325,0
184.432,0
184.539,21
184.646,8
184.753,0
184.859,0
184.966,3
185.073,0
185.18,0
185.287,7
185.394,8
185.501,2
185.608,0
185.715,22
185.822,0
185.928,16
186.035,0
186.142,0
186.249,1
186.356,0
186.463,0
186.57,21
186.677,0
186.784,11
186.891,25
186.997,31
187.104,59
187.211,71
187.318,61
187.425,2
187.532,8
187.639,0
187.746,19
187.853,0
187.96,0
188.067,0
188.173,21
188.28,47
188.387,0
188.494,15
188.601,0
188.708,21
188.815,0
188.922,0
189.029,0
189.136,0
189.242,0
189.349,16
189.456,20
189.563,0
189.67,0
189.777,0
189.884,2
189.991,8
190.098,0
190.205,25
190.311,18
190.418,16
190.525,2
190.632,1
190.739,30
190.846,5
190.953,28
191.06,13
191.167,0
191.274,22
191.38,40
191.487,0
191.594,0
191.701,7
191.808,2
191.915,0
192.022,4
192.129,0
192.236,0
192.343,0
192.45,0
192.556,6
192.663,12
192.77,0
192.877,0
192.984,1
193.091,12
193.198,16
193.305,8
193.412,5
193.519,19
193.625,0
193.732,0
193.839,5
193.946,22
194.053,0
194.16,0
194.267,0
194.374,16
194.481,26
194.588,9
194.694,1
194.801,24
194.908,19
195.015,15
195.122,25
195.229,22
195.336,3
195.443,0
195.55,23
195.657,6
195.763,0
195.87,0
195.977,0
196.084,0
196.191,10
196.298,0
196.405,27
196.512,10
196.619,0
196.726,1
196.832,18
196.939,12
197.046,14
197.153,0
197.26,0
197.367,18
197.474,0
197.581,0
197.688,7
197.795,0
197.901,0
198.008,0
198.115,17
198.222,0
198.329,10
198.436,0
198.543,11
198.65,12
198.757,0
198.864,23
198.97,10
199.077,0
199.184,0
199.291,19
199.398,2
199.505,14
199.612,13
199.719,0
199.826,0
199.933,42
200.039,0
200.146,4
200.253,7
200.36,5
200.467,0
200.574,0
200.681,23
200.788,0
200.895,0
201.002,6
201.108,4
201.215,17
201.322,1
201.429,0
201.536,23
201.643,15
201.75,9
201.857,0
201.964,15
202.071,0
202.177,20
202.284,0
202.391,0
202.498,0
202.605,14
202.712,0
202.819,0
202.926,0
203.033,6
203.14,0
203.246,0
203.353,12
203.46,0
203.567,10
203.674,0
203.781,4
203.888,12
203.995,0
204.102,0
204.208,0
204.315,21
204.422,30
204.529,0
204.636,22
204.743,18
204.85,6
204.957,0
205.064,0
205.171,18
205.277,0
205.384,13
205.491,0
205.598,0
205.705,26
205.812,6
205.919,6
206.026,3
206.133,0
206.24,2
206.346,13
206.453,10
206.56,0
206.667,18
206.774,3
206.881,11
206.988,0
207.095,1
207.202,3
207.309,9
207.415,0
207.522,0
207.629,0
207.736,9
207.843,1
207.95,0
208.057,9
208.164,5
208.271,0
208.377,15
208.484,0
208.591,0
208.698,1
208.805,8
208.912,22
209.019,0
209.126,0
209.233,0
209.34,0
209.446,0
209.553,53
209.66,47
209.767,0
209.874,0
209.981,7
210.088,31
210.195,0
210.302,25
210.409,10
210.515,0
210.622,6
210.729,0
210.836,0
210.943,32
211.05,0
211.157,0
211.264,8
211.371,0
211.477,12
211.584,29
211.691,0
211.798,11
211.905,67
212.012,93
212.119,24
212.226,13
212.333,5
212.44,0
212.546,15
212.653,13
212.76,0
212.867,23
212.974,27
213.081,3
213.188,0
213.295,13
213.402,0
213.508,0
213.615,0
213.722,0
213.829,0
213.936,0
214.043,0
214.15,1
214.257,19
214.364,7
214.471,8
214.577,17
214.684,0
214.791,2
214.898,0
215.005,0
215.112,0
215.219,14
215.326,3
215.433,0
215.539,0
215.646,8
215.753,8
215.86,19
215.967,0
216.074,1
216.181,0
216.288,4
216.395,20
216.502,0
216.608,0
216.715,0
216.822,0
216.929,0
217.036,0
217.143,0
217.25,25
217.357,12
217.464,0
217.57,0
217.677,23
217.784,2
217.891,5
217.998,0
218.105,7
218.212,1
218.319,8
218.426,0
218.532,14
218.639,0
218.746,8
218.853,4
218.96,0
219.067,0
219.174,25
219.281,10
219.388,15
219.495,7
219.601,0
219.708,7
219.815,10
219.922,0
220.029,0
220.136,0
220.243,39
220.35,0
220.457,14
220.563,0
220.67,0
220.777,0
220.884,0
220.991,0
221.098,0
221.205,21
221.312,2
221.419,0
221.525,4
221.632,14
221.739,0
221.846,1
221.953,4
222.06,10
222.167,18
222.274,2
222.381,3
222.488,0
222.594,0
222.701,15
222.808,30
222.915,0
223.022,17
223.129,4
223.236,1
223.343,0
223.45,21
223.556,0
223.663,7
223.77,19
223.877,13
223.984,11
224.091,28
224.198,16
224.305,0
224.412,20
224.518,0
224.625,13
224.732,0
224.839,0
224.946,12
225.053,19
225.16,7
225.267,21
225.374,0
225.48,0
225.587,7
225.694,0
225.801,0
225.908,0
226.015,28
226.122,28
226.229,0
226.336,17
226.442,10
226.549,4
226.656,0
226.763,26
226.87,14
226.977,0
227.084,0
227.191,0
227.298,30
227.404,0
227.511,4
227.618,0
227.725,0
227.832,5
227.939,0
228.046,30
228.153,0
228.26,17
228.366,15
228.473,0
228.58,0
228.687,11
228.794,8
228.901,0
229.008,10
229.115,5
229.222,0
229.328,26
229.435,0
229.542,22
229.649,15
229.756,0
229.863,17
229.97,11
230.077,0
230.184,24
230.29,3
230.397,0
230.504,0
230.611,0
230.718,0
230.825,0
230.932,20
231.039,50
231.146,6
231.252,2
231.359,10
231.466,0
231.573,0
231.68,15
231.787,12
231.894,0
232.001,22
232.108,0
232.214,6
232.321,0
232.428,0
232.535,4
232.642,0
232.749,0
232.856,0
232.963,13
233.07,14
233.176,4
233.283,0
233.39,2
233.497,12
233.604,0
233.711,2
233.818,0
233.925,14
234.031,5
234.138,0
234.245,28
234.352,0
234.459,10
234.566,0
234.673,0
234.78,0
234.887,0
234.993,11
235.1,8
235.207,1
235.314,17
235.421,32
235.528,2
235.635,2
235.742,6
235.849,17
235.955,0
236.062,22
236.169,0
236.276,36
236.383,0
236.49,26
236.597,1
236.704,3
236.81,22
236.917,0
237.024,0
237.131,18
237.238,0
237.345,0
237.452,0
237.559,14
237.666,17
237.772,43
237.879,0
237.986,0
238.093,24
238.2,2
238.307,7
238.414,1
238.521,1
238.628,0
238.734,0
238.841,0
238.948,0
239.055,6
239.162,8
239.269,12
239.376,15
239.483,0
239.589,0
239.696,24
239.803,15
239.91,0
240.017,0
240.124,3
240.231,29
240.338,0
240.445,7
240.551,0
240.658,0
240.765,7
240.872,0
240.979,0
241.086,21
241.193,7
241.3,0
241.406,0
241.513,0
241.62,20
241.727,12
241.834,13
241.941,0
242.048,8
242.155,0
242.262,3
242.368,0
242.475,31
242.582,0
242.689,10
242.796,0
242.903,22
243.01,24
243.117,4
243.223,0
243.33,0
243.437,14
243.544,0
243.651,18
243.758,4
243.865,23
243.972,0
244.079,0
244.185,0
244.292,28
244.399,0
244.506,5
244.613,0
244.72,0
244.827,0
244.934,6
245.04,7
245.147,0
245.254,30
245.361,16
245.468,0
245.575,2
245.682,27
245.789,0
245.896,14
246.002,36
246.109,17
246.216,0
246.323,19
246.43,0
246.537,0
246.644,0
246.751,15
246.857,0
246.964,0
247.071,2
247.178,8
247.285,37
247.392,14
247.499,18
247.606,19
247.712,14
247.819,0
247.926,12
248.033,17
248.14,0
248.247,0
248.354,0
248.461,11
248.567,0
248.674,0
248.781,0
248.888,22
248.995,0
249.102,13
249.209,3
249.316,2
249.423,5
249.529,0
249.636,0
249.743,0
249.85,8
249.957,0
250.064,0
250.171,0
250.278,0
250.384,0
250.491,23
250.598,0
250.705,0
250.812,21
250.919,21
251.026,0
251.133,0
251.239,0
251.346,35
251.453,0
251.56,30
251.667,29
251.774,35
251.881,0
251.988,37
252.094,0
252.201,0
252.308,32
252.415,46
252.522,0
252.629,0
252.736,0
252.843,7
252.949,35
253.056,4
253.163,0
253.27,0
253.377,9
253.484,5
253.591,6
253.698,14
253.804,0
253.911,21
254.018,10
254.125,0
254.232,18
254.339,0
254.446,0
254.553,0
254.659,17
254.766,8
254.873,4
254.98,15
255.087,0
255.194,10
255.301,29
255.408,22
255.514,0
255.621,0
255.728,28
255.835,0
255.942,0
256.049,0
256.156,6
256.263,9
256.369,15
256.476,4
256.583,0
256.69,6
256.797,0
256.904,10
257.011,7
257.118,7
257.224,14
257.331,22
257.438,3
257.545,16
257.652,0
257.759,17
257.866,15
257.973,0
258.079,10
258.186,0
258.293,0
258.4,2
258.507,0
258.614,0
258.721,14
258.828,0
258.934,33
259.041,72
259.148,65
259.255,9
259.362,0
259.469,0
259.576,4
259.683,7
259.789,27
259.896,0
260.003,0
260.11,17
260.217,0
260.324,0
260.431,0
260.537,22
260.644,0
260.751,20
260.858,6
260.965,0
261.072,0
261.179,5
261.286,6
261.392,0
261.499,2
261.606,9
261.713,0
261.82,18
261.927,25
262.034,16
262.141,47
262.247,0
262.354,6
262.461,14
262.568,7
262.675,0
262.782,0
262.889,0
262.996,0
263.102,53
263.209,20
263.316,0
263.423,0
263.53,24
263.637,20
263.744,3
263.85,10
263.957,36
264.064,0
264.171,0
264.278,0
264.385,2
264.492,0
264.599,0
264.705,16
264.812,12
264.919,5
265.026,17
265.133,7
265.24,0
265.347,0
265.454,8
265.56,27
265.667,14
265.774,1
265.881,2
265.988,11
266.095,0
266.202,0
266.308,5
266.415,0
266.522,11
266.629,16
266.736,4
266.843,34
266.95,9
267.057,1
267.163,0
267.27,0
267.377,14
267.484,37
267.591,0
267.698,5
267.805,6
267.911,0
268.018,5
268.125,19
268.232,29
268.339,29
268.446,0
268.553,9
268.66,15
268.766,1
268.873,0
268.98,32
269.087,22
269.194,4
269.301,14
269.408,10
269.514,9
269.621,3
269.728,37
269.835,0
269.942,6
270.049,17
270.156,21
270.263,0
270.369,32
270.476,45
270.583,0
270.69,0
270.797,13
270.904,3
271.011,14
271.117,7
271.224,4
271.331,0
271.438,6
271.545,28
271.652,29
271.759,0
271.866,0
271.972,28
272.079,0
272.186,20
272.293,14
272.4,0
272.507,24
272.614,24
272.72,0
272.827,10
272.934,0
273.041,11
273.148,14
273.255,2
273.362,0
273.468,0
273.575,0
273.682,48
273.789,35
273.896,21
274.003,0
274.11,3
274.217,14
274.323,0
274.43,27
274.537,12
274.644,5
274.751,11
274.858,0
274.965,22
275.071,0
275.178,0
275.285,5
275.392,8
275.499,0
275.606,0
275.713,0
275.819,2
275.926,0
276.033,8
276.14,9
276.247,15
276.354,8
276.461,46
276.567,6
276.674,0
276.781,8
276.888,0
276.995,0
277.102,0
277.209,0
277.315,0
277.422,0
277.529,0
277.636,26
277.743,0
277.85,0
277.957,9
278.064,4
278.17,17
278.277,16
278.384,5
278.491,0
278.598,0
278.705,0
278.812,11
278.918,3
279.025,5
279.132,0
279.239,6
279.346,2
279.453,15
279.56,6
279.666,14
279.773,0
279.88,0
279.987,18
280.094,16
280.201,15
280.308,5
280.414,16
280.521,12
280.628,11
280.735,16
280.842,23
280.949,5
281.056,0
281.162,0
281.269,17
281.376,12
281.483,11
281.59,16
281.697,10
281.804,0
281.91,12
282.017,9
282.124,32
282.231,26
282.338,0
282.445,3
282.552,0
282.658,0
282.765,10
282.872,14
282.979,17
283.086,0
283.193,0
283.3,14
283.406,0
283.513,0
283.62,12
283.727,7
283.834,0
283.941,14
284.048,7
284.154,0
284.261,0
284.368,25
284.475,18
284.582,17
284.689,4
284.796,26
284.902,12
285.009,0
285.116,0
285.223,0
285.33,29
285.437,0
285.544,0
285.65,4
285.757,10
285.864,10
285.971,0
286.078,27
286.185,26
286.292,0
286.398,12
286.505,19
286.612,8
286.719,3
286.826,0
286.933,0
287.039,29
287.146,0
287.253,0
287.36,9
287.467,15
287.574,0
287.681,15
287.787,0
287.894,5
288.001,11
288.108,47
288.215,0
288.322,0
288.429,36
288.535,17
288.642,1
288.749,0
288.856,0
288.963,0
289.07,15
289.177,17
289.283,35
289.39,12
289.497,17
289.604,43
289.711,34
289.818,148
289.924,166
290.031,229
290.138,113
290.245,0
290.352,16
290.459,77
290.566,28
290.672,54
290.779,90
290.886,39
290.993,47
291.1,29
291.207,39
291.314,0
291.42,11
291.527,70
291.634,31
291.741,0
291.848,0
291.955,11
292.062,9
292.168,0
292.275,0
292.382,0
292.489,5
292.596,4
292.703,0
292.809,13
292.916,0
293.023,31
293.13,0
293.237,0
293.344,16
293.451,0
293.557,0
293.664,0
293.771,0
293.878,0
293.985,0
294.092,34
294.198,8
294.305,19
294.412,34
294.519,4
294.626,0
294.733,0
294.84,0
294.946,0
295.053,15
295.16,21
295.267,20
295.374,0
295.481,11
295.588,19
295.694,10
295.801,10
295.908,18
296.015,18
296.122,19
296.229,8
296.335,26
296.442,0
296.549,3
296.656,0
296.763,0
296.87,16
296.977,18
297.083,16
297.19,17
297.297,29
297.404,16
297.511,36
297.618,32
297.724,66
297.831,16
297.938,21
298.045,32
298.152,17
298.259,51
298.365,0
298.472,0
298.579,0
298.686,0
298.793,22
298.9,0
299.007,30
299.113,14
299.22,15
299.327,9
299.434,24
299.541,26
299.648,15
299.754,0
299.861,0
299.968,16
300.075,30
300.182,9
300.289,6
300.396,10
300.502,0
300.609,5
300.716,4
300.823,4
300.93,25
301.037,13
301.143,0
301.25,14
301.357,9
301.464,22
301.571,6
301.678,2
301.784,0
301.891,0
301.998,9
302.105,0
302.212,1
302.319,4
302.426,2
302.532,9
302.639,7
302.746,20
302.853,0
302.96,7
303.067,14
303.173,26
303.28,4
303.387,0
303.494,0
303.601,0
303.708,0
303.814,7
303.921,0
304.028,0
304.135,0
304.242,21
304.349,0
304.456,0
304.562,13
304.669,11
304.776,0
304.883,2
304.99,0
305.097,11
305.203,0
305.31,0
305.417,0
305.524,0
305.631,0
305.738,35
305.844,45
305.951,3
306.058,21
306.165,0
306.272,18
306.379,27
306.485,0
306.592,0
306.699,21
306.806,2
306.913,0
307.02,0
307.126,11
307.233,16
307.34,9
307.447,6
307.554,8
307.661,2
307.767,19
307.874,0
307.981,0
308.088,0
308.195,0
308.302,2
308.409,8
308.515,13
308.622,13
308.729,0
308.836,0
308.943,25
309.05,4
309.156,12
309.263,24
309.37,40
309.477,0
309.584,4
309.691,0
309.797,0
309.904,6
310.011,0
310.118,14
310.225,0
310.332,6
310.438,0
310.545,6
310.652,18
310.759,10
310.866,0
310.973,39
311.079,23
311.186,0
311.293,0
311.4,3
311.507,0
311.614,11
311.72,1
311.827,21
311.934,14
312.041,0
312.148,0
312.255,6
312.361,13
312.468,0
312.575,0
312.682,11
312.789,14
312.896,0
313.002,12
313.109,5
313.216,0
313.323,0
313.43,0
313.537,9
313.643,0
313.75,9
313.857,0
313.964,29
314.071,40
314.178,0
314.284,0
314.391,38
314.498,23
314.605,0
314.712,8
314.819,28
314.925,0
315.032,0
315.139,14
315.246,0
315.353,0
315.46,0
315.566,0
315.673,8
315.78,18
315.887,24
315.994,15
316.1,33
316.207,0
316.314,0
316.421,3
316.528,13
316.635,0
316.741,7
316.848,0
316.955,7
317.062,0
317.169,0
317.276,33
317.382,4
317.489,10
317.596,18
317.703,8
317.81,0
317.917,0
318.023,0
318.13,0
318.237,5
318.344,14
318.451,12
318.558,11
318.664,1
318.771,0
318.878,0
318.985,0
319.092,0
319.199,20
319.305,9
319.412,32
319.519,17
319.626,31
319.733,0
319.839,0
319.946,10
320.053,7
320.16,14
320.267,21
320.374,1
320.48,9
320.587,0
320.694,14
320.801,0
320.908,16
321.015,2
321.121,2
321.228,0
321.335,0
321.442,19
321.549,0
321.655,0
321.762,7
321.869,8
321.976,0
322.083,0
322.19,11
322.296,34
322.403,0
322.51,6
322.617,1
322.724,0
322.831,6
322.937,5
323.044,0
323.151,0
323.258,19
323.365,14
323.472,0
323.578,3
323.685,8
323.792,8
323.899,15
324.006,4
324.112,0
324.219,0
324.326,0
324.433,0
324.54,2
324.647,0
324.753,0
324.86,0
324.967,2
325.074,0
325.181,15
325.287,45
325.394,20
325.501,56
325.608,2
325.715,1
325.822,1
325.928,0
326.035,0
326.142,0
326.249,16
326.356,43
326.463,0
326.569,35
326.676,0
326.783,0
326.89,0
326.997,0
327.103,28
327.21,28
327.317,3
327.424,0
327.531,2
327.638,6
327.744,16
327.851,0
327.958,0
328.065,0
328.172,29
328.278,1
328.385,5
328.492,0
328.599,18
328.706,0
328.813,0
328.919,14
329.026,11
329.133,4
329.24,22
329.347,0
329.453,0
329.56,41
329.667,1
329.774,0
329.881,0
329.988,1
330.094,9
330.201,0
330.308,12
330.415,24
330.522,0
330.628,6
330.735,5
330.842,11
330.949,17
331.056,0
331.162,6
331.269,0
331.376,8
331.483,28
331.59,4
331.697,16
331.803,4
331.91,0
332.017,4
332.124,0
332.231,28
332.337,0
332.444,24
332.551,3
332.658,21
332.765,0
332.872,0
332.978,0
333.085,4
333.192,7
333.299,0
333.406,55
333.512,91
333.619,2
333.726,3
333.833,0
333.94,8
334.046,0
334.153,1
334.26,0
334.367,0
334.474,0
334.581,7
334.687,16
334.794,11
334.901,4
335.008,12
335.115,0
335.221,7
335.328,36
335.435,0
335.542,0
335.649,0
335.755,1
335.862,13
335.969,12
336.076,6
336.183,0
336.29,0
336.396,0
336.503,0
336.61,0
336.717,0
336.824,45
336.93,11
337.037,2
337.144,0
337.251,23
337.358,0
337.464,19
337.571,0
337.678,0
337.785,24
337.892,28
337.998,0
338.105,0
338.212,14
338.319,7
338.426,2
338.533,6
338.639,0
338.746,15
338.853,28
338.96,2
339.067,4
339.173,7
339.28,0
339.387,18
339.494,18
339.601,3
339.707,72
339.814,73
339.921,44
340.028,0
340.135,0
340.241,0
340.348,7
340.455,0
340.562,0
340.669,0
340.775,6
340.882,0
340.989,0
341.096,0
341.203,16
341.309,3
341.416,0
341.523,22
341.63,30
341.737,0
341.844,0
341.95,10
342.057,30
342.164,9
342.271,22
342.378,11
342.484,6
342.591,0
342.698,17
342.805,0
342.912,12
343.018,23
343.125,4
343.232,47
343.339,65
343.446,49
343.552,28
343.659,0
343.766,0
343.873,0
343.98,18
344.086,0
344.193,0
344.3,13
344.407,15
344.514,0
344.62,0
344.727,19
344.834,19
344.941,0
345.048,9
345.154,7
345.261,0
345.368,0
345.475,0
345.582,6
345.688,0
345.795,0
345.902,16
346.009,21
346.116,16
346.222,6
346.329,10
346.436,17
346.543,0
346.65,22
346.756,26
346.863,0
346.97,19
347.077,4
347.184,7
347.29,0
347.397,15
347.504,2
347.611,0
347.718,14
347.824,24
347.931,0
348.038,26
348.145,0
348.252,0
348.358,0
348.465,25
348.572,32
348.679,0
348.786,0
348.892,9
348.999,0
349.106,11
349.213,7
349.32,0
349.426,29
349.533,0
349.64,14
349.747,0
349.854,0
349.96,16
350.067,0
350.174,0
350.281,0
350.388,5
350.494,18
350.601,0
350.708,20
350.815,0
350.922,0
351.028,13
351.135,19
351.242,0
351.349,22
351.456,40
351.562,0
351.669,0
351.776,0
351.883,8
351.989,0
352.096,12
352.203,0
352.31,0
352.417,17
352.523,11
352.63,0
352.737,16
352.844,5
352.951,0
353.057,13
353.164,20
353.271,0
353.378,0
353.485,16
353.591,12
353.698,0
353.805,5
353.912,0
354.019,0
354.125,29
354.232,0
354.339,5
354.446,0
354.553,2
354.659,13
354.766,0
354.873,4
354.98,5
355.086,18
355.193,9
355.3,0
355.407,0
355.514,33
355.62,3
355.727,0
355.834,27
355.941,105
356.048,76
356.154,21
356.261,0
356.368,10
356.475,6
356.582,2
356.688,0
356.795,11
356.902,0
357.009,0
357.115,0
357.222,0
357.329,19
357.436,6
357.543,0
357.649,0
357.756,14
357.863,0
357.97,6
358.077,11
358.183,8
358.29,0
358.397,7
358.504,10
358.61,0
358.717,12
358.824,0
358.931,0
359.038,0
359.144,27
359.251,17
359.358,5
359.465,5
359.572,2
359.678,0
359.785,0
359.892,8
359.999,0
360.105,0
360.212,0
360.319,6
360.426,20
360.533,0
360.639,0
360.746,5
360.853,0
360.96,0
361.067,0
361.173,12
361.28,1
361.387,8
361.494,0
361.6,12
361.707,0
361.814,0
361.921,8
362.028,0
362.134,0
362.241,1
362.348,0
362.455,2
362.562,18
362.668,9
362.775,0
362.882,0
362.989,1
363.095,0
363.202,9
363.309,0
363.416,0
363.523,21
363.629,0
363.736,0
363.843,0
363.95,10
364.056,30
364.163,5
364.27,0
364.377,14
364.484,28
364.59,0
364.697,19
364.804,0
364.911,0
365.017,0
365.124,11
365.231,0
365.338,0
365.445,0
365.551,22
365.658,0
365.765,12
365.872,0
365.979,2
366.085,5
366.192,18
366.299,0
366.406,0
366.512,24
366.619,15
366.726,0
366.833,0
366.94,0
367.046,10
367.153,0
367.26,16
367.367,0
367.473,0
367.58,0
367.687,5
367.794,10
367.9,0
368.007,0
368.114,0
368.221,0
368.328,0
368.434,0
368.541,0
368.648,0
368.755,0
368.861,12
368.968,17
369.075,8
369.182,0
369.289,0
369.395,19
369.502,23
369.609,0
369.716,0
369.822,52
369.929,31
370.036,0
370.143,4
370.25,0
370.356,0
370.463,0
370.57,6
370.677,3
370.783,0
370.89,11
370.997,11
371.104,0
371.211,24
371.317,2
371.424,24
371.531,0
371.638,0
371.744,0
371.851,30
371.958,11
372.065,0
372.171,7
372.278,41
372.385,0
372.492,0
372.599,22
372.705,6
372.812,0
372.919,2
373.026,0
373.132,39
373.239,32
373.346,2
373.453,0
373.559,0
373.666,43
373.773,0
373.88,0
373.987,3
374.093,31
374.2,0
374.307,0
374.414,23
374.52,3
374.627,0
374.734,5
374.841,0
374.947,5
375.054,0
375.161,0
375.268,23
375.375,0
375.481,2
375.588,17
375.695,26
375.802,0
375.908,0
376.015,0
376.122,2
376.229,0
376.335,0
376.442,0
376.549,5
376.656,0
376.763,0
376.869,0
376.976,14
377.083,14
377.19,0
377.296,0
377.403,3
377.51,10
377.617,0
377.723,0
377.83,13
377.937,19
378.044,4
378.15,7
378.257,0
378.364,0
378.471,0
378.578,9
378.684,0
378.791,0
378.898,4
379.005,9
379.111,9
379.218,16
379.325,0
379.432,13
379.538,8
379.645,0
379.752,5
379.859,0
379.965,2
380.072,2
380.179,0
380.286,0
380.392,0
380.499,54
380.606,50
380.713,0
380.82,6
380.926,0
381.033,8
381.14,0
381.247,0
381.353,25
381.46,8
381.567,0
381.674,7
381.78,7
381.887,0
381.994,0
382.101,20
382.207,0
382.314,0
382.421,0
382.528,10
382.634,20
382.741,0
382.848,0
382.955,0
383.061,5
383.168,0
383.275,11
383.382,0
383.488,6
383.595,14
383.702,0
383.809,7
383.916,0
384.022,0
384.129,26
384.236,12
384.343,12
384.449,0
384.556,2
384.663,3
384.77,0
384.876,0
384.983,7
385.09,15
385.197,18
385.303,20
385.41,0
385.517,30
385.624,0
385.73,0
385.837,14
385.944,0
386.051,0
386.157,0
386.264,14
386.371,0
386.478,0
386.584,3
386.691,0
386.798,31
386.905,2
387.011,0
387.118,8
387.225,0
387.332,24
387.438,0
387.545,14
387.652,0
387.759,31
387.865,14
387.972,0
388.079,0
388.186,0
388.292,0
388.399,4
388.506,3
388.613,10
388.719,0
388.826,0
388.933,0
389.04,10
389.146,14
389.253,17
389.36,0
389.467,0
389.573,0
389.68,3
389.787,0
389.894,10
390,0
390.107,0
390.214,0
390.321,3
390.427,12
390.534,0
390.641,19
390.748,0
390.854,0
390.961,0
391.068,0
391.175,18
391.281,7
391.388,0
391.495,0
391.602,6
391.708,23
391.815,18
391.922,23
392.029,0
392.135,11
392.242,4
392.349,0
392.456,0
392.562,0
392.669,0
392.776,13
392.883,28
392.989,0
393.096,0
393.203,12
393.31,6
393.416,0
393.523,14
393.63,10
393.737,37
393.843,61
393.95,6
394.057,0
394.164,0
394.27,6
394.377,16
394.484,0
394.591,8
394.697,0
394.804,25
394.911,7
395.018,0
395.124,0
395.231,25
395.338,17
395.445,0
395.551,0
395.658,0
395.765,0
395.871,0
395.978,0
396.085,6
396.192,0
396.298,1
396.405,1
396.512,2
396.619,0
396.725,0
396.832,0
396.939,0
397.046,0
397.152,5
397.259,0
397.366,0
397.473,0
397.579,11
397.686,0
397.793,0
397.9,0
398.006,29
398.113,33
398.22,0
398.327,0
398.433,21
398.54,12
398.647,0
398.753,28
398.86,0
398.967,0
399.074,0
399.18,0
399.287,4
399.394,0
399.501,0
399.607,0
399.714,0
399.821,0
399.928,0
400.034,2
400.141,0
400.248,30
400.355,2
400.461,3
400.568,0
400.675,17
400.781,0
400.888,0
400.995,0
401.102,17
401.208,0
401.315,22
401.422,0
401.529,1
401.635,0
401.742,0
401.849,4
401.956,41
402.062,0
402.169,0
402.276,0
402.382,0
402.489,0
402.596,3
402.703,0
402.809,0
402.916,44
403.023,26
403.13,3
403.236,15
403.343,7
403.45,26
403.557,8
403.663,16
403.77,1
403.877,0
403.983,0
404.09,0
404.197,0
404.304,0
404.41,4
404.517,0
404.624,0
404.731,1
404.837,16
404.944,10
405.051,0
405.158,14
405.264,34
405.371,10
405.478,11
405.584,3
405.691,0
405.798,0
405.905,9
406.011,0
406.118,0
406.225,0
406.332,26
406.438,0
406.545,0
406.652,0
406.758,32
406.865,18
406.972,8
407.079,18
407.185,10
407.292,0
407.399,0
407.506,0
407.612,19
407.719,0
407.826,1
407.932,11
408.039,25
408.146,18
408.253,2
408.359,26
408.466,5
408.573,18
408.68,0
408.786,12
408.893,0
409,0
409.106,2
409.213,0
409.32,0
409.427,0
409.533,0
409.64,15
409.747,8
409.853,0
409.96,0
410.067,11
410.174,9
410.28,0
410.387,4
410.494,11
410.601,0
410.707,0
410.814,0
410.921,20
411.027,0
411.134,14
411.241,0
411.348,4
411.454,0
411.561,15
411.668,1
411.774,9
411.881,6
411.988,0
412.095,3
412.201,0
412.308,0
412.415,0
412.522,44
412.628,43
412.735,0
412.842,0
412.948,0
413.055,0
413.162,0
413.269,11
413.375,0
413.482,0
413.589,5
413.695,1
413.802,31
413.909,46
414.016,22
414.122,0
414.229,0
414.336,12
414.442,30
414.549,0
414.656,16
414.763,29
414.869,23
414.976,59
415.083,125
415.189,73
415.296,32
415.403,4
415.51,0
415.616,16
415.723,63
415.83,33
415.936,6
416.043,0
416.15,0
416.257,0
416.363,19
416.47,0
416.577,0
416.683,17
416.79,121
416.897,158
417.004,76
417.11,1
417.217,0
417.324,0
417.43,0
417.537,7
417.644,10
417.751,0
417.857,9
417.964,16
418.071,24
418.177,2
418.284,50
418.391,50
418.498,32
418.604,20
418.711,24
418.818,18
418.924,109
419.031,62
419.138,32
419.245,25
419.351,0
419.458,0
419.565,0
419.671,0
419.778,16
419.885,13
419.992,25
420.098,4
420.205,22
420.312,0
420.418,0
420.525,6
420.632,0
420.738,4
420.845,0
420.952,13
421.059,5
421.165,24
421.272,5
421.379,1
421.485,0
421.592,1
421.699,0
421.806,4
421.912,2
422.019,17
422.126,0
422.232,17
422.339,0
422.446,20
422.552,24
422.659,43
422.766,0
422.873,12
422.979,0
423.086,0
423.193,54
423.299,101
423.406,47
423.513,0
423.62,0
423.726,0
423.833,23
423.94,7
424.046,0
424.153,0
424.26,37
424.366,22
424.473,0
424.58,0
424.687,0
424.793,2
424.9,1
425.007,0
425.113,0
425.22,2
425.327,0
425.433,0
425.54,0
425.647,13
425.754,0
425.86,24
425.967,12
426.074,0
426.18,0
426.287,82
426.394,73
426.5,11
426.607,6
426.714,0
426.821,0
426.927,8
427.034,3
427.141,0
427.247,0
427.354,2
427.461,87
427.567,110
427.674,51
427.781,8
427.888,12
427.994,0
428.101,4
428.208,13
428.314,0
428.421,25
428.528,20
428.634,68
428.741,33
428.848,7
428.955,28
429.061,3
429.168,0
429.275,8
429.381,19
429.488,6
429.595,0
429.701,4
429.808,20
429.915,0
430.021,0
430.128,0
430.235,0
430.342,0
430.448,0
430.555,13
430.662,0
430.768,0
430.875,0
430.982,6
431.088,10
431.195,3
431.302,0
431.409,0
431.515,14
431.622,11
431.729,0
431.835,0
431.942,0
432.049,12
432.155,52
432.262,54
432.369,106
432.475,103
432.582,94
432.689,35
432.796,28
432.902,6
433.009,4
433.116,0
433.222,62
433.329,32
433.436,31
433.542,0
433.649,0
433.756,0
433.862,46
433.969,26
434.076,0
434.182,0
434.289,0
434.396,0
434.503,3
434.609,0
434.716,0
434.823,32
434.929,112
435.036,71
435.143,69
435.249,89
435.356,23
435.463,80
435.569,50
435.676,20
435.783,0
435.889,0
435.996,0
436.103,21
436.21,33
436.316,2
436.423,54
436.53,69
436.636,7
436.743,9
436.85,0
436.956,1
437.063,5
437.17,15
437.276,0
437.383,4
437.49,66
437.596,101
437.703,61
437.81,0
437.916,0
438.023,59
438.13,222
438.237,145
438.343,94
438.45,32
438.557,68
438.663,41
438.77,5
438.877,38
438.983,120
439.09,57
439.197,102
439.303,115
439.41,48
439.517,6
439.623,0
439.73,0
439.837,0
439.943,0
440.05,0
440.157,0
440.263,0
440.37,0
440.477,0
440.583,0
440.69,17
440.797,1
440.904,35
441.01,0
441.117,8
441.224,13
441.33,38
441.437,0
441.544,0
441.65,17
441.757,10
441.864,17
441.97,12
442.077,33
442.184,0
442.29,0
442.397,22
442.504,0
442.61,36
442.717,66
442.824,47
442.93,13
443.037,10
443.144,19
443.25,8
443.357,0
443.464,0
443.57,0
443.677,0
443.784,2
443.89,17
443.997,18
444.104,15
444.21,2
444.317,0
444.424,0
444.53,28
444.637,46
444.744,2
444.851,0
444.957,0
445.064,0
445.171,38
445.277,34
445.384,0
445.491,11
445.597,0
445.704,2
445.811,19
445.917,35
446.024,0
446.131,0
446.237,0
446.344,0
446.451,0
446.557,4
446.664,15
446.771,0
446.877,0
446.984,33
447.091,15
447.197,15
447.304,12
447.411,20
447.517,21
447.624,11
447.731,0
447.837,10
447.944,23
448.051,0
448.157,5
448.264,7
448.371,0
448.477,15
448.584,0
448.691,17
448.797,0
448.904,0
449.011,3
449.117,11
449.224,8
449.331,0
449.437,0
449.544,0
449.651,0
449.757,0
449.864,0
449.971,4
450.077,9
450.184,0
450.291,0
450.397,18
450.504,18
450.611,7
450.717,19
450.824,19
450.931,0
451.037,17
451.144,0
451.251,8
451.357,0
451.464,0
451.571,0
451.677,12
451.784,12
451.891,66
451.997,69
452.104,4
452.21,0
452.317,6
452.424,2
452.53,5
452.637,0
452.744,1
452.85,33
452.957,0
453.064,12
453.17,6
453.277,0
453.384,14
453.49,0
453.597,11
453.704,7
453.81,22
453.917,6
454.024,15
454.13,7
454.237,5
454.344,0
454.45,0
454.557,0
454.664,4
454.77,0
454.877,0
454.984,0
455.09,0
455.197,39
455.304,30
455.41,0
455.517,0
455.624,13
455.73,0
455.837,10
455.944,0
456.05,0
456.157,1
456.263,16
456.37,0
456.477,0
456.583,0
456.69,0
456.797,3
456.903,0
457.01,17
457.117,14
457.223,0
457.33,0
457.437,0
457.543,0
457.65,0
457.757,1
457.863,36
457.97,5
458.077,0
458.183,5
458.29,36
458.397,0
458.503,0
458.61,8
458.716,0
458.823,12
458.93,13
459.036,7
459.143,0
459.25,13
459.356,0
459.463,21
459.57,2
459.676,0
459.783,0
459.89,0
459.996,0
460.103,39
460.21,0
460.316,0
460.423,0
460.53,46
460.636,47
460.743,14
460.849,0
460.956,0
461.063,0
461.169,6
461.276,28
461.383,0
461.489,17
461.596,0
461.703,7
461.809,0
461.916,0
462.023,0
462.129,18
462.236,15
462.342,2
462.449,0
462.556,10
462.662,12
462.769,20
462.876,0
462.982,0
463.089,0
463.196,15
463.302,0
463.409,0
463.516,21
463.622,20
463.729,9
463.835,0
463.942,0
464.049,28
464.155,16
464.262,4
464.369,5
464.475,9
464.582,6
464.689,7
464.795,0
464.902,3
465.009,17
465.115,21
465.222,59
465.328,39
465.435,14
465.542,11
465.648,0
465.755,0
465.862,37
465.968,26
466.075,6
466.182,0
466.288,0
466.395,22
466.501,22
466.608,0
466.715,10
466.821,21
466.928,0
467.035,0
467.141,18
467.248,0
467.355,0
467.461,0
467.568,4
467.674,0
467.781,22
467.888,0
467.994,0
468.101,13
468.208,0
468.314,0
468.421,0
468.528,4
468.634,0
468.741,2
468.847,10
468.954,22
469.061,0
469.167,0
469.274,0
469.381,4
469.487,3
469.594,0
469.701,8
469.807,14
469.914,0
470.02,0
470.127,34
470.234,3
470.34,23
470.447,32
470.554,7
470.66,6
470.767,34
470.873,0
470.98,0
471.087,0
471.193,35
471.3,14
471.407,6
471.513,0
471.62,8
471.727,12
471.833,22
471.94,11
472.046,0
472.153,19
472.26,0
472.366,5
472.473,18
472.58,0
472.686,0
472.793,0
472.899,0
473.006,15
473.113,14
473.219,10
473.326,19
473.433,0
473.539,8
473.646,0
473.752,7
473.859,0
473.966,8
474.072,9
474.179,7
474.286,2
474.392,6
474.499,3
474.605,0
474.712,4
474.819,0
474.925,0
475.032,0
475.139,6
475.245,8
475.352,0
475.458,8
475.565,0
475.672,0
475.778,0
475.885,0
475.992,9
476.098,1
476.205,18
476.311,0
476.418,0
476.525,54
476.631,34
476.738,6
476.844,0
476.951,0
477.058,14
477.164,4
477.271,0
477.378,9
477.484,0
477.591,0
477.697,3
477.804,19
477.911,2
478.017,24
478.124,11
478.231,10
478.337,4
478.444,8
478.55,16
478.657,0
478.764,0
478.87,0
478.977,0
479.083,0
479.19,16
479.297,10
479.403,0
479.51,13
479.617,32
479.723,33
479.83,7
479.936,0
480.043,0
480.15,4
480.256,10
480.363,0
480.469,6
480.576,0
480.683,0
480.789,0
480.896,32
481.003,15
481.109,0
481.216,32
481.322,80
481.429,40
481.536,3
481.642,0
481.749,0
481.855,0
481.962,4
482.069,14
482.175,0
482.282,0
482.388,0
482.495,30
482.602,3
482.708,0
482.815,25
482.922,33
483.028,0
483.135,20
483.241,0
483.348,2
483.455,2
483.561,0
483.668,0
483.774,0
483.881,1
483.988,8
484.094,10
484.201,11
484.307,26
484.414,0
484.521,12
484.627,22
484.734,14
484.84,0
484.947,22
485.054,4
485.16,3
485.267,0
485.373,6
485.48,61
485.587,66
485.693,37
485.8,0
485.907,0
486.013,17
486.12,2
486.226,28
486.333,0
486.44,0
486.546,15
486.653,0
486.759,0
486.866,13
486.973,0
487.079,0
487.186,36
487.292,36
487.399,5
487.506,0
487.612,19
487.719,8
487.825,2
487.932,4
488.039,14
488.145,20
488.252,25
488.358,0
488.465,0
488.572,6
488.678,0
488.785,0
488.891,0
488.998,2
489.105,0
489.211,0
489.318,24
489.424,9
489.531,11
489.638,0
489.744,0
489.851,13
489.957,0
490.064,0
490.171,6
490.277,0
490.384,6
490.49,15
490.597,13
490.704,0
490.81,26
490.917,26
491.023,0
491.13,8
491.237,0
491.343,0
491.45,7
491.556,0
491.663,1
491.769,0
491.876,0
491.983,11
492.089,0
492.196,17
492.302,0
492.409,20
492.516,11
492.622,12
492.729,2
492.835,70
492.942,189
493.049,116
493.155,0
493.262,0
493.368,0
493.475,0
493.582,0
493.688,0
493.795,14
493.901,23
494.008,3
494.114,4
494.221,11
494.328,15
494.434,0
494.541,0
494.647,26
494.754,10
494.861,2
494.967,0
495.074,0
495.18,22
495.287,0
495.394,4
495.5,6
495.607,20
495.713,26
495.82,53
495.926,36
496.033,0
496.14,0
496.246,7
496.353,1
496.459,0
496.566,0
496.673,0
496.779,17
496.886,6
496.992,0
497.099,0
497.206,5
497.312,0
497.419,0
497.525,9
497.632,0
497.738,0
497.845,33
497.952,9
498.058,24
498.165,0
498.271,0
498.378,0
498.485,8
498.591,4
498.698,5
498.804,3
498.911,11
499.017,17
499.124,7
499.231,1
499.337,14
499.444,0
499.55,7
499.657,16
499.763,9
499.87,1
499.977,0
500.083,15
500.19,2
500.296,41
500.403,20
500.51,24
500.616,0
500.723,0
500.829,14
500.936,18
501.042,0
501.149,0
501.256,0
501.362,0
501.469,29
501.575,0
501.682,0
501.788,10
501.895,11
502.002,3
502.108,0
502.215,7
502.321,11
502.428,6
502.534,30
502.641,25
502.748,19
502.854,0
502.961,0
503.067,2
503.174,2
503.281,0
503.387,10
503.494,2
503.6,5
503.707,13
503.813,14
503.92,43
504.027,0
504.133,26
504.24,11
504.346,0
504.453,10
504.559,23
504.666,0
504.773,0
504.879,0
504.986,9
505.092,48
505.199,8
505.305,20
505.412,3
505.518,13
505.625,9
505.732,28
505.838,0
505.945,11
506.051,9
506.158,24
506.264,16
506.371,0
506.478,0
506.584,0
506.691,0
506.797,17
506.904,8
507.01,0
507.117,1
507.224,0
507.33,0
507.437,0
507.543,21
507.65,30
507.756,36
507.863,6
507.97,0
508.076,13
508.183,24
508.289,0
508.396,0
508.502,32
508.609,17
508.715,0
508.822,0
508.929,12
509.035,5
509.142,0
509.248,0
509.355,11
509.461,16
509.568,13
509.675,6
509.781,0
509.888,3
509.994,4
510.101,17
510.207,14
510.314,14
510.42,1
510.527,30
510.634,3
510.74,8
510.847,4
510.953,25
511.06,21
511.166,7
511.273,9
511.379,0
511.486,17
511.593,0
511.699,0
511.806,2
511.912,3
512.019,11
512.125,5
512.232,4
512.339,14
512.445,0
512.552,0
512.658,10
512.765,9
512.871,0
512.978,2
513.084,18
513.191,0
513.298,0
513.404,5
513.511,123
513.617,184
513.724,109
513.83,50
513.937,33
514.043,0
514.15,0
514.256,36
514.363,18
514.47,0
514.576,0
514.683,1
514.789,19
514.896,0
515.002,0
515.109,36
515.215,10
515.322,6
515.429,10
515.535,0
515.642,0
515.748,0
515.855,4
515.961,21
516.068,0
516.174,0
516.281,21
516.388,11
516.494,0
516.601,18
516.707,8
516.814,0
516.92,0
517.027,14
517.133,12
517.24,25
517.346,16
517.453,0
517.56,15
517.666,6
517.773,0
517.879,7
517.986,30
518.092,6
518.199,0
518.305,0
518.412,0
518.518,11
518.625,0
518.732,19
518.838,6
518.945,0
519.051,0
519.158,62
519.264,36
519.371,4
519.477,0
519.584,0
519.69,0
519.797,13
519.903,0
520.01,0
520.117,13
520.223,26
520.33,0
520.436,3
520.543,5
520.649,0
520.756,24
520.862,0
520.969,0
521.075,0
521.182,6
521.289,23
521.395,0
521.502,19
521.608,19
521.715,32
521.821,1
521.928,9
522.034,36
522.141,40
522.247,7
522.354,29
522.46,0
522.567,5
522.674,21
522.78,0
522.887,4
522.993,37
523.1,21
523.206,0
523.313,0
523.419,10
523.526,0
523.632,0
523.739,0
523.845,0
523.952,0
524.058,0
524.165,0
524.272,1
524.378,37
524.485,0
524.591,6
524.698,10
524.804,0
524.911,4
525.017,0
525.124,8
525.23,12
525.337,0
525.443,11
525.55,26
525.656,0
525.763,12
525.87,23
525.976,18
526.083,10
526.189,16
526.296,7
526.402,24
526.509,27
526.615,0
526.722,24
526.828,25
526.935,21
527.041,0
527.148,0
527.254,1
527.361,2
527.467,0
527.574,0
527.68,0
527.787,19
527.894,0
528,0
528.107,6
528.213,4
528.32,0
528.426,1
528.533,35
528.639,19
528.746,13
528.852,0
528.959,0
529.065,2
529.172,2
529.278,0
529.385,0
529.491,0
529.598,0
529.704,0
529.811,19
529.918,26
530.024,0
530.131,0
530.237,1
530.344,0
530.45,0
530.557,0
530.663,0
530.77,16
530.876,0
530.983,3
531.089,0
531.196,38
531.302,71
531.409,0
531.515,0
531.622,24
531.728,0
531.835,31
531.941,33
532.048,0
532.154,0
532.261,12
532.367,0
532.474,9
532.581,0
532.687,0
532.794,11
532.9,0
533.007,17
533.113,0
533.22,0
533.326,0
533.433,13
533.539,3
533.646,4
533.752,0
533.859,6
533.965,0
534.072,0
534.178,1
534.285,0
534.391,2
534.498,25
534.604,0
534.711,61
534.817,68
534.924,39
535.03,12
535.137,8
535.243,6
535.35,19
535.456,0
535.563,0
535.669,0
535.776,2
535.882,0
535.989,24
536.095,2
536.202,0
536.308,14
536.415,13
536.521,0
536.628,0
536.735,16
536.841,22
536.948,0
537.054,0
537.161,0
537.267,17
537.374,0
537.48,0
537.587,0
537.693,0
537.8,0
537.906,21
538.013,15
538.119,1
538.226,0
538.332,0
538.439,0
538.545,15
538.652,7
538.758,0
538.865,0
538.971,0
539.078,0
539.184,24
539.291,27
539.397,0
539.504,30
539.61,16
539.717,2
539.823,0
539.93,0
540.036,0
540.143,0
540.249,0
540.356,0
540.462,14
540.569,0
540.675,24
540.782,1
540.888,26
540.995,0
541.101,1
541.208,0
541.314,8
541.421,0
541.527,4
541.634,9
541.74,0
541.847,0
541.953,0
542.06,25
542.166,0
542.273,0
542.379,0
542.486,5
542.592,13
542.699,10
542.805,0
542.912,0
543.018,0
543.125,0
543.231,0
543.338,0
543.444,0
543.551,9
543.657,0
543.764,0
543.87,23
543.977,0
544.083,5
544.19,7
544.296,0
544.403,9
544.509,0
544.616,8
544.722,0
544.829,0
544.935,0
545.042,6
545.148,0
545.255,0
545.361,10
545.467,1
545.574,0
545.68,22
545.787,0
545.893,19
546,17
546.106,47
546.213,37
546.319,25
546.426,12
546.532,0
546.639,0
546.745,13
546.852,0
546.958,0
547.065,0
547.171,0
547.278,0
547.384,0
547.491,0
547.597,0
547.704,29
547.81,0
547.917,0
548.023,0
548.13,11
548.236,16
548.343,0
548.449,4
548.556,0
548.662,0
548.769,12
548.875,22
548.982,0
549.088,27
549.195,24
549.301,2
549.408,0
549.514,41
549.62,8
549.727,0
549.833,32
549.94,16
550.046,141
550.153,135
550.259,34
550.366,6
550.472,0
550.579,0
550.685,0
550.792,7
550.898,0
551.005,0
551.111,22
551.218,57
551.324,0
551.431,0
551.537,0
551.644,12
551.75,0
551.857,7
551.963,0
552.07,0
552.176,0
552.282,1
552.389,13
552.495,18
552.602,0
552.708,0
552.815,18
552.921,0
553.028,4
553.134,13
553.241,17
553.347,13
553.454,2
553.56,0
553.667,0
553.773,0
553.88,11
553.986,0
554.093,15
554.199,30
554.305,0
554.412,0
554.518,0
554.625,17
554.731,0
554.838,13
554.944,15
555.051,0
555.157,0
555.264,2
555.37,12
555.477,9
555.583,0
555.69,0
555.796,0
555.903,27
556.009,14
556.115,3
556.222,15
556.328,0
556.435,0
556.541,6
556.648,5
556.754,6
556.861,0
556.967,0
557.074,4
557.18,0
557.287,4
557.393,11
557.5,4
557.606,0
557.713,24
557.819,22
557.925,26
558.032,0
558.138,0
558.245,7
558.351,2
558.458,8
558.564,4
558.671,4
558.777,0
558.884,0
558.99,21
559.097,3
559.203,1
559.309,0
559.416,21
559.522,13
559.629,9
559.735,0
559.842,25
559.948,29
560.055,46
560.161,26
560.268,15
560.374,21
560.481,4
560.587,1
560.693,24
560.8,0
560.906,0
561.013,12
561.119,0
561.226,0
561.332,13
561.439,15
561.545,0
561.652,0
561.758,58
561.864,16
561.971,0
562.077,0
562.184,0
562.29,16
562.397,14
562.503,0
562.61,0
562.716,21
562.823,6
562.929,0
563.035,2
563.142,4
563.248,0
563.355,15
563.461,25
563.568,23
563.674,0
563.781,0
563.887,38
563.994,35
564.1,0
564.206,15
564.313,0
564.419,0
564.526,29
564.632,0
564.739,0
564.845,2
564.952,4
565.058,23
565.165,0
565.271,0
565.377,8
565.484,0
565.59,17
565.697,19
565.803,0
565.91,0
566.016,16
566.123,20
566.229,15
566.335,18
566.442,8
566.548,13
566.655,11
566.761,0
566.868,3
566.974,0
567.081,22
567.187,6
567.293,0
567.4,17
567.506,14
567.613,12
567.719,0
567.826,0
567.932,19
568.039,34
568.145,25
568.251,19
568.358,2
568.464,6
568.571,6
568.677,2
568.784,10
568.89,12
568.997,0
569.103,0
569.209,22
569.316,29
569.422,5
569.529,7
569.635,0
569.742,0
569.848,15
569.955,15
570.061,0
570.167,0
570.274,13
570.38,22
570.487,0
570.593,18
570.7,24
570.806,22
570.912,0
571.019,0
571.125,0
571.232,11
571.338,0
571.445,24
571.551,7
571.658,0
571.764,4
571.87,17
571.977,16
572.083,21
572.19,0
572.296,0
572.403,51
572.509,18
572.615,0
572.722,12
572.828,7
572.935,3
573.041,26
573.148,0
573.254,63
573.36,137
573.467,78
573.573,22
573.68,0
573.786,22
573.893,5
573.999,0
574.105,5
574.212,180
574.318,247
574.425,137
574.531,0
574.638,0
574.744,0
574.85,0
574.957,10
575.063,34
575.17,9
575.276,22
575.383,0
575.489,11
575.595,0
575.702,0
575.808,32
575.915,15
576.021,0
576.128,4
576.234,1
576.34,19
576.447,0
576.553,0
576.66,28
576.766,5
576.873,8
576.979,15
577.085,76
577.192,96
577.298,42
577.405,4
577.511,0
577.618,0
577.724,0
577.83,0
577.937,0
578.043,20
578.15,15
578.256,7
578.363,0
578.469,27
578.575,17
578.682,0
578.788,0
578.895,0
579.001,20
579.107,2
579.214,4
579.32,15
579.427,2
579.533,0
579.64,0
579.746,1
579.852,2
579.959,3
580.065,0
580.172,28
580.278,28
580.384,0
580.491,0
580.597,5
580.704,0
580.81,0
580.917,9
581.023,0
581.129,0
581.236,12
581.342,0
581.449,10
581.555,0
581.661,7
581.768,0
581.874,17
581.981,15
582.087,0
582.193,1
582.3,8
582.406,0
582.513,0
582.619,0
582.726,0
582.832,0
582.938,0
583.045,65
583.151,20
583.258,0
583.364,0
583.47,0
583.577,5
583.683,0
583.79,0
583.896,0
584.002,6
584.109,2
584.215,0
584.322,6
584.428,0
584.535,9
584.641,0
584.747,0
584.854,24
584.96,11
585.067,2
585.173,2
585.279,12
585.386,0
585.492,0
585.599,0
585.705,0
585.811,0
585.918,0
586.024,0
586.131,4
586.237,9
586.343,0
586.45,0
586.556,29
586.663,18
586.769,0
586.875,0
586.982,0
587.088,18
587.195,0
587.301,0
587.407,0
587.514,0
587.62,5
587.727,9
587.833,17
587.939,0
588.046,0
588.152,2
588.259,5
588.365,0
588.471,1
588.578,0
588.684,0
588.791,0
588.897,1
589.003,0
589.11,0
589.216,30
589.323,0
589.429,0
589.535,0
589.642,0
589.748,0
589.855,2
589.961,11
590.067,13
590.174,0
590.28,0
590.387,0
590.493,6
590.599,4
590.706,0
590.812,24
590.918,0
591.025,30
591.131,0
591.238,0
591.344,0
591.45,37
591.557,0
591.663,0
591.77,4
591.876,0
591.982,24
592.089,0
592.195,0
592.302,0
592.408,0
592.514,0
592.621,0
592.727,7
592.834,0
592.94,0
593.046,0
593.153,11
593.259,0
593.365,0
593.472,0
593.578,0
593.685,13
593.791,24
593.897,0
594.004,0
594.11,1
594.217,2
594.323,0
594.429,0
594.536,7
594.642,0
594.748,0
594.855,3
594.961,12
595.068,3
595.174,13
595.28,0
595.387,15
595.493,5
595.6,0
595.706,0
595.812,6
595.919,0
596.025,35
596.131,12
596.238,0
596.344,0
596.451,4
596.557,6
596.663,4
596.77,0
596.876,9
596.982,2
597.089,21
597.195,0
597.302,13
597.408,0
597.514,16
597.621,12
597.727,12
597.833,31
597.94,0
598.046,0
598.153,0
598.259,0
598.365,0
598.472,4
598.578,0
598.685,0
598.791,1
598.897,0
599.004,0
599.11,0
599.216,0
599.323,0
599.429,10
599.535,0
599.642,0
599.748,0
599.855,6
599.961,0
600.067,0
600.174,0
600.28,0
600.386,0
600.493,26
600.599,16
600.706,0
600.812,0
600.918,0
601.025,0
601.131,0
601.237,4
601.344,0
601.45,14
601.557,9
601.663,0
601.769,0
601.876,17
601.982,17
602.088,0
602.195,0
602.301,0
602.407,0
602.514,14
602.62,4
602.727,62
602.833,37
602.939,6
603.046,0
603.152,6
603.258,6
603.365,13
603.471,0
603.577,0
603.684,0
603.79,0
603.897,0
604.003,14
604.109,23
604.216,59
604.322,114
604.428,43
604.535,0
604.641,0
604.747,0
604.854,0
604.96,0
605.067,0
605.173,0
605.279,6
605.386,29
605.492,0
605.598,0
605.705,0
605.811,0
605.917,0
606.024,2
606.13,0
606.236,4
606.343,1
606.449,2
606.556,9
606.662,16
606.768,0
606.875,0
606.981,0
607.087,0
607.194,0
607.3,12
607.406,1
607.513,0
607.619,20
607.725,8
607.832,0
607.938,26
608.045,26
608.151,0
608.257,12
608.364,0
608.47,15
608.576,0
608.683,0
608.789,7
608.895,0
609.002,0
609.108,0
609.214,0
609.321,0
609.427,18
609.533,8
609.64,0
609.746,2
609.852,0
609.959,0
610.065,2
610.172,0
610.278,2
610.384,26
610.491,5
610.597,0
610.703,4
610.81,7
610.916,0
611.022,0
611.129,13
611.235,15
611.341,0
611.448,0
611.554,6
611.66,0
611.767,0
611.873,0
611.979,8
612.086,0
612.192,27
612.298,10
612.405,21
612.511,36
612.617,28
612.724,0
612.83,0
612.936,0
613.043,0
613.149,0
613.255,0
613.362,8
613.468,0
613.575,4
613.681,12
613.787,0
613.894,16
614,1
614.106,0
614.213,0
614.319,0
614.425,0
614.532,0
614.638,0
614.744,0
614.851,0
614.957,45
615.063,19
615.17,6
615.276,0
615.382,7
615.489,7
615.595,8
615.701,19
615.808,2
615.914,0
616.02,3
616.127,0
616.233,18
616.339,0
616.446,0
616.552,0
616.658,11
616.765,0
616.871,0
616.977,11
617.084,25
617.19,0
617.296,6
617.403,52
617.509,35
617.615,0
617.722,0
617.828,0
617.934,0
618.041,0
618.147,0
618.253,0
618.36,8
618.466,24
618.572,0
618.679,6
618.785,16
618.891,11
618.998,31
619.104,34
619.21,4
619.316,0
619.423,14
619.529,0
619.635,0
619.742,3
619.848,2
619.954,0
620.061,0
620.167,0
620.273,17
620.38,35
620.486,0
620.592,0
620.699,0
620.805,0
620.911,23
621.018,0
621.124,0
621.23,6
621.337,0
621.443,0
621.549,0
621.656,0
621.762,0
621.868,0
621.975,0
622.081,0
622.187,7
622.294,3
622.4,0
622.506,4
622.612,0
622.719,0
622.825,5
622.931,3
623.038,7
623.144,0
623.25,0
623.357,0
623.463,22
623.569,24
623.676,0
623.782,22
623.888,13
623.995,10
624.101,0
624.207,0
624.314,21
624.42,0
624.526,0
624.632,1
624.739,0
624.845,12
624.951,0
625.058,0
625.164,0
625.27,5
625.377,9
625.483,0
625.589,49
625.696,38
625.802,8
625.908,0
626.015,0
626.121,1
626.227,0
626.333,0
626.44,0
626.546,24
626.652,24
626.759,0
626.865,0
626.971,37
627.078,4
627.184,13
627.29,13
627.397,0
627.503,0
627.609,0
627.715,0
627.822,0
627.928,0
628.034,0
628.141,0
628.247,0
628.353,0
628.46,23
628.566,8
628.672,28
628.778,16
628.885,7
628.991,0
629.097,0
629.204,15
629.31,4
629.416,15
629.523,18
629.629,0
629.735,0
629.841,0
629.948,0
630.054,5
630.16,0
630.267,11
630.373,0
630.479,0
630.586,0
630.692,0
630.798,0
630.904,14
631.011,0
631.117,0
631.223,24
631.33,0
631.436,3
631.542,0
631.649,14
631.755,28
631.861,0
631.967,0
632.074,30
632.18,0
632.286,12
632.393,0
632.499,0
632.605,19
632.711,2
632.818,0
632.924,0
633.03,0
633.137,0
633.243,0
633.349,3
633.456,13
633.562,2
633.668,9
633.774,21
633.881,11
633.987,23
634.093,38
634.2,18
634.306,9
634.412,19
634.518,16
634.625,4
634.731,1
634.837,7
634.944,0
635.05,0
635.156,6
635.262,29
635.369,0
635.475,0
635.581,17
635.688,0
635.794,0
635.9,1
636.006,0
636.113,0
636.219,26
636.325,3
636.432,0
636.538,0
636.644,34
636.75,8
636.857,0
636.963,7
637.069,4
637.176,0
637.282,24
637.388,0
637.494,0
637.601,0
637.707,0
637.813,2
637.92,11
638.026,0
638.132,17
638.238,26
638.345,12
638.451,6
638.557,0
638.663,21
638.77,16
638.876,119
638.982,91
639.089,38
639.195,0
639.301,8
639.407,2
639.514,0
639.62,0
639.726,0
639.833,0
639.939,25
640.045,28
640.151,6
640.258,77
640.364,55
640.47,5
640.576,0
640.683,0
640.789,4
640.895,0
641.002,0
641.108,0
641.214,0
641.32,0
641.427,10
641.533,14
641.639,0
641.745,5
641.852,5
641.958,21
642.064,11
642.171,1
642.277,0
642.383,14
642.489,0
642.596,5
642.702,0
642.808,5
642.914,0
643.021,13
643.127,17
643.233,6
643.339,9
643.446,23
643.552,0
643.658,13
643.765,0
643.871,0
643.977,8
644.083,11
644.19,0
644.296,0
644.402,1
644.508,8
644.615,23
644.721,8
644.827,2
644.933,0
645.04,3
645.146,6
645.252,0
645.358,24
645.465,0
645.571,0
645.677,1
645.784,0
645.89,0
645.996,0
646.102,3
646.209,37
646.315,16
646.421,0
646.527,15
646.634,0
646.74,0
646.846,51
646.952,42
647.059,0
647.165,0
647.271,0
647.377,7
647.484,6
647.59,0
647.696,0
647.802,0
647.909,9
648.015,0
648.121,0
648.227,13
648.334,0
648.44,0
648.546,1
648.652,13
648.759,0
648.865,0
648.971,0
649.077,6
649.184,0
649.29,0
649.396,0
649.502,0
649.609,0
649.715,6
649.821,20
649.927,7
650.034,3
650.14,0
650.246,16
650.352,20
650.459,14
650.565,0
650.671,0
650.777,0
650.884,23
650.99,2
651.096,0
651.202,17
651.309,0
651.415,10
651.521,4
651.627,2
651.734,0
651.84,5
651.946,48
652.052,108
652.159,145
652.265,132
652.371,130
652.477,59
652.584,28
652.69,30
652.796,8
652.902,18
653.009,29
653.115,0
653.221,0
653.327,5
653.434,0
653.54,4
653.646,51
653.752,134
653.858,70
653.965,57
654.071,0
654.177,2
654.283,0
654.39,5
654.496,8
654.602,19
654.708,20
654.815,4
654.921,0
655.027,4
655.133,4
655.24,0
655.346,5
655.452,2
655.558,14
655.665,0
655.771,5
655.877,13
655.983,0
656.089,11
656.196,0
656.302,2
656.408,0
656.514,28
656.621,1
656.727,0
656.833,17
656.939,0
657.046,9
657.152,0
657.258,143
657.364,130
657.47,104
657.577,45
657.683,0
657.789,0
657.895,0
658.002,92
658.108,80
658.214,21
658.32,0
658.427,0
658.533,0
658.639,7
658.745,5
658.851,17
658.958,15
659.064,0
659.17,0
659.276,37
659.383,21
659.489,0
659.595,17
659.701,6
659.807,0
659.914,12
660.02,27
660.126,12
660.232,10
660.339,16
660.445,8
660.551,7
660.657,0
660.763,59
660.87,87
660.976,0
661.082,0
661.188,8
661.295,51
661.401,203
661.507,113
661.613,49
661.719,50
661.826,80
661.932,220
662.038,192
662.144,52
662.251,12
662.357,0
662.463,0
662.569,4
662.675,12
662.782,34
662.888,0
662.994,0
663.1,18
663.206,0
663.313,0
663.419,0
663.525,0
663.631,0
663.738,0
663.844,2
663.95,13
664.056,11
664.162,34
664.269,24
664.375,22
664.481,5
664.587,0
664.693,0
664.8,0
664.906,11
665.012,0
665.118,0
665.225,0
665.331,0
665.437,0
665.543,0
665.649,13
665.756,2
665.862,0
665.968,15
666.074,0
666.18,0
666.287,11
666.393,12
666.499,0
666.605,0
666.711,39
666.818,146
666.924,81
667.03,35
667.136,3
667.242,0
667.349,0
667.455,5
667.561,14
667.667,4
667.773,9
667.88,0
667.986,0
668.092,22
668.198,11
668.304,0
668.411,0
668.517,4
668.623,10
668.729,6
668.835,19
668.942,39
669.048,74
669.154,166
669.26,128
669.366,65
669.473,4
669.579,0
669.685,70
669.791,83
669.897,47
670.004,13
670.11,12
670.216,57
670.322,74
670.428,64
670.535,68
670.641,0
670.747,0
670.853,8
670.959,4
671.066,0
671.172,0
671.278,10
671.384,22
671.49,0
671.597,0
671.703,1
671.809,1
671.915,0
672.021,0
672.128,0
672.234,17
672.34,11
672.446,0
672.552,64
672.658,126
672.765,66
672.871,28
672.977,28
673.083,35
673.189,0
673.296,0
673.402,12
673.508,5
673.614,31
673.72,0
673.827,9
673.933,9
674.039,23
674.145,0
674.251,12
674.357,5
674.464,0
674.57,0
674.676,16
674.782,13
674.888,0
674.995,5
675.101,0
675.207,0
675.313,0
675.419,2
675.526,0
675.632,0
675.738,0
675.844,0
675.95,72
676.056,78
676.163,20
676.269,17
676.375,0
676.481,0
676.587,0
676.693,0
676.8,0
676.906,0
677.012,31
677.118,18
677.224,0
677.331,0
677.437,17
677.543,7
677.649,4
677.755,0
677.861,0
677.968,7
678.074,79
678.18,125
678.286,38
678.392,17
678.498,0
678.605,0
678.711,30
678.817,8
678.923,0
679.029,20
679.136,0
679.242,2
679.348,0
679.454,10
679.56,0
679.666,4
679.773,13
679.879,11
679.985,7
680.091,15
680.197,45
680.303,26
680.41,29
680.516,16
680.622,0
680.728,9
680.834,15
680.94,0
681.047,0
681.153,10
681.259,22
681.365,7
681.471,6
681.577,0
681.684,8
681.79,30
681.896,30
682.002,18
682.108,0
682.214,36
682.321,19
682.427,0
682.533,0
682.639,6
682.745,0
682.851,0
682.958,15
683.064,5
683.17,0
683.276,0
683.382,11
683.488,5
683.595,0
683.701,0
683.807,5
683.913,6
684.019,0
684.125,29
684.231,0
684.338,0
684.444,0
684.55,10
684.656,1
684.762,0
684.868,47
684.975,319
685.081,263
685.187,95
685.293,0
685.399,0
685.505,0
685.611,15
685.718,0
685.824,0
685.93,0
686.036,6
686.142,0
686.248,0
686.355,32
686.461,22
686.567,0
686.673,0
686.779,13
686.885,22
686.991,0
687.098,7
687.204,4
687.31,25
687.416,22
687.522,7
687.628,3
687.735,0
687.841,16
687.947,0
688.053,0
688.159,0
688.265,0
688.371,5
688.478,8
688.584,6
688.69,33
688.796,8
688.902,0
689.008,9
689.114,0
689.221,0
689.327,40
689.433,41
689.539,11
689.645,0
689.751,0
689.857,3
689.964,1
690.07,0
690.176,24
690.282,0
690.388,0
690.494,0
690.6,6
690.707,0
690.813,0
690.919,4
691.025,0
691.131,20
691.237,0
691.343,0
691.45,19
691.556,26
691.662,0
691.768,3
691.874,0
691.98,7
692.086,0
692.193,0
692.299,0
692.405,0
692.511,0
692.617,7
692.723,0
692.829,0
692.935,0
693.042,15
693.148,0
693.254,10
693.36,0
693.466,9
693.572,13
693.678,12
693.785,8
693.891,0
693.997,0
694.103,0
694.209,1
694.315,22
694.421,24
694.527,3
694.634,0
694.74,0
694.846,0
694.952,0
695.058,13
695.164,0
695.27,2
695.376,0
695.483,9
695.589,0
695.695,18
695.801,0
695.907,19
696.013,0
696.119,28
696.225,0
696.332,0
696.438,15
696.544,9
696.65,0
696.756,0
696.862,0
696.968,0
697.074,8
697.181,7
697.287,0
697.393,10
697.499,25
697.605,0
697.711,0
697.817,7
697.923,5
698.03,3
698.136,0
698.242,0
698.348,5
698.454,0
698.56,0
698.666,0
698.772,0
698.879,0
698.985,0
699.091,26
699.197,3
699.303,8
699.409,0
699.515,7
