59.6745,0
59.7814,0
59.8883,31
59.9952,29
60.1021,0
60.209,0
60.3159,0
60.4228,31
60.5296,0
60.6365,0
60.7434,18
60.8503,16
60.9572,9
61.0641,20
61.171,10
61.2779,16
61.3848,0
61.4917,6
61.5986,0
61.7055,0
61.8124,9
61.9193,1
62.0261,17
62.133,1
62.2399,4
62.3468,17
62.4537,0
62.5606,0
62.6675,21
62.7744,18
62.8813,12
62.9882,0
63.0951,26
63.202,16
63.3089,7
63.4158,17
63.5226,0
63.6295,10
63.7364,0
63.8433,0
63.9502,0
64.0571,17
64.164,29
64.2709,9
64.3778,0
64.4847,0
64.5916,3
64.6985,35
64.8054,0
64.9123,11
65.0192,0
65.1261,0
65.2329,20
65.3398,18
65.4467,0
65.5536,4
65.6605,0
65.7674,0
65.8743,7
65.9812,4
66.0881,12
66.195,1
66.3019,14
66.4088,0
66.5157,16
66.6226,15
66.7295,5
66.8364,0
66.9433,38
67.0502,12
67.157,0
67.2639,6
67.3708,0
67.4777,16
67.5846,4
67.6915,0
67.7984,10
67.9053,3
68.0122,0
68.1191,0
68.226,26
68.3329,0
68.4398,16
68.5467,12
68.6536,8
68.7605,16
68.8674,0
68.9743,1
69.0812,0
69.1881,0
69.295,0
69.4018,0
69.5087,0
69.6156,0
69.7225,0
69.8294,0
69.9363,0
70.0432,25
70.1501,12
70.257,0
70.3639,0
70.4708,15
70.5777,39
70.6846,7
70.7915,0
70.8984,7
71.0053,0
71.1122,0
71.2191,14
71.326,5
71.4329,0
71.5398,0
71.6467,13
71.7536,0
71.8605,0
71.9674,15
72.0742,4
72.1811,3
72.288,11
72.3949,18
72.5018,5
72.6087,0
72.7156,0
72.8225,0
72.9294,24
73.0363,6
73.1432,3
73.2501,0
73.357,27
73.4639,0
73.5708,11
73.6777,4
73.7846,0
73.8915,39
73.9984,14
74.1053,13
74.2122,29
74.3191,23
74.426,1
74.5329,3
74.6398,19
74.7467,0
74.8536,0
74.9605,3
75.0674,17
75.1743,0
75.2812,0
75.3881,11
75.495,5
75.6019,0
75.7088,0
75.8157,24
75.9225,2
76.0294,34
76.1363,0
76.2432,0
76.3501,0
76.457,0
76.5639,1
76.6708,23
76.7777,17
76.8846,13
76.9915,24
77.0984,12
77.2053,25
77.3122,15
77.4191,0
77.526,0
77.6329,18
77.7398,13
77.8467,0
77.9536,1
78.0605,0
78.1674,1
78.2743,4
78.3812,3
78.4881,0
78.595,5
78.7019,0
78.8088,14
78.9157,0
79.0226,21
79.1295,5
79.2364,5
79.3433,31
79.4502,20
79.5571,7
79.664,0
79.7709,0
79.8778,0
79.9847,0
80.0916,0
80.1985,8
80.3054,0
80.4123,0
80.5192,0
80.6261,0
80.733,23
80.8399,16
80.9468,5
81.0537,0
81.1606,0
81.2675,19
81.3744,35
81.4813,0
81.5882,1
81.6951,0
81.802,0
81.9089,0
82.0158,0
82.1227,0
82.2296,0
82.3365,16
82.4434,0
82.5503,4
82.6572,0
82.7641,5
82.871,0
82.9779,13
83.0848,27
83.1917,14
83.2986,32
83.4055,31
83.5124,2
83.6193,9
83.7262,4
83.8331,4
83.94,19
84.0469,7
84.1538,0
84.2607,0
84.3676,0
84.4745,4
84.5814,2
84.6883,0
84.7952,6
84.9021,20
85.009,19
85.1159,20
85.2228,31
85.3297,15
85.4366,21
85.5435,13
85.6504,28
85.7573,22
85.8642,13
85.9711,0
86.078,1
86.1849,2
86.2918,0
86.3987,0
86.5056,12
86.6125,19
86.7194,16
86.8263,0
86.9332,35
87.0401,16
87.147,12
87.2539,7
87.3608,0
87.4677,0
87.5746,15
87.6815,7
87.7884,0
87.8953,0
88.0022,14
88.1091,14
88.216,0
88.3229,10
88.4298,29
88.5367,0
88.6436,21
88.7505,19
88.8574,5
88.9643,0
89.0712,0
89.1781,5
89.285,12
89.3919,0
89.4988,1
89.6057,6
89.7126,0
89.8195,17
89.9264,19
90.0334,0
90.1403,0
90.2472,7
90.3541,8
90.461,0
90.5679,13
90.6748,0
90.7817,0
90.8886,13
90.9955,16
91.1024,6
91.2093,14
91.3162,4
91.4231,7
91.53,15
91.6369,3
91.7438,0
91.8507,0
91.9576,44
92.0645,32
92.1714,4
92.2783,0
92.3852,7
92.4921,0
92.599,13
92.7059,0
92.8128,43
92.9197,0
93.0266,0
93.1335,0
93.2404,3
93.3473,14
93.4542,1
93.5611,29
93.668,0
93.7749,11
93.8818,0
93.9887,0
94.0956,0
94.2025,28
94.3095,0
94.4164,0
94.5233,4
94.6302,0
94.7371,27
94.844,0
94.9509,0
95.0578,0
95.1647,13
95.2716,0
95.3785,0
95.4854,0
95.5923,0
95.6992,0
95.8061,0
95.913,0
96.0199,12
96.1268,0
96.2337,4
96.3406,6
96.4475,6
96.5544,0
96.6613,0
96.7682,4
96.8751,17
96.982,7
97.0889,0
97.1958,0
97.3027,0
97.4097,0
97.5166,0
97.6235,20
97.7304,14
97.8373,0
97.9442,0
98.0511,0
98.158,19
98.2649,10
98.3718,0
98.4787,0
98.5856,0
98.6925,0
98.7994,4
98.9063,0
99.0132,6
99.1201,10
99.227,12
99.3339,0
99.4408,0
99.5477,0
99.6546,21
99.7615,7
99.8684,7
99.9753,0
100.082,29
100.189,0
100.296,0
100.403,0
100.51,0
100.617,0
100.724,6
100.831,0
100.937,0
101.044,0
101.151,22
101.258,3
101.365,24
101.472,10
101.579,11
101.686,0
101.793,7
101.9,27
102.007,0
102.113,27
102.22,32
102.327,0
102.434,0
102.541,0
102.648,26
102.755,27
102.862,0
102.969,0
103.076,0
103.182,0
103.289,27
103.396,15
103.503,0
103.61,0
103.717,0
103.824,19
103.931,0
104.038,1
104.145,0
104.252,0
104.358,11
104.465,12
104.572,0
104.679,23
104.786,5
104.893,0
105,14
105.107,13
105.214,13
105.321,0
105.427,12
105.534,3
105.641,0
105.748,0
105.855,12
105.962,0
106.069,0
106.176,22
106.283,3
106.39,2
106.497,29
106.603,35
106.71,0
106.817,0
106.924,0
107.031,20
107.138,16
107.245,0
107.352,0
107.459,0
107.566,0
107.673,7
107.779,25
107.886,18
107.993,26
108.1,9
108.207,0
108.314,0
108.421,0
108.528,14
108.635,11
108.742,12
108.848,4
108.955,0
109.062,26
109.169,12
109.276,10
109.383,0
109.49,0
109.597,32
109.704,2
109.811,16
109.918,0
110.024,23
110.131,11
110.238,0
110.345,0
110.452,17
110.559,6
110.666,10
110.773,38
110.88,0
110.987,0
111.094,28
111.2,22
111.307,0
111.414,2
111.521,4
111.628,20
111.735,0
111.842,0
111.949,0
112.056,15
112.163,0
112.269,0
112.376,10
112.483,1
112.59,28
112.697,41
112.804,0
112.911,0
113.018,0
113.125,15
113.232,0
113.339,18
113.445,22
113.552,4
113.659,0
113.766,23
113.873,21
113.98,0
114.087,0
114.194,2
114.301,21
114.408,24
114.515,0
114.621,0
114.728,28
114.835,5
114.942,0
115.049,0
115.156,33
115.263,12
115.37,0
115.477,12
115.584,58
115.69,52
115.797,44
115.904,19
116.011,0
116.118,17
116.225,14
116.332,0
116.439,0
116.546,0
116.653,0
116.76,6
116.866,0
116.973,4
117.08,44
117.187,0
117.294,0
117.401,3
117.508,0
117.615,0
117.722,2
117.829,26
117.936,0
118.042,0
118.149,0
118.256,11
118.363,0
118.47,0
118.577,6
118.684,0
118.791,0
118.898,18
119.005,24
119.112,16
119.218,0
119.325,10
119.432,5
119.539,17
119.646,21
119.753,0
119.86,24
119.967,6
120.074,19
120.181,0
120.287,0
120.394,24
120.501,29
120.608,0
120.715,15
120.822,12
120.929,1
121.036,16
121.143,12
121.25,9
121.357,0
121.463,21
121.57,19
121.677,0
121.784,0
121.891,12
121.998,0
122.105,0
122.212,0
122.319,23
122.426,11
122.533,14
122.639,5
122.746,37
122.853,86
122.96,30
123.067,11
123.174,9
123.281,0
123.388,21
123.495,0
123.602,0
123.709,0
123.815,0
123.922,0
124.029,36
124.136,45
124.243,0
124.35,4
124.457,2
124.564,12
124.671,23
124.778,18
124.885,0
124.991,0
125.098,19
125.205,3
125.312,0
125.419,6
125.526,20
125.633,0
125.74,17
125.847,0
125.954,6
126.061,11
126.167,21
126.274,0
126.381,15
126.488,0
126.595,0
126.702,8
126.809,0
126.916,0
127.023,0
127.13,9
127.236,15
127.343,0
127.45,0
127.557,36
127.664,4
127.771,0
127.878,0
127.985,0
128.092,26
128.199,13
128.306,0
128.412,0
128.519,14
128.626,5
128.733,0
128.84,14
128.947,24
129.054,0
129.161,1
129.268,35
129.375,18
129.482,0
129.588,0
129.695,19
129.802,15
129.909,0
130.016,1
130.123,30
130.23,9
130.337,10
130.444,0
130.551,0
130.658,17
130.764,0
130.871,8
130.978,33
131.085,0
131.192,0
131.299,2
131.406,20
131.513,0
131.62,6
131.727,0
131.834,3
131.94,2
132.047,6
132.154,11
132.261,0
132.368,7
132.475,24
132.582,0
132.689,10
132.796,0
132.903,0
133.01,0
133.116,13
133.223,16
133.33,14
133.437,18
133.544,21
133.651,0
133.758,9
133.865,2
133.972,28
134.079,21
134.186,25
134.292,0
134.399,0
134.506,0
134.613,0
134.72,31
134.827,17
134.934,2
135.041,0
135.148,0
135.255,15
135.362,17
135.468,0
135.575,5
135.682,11
135.789,18
135.896,0
136.003,0
136.11,18
136.217,3
136.324,11
136.431,0
136.538,0
136.644,3
136.751,15
136.858,0
136.965,0
137.072,30
137.179,0
137.286,0
137.393,7
137.5,23
137.607,10
137.714,37
137.82,5
137.927,2
138.034,0
138.141,2
138.248,16
138.355,12
138.462,6
138.569,3
138.676,11
138.783,9
138.89,0
138.996,0
139.103,0
139.21,7
139.317,0
139.424,0
139.531,7
139.638,0
139.745,0
139.852,0
139.959,3
140.065,0
140.172,0
140.279,7
140.386,0
140.493,18
140.6,16
140.707,0
140.814,0
140.921,0
141.028,12
141.135,0
141.241,3
141.348,7
141.455,3
141.562,0
141.669,15
141.776,4
141.883,0
141.99,12
142.097,16
142.204,4
142.311,12
142.417,41
142.524,23
142.631,0
142.738,0
142.845,5
142.952,36
143.059,10
143.166,44
143.273,148
143.38,129
143.487,37
143.593,0
143.7,0
143.807,0
143.914,26
144.021,11
144.128,0
144.235,0
144.342,0
144.449,0
144.556,0
144.663,0
144.769,0
144.876,0
144.983,0
145.09,0
145.197,25
145.304,0
145.411,11
145.518,40
145.625,1
145.732,0
145.839,6
145.945,0
146.052,0
146.159,0
146.266,0
146.373,0
146.48,4
146.587,8
146.694,0
146.801,6
146.908,1
147.015,19
147.121,0
147.228,2
147.335,22
147.442,7
147.549,0
147.656,0
147.763,7
147.87,12
147.977,10
148.084,0
148.191,0
148.297,25
148.404,18
148.511,13
148.618,0
148.725,24
148.832,3
148.939,4
149.046,22
149.153,18
149.26,0
149.367,0
149.473,0
149.58,14
149.687,21
149.794,14
149.901,0
150.008,34
150.115,29
150.222,11
150.329,3
150.436,4
150.543,14
150.649,28
150.756,15
150.863,0
150.97,0
151.077,24
151.184,0
151.291,0
151.398,6
151.505,0
151.612,2
151.719,18
151.825,0
151.932,4
152.039,14
152.146,0
152.253,0
152.36,17
152.467,0
152.574,0
152.681,0
152.788,1
152.894,0
153.001,4
153.108,17
153.215,6
153.322,0
153.429,3
153.536,3
153.643,0
153.75,32
153.857,10
153.964,17
154.07,0
154.177,0
154.284,38
154.391,0
154.498,0
154.605,0
154.712,38
154.819,25
154.926,18
155.033,0
155.14,0
155.246,22
155.353,3
155.46,0
155.567,8
155.674,17
155.781,0
155.888,0
155.995,4
156.102,32
156.209,29
156.316,0
156.422,0
156.529,8
156.636,0
156.743,1
156.85,0
156.957,15
157.064,26
157.171,2
157.278,17
157.385,0
157.492,2
157.598,9
157.705,11
157.812,0
157.919,0
158.026,11
158.133,14
158.24,0
158.347,25
158.454,8
158.561,20
158.668,10
158.774,24
158.881,5
158.988,2
159.095,0
159.202,0
159.309,0
159.416,0
159.523,0
159.63,13
159.737,0
159.844,0
159.95,0
160.057,26
160.164,17
160.271,0
160.378,0
160.485,0
160.592,9
160.699,11
160.806,0
160.913,0
161.019,0
161.126,7
161.233,0
161.34,0
161.447,29
161.554,0
161.661,8
161.768,11
161.875,8
161.982,5
162.089,1
162.195,8
162.302,11
162.409,0
162.516,19
162.623,10
162.73,0
162.837,8
162.944,5
163.051,4
163.158,16
163.265,0
163.371,14
163.478,0
163.585,17
163.692,10
163.799,13
163.906,14
164.013,6
164.12,24
164.227,0
164.334,0
164.441,14
164.547,0
164.654,0
164.761,3
164.868,28
164.975,0
165.082,7
165.189,1
165.296,2
165.403,0
165.51,26
165.616,0
165.723,0
165.83,32
165.937,6
166.044,0
166.151,0
166.258,0
166.365,3
166.472,0
166.579,0
166.686,0
166.792,26
166.899,43
167.006,0
167.113,0
167.22,1
167.327,6
167.434,0
167.541,14
167.648,15
167.755,0
167.862,3
167.968,30
168.075,31
168.182,0
168.289,23
168.396,4
168.503,17
168.61,1
168.717,0
168.824,0
168.931,16
169.037,0
169.144,16
169.251,0
169.358,23
169.465,0
169.572,14
169.679,31
169.786,0
169.893,19
170,11
170.107,23
170.213,5
170.32,29
170.427,16
170.534,6
170.641,19
170.748,2
170.855,4
170.962,2
171.069,0
171.176,0
171.283,2
171.389,0
171.496,0
171.603,0
171.71,17
171.817,10
171.924,7
172.031,6
172.138,12
172.245,1
172.352,4
172.458,20
172.565,3
172.672,30
172.779,4
172.886,16
172.993,19
173.1,8
173.207,14
173.314,4
173.421,3
173.528,22
173.634,21
173.741,0
173.848,0
173.955,0
174.062,4
174.169,14
174.276,0
174.383,9
174.49,13
174.597,0
174.704,10
174.81,37
174.917,2
175.024,12
175.131,13
175.238,5
175.345,0
175.452,10
175.559,1
175.666,0
175.773,5
175.879,8
175.986,3
176.093,4
176.2,34
176.307,6
176.414,0
176.521,0
176.628,34
176.735,0
176.842,10
176.949,7
177.055,0
177.162,10
177.269,0
177.376,0
177.483,41
177.59,21
177.697,0
177.804,0
177.911,0
178.018,9
178.124,1
178.231,0
178.338,11
178.445,15
178.552,0
178.659,0
178.766,0
178.873,25
178.98,0
179.087,0
179.194,23
179.3,0
179.407,0
179.514,5
179.621,15
179.728,0
179.835,8
179.942,3
180.049,1
180.156,8
180.263,1
180.369,1
180.476,6
180.583,0
180.69,12
180.797,20
180.904,9
181.011,0
181.118,16
181.225,23
181.332,11
181.439,4
181.545,2
181.652,17
181.759,0
181.866,6
181.973,13
182.08,8
182.187,0
182.294,8
182.401,32
182.508,2
182.614,0
182.721,29
182.828,0
182.935,32
183.042,14
183.149,34
183.256,3
183.363,14
183.47,0
183.577,12
183.683,11
183.79,25
183.897,9
184.004,10
184.111,0
184.218,0
184.325,43
184.432,70
184.539,62
184.646,0
184.753,15
184.859,0
184.966,26
185.073,1
185.18,0
185.287,4
185.394,3
185.501,19
185.608,0
185.715,20
185.822,0
185.928,8
186.035,0
186.142,3
186.249,0
186.356,0
186.463,9
186.57,0
186.677,2
186.784,13
186.891,2
186.997,15
187.104,0
187.211,0
187.318,16
187.425,6
187.532,3
187.639,0
187.746,16
187.853,22
187.96,0
188.067,0
188.173,34
188.28,33
188.387,0
188.494,0
188.601,0
188.708,0
188.815,4
188.922,1
189.029,0
189.136,9
189.242,21
189.349,10
189.456,5
189.563,6
189.67,24
189.777,24
189.884,3
189.991,0
190.098,0
190.205,0
190.311,12
190.418,0
190.525,16
190.632,9
190.739,1
190.846,6
190.953,6
191.06,35
191.167,17
191.274,0
191.38,0
191.487,6
191.594,22
191.701,11
191.808,5
191.915,14
192.022,2
192.129,0
192.236,21
192.343,0
192.45,0
192.556,19
192.663,0
192.77,8
192.877,36
192.984,12
193.091,0
193.198,3
193.305,0
193.412,6
193.519,12
193.625,0
193.732,19
193.839,24
193.946,0
194.053,0
194.16,19
194.267,0
194.374,0
194.481,12
194.588,21
194.694,0
194.801,11
194.908,16
195.015,0
195.122,5
195.229,11
195.336,0
195.443,2
195.55,0
195.657,31
195.763,19
195.87,0
195.977,37
196.084,32
196.191,6
196.298,0
196.405,2
196.512,8
196.619,2
196.726,2
196.832,18
196.939,4
197.046,0
197.153,0
197.26,0
197.367,14
197.474,0
197.581,0
197.688,8
197.795,29
197.901,14
198.008,0
198.115,0
198.222,2
198.329,0
198.436,0
198.543,11
198.65,0
198.757,0
198.864,11
198.97,11
199.077,0
199.184,3
199.291,26
199.398,12
199.505,13
199.612,34
199.719,8
199.826,7
199.933,26
200.039,0
200.146,0
200.253,0
200.36,28
200.467,4
200.574,0
200.681,1
200.788,28
200.895,0
201.002,11
201.108,0
201.215,7
201.322,10
201.429,30
201.536,7
201.643,7
201.75,16
201.857,5
201.964,0
202.071,0
202.177,2
202.284,29
202.391,0
202.498,6
202.605,0
202.712,0
202.819,0
202.926,0
203.033,3
203.14,12
203.246,12
203.353,13
203.46,15
203.567,0
203.674,0
203.781,13
203.888,11
203.995,10
204.102,1
204.208,0
204.315,0
204.422,4
204.529,3
204.636,0
204.743,0
204.85,12
204.957,7
205.064,7
205.171,21
205.277,0
205.384,0
205.491,5
205.598,12
205.705,0
205.812,0
205.919,0
206.026,0
206.133,0
206.24,12
206.346,0
206.453,1
206.56,0
206.667,0
206.774,0
206.881,0
206.988,0
207.095,0
207.202,20
207.309,0
207.415,0
207.522,16
207.629,27
207.736,25
207.843,11
207.95,5
208.057,2
208.164,0
208.271,0
208.377,1
208.484,0
208.591,0
208.698,22
208.805,0
208.912,10
209.019,17
209.126,4
209.233,0
209.34,0
209.446,0
209.553,17
209.66,14
209.767,8
209.874,0
209.981,0
210.088,0
210.195,0
210.302,7
210.409,19
210.515,0
210.622,19
210.729,7
210.836,0
210.943,2
211.05,8
211.157,0
211.264,1
211.371,6
211.477,8
211.584,10
211.691,22
211.798,14
211.905,8
212.012,11
212.119,35
212.226,9
212.333,21
212.44,28
212.546,24
212.653,0
212.76,0
212.867,25
212.974,11
213.081,0
213.188,0
213.295,0
213.402,11
213.508,0
213.615,18
213.722,0
213.829,13
213.936,5
214.043,0
214.15,0
214.257,0
214.364,0
214.471,9
214.577,0
214.684,5
214.791,17
214.898,16
215.005,13
215.112,6
215.219,1
215.326,17
215.433,7
215.539,21
215.646,20
215.753,0
215.86,24
215.967,19
216.074,0
216.181,0
216.288,4
216.395,12
216.502,2
216.608,0
216.715,0
216.822,18
216.929,8
217.036,3
217.143,4
217.25,15
217.357,0
217.464,14
217.57,19
217.677,0
217.784,20
217.891,5
217.998,13
218.105,0
218.212,10
218.319,0
218.426,0
218.532,26
218.639,11
218.746,22
218.853,0
218.96,23
219.067,20
219.174,0
219.281,0
219.388,0
219.495,3
219.601,0
219.708,0
219.815,0
219.922,1
220.029,0
220.136,0
220.243,42
220.35,60
220.457,23
220.563,0
220.67,0
220.777,1
220.884,1
220.991,39
221.098,165
221.205,133
221.312,50
221.419,19
221.525,13
221.632,0
221.739,0
221.846,7
221.953,14
222.06,1
222.167,0
222.274,0
222.381,0
222.488,16
222.594,19
222.701,2
222.808,11
222.915,0
223.022,0
223.129,30
223.236,0
223.343,23
223.45,16
223.556,0
223.663,0
223.77,24
223.877,16
223.984,0
224.091,11
224.198,8
224.305,0
224.412,15
224.518,6
224.625,12
224.732,14
224.839,36
224.946,2
225.053,12
225.16,0
225.267,0
225.374,0
225.48,9
225.587,24
225.694,22
225.801,34
225.908,0
226.015,4
226.122,0
226.229,6
226.336,6
226.442,19
226.549,2
226.656,14
226.763,1
226.87,10
226.977,36
227.084,11
227.191,37
227.298,5
227.404,0
227.511,2
227.618,9
227.725,0
227.832,0
227.939,8
228.046,28
228.153,16
228.26,11
228.366,0
228.473,0
228.58,0
228.687,44
228.794,0
228.901,0
229.008,24
229.115,0
229.222,0
229.328,0
229.435,0
229.542,0
229.649,18
229.756,8
229.863,0
229.97,0
230.077,2
230.184,29
230.29,0
230.397,0
230.504,0
230.611,0
230.718,0
230.825,0
230.932,24
231.039,30
231.146,0
231.252,0
231.359,11
231.466,0
231.573,0
231.68,10
231.787,5
231.894,0
232.001,0
232.108,0
232.214,0
232.321,21
232.428,21
232.535,7
232.642,0
232.749,21
232.856,4
232.963,4
233.07,0
233.176,0
233.283,12
233.39,0
233.497,7
233.604,6
233.711,0
233.818,0
233.925,7
234.031,28
234.138,24
234.245,10
234.352,11
234.459,14
234.566,0
234.673,11
234.78,33
234.887,2
234.993,9
235.1,11
235.207,0
235.314,8
235.421,9
235.528,5
235.635,0
235.742,0
235.849,15
235.955,0
236.062,0
236.169,10
236.276,17
236.383,0
236.49,0
236.597,6
236.704,0
236.81,0
236.917,2
237.024,0
237.131,5
237.238,0
237.345,16
237.452,0
237.559,0
237.666,0
237.772,20
237.879,6
237.986,0
238.093,0
238.2,2
238.307,0
238.414,0
238.521,0
238.628,14
238.734,6
238.841,0
238.948,0
239.055,0
239.162,16
239.269,3
239.376,6
239.483,0
239.589,15
239.696,21
239.803,9
239.91,0
240.017,0
240.124,0
240.231,7
240.338,9
240.445,0
240.551,0
240.658,0
240.765,22
240.872,0
240.979,10
241.086,0
241.193,11
241.3,0
241.406,0
241.513,0
241.62,24
241.727,35
241.834,3
241.941,0
242.048,0
242.155,0
242.262,14
242.368,0
242.475,30
242.582,0
242.689,0
242.796,29
242.903,0
243.01,2
243.117,4
243.223,0
243.33,37
243.437,4
243.544,0
243.651,25
243.758,0
243.865,3
243.972,5
244.079,11
244.185,2
244.292,0
244.399,6
244.506,0
244.613,0
244.72,0
244.827,24
244.934,2
245.04,0
245.147,26
245.254,0
245.361,0
245.468,0
245.575,12
245.682,0
245.789,7
245.896,8
246.002,17
246.109,0
246.216,3
246.323,29
246.43,35
246.537,0
246.644,14
246.751,8
246.857,2
246.964,21
247.071,4
247.178,0
247.285,0
247.392,0
247.499,0
247.606,4
247.712,4
247.819,0
247.926,0
248.033,4
248.14,0
248.247,24
248.354,21
248.461,4
248.567,0
248.674,20
248.781,17
248.888,0
248.995,12
249.102,26
249.209,11
249.316,0
249.423,10
249.529,28
249.636,15
249.743,0
249.85,0
249.957,34
250.064,2
250.171,0
250.278,3
250.384,0
250.491,0
250.598,0
250.705,0
250.812,7
250.919,0
251.026,17
251.133,0
251.239,26
251.346,12
251.453,18
251.56,11
251.667,0
251.774,14
251.881,20
251.988,0
252.094,0
252.201,0
252.308,92
252.415,85
252.522,29
252.629,0
252.736,0
252.843,23
252.949,4
253.056,0
253.163,0
253.27,0
253.377,0
253.484,0
253.591,9
253.698,0
253.804,0
253.911,21
254.018,16
254.125,0
254.232,10
254.339,19
254.446,0
254.553,0
254.659,22
254.766,14
254.873,8
254.98,0
255.087,0
255.194,0
255.301,0
255.408,13
255.514,0
255.621,17
255.728,7
255.835,2
255.942,0
256.049,0
256.156,7
256.263,0
256.369,0
256.476,14
256.583,12
256.69,17
256.797,0
256.904,10
257.011,8
257.118,0
257.224,2
257.331,0
257.438,0
257.545,22
257.652,3
257.759,0
257.866,26
257.973,9
258.079,0
258.186,0
258.293,0
258.4,0
258.507,0
258.614,15
258.721,0
258.828,0
258.934,15
259.041,26
259.148,20
259.255,6
259.362,13
259.469,6
259.576,0
259.683,17
259.789,20
259.896,0
260.003,0
260.11,30
260.217,0
260.324,8
260.431,16
260.537,6
260.644,7
260.751,7
260.858,0
260.965,0
261.072,25
261.179,76
261.286,61
261.392,10
261.499,0
261.606,8
261.713,0
261.82,0
261.927,10
262.034,24
262.141,13
262.247,0
262.354,17
262.461,21
262.568,0
262.675,9
262.782,0
262.889,0
262.996,8
263.102,9
263.209,5
263.316,0
263.423,0
263.53,5
263.637,6
263.744,11
263.85,0
263.957,0
264.064,40
264.171,0
264.278,0
264.385,14
264.492,12
264.599,0
264.705,0
264.812,14
264.919,5
265.026,0
265.133,15
265.24,0
265.347,0
265.454,20
265.56,32
265.667,9
265.774,0
265.881,5
265.988,14
266.095,1
266.202,6
266.308,5
266.415,0
266.522,0
266.629,0
266.736,20
266.843,0
266.95,0
267.057,0
267.163,0
267.27,8
267.377,0
267.484,0
267.591,5
267.698,2
267.805,9
267.911,0
268.018,0
268.125,37
268.232,0
268.339,15
268.446,0
268.553,11
268.66,7
268.766,0
268.873,0
268.98,0
269.087,14
269.194,4
269.301,0
269.408,0
269.514,11
269.621,7
269.728,7
269.835,0
269.942,0
270.049,0
270.156,0
270.263,0
270.369,0
270.476,0
270.583,0
270.69,2
270.797,17
270.904,0
271.011,0
271.117,4
271.224,0
271.331,0
271.438,17
271.545,14
271.652,0
271.759,2
271.866,0
271.972,28
272.079,26
272.186,9
272.293,0
272.4,15
272.507,10
272.614,21
272.72,3
272.827,0
272.934,13
273.041,0
273.148,0
273.255,0
273.362,15
273.468,0
273.575,0
273.682,50
273.789,57
273.896,0
274.003,0
274.11,4
274.217,0
274.323,7
274.43,0
274.537,0
274.644,0
274.751,28
274.858,0
274.965,0
275.071,0
275.178,9
275.285,14
275.392,9
275.499,5
275.606,13
275.713,0
275.819,0
275.926,15
276.033,4
276.14,0
276.247,6
276.354,21
276.461,21
276.567,37
276.674,39
276.781,20
276.888,14
276.995,30
277.102,14
277.209,0
277.315,4
277.422,19
277.529,3
277.636,0
277.743,0
277.85,0
277.957,29
278.064,25
278.17,0
278.277,0
278.384,18
278.491,26
278.598,47
278.705,15
278.812,21
278.918,1
279.025,20
279.132,20
279.239,0
279.346,18
279.453,2
279.56,0
279.666,0
279.773,6
279.88,0
279.987,0
280.094,3
280.201,14
280.308,0
280.414,0
280.521,0
280.628,0
280.735,14
280.842,0
280.949,0
281.056,0
281.162,0
281.269,22
281.376,0
281.483,4
281.59,4
281.697,3
281.804,0
281.91,1
282.017,24
282.124,0
282.231,0
282.338,23
282.445,8
282.552,10
282.658,0
282.765,10
282.872,14
282.979,19
283.086,27
283.193,0
283.3,0
283.406,0
283.513,0
283.62,0
283.727,6
283.834,0
283.941,0
284.048,15
284.154,0
284.261,0
284.368,26
284.475,17
284.582,0
284.689,6
284.796,2
284.902,0
285.009,0
285.116,7
285.223,5
285.33,0
285.437,0
285.544,11
285.65,9
285.757,0
285.864,0
285.971,0
286.078,0
286.185,0
286.292,0
286.398,0
286.505,0
286.612,0
286.719,0
286.826,17
286.933,14
287.039,14
287.146,28
287.253,0
287.36,20
287.467,0
287.574,0
287.681,0
287.787,0
287.894,0
288.001,0
288.108,11
288.215,4
288.322,0
288.429,9
288.535,11
288.642,0
288.749,0
288.856,0
288.963,16
289.07,0
289.177,0
289.283,0
289.39,14
289.497,0
289.604,0
289.711,0
289.818,0
289.924,0
290.031,0
290.138,0
290.245,10
290.352,0
290.459,0
290.566,13
290.672,9
290.779,88
290.886,68
290.993,0
291.1,0
291.207,2
291.314,0
291.42,0
291.527,42
291.634,99
291.741,120
291.848,37
291.955,21
292.062,11
292.168,4
292.275,19
292.382,0
292.489,0
292.596,0
292.703,0
292.809,0
292.916,0
293.023,0
293.13,12
293.237,0
293.344,0
293.451,25
293.557,0
293.664,0
293.771,0
293.878,0
293.985,0
294.092,3
294.198,3
294.305,0
294.412,0
294.519,10
294.626,0
294.733,0
294.84,9
294.946,0
295.053,33
295.16,29
295.267,0
295.374,0
295.481,0
295.588,0
295.694,0
295.801,0
295.908,0
296.015,18
296.122,19
296.229,0
296.335,1
296.442,2
296.549,8
296.656,0
296.763,0
296.87,12
296.977,6
297.083,0
297.19,4
297.297,3
297.404,9
297.511,0
297.618,21
297.724,0
297.831,10
297.938,0
298.045,0
298.152,5
298.259,25
298.365,6
298.472,0
298.579,0
298.686,0
298.793,3
298.9,0
299.007,0
299.113,0
299.22,0
299.327,0
299.434,5
299.541,19
299.648,0
299.754,17
299.861,18
299.968,14
300.075,13
300.182,0
300.289,0
300.396,0
300.502,0
300.609,10
300.716,16
300.823,0
300.93,0
301.037,6
301.143,2
301.25,0
301.357,0
301.464,27
301.571,7
301.678,0
301.784,18
301.891,16
301.998,3
302.105,8
302.212,0
302.319,0
302.426,0
302.532,0
302.639,7
302.746,0
302.853,0
302.96,20
303.067,7
303.173,0
303.28,6
303.387,11
303.494,0
303.601,7
303.708,0
303.814,0
303.921,0
304.028,0
304.135,0
304.242,5
304.349,10
304.456,0
304.562,3
304.669,9
304.776,0
304.883,6
304.99,4
305.097,19
305.203,0
305.31,10
305.417,0
305.524,0
305.631,0
305.738,26
305.844,23
305.951,0
306.058,0
306.165,0
306.272,0
306.379,0
306.485,0
306.592,23
306.699,23
306.806,0
306.913,0
307.02,0
307.126,0
307.233,0
307.34,0
307.447,0
307.554,18
307.661,0
307.767,0
307.874,15
307.981,0
308.088,0
308.195,0
308.302,5
308.409,0
308.515,0
308.622,0
308.729,18
308.836,0
308.943,6
309.05,0
309.156,0
309.263,5
309.37,28
309.477,5
309.584,25
309.691,20
309.797,10
309.904,22
310.011,0
310.118,0
310.225,8
310.332,0
310.438,0
310.545,0
310.652,0
310.759,4
310.866,0
310.973,7
311.079,10
311.186,0
311.293,10
311.4,40
311.507,6
311.614,0
311.72,0
311.827,0
311.934,4
312.041,0
312.148,0
312.255,0
312.361,11
312.468,0
312.575,20
312.682,15
312.789,3
312.896,4
313.002,0
313.109,20
313.216,1
313.323,0
313.43,3
313.537,0
313.643,0
313.75,28
313.857,0
313.964,0
314.071,0
314.178,5
314.284,0
314.391,19
314.498,0
314.605,0
314.712,0
314.819,2
314.925,0
315.032,0
315.139,33
315.246,0
315.353,0
315.46,12
315.566,0
315.673,2
315.78,0
315.887,0
315.994,208
316.1,239
316.207,0
316.314,0
316.421,5
316.528,19
316.635,0
316.741,29
316.848,0
316.955,0
317.062,0
317.169,3
317.276,36
317.382,0
317.489,0
317.596,0
317.703,5
317.81,0
317.917,0
318.023,25
318.13,7
318.237,4
318.344,0
318.451,0
318.558,0
318.664,0
318.771,0
318.878,0
318.985,7
319.092,33
319.199,2
319.305,0
319.412,14
319.519,38
319.626,0
319.733,12
319.839,0
319.946,10
320.053,18
320.16,0
320.267,2
320.374,0
320.48,0
320.587,0
320.694,25
320.801,15
320.908,0
321.015,0
321.121,20
321.228,21
321.335,11
321.442,0
321.549,25
321.655,24
321.762,2
321.869,0
321.976,0
322.083,21
322.19,16
322.296,17
322.403,24
322.51,9
322.617,21
322.724,3
322.831,0
322.937,0
323.044,21
323.151,0
323.258,0
323.365,2
323.472,0
323.578,4
323.685,24
323.792,0
323.899,0
324.006,11
324.112,17
324.219,16
324.326,10
324.433,0
324.54,2
324.647,2
324.753,8
324.86,0
324.967,5
325.074,12
325.181,19
325.287,0
325.394,0
325.501,17
325.608,7
325.715,0
325.822,0
325.928,3
326.035,11
326.142,0
326.249,6
326.356,0
326.463,0
326.569,0
326.676,2
326.783,0
326.89,13
326.997,0
327.103,46
327.21,41
327.317,30
327.424,13
327.531,0
327.638,18
327.744,5
327.851,12
327.958,0
328.065,0
328.172,26
328.278,10
328.385,3
328.492,0
328.599,5
328.706,39
328.813,1
328.919,0
329.026,7
329.133,7
329.24,6
329.347,7
329.453,0
329.56,42
329.667,0
329.774,0
329.881,0
329.988,0
330.094,0
330.201,0
330.308,0
330.415,10
330.522,10
330.628,0
330.735,13
330.842,24
330.949,13
331.056,0
331.162,17
331.269,0
331.376,9
331.483,2
331.59,0
331.697,11
331.803,2
331.91,0
332.017,0
332.124,0
332.231,2
332.337,12
332.444,0
332.551,0
332.658,9
332.765,19
332.872,0
332.978,0
333.085,5
333.192,0
333.299,0
333.406,46
333.512,39
333.619,5
333.726,6
333.833,11
333.94,10
334.046,10
334.153,18
334.26,0
334.367,30
334.474,31
334.581,11
334.687,0
334.794,0
334.901,21
335.008,4
335.115,0
335.221,23
335.328,0
335.435,5
335.542,9
335.649,2
335.755,0
335.862,8
335.969,0
336.076,0
336.183,0
336.29,0
336.396,10
336.503,0
336.61,0
336.717,6
336.824,0
336.93,0
337.037,0
337.144,8
337.251,0
337.358,21
337.464,17
337.571,0
337.678,0
337.785,0
337.892,30
337.998,0
338.105,0
338.212,0
338.319,0
338.426,24
338.533,7
338.639,12
338.746,2
338.853,19
338.96,0
339.067,0
339.173,1
339.28,0
339.387,0
339.494,14
339.601,0
339.707,14
339.814,0
339.921,0
340.028,0
340.135,4
340.241,18
340.348,11
340.455,4
340.562,0
340.669,12
340.775,10
340.882,0
340.989,15
341.096,7
341.203,0
341.309,3
341.416,3
341.523,11
341.63,0
341.737,7
341.844,26
341.95,14
342.057,45
342.164,11
342.271,4
342.378,0
342.484,8
342.591,174
342.698,119
342.805,36
342.912,38
343.018,38
343.125,38
343.232,27
343.339,11
343.446,0
343.552,0
343.659,0
343.766,0
343.873,12
343.98,2
344.086,4
344.193,0
344.3,0
344.407,19
344.514,0
344.62,8
344.727,4
344.834,25
344.941,8
345.048,0
345.154,24
345.261,204
345.368,149
345.475,59
345.582,0
345.688,2
345.795,0
345.902,0
346.009,0
346.116,22
346.222,4
346.329,0
346.436,0
346.543,0
346.65,2
346.756,0
346.863,0
346.97,13
347.077,0
347.184,10
347.29,13
347.397,0
347.504,6
347.611,26
347.718,0
347.824,4
347.931,17
348.038,0
348.145,1
348.252,2
348.358,0
348.465,2
348.572,47
348.679,0
348.786,0
348.892,6
348.999,0
349.106,0
349.213,0
349.32,30
349.426,4
349.533,0
349.64,0
349.747,0
349.854,0
349.96,25
350.067,1
350.174,13
350.281,16
350.388,18
350.494,20
350.601,0
350.708,2
350.815,21
350.922,0
351.028,0
351.135,0
351.242,4
351.349,0
351.456,0
351.562,5
351.669,13
351.776,0
351.883,0
351.989,18
352.096,19
352.203,15
352.31,0
352.417,0
352.523,11
352.63,13
352.737,7
352.844,15
352.951,9
353.057,0
353.164,0
353.271,24
353.378,0
353.485,17
353.591,34
353.698,0
353.805,0
353.912,20
354.019,21
354.125,0
354.232,8
354.339,0
354.446,0
354.553,0
354.659,1
354.766,0
354.873,15
354.98,0
355.086,0
355.193,0
355.3,15
355.407,21
355.514,0
355.62,4
355.727,0
355.834,39
355.941,0
356.048,0
356.154,0
356.261,6
356.368,12
356.475,0
356.582,0
356.688,0
356.795,0
356.902,7
357.009,6
357.115,0
357.222,21
357.329,16
357.436,0
357.543,27
357.649,0
357.756,4
357.863,6
357.97,10
358.077,35
358.183,7
358.29,14
358.397,0
358.504,3
358.61,0
358.717,4
358.824,15
358.931,0
359.038,0
359.144,40
359.251,20
359.358,0
359.465,0
359.572,0
359.678,0
359.785,6
359.892,7
359.999,0
360.105,0
360.212,3
360.319,8
360.426,2
360.533,0
360.639,3
360.746,5
360.853,0
360.96,0
361.067,0
361.173,35
361.28,11
361.387,6
361.494,4
361.6,9
361.707,25
361.814,0
361.921,2
362.028,6
362.134,38
362.241,11
362.348,0
362.455,0
362.562,0
362.668,0
362.775,6
362.882,0
362.989,0
363.095,26
363.202,0
363.309,0
363.416,21
363.523,18
363.629,0
363.736,8
363.843,0
363.95,0
364.056,1
364.163,0
364.27,0
364.377,0
364.484,6
364.59,22
364.697,0
364.804,0
364.911,2
365.017,16
365.124,42
365.231,0
365.338,0
365.445,11
365.551,2
365.658,0
365.765,3
365.872,5
365.979,5
366.085,0
366.192,18
366.299,1
366.406,0
366.512,2
366.619,2
366.726,0
366.833,0
366.94,0
367.046,0
367.153,0
367.26,0
367.367,18
367.473,1
367.58,2
367.687,4
367.794,0
367.9,8
368.007,0
368.114,0
368.221,18
368.328,11
368.434,0
368.541,0
368.648,0
368.755,29
368.861,0
368.968,28
369.075,2
369.182,18
369.289,18
369.395,0
369.502,27
369.609,0
369.716,0
369.822,52
369.929,28
370.036,0
370.143,1
370.25,2
370.356,0
370.463,0
370.57,0
370.677,0
370.783,0
370.89,0
370.997,10
371.104,0
371.211,0
371.317,6
371.424,0
371.531,0
371.638,20
371.744,0
371.851,3
371.958,16
372.065,11
372.171,15
372.278,0
372.385,0
372.492,2
372.599,0
372.705,0
372.812,0
372.919,0
373.026,0
373.132,14
373.239,0
373.346,12
373.453,8
373.559,22
373.666,0
373.773,0
373.88,9
373.987,0
374.093,0
374.2,0
374.307,0
374.414,5
374.52,8
374.627,5
374.734,6
374.841,0
374.947,21
375.054,5
375.161,2
375.268,20
375.375,0
375.481,0
375.588,3
375.695,13
375.802,0
375.908,8
376.015,23
376.122,21
376.229,18
376.335,22
376.442,1
376.549,5
376.656,0
376.763,0
376.869,0
376.976,14
377.083,4
377.19,0
377.296,0
377.403,26
377.51,3
377.617,0
377.723,16
377.83,24
377.937,2
378.044,0
378.15,19
378.257,12
378.364,0
378.471,24
378.578,0
378.684,7
378.791,4
378.898,0
379.005,28
379.111,10
379.218,0
379.325,0
379.432,0
379.538,0
379.645,0
379.752,1
379.859,0
379.965,7
380.072,0
380.179,0
380.286,0
380.392,0
380.499,24
380.606,22
380.713,17
380.82,0
380.926,0
381.033,0
381.14,10
381.247,25
381.353,7
381.46,34
381.567,9
381.674,18
381.78,0
381.887,18
381.994,0
382.101,0
382.207,7
382.314,4
382.421,3
382.528,32
382.634,0
382.741,9
382.848,14
382.955,8
383.061,0
383.168,17
383.275,28
383.382,0
383.488,6
383.595,14
383.702,0
383.809,15
383.916,0
384.022,2
384.129,0
384.236,6
384.343,14
384.449,1
384.556,1
384.663,4
384.77,0
384.876,0
384.983,0
385.09,0
385.197,0
385.303,18
385.41,0
385.517,0
385.624,4
385.73,6
385.837,0
385.944,21
386.051,1
386.157,3
386.264,1
386.371,0
386.478,0
386.584,3
386.691,17
386.798,0
386.905,9
387.011,7
387.118,4
387.225,6
387.332,50
387.438,15
387.545,0
387.652,21
387.759,6
387.865,0
387.972,7
388.079,26
388.186,4
388.292,32
388.399,17
388.506,0
388.613,0
388.719,0
388.826,3
388.933,0
389.04,0
389.146,2
389.253,2
389.36,16
389.467,14
389.573,3
389.68,0
389.787,0
389.894,0
390,0
390.107,18
390.214,0
390.321,0
390.427,5
390.534,0
390.641,0
390.748,4
390.854,0
390.961,0
391.068,4
391.175,47
391.281,35
391.388,0
391.495,0
391.602,0
391.708,0
391.815,4
391.922,0
392.029,0
392.135,19
392.242,13
392.349,2
392.456,0
392.562,0
392.669,31
392.776,0
392.883,0
392.989,7
393.096,0
393.203,0
393.31,29
393.416,14
393.523,4
393.63,0
393.737,20
393.843,2
393.95,4
394.057,17
394.164,0
394.27,25
394.377,6
394.484,0
394.591,9
394.697,17
394.804,0
394.911,2
395.018,0
395.124,23
395.231,8
395.338,7
395.445,6
395.551,27
395.658,15
395.765,0
395.871,0
395.978,18
396.085,2
396.192,15
396.298,1
396.405,0
396.512,0
396.619,10
396.725,13
396.832,0
396.939,0
397.046,31
397.152,9
397.259,0
397.366,22
397.473,32
397.579,8
397.686,25
397.793,0
397.9,0
398.006,8
398.113,4
398.22,0
398.327,0
398.433,7
398.54,0
398.647,0
398.753,24
398.86,20
398.967,12
399.074,8
399.18,28
399.287,0
399.394,0
399.501,0
399.607,0
399.714,31
399.821,0
399.928,0
400.034,6
400.141,5
400.248,11
400.355,6
400.461,0
400.568,7
400.675,11
400.781,4
400.888,0
400.995,0
401.102,1
401.208,28
401.315,0
401.422,19
401.529,0
401.635,0
401.742,0
401.849,26
401.956,50
402.062,0
402.169,0
402.276,8
402.382,5
402.489,6
402.596,0
402.703,0
402.809,0
402.916,2
403.023,0
403.13,0
403.236,20
403.343,0
403.45,15
403.557,26
403.663,2
403.77,0
403.877,2
403.983,7
404.09,48
404.197,19
404.304,152
404.41,102
404.517,48
404.624,9
404.731,0
404.837,0
404.944,2
405.051,3
405.158,0
405.264,12
405.371,19
405.478,2
405.584,12
405.691,0
405.798,3
405.905,25
406.011,5
406.118,0
406.225,16
406.332,0
406.438,0
406.545,6
406.652,16
406.758,41
406.865,24
406.972,7
407.079,3
407.185,0
407.292,14
407.399,8
407.506,19
407.612,6
407.719,40
407.826,0
407.932,0
408.039,1
408.146,13
408.253,0
408.359,16
408.466,29
408.573,3
408.68,13
408.786,16
408.893,4
409,0
409.106,0
409.213,29
409.32,0
409.427,0
409.533,10
409.64,17
409.747,0
409.853,0
409.96,8
410.067,19
410.174,0
410.28,0
410.387,23
410.494,29
410.601,19
410.707,13
410.814,25
410.921,15
411.027,0
411.134,14
411.241,5
411.348,13
411.454,0
411.561,0
411.668,0
411.774,10
411.881,0
411.988,0
412.095,16
412.201,28
412.308,0
412.415,0
412.522,33
412.628,9
412.735,7
412.842,0
412.948,0
413.055,1
413.162,0
413.269,2
413.375,6
413.482,0
413.589,5
413.695,35
413.802,28
413.909,34
414.016,8
414.122,13
414.229,0
414.336,0
414.442,1
414.549,0
414.656,1
414.763,0
414.869,15
414.976,26
415.083,0
415.189,0
415.296,0
415.403,1
415.51,9
415.616,17
415.723,0
415.83,6
415.936,0
416.043,14
416.15,0
416.257,15
416.363,0
416.47,0
416.577,19
416.683,16
416.79,3
416.897,15
417.004,0
417.11,25
417.217,48
417.324,33
417.43,99
417.537,63
417.644,64
417.751,0
417.857,2
417.964,25
418.071,0
418.177,0
418.284,20
418.391,14
418.498,0
418.604,28
418.711,13
418.818,0
418.924,3
419.031,0
419.138,0
419.245,6
419.351,26
419.458,11
419.565,39
419.671,0
419.778,2
419.885,70
419.992,58
420.098,32
420.205,8
420.312,0
420.418,0
420.525,16
420.632,5
420.738,0
420.845,0
420.952,29
421.059,0
421.165,0
421.272,0
421.379,0
421.485,14
421.592,10
421.699,0
421.806,0
421.912,59
422.019,0
422.126,0
422.232,7
422.339,16
422.446,17
422.552,3
422.659,4
422.766,2
422.873,88
422.979,74
423.086,20
423.193,20
423.299,0
423.406,30
423.513,4
423.62,0
423.726,11
423.833,4
423.94,4
424.046,2
424.153,6
424.26,1
424.366,3
424.473,0
424.58,5
424.687,45
424.793,11
424.9,16
425.007,15
425.113,0
425.22,10
425.327,24
425.433,0
425.54,14
425.647,0
425.754,23
425.86,22
425.967,0
426.074,0
426.18,0
426.287,32
426.394,40
426.5,117
426.607,32
426.714,6
426.821,14
426.927,0
427.034,17
427.141,0
427.247,0
427.354,3
427.461,0
427.567,0
427.674,0
427.781,31
427.888,6
427.994,0
428.101,9
428.208,14
428.314,19
428.421,6
428.528,0
428.634,0
428.741,80
428.848,92
428.955,68
429.061,0
429.168,0
429.275,4
429.381,0
429.488,0
429.595,2
429.701,0
429.808,18
429.915,8
430.021,14
430.128,18
430.235,18
430.342,0
430.448,21
430.555,0
430.662,0
430.768,0
430.875,5
430.982,9
431.088,17
431.195,7
431.302,0
431.409,18
431.515,29
431.622,0
431.729,0
431.835,42
431.942,19
432.049,0
432.155,25
432.262,4
432.369,0
432.475,0
432.582,0
432.689,6
432.796,37
432.902,9
433.009,47
433.116,1
433.222,0
433.329,11
433.436,0
433.542,9
433.649,0
433.756,0
433.862,20
433.969,13
434.076,0
434.182,0
434.289,0
434.396,21
434.503,26
434.609,0
434.716,1
434.823,22
434.929,0
435.036,21
435.143,0
435.249,0
435.356,28
435.463,0
435.569,17
435.676,1
435.783,0
435.889,2
435.996,32
436.103,194
436.21,173
436.316,88
436.423,0
436.53,0
436.636,29
436.743,8
436.85,0
436.956,0
437.063,9
437.17,5
437.276,0
437.383,35
437.49,0
437.596,37
437.703,19
437.81,18
437.916,45
438.023,17
438.13,11
438.237,10
438.343,3
438.45,43
438.557,58
438.663,32
438.77,22
438.877,94
438.983,132
439.09,64
439.197,30
439.303,6
439.41,0
439.517,18
439.623,45
439.73,0
439.837,0
439.943,21
440.05,15
440.157,17
440.263,24
440.37,158
440.477,135
440.583,48
440.69,0
440.797,0
440.904,0
441.01,11
441.117,0
441.224,0
441.33,16
441.437,15
441.544,32
441.65,0
441.757,0
441.864,0
441.97,0
442.077,2
442.184,0
442.29,3
442.397,0
442.504,1
442.61,2
442.717,0
442.824,22
442.93,0
443.037,0
443.144,25
443.25,23
443.357,12
443.464,0
443.57,0
443.677,6
443.784,10
443.89,2
443.997,10
444.104,0
444.21,0
444.317,2
444.424,19
444.53,41
444.637,40
444.744,16
444.851,13
444.957,0
445.064,0
445.171,0
445.277,28
445.384,0
445.491,0
445.597,36
445.704,0
445.811,13
445.917,0
446.024,1
446.131,8
446.237,0
446.344,3
446.451,0
446.557,5
446.664,6
446.771,2
446.877,8
446.984,0
447.091,2
447.197,0
447.304,0
447.411,8
447.517,17
447.624,7
447.731,0
447.837,0
447.944,20
448.051,7
448.157,0
448.264,0
448.371,7
448.477,11
448.584,0
448.691,0
448.797,0
448.904,15
449.011,8
449.117,0
449.224,0
449.331,16
449.437,9
449.544,0
449.651,6
449.757,0
449.864,13
449.971,0
450.077,26
450.184,19
450.291,3
450.397,16
450.504,0
450.611,1
450.717,2
450.824,0
450.931,28
451.037,6
451.144,16
451.251,12
451.357,35
451.464,0
451.571,21
451.677,0
451.784,0
451.891,13
451.997,8
452.104,6
452.21,15
452.317,4
452.424,0
452.53,6
452.637,9
452.744,0
452.85,13
452.957,0
453.064,19
453.17,33
453.277,14
453.384,0
453.49,0
453.597,36
453.704,24
453.81,12
453.917,39
454.024,25
454.13,15
454.237,0
454.344,0
454.45,0
454.557,7
454.664,2
454.77,7
454.877,0
454.984,0
455.09,0
455.197,13
455.304,27
455.41,5
455.517,0
455.624,0
455.73,13
455.837,0
455.944,13
456.05,0
456.157,0
456.263,2
456.37,8
456.477,0
456.583,0
456.69,0
456.797,2
456.903,3
457.01,0
457.117,0
457.223,0
457.33,0
457.437,7
457.543,4
457.65,19
457.757,44
457.863,19
457.97,0
458.077,0
458.183,0
458.29,26
458.397,8
458.503,2
458.61,0
458.716,1
458.823,0
458.93,16
459.036,10
459.143,0
459.25,1
459.356,26
459.463,11
459.57,0
459.676,0
459.783,7
459.89,10
459.996,36
460.103,15
460.21,18
460.316,0
460.423,1
460.53,2
460.636,0
460.743,18
460.849,24
460.956,23
461.063,50
461.169,10
461.276,38
461.383,0
461.489,17
461.596,82
461.703,73
461.809,20
461.916,0
462.023,0
462.129,17
462.236,6
462.342,14
462.449,7
462.556,1
462.662,34
462.769,20
462.876,0
462.982,0
463.089,14
463.196,14
463.302,0
463.409,0
463.516,0
463.622,21
463.729,8
463.835,25
463.942,0
464.049,0
464.155,2
464.262,0
464.369,7
464.475,0
464.582,3
464.689,6
464.795,0
464.902,0
465.009,2
465.115,0
465.222,5
465.328,6
465.435,8
465.542,16
465.648,0
465.755,0
465.862,10
465.968,24
466.075,8
466.182,0
466.288,0
466.395,0
466.501,2
466.608,0
466.715,0
466.821,20
466.928,7
467.035,32
467.141,11
467.248,0
467.355,0
467.461,0
467.568,10
467.674,19
467.781,0
467.888,0
467.994,0
468.101,22
468.208,7
468.314,3
468.421,33
468.528,2
468.634,46
468.741,0
468.847,0
468.954,0
469.061,6
469.167,96
469.274,44
469.381,42
469.487,0
469.594,0
469.701,0
469.807,10
469.914,0
470.02,0
470.127,24
470.234,0
470.34,0
470.447,7
470.554,1
470.66,0
470.767,0
470.873,24
470.98,15
471.087,0
471.193,0
471.3,9
471.407,9
471.513,0
471.62,7
471.727,23
471.833,0
471.94,12
472.046,1
472.153,0
472.26,16
472.366,9
472.473,12
472.58,0
472.686,6
472.793,0
472.899,16
473.006,0
473.113,0
473.219,5
473.326,40
473.433,18
473.539,24
473.646,0
473.752,0
473.859,22
473.966,7
474.072,5
474.179,0
474.286,17
474.392,39
474.499,87
474.605,27
474.712,25
474.819,1
474.925,1
475.032,0
475.139,16
475.245,24
475.352,112
475.458,150
475.565,80
475.672,17
475.778,116
475.885,148
475.992,95
476.098,37
476.205,0
476.311,2
476.418,8
476.525,19
476.631,36
476.738,3
476.844,0
476.951,0
477.058,63
477.164,40
477.271,0
477.378,10
477.484,14
477.591,0
477.697,16
477.804,16
477.911,23
478.017,11
478.124,0
478.231,20
478.337,1
478.444,9
478.55,0
478.657,5
478.764,5
478.87,2
478.977,0
479.083,4
479.19,12
479.297,15
479.403,15
479.51,0
479.617,4
479.723,34
479.83,22
479.936,16
480.043,0
480.15,6
480.256,12
480.363,0
480.469,24
480.576,18
480.683,7
480.789,12
480.896,8
481.003,20
481.109,0
481.216,0
481.322,0
481.429,0
481.536,0
481.642,0
481.749,31
481.855,26
481.962,0
482.069,6
482.175,30
482.282,3
482.388,7
482.495,7
482.602,0
482.708,7
482.815,7
482.922,19
483.028,0
483.135,5
483.241,13
483.348,12
483.455,0
483.561,17
483.668,0
483.774,0
483.881,0
483.988,11
484.094,0
484.201,0
484.307,0
484.414,18
484.521,28
484.627,0
484.734,0
484.84,13
484.947,0
485.054,8
485.16,0
485.267,13
485.373,18
485.48,0
485.587,0
485.693,28
485.8,0
485.907,0
486.013,0
486.12,6
486.226,0
486.333,0
486.44,21
486.546,28
486.653,9
486.759,0
486.866,14
486.973,0
487.079,0
487.186,24
487.292,23
487.399,13
487.506,0
487.612,0
487.719,2
487.825,6
487.932,0
488.039,0
488.145,0
488.252,0
488.358,0
488.465,37
488.572,4
488.678,11
488.785,0
488.891,7
488.998,0
489.105,3
489.211,25
489.318,1
489.424,4
489.531,1
489.638,2
489.744,0
489.851,4
489.957,0
490.064,0
490.171,32
490.277,0
490.384,0
490.49,13
490.597,0
490.704,0
490.81,9
490.917,0
491.023,0
491.13,2
491.237,0
491.343,12
491.45,4
491.556,19
491.663,9
491.769,0
491.876,29
491.983,0
492.089,0
492.196,18
492.302,1
492.409,2
492.516,22
492.622,0
492.729,0
492.835,13
492.942,0
493.049,4
493.155,0
493.262,12
493.368,9
493.475,7
493.582,0
493.688,0
493.795,21
493.901,0
494.008,0
494.114,0
494.221,6
494.328,0
494.434,0
494.541,8
494.647,16
494.754,8
494.861,0
494.967,0
495.074,32
495.18,11
495.287,0
495.394,1
495.5,7
495.607,0
495.713,0
495.82,6
495.926,0
496.033,0
496.14,2
496.246,25
496.353,5
496.459,0
496.566,18
496.673,25
496.779,0
496.886,8
496.992,0
497.099,5
497.206,8
497.312,0
497.419,11
497.525,0
497.632,1
497.738,0
497.845,36
497.952,0
498.058,10
498.165,0
498.271,0
498.378,25
498.485,13
498.591,10
498.698,0
498.804,4
498.911,4
499.017,0
499.124,0
499.231,0
499.337,0
499.444,0
499.55,29
499.657,16
499.763,0
499.87,62
499.977,149
500.083,101
500.19,25
500.296,0
500.403,0
500.51,9
500.616,0
500.723,17
500.829,0
500.936,14
501.042,30
501.149,9
501.256,0
501.362,0
501.469,0
501.575,12
501.682,4
501.788,4
501.895,0
502.002,0
502.108,13
502.215,6
502.321,0
502.428,14
502.534,8
502.641,7
502.748,23
502.854,12
502.961,0
503.067,6
503.174,5
503.281,10
503.387,7
503.494,11
503.6,7
503.707,0
503.813,23
503.92,0
504.027,0
504.133,0
504.24,0
504.346,0
504.453,0
504.559,11
504.666,0
504.773,19
504.879,0
504.986,0
505.092,0
505.199,0
505.305,0
505.412,0
505.518,0
505.625,8
505.732,0
505.838,7
505.945,0
506.051,22
506.158,78
506.264,94
506.371,18
506.478,0
506.584,0
506.691,0
506.797,0
506.904,0
507.01,65
507.117,54
507.224,36
507.33,9
507.437,18
507.543,11
507.65,28
507.756,0
507.863,4
507.97,0
508.076,0
508.183,0
508.289,0
508.396,0
508.502,21
508.609,36
508.715,0
508.822,0
508.929,125
509.035,163
509.142,72
509.248,0
509.355,0
509.461,16
509.568,0
509.675,0
509.781,13
509.888,18
509.994,17
510.101,6
510.207,0
510.314,0
510.42,5
510.527,0
510.634,15
510.74,23
510.847,0
510.953,7
511.06,18
511.166,13
511.273,8
511.379,101
511.486,88
511.593,48
511.699,0
511.806,0
511.912,0
512.019,0
512.125,0
512.232,11
512.339,7
512.445,0
512.552,0
512.658,0
512.765,24
512.871,0
512.978,0
513.084,0
513.191,8
513.298,4
513.404,12
513.511,0
513.617,0
513.724,0
513.83,11
513.937,1
514.043,0
514.15,0
514.256,2
514.363,14
514.47,0
514.576,0
514.683,12
514.789,0
514.896,0
515.002,0
515.109,9
515.215,2
515.322,0
515.429,0
515.535,0
515.642,0
515.748,0
515.855,23
515.961,2
516.068,0
516.174,26
516.281,19
516.388,0
516.494,26
516.601,18
516.707,0
516.814,0
516.92,0
517.027,22
517.133,1
517.24,10
517.346,81
517.453,81
517.56,65
517.666,6
517.773,24
517.879,34
517.986,23
518.092,17
518.199,0
518.305,0
518.412,10
518.518,10
518.625,0
518.732,0
518.838,0
518.945,0
519.051,0
519.158,40
519.264,46
519.371,0
519.477,0
519.584,0
519.69,1
519.797,0
519.903,0
520.01,0
520.117,7
520.223,7
520.33,0
520.436,0
520.543,12
520.649,0
520.756,0
520.862,3
520.969,0
521.075,0
521.182,0
521.289,0
521.395,2
521.502,16
521.608,0
521.715,0
521.821,0
521.928,0
522.034,14
522.141,0
522.247,0
522.354,24
522.46,31
522.567,0
522.674,27
522.78,0
522.887,12
522.993,10
523.1,0
523.206,0
523.313,13
523.419,0
523.526,0
523.632,15
523.739,8
523.845,0
523.952,0
524.058,18
524.165,0
524.272,0
524.378,10
524.485,25
524.591,12
524.698,17
524.804,0
524.911,0
525.017,12
525.124,25
525.23,0
525.337,0
525.443,32
525.55,35
525.656,9
525.763,7
525.87,14
525.976,4
526.083,9
526.189,17
526.296,0
526.402,0
526.509,0
526.615,0
526.722,0
526.828,4
526.935,3
527.041,0
527.148,0
527.254,10
527.361,17
527.467,15
527.574,8
527.68,4
527.787,21
527.894,7
528,10
528.107,19
528.213,82
528.32,69
528.426,33
528.533,22
528.639,12
528.746,10
528.852,6
528.959,0
529.065,12
529.172,0
529.278,39
529.385,35
529.491,0
529.598,0
529.704,0
529.811,0
529.918,23
530.024,2
530.131,0
530.237,0
530.344,10
530.45,15
530.557,8
530.663,20
530.77,16
530.876,26
530.983,10
531.089,0
531.196,0
531.302,41
531.409,0
531.515,0
531.622,16
531.728,0
531.835,16
531.941,2
532.048,0
532.154,2
532.261,16
532.367,6
532.474,0
532.581,0
532.687,0
532.794,16
532.9,10
533.007,1
533.113,0
533.22,3
533.326,7
533.433,0
533.539,2
533.646,6
533.752,0
533.859,22
533.965,13
534.072,6
534.178,1
534.285,0
534.391,0
534.498,15
534.604,0
534.711,1
534.817,1
534.924,23
535.03,0
535.137,0
535.243,19
535.35,3
535.456,0
535.563,0
535.669,0
535.776,25
535.882,0
535.989,15
536.095,6
536.202,0
536.308,21
536.415,27
536.521,15
536.628,0
536.735,8
536.841,34
536.948,15
537.054,17
537.161,0
537.267,22
537.374,26
537.48,4
537.587,14
537.693,0
537.8,5
537.906,0
538.013,0
538.119,0
538.226,9
538.332,24
538.439,7
538.545,2
538.652,4
538.758,16
538.865,0
538.971,6
539.078,4
539.184,26
539.291,0
539.397,0
539.504,15
539.61,11
539.717,0
539.823,0
539.93,11
540.036,0
540.143,0
540.249,0
540.356,0
540.462,33
540.569,48
540.675,0
540.782,0
540.888,0
540.995,2
541.101,0
541.208,0
541.314,4
541.421,0
541.527,0
541.634,30
541.74,25
541.847,22
541.953,0
542.06,11
542.166,1
542.273,0
542.379,5
542.486,2
542.592,0
542.699,0
542.805,8
542.912,0
543.018,0
543.125,34
543.231,0
543.338,0
543.444,0
543.551,4
543.657,7
543.764,2
543.87,0
543.977,0
544.083,50
544.19,13
544.296,0
544.403,0
544.509,0
544.616,6
544.722,10
544.829,0
544.935,16
545.042,14
545.148,10
545.255,0
545.361,0
545.467,11
545.574,4
545.68,0
545.787,0
545.893,8
546,13
546.106,2
546.213,15
546.319,0
546.426,0
546.532,19
546.639,2
546.745,0
546.852,0
546.958,20
547.065,0
547.171,4
547.278,0
547.384,0
547.491,0
547.597,0
547.704,14
547.81,0
547.917,0
548.023,0
548.13,28
548.236,0
548.343,3
548.449,0
548.556,0
548.662,0
548.769,18
548.875,3
548.982,0
549.088,0
549.195,0
549.301,0
549.408,0
549.514,0
549.62,0
549.727,9
549.833,18
549.94,0
550.046,0
550.153,0
550.259,0
550.366,6
550.472,0
550.579,0
550.685,14
550.792,12
550.898,2
551.005,0
551.111,34
551.218,25
551.324,0
551.431,0
551.537,3
551.644,19
551.75,35
551.857,0
551.963,7
552.07,0
552.176,11
552.282,0
552.389,0
552.495,11
552.602,5
552.708,0
552.815,6
552.921,13
553.028,0
553.134,0
553.241,19
553.347,5
553.454,0
553.56,2
553.667,14
553.773,2
553.88,6
553.986,0
554.093,4
554.199,4
554.305,8
554.412,30
554.518,0
554.625,10
554.731,21
554.838,0
554.944,0
555.051,0
555.157,6
555.264,19
555.37,13
555.477,0
555.583,0
555.69,0
555.796,2
555.903,24
556.009,0
556.115,3
556.222,0
556.328,0
556.435,4
556.541,4
556.648,27
556.754,0
556.861,0
556.967,21
557.074,0
557.18,0
557.287,11
557.393,0
557.5,0
557.606,7
557.713,10
557.819,8
557.925,25
558.032,20
558.138,16
558.245,29
558.351,0
558.458,0
558.564,12
558.671,6
558.777,0
558.884,0
558.99,0
559.097,0
559.203,0
559.309,16
559.416,0
559.522,8
559.629,7
559.735,15
559.842,18
559.948,6
560.055,20
560.161,15
560.268,0
560.374,0
560.481,0
560.587,4
560.693,0
560.8,0
560.906,0
561.013,14
561.119,0
561.226,0
561.332,0
561.439,13
561.545,0
561.652,0
561.758,45
561.864,26
561.971,0
562.077,0
562.184,2
562.29,0
562.397,0
562.503,6
562.61,0
562.716,25
562.823,0
562.929,7
563.035,28
563.142,0
563.248,0
563.355,0
563.461,0
563.568,1
563.674,13
563.781,9
563.887,0
563.994,6
564.1,0
564.206,0
564.313,0
564.419,18
564.526,0
564.632,0
564.739,4
564.845,0
564.952,0
565.058,11
565.165,0
565.271,0
565.377,0
565.484,0
565.59,0
565.697,0
565.803,22
565.91,4
566.016,2
566.123,1
566.229,2
566.335,0
566.442,0
566.548,12
566.655,0
566.761,8
566.868,0
566.974,1
567.081,0
567.187,0
567.293,0
567.4,11
567.506,19
567.613,8
567.719,0
567.826,16
567.932,17
568.039,9
568.145,63
568.251,118
568.358,61
568.464,19
568.571,14
568.677,0
568.784,0
568.89,9
568.997,17
569.103,4
569.209,16
569.316,15
569.422,0
569.529,29
569.635,10
569.742,21
569.848,3
569.955,7
570.061,4
570.167,0
570.274,8
570.38,1
570.487,17
570.593,0
570.7,42
570.806,55
570.912,46
571.019,11
571.125,25
571.232,17
571.338,10
571.445,0
571.551,2
571.658,0
571.764,0
571.87,51
571.977,0
572.083,1
572.19,12
572.296,0
572.403,3
572.509,44
572.615,5
572.722,0
572.828,0
572.935,0
573.041,0
573.148,0
573.254,0
573.36,0
573.467,13
573.573,7
573.68,8
573.786,13
573.893,0
573.999,0
574.105,12
574.212,0
574.318,0
574.425,0
574.531,0
574.638,30
574.744,0
574.85,0
574.957,19
575.063,0
575.17,0
575.276,21
575.383,0
575.489,0
575.595,11
575.702,8
575.808,16
575.915,0
576.021,0
576.128,8
576.234,17
576.34,7
576.447,11
576.553,0
576.66,0
576.766,0
576.873,0
576.979,4
577.085,18
577.192,0
577.298,0
577.405,0
577.511,0
577.618,0
577.724,15
577.83,0
577.937,0
578.043,0
578.15,0
578.256,0
578.363,25
578.469,0
578.575,4
578.682,0
578.788,0
578.895,3
579.001,43
579.107,0
579.214,0
579.32,0
579.427,12
579.533,19
579.64,4
579.746,0
579.852,0
579.959,5
580.065,13
580.172,0
580.278,0
580.384,8
580.491,14
580.597,5
580.704,13
580.81,2
580.917,16
581.023,32
581.129,0
581.236,1
581.342,0
581.449,1
581.555,10
581.661,7
581.768,0
581.874,0
581.981,10
582.087,26
582.193,1
582.3,16
582.406,0
582.513,0
582.619,7
582.726,0
582.832,0
582.938,0
583.045,29
583.151,23
583.258,0
583.364,0
583.47,13
583.577,0
583.683,0
583.79,0
583.896,21
584.002,12
584.109,0
584.215,22
584.322,0
584.428,0
584.535,0
584.641,0
584.747,0
584.854,0
584.96,0
585.067,0
585.173,0
585.279,0
585.386,26
585.492,31
585.599,0
585.705,1
585.811,0
585.918,22
586.024,30
586.131,1
586.237,0
586.343,2
586.45,0
586.556,0
586.663,5
586.769,0
586.875,0
586.982,0
587.088,21
587.195,0
587.301,0
587.407,13
587.514,1
587.62,25
587.727,7
587.833,15
587.939,12
588.046,0
588.152,0
588.259,0
588.365,3
588.471,0
588.578,7
588.684,0
588.791,0
588.897,11
589.003,0
589.11,0
589.216,0
589.323,14
589.429,6
589.535,15
589.642,26
589.748,0
589.855,45
589.961,0
590.067,6
590.174,16
590.28,0
590.387,9
590.493,0
590.599,23
590.706,0
590.812,0
590.918,0
591.025,0
591.131,11
591.238,0
591.344,0
591.45,0
591.557,4
591.663,0
591.77,0
591.876,1
591.982,7
592.089,0
592.195,3
592.302,26
592.408,7
592.514,7
592.621,21
592.727,2
592.834,14
592.94,17
593.046,0
593.153,0
593.259,3
593.365,0
593.472,4
593.578,5
593.685,19
593.791,19
593.897,0
594.004,1
594.11,0
594.217,5
594.323,9
594.429,12
594.536,16
594.642,15
594.748,9
594.855,0
594.961,14
595.068,17
595.174,0
595.28,1
595.387,0
595.493,0
595.6,25
595.706,13
595.812,0
595.919,15
596.025,4
596.131,0
596.238,0
596.344,15
596.451,0
596.557,0
596.663,11
596.77,0
596.876,6
596.982,29
597.089,0
597.195,0
597.302,44
597.408,23
597.514,0
597.621,0
597.727,17
597.833,9
597.94,0
598.046,0
598.153,10
598.259,2
598.365,0
598.472,12
598.578,0
598.685,0
598.791,0
598.897,0
599.004,0
599.11,0
599.216,0
599.323,17
599.429,0
599.535,7
599.642,0
599.748,2
599.855,9
599.961,3
600.067,0
600.174,0
600.28,23
600.386,0
600.493,13
600.599,8
600.706,7
600.812,11
600.918,0
601.025,12
601.131,0
601.237,0
601.344,20
601.45,10
601.557,0
601.663,19
601.769,26
601.876,23
601.982,0
602.088,34
602.195,0
602.301,0
602.407,15
602.514,20
602.62,0
602.727,14
602.833,0
602.939,0
603.046,0
603.152,23
603.258,11
603.365,0
603.471,21
603.577,9
603.684,8
603.79,0
603.897,0
604.003,14
604.109,0
604.216,0
604.322,29
604.428,40
604.535,12
604.641,0
604.747,0
604.854,8
604.96,0
605.067,11
605.173,8
605.279,0
605.386,0
605.492,7
605.598,1
605.705,0
605.811,0
605.917,0
606.024,13
606.13,0
606.236,10
606.343,4
606.449,11
606.556,31
606.662,98
606.768,65
606.875,20
606.981,8
607.087,3
607.194,2
607.3,2
607.406,19
607.513,0
607.619,0
607.725,15
607.832,0
607.938,20
608.045,18
608.151,0
608.257,16
608.364,15
608.47,0
608.576,17
608.683,6
608.789,0
608.895,10
609.002,22
609.108,0
609.214,0
609.321,15
609.427,0
609.533,11
609.64,10
609.746,0
609.852,0
609.959,0
610.065,0
610.172,26
610.278,12
610.384,10
610.491,9
610.597,0
610.703,10
610.81,0
610.916,0
611.022,15
611.129,0
611.235,0
611.341,19
611.448,23
611.554,21
611.66,0
611.767,15
611.873,16
611.979,0
612.086,19
612.192,2
612.298,0
612.405,0
612.511,0
612.617,34
612.724,0
612.83,22
612.936,8
613.043,0
613.149,0
613.255,19
613.362,18
613.468,13
613.575,0
613.681,6
613.787,0
613.894,0
614,24
614.106,4
614.213,1
614.319,0
614.425,6
614.532,26
614.638,2
614.744,0
614.851,0
614.957,51
615.063,58
615.17,0
615.276,0
615.382,0
615.489,0
615.595,11
615.701,3
615.808,0
615.914,7
616.02,1
616.127,18
616.233,0
616.339,1
616.446,0
616.552,2
616.658,18
616.765,8
616.871,5
616.977,0
617.084,0
617.19,13
617.296,0
617.403,1
617.509,3
617.615,0
617.722,0
617.828,32
617.934,20
618.041,0
618.147,0
618.253,27
618.36,6
618.466,4
618.572,24
618.679,0
618.785,5
618.891,4
618.998,0
619.104,0
619.21,13
619.316,0
619.423,0
619.529,12
619.635,17
619.742,0
619.848,3
619.954,23
620.061,0
620.167,0
620.273,0
620.38,0
620.486,0
620.592,11
620.699,0
620.805,26
620.911,0
621.018,0
621.124,6
621.23,6
621.337,31
621.443,2
621.549,15
621.656,32
621.762,0
621.868,17
621.975,9
622.081,0
622.187,3
622.294,32
622.4,19
622.506,22
622.612,2
622.719,11
622.825,26
622.931,8
623.038,8
623.144,1
623.25,0
623.357,0
623.463,16
623.569,11
623.676,0
623.782,4
623.888,6
623.995,4
624.101,1
624.207,2
624.314,17
624.42,0
624.526,14
624.632,0
624.739,0
624.845,2
624.951,0
625.058,13
625.164,49
625.27,29
625.377,0
625.483,0
625.589,50
625.696,24
625.802,0
625.908,0
626.015,16
626.121,38
626.227,15
626.333,16
626.44,20
626.546,16
626.652,0
626.759,0
626.865,0
626.971,2
627.078,8
627.184,1
627.29,4
627.397,8
627.503,0
627.609,4
627.715,12
627.822,3
627.928,0
628.034,0
628.141,0
628.247,26
628.353,0
628.46,0
628.566,0
628.672,30
628.778,0
628.885,0
628.991,23
629.097,4
629.204,25
629.31,4
629.416,0
629.523,0
629.629,19
629.735,0
629.841,0
629.948,0
630.054,0
630.16,16
630.267,0
630.373,16
630.479,0
630.586,4
630.692,0
630.798,0
630.904,0
631.011,6
631.117,24
631.223,1
631.33,0
631.436,0
631.542,12
631.649,0
631.755,1
631.861,5
631.967,28
632.074,0
632.18,11
632.286,14
632.393,0
632.499,0
632.605,35
632.711,0
632.818,0
632.924,18
633.03,0
633.137,8
633.243,0
633.349,0
633.456,26
633.562,14
633.668,0
633.774,0
633.881,1
633.987,13
634.093,24
634.2,0
634.306,23
634.412,53
634.518,49
634.625,0
634.731,0
634.837,0
634.944,20
635.05,0
635.156,0
635.262,10
635.369,15
635.475,0
635.581,0
635.688,29
635.794,11
635.9,5
636.006,4
636.113,0
636.219,10
636.325,22
636.432,0
636.538,0
636.644,3
636.75,0
636.857,0
636.963,3
637.069,19
637.176,0
637.282,3
637.388,16
637.494,0
637.601,25
637.707,0
637.813,8
637.92,0
638.026,0
638.132,0
638.238,0
638.345,0
638.451,0
638.557,2
638.663,6
638.77,8
638.876,78
638.982,74
639.089,33
639.195,6
639.301,6
639.407,5
639.514,8
639.62,4
639.726,1
639.833,0
639.939,0
640.045,0
640.151,0
640.258,9
640.364,19
640.47,0
640.576,9
640.683,16
640.789,0
640.895,0
641.002,2
641.108,6
641.214,13
641.32,4
641.427,0
641.533,4
641.639,0
641.745,4
641.852,11
641.958,0
642.064,18
642.171,22
642.277,13
642.383,19
642.489,0
642.596,0
642.702,0
642.808,26
642.914,16
643.021,0
643.127,12
643.233,27
643.339,14
643.446,22
643.552,25
643.658,14
643.765,0
643.871,0
643.977,32
644.083,7
644.19,0
644.296,1
644.402,1
644.508,8
644.615,16
644.721,0
644.827,0
644.933,3
645.04,0
645.146,0
645.252,21
645.358,0
645.465,0
645.571,7
645.677,14
645.784,2
645.89,5
645.996,0
646.102,32
646.209,30
646.315,0
646.421,0
646.527,0
646.634,0
646.74,0
646.846,41
646.952,21
647.059,0
647.165,23
647.271,0
647.377,0
647.484,23
647.59,0
647.696,0
647.802,6
647.909,10
648.015,0
648.121,19
648.227,16
648.334,18
648.44,19
648.546,26
648.652,0
648.759,0
648.865,0
648.971,50
649.077,11
649.184,0
649.29,3
649.396,0
649.502,7
649.609,6
649.715,13
649.821,20
649.927,26
650.034,36
650.14,35
650.246,14
650.352,1
650.459,46
650.565,21
650.671,0
650.777,20
650.884,22
650.99,10
651.096,0
651.202,0
651.309,28
651.415,30
651.521,3
651.627,20
651.734,52
651.84,50
651.946,2
652.052,4
652.159,4
652.265,3
652.371,0
652.477,0
652.584,3
652.69,0
652.796,0
652.902,19
653.009,52
653.115,49
653.221,30
653.327,56
653.434,101
653.54,111
653.646,45
653.752,4
653.858,27
653.965,10
654.071,0
654.177,1
654.283,0
654.39,0
654.496,6
654.602,0
654.708,0
654.815,2
654.921,51
655.027,30
655.133,0
655.24,8
655.346,19
655.452,57
655.558,43
655.665,11
655.771,0
655.877,0
655.983,6
656.089,0
656.196,0
656.302,12
656.408,25
656.514,29
656.621,78
656.727,47
656.833,24
656.939,1
657.046,0
657.152,0
657.258,0
657.364,0
657.47,36
657.577,42
657.683,15
657.789,21
657.895,0
658.002,27
658.108,14
658.214,3
658.32,0
658.427,32
658.533,19
658.639,0
658.745,0
658.851,12
658.958,43
659.064,51
659.17,3
659.276,0
659.383,0
659.489,0
659.595,14
659.701,0
659.807,0
659.914,0
660.02,25
660.126,8
660.232,0
660.339,0
660.445,8
660.551,0
660.657,0
660.763,15
660.87,7
660.976,0
661.082,0
661.188,25
661.295,21
661.401,51
661.507,121
661.613,48
661.719,35
661.826,8
661.932,8
662.038,0
662.144,8
662.251,0
662.357,0
662.463,4
662.569,32
662.675,0
662.782,0
662.888,3
662.994,3
663.1,22
663.206,25
663.313,33
663.419,1
663.525,29
663.631,37
663.738,0
663.844,6
663.95,41
664.056,122
664.162,89
664.269,49
664.375,35
664.481,37
664.587,0
664.693,0
664.8,7
664.906,20
665.012,7
665.118,22
665.225,38
665.331,8
665.437,6
665.543,8
665.649,10
665.756,0
665.862,32
665.968,41
666.074,0
666.18,0
666.287,146
666.393,213
666.499,116
666.605,21
666.711,0
666.818,0
666.924,0
667.03,0
667.136,3
667.242,5
667.349,166
667.455,174
667.561,67
667.667,14
667.773,0
667.88,3
667.986,0
668.092,0
668.198,53
668.304,0
668.411,1
668.517,20
668.623,0
668.729,31
668.835,30
668.942,48
669.048,79
669.154,34
669.26,17
669.366,0
669.473,0
669.579,0
669.685,5
669.791,0
669.897,0
670.004,10
670.11,16
670.216,0
670.322,15
670.428,0
670.535,0
670.641,0
670.747,0
670.853,2
670.959,0
671.066,7
671.172,0
671.278,0
671.384,11
671.49,32
671.597,4
671.703,0
671.809,5
671.915,0
672.021,7
672.128,1
672.234,0
672.34,8
672.446,0
672.552,11
672.658,26
672.765,52
672.871,25
672.977,17
673.083,0
673.189,0
673.296,5
673.402,4
673.508,5
673.614,0
673.72,0
673.827,0
673.933,0
674.039,0
674.145,11
674.251,3
674.357,0
674.464,0
674.57,9
674.676,0
674.782,0
674.888,0
674.995,17
675.101,0
675.207,10
675.313,20
675.419,16
675.526,2
675.632,0
675.738,5
675.844,18
675.95,25
676.056,123
676.163,83
676.269,8
676.375,0
676.481,0
676.587,0
676.693,6
676.8,4
676.906,0
677.012,0
677.118,0
677.224,6
677.331,0
677.437,0
677.543,6
677.649,0
677.755,6
677.861,43
677.968,7
678.074,24
678.18,0
678.286,2
678.392,8
678.498,0
678.605,0
678.711,41
678.817,104
678.923,30
679.029,11
679.136,0
679.242,11
679.348,0
679.454,25
679.56,15
679.666,16
679.773,5
679.879,0
679.985,0
680.091,0
680.197,2
680.303,34
680.41,151
680.516,128
680.622,46
680.728,0
680.834,6
680.94,18
681.047,10
681.153,0
681.259,0
681.365,8
681.471,12
681.577,0
681.684,0
681.79,16
681.896,14
682.002,0
682.108,1
682.214,19
682.321,147
682.427,164
682.533,62
682.639,0
682.745,0
682.851,0
682.958,36
683.064,0
683.17,0
683.276,5
683.382,0
683.488,2
683.595,19
683.701,16
683.807,0
683.913,7
684.019,4
684.125,0
684.231,15
684.338,1
684.444,3
684.55,0
684.656,4
684.762,10
684.868,11
684.975,0
685.081,0
685.187,0
685.293,6
685.399,0
685.505,10
685.611,19
685.718,0
685.824,18
685.93,5
686.036,1
686.142,8
686.248,4
686.355,18
686.461,7
686.567,0
686.673,12
686.779,14
686.885,14
686.991,0
687.098,7
687.204,0
687.31,5
687.416,0
687.522,2
687.628,1
687.735,7
687.841,9
687.947,0
688.053,0
688.159,0
688.265,11
688.371,0
688.478,1
688.584,0
688.69,37
688.796,0
688.902,0
689.008,15
689.114,0
689.221,0
689.327,33
689.433,30
689.539,0
689.645,0
689.751,21
689.857,0
689.964,2
690.07,0
690.176,0
690.282,5
690.388,8
690.494,0
690.6,9
690.707,11
690.813,13
690.919,0
691.025,19
691.131,17
691.237,0
691.343,0
691.45,0
691.556,0
691.662,2
691.768,3
691.874,0
691.98,0
692.086,23
692.193,19
692.299,11
692.405,0
692.511,0
692.617,0
692.723,0
692.829,66
692.935,68
693.042,1
693.148,4
693.254,12
693.36,0
693.466,0
693.572,10
693.678,16
693.785,9
693.891,4
693.997,10
694.103,6
694.209,0
694.315,9
694.421,26
694.527,8
694.634,0
694.74,0
694.846,17
694.952,8
695.058,0
695.164,0
695.27,11
695.376,0
695.483,0
695.589,0
695.695,26
695.801,0
695.907,0
696.013,0
696.119,0
696.225,14
696.332,0
696.438,0
696.544,0
696.65,0
696.756,31
696.862,0
696.968,0
697.074,1
697.181,0
697.287,9
697.393,0
697.499,9
697.605,29
697.711,0
697.817,0
697.923,0
698.03,25
698.136,0
698.242,3
698.348,24
698.454,2
698.56,0
698.666,0
698.772,18
698.879,25
698.985,4
699.091,30
699.197,0
699.303,8
699.409,2
699.515,0
