59.6745,0
59.7814,0
59.8883,44
59.9952,8
60.1021,0
60.209,8
60.3159,13
60.4228,44
60.5296,19
60.6365,0
60.7434,0
60.8503,4
60.9572,0
61.0641,0
61.171,0
61.2779,0
61.3848,2
61.4917,2
61.5986,0
61.7055,51
61.8124,16
61.9193,21
62.0261,2
62.133,0
62.2399,11
62.3468,10
62.4537,21
62.5606,43
62.6675,11
62.7744,18
62.8813,11
62.9882,10
63.0951,0
63.202,0
63.3089,12
63.4158,13
63.5226,0
63.6295,0
63.7364,24
63.8433,34
63.9502,0
64.0571,27
64.164,0
64.2709,0
64.3778,28
64.4847,14
64.5916,21
64.6985,4
64.8054,0
64.9123,18
65.0192,0
65.1261,2
65.2329,12
65.3398,39
65.4467,11
65.5536,1
65.6605,10
65.7674,16
65.8743,47
65.9812,0
66.0881,12
66.195,1
66.3019,0
66.4088,8
66.5157,0
66.6226,34
66.7295,0
66.8364,2
66.9433,1
67.0502,13
67.157,5
67.2639,0
67.3708,0
67.4777,0
67.5846,21
67.6915,5
67.7984,0
67.9053,3
68.0122,2
68.1191,0
68.226,16
68.3329,21
68.4398,0
68.5467,0
68.6536,27
68.7605,3
68.8674,20
68.9743,0
69.0812,8
69.1881,7
69.295,1
69.4018,0
69.5087,6
69.6156,32
69.7225,36
69.8294,0
69.9363,10
70.0432,26
70.1501,16
70.257,0
70.3639,0
70.4708,0
70.5777,43
70.6846,36
70.7915,0
70.8984,6
71.0053,1
71.1122,8
71.2191,4
71.326,6
71.4329,0
71.5398,0
71.6467,23
71.7536,0
71.8605,26
71.9674,14
72.0742,12
72.1811,5
72.288,5
72.3949,5
72.5018,12
72.6087,17
72.7156,0
72.8225,28
72.9294,17
73.0363,0
73.1432,0
73.2501,16
73.357,22
73.4639,0
73.5708,4
73.6777,7
73.7846,0
73.8915,0
73.9984,23
74.1053,14
74.2122,0
74.3191,4
74.426,0
74.5329,30
74.6398,6
74.7467,2
74.8536,7
74.9605,26
75.0674,0
75.1743,17
75.2812,39
75.3881,6
75.495,0
75.6019,13
75.7088,21
75.8157,3
75.9225,20
76.0294,17
76.1363,7
76.2432,0
76.3501,3
76.457,22
76.5639,44
76.6708,0
76.7777,0
76.8846,10
76.9915,6
77.0984,0
77.2053,5
77.3122,22
77.4191,0
77.526,1
77.6329,30
77.7398,0
77.8467,0
77.9536,6
78.0605,25
78.1674,2
78.2743,0
78.3812,5
78.4881,39
78.595,1
78.7019,0
78.8088,1
78.9157,33
79.0226,11
79.1295,0
79.2364,10
79.3433,7
79.4502,14
79.5571,22
79.664,23
79.7709,0
79.8778,27
79.9847,0
80.0916,0
80.1985,13
80.3054,0
80.4123,0
80.5192,19
80.6261,25
80.733,0
80.8399,25
80.9468,0
81.0537,3
81.1606,0
81.2675,32
81.3744,25
81.4813,0
81.5882,0
81.6951,0
81.802,0
81.9089,18
82.0158,14
82.1227,6
82.2296,0
82.3365,6
82.4434,0
82.5503,0
82.6572,8
82.7641,0
82.871,10
82.9779,0
83.0848,1
83.1917,35
83.2986,0
83.4055,1
83.5124,16
83.6193,0
83.7262,0
83.8331,23
83.94,20
84.0469,0
84.1538,11
84.2607,32
84.3676,0
84.4745,0
84.5814,2
84.6883,6
84.7952,0
84.9021,13
85.009,5
85.1159,0
85.2228,2
85.3297,0
85.4366,4
85.5435,23
85.6504,0
85.7573,8
85.8642,0
85.9711,9
86.078,0
86.1849,22
86.2918,40
86.3987,24
86.5056,0
86.6125,23
86.7194,17
86.8263,7
86.9332,0
87.0401,0
87.147,0
87.2539,61
87.3608,1
87.4677,0
87.5746,0
87.6815,0
87.7884,13
87.8953,23
88.0022,2
88.1091,6
88.216,15
88.3229,5
88.4298,0
88.5367,4
88.6436,6
88.7505,0
88.8574,0
88.9643,0
89.0712,7
89.1781,0
89.285,0
89.3919,16
89.4988,0
89.6057,5
89.7126,23
89.8195,0
89.9264,0
90.0334,0
90.1403,0
90.2472,19
90.3541,0
90.461,9
90.5679,5
90.6748,0
90.7817,0
90.8886,15
90.9955,28
91.1024,0
91.2093,0
91.3162,9
91.4231,3
91.53,21
91.6369,0
91.7438,14
91.8507,0
91.9576,25
92.0645,34
92.1714,0
92.2783,0
92.3852,10
92.4921,9
92.599,0
92.7059,0
92.8128,0
92.9197,0
93.0266,0
93.1335,0
93.2404,17
93.3473,18
93.4542,6
93.5611,10
93.668,10
93.7749,0
93.8818,0
93.9887,6
94.0956,0
94.2025,13
94.3095,13
94.4164,15
94.5233,18
94.6302,3
94.7371,23
94.844,11
94.9509,0
95.0578,0
95.1647,0
95.2716,0
95.3785,0
95.4854,0
95.5923,0
95.6992,0
95.8061,10
95.913,4
96.0199,0
96.1268,9
96.2337,8
96.3406,5
96.4475,28
96.5544,0
96.6613,0
96.7682,15
96.8751,0
96.982,8
97.0889,0
97.1958,0
97.3027,3
97.4097,0
97.5166,8
97.6235,30
97.7304,0
97.8373,19
97.9442,3
98.0511,0
98.158,5
98.2649,21
98.3718,0
98.4787,0
98.5856,0
98.6925,4
98.7994,17
98.9063,0
99.0132,14
99.1201,30
99.227,0
99.3339,0
99.4408,0
99.5477,5
99.6546,0
99.7615,0
99.8684,21
99.9753,0
100.082,0
100.189,10
100.296,0
100.403,0
100.51,1
100.617,0
100.724,0
100.831,3
100.937,5
101.044,16
101.151,5
101.258,0
101.365,0
101.472,6
101.579,0
101.686,5
101.793,7
101.9,14
102.007,13
102.113,7
102.22,22
102.327,12
102.434,8
102.541,0
102.648,15
102.755,23
102.862,5
102.969,0
103.076,0
103.182,0
103.289,28
103.396,0
103.503,0
103.61,0
103.717,0
103.824,0
103.931,0
104.038,18
104.145,0
104.252,29
104.358,18
104.465,0
104.572,35
104.679,19
104.786,21
104.893,0
105,0
105.107,0
105.214,0
105.321,0
105.427,0
105.534,0
105.641,6
105.748,11
105.855,1
105.962,16
106.069,8
106.176,7
106.283,7
106.39,0
106.497,0
106.603,19
106.71,0
106.817,0
106.924,16
107.031,0
107.138,7
107.245,0
107.352,5
107.459,0
107.566,10
107.673,38
107.779,0
107.886,0
107.993,4
108.1,12
108.207,0
108.314,0
108.421,0
108.528,0
108.635,15
108.742,2
108.848,0
108.955,0
109.062,17
109.169,13
109.276,0
109.383,0
109.49,17
109.597,5
109.704,0
109.811,0
109.918,21
110.024,0
110.131,0
110.238,0
110.345,0
110.452,0
110.559,0
110.666,0
110.773,0
110.88,6
110.987,0
111.094,0
111.2,0
111.307,12
111.414,0
111.521,0
111.628,0
111.735,0
111.842,0
111.949,8
112.056,24
112.163,0
112.269,2
112.376,0
112.483,10
112.59,0
112.697,0
112.804,15
112.911,0
113.018,0
113.125,0
113.232,0
113.339,22
113.445,21
113.552,0
113.659,9
113.766,0
113.873,4
113.98,38
114.087,0
114.194,0
114.301,12
114.408,12
114.515,0
114.621,0
114.728,0
114.835,18
114.942,0
115.049,0
115.156,0
115.263,12
115.37,24
115.477,22
115.584,0
115.69,0
115.797,4
115.904,14
116.011,7
116.118,0
116.225,19
116.332,6
116.439,0
116.546,0
116.653,2
116.76,0
116.866,10
116.973,7
117.08,0
117.187,6
117.294,19
117.401,0
117.508,14
117.615,2
117.722,9
117.829,8
117.936,5
118.042,12
118.149,0
118.256,10
118.363,16
118.47,0
118.577,10
118.684,0
118.791,0
118.898,0
119.005,14
119.112,2
119.218,0
119.325,12
119.432,11
119.539,0
119.646,1
119.753,0
119.86,52
119.967,33
120.074,0
120.181,4
120.287,0
120.394,2
120.501,29
120.608,10
120.715,0
120.822,9
120.929,5
121.036,24
121.143,24
121.25,9
121.357,0
121.463,0
121.57,0
121.677,0
121.784,0
121.891,10
121.998,0
122.105,25
122.212,0
122.319,0
122.426,0
122.533,20
122.639,18
122.746,0
122.853,0
122.96,8
123.067,0
123.174,18
123.281,0
123.388,39
123.495,5
123.602,0
123.709,2
123.815,0
123.922,0
124.029,16
124.136,9
124.243,0
124.35,0
124.457,0
124.564,2
124.671,0
124.778,0
124.885,0
124.991,0
125.098,9
125.205,19
125.312,8
125.419,14
125.526,3
125.633,0
125.74,19
125.847,0
125.954,0
126.061,0
126.167,0
126.274,21
126.381,0
126.488,29
126.595,5
126.702,0
126.809,0
126.916,6
127.023,8
127.13,0
127.236,15
127.343,17
127.45,0
127.557,18
127.664,0
127.771,0
127.878,0
127.985,0
128.092,0
128.199,0
128.306,0
128.412,0
128.519,0
128.626,0
128.733,0
128.84,27
128.947,12
129.054,0
129.161,0
129.268,11
129.375,15
129.482,0
129.588,11
129.695,31
129.802,0
129.909,0
130.016,17
130.123,6
130.23,0
130.337,0
130.444,8
130.551,0
130.658,2
130.764,17
130.871,2
130.978,0
131.085,6
131.192,0
131.299,0
131.406,0
131.513,0
131.62,0
131.727,13
131.834,0
131.94,0
132.047,19
132.154,0
132.261,24
132.368,0
132.475,8
132.582,0
132.689,0
132.796,0
132.903,0
133.01,0
133.116,0
133.223,17
133.33,18
133.437,6
133.544,20
133.651,16
133.758,6
133.865,0
133.972,4
134.079,0
134.186,24
134.292,0
134.399,0
134.506,3
134.613,0
134.72,18
134.827,29
134.934,10
135.041,0
135.148,0
135.255,0
135.362,10
135.468,0
135.575,23
135.682,1
135.789,1
135.896,34
136.003,13
136.11,3
136.217,0
136.324,0
136.431,0
136.538,33
136.644,15
136.751,18
136.858,0
136.965,16
137.072,11
137.179,0
137.286,0
137.393,0
137.5,10
137.607,0
137.714,0
137.82,0
137.927,0
138.034,0
138.141,0
138.248,0
138.355,0
138.462,19
138.569,0
138.676,0
138.783,0
138.89,28
138.996,0
139.103,10
139.21,11
139.317,0
139.424,11
139.531,0
139.638,0
139.745,0
139.852,0
139.959,29
140.065,0
140.172,0
140.279,11
140.386,0
140.493,0
140.6,1
140.707,4
140.814,8
140.921,1
141.028,0
141.135,0
141.241,17
141.348,16
141.455,0
141.562,0
141.669,8
141.776,0
141.883,7
141.99,2
142.097,0
142.204,6
142.311,1
142.417,0
142.524,0
142.631,0
142.738,14
142.845,0
142.952,0
143.059,0
143.166,12
143.273,0
143.38,31
143.487,60
143.593,42
143.7,0
143.807,4
143.914,16
144.021,21
144.128,14
144.235,0
144.342,0
144.449,4
144.556,0
144.663,0
144.769,18
144.876,17
144.983,0
145.09,0
145.197,0
145.304,0
145.411,7
145.518,40
145.625,0
145.732,0
145.839,6
145.945,0
146.052,2
146.159,22
146.266,0
146.373,0
146.48,0
146.587,13
146.694,0
146.801,10
146.908,1
147.015,0
147.121,10
147.228,11
147.335,4
147.442,15
147.549,6
147.656,11
147.763,0
147.87,19
147.977,11
148.084,0
148.191,5
148.297,0
148.404,0
148.511,0
148.618,2
148.725,6
148.832,0
148.939,12
149.046,0
149.153,0
149.26,6
149.367,0
149.473,18
149.58,0
149.687,14
149.794,0
149.901,4
150.008,29
150.115,38
150.222,14
150.329,54
150.436,47
150.543,17
150.649,28
150.756,0
150.863,0
150.97,5
151.077,0
151.184,0
151.291,6
151.398,0
151.505,0
151.612,6
151.719,13
151.825,3
151.932,0
152.039,21
152.146,0
152.253,0
152.36,89
152.467,117
152.574,78
152.681,0
152.788,3
152.894,8
153.001,15
153.108,0
153.215,0
153.322,12
153.429,9
153.536,0
153.643,25
153.75,0
153.857,3
153.964,17
154.07,0
154.177,17
154.284,15
154.391,9
154.498,13
154.605,41
154.712,0
154.819,3
154.926,0
155.033,0
155.14,0
155.246,8
155.353,0
155.46,0
155.567,24
155.674,25
155.781,0
155.888,0
155.995,0
156.102,29
156.209,22
156.316,30
156.422,0
156.529,0
156.636,21
156.743,0
156.85,0
156.957,0
157.064,6
157.171,0
157.278,12
157.385,9
157.492,0
157.598,1
157.705,0
157.812,3
157.919,29
158.026,0
158.133,0
158.24,0
158.347,0
158.454,0
158.561,5
158.668,16
158.774,0
158.881,21
158.988,21
159.095,0
159.202,0
159.309,0
159.416,0
159.523,7
159.63,0
159.737,0
159.844,0
159.95,32
160.057,0
160.164,0
160.271,23
160.378,0
160.485,6
160.592,0
160.699,4
160.806,2
160.913,0
161.019,0
161.126,18
161.233,8
161.34,8
161.447,0
161.554,21
161.661,0
161.768,3
161.875,4
161.982,8
162.089,28
162.195,19
162.302,0
162.409,0
162.516,14
162.623,2
162.73,26
162.837,9
162.944,0
163.051,6
163.158,13
163.265,0
163.371,14
163.478,0
163.585,32
163.692,9
163.799,1
163.906,0
164.013,4
164.12,9
164.227,6
164.334,0
164.441,0
164.547,9
164.654,0
164.761,0
164.868,0
164.975,0
165.082,0
165.189,1
165.296,0
165.403,6
165.51,27
165.616,1
165.723,21
165.83,0
165.937,0
166.044,0
166.151,9
166.258,0
166.365,38
166.472,39
166.579,0
166.686,0
166.792,44
166.899,28
167.006,6
167.113,0
167.22,0
167.327,14
167.434,0
167.541,0
167.648,10
167.755,15
167.862,8
167.968,0
168.075,0
168.182,17
168.289,0
168.396,8
168.503,17
168.61,0
168.717,0
168.824,17
168.931,29
169.037,0
169.144,1
169.251,19
169.358,0
169.465,11
169.572,36
169.679,0
169.786,0
169.893,3
170,13
170.107,26
170.213,0
170.32,0
170.427,0
170.534,4
170.641,0
170.748,0
170.855,27
170.962,0
171.069,5
171.176,19
171.283,2
171.389,0
171.496,12
171.603,0
171.71,0
171.817,0
171.924,0
172.031,0
172.138,0
172.245,0
172.352,16
172.458,29
172.565,8
172.672,16
172.779,33
172.886,26
172.993,0
173.1,2
173.207,8
173.314,0
173.421,0
173.528,1
173.634,15
173.741,0
173.848,0
173.955,8
174.062,0
174.169,16
174.276,27
174.383,0
174.49,7
174.597,4
174.704,4
174.81,13
174.917,0
175.024,10
175.131,44
175.238,0
175.345,0
175.452,4
175.559,0
175.666,0
175.773,23
175.879,0
175.986,0
176.093,22
176.2,19
176.307,0
176.414,0
176.521,0
176.628,0
176.735,5
176.842,7
176.949,0
177.055,0
177.162,6
177.269,0
177.376,0
177.483,41
177.59,50
177.697,17
177.804,0
177.911,0
178.018,5
178.124,11
178.231,4
178.338,0
178.445,5
178.552,13
178.659,21
178.766,2
178.873,25
178.98,14
179.087,23
179.194,0
179.3,0
179.407,27
179.514,0
179.621,0
179.728,10
179.835,0
179.942,0
180.049,5
180.156,0
180.263,0
180.369,0
180.476,0
180.583,0
180.69,20
180.797,25
180.904,0
181.011,20
181.118,0
181.225,20
181.332,17
181.439,3
181.545,0
181.652,4
181.759,16
181.866,0
181.973,6
182.08,0
182.187,9
182.294,0
182.401,0
182.508,7
182.614,0
182.721,4
182.828,18
182.935,24
183.042,32
183.149,8
183.256,0
183.363,0
183.47,0
183.577,2
183.683,3
183.79,13
183.897,0
184.004,7
184.111,10
184.218,0
184.325,24
184.432,2
184.539,28
184.646,6
184.753,5
184.859,20
184.966,0
185.073,4
185.18,0
185.287,0
185.394,0
185.501,6
185.608,0
185.715,10
185.822,26
185.928,69
186.035,46
186.142,19
186.249,0
186.356,0
186.463,13
186.57,0
186.677,0
186.784,0
186.891,0
186.997,0
187.104,0
187.211,20
187.318,11
187.425,0
187.532,1
187.639,0
187.746,0
187.853,0
187.96,0
188.067,0
188.173,52
188.28,46
188.387,0
188.494,1
188.601,17
188.708,0
188.815,1
188.922,19
189.029,18
189.136,8
189.242,0
189.349,0
189.456,32
189.563,0
189.67,23
189.777,32
189.884,15
189.991,6
190.098,0
190.205,28
190.311,18
190.418,0
190.525,11
190.632,0
190.739,8
190.846,6
190.953,6
191.06,0
191.167,0
191.274,11
191.38,0
191.487,12
191.594,0
191.701,0
191.808,21
191.915,37
192.022,0
192.129,6
192.236,13
192.343,2
192.45,10
192.556,34
192.663,20
192.77,0
192.877,0
192.984,13
193.091,15
193.198,10
193.305,0
193.412,0
193.519,4
193.625,17
193.732,7
193.839,2
193.946,0
194.053,23
194.16,4
194.267,0
194.374,9
194.481,24
194.588,0
194.694,0
194.801,12
194.908,0
195.015,0
195.122,1
195.229,0
195.336,0
195.443,9
195.55,0
195.657,9
195.763,12
195.87,0
195.977,3
196.084,0
196.191,0
196.298,20
196.405,20
196.512,13
196.619,0
196.726,14
196.832,2
196.939,0
197.046,34
197.153,38
197.26,16
197.367,0
197.474,5
197.581,11
197.688,0
197.795,21
197.901,0
198.008,8
198.115,13
198.222,12
198.329,0
198.436,13
198.543,0
198.65,0
198.757,0
198.864,37
198.97,42
199.077,0
199.184,0
199.291,0
199.398,0
199.505,0
199.612,2
199.719,13
199.826,11
199.933,0
200.039,0
200.146,0
200.253,0
200.36,14
200.467,2
200.574,0
200.681,8
200.788,3
200.895,10
201.002,0
201.108,0
201.215,0
201.322,15
201.429,8
201.536,0
201.643,0
201.75,16
201.857,4
201.964,4
202.071,0
202.177,0
202.284,28
202.391,0
202.498,4
202.605,0
202.712,0
202.819,0
202.926,12
203.033,0
203.14,0
203.246,11
203.353,4
203.46,0
203.567,2
203.674,0
203.781,0
203.888,23
203.995,2
204.102,0
204.208,0
204.315,4
204.422,13
204.529,12
204.636,0
204.743,0
204.85,21
204.957,7
205.064,19
205.171,13
205.277,0
205.384,0
205.491,1
205.598,2
205.705,0
205.812,0
205.919,10
206.026,10
206.133,0
206.24,10
206.346,4
206.453,0
206.56,3
206.667,10
206.774,5
206.881,0
206.988,22
207.095,0
207.202,0
207.309,0
207.415,1
207.522,7
207.629,0
207.736,0
207.843,0
207.95,27
208.057,21
208.164,0
208.271,10
208.377,0
208.484,18
208.591,0
208.698,0
208.805,1
208.912,0
209.019,9
209.126,0
209.233,0
209.34,0
209.446,0
209.553,1
209.66,32
209.767,0
209.874,20
209.981,0
210.088,8
210.195,7
210.302,20
210.409,6
210.515,21
210.622,0
210.729,1
210.836,20
210.943,9
211.05,0
211.157,0
211.264,16
211.371,0
211.477,1
211.584,8
211.691,10
211.798,20
211.905,0
212.012,7
212.119,0
212.226,12
212.333,2
212.44,12
212.546,20
212.653,26
212.76,28
212.867,6
212.974,11
213.081,0
213.188,30
213.295,2
213.402,0
213.508,32
213.615,6
213.722,0
213.829,0
213.936,10
214.043,17
214.15,15
214.257,2
214.364,2
214.471,10
214.577,0
214.684,0
214.791,13
214.898,25
215.005,0
215.112,2
215.219,6
215.326,3
215.433,35
215.539,11
215.646,0
215.753,0
215.86,0
215.967,11
216.074,2
216.181,0
216.288,20
216.395,0
216.502,3
216.608,0
216.715,40
216.822,18
216.929,0
217.036,0
217.143,0
217.25,11
217.357,13
217.464,0
217.57,17
217.677,0
217.784,28
217.891,7
217.998,5
218.105,0
218.212,42
218.319,14
218.426,0
218.532,25
218.639,4
218.746,0
218.853,0
218.96,23
219.067,0
219.174,0
219.281,3
219.388,13
219.495,0
219.601,16
219.708,0
219.815,0
219.922,14
220.029,0
220.136,0
220.243,41
220.35,57
220.457,0
220.563,20
220.67,0
220.777,0
220.884,11
220.991,8
221.098,17
221.205,10
221.312,0
221.419,6
221.525,0
221.632,0
221.739,13
221.846,0
221.953,3
222.06,0
222.167,14
222.274,4
222.381,0
222.488,6
222.594,25
222.701,14
222.808,2
222.915,43
223.022,0
223.129,8
223.236,0
223.343,0
223.45,0
223.556,0
223.663,28
223.77,2
223.877,0
223.984,2
224.091,5
224.198,0
224.305,9
224.412,0
224.518,11
224.625,23
224.732,7
224.839,0
224.946,4
225.053,12
225.16,2
225.267,25
225.374,0
225.48,0
225.587,6
225.694,0
225.801,4
225.908,3
226.015,0
226.122,0
226.229,0
226.336,0
226.442,3
226.549,7
226.656,0
226.763,18
226.87,4
226.977,13
227.084,1
227.191,0
227.298,41
227.404,21
227.511,24
227.618,8
227.725,9
227.832,0
227.939,17
228.046,15
228.153,1
228.26,0
228.366,17
228.473,20
228.58,0
228.687,0
228.794,19
228.901,30
229.008,0
229.115,7
229.222,26
229.328,0
229.435,0
229.542,7
229.649,1
229.756,2
229.863,1
229.97,0
230.077,5
230.184,7
230.29,7
230.397,0
230.504,0
230.611,0
230.718,0
230.825,0
230.932,33
231.039,33
231.146,0
231.252,10
231.359,0
231.466,7
231.573,12
231.68,0
231.787,15
231.894,7
232.001,0
232.108,16
232.214,0
232.321,11
232.428,5
232.535,0
232.642,14
232.749,0
232.856,0
232.963,23
233.07,19
233.176,15
233.283,11
233.39,7
233.497,0
233.604,10
233.711,9
233.818,17
233.925,0
234.031,0
234.138,19
234.245,27
234.352,0
234.459,0
234.566,24
234.673,9
234.78,0
234.887,0
234.993,17
235.1,14
235.207,0
235.314,16
235.421,0
235.528,15
235.635,4
235.742,0
235.849,0
235.955,18
236.062,5
236.169,3
236.276,18
236.383,15
236.49,29
236.597,0
236.704,0
236.81,2
236.917,0
237.024,0
237.131,4
237.238,11
237.345,32
237.452,7
237.559,0
237.666,1
237.772,0
237.879,16
237.986,36
238.093,21
238.2,8
238.307,0
238.414,4
238.521,0
238.628,5
238.734,0
238.841,7
238.948,14
239.055,13
239.162,8
239.269,20
239.376,49
239.483,0
239.589,0
239.696,26
239.803,0
239.91,0
240.017,36
240.124,7
240.231,0
240.338,0
240.445,0
240.551,3
240.658,11
240.765,11
240.872,0
240.979,40
241.086,27
241.193,10
241.3,0
241.406,0
241.513,0
241.62,33
241.727,0
241.834,0
241.941,0
242.048,0
242.155,0
242.262,0
242.368,5
242.475,9
242.582,35
242.689,1
242.796,15
242.903,0
243.01,3
243.117,18
243.223,0
243.33,0
243.437,4
243.544,6
243.651,10
243.758,0
243.865,2
243.972,0
244.079,0
244.185,0
244.292,4
244.399,0
244.506,5
244.613,12
244.72,2
244.827,13
244.934,0
245.04,0
245.147,8
245.254,0
245.361,0
245.468,7
245.575,2
245.682,16
245.789,28
245.896,0
246.002,15
246.109,3
246.216,12
246.323,36
246.43,1
246.537,0
246.644,0
246.751,24
246.857,22
246.964,0
247.071,12
247.178,26
247.285,20
247.392,0
247.499,11
247.606,28
247.712,7
247.819,8
247.926,20
248.033,11
248.14,0
248.247,6
248.354,9
248.461,16
248.567,0
248.674,13
248.781,0
248.888,0
248.995,19
249.102,9
249.209,12
249.316,0
249.423,5
249.529,2
249.636,28
249.743,3
249.85,2
249.957,0
250.064,12
250.171,0
250.278,25
250.384,0
250.491,2
250.598,0
250.705,16
250.812,0
250.919,0
251.026,23
251.133,0
251.239,0
251.346,3
251.453,0
251.56,12
251.667,16
251.774,0
251.881,0
251.988,0
252.094,0
252.201,0
252.308,39
252.415,20
252.522,1
252.629,12
252.736,0
252.843,8
252.949,17
253.056,19
253.163,51
253.27,39
253.377,25
253.484,0
253.591,29
253.698,11
253.804,9
253.911,8
254.018,18
254.125,18
254.232,17
254.339,0
254.446,0
254.553,10
254.659,0
254.766,0
254.873,7
254.98,3
255.087,0
255.194,0
255.301,18
255.408,35
255.514,0
255.621,34
255.728,0
255.835,0
255.942,4
256.049,16
256.156,24
256.263,0
256.369,29
256.476,20
256.583,2
256.69,4
256.797,29
256.904,0
257.011,0
257.118,27
257.224,3
257.331,9
257.438,2
257.545,0
257.652,0
257.759,25
257.866,11
257.973,0
258.079,0
258.186,0
258.293,0
258.4,0
258.507,0
258.614,0
258.721,9
258.828,0
258.934,0
259.041,0
259.148,45
259.255,6
259.362,0
259.469,15
259.576,0
259.683,0
259.789,20
259.896,24
260.003,1
260.11,16
260.217,8
260.324,18
260.431,24
260.537,6
260.644,4
260.751,7
260.858,13
260.965,26
261.072,0
261.179,7
261.286,8
261.392,5
261.499,8
261.606,0
261.713,13
261.82,12
261.927,16
262.034,5
262.141,6
262.247,30
262.354,3
262.461,3
262.568,24
262.675,25
262.782,0
262.889,0
262.996,0
263.102,15
263.209,0
263.316,0
263.423,22
263.53,0
263.637,9
263.744,16
263.85,0
263.957,27
264.064,6
264.171,8
264.278,0
264.385,9
264.492,6
264.599,0
264.705,0
264.812,5
264.919,0
265.026,0
265.133,7
265.24,15
265.347,0
265.454,12
265.56,13
265.667,16
265.774,0
265.881,26
265.988,21
266.095,0
266.202,0
266.308,6
266.415,0
266.522,1
266.629,15
266.736,14
266.843,0
266.95,31
267.057,27
267.163,2
267.27,5
267.377,0
267.484,0
267.591,6
267.698,7
267.805,10
267.911,0
268.018,6
268.125,0
268.232,0
268.339,11
268.446,15
268.553,0
268.66,0
268.766,21
268.873,1
268.98,22
269.087,17
269.194,0
269.301,0
269.408,0
269.514,0
269.621,0
269.728,0
269.835,0
269.942,0
270.049,0
270.156,0
270.263,0
270.369,0
270.476,32
270.583,30
270.69,0
270.797,0
270.904,47
271.011,22
271.117,0
271.224,4
271.331,17
271.438,17
271.545,0
271.652,0
271.759,0
271.866,14
271.972,0
272.079,0
272.186,29
272.293,0
272.4,13
272.507,12
272.614,7
272.72,0
272.827,0
272.934,0
273.041,0
273.148,15
273.255,35
273.362,0
273.468,0
273.575,0
273.682,36
273.789,21
273.896,19
274.003,0
274.11,0
274.217,7
274.323,21
274.43,0
274.537,5
274.644,0
274.751,0
274.858,0
274.965,0
275.071,22
275.178,0
275.285,11
275.392,9
275.499,0
275.606,0
275.713,0
275.819,15
275.926,0
276.033,0
276.14,31
276.247,17
276.354,30
276.461,15
276.567,8
276.674,0
276.781,0
276.888,38
276.995,7
277.102,0
277.209,6
277.315,29
277.422,15
277.529,0
277.636,0
277.743,9
277.85,0
277.957,2
278.064,2
278.17,0
278.277,17
278.384,15
278.491,6
278.598,4
278.705,0
278.812,0
278.918,0
279.025,23
279.132,14
279.239,0
279.346,7
279.453,33
279.56,2
279.666,0
279.773,0
279.88,12
279.987,9
280.094,3
280.201,0
280.308,24
280.414,19
280.521,0
280.628,16
280.735,0
280.842,0
280.949,2
281.056,0
281.162,3
281.269,17
281.376,0
281.483,37
281.59,20
281.697,4
281.804,0
281.91,19
282.017,18
282.124,0
282.231,0
282.338,12
282.445,9
282.552,0
282.658,0
282.765,0
282.872,12
282.979,0
283.086,6
283.193,18
283.3,29
283.406,17
283.513,15
283.62,8
283.727,0
283.834,15
283.941,0
284.048,4
284.154,0
284.261,0
284.368,32
284.475,37
284.582,0
284.689,0
284.796,36
284.902,22
285.009,18
285.116,12
285.223,7
285.33,0
285.437,0
285.544,0
285.65,36
285.757,9
285.864,7
285.971,0
286.078,3
286.185,12
286.292,7
286.398,26
286.505,0
286.612,3
286.719,14
286.826,17
286.933,2
287.039,4
287.146,0
287.253,0
287.36,6
287.467,0
287.574,0
287.681,19
287.787,0
287.894,0
288.001,10
288.108,34
288.215,2
288.322,4
288.429,6
288.535,20
288.642,0
288.749,16
288.856,14
288.963,11
289.07,0
289.177,11
289.283,16
289.39,4
289.497,0
289.604,18
289.711,22
289.818,18
289.924,0
290.031,33
290.138,10
290.245,7
290.352,38
290.459,237
290.566,855
290.672,731
290.779,261
290.886,0
290.993,0
291.1,0
291.207,0
291.314,25
291.42,9
291.527,16
291.634,17
291.741,21
291.848,20
291.955,0
292.062,0
292.168,0
292.275,1
292.382,0
292.489,8
292.596,11
292.703,0
292.809,27
292.916,10
293.023,0
293.13,0
293.237,18
293.344,8
293.451,21
293.557,12
293.664,7
293.771,0
293.878,0
293.985,16
294.092,0
294.198,14
294.305,9
294.412,2
294.519,19
294.626,12
294.733,0
294.84,0
294.946,0
295.053,64
295.16,37
295.267,0
295.374,0
295.481,4
295.588,0
295.694,0
295.801,22
295.908,7
296.015,2
296.122,29
296.229,10
296.335,0
296.442,0
296.549,1
296.656,25
296.763,11
296.87,0
296.977,0
297.083,7
297.19,0
297.297,16
297.404,2
297.511,4
297.618,0
297.724,0
297.831,24
297.938,22
298.045,6
298.152,0
298.259,12
298.365,26
298.472,6
298.579,0
298.686,0
298.793,0
298.9,5
299.007,3
299.113,15
299.22,13
299.327,14
299.434,10
299.541,1
299.648,4
299.754,0
299.861,7
299.968,18
300.075,1
300.182,0
300.289,0
300.396,0
300.502,6
300.609,9
300.716,0
300.823,0
300.93,17
301.037,5
301.143,13
301.25,15
301.357,22
301.464,0
301.571,52
301.678,19
301.784,0
301.891,0
301.998,1
302.105,0
302.212,5
302.319,0
302.426,5
302.532,28
302.639,10
302.746,5
302.853,18
302.96,0
303.067,0
303.173,23
303.28,18
303.387,8
303.494,9
303.601,0
303.708,40
303.814,16
303.921,0
304.028,13
304.135,3
304.242,0
304.349,8
304.456,14
304.562,26
304.669,9
304.776,2
304.883,0
304.99,0
305.097,5
305.203,0
305.31,14
305.417,0
305.524,0
305.631,0
305.738,52
305.844,33
305.951,0
306.058,0
306.165,0
306.272,21
306.379,7
306.485,0
306.592,58
306.699,21
306.806,5
306.913,0
307.02,4
307.126,8
307.233,30
307.34,7
307.447,0
307.554,10
307.661,0
307.767,0
307.874,0
307.981,0
308.088,2
308.195,4
308.302,4
308.409,0
308.515,0
308.622,16
308.729,0
308.836,0
308.943,0
309.05,2
309.156,20
309.263,30
309.37,0
309.477,0
309.584,10
309.691,13
309.797,16
309.904,20
310.011,0
310.118,15
310.225,0
310.332,2
310.438,4
310.545,0
310.652,24
310.759,17
310.866,0
310.973,16
311.079,13
311.186,0
311.293,2
311.4,17
311.507,17
311.614,12
311.72,14
311.827,0
311.934,0
312.041,15
312.148,25
312.255,0
312.361,0
312.468,24
312.575,9
312.682,0
312.789,0
312.896,4
313.002,13
313.109,37
313.216,14
313.323,0
313.43,5
313.537,1
313.643,0
313.75,6
313.857,0
313.964,0
314.071,15
314.178,0
314.284,12
314.391,19
314.498,0
314.605,1
314.712,0
314.819,15
314.925,0
315.032,0
315.139,0
315.246,5
315.353,0
315.46,0
315.566,23
315.673,0
315.78,0
315.887,4
315.994,15
316.1,21
316.207,0
316.314,0
316.421,40
316.528,12
316.635,0
316.741,0
316.848,0
316.955,0
317.062,28
317.169,0
317.276,21
317.382,3
317.489,0
317.596,0
317.703,0
317.81,13
317.917,0
318.023,5
318.13,13
318.237,7
318.344,8
318.451,17
318.558,2
318.664,3
318.771,8
318.878,0
318.985,0
319.092,0
319.199,10
319.305,9
319.412,13
319.519,0
319.626,0
319.733,0
319.839,7
319.946,0
320.053,0
320.16,19
320.267,20
320.374,9
320.48,0
320.587,14
320.694,0
320.801,0
320.908,1
321.015,6
321.121,3
321.228,15
321.335,0
321.442,0
321.549,0
321.655,1
321.762,0
321.869,7
321.976,0
322.083,0
322.19,20
322.296,0
322.403,0
322.51,11
322.617,26
322.724,6
322.831,4
322.937,4
323.044,8
323.151,0
323.258,15
323.365,5
323.472,0
323.578,5
323.685,26
323.792,0
323.899,0
324.006,12
324.112,13
324.219,0
324.326,0
324.433,12
324.54,0
324.647,17
324.753,15
324.86,8
324.967,0
325.074,22
325.181,0
325.287,18
325.394,5
325.501,11
325.608,14
325.715,0
325.822,0
325.928,24
326.035,4
326.142,0
326.249,24
326.356,20
326.463,8
326.569,1
326.676,7
326.783,6
326.89,0
326.997,0
327.103,25
327.21,43
327.317,0
327.424,0
327.531,3
327.638,10
327.744,14
327.851,14
327.958,40
328.065,37
328.172,20
328.278,0
328.385,0
328.492,0
328.599,0
328.706,5
328.813,0
328.919,0
329.026,5
329.133,18
329.24,10
329.347,26
329.453,0
329.56,43
329.667,50
329.774,19
329.881,19
329.988,0
330.094,2
330.201,33
330.308,9
330.415,0
330.522,19
330.628,0
330.735,8
330.842,7
330.949,0
331.056,5
331.162,14
331.269,0
331.376,0
331.483,0
331.59,1
331.697,0
331.803,0
331.91,0
332.017,21
332.124,4
332.231,0
332.337,0
332.444,21
332.551,9
332.658,0
332.765,0
332.872,4
332.978,10
333.085,4
333.192,0
333.299,9
333.406,16
333.512,0
333.619,0
333.726,1
333.833,13
333.94,6
334.046,0
334.153,0
334.26,1
334.367,14
334.474,0
334.581,0
334.687,0
334.794,0
334.901,16
335.008,1
335.115,0
335.221,0
335.328,34
335.435,0
335.542,12
335.649,16
335.755,12
335.862,0
335.969,0
336.076,0
336.183,0
336.29,2
336.396,29
336.503,4
336.61,0
336.717,23
336.824,0
336.93,0
337.037,9
337.144,6
337.251,7
337.358,0
337.464,0
337.571,0
337.678,0
337.785,32
337.892,30
337.998,0
338.105,0
338.212,14
338.319,0
338.426,4
338.533,17
338.639,2
338.746,19
338.853,16
338.96,12
339.067,0
339.173,14
339.28,0
339.387,49
339.494,6
339.601,0
339.707,1
339.814,21
339.921,10
340.028,0
340.135,17
340.241,15
340.348,22
340.455,3
340.562,0
340.669,15
340.775,0
340.882,0
340.989,0
341.096,0
341.203,0
341.309,10
341.416,7
341.523,17
341.63,0
341.737,0
341.844,2
341.95,0
342.057,0
342.164,5
342.271,0
342.378,0
342.484,0
342.591,14
342.698,317
342.805,308
342.912,173
343.018,85
343.125,58
343.232,71
343.339,54
343.446,14
343.552,8
343.659,0
343.766,24
343.873,7
343.98,7
344.086,0
344.193,13
344.3,28
344.407,0
344.514,0
344.62,22
344.727,12
344.834,0
344.941,0
345.048,0
345.154,14
345.261,0
345.368,14
345.475,19
345.582,2
345.688,23
345.795,0
345.902,0
346.009,13
346.116,0
346.222,15
346.329,13
346.436,0
346.543,1
346.65,0
346.756,9
346.863,21
346.97,8
347.077,13
347.184,38
347.29,20
347.397,6
347.504,0
347.611,2
347.718,0
347.824,0
347.931,0
348.038,0
348.145,10
348.252,0
348.358,0
348.465,49
348.572,0
348.679,8
348.786,0
348.892,5
348.999,0
349.106,100
349.213,100
349.32,37
349.426,9
349.533,0
349.64,0
349.747,0
349.854,0
349.96,0
350.067,0
350.174,12
350.281,0
350.388,2
350.494,16
350.601,7
350.708,0
350.815,12
350.922,0
351.028,0
351.135,16
351.242,10
351.349,0
351.456,0
351.562,0
351.669,13
351.776,0
351.883,0
351.989,3
352.096,0
352.203,14
352.31,8
352.417,0
352.523,20
352.63,0
352.737,1
352.844,43
352.951,0
353.057,19
353.164,6
353.271,0
353.378,14
353.485,18
353.591,0
353.698,0
353.805,1
353.912,16
354.019,0
354.125,0
354.232,6
354.339,2
354.446,0
354.553,11
354.659,0
354.766,0
354.873,25
354.98,3
355.086,17
355.193,0
355.3,0
355.407,0
355.514,0
355.62,0
355.727,4
355.834,0
355.941,9
356.048,6
356.154,33
356.261,30
356.368,8
356.475,0
356.582,0
356.688,0
356.795,0
356.902,15
357.009,3
357.115,6
357.222,6
357.329,8
357.436,0
357.543,5
357.649,5
357.756,0
357.863,20
357.97,0
358.077,0
358.183,6
358.29,0
358.397,11
358.504,13
358.61,18
358.717,14
358.824,4
358.931,0
359.038,0
359.144,30
359.251,19
359.358,0
359.465,2
359.572,14
359.678,0
359.785,5
359.892,6
359.999,0
360.105,6
360.212,2
360.319,0
360.426,0
360.533,12
360.639,0
360.746,5
360.853,27
360.96,0
361.067,30
361.173,24
361.28,0
361.387,10
361.494,6
361.6,7
361.707,23
361.814,0
361.921,0
362.028,33
362.134,42
362.241,54
362.348,0
362.455,0
362.562,43
362.668,11
362.775,1
362.882,3
362.989,20
363.095,0
363.202,3
363.309,0
363.416,6
363.523,0
363.629,0
363.736,0
363.843,23
363.95,0
364.056,0
364.163,10
364.27,26
364.377,0
364.484,0
364.59,25
364.697,9
364.804,6
364.911,0
365.017,0
365.124,0
365.231,1
365.338,0
365.445,4
365.551,0
365.658,7
365.765,0
365.872,0
365.979,0
366.085,12
366.192,0
366.299,0
366.406,0
366.512,12
366.619,6
366.726,9
366.833,25
366.94,0
367.046,0
367.153,1
367.26,0
367.367,0
367.473,0
367.58,10
367.687,6
367.794,0
367.9,0
368.007,7
368.114,13
368.221,0
368.328,2
368.434,0
368.541,0
368.648,4
368.755,7
368.861,8
368.968,0
369.075,0
369.182,30
369.289,3
369.395,0
369.502,13
369.609,0
369.716,0
369.822,43
369.929,26
370.036,0
370.143,0
370.25,0
370.356,0
370.463,0
370.57,0
370.677,3
370.783,27
370.89,11
370.997,15
371.104,3
371.211,25
371.317,2
371.424,0
371.531,0
371.638,7
371.744,0
371.851,0
371.958,0
372.065,2
372.171,0
372.278,2
372.385,0
372.492,5
372.599,0
372.705,15
372.812,0
372.919,6
373.026,0
373.132,11
373.239,10
373.346,19
373.453,0
373.559,0
373.666,3
373.773,0
373.88,18
373.987,22
374.093,0
374.2,0
374.307,3
374.414,0
374.52,18
374.627,16
374.734,16
374.841,17
374.947,32
375.054,20
375.161,0
375.268,0
375.375,0
375.481,12
375.588,3
375.695,3
375.802,17
375.908,10
376.015,0
376.122,13
376.229,18
376.335,0
376.442,14
376.549,0
376.656,0
376.763,0
376.869,0
376.976,0
377.083,11
377.19,0
377.296,0
377.403,25
377.51,16
377.617,0
377.723,0
377.83,0
377.937,0
378.044,0
378.15,0
378.257,0
378.364,10
378.471,0
378.578,0
378.684,0
378.791,8
378.898,33
379.005,0
379.111,0
379.218,0
379.325,0
379.432,10
379.538,8
379.645,2
379.752,0
379.859,0
379.965,0
380.072,0
380.179,6
380.286,0
380.392,0
380.499,30
380.606,34
380.713,13
380.82,19
380.926,0
381.033,2
381.14,8
381.247,5
381.353,0
381.46,17
381.567,0
381.674,0
381.78,18
381.887,0
381.994,14
382.101,30
382.207,3
382.314,7
382.421,7
382.528,3
382.634,19
382.741,0
382.848,0
382.955,9
383.061,0
383.168,0
383.275,0
383.382,0
383.488,0
383.595,0
383.702,0
383.809,13
383.916,24
384.022,4
384.129,10
384.236,2
384.343,5
384.449,30
384.556,0
384.663,18
384.77,24
384.876,0
384.983,9
385.09,0
385.197,0
385.303,49
385.41,60
385.517,6
385.624,0
385.73,0
385.837,8
385.944,4
386.051,12
386.157,0
386.264,11
386.371,25
386.478,0
386.584,2
386.691,6
386.798,8
386.905,41
387.011,0
387.118,14
387.225,2
387.332,0
387.438,2
387.545,0
387.652,11
387.759,0
387.865,0
387.972,28
388.079,0
388.186,0
388.292,0
388.399,0
388.506,22
388.613,13
388.719,0
388.826,47
388.933,69
389.04,43
389.146,41
389.253,0
389.36,0
389.467,20
389.573,9
389.68,0
389.787,19
389.894,48
390,58
390.107,30
390.214,4
390.321,11
390.427,0
390.534,0
390.641,0
390.748,17
390.854,16
390.961,0
391.068,0
391.175,7
391.281,28
391.388,0
391.495,0
391.602,0
391.708,5
391.815,0
391.922,2
392.029,0
392.135,4
392.242,14
392.349,8
392.456,0
392.562,0
392.669,16
392.776,17
392.883,0
392.989,6
393.096,13
393.203,0
393.31,0
393.416,0
393.523,24
393.63,3
393.737,0
393.843,9
393.95,0
394.057,8
394.164,0
394.27,0
394.377,1
394.484,17
394.591,0
394.697,0
394.804,0
394.911,2
395.018,4
395.124,2
395.231,0
395.338,0
395.445,0
395.551,10
395.658,17
395.765,0
395.871,8
395.978,22
396.085,0
396.192,8
396.298,0
396.405,3
396.512,0
396.619,0
396.725,0
396.832,7
396.939,0
397.046,9
397.152,2
397.259,0
397.366,22
397.473,0
397.579,28
397.686,32
397.793,16
397.9,0
398.006,36
398.113,37
398.22,0
398.327,0
398.433,22
398.54,1
398.647,0
398.753,34
398.86,32
398.967,0
399.074,34
399.18,8
399.287,7
399.394,2
399.501,0
399.607,0
399.714,0
399.821,12
399.928,4
400.034,16
400.141,7
400.248,9
400.355,5
400.461,5
400.568,10
400.675,0
400.781,8
400.888,0
400.995,10
401.102,17
401.208,3
401.315,0
401.422,8
401.529,23
401.635,0
401.742,0
401.849,46
401.956,20
402.062,0
402.169,0
402.276,11
402.382,0
402.489,11
402.596,0
402.703,14
402.809,31
402.916,69
403.023,51
403.13,6
403.236,11
403.343,7
403.45,9
403.557,0
403.663,11
403.77,19
403.877,11
403.983,15
404.09,6
404.197,14
404.304,17
404.41,22
404.517,14
404.624,6
404.731,0
404.837,0
404.944,0
405.051,7
405.158,18
405.264,0
405.371,16
405.478,26
405.584,0
405.691,35
405.798,16
405.905,0
406.011,0
406.118,10
406.225,0
406.332,0
406.438,24
406.545,0
406.652,4
406.758,35
406.865,140
406.972,93
407.079,31
407.185,14
407.292,22
407.399,27
407.506,3
407.612,0
407.719,9
407.826,0
407.932,19
408.039,4
408.146,16
408.253,8
408.359,10
408.466,0
408.573,25
408.68,13
408.786,13
408.893,18
409,15
409.106,14
409.213,0
409.32,0
409.427,16
409.533,18
409.64,28
409.747,0
409.853,0
409.96,0
410.067,25
410.174,33
410.28,10
410.387,11
410.494,22
410.601,14
410.707,0
410.814,8
410.921,6
411.027,17
411.134,0
411.241,12
411.348,17
411.454,0
411.561,6
411.668,22
411.774,0
411.881,32
411.988,14
412.095,0
412.201,0
412.308,0
412.415,0
412.522,35
412.628,36
412.735,1
412.842,0
412.948,0
413.055,4
413.162,9
413.269,5
413.375,36
413.482,113
413.589,123
413.695,41
413.802,11
413.909,0
414.016,0
414.122,19
414.229,4
414.336,0
414.442,7
414.549,64
414.656,60
414.763,170
414.869,132
414.976,59
415.083,0
415.189,0
415.296,0
415.403,0
415.51,2
415.616,0
415.723,6
415.83,0
415.936,17
416.043,8
416.15,0
416.257,6
416.363,14
416.47,84
416.577,67
416.683,78
416.79,82
416.897,28
417.004,28
417.11,0
417.217,10
417.324,15
417.43,6
417.537,124
417.644,100
417.751,37
417.857,50
417.964,14
418.071,6
418.177,7
418.284,0
418.391,0
418.498,0
418.604,22
418.711,21
418.818,0
418.924,22
419.031,0
419.138,27
419.245,32
419.351,2
419.458,4
419.565,13
419.671,6
419.778,0
419.885,11
419.992,20
420.098,11
420.205,32
420.312,7
420.418,0
420.525,0
420.632,0
420.738,10
420.845,0
420.952,0
421.059,0
421.165,56
421.272,59
421.379,34
421.485,13
421.592,0
421.699,17
421.806,15
421.912,3
422.019,6
422.126,0
422.232,12
422.339,12
422.446,0
422.552,0
422.659,25
422.766,0
422.873,0
422.979,7
423.086,8
423.193,63
423.299,91
423.406,23
423.513,4
423.62,109
423.726,119
423.833,38
423.94,0
424.046,17
424.153,9
424.26,52
424.366,52
424.473,24
424.58,28
424.687,20
424.793,7
424.9,0
425.007,0
425.113,5
425.22,0
425.327,27
425.433,12
425.54,11
425.647,15
425.754,6
425.86,0
425.967,8
426.074,7
426.18,0
426.287,15
426.394,0
426.5,22
426.607,2
426.714,0
426.821,0
426.927,31
427.034,21
427.141,0
427.247,0
427.354,7
427.461,0
427.567,0
427.674,13
427.781,0
427.888,6
427.994,0
428.101,9
428.208,27
428.314,0
428.421,4
428.528,16
428.634,10
428.741,17
428.848,21
428.955,97
429.061,63
429.168,45
429.275,0
429.381,0
429.488,24
429.595,0
429.701,0
429.808,4
429.915,8
430.021,2
430.128,5
430.235,25
430.342,5
430.448,82
430.555,42
430.662,13
430.768,0
430.875,0
430.982,19
431.088,8
431.195,6
431.302,22
431.409,0
431.515,0
431.622,28
431.729,9
431.835,0
431.942,33
432.049,24
432.155,18
432.262,0
432.369,7
432.475,17
432.582,0
432.689,0
432.796,22
432.902,13
433.009,35
433.116,44
433.222,31
433.329,0
433.436,12
433.542,28
433.649,0
433.756,0
433.862,43
433.969,54
434.076,0
434.182,0
434.289,14
434.396,18
434.503,37
434.609,30
434.716,14
434.823,6
434.929,0
435.036,12
435.143,6
435.249,39
435.356,0
435.463,0
435.569,22
435.676,26
435.783,98
435.889,102
435.996,51
436.103,34
436.21,75
436.316,302
436.423,236
436.53,131
436.636,107
436.743,44
436.85,0
436.956,0
437.063,11
437.17,2
437.276,0
437.383,11
437.49,12
437.596,11
437.703,0
437.81,75
437.916,91
438.023,183
438.13,141
438.237,90
438.343,65
438.45,27
438.557,18
438.663,0
438.77,0
438.877,2
438.983,0
439.09,28
439.197,62
439.303,80
439.41,145
439.517,157
439.623,83
439.73,23
439.837,0
439.943,0
440.05,0
440.157,33
440.263,43
440.37,6
440.477,21
440.583,0
440.69,0
440.797,23
440.904,18
441.01,45
441.117,35
441.224,35
441.33,37
441.437,0
441.544,0
441.65,0
441.757,0
441.864,0
441.97,74
442.077,63
442.184,32
442.29,12
442.397,0
442.504,10
442.61,19
442.717,14
442.824,7
442.93,10
443.037,14
443.144,0
443.25,6
443.357,0
443.464,15
443.57,0
443.677,13
443.784,0
443.89,0
443.997,16
444.104,0
444.21,14
444.317,0
444.424,5
444.53,46
444.637,17
444.744,0
444.851,0
444.957,0
445.064,0
445.171,0
445.277,2
445.384,25
445.491,14
445.597,0
445.704,0
445.811,0
445.917,14
446.024,60
446.131,35
446.237,0
446.344,15
446.451,0
446.557,19
446.664,0
446.771,0
446.877,0
446.984,0
447.091,25
447.197,20
447.304,0
447.411,13
447.517,36
447.624,1
447.731,34
447.837,0
447.944,10
448.051,0
448.157,3
448.264,12
448.371,0
448.477,0
448.584,0
448.691,0
448.797,0
448.904,0
449.011,0
449.117,24
449.224,6
449.331,0
449.437,18
449.544,15
449.651,0
449.757,0
449.864,1
449.971,8
450.077,13
450.184,0
450.291,17
450.397,21
450.504,0
450.611,0
450.717,8
450.824,35
450.931,0
451.037,4
451.144,0
451.251,0
451.357,0
451.464,1
451.571,96
451.677,130
451.784,41
451.891,20
451.997,0
452.104,0
452.21,9
452.317,28
452.424,35
452.53,24
452.637,8
452.744,15
452.85,8
452.957,0
453.064,15
453.17,10
453.277,0
453.384,3
453.49,3
453.597,9
453.704,0
453.81,5
453.917,0
454.024,11
454.13,13
454.237,0
454.344,0
454.45,0
454.557,9
454.664,0
454.77,0
454.877,0
454.984,0
455.09,0
455.197,18
455.304,5
455.41,13
455.517,24
455.624,0
455.73,35
455.837,0
455.944,3
456.05,49
456.157,14
456.263,80
456.37,47
456.477,22
456.583,7
456.69,0
456.797,0
456.903,4
457.01,20
457.117,18
457.223,0
457.33,0
457.437,0
457.543,0
457.65,0
457.757,4
457.863,14
457.97,15
458.077,3
458.183,29
458.29,0
458.397,0
458.503,0
458.61,0
458.716,25
458.823,22
458.93,0
459.036,0
459.143,4
459.25,0
459.356,1
459.463,0
459.57,25
459.676,44
459.783,3
459.89,18
459.996,19
460.103,0
460.21,1
460.316,0
460.423,0
460.53,0
460.636,0
460.743,16
460.849,8
460.956,0
461.063,0
461.169,2
461.276,0
461.383,16
461.489,0
461.596,0
461.703,9
461.809,0
461.916,11
462.023,0
462.129,0
462.236,15
462.342,17
462.449,0
462.556,27
462.662,0
462.769,0
462.876,11
462.982,0
463.089,0
463.196,0
463.302,0
463.409,5
463.516,9
463.622,0
463.729,36
463.835,1
463.942,0
464.049,2
464.155,2
464.262,0
464.369,0
464.475,9
464.582,4
464.689,24
464.795,12
464.902,0
465.009,0
465.115,16
465.222,16
465.328,0
465.435,1
465.542,3
465.648,0
465.755,0
465.862,57
465.968,12
466.075,0
466.182,0
466.288,0
466.395,0
466.501,12
466.608,4
466.715,33
466.821,25
466.928,9
467.035,0
467.141,14
467.248,4
467.355,16
467.461,7
467.568,0
467.674,0
467.781,0
467.888,0
467.994,0
468.101,0
468.208,15
468.314,32
468.421,15
468.528,0
468.634,0
468.741,45
468.847,93
468.954,47
469.061,31
469.167,0
469.274,0
469.381,0
469.487,12
469.594,0
469.701,0
469.807,20
469.914,16
470.02,1
470.127,0
470.234,0
470.34,0
470.447,26
470.554,9
470.66,8
470.767,0
470.873,29
470.98,0
471.087,0
471.193,15
471.3,0
471.407,0
471.513,4
471.62,0
471.727,0
471.833,0
471.94,6
472.046,4
472.153,0
472.26,24
472.366,0
472.473,0
472.58,0
472.686,12
472.793,8
472.899,1
473.006,0
473.113,14
473.219,18
473.326,12
473.433,0
473.539,24
473.646,6
473.752,0
473.859,14
473.966,0
474.072,0
474.179,0
474.286,13
474.392,0
474.499,0
474.605,22
474.712,103
474.819,74
474.925,28
475.032,0
475.139,0
475.245,5
475.352,0
475.458,3
475.565,6
475.672,0
475.778,0
475.885,0
475.992,6
476.098,0
476.205,0
476.311,56
476.418,34
476.525,41
476.631,51
476.738,4
476.844,0
476.951,13
477.058,0
477.164,0
477.271,2
477.378,11
477.484,0
477.591,12
477.697,17
477.804,0
477.911,16
478.017,10
478.124,14
478.231,1
478.337,0
478.444,15
478.55,21
478.657,0
478.764,18
478.87,3
478.977,0
479.083,6
479.19,6
479.297,28
479.403,0
479.51,8
479.617,0
479.723,2
479.83,0
479.936,12
480.043,9
480.15,0
480.256,0
480.363,4
480.469,15
480.576,17
480.683,0
480.789,12
480.896,24
481.003,0
481.109,0
481.216,18
481.322,32
481.429,0
481.536,36
481.642,13
481.749,0
481.855,0
481.962,0
482.069,0
482.175,3
482.282,6
482.388,0
482.495,0
482.602,0
482.708,0
482.815,2
482.922,0
483.028,3
483.135,44
483.241,0
483.348,0
483.455,0
483.561,13
483.668,47
483.774,21
483.881,0
483.988,0
484.094,14
484.201,34
484.307,36
484.414,35
484.521,26
484.627,0
484.734,21
484.84,8
484.947,9
485.054,20
485.16,0
485.267,21
485.373,12
485.48,0
485.587,28
485.693,10
485.8,0
485.907,2
486.013,12
486.12,14
486.226,4
486.333,0
486.44,0
486.546,4
486.653,0
486.759,19
486.866,20
486.973,0
487.079,0
487.186,44
487.292,1
487.399,9
487.506,0
487.612,0
487.719,10
487.825,17
487.932,11
488.039,7
488.145,11
488.252,36
488.358,45
488.465,20
488.572,0
488.678,0
488.785,15
488.891,12
488.998,0
489.105,7
489.211,20
489.318,9
489.424,0
489.531,4
489.638,16
489.744,7
489.851,1
489.957,4
490.064,0
490.171,0
490.277,10
490.384,0
490.49,0
490.597,0
490.704,8
490.81,0
490.917,0
491.023,0
491.13,5
491.237,9
491.343,0
491.45,0
491.556,11
491.663,1
491.769,0
491.876,7
491.983,0
492.089,0
492.196,3
492.302,0
492.409,0
492.516,22
492.622,21
492.729,18
492.835,21
492.942,0
493.049,3
493.155,0
493.262,0
493.368,42
493.475,38
493.582,0
493.688,0
493.795,2
493.901,13
494.008,0
494.114,11
494.221,0
494.328,7
494.434,24
494.541,0
494.647,7
494.754,0
494.861,0
494.967,6
495.074,8
495.18,12
495.287,0
495.394,10
495.5,25
495.607,12
495.713,0
495.82,0
495.926,0
496.033,8
496.14,0
496.246,6
496.353,5
496.459,15
496.566,0
496.673,0
496.779,7
496.886,0
496.992,6
497.099,0
497.206,0
497.312,0
497.419,40
497.525,43
497.632,0
497.738,0
497.845,58
497.952,14
498.058,0
498.165,0
498.271,5
498.378,16
498.485,17
498.591,0
498.698,32
498.804,15
498.911,0
499.017,0
499.124,19
499.231,3
499.337,15
499.444,18
499.55,19
499.657,10
499.763,17
499.87,0
499.977,0
500.083,1
500.19,0
500.296,0
500.403,3
500.51,0
500.616,0
500.723,12
500.829,5
500.936,0
501.042,9
501.149,0
501.256,0
501.362,8
501.469,2
501.575,0
501.682,29
501.788,23
501.895,15
502.002,0
502.108,2
502.215,20
502.321,11
502.428,0
502.534,0
502.641,0
502.748,6
502.854,40
502.961,33
503.067,8
503.174,12
503.281,1
503.387,10
503.494,5
503.6,0
503.707,0
503.813,20
503.92,18
504.027,0
504.133,2
504.24,15
504.346,0
504.453,13
504.559,5
504.666,0
504.773,9
504.879,0
504.986,0
505.092,0
505.199,9
505.305,14
505.412,18
505.518,0
505.625,15
505.732,16
505.838,6
505.945,0
506.051,37
506.158,51
506.264,0
506.371,2
506.478,16
506.584,0
506.691,38
506.797,15
506.904,3
507.01,21
507.117,8
507.224,27
507.33,8
507.437,0
507.543,19
507.65,6
507.756,0
507.863,16
507.97,28
508.076,29
508.183,2
508.289,0
508.396,0
508.502,38
508.609,28
508.715,0
508.822,0
508.929,0
509.035,0
509.142,32
509.248,24
509.355,13
509.461,24
509.568,7
509.675,0
509.781,3
509.888,12
509.994,7
510.101,13
510.207,29
510.314,0
510.42,30
510.527,31
510.634,0
510.74,0
510.847,0
510.953,0
511.06,15
511.166,0
511.273,0
511.379,19
511.486,29
511.593,0
511.699,0
511.806,3
511.912,5
512.019,6
512.125,3
512.232,0
512.339,19
512.445,93
512.552,41
512.658,11
512.765,0
512.871,0
512.978,4
513.084,13
513.191,0
513.298,4
513.404,5
513.511,6
513.617,0
513.724,0
513.83,20
513.937,0
514.043,0
514.15,8
514.256,21
514.363,0
514.47,0
514.576,6
514.683,20
514.789,5
514.896,0
515.002,0
515.109,55
515.215,56
515.322,20
515.429,13
515.535,0
515.642,0
515.748,0
515.855,30
515.961,7
516.068,17
516.174,0
516.281,80
516.388,76
516.494,53
516.601,0
516.707,0
516.814,0
516.92,12
517.027,4
517.133,0
517.24,21
517.346,2
517.453,0
517.56,0
517.666,0
517.773,0
517.879,0
517.986,22
518.092,0
518.199,19
518.305,0
518.412,22
518.518,51
518.625,34
518.732,0
518.838,20
518.945,0
519.051,0
519.158,18
519.264,9
519.371,5
519.477,0
519.584,0
519.69,14
519.797,12
519.903,0
520.01,4
520.117,13
520.223,28
520.33,0
520.436,0
520.543,26
520.649,0
520.756,15
520.862,0
520.969,0
521.075,6
521.182,0
521.289,18
521.395,0
521.502,1
521.608,2
521.715,12
521.821,5
521.928,9
522.034,0
522.141,0
522.247,0
522.354,16
522.46,12
522.567,4
522.674,20
522.78,0
522.887,10
522.993,0
523.1,17
523.206,2
523.313,17
523.419,0
523.526,0
523.632,0
523.739,13
523.845,0
523.952,24
524.058,24
524.165,0
524.272,0
524.378,30
524.485,8
524.591,0
524.698,0
524.804,12
524.911,0
525.017,31
525.124,27
525.23,0
525.337,14
525.443,17
525.55,3
525.656,20
525.763,0
525.87,9
525.976,0
526.083,0
526.189,5
526.296,0
526.402,5
526.509,0
526.615,0
526.722,5
526.828,22
526.935,0
527.041,0
527.148,9
527.254,0
527.361,4
527.467,10
527.574,8
527.68,0
527.787,17
527.894,16
528,0
528.107,27
528.213,4
528.32,0
528.426,0
528.533,12
528.639,21
528.746,13
528.852,17
528.959,0
529.065,0
529.172,5
529.278,24
529.385,0
529.491,0
529.598,0
529.704,0
529.811,58
529.918,37
530.024,0
530.131,15
530.237,0
530.344,8
530.45,17
530.557,48
530.663,45
530.77,84
530.876,104
530.983,17
531.089,10
531.196,13
531.302,0
531.409,0
531.515,18
531.622,15
531.728,22
531.835,0
531.941,0
532.048,1
532.154,0
532.261,0
532.367,8
532.474,0
532.581,0
532.687,0
532.794,5
532.9,7
533.007,16
533.113,7
533.22,3
533.326,7
533.433,17
533.539,0
533.646,0
533.752,0
533.859,13
533.965,52
534.072,0
534.178,13
534.285,14
534.391,4
534.498,0
534.604,15
534.711,11
534.817,24
534.924,5
535.03,20
535.137,0
535.243,0
535.35,0
535.456,31
535.563,20
535.669,0
535.776,21
535.882,7
535.989,0
536.095,0
536.202,13
536.308,8
536.415,18
536.521,9
536.628,0
536.735,17
536.841,19
536.948,8
537.054,20
537.161,0
537.267,7
537.374,12
537.48,13
537.587,5
537.693,13
537.8,5
537.906,0
538.013,0
538.119,0
538.226,11
538.332,0
538.439,0
538.545,8
538.652,0
538.758,0
538.865,0
538.971,0
539.078,24
539.184,0
539.291,1
539.397,0
539.504,3
539.61,19
539.717,18
539.823,8
539.93,1
540.036,0
540.143,0
540.249,0
540.356,0
540.462,19
540.569,80
540.675,10
540.782,0
540.888,0
540.995,0
541.101,4
541.208,0
541.314,0
541.421,0
541.527,2
541.634,0
541.74,0
541.847,13
541.953,17
542.06,3
542.166,7
542.273,20
542.379,6
542.486,1
542.592,12
542.699,14
542.805,20
542.912,13
543.018,0
543.125,0
543.231,0
543.338,0
543.444,0
543.551,0
543.657,0
543.764,3
543.87,13
543.977,0
544.083,0
544.19,0
544.296,13
544.403,0
544.509,0
544.616,0
544.722,0
544.829,3
544.935,6
545.042,2
545.148,2
545.255,2
545.361,0
545.467,0
545.574,0
545.68,12
545.787,21
545.893,0
546,0
546.106,6
546.213,0
546.319,0
546.426,3
546.532,0
546.639,0
546.745,3
546.852,0
546.958,0
547.065,0
547.171,0
547.278,0
547.384,4
547.491,0
547.597,4
547.704,1
547.81,5
547.917,0
548.023,0
548.13,2
548.236,1
548.343,0
548.449,4
548.556,5
548.662,6
548.769,0
548.875,0
548.982,0
549.088,19
549.195,0
549.301,0
549.408,3
549.514,33
549.62,0
549.727,24
549.833,6
549.94,6
550.046,11
550.153,0
550.259,3
550.366,0
550.472,0
550.579,16
550.685,23
550.792,16
550.898,1
551.005,0
551.111,12
551.218,34
551.324,0
551.431,7
551.537,0
551.644,0
551.75,13
551.857,11
551.963,0
552.07,0
552.176,22
552.282,0
552.389,2
552.495,0
552.602,24
552.708,19
552.815,0
552.921,4
553.028,21
553.134,14
553.241,12
553.347,16
553.454,6
553.56,0
553.667,19
553.773,2
553.88,0
553.986,13
554.093,11
554.199,0
554.305,16
554.412,0
554.518,0
554.625,17
554.731,4
554.838,0
554.944,7
555.051,15
555.157,0
555.264,1
555.37,19
555.477,0
555.583,2
555.69,12
555.796,0
555.903,0
556.009,0
556.115,0
556.222,0
556.328,29
556.435,1
556.541,1
556.648,0
556.754,2
556.861,24
556.967,0
557.074,12
557.18,0
557.287,0
557.393,0
557.5,10
557.606,32
557.713,4
557.819,0
557.925,0
558.032,21
558.138,19
558.245,28
558.351,6
558.458,20
558.564,8
558.671,0
558.777,0
558.884,12
558.99,0
559.097,0
559.203,13
559.309,0
559.416,23
559.522,0
559.629,3
559.735,15
559.842,0
559.948,0
560.055,25
560.161,0
560.268,0
560.374,9
560.481,0
560.587,12
560.693,0
560.8,12
560.906,42
561.013,0
561.119,0
561.226,11
561.332,22
561.439,7
561.545,0
561.652,0
561.758,24
561.864,61
561.971,8
562.077,73
562.184,74
562.29,12
562.397,13
562.503,0
562.61,0
562.716,0
562.823,10
562.929,8
563.035,5
563.142,4
563.248,0
563.355,0
563.461,12
563.568,0
563.674,0
563.781,0
563.887,14
563.994,0
564.1,0
564.206,20
564.313,0
564.419,11
564.526,2
564.632,0
564.739,12
564.845,0
564.952,2
565.058,0
565.165,0
565.271,3
565.377,18
565.484,0
565.59,11
565.697,2
565.803,20
565.91,16
566.016,13
566.123,17
566.229,7
566.335,9
566.442,9
566.548,0
566.655,30
566.761,82
566.868,86
566.974,51
567.081,13
567.187,0
567.293,0
567.4,0
567.506,0
567.613,2
567.719,6
567.826,10
567.932,0
568.039,16
568.145,0
568.251,0
568.358,18
568.464,0
568.571,0
568.677,0
568.784,12
568.89,3
568.997,4
569.103,33
569.209,0
569.316,0
569.422,7
569.529,0
569.635,0
569.742,0
569.848,0
569.955,0
570.061,0
570.167,1
570.274,0
570.38,0
570.487,0
570.593,9
570.7,0
570.806,31
570.912,12
571.019,11
571.125,2
571.232,10
571.338,0
571.445,0
571.551,13
571.658,0
571.764,22
571.87,36
571.977,0
572.083,0
572.19,0
572.296,0
572.403,45
572.509,22
572.615,0
572.722,20
572.828,9
572.935,11
573.041,0
573.148,7
573.254,2
573.36,0
573.467,3
573.573,62
573.68,36
573.786,8
573.893,0
573.999,9
574.105,26
574.212,1
574.318,0
574.425,0
574.531,0
574.638,0
574.744,0
574.85,0
574.957,0
575.063,0
575.17,0
575.276,23
575.383,20
575.489,0
575.595,7
575.702,3
575.808,6
575.915,15
576.021,0
576.128,0
576.234,0
576.34,20
576.447,0
576.553,22
576.66,0
576.766,16
576.873,22
576.979,0
577.085,25
577.192,0
577.298,0
577.405,0
577.511,8
577.618,0
577.724,0
577.83,8
577.937,8
578.043,0
578.15,0
578.256,10
578.363,1
578.469,10
578.575,14
578.682,6
578.788,0
578.895,25
579.001,10
579.107,0
579.214,19
579.32,6
579.427,0
579.533,1
579.64,0
579.746,0
579.852,0
579.959,0
580.065,15
580.172,0
580.278,0
580.384,0
580.491,3
580.597,14
580.704,2
580.81,16
580.917,11
581.023,0
581.129,3
581.236,1
581.342,0
581.449,4
581.555,3
581.661,20
581.768,13
581.874,9
581.981,0
582.087,0
582.193,20
582.3,6
582.406,0
582.513,0
582.619,0
582.726,8
582.832,0
582.938,0
583.045,43
583.151,33
583.258,0
583.364,0
583.47,6
583.577,12
583.683,0
583.79,20
583.896,0
584.002,1
584.109,2
584.215,9
584.322,0
584.428,0
584.535,28
584.641,17
584.747,9
584.854,18
584.96,21
585.067,6
585.173,0
585.279,2
585.386,12
585.492,8
585.599,0
585.705,0
585.811,0
585.918,14
586.024,0
586.131,0
586.237,14
586.343,16
586.45,17
586.556,40
586.663,10
586.769,0
586.875,0
586.982,0
587.088,9
587.195,3
587.301,0
587.407,0
587.514,0
587.62,0
587.727,2
587.833,3
587.939,0
588.046,17
588.152,13
588.259,3
588.365,49
588.471,3
588.578,0
588.684,0
588.791,6
588.897,0
589.003,0
589.11,0
589.216,0
589.323,0
589.429,13
589.535,0
589.642,0
589.748,21
589.855,4
589.961,0
590.067,0
590.174,18
590.28,0
590.387,10
590.493,40
590.599,25
590.706,0
590.812,0
590.918,0
591.025,0
591.131,0
591.238,0
591.344,0
591.45,0
591.557,0
591.663,28
591.77,0
591.876,0
591.982,0
592.089,0
592.195,4
592.302,4
592.408,3
592.514,0
592.621,0
592.727,0
592.834,0
592.94,25
593.046,22
593.153,16
593.259,0
593.365,0
593.472,2
593.578,0
593.685,30
593.791,21
593.897,2
594.004,0
594.11,6
594.217,0
594.323,0
594.429,0
594.536,9
594.642,28
594.748,16
594.855,0
594.961,1
595.068,10
595.174,9
595.28,13
595.387,18
595.493,12
595.6,0
595.706,0
595.812,18
595.919,0
596.025,0
596.131,0
596.238,0
596.344,8
596.451,0
596.557,2
596.663,1
596.77,18
596.876,22
596.982,0
597.089,5
597.195,0
597.302,0
597.408,0
597.514,0
597.621,2
597.727,25
597.833,0
597.94,10
598.046,0
598.153,0
598.259,1
598.365,0
598.472,2
598.578,32
598.685,10
598.791,68
598.897,31
599.004,31
599.11,12
599.216,0
599.323,6
599.429,11
599.535,3
599.642,0
599.748,0
599.855,19
599.961,0
600.067,4
600.174,48
600.28,23
600.386,0
600.493,0
600.599,1
600.706,5
600.812,9
600.918,13
601.025,10
601.131,0
601.237,0
601.344,5
601.45,19
601.557,8
601.663,6
601.769,0
601.876,46
601.982,0
602.088,17
602.195,1
602.301,0
602.407,0
602.514,0
602.62,37
602.727,0
602.833,17
602.939,0
603.046,0
603.152,17
603.258,21
603.365,6
603.471,0
603.577,9
603.684,0
603.79,0
603.897,5
604.003,12
604.109,0
604.216,0
604.322,57
604.428,44
604.535,0
604.641,0
604.747,0
604.854,23
604.96,2
605.067,6
605.173,25
605.279,21
605.386,25
605.492,0
605.598,4
605.705,15
605.811,0
605.917,0
606.024,4
606.13,10
606.236,0
606.343,0
606.449,15
606.556,66
606.662,38
606.768,25
606.875,0
606.981,0
607.087,0
607.194,0
607.3,0
607.406,0
607.513,0
607.619,6
607.725,22
607.832,24
607.938,25
608.045,4
608.151,48
608.257,14
608.364,0
608.47,4
608.576,5
608.683,4
608.789,0
608.895,22
609.002,18
609.108,0
609.214,14
609.321,5
609.427,0
609.533,0
609.64,29
609.746,1
609.852,4
609.959,0
610.065,0
610.172,0
610.278,0
610.384,0
610.491,0
610.597,0
610.703,21
610.81,15
610.916,0
611.022,19
611.129,17
611.235,14
611.341,29
611.448,26
611.554,1
611.66,24
611.767,11
611.873,3
611.979,0
612.086,0
612.192,18
612.298,0
612.405,0
612.511,5
612.617,0
612.724,3
612.83,0
612.936,4
613.043,7
613.149,0
613.255,0
613.362,20
613.468,7
613.575,0
613.681,0
613.787,4
613.894,12
614,0
614.106,0
614.213,6
614.319,9
614.425,13
614.532,0
614.638,0
614.744,11
614.851,0
614.957,6
615.063,15
615.17,0
615.276,0
615.382,0
615.489,0
615.595,0
615.701,0
615.808,0
615.914,8
616.02,0
616.127,3
616.233,0
616.339,7
616.446,6
616.552,0
616.658,15
616.765,0
616.871,24
616.977,8
617.084,3
617.19,0
617.296,14
617.403,0
617.509,21
617.615,0
617.722,0
617.828,5
617.934,7
618.041,0
618.147,7
618.253,23
618.36,29
618.466,6
618.572,0
618.679,0
618.785,13
618.891,2
618.998,0
619.104,12
619.21,4
619.316,0
619.423,1
619.529,0
619.635,23
619.742,6
619.848,0
619.954,16
620.061,21
620.167,15
620.273,0
620.38,0
620.486,0
620.592,17
620.699,17
620.805,0
620.911,22
621.018,4
621.124,17
621.23,2
621.337,15
621.443,1
621.549,0
621.656,0
621.762,5
621.868,0
621.975,30
622.081,5
622.187,0
622.294,0
622.4,3
622.506,10
622.612,19
622.719,174
622.825,141
622.931,49
623.038,0
623.144,2
623.25,0
623.357,0
623.463,8
623.569,0
623.676,5
623.782,7
623.888,8
623.995,17
624.101,0
624.207,0
624.314,3
624.42,15
624.526,0
624.632,0
624.739,0
624.845,22
624.951,20
625.058,0
625.164,0
625.27,16
625.377,0
625.483,0
625.589,32
625.696,17
625.802,17
625.908,3
626.015,0
626.121,0
626.227,0
626.333,12
626.44,0
626.546,0
626.652,0
626.759,4
626.865,2
626.971,0
627.078,0
627.184,9
627.29,21
627.397,15
627.503,14
627.609,0
627.715,8
627.822,1
627.928,8
628.034,24
628.141,0
628.247,0
628.353,0
628.46,0
628.566,13
628.672,9
628.778,0
628.885,0
628.991,17
629.097,42
629.204,23
629.31,26
629.416,14
629.523,2
629.629,17
629.735,0
629.841,0
629.948,0
630.054,28
630.16,20
630.267,0
630.373,0
630.479,0
630.586,0
630.692,29
630.798,3
630.904,0
631.011,11
631.117,15
631.223,0
631.33,0
631.436,12
631.542,0
631.649,13
631.755,0
631.861,0
631.967,12
632.074,0
632.18,20
632.286,43
632.393,35
632.499,79
632.605,25
632.711,0
632.818,0
632.924,12
633.03,0
633.137,0
633.243,0
633.349,24
633.456,23
633.562,0
633.668,0
633.774,26
633.881,36
633.987,17
634.093,0
634.2,7
634.306,0
634.412,1
634.518,0
634.625,0
634.731,14
634.837,0
634.944,9
635.05,24
635.156,22
635.262,0
635.369,2
635.475,0
635.581,0
635.688,30
635.794,7
635.9,14
636.006,0
636.113,0
636.219,65
636.325,45
636.432,0
636.538,1
636.644,0
636.75,9
636.857,16
636.963,16
637.069,10
637.176,0
637.282,17
637.388,13
637.494,0
637.601,33
637.707,0
637.813,0
637.92,1
638.026,0
638.132,8
638.238,3
638.345,0
638.451,10
638.557,2
638.663,4
638.77,0
638.876,1
638.982,0
639.089,0
639.195,0
639.301,0
639.407,0
639.514,10
639.62,24
639.726,0
639.833,11
639.939,30
640.045,10
640.151,27
640.258,0
640.364,0
640.47,17
640.576,0
640.683,0
640.789,34
640.895,2
641.002,0
641.108,0
641.214,28
641.32,0
641.427,0
641.533,0
641.639,0
641.745,0
641.852,11
641.958,21
642.064,20
642.171,12
642.277,15
642.383,0
642.489,3
642.596,5
642.702,0
642.808,0
642.914,23
643.021,17
643.127,6
643.233,2
643.339,9
643.446,17
643.552,0
643.658,5
643.765,6
643.871,0
643.977,0
644.083,0
644.19,0
644.296,15
644.402,13
644.508,33
644.615,161
644.721,190
644.827,78
644.933,26
645.04,0
645.146,0
645.252,14
645.358,22
645.465,5
645.571,22
645.677,1
645.784,24
645.89,19
645.996,15
646.102,14
646.209,12
646.315,22
646.421,13
646.527,8
646.634,0
646.74,0
646.846,48
646.952,40
647.059,5
647.165,0
647.271,0
647.377,41
647.484,64
647.59,11
647.696,14
647.802,29
647.909,21
648.015,4
648.121,13
648.227,11
648.334,12
648.44,7
648.546,7
648.652,24
648.759,4
648.865,0
648.971,18
649.077,0
649.184,0
649.29,0
649.396,0
649.502,4
649.609,12
649.715,0
649.821,0
649.927,15
650.034,5
650.14,0
650.246,25
650.352,26
650.459,0
650.565,0
650.671,0
650.777,0
650.884,8
650.99,102
651.096,145
651.202,56
651.309,26
651.415,0
651.521,0
651.627,17
651.734,0
651.84,0
651.946,12
652.052,0
652.159,37
652.265,9
652.371,8
652.477,0
652.584,0
652.69,6
652.796,0
652.902,1
653.009,33
653.115,15
653.221,22
653.327,2
653.434,27
653.54,0
653.646,18
653.752,0
653.858,14
653.965,8
654.071,13
654.177,3
654.283,0
654.39,6
654.496,15
654.602,8
654.708,0
654.815,60
654.921,80
655.027,27
655.133,14
655.24,6
655.346,0
655.452,3
655.558,0
655.665,13
655.771,12
655.877,0
655.983,0
656.089,28
656.196,7
656.302,9
656.408,0
656.514,35
656.621,39
656.727,7
656.833,0
656.939,0
657.046,28
657.152,33
657.258,0
657.364,0
657.47,50
657.577,25
657.683,27
657.789,0
657.895,0
658.002,0
658.108,18
658.214,3
658.32,0
658.427,0
658.533,0
658.639,4
658.745,73
658.851,30
658.958,0
659.064,3
659.17,17
659.276,0
659.383,6
659.489,10
659.595,19
659.701,12
659.807,73
659.914,44
660.02,21
660.126,6
660.232,0
660.339,8
660.445,0
660.551,0
660.657,0
660.763,26
660.87,57
660.976,16
661.082,0
661.188,26
661.295,6
661.401,8
661.507,4
661.613,15
661.719,5
661.826,0
661.932,2
662.038,17
662.144,24
662.251,43
662.357,71
662.463,34
662.569,5
662.675,0
662.782,3
662.888,11
662.994,5
663.1,32
663.206,31
663.313,29
663.419,18
663.525,10
663.631,12
663.738,12
663.844,0
663.95,0
664.056,0
664.162,24
664.269,0
664.375,0
664.481,24
664.587,24
664.693,3
664.8,0
664.906,29
665.012,4
665.118,15
665.225,0
665.331,0
665.437,14
665.543,6
665.649,30
665.756,45
665.862,12
665.968,15
666.074,10
666.18,0
666.287,14
666.393,11
666.499,0
666.605,0
666.711,15
666.818,0
666.924,0
667.03,8
667.136,0
667.242,0
667.349,0
667.455,17
667.561,51
667.667,37
667.773,43
667.88,73
667.986,43
668.092,53
668.198,12
668.304,5
668.411,26
668.517,34
668.623,22
668.729,1
668.835,2
668.942,8
669.048,32
669.154,7
669.26,0
669.366,5
669.473,80
669.579,111
669.685,33
669.791,0
669.897,0
670.004,0
670.11,0
670.216,19
670.322,4
670.428,116
670.535,155
670.641,93
670.747,4
670.853,0
670.959,11
671.066,19
671.172,13
671.278,0
671.384,2
671.49,33
671.597,0
671.703,6
671.809,0
671.915,0
672.021,0
672.128,25
672.234,12
672.34,1
672.446,0
672.552,6
672.658,12
672.765,3
672.871,0
672.977,21
673.083,17
673.189,0
673.296,0
673.402,10
673.508,8
673.614,30
673.72,14
673.827,0
673.933,11
674.039,17
674.145,34
674.251,0
674.357,4
674.464,24
674.57,17
674.676,142
674.782,211
674.888,87
674.995,6
675.101,0
675.207,3
675.313,0
675.419,12
675.526,0
675.632,13
675.738,19
675.844,12
675.95,0
676.056,9
676.163,21
676.269,0
676.375,0
676.481,60
676.587,99
676.693,49
676.8,27
676.906,18
677.012,5
677.118,0
677.224,4
677.331,24
677.437,4
677.543,0
677.649,0
677.755,76
677.861,141
677.968,78
678.074,32
678.18,7
678.286,0
678.392,0
678.498,0
678.605,0
678.711,27
678.817,32
678.923,0
679.029,0
679.136,16
679.242,20
679.348,6
679.454,10
679.56,0
679.666,1
679.773,0
679.879,2
679.985,10
680.091,0
680.197,0
680.303,0
680.41,4
680.516,0
680.622,11
680.728,6
680.834,7
680.94,2
681.047,11
681.153,8
681.259,11
681.365,0
681.471,0
681.577,0
681.684,0
681.79,0
681.896,0
682.002,7
682.108,26
682.214,0
682.321,0
682.427,19
682.533,28
682.639,3
682.745,0
682.851,0
682.958,11
683.064,8
683.17,9
683.276,0
683.382,1
683.488,0
683.595,8
683.701,0
683.807,2
683.913,7
684.019,14
684.125,0
684.231,0
684.338,31
684.444,0
684.55,8
684.656,0
684.762,0
684.868,12
684.975,0
685.081,0
685.187,0
685.293,14
685.399,0
685.505,10
685.611,0
685.718,17
685.824,19
685.93,12
686.036,12
686.142,54
686.248,0
686.355,0
686.461,0
686.567,0
686.673,2
686.779,0
686.885,4
686.991,13
687.098,5
687.204,5
687.31,41
687.416,15
687.522,0
687.628,9
687.735,0
687.841,0
687.947,10
688.053,20
688.159,0
688.265,14
688.371,0
688.478,0
688.584,18
688.69,0
688.796,0
688.902,7
689.008,0
689.114,6
689.221,0
689.327,36
689.433,0
689.539,0
689.645,0
689.751,0
689.857,8
689.964,0
690.07,15
690.176,0
690.282,0
690.388,22
690.494,0
690.6,10
690.707,32
690.813,15
690.919,11
691.025,0
691.131,28
691.237,1
691.343,14
691.45,35
691.556,0
691.662,8
691.768,0
691.874,0
691.98,0
692.086,0
692.193,1
692.299,0
692.405,0
692.511,19
692.617,0
692.723,0
692.829,29
692.935,0
693.042,10
693.148,4
693.254,0
693.36,26
693.466,3
693.572,0
693.678,28
693.785,18
693.891,8
693.997,0
694.103,0
694.209,36
694.315,0
694.421,2
694.527,2
694.634,0
694.74,0
694.846,26
694.952,1
695.058,0
695.164,9
695.27,33
695.376,14
695.483,0
695.589,0
695.695,0
695.801,0
695.907,2
696.013,17
696.119,2
696.225,0
696.332,10
696.438,0
696.544,6
696.65,0
696.756,0
696.862,0
696.968,0
697.074,2
697.181,3
697.287,0
697.393,45
697.499,2
697.605,10
697.711,8
697.817,6
697.923,0
698.03,0
698.136,19
698.242,23
698.348,0
698.454,0
698.56,8
698.666,4
698.772,3
698.879,0
698.985,2
699.091,17
699.197,19
699.303,0
699.409,0
699.515,16
