59.6745,0
59.7814,18
59.8883,46
59.9952,62
60.1021,0
60.209,0
60.3159,0
60.4228,4
60.5296,10
60.6365,0
60.7434,14
60.8503,21
60.9572,0
61.0641,0
61.171,21
61.2779,0
61.3848,4
61.4917,26
61.5986,0
61.7055,14
61.8124,0
61.9193,13
62.0261,0
62.133,0
62.2399,0
62.3468,0
62.4537,0
62.5606,0
62.6675,1
62.7744,17
62.8813,0
62.9882,4
63.0951,7
63.202,0
63.3089,3
63.4158,21
63.5226,0
63.6295,3
63.7364,13
63.8433,2
63.9502,0
64.0571,26
64.164,8
64.2709,6
64.3778,5
64.4847,13
64.5916,26
64.6985,11
64.8054,0
64.9123,0
65.0192,16
65.1261,19
65.2329,0
65.3398,20
65.4467,0
65.5536,14
65.6605,4
65.7674,2
65.8743,23
65.9812,26
66.0881,29
66.195,13
66.3019,2
66.4088,10
66.5157,6
66.6226,0
66.7295,11
66.8364,14
66.9433,0
67.0502,3
67.157,0
67.2639,40
67.3708,11
67.4777,21
67.5846,15
67.6915,0
67.7984,22
67.9053,13
68.0122,4
68.1191,21
68.226,7
68.3329,12
68.4398,6
68.5467,0
68.6536,19
68.7605,4
68.8674,25
68.9743,0
69.0812,0
69.1881,28
69.295,0
69.4018,24
69.5087,22
69.6156,0
69.7225,0
69.8294,10
69.9363,0
70.0432,0
70.1501,0
70.257,0
70.3639,12
70.4708,0
70.5777,20
70.6846,28
70.7915,3
70.8984,0
71.0053,30
71.1122,23
71.2191,0
71.326,0
71.4329,0
71.5398,0
71.6467,5
71.7536,36
71.8605,8
71.9674,0
72.0742,21
72.1811,6
72.288,13
72.3949,7
72.5018,29
72.6087,10
72.7156,19
72.8225,18
72.9294,9
73.0363,20
73.1432,6
73.2501,0
73.357,0
73.4639,7
73.5708,0
73.6777,0
73.7846,5
73.8915,0
73.9984,9
74.1053,22
74.2122,12
74.3191,34
74.426,16
74.5329,0
74.6398,7
74.7467,17
74.8536,0
74.9605,12
75.0674,30
75.1743,0
75.2812,0
75.3881,12
75.495,0
75.6019,0
75.7088,24
75.8157,17
75.9225,0
76.0294,34
76.1363,0
76.2432,24
76.3501,26
76.457,28
76.5639,0
76.6708,0
76.7777,7
76.8846,32
76.9915,10
77.0984,0
77.2053,8
77.3122,4
77.4191,44
77.526,0
77.6329,0
77.7398,10
77.8467,0
77.9536,14
78.0605,21
78.1674,2
78.2743,0
78.3812,1
78.4881,18
78.595,7
78.7019,0
78.8088,0
78.9157,0
79.0226,0
79.1295,28
79.2364,23
79.3433,13
79.4502,2
79.5571,3
79.664,11
79.7709,0
79.8778,8
79.9847,2
80.0916,0
80.1985,10
80.3054,0
80.4123,18
80.5192,34
80.6261,13
80.733,14
80.8399,0
80.9468,0
81.0537,0
81.1606,0
81.2675,9
81.3744,21
81.4813,0
81.5882,0
81.6951,0
81.802,3
81.9089,4
82.0158,4
82.1227,0
82.2296,2
82.3365,9
82.4434,15
82.5503,8
82.6572,0
82.7641,0
82.871,0
82.9779,0
83.0848,0
83.1917,0
83.2986,20
83.4055,3
83.5124,0
83.6193,0
83.7262,4
83.8331,13
83.94,22
84.0469,0
84.1538,24
84.2607,3
84.3676,0
84.4745,1
84.5814,0
84.6883,10
84.7952,2
84.9021,25
85.009,9
85.1159,5
85.2228,11
85.3297,16
85.4366,8
85.5435,0
85.6504,10
85.7573,7
85.8642,28
85.9711,6
86.078,32
86.1849,6
86.2918,0
86.3987,1
86.5056,0
86.6125,6
86.7194,0
86.8263,0
86.9332,0
87.0401,7
87.147,16
87.2539,12
87.3608,0
87.4677,4
87.5746,0
87.6815,16
87.7884,2
87.8953,0
88.0022,26
88.1091,1
88.216,0
88.3229,20
88.4298,10
88.5367,27
88.6436,0
88.7505,0
88.8574,14
88.9643,32
89.0712,0
89.1781,0
89.285,4
89.3919,17
89.4988,14
89.6057,0
89.7126,19
89.8195,7
89.9264,0
90.0334,0
90.1403,0
90.2472,0
90.3541,0
90.461,0
90.5679,14
90.6748,4
90.7817,12
90.8886,13
90.9955,20
91.1024,2
91.2093,18
91.3162,9
91.4231,13
91.53,8
91.6369,24
91.7438,0
91.8507,0
91.9576,32
92.0645,18
92.1714,0
92.2783,0
92.3852,21
92.4921,20
92.599,0
92.7059,6
92.8128,14
92.9197,0
93.0266,7
93.1335,0
93.2404,10
93.3473,25
93.4542,14
93.5611,0
93.668,14
93.7749,6
93.8818,13
93.9887,11
94.0956,38
94.2025,0
94.3095,12
94.4164,11
94.5233,0
94.6302,5
94.7371,5
94.844,1
94.9509,0
95.0578,1
95.1647,4
95.2716,16
95.3785,0
95.4854,26
95.5923,32
95.6992,0
95.8061,0
95.913,3
96.0199,32
96.1268,0
96.2337,0
96.3406,0
96.4475,0
96.5544,26
96.6613,38
96.7682,7
96.8751,25
96.982,8
97.0889,26
97.1958,35
97.3027,8
97.4097,0
97.5166,14
97.6235,0
97.7304,0
97.8373,5
97.9442,1
98.0511,0
98.158,0
98.2649,6
98.3718,23
98.4787,8
98.5856,0
98.6925,11
98.7994,23
98.9063,33
99.0132,6
99.1201,22
99.227,0
99.3339,0
99.4408,0
99.5477,0
99.6546,21
99.7615,0
99.8684,13
99.9753,0
100.082,16
100.189,23
100.296,35
100.403,14
100.51,2
100.617,25
100.724,0
100.831,0
100.937,15
101.044,0
101.151,0
101.258,33
101.365,0
101.472,5
101.579,26
101.686,0
101.793,0
101.9,0
102.007,42
102.113,30
102.22,16
102.327,0
102.434,0
102.541,0
102.648,38
102.755,17
102.862,0
102.969,0
103.076,36
103.182,35
103.289,2
103.396,0
103.503,16
103.61,4
103.717,10
103.824,0
103.931,0
104.038,6
104.145,0
104.252,3
104.358,30
104.465,0
104.572,0
104.679,0
104.786,30
104.893,0
105,0
105.107,4
105.214,32
105.321,28
105.427,0
105.534,4
105.641,16
105.748,35
105.855,29
105.962,0
106.069,0
106.176,2
106.283,0
106.39,23
106.497,26
106.603,14
106.71,4
106.817,8
106.924,19
107.031,3
107.138,11
107.245,0
107.352,0
107.459,14
107.566,0
107.673,0
107.779,0
107.886,0
107.993,0
108.1,7
108.207,0
108.314,19
108.421,13
108.528,3
108.635,0
108.742,18
108.848,22
108.955,8
109.062,0
109.169,2
109.276,0
109.383,6
109.49,0
109.597,5
109.704,0
109.811,17
109.918,0
110.024,0
110.131,4
110.238,28
110.345,0
110.452,0
110.559,14
110.666,0
110.773,12
110.88,0
110.987,10
111.094,0
111.2,8
111.307,10
111.414,7
111.521,0
111.628,17
111.735,32
111.842,5
111.949,0
112.056,6
112.163,0
112.269,8
112.376,0
112.483,6
112.59,0
112.697,0
112.804,29
112.911,9
113.018,15
113.125,0
113.232,0
113.339,49
113.445,31
113.552,15
113.659,0
113.766,0
113.873,20
113.98,2
114.087,0
114.194,0
114.301,0
114.408,13
114.515,0
114.621,0
114.728,15
114.835,18
114.942,7
115.049,0
115.156,9
115.263,16
115.37,13
115.477,145
115.584,122
115.69,65
115.797,0
115.904,0
116.011,0
116.118,0
116.225,6
116.332,0
116.439,14
116.546,9
116.653,4
116.76,0
116.866,18
116.973,0
117.08,2
117.187,2
117.294,4
117.401,12
117.508,0
117.615,9
117.722,13
117.829,15
117.936,10
118.042,0
118.149,16
118.256,26
118.363,0
118.47,12
118.577,9
118.684,0
118.791,4
118.898,8
119.005,3
119.112,12
119.218,11
119.325,10
119.432,2
119.539,18
119.646,14
119.753,0
119.86,18
119.967,5
120.074,8
120.181,3
120.287,0
120.394,0
120.501,35
120.608,20
120.715,0
120.822,0
120.929,0
121.036,0
121.143,0
121.25,0
121.357,11
121.463,6
121.57,0
121.677,3
121.784,5
121.891,1
121.998,6
122.105,0
122.212,12
122.319,18
122.426,10
122.533,10
122.639,0
122.746,20
122.853,9
122.96,9
123.067,0
123.174,4
123.281,19
123.388,0
123.495,0
123.602,0
123.709,0
123.815,0
123.922,0
124.029,36
124.136,28
124.243,8
124.35,0
124.457,4
124.564,0
124.671,31
124.778,1
124.885,0
124.991,0
125.098,14
125.205,0
125.312,0
125.419,0
125.526,0
125.633,13
125.74,0
125.847,6
125.954,16
126.061,22
126.167,0
126.274,24
126.381,15
126.488,0
126.595,3
126.702,2
126.809,0
126.916,6
127.023,1
127.13,9
127.236,3
127.343,4
127.45,14
127.557,0
127.664,0
127.771,7
127.878,0
127.985,9
128.092,20
128.199,17
128.306,9
128.412,11
128.519,0
128.626,0
128.733,18
128.84,7
128.947,9
129.054,0
129.161,0
129.268,4
129.375,0
129.482,8
129.588,0
129.695,13
129.802,2
129.909,0
130.016,0
130.123,16
130.23,0
130.337,0
130.444,0
130.551,2
130.658,0
130.764,17
130.871,24
130.978,0
131.085,11
131.192,0
131.299,0
131.406,13
131.513,6
131.62,0
131.727,0
131.834,11
131.94,0
132.047,18
132.154,0
132.261,0
132.368,3
132.475,2
132.582,2
132.689,17
132.796,0
132.903,0
133.01,0
133.116,0
133.223,0
133.33,0
133.437,0
133.544,0
133.651,9
133.758,0
133.865,4
133.972,13
134.079,11
134.186,0
134.292,0
134.399,0
134.506,5
134.613,0
134.72,11
134.827,34
134.934,13
135.041,0
135.148,0
135.255,0
135.362,6
135.468,2
135.575,0
135.682,4
135.789,2
135.896,13
136.003,5
136.11,23
136.217,0
136.324,39
136.431,12
136.538,0
136.644,6
136.751,0
136.858,0
136.965,0
137.072,9
137.179,0
137.286,0
137.393,0
137.5,0
137.607,0
137.714,2
137.82,0
137.927,0
138.034,19
138.141,22
138.248,0
138.355,9
138.462,6
138.569,0
138.676,0
138.783,0
138.89,0
138.996,3
139.103,0
139.21,6
139.317,13
139.424,0
139.531,4
139.638,8
139.745,4
139.852,14
139.959,0
140.065,0
140.172,0
140.279,25
140.386,0
140.493,31
140.6,22
140.707,0
140.814,13
140.921,0
141.028,42
141.135,16
141.241,0
141.348,11
141.455,18
141.562,0
141.669,0
141.776,0
141.883,5
141.99,11
142.097,0
142.204,0
142.311,28
142.417,0
142.524,0
142.631,10
142.738,13
142.845,0
142.952,0
143.059,0
143.166,19
143.273,10
143.38,0
143.487,0
143.593,2
143.7,0
143.807,3
143.914,28
144.021,0
144.128,4
144.235,6
144.342,12
144.449,2
144.556,0
144.663,22
144.769,0
144.876,2
144.983,0
145.09,2
145.197,0
145.304,0
145.411,4
145.518,8
145.625,33
145.732,0
145.839,24
145.945,14
146.052,8
146.159,0
146.266,0
146.373,0
146.48,0
146.587,0
146.694,19
146.801,0
146.908,0
147.015,6
147.121,0
147.228,0
147.335,28
147.442,0
147.549,0
147.656,34
147.763,0
147.87,2
147.977,10
148.084,0
148.191,0
148.297,26
148.404,4
148.511,0
148.618,21
148.725,2
148.832,0
148.939,22
149.046,0
149.153,0
149.26,33
149.367,0
149.473,0
149.58,0
149.687,18
149.794,0
149.901,0
150.008,16
150.115,0
150.222,0
150.329,7
150.436,6
150.543,0
150.649,16
150.756,0
150.863,9
150.97,26
151.077,0
151.184,1
151.291,42
151.398,4
151.505,0
151.612,0
151.719,9
151.825,11
151.932,0
152.039,0
152.146,2
152.253,0
152.36,0
152.467,0
152.574,0
152.681,0
152.788,0
152.894,2
153.001,0
153.108,0
153.215,0
153.322,13
153.429,0
153.536,0
153.643,0
153.75,0
153.857,0
153.964,0
154.07,11
154.177,26
154.284,3
154.391,30
154.498,21
154.605,30
154.712,10
154.819,0
154.926,0
155.033,11
155.14,9
155.246,7
155.353,5
155.46,12
155.567,4
155.674,9
155.781,4
155.888,4
155.995,0
156.102,32
156.209,0
156.316,11
156.422,0
156.529,0
156.636,0
156.743,1
156.85,21
156.957,0
157.064,4
157.171,27
157.278,0
157.385,2
157.492,21
157.598,0
157.705,0
157.812,19
157.919,10
158.026,0
158.133,39
158.24,0
158.347,15
158.454,0
158.561,13
158.668,14
158.774,0
158.881,0
158.988,24
159.095,30
159.202,7
159.309,0
159.416,0
159.523,8
159.63,6
159.737,0
159.844,0
159.95,0
160.057,0
160.164,5
160.271,14
160.378,4
160.485,0
160.592,0
160.699,0
160.806,9
160.913,0
161.019,7
161.126,0
161.233,0
161.34,16
161.447,24
161.554,0
161.661,0
161.768,0
161.875,7
161.982,21
162.089,0
162.195,0
162.302,16
162.409,39
162.516,40
162.623,0
162.73,0
162.837,0
162.944,0
163.051,21
163.158,0
163.265,0
163.371,0
163.478,0
163.585,24
163.692,3
163.799,18
163.906,11
164.013,0
164.12,0
164.227,17
164.334,0
164.441,0
164.547,0
164.654,0
164.761,15
164.868,0
164.975,0
165.082,18
165.189,28
165.296,16
165.403,0
165.51,45
165.616,16
165.723,0
165.83,0
165.937,0
166.044,0
166.151,5
166.258,0
166.365,0
166.472,7
166.579,0
166.686,0
166.792,10
166.899,23
167.006,0
167.113,5
167.22,0
167.327,6
167.434,0
167.541,0
167.648,0
167.755,19
167.862,9
167.968,0
168.075,1
168.182,15
168.289,0
168.396,12
168.503,0
168.61,29
168.717,0
168.824,0
168.931,17
169.037,0
169.144,17
169.251,5
169.358,0
169.465,0
169.572,0
169.679,16
169.786,0
169.893,0
170,0
170.107,0
170.213,3
170.32,0
170.427,0
170.534,0
170.641,0
170.748,43
170.855,0
170.962,0
171.069,0
171.176,0
171.283,0
171.389,0
171.496,4
171.603,0
171.71,0
171.817,4
171.924,13
172.031,33
172.138,7
172.245,0
172.352,0
172.458,0
172.565,4
172.672,1
172.779,8
172.886,0
172.993,0
173.1,15
173.207,0
173.314,0
173.421,5
173.528,0
173.634,0
173.741,0
173.848,23
173.955,0
174.062,0
174.169,9
174.276,0
174.383,0
174.49,10
174.597,5
174.704,0
174.81,24
174.917,38
175.024,15
175.131,1
175.238,0
175.345,13
175.452,11
175.559,16
175.666,0
175.773,0
175.879,7
175.986,27
176.093,0
176.2,0
176.307,2
176.414,21
176.521,23
176.628,18
176.735,24
176.842,2
176.949,1
177.055,18
177.162,6
177.269,0
177.376,0
177.483,24
177.59,19
177.697,0
177.804,8
177.911,0
178.018,6
178.124,5
178.231,19
178.338,1
178.445,6
178.552,13
178.659,19
178.766,0
178.873,0
178.98,0
179.087,0
179.194,4
179.3,16
179.407,1
179.514,18
179.621,4
179.728,0
179.835,0
179.942,0
180.049,27
180.156,10
180.263,0
180.369,0
180.476,21
180.583,10
180.69,0
180.797,0
180.904,0
181.011,0
181.118,9
181.225,0
181.332,0
181.439,26
181.545,11
181.652,4
181.759,25
181.866,17
181.973,13
182.08,0
182.187,1
182.294,0
182.401,0
182.508,0
182.614,30
182.721,0
182.828,0
182.935,0
183.042,14
183.149,21
183.256,0
183.363,2
183.47,21
183.577,0
183.683,0
183.79,5
183.897,5
184.004,0
184.111,16
184.218,0
184.325,12
184.432,30
184.539,0
184.646,0
184.753,21
184.859,24
184.966,0
185.073,0
185.18,4
185.287,17
185.394,19
185.501,4
185.608,0
185.715,11
185.822,15
185.928,0
186.035,4
186.142,78
186.249,43
186.356,29
186.463,8
186.57,0
186.677,27
186.784,14
186.891,0
186.997,0
187.104,5
187.211,9
187.318,7
187.425,0
187.532,15
187.639,2
187.746,0
187.853,11
187.96,0
188.067,0
188.173,48
188.28,42
188.387,0
188.494,0
188.601,0
188.708,28
188.815,0
188.922,0
189.029,14
189.136,0
189.242,0
189.349,3
189.456,0
189.563,0
189.67,14
189.777,36
189.884,17
189.991,11
190.098,0
190.205,0
190.311,14
190.418,23
190.525,0
190.632,0
190.739,34
190.846,0
190.953,16
191.06,0
191.167,0
191.274,13
191.38,4
191.487,17
191.594,4
191.701,0
191.808,0
191.915,2
192.022,0
192.129,0
192.236,9
192.343,0
192.45,0
192.556,0
192.663,8
192.77,13
192.877,4
192.984,0
193.091,7
193.198,23
193.305,0
193.412,7
193.519,0
193.625,2
193.732,1
193.839,35
193.946,0
194.053,0
194.16,17
194.267,0
194.374,9
194.481,22
194.588,0
194.694,21
194.801,33
194.908,22
195.015,0
195.122,0
195.229,0
195.336,0
195.443,21
195.55,0
195.657,4
195.763,4
195.87,12
195.977,4
196.084,0
196.191,5
196.298,13
196.405,13
196.512,21
196.619,23
196.726,3
196.832,0
196.939,0
197.046,16
197.153,0
197.26,0
197.367,8
197.474,16
197.581,0
197.688,0
197.795,0
197.901,5
198.008,5
198.115,1
198.222,1
198.329,40
198.436,14
198.543,0
198.65,0
198.757,0
198.864,44
198.97,11
199.077,0
199.184,6
199.291,17
199.398,13
199.505,20
199.612,8
199.719,0
199.826,13
199.933,0
200.039,0
200.146,0
200.253,0
200.36,0
200.467,24
200.574,0
200.681,16
200.788,0
200.895,0
201.002,0
201.108,19
201.215,1
201.322,12
201.429,31
201.536,31
201.643,0
201.75,0
201.857,0
201.964,2
202.071,2
202.177,15
202.284,0
202.391,10
202.498,26
202.605,2
202.712,24
202.819,0
202.926,3
203.033,12
203.14,0
203.246,0
203.353,0
203.46,17
203.567,7
203.674,10
203.781,25
203.888,8
203.995,4
204.102,0
204.208,8
204.315,12
204.422,9
204.529,15
204.636,0
204.743,9
204.85,21
204.957,1
205.064,0
205.171,0
205.277,2
205.384,17
205.491,0
205.598,6
205.705,3
205.812,9
205.919,3
206.026,1
206.133,16
206.24,8
206.346,10
206.453,0
206.56,26
206.667,7
206.774,0
206.881,0
206.988,7
207.095,25
207.202,0
207.309,0
207.415,25
207.522,8
207.629,2
207.736,18
207.843,5
207.95,0
208.057,0
208.164,0
208.271,17
208.377,0
208.484,0
208.591,0
208.698,10
208.805,0
208.912,0
209.019,0
209.126,10
209.233,0
209.34,0
209.446,0
209.553,56
209.66,26
209.767,0
209.874,0
209.981,0
210.088,3
210.195,17
210.302,14
210.409,0
210.515,0
210.622,11
210.729,0
210.836,9
210.943,0
211.05,0
211.157,13
211.264,5
211.371,0
211.477,9
211.584,0
211.691,0
211.798,0
211.905,0
212.012,25
212.119,0
212.226,0
212.333,11
212.44,6
212.546,0
212.653,0
212.76,12
212.867,17
212.974,4
213.081,26
213.188,4
213.295,0
213.402,3
213.508,17
213.615,0
213.722,24
213.829,49
213.936,19
214.043,36
214.15,17
214.257,0
214.364,0
214.471,6
214.577,0
214.684,1
214.791,12
214.898,6
215.005,26
215.112,25
215.219,29
215.326,7
215.433,17
215.539,20
215.646,16
215.753,0
215.86,0
215.967,5
216.074,0
216.181,0
216.288,4
216.395,16
216.502,0
216.608,15
216.715,0
216.822,0
216.929,9
217.036,22
217.143,5
217.25,10
217.357,4
217.464,3
217.57,20
217.677,11
217.784,0
217.891,24
217.998,0
218.105,16
218.212,7
218.319,1
218.426,0
218.532,6
218.639,15
218.746,2
218.853,25
218.96,21
219.067,0
219.174,15
219.281,28
219.388,6
219.495,2
219.601,17
219.708,1
219.815,9
219.922,0
220.029,0
220.136,0
220.243,36
220.35,32
220.457,0
220.563,0
220.67,3
220.777,0
220.884,36
220.991,15
221.098,0
221.205,0
221.312,17
221.419,5
221.525,4
221.632,0
221.739,32
221.846,6
221.953,0
222.06,28
222.167,0
222.274,3
222.381,7
222.488,6
222.594,16
222.701,0
222.808,0
222.915,0
223.022,21
223.129,28
223.236,0
223.343,0
223.45,6
223.556,36
223.663,12
223.77,0
223.877,7
223.984,2
224.091,0
224.198,0
224.305,0
224.412,0
224.518,0
224.625,0
224.732,13
224.839,3
224.946,0
225.053,0
225.16,21
225.267,45
225.374,10
225.48,7
225.587,6
225.694,0
225.801,10
225.908,35
226.015,14
226.122,9
226.229,0
226.336,2
226.442,0
226.549,4
226.656,0
226.763,0
226.87,0
226.977,28
227.084,16
227.191,24
227.298,0
227.404,10
227.511,19
227.618,8
227.725,32
227.832,0
227.939,0
228.046,0
228.153,0
228.26,12
228.366,0
228.473,0
228.58,8
228.687,0
228.794,2
228.901,20
229.008,32
229.115,0
229.222,0
229.328,11
229.435,14
229.542,12
229.649,0
229.756,16
229.863,0
229.97,0
230.077,0
230.184,0
230.29,26
230.397,26
230.504,0
230.611,28
230.718,0
230.825,0
230.932,33
231.039,25
231.146,0
231.252,2
231.359,0
231.466,0
231.573,0
231.68,10
231.787,12
231.894,1
232.001,0
232.108,0
232.214,11
232.321,6
232.428,20
232.535,24
232.642,3
232.749,0
232.856,7
232.963,0
233.07,0
233.176,7
233.283,25
233.39,26
233.497,0
233.604,0
233.711,0
233.818,8
233.925,0
234.031,8
234.138,10
234.245,0
234.352,21
234.459,1
234.566,9
234.673,0
234.78,32
234.887,27
234.993,16
235.1,0
235.207,17
235.314,26
235.421,0
235.528,13
235.635,22
235.742,18
235.849,0
235.955,2
236.062,0
236.169,14
236.276,16
236.383,0
236.49,10
236.597,13
236.704,0
236.81,2
236.917,22
237.024,6
237.131,16
237.238,0
237.345,0
237.452,0
237.559,0
237.666,0
237.772,0
237.879,7
237.986,0
238.093,0
238.2,14
238.307,0
238.414,21
238.521,14
238.628,0
238.734,0
238.841,18
238.948,10
239.055,22
239.162,0
239.269,10
239.376,25
239.483,0
239.589,0
239.696,5
239.803,1
239.91,8
240.017,0
240.124,1
240.231,60
240.338,80
240.445,34
240.551,0
240.658,0
240.765,12
240.872,2
240.979,3
241.086,10
241.193,9
241.3,0
241.406,0
241.513,0
241.62,32
241.727,32
241.834,37
241.941,0
242.048,7
242.155,0
242.262,4
242.368,0
242.475,0
242.582,0
242.689,0
242.796,0
242.903,0
243.01,32
243.117,0
243.223,13
243.33,0
243.437,0
243.544,2
243.651,15
243.758,5
243.865,2
243.972,26
244.079,9
244.185,19
244.292,0
244.399,13
244.506,0
244.613,7
244.72,1
244.827,7
244.934,43
245.04,90
245.147,50
245.254,0
245.361,0
245.468,15
245.575,20
245.682,6
245.789,8
245.896,0
246.002,9
246.109,10
246.216,0
246.323,14
246.43,23
246.537,7
246.644,24
246.751,28
246.857,0
246.964,21
247.071,8
247.178,0
247.285,7
247.392,0
247.499,22
247.606,12
247.712,10
247.819,0
247.926,0
248.033,0
248.14,33
248.247,9
248.354,20
248.461,22
248.567,0
248.674,17
248.781,21
248.888,2
248.995,13
249.102,2
249.209,0
249.316,3
249.423,8
249.529,0
249.636,0
249.743,0
249.85,0
249.957,0
250.064,2
250.171,18
250.278,0
250.384,0
250.491,0
250.598,0
250.705,2
250.812,0
250.919,2
251.026,1
251.133,14
251.239,0
251.346,0
251.453,0
251.56,0
251.667,0
251.774,0
251.881,0
251.988,11
252.094,0
252.201,0
252.308,50
252.415,17
252.522,0
252.629,0
252.736,0
252.843,18
252.949,0
253.056,35
253.163,0
253.27,0
253.377,7
253.484,0
253.591,0
253.698,9
253.804,17
253.911,3
254.018,12
254.125,0
254.232,4
254.339,5
254.446,22
254.553,1
254.659,23
254.766,2
254.873,19
254.98,18
255.087,21
255.194,17
255.301,0
255.408,6
255.514,0
255.621,0
255.728,0
255.835,10
255.942,0
256.049,1
256.156,21
256.263,19
256.369,0
256.476,17
256.583,11
256.69,0
256.797,0
256.904,7
257.011,41
257.118,25
257.224,12
257.331,0
257.438,0
257.545,20
257.652,0
257.759,0
257.866,11
257.973,1
258.079,29
258.186,9
258.293,5
258.4,12
258.507,10
258.614,10
258.721,0
258.828,15
258.934,0
259.041,0
259.148,0
259.255,4
259.362,0
259.469,0
259.576,2
259.683,22
259.789,0
259.896,1
260.003,12
260.11,0
260.217,0
260.324,0
260.431,11
260.537,1
260.644,0
260.751,11
260.858,15
260.965,1
261.072,0
261.179,0
261.286,0
261.392,0
261.499,13
261.606,34
261.713,10
261.82,1
261.927,18
262.034,3
262.141,3
262.247,11
262.354,0
262.461,7
262.568,9
262.675,2
262.782,0
262.889,20
262.996,12
263.102,17
263.209,19
263.316,0
263.423,15
263.53,0
263.637,0
263.744,11
263.85,13
263.957,15
264.064,0
264.171,14
264.278,0
264.385,8
264.492,1
264.599,0
264.705,24
264.812,3
264.919,0
265.026,1
265.133,10
265.24,15
265.347,0
265.454,6
265.56,0
265.667,21
265.774,9
265.881,0
265.988,7
266.095,32
266.202,2
266.308,5
266.415,3
266.522,27
266.629,0
266.736,0
266.843,0
266.95,0
267.057,0
267.163,0
267.27,2
267.377,16
267.484,0
267.591,12
267.698,3
267.805,12
267.911,8
268.018,41
268.125,14
268.232,0
268.339,4
268.446,28
268.553,0
268.66,0
268.766,0
268.873,8
268.98,0
269.087,0
269.194,6
269.301,6
269.408,0
269.514,6
269.621,6
269.728,19
269.835,0
269.942,11
270.049,17
270.156,0
270.263,13
270.369,23
270.476,0
270.583,4
270.69,4
270.797,30
270.904,7
271.011,0
271.117,0
271.224,11
271.331,0
271.438,26
271.545,0
271.652,45
271.759,26
271.866,3
271.972,23
272.079,2
272.186,0
272.293,0
272.4,0
272.507,0
272.614,0
272.72,10
272.827,30
272.934,9
273.041,0
273.148,0
273.255,0
273.362,12
273.468,0
273.575,0
273.682,28
273.789,12
273.896,0
274.003,0
274.11,0
274.217,14
274.323,0
274.43,0
274.537,58
274.644,136
274.751,94
274.858,14
274.965,0
275.071,0
275.178,6
275.285,24
275.392,0
275.499,3
275.606,6
275.713,0
275.819,9
275.926,11
276.033,4
276.14,7
276.247,14
276.354,0
276.461,16
276.567,0
276.674,6
276.781,17
276.888,0
276.995,0
277.102,20
277.209,0
277.315,4
277.422,20
277.529,19
277.636,17
277.743,1
277.85,17
277.957,9
278.064,10
278.17,0
278.277,14
278.384,8
278.491,0
278.598,0
278.705,16
278.812,14
278.918,25
279.025,0
279.132,0
279.239,0
279.346,0
279.453,0
279.56,16
279.666,0
279.773,0
279.88,7
279.987,0
280.094,21
280.201,13
280.308,0
280.414,0
280.521,0
280.628,0
280.735,24
280.842,0
280.949,8
281.056,1
281.162,44
281.269,23
281.376,0
281.483,6
281.59,3
281.697,0
281.804,0
281.91,0
282.017,0
282.124,30
282.231,12
282.338,0
282.445,9
282.552,0
282.658,24
282.765,0
282.872,0
282.979,0
283.086,0
283.193,0
283.3,0
283.406,0
283.513,11
283.62,5
283.727,0
283.834,13
283.941,13
284.048,6
284.154,21
284.261,0
284.368,22
284.475,34
284.582,21
284.689,7
284.796,0
284.902,0
285.009,0
285.116,17
285.223,0
285.33,0
285.437,36
285.544,0
285.65,0
285.757,20
285.864,38
285.971,0
286.078,2
286.185,13
286.292,1
286.398,0
286.505,4
286.612,0
286.719,16
286.826,4
286.933,23
287.039,0
287.146,0
287.253,2
287.36,13
287.467,2
287.574,5
287.681,0
287.787,9
287.894,0
288.001,7
288.108,0
288.215,0
288.322,0
288.429,2
288.535,2
288.642,0
288.749,0
288.856,23
288.963,15
289.07,76
289.177,71
289.283,33
289.39,0
289.497,2
289.604,6
289.711,0
289.818,0
289.924,31
290.031,5
290.138,13
290.245,10
290.352,1
290.459,0
290.566,15
290.672,111
290.779,229
290.886,112
290.993,57
291.1,0
291.207,0
291.314,0
291.42,0
291.527,0
291.634,0
291.741,8
291.848,63
291.955,105
292.062,50
292.168,16
292.275,6
292.382,17
292.489,0
292.596,8
292.703,12
292.809,3
292.916,0
293.023,0
293.13,5
293.237,6
293.344,0
293.451,18
293.557,0
293.664,22
293.771,0
293.878,0
293.985,2
294.092,0
294.198,6
294.305,13
294.412,0
294.519,0
294.626,32
294.733,7
294.84,0
294.946,0
295.053,31
295.16,5
295.267,0
295.374,0
295.481,43
295.588,22
295.694,4
295.801,0
295.908,8
296.015,5
296.122,0
296.229,25
296.335,11
296.442,11
296.549,0
296.656,14
296.763,6
296.87,0
296.977,0
297.083,4
297.19,0
297.297,41
297.404,28
297.511,43
297.618,11
297.724,0
297.831,7
297.938,19
298.045,0
298.152,7
298.259,0
298.365,0
298.472,25
298.579,27
298.686,0
298.793,0
298.9,29
299.007,0
299.113,0
299.22,11
299.327,17
299.434,0
299.541,16
299.648,10
299.754,7
299.861,0
299.968,0
300.075,27
300.182,0
300.289,0
300.396,12
300.502,0
300.609,0
300.716,0
300.823,25
300.93,9
301.037,0
301.143,3
301.25,3
301.357,0
301.464,0
301.571,31
301.678,0
301.784,11
301.891,0
301.998,0
302.105,13
302.212,21
302.319,1
302.426,0
302.532,1
302.639,17
302.746,0
302.853,0
302.96,0
303.067,0
303.173,9
303.28,0
303.387,0
303.494,2
303.601,0
303.708,11
303.814,20
303.921,0
304.028,14
304.135,23
304.242,0
304.349,0
304.456,7
304.562,1
304.669,20
304.776,0
304.883,0
304.99,33
305.097,0
305.203,0
305.31,10
305.417,0
305.524,0
305.631,0
305.738,59
305.844,12
305.951,0
306.058,0
306.165,17
306.272,0
306.379,0
306.485,28
306.592,14
306.699,0
306.806,13
306.913,30
307.02,0
307.126,0
307.233,26
307.34,12
307.447,0
307.554,0
307.661,0
307.767,18
307.874,21
307.981,5
308.088,12
308.195,0
308.302,15
308.409,18
308.515,0
308.622,19
308.729,0
308.836,4
308.943,0
309.05,0
309.156,3
309.263,4
309.37,0
309.477,0
309.584,29
309.691,22
309.797,0
309.904,0
310.011,20
310.118,25
310.225,5
310.332,21
310.438,1
310.545,0
310.652,13
310.759,0
310.866,2
310.973,0
311.079,0
311.186,21
311.293,0
311.4,8
311.507,23
311.614,0
311.72,3
311.827,0
311.934,22
312.041,28
312.148,7
312.255,10
312.361,12
312.468,29
312.575,4
312.682,35
312.789,24
312.896,30
313.002,0
313.109,0
313.216,28
313.323,17
313.43,14
313.537,0
313.643,26
313.75,0
313.857,0
313.964,8
314.071,0
314.178,8
314.284,0
314.391,5
314.498,0
314.605,17
314.712,0
314.819,6
314.925,9
315.032,0
315.139,4
315.246,4
315.353,0
315.46,4
315.566,26
315.673,0
315.78,0
315.887,0
315.994,2
316.1,14
316.207,0
316.314,0
316.421,37
316.528,39
316.635,18
316.741,0
316.848,0
316.955,23
317.062,12
317.169,0
317.276,0
317.382,33
317.489,20
317.596,0
317.703,12
317.81,26
317.917,27
318.023,17
318.13,0
318.237,24
318.344,0
318.451,0
318.558,0
318.664,0
318.771,36
318.878,0
318.985,21
319.092,11
319.199,0
319.305,7
319.412,10
319.519,2
319.626,0
319.733,41
319.839,3
319.946,28
320.053,5
320.16,4
320.267,14
320.374,5
320.48,0
320.587,0
320.694,13
320.801,0
320.908,0
321.015,18
321.121,21
321.228,4
321.335,0
321.442,0
321.549,2
321.655,0
321.762,0
321.869,3
321.976,0
322.083,0
322.19,0
322.296,0
322.403,1
322.51,0
322.617,20
322.724,19
322.831,14
322.937,4
323.044,13
323.151,23
323.258,3
323.365,0
323.472,19
323.578,10
323.685,15
323.792,0
323.899,2
324.006,6
324.112,18
324.219,7
324.326,10
324.433,0
324.54,0
324.647,0
324.753,33
324.86,17
324.967,7
325.074,11
325.181,4
325.287,0
325.394,11
325.501,137
325.608,125
325.715,57
325.822,0
325.928,0
326.035,22
326.142,1
326.249,0
326.356,5
326.463,25
326.569,7
326.676,0
326.783,2
326.89,0
326.997,0
327.103,28
327.21,30
327.317,0
327.424,0
327.531,0
327.638,0
327.744,19
327.851,0
327.958,0
328.065,14
328.172,31
328.278,0
328.385,8
328.492,0
328.599,0
328.706,14
328.813,15
328.919,1
329.026,8
329.133,19
329.24,14
329.347,12
329.453,21
329.56,15
329.667,0
329.774,7
329.881,0
329.988,9
330.094,0
330.201,6
330.308,13
330.415,0
330.522,1
330.628,0
330.735,0
330.842,2
330.949,0
331.056,10
331.162,0
331.269,11
331.376,0
331.483,1
331.59,0
331.697,0
331.803,0
331.91,18
332.017,6
332.124,0
332.231,0
332.337,8
332.444,24
332.551,14
332.658,0
332.765,12
332.872,0
332.978,8
333.085,0
333.192,5
333.299,25
333.406,0
333.512,19
333.619,11
333.726,0
333.833,0
333.94,0
334.046,2
334.153,0
334.26,18
334.367,16
334.474,32
334.581,0
334.687,18
334.794,6
334.901,6
335.008,0
335.115,17
335.221,0
335.328,0
335.435,0
335.542,0
335.649,8
335.755,0
335.862,17
335.969,0
336.076,0
336.183,8
336.29,0
336.396,0
336.503,0
336.61,6
336.717,0
336.824,21
336.93,9
337.037,0
337.144,39
337.251,0
337.358,0
337.464,1
337.571,0
337.678,0
337.785,30
337.892,14
337.998,23
338.105,0
338.212,0
338.319,0
338.426,0
338.533,0
338.639,7
338.746,20
338.853,5
338.96,15
339.067,0
339.173,4
339.28,19
339.387,21
339.494,0
339.601,0
339.707,8
339.814,7
339.921,0
340.028,0
340.135,0
340.241,0
340.348,11
340.455,0
340.562,13
340.669,0
340.775,5
340.882,14
340.989,29
341.096,25
341.203,65
341.309,83
341.416,33
341.523,0
341.63,0
341.737,0
341.844,0
341.95,6
342.057,0
342.164,0
342.271,0
342.378,22
342.484,0
342.591,26
342.698,90
342.805,81
342.912,73
343.018,21
343.125,0
343.232,0
343.339,5
343.446,0
343.552,0
343.659,14
343.766,13
343.873,0
343.98,6
344.086,14
344.193,14
344.3,2
344.407,7
344.514,0
344.62,0
344.727,2
344.834,8
344.941,0
345.048,20
345.154,0
345.261,12
345.368,18
345.475,0
345.582,5
345.688,8
345.795,12
345.902,33
346.009,0
346.116,0
346.222,0
346.329,8
346.436,2
346.543,0
346.65,12
346.756,0
346.863,18
346.97,0
347.077,32
347.184,3
347.29,0
347.397,37
347.504,0
347.611,14
347.718,4
347.824,0
347.931,0
348.038,0
348.145,12
348.252,0
348.358,0
348.465,31
348.572,4
348.679,0
348.786,0
348.892,6
348.999,10
349.106,0
349.213,7
349.32,16
349.426,0
349.533,0
349.64,13
349.747,0
349.854,0
349.96,0
350.067,22
350.174,5
350.281,0
350.388,1
350.494,20
350.601,0
350.708,0
350.815,20
350.922,0
351.028,13
351.135,8
351.242,13
351.349,7
351.456,0
351.562,0
351.669,18
351.776,2
351.883,0
351.989,0
352.096,0
352.203,1
352.31,0
352.417,0
352.523,11
352.63,47
352.737,0
352.844,0
352.951,15
353.057,0
353.164,0
353.271,0
353.378,13
353.485,0
353.591,22
353.698,6
353.805,1
353.912,0
354.019,0
354.125,27
354.232,14
354.339,0
354.446,0
354.553,1
354.659,0
354.766,0
354.873,0
354.98,37
355.086,22
355.193,2
355.3,0
355.407,8
355.514,2
355.62,14
355.727,0
355.834,21
355.941,0
356.048,7
356.154,0
356.261,5
356.368,8
356.475,2
356.582,14
356.688,7
356.795,5
356.902,8
357.009,24
357.115,0
357.222,1
357.329,22
357.436,0
357.543,13
357.649,12
357.756,0
357.863,0
357.97,1
358.077,9
358.183,0
358.29,0
358.397,0
358.504,0
358.61,18
358.717,0
358.824,5
358.931,0
359.038,0
359.144,13
359.251,25
359.358,0
359.465,0
359.572,0
359.678,0
359.785,0
359.892,20
359.999,17
360.105,0
360.212,0
360.319,0
360.426,12
360.533,0
360.639,0
360.746,30
360.853,5
360.96,0
361.067,0
361.173,21
361.28,0
361.387,0
361.494,0
361.6,39
361.707,4
361.814,0
361.921,18
362.028,0
362.134,0
362.241,16
362.348,20
362.455,0
362.562,15
362.668,14
362.775,0
362.882,0
362.989,0
363.095,0
363.202,0
363.309,1
363.416,0
363.523,16
363.629,21
363.736,8
363.843,0
363.95,18
364.056,7
364.163,21
364.27,5
364.377,5
364.484,0
364.59,0
364.697,0
364.804,24
364.911,17
365.017,0
365.124,22
365.231,25
365.338,0
365.445,0
365.551,5
365.658,10
365.765,12
365.872,0
365.979,0
366.085,23
366.192,0
366.299,1
366.406,0
366.512,1
366.619,8
366.726,14
366.833,0
366.94,0
367.046,26
367.153,0
367.26,0
367.367,3
367.473,0
367.58,25
367.687,25
367.794,0
367.9,15
368.007,12
368.114,0
368.221,12
368.328,8
368.434,0
368.541,0
368.648,15
368.755,0
368.861,0
368.968,0
369.075,13
369.182,0
369.289,0
369.395,0
369.502,20
369.609,0
369.716,0
369.822,29
369.929,37
370.036,29
370.143,0
370.25,0
370.356,0
370.463,0
370.57,0
370.677,0
370.783,0
370.89,0
370.997,0
371.104,0
371.211,0
371.317,0
371.424,0
371.531,6
371.638,18
371.744,0
371.851,0
371.958,13
372.065,0
372.171,0
372.278,0
372.385,0
372.492,0
372.599,0
372.705,7
372.812,0
372.919,0
373.026,9
373.132,0
373.239,13
373.346,6
373.453,0
373.559,0
373.666,6
373.773,0
373.88,0
373.987,0
374.093,0
374.2,0
374.307,3
374.414,0
374.52,0
374.627,0
374.734,14
374.841,10
374.947,0
375.054,0
375.161,14
375.268,21
375.375,0
375.481,0
375.588,0
375.695,7
375.802,3
375.908,0
376.015,0
376.122,0
376.229,27
376.335,0
376.442,15
376.549,0
376.656,0
376.763,24
376.869,6
376.976,14
377.083,9
377.19,0
377.296,13
377.403,0
377.51,0
377.617,2
377.723,0
377.83,0
377.937,0
378.044,0
378.15,26
378.257,17
378.364,0
378.471,12
378.578,0
378.684,5
378.791,32
378.898,0
379.005,0
379.111,16
379.218,0
379.325,0
379.432,4
379.538,0
379.645,0
379.752,11
379.859,10
379.965,0
380.072,17
380.179,2
380.286,0
380.392,0
380.499,25
380.606,32
380.713,17
380.82,0
380.926,8
381.033,0
381.14,4
381.247,7
381.353,0
381.46,11
381.567,12
381.674,0
381.78,0
381.887,0
381.994,12
382.101,6
382.207,0
382.314,0
382.421,15
382.528,0
382.634,10
382.741,2
382.848,3
382.955,0
383.061,27
383.168,10
383.275,4
383.382,7
383.488,1
383.595,15
383.702,0
383.809,0
383.916,0
384.022,0
384.129,0
384.236,2
384.343,0
384.449,0
384.556,1
384.663,10
384.77,17
384.876,4
384.983,0
385.09,7
385.197,37
385.303,3
385.41,0
385.517,0
385.624,0
385.73,0
385.837,13
385.944,0
386.051,3
386.157,0
386.264,0
386.371,2
386.478,0
386.584,0
386.691,0
386.798,10
386.905,15
387.011,0
387.118,0
387.225,0
387.332,15
387.438,0
387.545,0
387.652,1
387.759,0
387.865,12
387.972,14
388.079,0
388.186,20
388.292,0
388.399,3
388.506,11
388.613,2
388.719,33
388.826,6
388.933,14
389.04,0
389.146,8
389.253,0
389.36,1
389.467,6
389.573,15
389.68,4
389.787,18
389.894,3
390,26
390.107,14
390.214,0
390.321,2
390.427,0
390.534,0
390.641,5
390.748,10
390.854,0
390.961,11
391.068,0
391.175,35
391.281,33
391.388,0
391.495,0
391.602,0
391.708,2
391.815,28
391.922,14
392.029,86
392.135,57
392.242,40
392.349,0
392.456,0
392.562,0
392.669,0
392.776,0
392.883,0
392.989,5
393.096,0
393.203,0
393.31,0
393.416,12
393.523,0
393.63,0
393.737,0
393.843,6
393.95,10
394.057,0
394.164,0
394.27,28
394.377,0
394.484,0
394.591,22
394.697,30
394.804,0
394.911,13
395.018,0
395.124,5
395.231,9
395.338,0
395.445,3
395.551,1
395.658,0
395.765,7
395.871,28
395.978,8
396.085,0
396.192,19
396.298,12
396.405,18
396.512,4
396.619,0
396.725,7
396.832,18
396.939,19
397.046,0
397.152,26
397.259,164
397.366,108
397.473,20
397.579,16
397.686,0
397.793,0
397.9,12
398.006,6
398.113,7
398.22,17
398.327,17
398.433,20
398.54,0
398.647,17
398.753,7
398.86,0
398.967,0
399.074,0
399.18,0
399.287,13
399.394,5
399.501,0
399.607,17
399.714,0
399.821,0
399.928,5
400.034,5
400.141,0
400.248,7
400.355,13
400.461,0
400.568,0
400.675,14
400.781,7
400.888,0
400.995,36
401.102,16
401.208,19
401.315,0
401.422,0
401.529,0
401.635,0
401.742,0
401.849,32
401.956,0
402.062,0
402.169,6
402.276,0
402.382,0
402.489,15
402.596,14
402.703,0
402.809,0
402.916,0
403.023,24
403.13,21
403.236,10
403.343,16
403.45,0
403.557,0
403.663,21
403.77,13
403.877,0
403.983,0
404.09,0
404.197,12
404.304,6
404.41,24
404.517,38
404.624,5
404.731,70
404.837,48
404.944,23
405.051,0
405.158,0
405.264,23
405.371,0
405.478,0
405.584,14
405.691,26
405.798,29
405.905,18
406.011,0
406.118,0
406.225,0
406.332,27
406.438,0
406.545,0
406.652,17
406.758,6
406.865,0
406.972,0
407.079,1
407.185,0
407.292,1
407.399,24
407.506,0
407.612,15
407.719,0
407.826,15
407.932,11
408.039,0
408.146,0
408.253,38
408.359,43
408.466,47
408.573,1
408.68,11
408.786,6
408.893,11
409,24
409.106,9
409.213,0
409.32,16
409.427,0
409.533,0
409.64,3
409.747,0
409.853,0
409.96,4
410.067,56
410.174,102
410.28,68
410.387,3
410.494,1
410.601,8
410.707,17
410.814,0
410.921,3
411.027,20
411.134,0
411.241,0
411.348,0
411.454,0
411.561,9
411.668,0
411.774,0
411.881,0
411.988,28
412.095,7
412.201,0
412.308,9
412.415,0
412.522,48
412.628,40
412.735,0
412.842,0
412.948,0
413.055,0
413.162,7
413.269,52
413.375,54
413.482,5
413.589,0
413.695,43
413.802,44
413.909,23
414.016,0
414.122,24
414.229,0
414.336,0
414.442,6
414.549,0
414.656,0
414.763,0
414.869,46
414.976,27
415.083,20
415.189,16
415.296,0
415.403,0
415.51,3
415.616,0
415.723,0
415.83,13
415.936,14
416.043,9
416.15,0
416.257,0
416.363,23
416.47,2
416.577,58
416.683,142
416.79,60
416.897,25
417.004,0
417.11,28
417.217,50
417.324,6
417.43,0
417.537,52
417.644,79
417.751,97
417.857,149
417.964,108
418.071,65
418.177,9
418.284,4
418.391,0
418.498,24
418.604,0
418.711,0
418.818,64
418.924,54
419.031,54
419.138,21
419.245,18
419.351,3
419.458,46
419.565,21
419.671,0
419.778,1
419.885,113
419.992,183
420.098,124
420.205,33
420.312,10
420.418,14
420.525,0
420.632,0
420.738,0
420.845,8
420.952,25
421.059,0
421.165,56
421.272,71
421.379,35
421.485,31
421.592,91
421.699,124
421.806,97
421.912,57
422.019,76
422.126,55
422.232,26
422.339,0
422.446,0
422.552,0
422.659,0
422.766,0
422.873,0
422.979,17
423.086,26
423.193,56
423.299,42
423.406,0
423.513,0
423.62,0
423.726,17
423.833,1
423.94,0
424.046,0
424.153,23
424.26,2
424.366,0
424.473,0
424.58,13
424.687,0
424.793,6
424.9,15
425.007,10
425.113,0
425.22,1
425.327,15
425.433,8
425.54,36
425.647,20
425.754,6
425.86,7
425.967,28
426.074,0
426.18,0
426.287,0
426.394,7
426.5,4
426.607,51
426.714,128
426.821,92
426.927,27
427.034,0
427.141,0
427.247,2
427.354,0
427.461,0
427.567,0
427.674,3
427.781,77
427.888,138
427.994,64
428.101,14
428.208,0
428.314,0
428.421,6
428.528,0
428.634,0
428.741,21
428.848,93
428.955,89
429.061,80
429.168,25
429.275,0
429.381,0
429.488,1
429.595,0
429.701,13
429.808,37
429.915,39
430.021,24
430.128,0
430.235,8
430.342,1
430.448,78
430.555,75
430.662,80
430.768,19
430.875,3
430.982,0
431.088,0
431.195,0
431.302,24
431.409,2
431.515,0
431.622,0
431.729,15
431.835,20
431.942,27
432.049,21
432.155,23
432.262,0
432.369,0
432.475,23
432.582,14
432.689,0
432.796,0
432.902,13
433.009,4
433.116,1
433.222,0
433.329,0
433.436,0
433.542,0
433.649,22
433.756,29
433.862,37
433.969,25
434.076,13
434.182,0
434.289,6
434.396,17
434.503,89
434.609,84
434.716,20
434.823,37
434.929,39
435.036,0
435.143,0
435.249,34
435.356,17
435.463,8
435.569,0
435.676,19
435.783,0
435.889,0
435.996,16
436.103,0
436.21,0
436.316,90
436.423,61
436.53,32
436.636,0
436.743,9
436.85,40
436.956,193
437.063,396
437.17,248
437.276,63
437.383,0
437.49,3
437.596,42
437.703,38
437.81,0
437.916,0
438.023,58
438.13,50
438.237,11
438.343,98
438.45,111
438.557,62
438.663,21
438.77,26
438.877,30
438.983,42
439.09,106
439.197,96
439.303,8
439.41,0
439.517,0
439.623,56
439.73,55
439.837,0
439.943,6
440.05,54
440.157,24
440.263,53
440.37,7
440.477,0
440.583,4
440.69,8
440.797,0
440.904,0
441.01,0
441.117,0
441.224,0
441.33,28
441.437,2
441.544,12
441.65,1
441.757,0
441.864,12
441.97,19
442.077,22
442.184,81
442.29,122
442.397,89
442.504,0
442.61,0
442.717,0
442.824,0
442.93,6
443.037,0
443.144,15
443.25,2
443.357,37
443.464,14
443.57,4
443.677,35
443.784,0
443.89,0
443.997,3
444.104,9
444.21,0
444.317,0
444.424,0
444.53,43
444.637,33
444.744,0
444.851,0
444.957,6
445.064,0
445.171,26
445.277,15
445.384,7
445.491,0
445.597,0
445.704,26
445.811,21
445.917,20
446.024,0
446.131,24
446.237,0
446.344,27
446.451,15
446.557,7
446.664,15
446.771,0
446.877,7
446.984,11
447.091,0
447.197,17
447.304,17
447.411,0
447.517,0
447.624,0
447.731,0
447.837,13
447.944,8
448.051,13
448.157,44
448.264,18
448.371,4
448.477,0
448.584,13
448.691,0
448.797,0
448.904,0
449.011,22
449.117,0
449.224,6
449.331,28
449.437,0
449.544,0
449.651,0
449.757,0
449.864,0
449.971,0
450.077,14
450.184,15
450.291,4
450.397,38
450.504,9
450.611,1
450.717,1
450.824,16
450.931,0
451.037,29
451.144,6
451.251,24
451.357,12
451.464,0
451.571,0
451.677,12
451.784,7
451.891,0
451.997,35
452.104,39
452.21,38
452.317,0
452.424,19
452.53,16
452.637,4
452.744,0
452.85,37
452.957,1
453.064,26
453.17,0
453.277,14
453.384,2
453.49,20
453.597,8
453.704,9
453.81,8
453.917,0
454.024,18
454.13,16
454.237,21
454.344,16
454.45,2
454.557,0
454.664,7
454.77,0
454.877,0
454.984,0
455.09,0
455.197,44
455.304,24
455.41,1
455.517,0
455.624,0
455.73,5
455.837,0
455.944,31
456.05,28
456.157,8
456.263,0
456.37,0
456.477,0
456.583,0
456.69,0
456.797,0
456.903,38
457.01,0
457.117,0
457.223,0
457.33,29
457.437,28
457.543,0
457.65,9
457.757,0
457.863,8
457.97,0
458.077,0
458.183,16
458.29,0
458.397,0
458.503,0
458.61,0
458.716,11
458.823,6
458.93,0
459.036,6
459.143,22
459.25,0
459.356,3
459.463,0
459.57,21
459.676,0
459.783,1
459.89,0
459.996,2
460.103,0
460.21,0
460.316,0
460.423,0
460.53,0
460.636,13
460.743,0
460.849,0
460.956,13
461.063,29
461.169,0
461.276,6
461.383,19
461.489,0
461.596,2
461.703,0
461.809,0
461.916,14
462.023,15
462.129,4
462.236,0
462.342,4
462.449,16
462.556,0
462.662,8
462.769,0
462.876,0
462.982,0
463.089,6
463.196,21
463.302,0
463.409,13
463.516,7
463.622,0
463.729,0
463.835,33
463.942,18
464.049,0
464.155,37
464.262,94
464.369,39
464.475,0
464.582,15
464.689,25
464.795,6
464.902,0
465.009,0
465.115,4
465.222,16
465.328,0
465.435,2
465.542,2
465.648,0
465.755,0
465.862,47
465.968,58
466.075,1
466.182,12
466.288,2
466.395,0
466.501,0
466.608,10
466.715,0
466.821,8
466.928,29
467.035,27
467.141,0
467.248,0
467.355,11
467.461,36
467.568,0
467.674,20
467.781,24
467.888,10
467.994,0
468.101,0
468.208,0
468.314,2
468.421,0
468.528,14
468.634,0
468.741,8
468.847,16
468.954,0
469.061,0
469.167,0
469.274,30
469.381,9
469.487,0
469.594,0
469.701,0
469.807,19
469.914,0
470.02,0
470.127,0
470.234,0
470.34,31
470.447,30
470.554,78
470.66,68
470.767,56
470.873,59
470.98,6
471.087,0
471.193,6
471.3,3
471.407,4
471.513,0
471.62,15
471.727,0
471.833,0
471.94,21
472.046,0
472.153,14
472.26,14
472.366,0
472.473,20
472.58,2
472.686,0
472.793,16
472.899,22
473.006,0
473.113,0
473.219,9
473.326,19
473.433,0
473.539,17
473.646,0
473.752,15
473.859,26
473.966,43
474.072,0
474.179,6
474.286,0
474.392,9
474.499,18
474.605,0
474.712,8
474.819,7
474.925,0
475.032,12
475.139,60
475.245,124
475.352,64
475.458,36
475.565,0
475.672,7
475.778,28
475.885,8
475.992,0
476.098,12
476.205,0
476.311,0
476.418,0
476.525,31
476.631,37
476.738,15
476.844,0
476.951,0
477.058,26
477.164,18
477.271,0
477.378,28
477.484,19
477.591,7
477.697,0
477.804,8
477.911,0
478.017,0
478.124,29
478.231,9
478.337,1
478.444,22
478.55,17
478.657,33
478.764,12
478.87,0
478.977,5
479.083,26
479.19,12
479.297,18
479.403,12
479.51,4
479.617,10
479.723,41
479.83,13
479.936,12
480.043,0
480.15,0
480.256,39
480.363,7
480.469,1
480.576,16
480.683,16
480.789,9
480.896,12
481.003,0
481.109,11
481.216,3
481.322,3
481.429,0
481.536,7
481.642,16
481.749,2
481.855,14
481.962,0
482.069,0
482.175,4
482.282,0
482.388,0
482.495,0
482.602,11
482.708,0
482.815,1
482.922,0
483.028,0
483.135,6
483.241,0
483.348,0
483.455,5
483.561,0
483.668,0
483.774,3
483.881,4
483.988,17
484.094,19
484.201,12
484.307,0
484.414,21
484.521,13
484.627,0
484.734,0
484.84,5
484.947,0
485.054,0
485.16,0
485.267,0
485.373,0
485.48,0
485.587,8
485.693,2
485.8,2
485.907,0
486.013,8
486.12,0
486.226,5
486.333,7
486.44,9
486.546,0
486.653,3
486.759,17
486.866,10
486.973,1
487.079,0
487.186,35
487.292,46
487.399,6
487.506,0
487.612,0
487.719,0
487.825,4
487.932,22
488.039,13
488.145,0
488.252,22
488.358,30
488.465,0
488.572,0
488.678,6
488.785,15
488.891,24
488.998,0
489.105,0
489.211,14
489.318,0
489.424,0
489.531,0
489.638,8
489.744,9
489.851,0
489.957,0
490.064,0
490.171,24
490.277,9
490.384,0
490.49,0
490.597,0
490.704,0
490.81,22
490.917,0
491.023,0
491.13,0
491.237,13
491.343,0
491.45,0
491.556,22
491.663,0
491.769,13
491.876,12
491.983,0
492.089,28
492.196,0
492.302,0
492.409,0
492.516,0
492.622,17
492.729,0
492.835,0
492.942,12
493.049,13
493.155,0
493.262,0
493.368,8
493.475,0
493.582,21
493.688,1
493.795,0
493.901,1
494.008,26
494.114,3
494.221,7
494.328,0
494.434,1
494.541,32
494.647,7
494.754,12
494.861,4
494.967,20
495.074,0
495.18,0
495.287,20
495.394,11
495.5,11
495.607,0
495.713,9
495.82,7
495.926,17
496.033,4
496.14,0
496.246,9
496.353,0
496.459,0
496.566,0
496.673,0
496.779,8
496.886,0
496.992,22
497.099,0
497.206,32
497.312,18
497.419,0
497.525,0
497.632,0
497.738,0
497.845,8
497.952,0
498.058,18
498.165,86
498.271,60
498.378,53
498.485,56
498.591,25
498.698,21
498.804,15
498.911,0
499.017,0
499.124,9
499.231,0
499.337,0
499.444,0
499.55,0
499.657,26
499.763,2
499.87,6
499.977,0
500.083,0
500.19,20
500.296,27
500.403,1
500.51,0
500.616,19
500.723,0
500.829,4
500.936,12
501.042,0
501.149,0
501.256,23
501.362,0
501.469,18
501.575,4
501.682,6
501.788,23
501.895,14
502.002,11
502.108,5
502.215,8
502.321,4
502.428,0
502.534,0
502.641,0
502.748,19
502.854,7
502.961,0
503.067,7
503.174,8
503.281,44
503.387,13
503.494,22
503.6,0
503.707,0
503.813,32
503.92,20
504.027,0
504.133,0
504.24,0
504.346,31
504.453,8
504.559,0
504.666,16
504.773,27
504.879,37
504.986,3
505.092,32
505.199,0
505.305,0
505.412,0
505.518,1
505.625,0
505.732,1
505.838,0
505.945,0
506.051,0
506.158,15
506.264,13
506.371,0
506.478,0
506.584,11
506.691,6
506.797,0
506.904,0
507.01,10
507.117,0
507.224,2
507.33,0
507.437,7
507.543,4
507.65,0
507.756,0
507.863,5
507.97,22
508.076,0
508.183,22
508.289,0
508.396,0
508.502,37
508.609,21
508.715,16
508.822,13
508.929,0
509.035,1
509.142,14
509.248,2
509.355,0
509.461,0
509.568,1
509.675,0
509.781,3
509.888,15
509.994,6
510.101,18
510.207,8
510.314,0
510.42,0
510.527,0
510.634,0
510.74,0
510.847,0
510.953,0
511.06,0
511.166,0
511.273,23
511.379,0
511.486,17
511.593,18
511.699,0
511.806,0
511.912,0
512.019,0
512.125,0
512.232,0
512.339,0
512.445,6
512.552,0
512.658,35
512.765,17
512.871,4
512.978,4
513.084,0
513.191,2
513.298,0
513.404,14
513.511,13
513.617,10
513.724,0
513.83,25
513.937,7
514.043,0
514.15,0
514.256,2
514.363,17
514.47,0
514.576,1
514.683,0
514.789,10
514.896,30
515.002,10
515.109,7
515.215,26
515.322,15
515.429,0
515.535,0
515.642,0
515.748,19
515.855,10
515.961,1
516.068,0
516.174,24
516.281,2
516.388,2
516.494,0
516.601,0
516.707,2
516.814,0
516.92,6
517.027,0
517.133,0
517.24,25
517.346,4
517.453,0
517.56,0
517.666,17
517.773,4
517.879,22
517.986,5
518.092,27
518.199,19
518.305,2
518.412,12
518.518,0
518.625,4
518.732,0
518.838,0
518.945,0
519.051,0
519.158,27
519.264,32
519.371,0
519.477,0
519.584,11
519.69,0
519.797,0
519.903,0
520.01,0
520.117,14
520.223,0
520.33,0
520.436,1
520.543,0
520.649,7
520.756,3
520.862,0
520.969,0
521.075,18
521.182,0
521.289,0
521.395,15
521.502,0
521.608,1
521.715,2
521.821,3
521.928,0
522.034,18
522.141,0
522.247,0
522.354,0
522.46,0
522.567,2
522.674,0
522.78,0
522.887,14
522.993,13
523.1,6
523.206,0
523.313,0
523.419,12
523.526,2
523.632,0
523.739,0
523.845,9
523.952,0
524.058,16
524.165,0
524.272,0
524.378,6
524.485,10
524.591,18
524.698,6
524.804,0
524.911,0
525.017,19
525.124,2
525.23,7
525.337,0
525.443,0
525.55,37
525.656,29
525.763,0
525.87,12
525.976,10
526.083,12
526.189,0
526.296,15
526.402,0
526.509,0
526.615,11
526.722,31
526.828,0
526.935,0
527.041,11
527.148,8
527.254,22
527.361,14
527.467,0
527.574,0
527.68,0
527.787,21
527.894,0
528,11
528.107,0
528.213,0
528.32,29
528.426,0
528.533,0
528.639,0
528.746,0
528.852,78
528.959,178
529.065,99
529.172,28
529.278,0
529.385,0
529.491,3
529.598,0
529.704,0
529.811,2
529.918,37
530.024,10
530.131,0
530.237,0
530.344,0
530.45,21
530.557,13
530.663,13
530.77,15
530.876,52
530.983,142
531.089,88
531.196,0
531.302,0
531.409,3
531.515,9
531.622,4
531.728,0
531.835,1
531.941,0
532.048,19
532.154,0
532.261,2
532.367,0
532.474,20
532.581,9
532.687,51
532.794,70
532.9,35
533.007,18
533.113,0
533.22,16
533.326,13
533.433,0
533.539,16
533.646,7
533.752,17
533.859,0
533.965,13
534.072,0
534.178,0
534.285,27
534.391,1
534.498,0
534.604,0
534.711,13
534.817,11
534.924,6
535.03,0
535.137,12
535.243,24
535.35,4
535.456,0
535.563,0
535.669,8
535.776,18
535.882,15
535.989,9
536.095,0
536.202,3
536.308,19
536.415,0
536.521,0
536.628,0
536.735,23
536.841,2
536.948,0
537.054,1
537.161,17
537.267,0
537.374,0
537.48,24
537.587,0
537.693,0
537.8,6
537.906,0
538.013,0
538.119,17
538.226,3
538.332,0
538.439,29
538.545,9
538.652,7
538.758,24
538.865,0
538.971,0
539.078,2
539.184,13
539.291,11
539.397,0
539.504,7
539.61,0
539.717,12
539.823,12
539.93,1
540.036,0
540.143,19
540.249,48
540.356,28
540.462,73
540.569,33
540.675,17
540.782,0
540.888,0
540.995,9
541.101,7
541.208,0
541.314,8
541.421,14
541.527,0
541.634,13
541.74,0
541.847,7
541.953,0
542.06,0
542.166,21
542.273,1
542.379,0
542.486,33
542.592,4
542.699,26
542.805,0
542.912,10
543.018,14
543.125,0
543.231,0
543.338,8
543.444,0
543.551,35
543.657,6
543.764,18
543.87,5
543.977,9
544.083,1
544.19,0
544.296,41
544.403,9
544.509,0
544.616,5
544.722,16
544.829,14
544.935,3
545.042,7
545.148,15
545.255,19
545.361,0
545.467,21
545.574,8
545.68,2
545.787,13
545.893,9
546,0
546.106,0
546.213,14
546.319,0
546.426,13
546.532,14
546.639,0
546.745,3
546.852,9
546.958,0
547.065,26
547.171,17
547.278,9
547.384,7
547.491,6
547.597,1
547.704,5
547.81,2
547.917,4
548.023,0
548.13,10
548.236,0
548.343,0
548.449,12
548.556,24
548.662,20
548.769,0
548.875,19
548.982,0
549.088,0
549.195,0
549.301,0
549.408,10
549.514,0
549.62,0
549.727,0
549.833,48
549.94,16
550.046,6
550.153,0
550.259,17
550.366,19
550.472,0
550.579,0
550.685,1
550.792,30
550.898,0
551.005,0
551.111,20
551.218,45
551.324,0
551.431,0
551.537,0
551.644,3
551.75,9
551.857,0
551.963,7
552.07,0
552.176,0
552.282,0
552.389,16
552.495,8
552.602,0
552.708,14
552.815,22
552.921,9
553.028,0
553.134,0
553.241,13
553.347,0
553.454,7
553.56,14
553.667,0
553.773,0
553.88,0
553.986,0
554.093,0
554.199,0
554.305,13
554.412,15
554.518,0
554.625,6
554.731,9
554.838,1
554.944,0
555.051,28
555.157,13
555.264,0
555.37,26
555.477,0
555.583,0
555.69,19
555.796,0
555.903,0
556.009,0
556.115,0
556.222,0
556.328,0
556.435,16
556.541,0
556.648,13
556.754,14
556.861,5
556.967,13
557.074,4
557.18,27
557.287,32
557.393,0
557.5,26
557.606,2
557.713,13
557.819,16
557.925,0
558.032,0
558.138,8
558.245,8
558.351,5
558.458,14
558.564,13
558.671,0
558.777,7
558.884,3
558.99,0
559.097,0
559.203,0
559.309,0
559.416,3
559.522,0
559.629,0
559.735,9
559.842,15
559.948,11
560.055,19
560.161,15
560.268,32
560.374,17
560.481,0
560.587,21
560.693,0
560.8,3
560.906,10
561.013,7
561.119,0
561.226,0
561.332,5
561.439,27
561.545,0
561.652,0
561.758,49
561.864,5
561.971,0
562.077,0
562.184,23
562.29,0
562.397,0
562.503,6
562.61,4
562.716,6
562.823,0
562.929,4
563.035,30
563.142,0
563.248,13
563.355,22
563.461,4
563.568,12
563.674,0
563.781,0
563.887,0
563.994,0
564.1,0
564.206,0
564.313,0
564.419,0
564.526,0
564.632,0
564.739,29
564.845,127
564.952,177
565.058,72
565.165,0
565.271,0
565.377,0
565.484,2
565.59,0
565.697,0
565.803,17
565.91,0
566.016,0
566.123,0
566.229,5
566.335,21
566.442,24
566.548,18
566.655,12
566.761,11
566.868,31
566.974,3
567.081,0
567.187,0
567.293,0
567.4,0
567.506,0
567.613,0
567.719,0
567.826,13
567.932,29
568.039,0
568.145,0
568.251,5
568.358,10
568.464,0
568.571,0
568.677,47
568.784,2
568.89,0
568.997,0
569.103,16
569.209,0
569.316,0
569.422,11
569.529,11
569.635,0
569.742,0
569.848,13
569.955,0
570.061,0
570.167,0
570.274,0
570.38,0
570.487,6
570.593,0
570.7,10
570.806,7
570.912,0
571.019,0
571.125,5
571.232,4
571.338,22
571.445,18
571.551,0
571.658,0
571.764,0
571.87,8
571.977,0
572.083,0
572.19,0
572.296,0
572.403,24
572.509,4
572.615,0
572.722,0
572.828,0
572.935,22
573.041,18
573.148,6
573.254,12
573.36,13
573.467,6
573.573,19
573.68,57
573.786,22
573.893,5
573.999,1
574.105,0
574.212,0
574.318,0
574.425,11
574.531,20
574.638,0
574.744,6
574.85,0
574.957,0
575.063,0
575.17,14
575.276,11
575.383,0
575.489,18
575.595,0
575.702,14
575.808,6
575.915,10
576.021,15
576.128,0
576.234,0
576.34,0
576.447,13
576.553,11
576.66,0
576.766,1
576.873,0
576.979,8
577.085,0
577.192,0
577.298,0
577.405,0
577.511,23
577.618,17
577.724,9
577.83,0
577.937,7
578.043,24
578.15,7
578.256,0
578.363,0
578.469,0
578.575,20
578.682,12
578.788,0
578.895,25
579.001,3
579.107,0
579.214,0
579.32,20
579.427,20
579.533,0
579.64,2
579.746,37
579.852,122
579.959,53
580.065,10
580.172,0
580.278,0
580.384,0
580.491,0
580.597,2
580.704,0
580.81,0
580.917,58
581.023,33
581.129,0
581.236,23
581.342,11
581.449,6
581.555,0
581.661,9
581.768,4
581.874,0
581.981,0
582.087,22
582.193,6
582.3,0
582.406,10
582.513,4
582.619,0
582.726,33
582.832,0
582.938,0
583.045,22
583.151,36
583.258,0
583.364,0
583.47,0
583.577,1
583.683,19
583.79,0
583.896,8
584.002,0
584.109,22
584.215,0
584.322,0
584.428,2
584.535,10
584.641,0
584.747,0
584.854,0
584.96,10
585.067,13
585.173,0
585.279,7
585.386,0
585.492,10
585.599,0
585.705,19
585.811,0
585.918,0
586.024,0
586.131,26
586.237,4
586.343,0
586.45,0
586.556,16
586.663,2
586.769,0
586.875,26
586.982,0
587.088,0
587.195,0
587.301,0
587.407,11
587.514,16
587.62,0
587.727,0
587.833,14
587.939,7
588.046,0
588.152,7
588.259,0
588.365,0
588.471,18
588.578,0
588.684,0
588.791,10
588.897,0
589.003,16
589.11,26
589.216,31
589.323,0
589.429,0
589.535,14
589.642,0
589.748,0
589.855,4
589.961,0
590.067,0
590.174,1
590.28,7
590.387,3
590.493,0
590.599,2
590.706,16
590.812,0
590.918,24
591.025,16
591.131,0
591.238,0
591.344,0
591.45,11
591.557,6
591.663,0
591.77,0
591.876,0
591.982,0
592.089,14
592.195,1
592.302,0
592.408,0
592.514,10
592.621,21
592.727,0
592.834,0
592.94,15
593.046,11
593.153,11
593.259,0
593.365,5
593.472,10
593.578,0
593.685,6
593.791,6
593.897,29
594.004,31
594.11,5
594.217,0
594.323,0
594.429,9
594.536,0
594.642,0
594.748,0
594.855,0
594.961,0
595.068,0
595.174,0
595.28,10
595.387,20
595.493,16
595.6,0
595.706,17
595.812,17
595.919,13
596.025,0
596.131,0
596.238,11
596.344,0
596.451,0
596.557,0
596.663,0
596.77,5
596.876,8
596.982,0
597.089,0
597.195,16
597.302,11
597.408,6
597.514,0
597.621,0
597.727,0
597.833,0
597.94,0
598.046,11
598.153,0
598.259,0
598.365,36
598.472,73
598.578,82
598.685,16
598.791,8
598.897,1
599.004,0
599.11,12
599.216,4
599.323,0
599.429,21
599.535,29
599.642,20
599.748,0
599.855,8
599.961,17
600.067,0
600.174,4
600.28,22
600.386,3
600.493,0
600.599,24
600.706,21
600.812,0
600.918,0
601.025,0
601.131,19
601.237,0
601.344,0
601.45,0
601.557,36
601.663,11
601.769,0
601.876,0
601.982,0
602.088,0
602.195,2
602.301,2
602.407,0
602.514,3
602.62,7
602.727,7
602.833,0
602.939,23
603.046,0
603.152,8
603.258,0
603.365,24
603.471,2
603.577,0
603.684,17
603.79,8
603.897,0
604.003,0
604.109,0
604.216,0
604.322,32
604.428,8
604.535,0
604.641,0
604.747,14
604.854,12
604.96,0
605.067,5
605.173,4
605.279,15
605.386,0
605.492,0
605.598,0
605.705,26
605.811,4
605.917,0
606.024,14
606.13,3
606.236,0
606.343,2
606.449,0
606.556,0
606.662,21
606.768,15
606.875,3
606.981,0
607.087,4
607.194,38
607.3,28
607.406,12
607.513,1
607.619,24
607.725,9
607.832,0
607.938,0
608.045,0
608.151,0
608.257,0
608.364,10
608.47,0
608.576,4
608.683,0
608.789,11
608.895,3
609.002,0
609.108,0
609.214,2
609.321,23
609.427,0
609.533,0
609.64,0
609.746,0
609.852,13
609.959,0
610.065,0
610.172,19
610.278,0
610.384,15
610.491,0
610.597,0
610.703,11
610.81,0
610.916,0
611.022,0
611.129,0
611.235,21
611.341,17
611.448,17
611.554,0
611.66,0
611.767,20
611.873,3
611.979,68
612.086,105
612.192,52
612.298,0
612.405,0
612.511,8
612.617,9
612.724,0
612.83,0
612.936,12
613.043,0
613.149,3
613.255,6
613.362,0
613.468,3
613.575,0
613.681,9
613.787,0
613.894,0
614,21
614.106,2
614.213,0
614.319,0
614.425,0
614.532,0
614.638,24
614.744,0
614.851,0
614.957,50
615.063,25
615.17,0
615.276,0
615.382,0
615.489,0
615.595,0
615.701,0
615.808,0
615.914,0
616.02,7
616.127,5
616.233,0
616.339,0
616.446,18
616.552,16
616.658,0
616.765,0
616.871,25
616.977,9
617.084,0
617.19,0
617.296,16
617.403,0
617.509,0
617.615,0
617.722,7
617.828,16
617.934,7
618.041,0
618.147,25
618.253,0
618.36,3
618.466,6
618.572,9
618.679,0
618.785,0
618.891,29
618.998,0
619.104,0
619.21,0
619.316,0
619.423,0
619.529,0
619.635,0
619.742,8
619.848,0
619.954,0
620.061,0
620.167,16
620.273,4
620.38,0
620.486,0
620.592,0
620.699,13
620.805,7
620.911,7
621.018,6
621.124,13
621.23,2
621.337,8
621.443,0
621.549,13
621.656,22
621.762,3
621.868,20
621.975,0
622.081,1
622.187,5
622.294,0
622.4,7
622.506,0
622.612,8
622.719,18
622.825,31
622.931,0
623.038,0
623.144,2
623.25,10
623.357,5
623.463,0
623.569,15
623.676,3
623.782,11
623.888,9
623.995,0
624.101,2
624.207,0
624.314,0
624.42,2
624.526,9
624.632,1
624.739,0
624.845,0
624.951,0
625.058,4
625.164,4
625.27,0
625.377,0
625.483,0
625.589,33
625.696,25
625.802,0
625.908,0
626.015,2
626.121,0
626.227,0
626.333,10
626.44,7
626.546,7
626.652,0
626.759,6
626.865,9
626.971,3
627.078,0
627.184,0
627.29,0
627.397,29
627.503,16
627.609,45
627.715,43
627.822,27
627.928,15
628.034,16
628.141,18
628.247,9
628.353,7
628.46,0
628.566,0
628.672,13
628.778,0
628.885,20
628.991,21
629.097,0
629.204,1
629.31,6
629.416,0
629.523,9
629.629,30
629.735,14
629.841,0
629.948,16
630.054,24
630.16,0
630.267,0
630.373,0
630.479,0
630.586,0
630.692,17
630.798,26
630.904,8
631.011,0
631.117,0
631.223,1
631.33,0
631.436,0
631.542,0
631.649,0
631.755,0
631.861,13
631.967,0
632.074,0
632.18,26
632.286,0
632.393,0
632.499,0
632.605,0
632.711,29
632.818,0
632.924,7
633.03,17
633.137,46
633.243,24
633.349,0
633.456,4
633.562,14
633.668,23
633.774,0
633.881,0
633.987,0
634.093,18
634.2,13
634.306,0
634.412,0
634.518,21
634.625,12
634.731,0
634.837,0
634.944,4
635.05,0
635.156,0
635.262,0
635.369,0
635.475,17
635.581,0
635.688,21
635.794,26
635.9,17
636.006,15
636.113,0
636.219,8
636.325,28
636.432,7
636.538,0
636.644,0
636.75,0
636.857,0
636.963,16
637.069,25
637.176,18
637.282,0
637.388,0
637.494,18
637.601,97
637.707,67
637.813,13
637.92,3
638.026,8
638.132,32
638.238,0
638.345,29
638.451,0
638.557,20
638.663,0
638.77,0
638.876,17
638.982,3
639.089,2
639.195,23
639.301,0
639.407,0
639.514,0
639.62,26
639.726,0
639.833,0
639.939,10
640.045,10
640.151,0
640.258,0
640.364,5
640.47,0
640.576,0
640.683,0
640.789,16
640.895,14
641.002,0
641.108,3
641.214,0
641.32,0
641.427,3
641.533,0
641.639,0
641.745,14
641.852,0
641.958,0
642.064,50
642.171,26
642.277,6
642.383,0
642.489,0
642.596,19
642.702,0
642.808,12
642.914,17
643.021,0
643.127,0
643.233,27
643.339,13
643.446,0
643.552,0
643.658,0
643.765,14
643.871,0
643.977,9
644.083,0
644.19,0
644.296,30
644.402,14
644.508,8
644.615,28
644.721,8
644.827,0
644.933,0
645.04,3
645.146,0
645.252,0
645.358,0
645.465,0
645.571,0
645.677,0
645.784,20
645.89,0
645.996,19
646.102,2
646.209,4
646.315,0
646.421,0
646.527,0
646.634,0
646.74,0
646.846,40
646.952,26
647.059,9
647.165,0
647.271,4
647.377,6
647.484,15
647.59,0
647.696,0
647.802,0
647.909,9
648.015,6
648.121,0
648.227,0
648.334,11
648.44,21
648.546,0
648.652,0
648.759,0
648.865,19
648.971,0
649.077,6
649.184,5
649.29,0
649.396,13
649.502,0
649.609,0
649.715,6
649.821,14
649.927,0
650.034,21
650.14,24
650.246,0
650.352,0
650.459,0
650.565,0
650.671,8
650.777,4
650.884,0
650.99,47
651.096,54
651.202,47
651.309,108
651.415,203
651.521,113
651.627,66
651.734,0
651.84,0
651.946,5
652.052,0
652.159,0
652.265,18
652.371,15
652.477,0
652.584,0
652.69,0
652.796,0
652.902,0
653.009,0
653.115,8
653.221,0
653.327,0
653.434,98
653.54,100
653.646,32
653.752,0
653.858,0
653.965,0
654.071,0
654.177,13
654.283,0
654.39,9
654.496,0
654.602,19
654.708,7
654.815,1
654.921,0
655.027,2
655.133,26
655.24,13
655.346,0
655.452,14
655.558,0
655.665,0
655.771,7
655.877,9
655.983,2
656.089,0
656.196,13
656.302,20
656.408,3
656.514,4
656.621,8
656.727,21
656.833,0
656.939,1
657.046,18
657.152,4
657.258,0
657.364,0
657.47,58
657.577,18
657.683,0
657.789,0
657.895,23
658.002,49
658.108,0
658.214,0
658.32,0
658.427,36
658.533,51
658.639,48
658.745,107
658.851,75
658.958,16
659.064,4
659.17,24
659.276,3
659.383,70
659.489,112
659.595,49
659.701,4
659.807,57
659.914,88
660.02,70
660.126,0
660.232,0
660.339,4
660.445,16
660.551,11
660.657,7
660.763,17
660.87,40
660.976,60
661.082,71
661.188,15
661.295,0
661.401,11
661.507,22
661.613,18
661.719,0
661.826,13
661.932,0
662.038,12
662.144,13
662.251,37
662.357,135
662.463,107
662.569,67
662.675,0
662.782,32
662.888,349
662.994,287
663.1,134
663.206,0
663.313,0
663.419,0
663.525,50
663.631,137
663.738,124
663.844,53
663.95,6
664.056,0
664.162,7
664.269,40
664.375,51
664.481,42
664.587,0
664.693,0
664.8,35
664.906,3
665.012,21
665.118,13
665.225,26
665.331,32
665.437,41
665.543,2
665.649,0
665.756,19
665.862,8
665.968,0
666.074,0
666.18,49
666.287,97
666.393,37
666.499,14
666.605,74
666.711,64
666.818,50
666.924,24
667.03,4
667.136,6
667.242,14
667.349,21
667.455,0
667.561,57
667.667,69
667.773,76
667.88,0
667.986,0
668.092,43
668.198,41
668.304,0
668.411,0
668.517,61
668.623,61
668.729,24
668.835,18
668.942,0
669.048,9
669.154,0
669.26,0
669.366,20
669.473,81
669.579,50
669.685,24
669.791,0
669.897,22
670.004,21
670.11,0
670.216,9
670.322,12
670.428,18
670.535,0
670.641,0
670.747,145
670.853,241
670.959,147
671.066,17
671.172,0
671.278,0
671.384,0
671.49,20
671.597,0
671.703,10
671.809,10
671.915,0
672.021,8
672.128,14
672.234,0
672.34,18
672.446,9
672.552,0
672.658,0
672.765,7
672.871,20
672.977,6
673.083,0
673.189,17
673.296,40
673.402,73
673.508,52
673.614,12
673.72,3
673.827,0
673.933,0
674.039,1
674.145,0
674.251,89
674.357,85
674.464,11
674.57,1
674.676,0
674.782,0
674.888,31
674.995,0
675.101,0
675.207,20
675.313,0
675.419,0
675.526,0
675.632,0
675.738,0
675.844,0
675.95,21
676.056,0
676.163,18
676.269,10
676.375,3
676.481,7
676.587,0
676.693,0
676.8,0
676.906,24
677.012,19
677.118,0
677.224,1
677.331,17
677.437,29
677.543,50
677.649,48
677.755,0
677.861,12
677.968,19
678.074,3
678.18,18
678.286,34
678.392,1
678.498,0
678.605,0
678.711,14
678.817,30
678.923,17
679.029,0
679.136,27
679.242,31
679.348,38
679.454,54
679.56,23
679.666,0
679.773,38
679.879,0
679.985,15
680.091,7
680.197,0
680.303,18
680.41,22
680.516,0
680.622,0
680.728,27
680.834,15
680.94,78
681.047,202
681.153,142
681.259,182
681.365,128
681.471,66
681.577,0
681.684,0
681.79,2
681.896,26
682.002,11
682.108,7
682.214,0
682.321,0
682.427,4
682.533,10
682.639,1
682.745,0
682.851,23
682.958,0
683.064,21
683.17,0
683.276,0
683.382,21
683.488,2
683.595,0
683.701,0
683.807,0
683.913,0
684.019,0
684.125,7
684.231,7
684.338,5
684.444,12
684.55,21
684.656,2
684.762,0
684.868,1
684.975,12
685.081,0
685.187,0
685.293,4
685.399,0
685.505,32
685.611,0
685.718,0
685.824,3
685.93,1
686.036,0
686.142,17
686.248,0
686.355,20
686.461,2
686.567,0
686.673,0
686.779,0
686.885,3
686.991,0
687.098,0
687.204,18
687.31,13
687.416,0
687.522,26
687.628,20
687.735,0
687.841,19
687.947,13
688.053,0
688.159,0
688.265,9
688.371,0
688.478,0
688.584,0
688.69,0
688.796,0
688.902,0
689.008,0
689.114,0
689.221,0
689.327,33
689.433,20
689.539,9
689.645,0
689.751,8
689.857,18
689.964,9
690.07,0
690.176,9
690.282,0
690.388,21
690.494,2
690.6,1
690.707,18
690.813,0
690.919,0
691.025,8
691.131,6
691.237,14
691.343,17
691.45,0
691.556,2
691.662,0
691.768,0
691.874,0
691.98,15
692.086,0
692.193,6
692.299,10
692.405,4
692.511,0
692.617,0
692.723,10
692.829,0
692.935,27
693.042,0
693.148,0
693.254,45
693.36,43
693.466,15
693.572,0
693.678,2
693.785,6
693.891,0
693.997,0
694.103,0
694.209,0
694.315,0
694.421,14
694.527,9
694.634,0
694.74,0
694.846,26
694.952,5
695.058,0
695.164,2
695.27,8
695.376,0
695.483,21
695.589,15
695.695,8
695.801,29
695.907,25
696.013,0
696.119,6
696.225,0
696.332,11
696.438,0
696.544,0
696.65,0
696.756,0
696.862,25
696.968,0
697.074,0
697.181,17
697.287,7
697.393,0
697.499,0
697.605,18
697.711,24
697.817,0
697.923,0
698.03,14
698.136,18
698.242,0
698.348,0
698.454,9
698.56,17
698.666,19
698.772,11
698.879,6
698.985,5
699.091,0
699.197,4
699.303,21
699.409,9
699.515,0
