59.6745,6
59.7518,1
59.8291,15
59.9064,19
59.9837,25
60.061,10
60.1382,0
60.2155,24
60.2928,14
60.3701,0
60.4474,0
60.5247,4
60.602,0
60.6793,27
60.7565,13
60.8338,16
60.9111,6
60.9884,7
61.0657,7
61.143,0
61.2203,12
61.2976,14
61.3748,0
61.4521,1
61.5294,0
61.6067,33
61.684,11
61.7613,0
61.8386,0
61.9159,0
61.9931,43
62.0704,25
62.1477,0
62.225,4
62.3023,13
62.3796,0
62.4569,0
62.5342,10
62.6115,2
62.6887,0
62.766,15
62.8433,19
62.9206,0
62.9979,0
63.0752,20
63.1525,34
63.2298,0
63.307,2
63.3843,19
63.4616,0
63.5389,47
63.6162,30
63.6935,24
63.7708,0
63.8481,6
63.9254,3
64.0026,3
64.0799,0
64.1572,8
64.2345,17
64.3118,31
64.3891,19
64.4664,0
64.5437,0
64.621,33
64.6982,2
64.7755,0
64.8528,0
64.9301,7
65.0074,13
65.0847,22
65.162,0
65.2393,0
65.3166,25
65.3938,0
65.4711,0
65.5484,2
65.6257,0
65.703,19
65.7803,0
65.8576,0
65.9349,0
66.0122,11
66.0894,0
66.1667,7
66.244,0
66.3213,0
66.3986,7
66.4759,28
66.5532,0
66.6305,0
66.7078,0
66.7851,0
66.8623,16
66.9396,0
67.0169,0
67.0942,12
67.1715,3
67.2488,0
67.3261,16
67.4034,0
67.4807,0
67.5579,21
67.6352,3
67.7125,0
67.7898,0
67.8671,0
67.9444,25
68.0217,0
68.099,0
68.1763,9
68.2536,19
68.3308,0
68.4081,23
68.4854,5
68.5627,0
68.64,0
68.7173,16
68.7946,11
68.8719,18
68.9492,8
69.0265,28
69.1037,15
69.181,14
69.2583,0
69.3356,8
69.4129,13
69.4902,16
69.5675,0
69.6448,0
69.7221,18
69.7994,26
69.8766,7
69.9539,0
70.0312,36
70.1085,0
70.1858,8
70.2631,3
70.3404,0
70.4177,13
70.495,7
70.5723,13
70.6496,13
70.7268,13
70.8041,0
70.8814,0
70.9587,25
71.036,0
71.1133,0
71.1906,7
71.2679,0
71.3452,0
71.4225,25
71.4997,9
71.577,15
71.6543,15
71.7316,2
71.8089,8
71.8862,47
71.9635,8
72.0408,0
72.1181,0
72.1954,4
72.2727,10
72.3499,0
72.4272,10
72.5045,39
72.5818,27
72.6591,0
72.7364,6
72.8137,28
72.891,14
72.9683,3
73.0456,10
73.1229,0
73.2002,20
73.2774,16
73.3547,16
73.432,0
73.5093,0
73.5866,0
73.6639,2
73.7412,0
73.8185,8
73.8958,0
73.9731,9
74.0504,19
74.1276,0
74.2049,0
74.2822,0
74.3595,14
74.4368,0
74.5141,1
74.5914,8
74.6687,3
74.746,13
74.8233,0
74.9006,0
74.9779,0
75.0551,19
75.1324,0
75.2097,0
75.287,28
75.3643,45
75.4416,14
75.5189,0
75.5962,15
75.6735,0
75.7508,12
75.8281,0
75.9054,3
75.9826,0
76.0599,4
76.1372,10
76.2145,5
76.2918,0
76.3691,4
76.4464,8
76.5237,10
76.601,0
76.6783,0
76.7556,0
76.8329,13
76.9101,0
76.9874,0
77.0647,15
77.142,23
77.2193,0
77.2966,24
77.3739,29
77.4512,6
77.5285,0
77.6058,11
77.6831,0
77.7604,4
77.8377,0
77.9149,10
77.9922,0
78.0695,11
78.1468,0
78.2241,3
78.3014,13
78.3787,0
78.456,22
78.5333,4
78.6106,31
78.6879,2
78.7652,31
78.8425,0
78.9197,0
78.997,10
79.0743,0
79.1516,8
79.2289,8
79.3062,0
79.3835,0
79.4608,17
79.5381,15
79.6154,0
79.6927,0
79.77,11
79.8473,1
79.9246,13
80.0018,24
80.0791,0
80.1564,8
80.2337,0
80.311,6
80.3883,28
80.4656,2
80.5429,15
80.6202,0
80.6975,17
80.7748,11
80.8521,0
80.9294,0
81.0067,21
81.0839,9
81.1612,0
81.2385,14
81.3158,43
81.3931,6
81.4704,0
81.5477,0
81.625,14
81.7023,0
81.7796,21
81.8569,12
81.9342,0
82.0115,0
82.0888,3
82.166,0
82.2433,0
82.3206,0
82.3979,21
82.4752,0
82.5525,0
82.6298,29
82.7071,23
82.7844,0
82.8617,0
82.939,0
83.0163,31
83.0936,42
83.1709,0
83.2482,9
83.3254,15
83.4027,0
83.48,0
83.5573,8
83.6346,12
83.7119,0
83.7892,4
83.8665,3
83.9438,0
84.0211,0
84.0984,0
84.1757,0
84.253,20
84.3303,15
84.4076,0
84.4849,13
84.5621,26
84.6394,12
84.7167,0
84.794,11
84.8713,10
84.9486,36
85.0259,0
85.1032,0
85.1805,0
85.2578,0
85.3351,5
85.4124,20
85.4897,12
85.567,0
85.6443,20
85.7216,8
85.7988,0
85.8761,0
85.9534,0
86.0307,0
86.108,6
86.1853,2
86.2626,0
86.3399,0
86.4172,0
86.4945,0
86.5718,13
86.6491,0
86.7264,0
86.8037,4
86.881,14
86.9583,0
87.0356,16
87.1128,18
87.1901,0
87.2674,4
87.3447,17
87.422,0
87.4993,0
87.5766,0
87.6539,0
87.7312,0
87.8085,0
87.8858,11
87.9631,1
88.0404,0
88.1177,2
88.195,13
88.2723,0
88.3496,10
88.4268,0
88.5041,5
88.5814,13
88.6587,22
88.736,17
88.8133,14
88.8906,0
88.9679,0
89.0452,0
89.1225,0
89.1998,13
89.2771,0
89.3544,0
89.4317,23
89.509,0
89.5863,6
89.6636,10
89.7409,8
89.8182,2
89.8954,0
89.9727,2
90.05,0
90.1273,1
90.2046,0
90.2819,32
90.3592,0
90.4365,0
90.5138,5
90.5911,0
90.6684,0
90.7457,21
90.823,19
90.9003,0
90.9776,0
91.0549,0
91.1322,1
91.2095,0
91.2868,12
91.3641,17
91.4413,0
91.5186,0
91.5959,19
91.6732,0
91.7505,15
91.8278,27
91.9051,0
91.9824,24
92.0597,10
92.137,0
92.2143,4
92.2916,9
92.3689,0
92.4462,14
92.5235,0
92.6008,11
92.6781,22
92.7554,4
92.8327,14
92.91,15
92.9873,0
93.0645,7
93.1418,11
93.2191,0
93.2964,23
93.3737,29
93.451,20
93.5283,0
93.6056,0
93.6829,0
93.7602,0
93.8375,17
93.9148,4
93.9921,11
94.0694,16
94.1467,3
94.224,0
94.3013,13
94.3786,21
94.4559,0
94.5332,0
94.6105,0
94.6878,8
94.765,0
94.8423,0
94.9196,21
94.9969,0
95.0742,21
95.1515,8
95.2288,32
95.3061,6
95.3834,0
95.4607,0
95.538,0
95.6153,0
95.6926,0
95.7699,2
95.8472,0
95.9245,1
96.0018,23
96.0791,2
96.1564,0
96.2337,7
96.311,10
96.3883,0
96.4656,4
96.5428,16
96.6201,23
96.6974,1
96.7747,0
96.852,0
96.9293,14
97.0066,0
97.0839,0
97.1612,7
97.2385,0
97.3158,11
97.3931,0
97.4704,0
97.5477,0
97.625,0
97.7023,0
97.7796,3
97.8569,0
97.9342,3
98.0115,6
98.0888,0
98.1661,16
98.2434,26
98.3207,0
98.398,0
98.4753,39
98.5525,22
98.6298,0
98.7071,0
98.7844,0
98.8617,15
98.939,0
99.0163,0
99.0936,0
99.1709,19
99.2482,0
99.3255,0
99.4028,0
99.4801,22
99.5574,20
99.6347,7
99.712,0
99.7893,0
99.8666,15
99.9439,10
100.021,0
100.098,0
100.176,28
100.253,0
100.33,8
100.408,0
100.485,0
100.562,11
100.64,0
100.717,7
100.794,0
100.871,17
100.949,1
101.026,0
101.103,16
101.181,2
101.258,18
101.335,0
101.413,0
101.49,0
101.567,0
101.644,6
101.722,0
101.799,17
101.876,0
101.954,0
102.031,3
102.108,10
102.185,18
102.263,9
102.34,0
102.417,12
102.495,0
102.572,7
102.649,0
102.727,0
102.804,0
102.881,0
102.958,2
103.036,0
103.113,0
103.19,11
103.268,0
103.345,0
103.422,0
103.5,0
103.577,6
103.654,0
103.731,0
103.809,0
103.886,0
103.963,0
104.041,0
104.118,0
104.195,6
104.273,4
104.35,0
104.427,0
104.504,0
104.582,0
104.659,0
104.736,8
104.814,10
104.891,2
104.968,8
105.045,38
105.123,18
105.2,10
105.277,0
105.355,0
105.432,8
105.509,7
105.587,0
105.664,28
105.741,9
105.818,0
105.896,0
105.973,22
106.05,0
106.128,0
106.205,30
106.282,27
106.36,0
106.437,0
106.514,0
106.591,0
106.669,5
106.746,0
106.823,17
106.901,0
106.978,13
107.055,15
107.132,12
107.21,0
107.287,0
107.364,0
107.442,16
107.519,0
107.596,3
107.674,0
107.751,0
107.828,0
107.905,0
107.983,1
108.06,0
108.137,16
108.215,13
108.292,0
108.369,0
108.447,0
108.524,7
108.601,0
108.678,17
108.756,0
108.833,0
108.91,27
108.988,6
109.065,0
109.142,0
109.22,0
109.297,47
109.374,0
109.451,0
109.529,0
109.606,6
109.683,21
109.761,0
109.838,0
109.915,7
109.993,1
110.07,4
110.147,0
110.224,0
110.302,1
110.379,0
110.456,6
110.534,12
110.611,0
110.688,0
110.765,18
110.843,11
110.92,6
110.997,0
111.075,12
111.152,0
111.229,0
111.307,0
111.384,16
111.461,0
111.538,0
111.616,0
111.693,0
111.77,11
111.848,8
111.925,0
112.002,5
112.08,0
112.157,34
112.234,0
112.311,0
112.389,0
112.466,25
112.543,0
112.621,0
112.698,0
112.775,0
112.853,2
112.93,0
113.007,11
113.084,7
113.162,0
113.239,0
113.316,0
113.394,0
113.471,15
113.548,4
113.626,0
113.703,7
113.78,0
113.857,0
113.935,47
114.012,43
114.089,4
114.167,0
114.244,0
114.321,1
114.398,0
114.476,0
114.553,9
114.63,20
114.708,6
114.785,0
114.862,18
114.94,12
115.017,4
115.094,0
115.171,16
115.249,20
115.326,0
115.403,0
115.481,0
115.558,0
115.635,0
115.713,0
115.79,8
115.867,0
115.944,0
116.022,0
116.099,16
116.176,6
116.254,16
116.331,16
116.408,17
116.486,6
116.563,0
116.64,9
116.717,12
116.795,0
116.872,0
116.949,0
117.027,0
117.104,0
117.181,0
117.259,11
117.336,12
117.413,0
117.49,0
117.568,16
117.645,30
117.722,0
117.8,0
117.877,12
117.954,27
118.032,0
118.109,0
118.186,6
118.263,15
118.341,0
118.418,17
118.495,18
118.573,22
118.65,0
118.727,0
118.805,5
118.882,10
118.959,17
119.036,0
119.114,10
119.191,11
119.268,2
119.346,0
119.423,33
119.5,30
119.577,0
119.655,0
119.732,24
119.809,2
119.887,24
119.964,0
120.041,9
120.119,13
120.196,0
120.273,14
120.35,0
120.428,3
120.505,9
120.582,0
120.66,0
120.737,4
120.814,2
120.892,24
120.969,4
121.046,0
121.123,17
121.201,43
121.278,0
121.355,0
121.433,18
121.51,0
121.587,0
121.665,21
121.742,26
121.819,2
121.896,0
121.974,0
122.051,29
122.128,0
122.206,16
122.283,2
122.36,14
122.438,0
122.515,14
122.592,2
122.669,0
122.747,1
122.824,6
122.901,0
122.979,20
123.056,0
123.133,0
123.211,10
123.288,0
123.365,0
123.442,18
123.52,0
123.597,4
123.674,33
123.752,0
123.829,0
123.906,36
123.984,0
124.061,18
124.138,14
124.215,0
124.293,0
124.37,9
124.447,0
124.525,14
124.602,13
124.679,3
124.757,7
124.834,7
124.911,3
124.988,24
125.066,23
125.143,0
125.22,0
125.298,26
125.375,12
125.452,0
125.53,0
125.607,26
125.684,3
125.761,5
125.839,4
125.916,5
125.993,0
126.071,18
126.148,10
126.225,1
126.302,0
126.38,0
126.457,0
126.534,15
126.612,16
126.689,2
126.766,6
126.844,29
126.921,10
126.998,24
127.075,0
127.153,0
127.23,4
127.307,0
127.385,7
127.462,0
127.539,6
127.617,0
127.694,19
127.771,0
127.848,0
127.926,16
128.003,6
128.08,0
128.158,2
128.235,0
128.312,13
128.39,0
128.467,6
128.544,9
128.621,0
128.699,8
128.776,11
128.853,15
128.931,0
129.008,0
129.085,0
129.163,32
129.24,0
129.317,0
129.394,27
129.472,45
129.549,13
129.626,0
129.704,0
129.781,21
129.858,2
129.936,8
130.013,11
130.09,0
130.167,0
130.245,0
130.322,0
130.399,7
130.477,7
130.554,4
130.631,32
130.709,25
130.786,10
130.863,0
130.94,0
131.018,15
131.095,0
131.172,4
131.25,14
131.327,18
131.404,11
131.482,27
131.559,0
131.636,4
131.713,26
131.791,1
131.868,10
131.945,17
132.023,7
132.1,0
132.177,26
132.255,26
132.332,0
132.409,0
132.486,13
132.564,21
132.641,7
132.718,12
132.796,0
132.873,0
132.95,0
133.028,5
133.105,6
133.182,0
133.259,6
133.337,17
133.414,18
133.491,0
133.569,0
133.646,16
133.723,0
133.801,15
133.878,9
133.955,12
134.032,0
134.11,35
134.187,1
134.264,0
134.342,1
134.419,18
134.496,13
134.574,0
134.651,15
134.728,0
134.805,1
134.883,12
134.96,31
135.037,17
135.115,17
135.192,25
135.269,0
135.347,0
135.424,5
135.501,0
135.578,0
135.656,0
135.733,0
135.81,0
135.888,0
135.965,0
136.042,0
136.12,0
136.197,0
136.274,13
136.351,0
136.429,11
136.506,0
136.583,6
136.661,0
136.738,17
136.815,2
136.893,0
136.97,0
137.047,0
137.124,32
137.202,45
137.279,12
137.356,0
137.434,0
137.511,0
137.588,0
137.665,8
137.743,18
137.82,12
137.897,12
137.975,0
138.052,0
138.129,26
138.207,13
138.284,6
138.361,0
138.438,0
138.516,10
138.593,13
138.67,13
138.748,0
138.825,0
138.902,0
138.98,11
139.057,0
139.134,0
139.211,9
139.289,0
139.366,18
139.443,13
139.521,32
139.598,10
139.675,24
139.753,0
139.83,0
139.907,0
139.984,16
140.062,9
140.139,19
140.216,2
140.294,0
140.371,0
140.448,0
140.526,22
140.603,0
140.68,0
140.757,14
140.835,0
140.912,0
140.989,1
141.067,0
141.144,0
141.221,17
141.299,0
141.376,0
141.453,16
141.53,0
141.608,14
141.685,7
141.762,0
141.84,8
141.917,0
141.994,0
142.072,3
142.149,33
142.226,11
142.303,2
142.381,0
142.458,21
142.535,0
142.613,0
142.69,10
142.767,3
142.845,0
142.922,0
142.999,1
143.076,0
143.154,6
143.231,0
143.308,1
143.386,26
143.463,15
143.54,4
143.618,0
143.695,12
143.772,0
143.849,10
143.927,4
144.004,13
144.081,25
144.159,0
144.236,12
144.313,0
144.391,0
144.468,17
144.545,0
144.622,5
144.7,0
144.777,4
144.854,46
144.932,11
145.009,2
145.086,0
145.164,0
145.241,4
145.318,0
145.395,3
145.473,8
145.55,6
145.627,0
145.705,10
145.782,0
145.859,0
145.937,0
146.014,17
146.091,0
146.168,0
146.246,0
146.323,4
146.4,0
146.478,0
146.555,2
146.632,15
146.71,18
146.787,3
146.864,0
146.941,8
147.019,2
147.096,14
147.173,6
147.251,0
147.328,0
147.405,7
147.483,0
147.56,0
147.637,1
147.714,0
147.792,0
147.869,8
147.946,19
148.024,0
148.101,0
148.178,0
148.256,7
148.333,8
148.41,20
148.487,0
148.565,0
148.642,0
148.719,0
148.797,24
148.874,0
148.951,0
149.029,13
149.106,5
149.183,5
149.26,0
149.338,0
149.415,7
149.492,0
149.57,4
149.647,10
149.724,18
149.802,0
149.879,0
149.956,0
150.033,0
150.111,0
150.188,25
150.265,0
150.343,37
150.42,11
150.497,5
150.574,0
150.652,0
150.729,26
150.806,0
150.884,0
150.961,0
151.038,56
151.116,33
151.193,0
151.27,0
151.347,0
151.425,5
151.502,30
151.579,24
151.657,0
151.734,0
151.811,25
151.889,0
151.966,0
152.043,25
152.12,0
152.198,24
152.275,9
152.352,0
152.43,0
152.507,0
152.584,33
152.662,19
152.739,12
152.816,0
152.893,0
152.971,0
153.048,2
153.125,0
153.203,26
153.28,9
153.357,0
153.435,17
153.512,0
153.589,0
153.666,0
153.744,11
153.821,7
153.898,1
153.976,1
154.053,20
154.13,15
154.208,0
154.285,0
154.362,14
154.439,0
154.517,3
154.594,0
154.671,0
154.749,0
154.826,0
154.903,21
154.981,0
155.058,4
155.135,15
155.212,0
155.29,5
155.367,0
155.444,0
155.522,22
155.599,5
155.676,2
155.754,0
155.831,0
155.908,6
155.985,0
156.063,0
156.14,0
156.217,11
156.295,11
156.372,17
156.449,8
156.527,5
156.604,0
156.681,25
156.758,0
156.836,0
156.913,6
156.99,0
157.068,0
157.145,0
157.222,21
157.3,0
157.377,0
157.454,0
157.531,9
157.609,35
157.686,0
157.763,0
157.841,16
157.918,15
157.995,3
158.073,1
158.15,21
158.227,10
158.304,11
158.382,0
158.459,3
158.536,5
158.614,0
158.691,9
158.768,0
158.845,18
158.923,24
159,0
159.077,0
159.155,6
159.232,26
159.309,0
159.387,0
159.464,20
159.541,6
159.618,0
159.696,16
159.773,0
159.85,10
159.928,30
160.005,0
160.082,16
160.16,0
160.237,0
160.314,7
160.391,21
160.469,0
160.546,0
160.623,0
160.701,9
160.778,0
160.855,0
160.933,0
161.01,2
161.087,4
161.164,23
161.242,30
161.319,9
161.396,1
161.474,12
161.551,8
161.628,8
161.706,0
161.783,26
161.86,34
161.937,20
162.015,8
162.092,12
162.169,9
162.247,25
162.324,10
162.401,0
162.479,26
162.556,0
162.633,8
162.71,23
162.788,14
162.865,6
162.942,8
163.02,22
163.097,21
163.174,0
163.252,28
163.329,0
163.406,2
163.483,0
163.561,0
163.638,0
163.715,1
163.793,0
163.87,0
163.947,0
164.025,0
164.102,0
164.179,8
164.256,0
164.334,0
164.411,13
164.488,0
164.566,14
164.643,14
164.72,17
164.797,1
164.875,0
164.952,6
165.029,8
165.107,12
165.184,0
165.261,27
165.339,0
165.416,0
165.493,13
165.57,9
165.648,0
165.725,1
165.802,30
165.88,12
165.957,26
166.034,19
166.112,5
166.189,0
166.266,0
166.343,0
166.421,14
166.498,1
166.575,8
166.653,5
166.73,3
166.807,0
166.885,16
166.962,16
167.039,0
167.116,31
167.194,4
167.271,0
167.348,0
167.426,0
167.503,0
167.58,5
167.658,0
167.735,11
167.812,24
167.889,0
167.967,0
168.044,32
168.121,75
168.199,24
168.276,0
168.353,0
168.431,0
168.508,0
168.585,0
168.662,10
168.74,0
168.817,0
168.894,25
168.972,13
169.049,0
169.126,0
169.203,4
169.281,17
169.358,28
169.435,0
169.513,3
169.59,20
169.667,5
169.745,0
169.822,0
169.899,17
169.976,4
170.054,0
170.131,8
170.208,0
170.286,5
170.363,0
170.44,7
170.518,16
170.595,0
170.672,16
170.749,14
170.827,25
170.904,0
170.981,6
171.059,0
171.136,0
171.213,0
171.291,0
171.368,0
171.445,6
171.522,19
171.6,22
171.677,0
171.754,29
171.832,5
171.909,0
171.986,28
172.064,4
172.141,0
172.218,11
172.295,0
172.373,0
172.45,2
172.527,0
172.605,1
172.682,5
172.759,40
172.836,26
172.914,15
172.991,19
173.068,0
173.146,15
173.223,0
173.3,8
173.378,0
173.455,1
173.532,0
173.609,20
173.687,0
173.764,2
173.841,0
173.919,8
173.996,2
174.073,0
174.151,9
174.228,21
174.305,0
174.382,0
174.46,0
174.537,15
174.614,0
174.692,15
174.769,7
174.846,0
174.924,0
175.001,0
175.078,13
175.155,0
175.233,0
175.31,0
175.387,16
175.465,0
175.542,0
175.619,6
175.696,0
175.774,9
175.851,49
175.928,26
176.006,0
176.083,0
176.16,5
176.238,2
176.315,17
176.392,0
176.469,16
176.547,0
176.624,16
176.701,0
176.779,0
176.856,17
176.933,0
177.011,13
177.088,1
177.165,0
177.242,30
177.32,0
177.397,0
177.474,31
177.552,18
177.629,5
177.706,16
177.784,5
177.861,0
177.938,12
178.015,0
178.093,0
178.17,8
178.247,10
178.325,0
178.402,0
178.479,9
178.556,15
178.634,1
178.711,0
178.788,22
178.866,20
178.943,0
179.02,12
179.098,37
179.175,1
179.252,0
179.329,0
179.407,11
179.484,0
179.561,0
179.639,0
179.716,5
179.793,16
179.871,0
179.948,0
180.025,0
180.102,10
180.18,25
180.257,0
180.334,0
180.412,0
180.489,7
180.566,8
180.643,15
180.721,4
180.798,8
180.875,17
180.953,6
181.03,0
181.107,0
181.185,14
181.262,29
181.339,0
181.416,0
181.494,7
181.571,12
181.648,0
181.726,5
181.803,7
181.88,4
181.958,16
182.035,22
182.112,23
182.189,10
182.267,1
182.344,0
182.421,24
182.499,26
182.576,0
182.653,0
182.73,0
182.808,17
182.885,0
182.962,0
183.04,0
183.117,31
183.194,7
183.272,9
183.349,0
183.426,0
183.503,44
183.581,35
183.658,6
183.735,0
183.813,9
183.89,14
183.967,21
184.045,24
184.122,7
184.199,4
184.276,20
184.354,20
184.431,30
184.508,14
184.586,18
184.663,0
184.74,0
184.817,22
184.895,24
184.972,0
185.049,0
185.127,0
185.204,6
185.281,0
185.359,5
185.436,33
185.513,11
185.59,0
185.668,28
185.745,9
185.822,5
185.9,0
185.977,0
186.054,33
186.131,26
186.209,0
186.286,0
186.363,0
186.441,16
186.518,0
186.595,0
186.673,9
186.75,15
186.827,46
186.904,0
186.982,0
187.059,25
187.136,0
187.214,17
187.291,1
187.368,0
187.446,13
187.523,13
187.6,9
187.677,0
187.755,23
187.832,16
187.909,0
187.987,10
188.064,29
188.141,15
188.218,0
188.296,8
188.373,18
188.45,0
188.528,28
188.605,14
188.682,0
188.76,6
188.837,0
188.914,4
188.991,0
189.069,16
189.146,0
189.223,7
189.301,0
189.378,6
189.455,8
189.532,14
189.61,11
189.687,0
189.764,10
189.842,0
189.919,0
189.996,0
190.074,0
190.151,4
190.228,18
190.305,10
190.383,10
190.46,0
190.537,0
190.615,8
190.692,0
190.769,25
190.847,0
190.924,16
191.001,14
191.078,0
191.156,4
191.233,22
191.31,19
191.388,27
191.465,0
191.542,0
191.619,15
191.697,11
191.774,8
191.851,16
191.929,65
192.006,25
192.083,22
192.161,5
192.238,0
192.315,9
192.392,0
192.47,0
192.547,13
192.624,4
192.702,0
192.779,15
192.856,26
192.933,0
193.011,13
193.088,18
193.165,0
193.243,19
193.32,0
193.397,5
193.475,26
193.552,5
193.629,11
193.706,16
193.784,5
193.861,5
193.938,0
194.016,14
194.093,0
194.17,0
194.247,22
194.325,6
194.402,0
194.479,9
194.557,0
194.634,0
194.711,3
194.789,0
194.866,20
194.943,14
195.02,11
195.098,9
195.175,0
195.252,0
195.33,31
195.407,34
195.484,0
195.561,5
195.639,9
195.716,0
195.793,0
195.871,0
195.948,0
196.025,26
196.103,9
196.18,4
196.257,9
196.334,0
196.412,12
196.489,9
196.566,26
196.644,24
196.721,0
196.798,0
196.875,0
196.953,0
197.03,0
197.107,0
197.185,3
197.262,0
197.339,0
197.417,0
197.494,6
197.571,1
197.648,4
197.726,15
197.803,15
197.88,13
197.958,36
198.035,10
198.112,0
198.189,0
198.267,0
198.344,11
198.421,4
198.499,19
198.576,24
198.653,0
198.73,20
198.808,0
198.885,0
198.962,33
199.04,31
199.117,0
199.194,0
199.272,0
199.349,0
199.426,0
199.503,2
199.581,24
199.658,12
199.735,3
199.813,0
199.89,30
199.967,8
200.044,0
200.122,4
200.199,17
200.276,15
200.354,2
200.431,0
200.508,15
200.586,8
200.663,0
200.74,0
200.817,21
200.895,7
200.972,15
201.049,0
201.127,4
201.204,10
201.281,0
201.358,18
201.436,25
201.513,11
201.59,2
201.668,0
201.745,10
201.822,6
201.899,0
201.977,0
202.054,2
202.131,12
202.209,5
202.286,0
202.363,0
202.441,33
202.518,12
202.595,0
202.672,2
202.75,0
202.827,17
202.904,21
202.982,4
203.059,0
203.136,33
203.213,0
203.291,0
203.368,0
203.445,0
203.523,0
203.6,9
203.677,7
203.755,0
203.832,0
203.909,0
203.986,1
204.064,0
204.141,0
204.218,12
204.296,20
204.373,0
204.45,10
204.527,24
204.605,0
204.682,18
204.759,26
204.837,8
204.914,3
204.991,11
205.068,31
205.146,0
205.223,24
205.3,38
205.378,4
205.455,0
205.532,0
205.61,33
205.687,15
205.764,0
205.841,0
205.919,13
205.996,9
206.073,2
206.151,23
206.228,23
206.305,0
206.382,0
206.46,13
206.537,0
206.614,0
206.692,34
206.769,47
206.846,25
206.923,0
207.001,0
207.078,20
207.155,16
207.233,10
207.31,0
207.387,6
207.465,0
207.542,2
207.619,0
207.696,1
207.774,0
207.851,3
207.928,29
208.006,0
208.083,17
208.16,3
208.237,9
208.315,0
208.392,11
208.469,0
208.547,0
208.624,0
208.701,0
208.778,11
208.856,1
208.933,0
209.01,0
209.088,11
209.165,8
209.242,19
209.319,0
209.397,0
209.474,0
209.551,0
209.629,5
209.706,4
209.783,23
209.861,0
209.938,8
210.015,6
210.092,0
210.17,0
210.247,11
210.324,18
210.402,0
210.479,10
210.556,12
210.633,0
210.711,10
210.788,25
210.865,0
210.943,2
211.02,17
211.097,21
211.174,3
211.252,3
211.329,21
211.406,5
211.484,24
211.561,8
211.638,21
211.715,0
211.793,0
211.87,0
211.947,7
212.025,25
212.102,10
212.179,0
212.257,0
212.334,5
212.411,9
212.488,0
212.566,0
212.643,6
212.72,8
212.798,7
212.875,14
212.952,10
213.029,16
213.107,9
213.184,0
213.261,0
213.339,9
213.416,24
213.493,1
213.57,0
213.648,10
213.725,2
213.802,26
213.88,0
213.957,14
214.034,4
214.111,4
214.189,10
214.266,0
214.343,0
214.421,41
214.498,34
214.575,10
214.652,0
214.73,0
214.807,0
214.884,0
214.962,13
215.039,0
215.116,0
215.194,45
215.271,105
215.348,51
215.425,27
215.503,0
215.58,0
215.657,0
215.735,0
215.812,4
215.889,32
215.966,0
216.044,7
216.121,0
216.198,0
216.276,17
216.353,10
216.43,17
216.507,25
216.585,0
216.662,0
216.739,10
216.817,3
216.894,22
216.971,19
217.048,2
217.126,0
217.203,29
217.28,3
217.358,17
217.435,0
217.512,0
217.589,11
217.667,13
217.744,0
217.821,19
217.899,12
217.976,2
218.053,30
218.13,10
218.208,0
218.285,0
218.362,15
218.44,0
218.517,0
218.594,12
218.672,41
218.749,13
218.826,16
218.903,10
218.981,0
219.058,0
219.135,0
219.213,0
219.29,0
219.367,5
219.444,0
219.522,0
219.599,0
219.676,0
219.754,5
219.831,0
219.908,26
219.985,30
220.063,7
220.14,0
220.217,0
220.295,10
220.372,10
220.449,0
220.526,13
220.604,0
220.681,0
220.758,0
220.836,0
220.913,6
220.99,11
221.067,0
221.145,10
221.222,3
221.299,1
221.377,28
221.454,26
221.531,8
221.608,38
221.686,12
221.763,0
221.84,2
221.918,16
221.995,0
222.072,0
222.149,16
222.227,36
222.304,13
222.381,9
222.459,4
222.536,3
222.613,0
222.69,6
222.768,9
222.845,0
222.922,2
223,0
223.077,33
223.154,25
223.231,0
223.309,0
223.386,13
223.463,24
223.541,0
223.618,13
223.695,26
223.772,8
223.85,3
223.927,0
224.004,0
224.082,18
224.159,8
224.236,36
224.313,7
224.391,0
224.468,2
224.545,16
224.623,0
224.7,0
224.777,24
224.854,12
224.932,1
225.009,4
225.086,0
225.164,5
225.241,0
225.318,0
225.395,0
225.473,0
225.55,0
225.627,3
225.705,30
225.782,13
225.859,8
225.936,14
226.014,0
226.091,0
226.168,28
226.246,0
226.323,0
226.4,10
226.477,0
226.555,0
226.632,11
226.709,0
226.787,20
226.864,0
226.941,0
227.018,0
227.096,0
227.173,0
227.25,18
227.328,20
227.405,16
227.482,13
227.559,45
227.637,0
227.714,0
227.791,2
227.869,0
227.946,11
228.023,30
228.1,0
228.178,9
228.255,22
228.332,6
228.41,16
228.487,0
228.564,0
228.641,14
228.719,0
228.796,7
228.873,0
228.951,14
229.028,19
229.105,0
229.182,0
229.26,0
229.337,10
229.414,23
229.492,4
229.569,9
229.646,5
229.723,0
229.801,0
229.878,21
229.955,0
230.033,5
230.11,0
230.187,11
230.264,11
230.342,0
230.419,10
230.496,4
230.574,6
230.651,45
230.728,0
230.805,0
230.883,0
230.96,9
231.037,0
231.115,0
231.192,10
231.269,1
231.346,2
231.424,0
231.501,0
231.578,0
231.656,16
231.733,0
231.81,23
231.887,0
231.965,11
232.042,0
232.119,6
232.197,24
232.274,0
232.351,16
232.428,4
232.506,26
232.583,0
232.66,5
232.738,3
232.815,3
232.892,0
232.969,0
233.047,10
233.124,0
233.201,20
233.279,4
233.356,20
233.433,0
233.51,0
233.588,21
233.665,9
233.742,0
233.82,15
233.897,0
233.974,14
234.051,0
234.129,0
234.206,28
234.283,0
234.361,7
234.438,0
234.515,0
234.592,2
234.67,0
234.747,19
234.824,0
234.901,18
234.979,13
235.056,5
235.133,27
235.211,11
235.288,0
235.365,16
235.442,3
235.52,9
235.597,5
235.674,20
235.752,16
235.829,18
235.906,0
235.983,8
236.061,16
236.138,36
236.215,7
236.293,3
236.37,0
236.447,9
236.524,7
236.602,0
236.679,19
236.756,2
236.834,2
236.911,0
236.988,2
237.065,4
237.143,0
237.22,10
237.297,21
237.375,25
237.452,0
237.529,16
237.606,25
237.684,39
237.761,0
237.838,13
237.916,0
237.993,0
238.07,4
238.147,0
238.225,2
238.302,0
238.379,11
238.456,26
238.534,7
238.611,18
238.688,19
238.766,0
238.843,16
238.92,17
238.997,54
239.075,41
239.152,2
239.229,0
239.307,0
239.384,0
239.461,0
239.538,13
239.616,0
239.693,1
239.77,7
239.848,5
239.925,4
240.002,37
240.079,14
240.157,1
240.234,7
240.311,15
240.389,0
240.466,0
240.543,20
240.62,4
240.698,16
240.775,0
240.852,0
240.929,15
241.007,0
241.084,0
241.161,43
241.239,17
241.316,0
241.393,2
241.47,9
241.548,0
241.625,2
241.702,21
241.78,21
241.857,7
241.934,22
242.011,2
242.089,14
242.166,22
242.243,0
242.321,4
242.398,5
242.475,13
242.552,4
242.63,19
242.707,11
242.784,0
242.861,0
242.939,0
243.016,14
243.093,0
243.171,19
243.248,0
243.325,10
243.402,0
243.48,4
243.557,29
243.634,18
243.712,0
243.789,0
243.866,3
243.943,6
244.021,14
244.098,0
244.175,0
244.253,0
244.33,8
244.407,3
244.484,0
244.562,2
244.639,0
244.716,16
244.793,0
244.871,0
244.948,6
245.025,12
245.103,0
245.18,0
245.257,0
245.334,22
245.412,16
245.489,2
245.566,11
245.644,0
245.721,28
245.798,15
245.875,21
245.953,0
246.03,0
246.107,13
246.185,23
246.262,2
246.339,0
246.416,3
246.494,24
246.571,9
246.648,52
246.725,6
246.803,26
246.88,28
246.957,0
247.035,18
247.112,26
247.189,3
247.266,0
247.344,10
247.421,5
247.498,17
247.576,0
247.653,0
247.73,6
247.807,0
247.885,0
247.962,21
248.039,43
248.116,18
248.194,29
248.271,6
248.348,0
248.426,14
248.503,0
248.58,8
248.657,12
248.735,7
248.812,0
248.889,0
248.967,4
249.044,0
249.121,10
249.198,0
249.276,24
249.353,5
249.43,8
249.507,0
249.585,7
249.662,9
249.739,5
249.817,0
249.894,0
249.971,0
250.048,4
250.126,0
250.203,0
250.28,25
250.358,3
250.435,0
250.512,1
250.589,4
250.667,0
250.744,0
250.821,28
250.898,1
250.976,19
251.053,1
251.13,8
251.208,23
251.285,9
251.362,0
251.439,0
251.517,31
251.594,0
251.671,7
251.748,26
251.826,10
251.903,8
251.98,28
252.058,17
252.135,0
252.212,0
252.289,0
252.367,0
252.444,0
252.521,0
252.599,0
252.676,12
252.753,17
252.83,15
252.908,0
252.985,0
253.062,44
253.139,29
253.217,0
253.294,7
253.371,0
253.449,13
253.526,12
253.603,0
253.68,0
253.758,9
253.835,66
253.912,32
253.99,18
254.067,0
254.144,33
254.221,13
254.299,20
254.376,0
254.453,0
254.53,26
254.608,6
254.685,6
254.762,0
254.84,0
254.917,0
254.994,0
255.071,0
255.149,19
255.226,0
255.303,14
255.38,7
255.458,19
255.535,2
255.612,2
255.69,13
255.767,8
255.844,0
255.921,0
255.999,0
256.076,0
256.153,0
256.23,11
256.308,26
256.385,5
256.462,0
256.54,0
256.617,7
256.694,8
256.771,5
256.849,0
256.926,0
257.003,0
257.081,0
257.158,0
257.235,1
257.312,2
257.39,0
257.467,7
257.544,16
257.621,24
257.699,33
257.776,5
257.853,0
257.931,0
258.008,2
258.085,34
258.162,2
258.24,25
258.317,0
258.394,0
258.471,0
258.549,25
258.626,17
258.703,4
258.781,0
258.858,0
258.935,13
259.012,0
259.09,0
259.167,0
259.244,15
259.321,0
259.399,0
259.476,13
259.553,2
259.631,47
259.708,0
259.785,26
259.862,13
259.94,0
260.017,7
260.094,0
260.171,8
260.249,0
260.326,0
260.403,24
260.481,0
260.558,6
260.635,0
260.712,0
260.79,16
260.867,35
260.944,0
261.021,0
261.099,0
261.176,8
261.253,0
261.331,38
261.408,54
261.485,27
261.562,24
261.64,0
261.717,8
261.794,19
261.871,0
261.949,0
262.026,7
262.103,0
262.181,0
262.258,0
262.335,22
262.412,2
262.49,12
262.567,0
262.644,22
262.721,8
262.799,0
262.876,0
262.953,0
263.031,57
263.108,22
263.185,0
263.262,0
263.34,3
263.417,0
263.494,4
263.571,0
263.649,0
263.726,2
263.803,0
263.881,0
263.958,0
264.035,0
264.112,11
264.19,12
264.267,0
264.344,0
264.421,10
264.499,0
264.576,18
264.653,23
264.73,0
264.808,0
264.885,0
264.962,0
265.04,0
265.117,11
265.194,0
265.271,14
265.349,7
265.426,7
265.503,0
265.58,14
265.658,11
265.735,7
265.812,9
265.89,0
265.967,0
266.044,5
266.121,0
266.199,0
266.276,1
266.353,12
266.43,30
266.508,0
266.585,0
266.662,24
266.74,4
266.817,6
266.894,11
266.971,13
267.049,9
267.126,0
267.203,20
267.28,30
267.358,0
267.435,0
267.512,15
267.589,0
267.667,0
267.744,22
267.821,8
267.899,0
267.976,13
268.053,6
268.13,0
268.208,4
268.285,17
268.362,0
268.439,0
268.517,14
268.594,29
268.671,0
268.749,0
268.826,0
268.903,0
268.98,0
269.058,0
269.135,3
269.212,8
269.289,0
269.367,3
269.444,33
269.521,9
269.598,1
269.676,9
269.753,0
269.83,0
269.908,9
269.985,0
270.062,0
270.139,0
270.217,10
270.294,0
270.371,10
270.448,0
270.526,4
270.603,16
270.68,0
270.758,0
270.835,0
270.912,0
270.989,12
271.067,0
271.144,0
271.221,6
271.298,18
271.376,16
271.453,8
271.53,15
271.607,10
271.685,44
271.762,0
271.839,0
271.917,0
271.994,6
272.071,9
272.148,8
272.226,0
272.303,15
272.38,2
272.457,0
272.535,8
272.612,35
272.689,9
272.766,0
272.844,0
272.921,0
272.998,7
273.076,19
273.153,7
273.23,0
273.307,0
273.385,13
273.462,24
273.539,0
273.616,0
273.694,11
273.771,1
273.848,3
273.925,0
274.003,0
274.08,29
274.157,6
274.235,10
274.312,0
274.389,6
274.466,20
274.544,0
274.621,1
274.698,0
274.775,14
274.853,0
274.93,56
275.007,65
275.084,11
275.162,18
275.239,0
275.316,0
275.394,15
275.471,0
275.548,0
275.625,2
275.703,0
275.78,11
275.857,0
275.934,0
276.012,0
276.089,0
276.166,0
276.243,17
276.321,27
276.398,2
276.475,0
276.553,0
276.63,6
276.707,6
276.784,25
276.862,6
276.939,0
277.016,0
277.093,2
277.171,35
277.248,10
277.325,17
277.402,2
277.48,24
277.557,28
277.634,5
277.711,0
277.789,2
277.866,26
277.943,16
278.021,3
278.098,2
278.175,0
278.252,21
278.33,0
278.407,0
278.484,47
278.561,9
278.639,0
278.716,24
278.793,18
278.87,5
278.948,14
279.025,1
279.102,0
279.18,10
279.257,7
279.334,0
279.411,0
279.489,11
279.566,0
279.643,3
279.72,0
279.798,21
279.875,32
279.952,0
280.029,0
280.107,0
280.184,24
280.261,0
280.338,0
280.416,1
280.493,4
280.57,8
280.648,0
280.725,5
280.802,0
280.879,0
280.957,4
281.034,23
281.111,0
281.188,0
281.266,15
281.343,15
281.42,0
281.497,0
281.575,4
281.652,20
281.729,2
281.806,0
281.884,0
281.961,0
282.038,12
282.116,0
282.193,0
282.27,0
282.347,0
282.425,10
282.502,3
282.579,17
282.656,2
282.734,11
282.811,24
282.888,0
282.965,0
283.043,8
283.12,2
283.197,13
283.274,0
283.352,0
283.429,0
283.506,0
283.583,13
283.661,20
283.738,0
283.815,0
283.893,0
283.97,44
284.047,63
284.124,0
284.202,0
284.279,7
284.356,0
284.433,0
284.511,28
284.588,42
284.665,0
284.742,0
284.82,0
284.897,6
284.974,30
285.051,7
285.129,0
285.206,9
285.283,16
285.36,28
285.438,32
285.515,0
285.592,19
285.67,8
285.747,0
285.824,0
285.901,0
285.979,24
286.056,0
286.133,2
286.21,6
286.288,2
286.365,0
286.442,0
286.519,0
286.597,11
286.674,24
286.751,0
286.828,18
286.906,13
286.983,16
287.06,0
287.137,11
287.215,9
287.292,6
287.369,52
287.447,64
287.524,30
287.601,0
287.678,0
287.756,0
287.833,0
287.91,37
287.987,6
288.065,36
288.142,0
288.219,8
288.296,9
288.374,0
288.451,10
288.528,3
288.605,0
288.683,6
288.76,12
288.837,6
288.914,0
288.992,0
289.069,4
289.146,0
289.223,4
289.301,5
289.378,2
289.455,0
289.533,0
289.61,6
289.687,3
289.764,11
289.842,19
289.919,0
289.996,0
290.073,0
290.151,47
290.228,36
290.305,0
290.382,2
290.46,0
290.537,0
290.614,0
290.691,0
290.769,0
290.846,10
290.923,0
291,0
291.078,0
291.155,4
291.232,0
291.309,28
291.387,37
291.464,65
291.541,0
291.618,0
291.696,63
291.773,38
291.85,0
291.927,0
292.005,51
292.082,93
292.159,60
292.237,51
292.314,50
292.391,56
292.468,30
292.546,0
292.623,9
292.7,0
292.777,0
292.855,3
292.932,4
293.009,0
293.086,8
293.164,0
293.241,0
293.318,0
293.395,0
293.473,0
293.55,17
293.627,13
293.704,8
293.782,16
293.859,8
293.936,0
294.013,28
294.091,24
294.168,30
294.245,9
294.322,0
294.4,0
294.477,13
294.554,0
294.631,14
294.709,0
294.786,14
294.863,28
294.94,0
295.018,0
295.095,10
295.172,46
295.25,52
295.327,22
295.404,0
295.481,0
295.559,0
295.636,0
295.713,0
295.79,0
295.868,6
295.945,11
296.022,15
296.099,1
296.177,0
296.254,0
296.331,0
296.408,2
296.486,12
296.563,0
296.64,0
296.717,0
296.795,34
296.872,11
296.949,0
297.026,4
297.104,8
297.181,0
297.258,8
297.335,12
297.413,10
297.49,0
297.567,0
297.644,0
297.722,7
297.799,10
297.876,0
297.953,0
298.031,0
298.108,16
298.185,9
298.262,13
298.34,0
298.417,13
298.494,18
298.571,11
298.649,9
298.726,4
298.803,15
298.88,17
298.958,17
299.035,19
299.112,0
299.189,30
299.267,0
299.344,0
299.421,17
299.498,4
299.576,0
299.653,0
299.73,1
299.807,0
299.885,22
299.962,13
300.039,0
300.116,18
300.194,0
300.271,5
300.348,4
300.426,4
300.503,0
300.58,2
300.657,22
300.735,0
300.812,33
300.889,0
300.966,11
301.044,0
301.121,0
301.198,26
301.275,4
301.353,3
301.43,9
301.507,22
301.584,0
301.662,0
301.739,0
301.816,17
301.893,0
301.971,9
302.048,0
302.125,0
302.202,14
302.28,12
302.357,18
302.434,7
302.511,8
302.589,10
302.666,0
302.743,0
302.82,0
302.898,18
302.975,0
303.052,21
303.129,0
303.207,0
303.284,0
303.361,7
303.438,32
303.516,5
303.593,0
303.67,5
303.747,7
303.825,4
303.902,15
303.979,0
304.056,0
304.134,2
304.211,4
304.288,0
304.365,0
304.443,11
304.52,1
304.597,0
304.674,26
304.752,13
304.829,35
304.906,14
304.983,0
305.061,0
305.138,3
305.215,10
305.292,0
305.37,0
305.447,9
305.524,4
305.601,0
305.679,2
305.756,13
305.833,4
305.91,1
305.988,0
306.065,9
306.142,19
306.219,0
306.297,0
306.374,3
306.451,11
306.528,0
306.606,10
306.683,0
306.76,0
306.837,21
306.915,0
306.992,0
307.069,0
307.146,50
307.224,0
307.301,0
307.378,4
307.455,0
307.533,0
307.61,26
307.687,19
307.764,10
307.841,6
307.919,16
307.996,18
308.073,0
308.15,0
308.228,19
308.305,17
308.382,0
308.459,27
308.537,13
308.614,0
308.691,0
308.768,4
308.846,13
308.923,16
309,0
309.077,19
309.155,6
309.232,0
309.309,9
309.386,25
309.464,14
309.541,21
309.618,0
309.695,0
309.773,8
309.85,0
309.927,0
310.004,0
310.082,0
310.159,0
310.236,1
310.313,16
310.391,48
310.468,40
310.545,0
310.622,0
310.7,39
310.777,39
310.854,5
310.931,0
311.009,0
311.086,2
311.163,12
311.24,0
311.318,0
311.395,6
311.472,15
311.549,17
311.627,0
311.704,0
311.781,0
311.858,0
311.936,0
312.013,6
312.09,2
312.167,7
312.245,5
312.322,0
312.399,20
312.476,9
312.554,28
312.631,0
312.708,9
312.785,1
312.862,0
312.94,17
313.017,30
313.094,1
313.171,0
313.249,58
313.326,60
313.403,35
313.48,0
313.558,0
313.635,0
313.712,18
313.789,0
313.867,0
313.944,0
314.021,10
314.098,0
314.176,10
314.253,4
314.33,13
314.407,5
314.485,4
314.562,0
314.639,2
314.716,0
314.794,0
314.871,33
314.948,43
315.025,12
315.103,0
315.18,0
315.257,8
315.334,3
315.412,13
315.489,0
315.566,0
315.643,2
315.721,0
315.798,9
315.875,0
315.952,0
316.029,0
316.107,9
316.184,14
316.261,9
316.338,2
316.416,2
316.493,8
316.57,8
316.647,7
316.725,0
316.802,19
316.879,10
316.956,0
317.034,0
317.111,14
317.188,0
317.265,0
317.343,6
317.42,0
317.497,15
317.574,0
317.652,6
317.729,0
317.806,0
317.883,0
317.961,11
318.038,0
318.115,0
318.192,0
318.269,0
318.347,7
318.424,0
318.501,4
318.578,30
318.656,0
318.733,21
318.81,0
318.887,7
318.965,4
319.042,10
319.119,19
319.196,15
319.274,27
319.351,0
319.428,4
319.505,4
319.583,0
319.66,23
319.737,52
319.814,29
319.892,47
319.969,17
320.046,3
320.123,24
320.201,0
320.278,12
320.355,0
320.432,4
320.509,4
320.587,0
320.664,13
320.741,20
320.818,0
320.896,0
320.973,4
321.05,1
321.127,6
321.205,14
321.282,7
321.359,0
321.436,0
321.514,0
321.591,14
321.668,0
321.745,0
321.823,1
321.9,0
321.977,32
322.054,24
322.131,24
322.209,0
322.286,11
322.363,13
322.44,0
322.518,0
322.595,39
322.672,29
322.749,0
322.827,0
322.904,32
322.981,0
323.058,19
323.136,0
323.213,0
323.29,0
323.367,13
323.445,2
323.522,0
323.599,0
323.676,23
323.753,1
323.831,17
323.908,3
323.985,16
324.062,19
324.14,27
324.217,11
324.294,26
324.371,55
324.449,35
324.526,10
324.603,25
324.68,18
324.758,0
324.835,19
324.912,0
324.989,0
325.067,8
325.144,0
325.221,0
325.298,8
325.375,0
325.453,0
325.53,17
325.607,0
325.684,22
325.762,1
325.839,13
325.916,0
325.993,2
326.071,18
326.148,10
326.225,27
326.302,0
326.38,18
326.457,96
326.534,40
326.611,12
326.688,17
326.766,4
326.843,11
326.92,49
326.997,76
327.075,55
327.152,32
327.229,0
327.306,26
327.384,17
327.461,12
327.538,4
327.615,0
327.693,0
327.77,2
327.847,5
327.924,0
328.001,0
328.079,9
328.156,21
328.233,0
328.31,0
328.388,22
328.465,24
328.542,4
328.619,1
328.697,0
328.774,0
328.851,0
328.928,3
329.005,21
329.083,0
329.16,19
329.237,42
329.314,28
329.392,20
329.469,0
329.546,0
329.623,24
329.701,0
329.778,7
329.855,0
329.932,2
330.01,0
330.087,10
330.164,0
330.241,0
330.318,37
330.396,40
330.473,0
330.55,18
330.627,3
330.705,4
330.782,0
330.859,0
330.936,0
331.014,16
331.091,29
331.168,11
331.245,0
331.322,13
331.4,26
331.477,0
331.554,0
331.631,12
331.709,28
331.786,0
331.863,6
331.94,0
332.018,28
332.095,13
332.172,0
332.249,15
332.327,14
332.404,2
332.481,3
332.558,0
332.635,29
332.713,15
332.79,0
332.867,0
332.944,17
333.022,13
333.099,0
333.176,5
333.253,21
333.331,14
333.408,0
333.485,0
333.562,4
333.639,0
333.717,0
333.794,0
333.871,7
333.948,21
334.026,4
334.103,0
334.18,16
334.257,28
334.335,13
334.412,34
334.489,12
334.566,22
334.643,4
334.721,0
334.798,13
334.875,14
334.952,0
335.03,3
335.107,17
335.184,25
335.261,34
335.338,4
335.416,0
335.493,10
335.57,7
335.647,0
335.725,2
335.802,26
335.879,17
335.956,35
336.034,0
336.111,12
336.188,24
336.265,0
336.342,0
336.42,0
336.497,18
336.574,0
336.651,10
336.729,0
336.806,4
336.883,0
336.96,0
337.038,0
337.115,0
337.192,11
337.269,0
337.346,4
337.424,6
337.501,39
337.578,0
337.655,2
337.733,19
337.81,4
337.887,0
337.964,6
338.041,37
338.119,29
338.196,4
338.273,0
338.35,0
338.428,32
338.505,9
338.582,0
338.659,10
338.737,19
338.814,26
338.891,0
338.968,0
339.045,23
339.123,13
339.2,44
339.277,0
339.354,10
339.432,0
339.509,7
339.586,0
339.663,8
339.74,1
339.818,0
339.895,36
339.972,0
340.049,2
340.127,0
340.204,11
340.281,8
340.358,0
340.436,5
340.513,0
340.59,10
340.667,20
340.744,0
340.822,19
340.899,0
340.976,4
341.053,25
341.131,27
341.208,7
341.285,3
341.362,0
341.439,8
341.517,2
341.594,0
341.671,12
341.748,0
341.826,0
341.903,32
341.98,37
342.057,14
342.134,2
342.212,4
342.289,16
342.366,3
342.443,11
342.521,19
342.598,0
342.675,2
342.752,8
342.829,0
342.907,0
342.984,20
343.061,28
343.138,16
343.216,17
343.293,12
343.37,19
343.447,22
343.524,1
343.602,6
343.679,4
343.756,11
343.833,0
343.911,0
343.988,0
344.065,0
344.142,0
344.219,9
344.297,0
344.374,40
344.451,31
344.528,8
344.606,7
344.683,0
344.76,0
344.837,25
344.914,0
344.992,0
345.069,0
345.146,0
345.223,13
345.301,14
345.378,0
345.455,6
345.532,31
345.609,24
345.687,0
345.764,50
345.841,19
345.918,0
345.996,6
346.073,0
346.15,0
346.227,0
346.304,0
346.382,9
346.459,0
346.536,0
346.613,1
346.691,4
346.768,26
346.845,2
346.922,0
346.999,0
347.077,10
347.154,21
347.231,0
347.308,35
347.386,15
347.463,0
347.54,10
347.617,0
347.694,23
347.772,0
347.849,0
347.926,28
348.003,9
348.081,0
348.158,16
348.235,26
348.312,27
348.389,5
348.467,27
348.544,19
348.621,38
348.698,0
348.776,0
348.853,0
348.93,0
349.007,0
349.084,15
349.162,11
349.239,38
349.316,23
349.393,23
349.471,6
349.548,0
349.625,0
349.702,4
349.779,0
349.857,18
349.934,0
350.011,0
350.088,11
350.165,0
350.243,17
350.32,13
350.397,28
350.474,24
350.552,9
350.629,20
350.706,15
350.783,3
350.86,0
350.938,7
351.015,0
351.092,14
351.169,3
351.247,6
351.324,0
351.401,10
351.478,3
351.555,0
351.633,26
351.71,6
351.787,10
351.864,0
351.941,0
352.019,0
352.096,3
352.173,25
352.25,26
352.328,14
352.405,28
352.482,24
352.559,9
352.636,0
352.714,2
352.791,16
352.868,0
352.945,0
353.023,0
353.1,0
353.177,21
353.254,14
353.331,0
353.409,0
353.486,45
353.563,19
353.64,19
353.717,2
353.795,4
353.872,0
353.949,24
354.026,6
354.104,0
354.181,2
354.258,22
354.335,47
354.412,0
354.49,44
354.567,41
354.644,26
354.721,1
354.798,0
354.876,2
354.953,68
355.03,103
355.107,65
355.185,16
355.262,0
355.339,7
355.416,0
355.493,0
355.571,20
355.648,0
355.725,17
355.802,31
355.879,48
355.957,6
356.034,0
356.111,8
356.188,0
356.266,0
356.343,0
356.42,0
356.497,18
356.574,4
356.652,10
356.729,8
356.806,15
356.883,0
356.96,0
357.038,26
357.115,0
357.192,11
357.269,0
357.347,0
357.424,4
357.501,8
357.578,17
357.655,0
357.733,11
357.81,17
357.887,0
357.964,0
358.041,32
358.119,61
358.196,40
358.273,0
358.35,18
358.427,10
358.505,0
358.582,7
358.659,0
358.736,12
358.814,5
358.891,0
358.968,8
359.045,0
359.122,0
359.2,30
359.277,11
359.354,0
359.431,26
359.508,14
359.586,6
359.663,0
359.74,3
359.817,19
359.894,11
359.972,17
360.049,6
360.126,2
360.203,0
360.281,15
360.358,0
360.435,0
360.512,12
360.589,18
360.667,16
360.744,0
360.821,25
360.898,21
360.975,0
361.053,0
361.13,0
361.207,37
361.284,25
361.361,0
361.439,0
361.516,10
361.593,25
361.67,0
361.748,20
361.825,27
361.902,0
361.979,0
362.056,0
362.134,26
362.211,27
362.288,19
362.365,0
362.442,0
362.52,4
362.597,0
362.674,0
362.751,0
362.828,0
362.906,0
362.983,0
363.06,0
363.137,24
363.214,0
363.292,8
363.369,0
363.446,0
363.523,30
363.601,11
363.678,25
363.755,8
363.832,9
363.909,31
363.987,0
364.064,0
364.141,22
364.218,0
364.295,10
364.373,0
364.45,17
364.527,17
364.604,0
364.681,4
364.759,8
364.836,9
364.913,14
364.99,0
365.067,0
365.145,3
365.222,0
365.299,0
365.376,0
365.453,20
365.531,0
365.608,8
365.685,0
365.762,2
365.84,33
365.917,26
365.994,17
366.071,0
366.148,9
366.226,0
366.303,0
366.38,11
366.457,0
366.534,11
366.612,14
366.689,0
366.766,24
366.843,0
366.92,0
366.998,0
367.075,0
367.152,24
367.229,0
367.306,0
367.384,17
367.461,0
367.538,0
367.615,0
367.692,16
367.77,12
367.847,28
367.924,0
368.001,0
368.078,0
368.156,23
368.233,0
368.31,1
368.387,0
368.464,8
368.542,7
368.619,0
368.696,9
368.773,0
368.85,0
368.928,47
369.005,18
369.082,0
369.159,0
369.237,0
369.314,14
369.391,13
369.468,0
369.545,0
369.623,4
369.7,0
369.777,0
369.854,0
369.931,17
370.009,0
370.086,0
370.163,4
370.24,4
370.317,1
370.395,21
370.472,0
370.549,12
370.626,0
370.703,0
370.781,24
370.858,0
370.935,0
371.012,8
371.089,0
371.167,0
371.244,0
371.321,26
371.398,50
371.475,13
371.553,0
371.63,0
371.707,34
371.784,0
371.861,0
371.939,0
372.016,8
372.093,0
372.17,16
372.247,14
372.325,0
372.402,0
372.479,0
372.556,8
372.633,0
372.711,0
372.788,5
372.865,0
372.942,10
373.019,25
373.097,0
373.174,20
373.251,0
373.328,1
373.405,12
373.483,0
373.56,17
373.637,4
373.714,15
373.791,4
373.869,0
373.946,0
374.023,14
374.1,0
374.177,0
374.255,4
374.332,6
374.409,0
374.486,10
374.563,0
374.641,0
374.718,0
374.795,0
374.872,12
374.949,5
375.027,6
375.104,25
375.181,0
375.258,4
375.335,12
375.413,0
375.49,13
375.567,20
375.644,83
375.721,23
375.799,22
375.876,0
375.953,0
376.03,15
376.107,0
376.184,4
376.262,11
376.339,0
376.416,0
376.493,0
376.57,0
376.648,27
376.725,14
376.802,14
376.879,2
376.956,0
377.034,13
377.111,0
377.188,0
377.265,6
377.342,7
377.42,34
377.497,0
377.574,0
377.651,19
377.728,2
377.806,0
377.883,0
377.96,0
378.037,0
378.114,13
378.192,0
378.269,0
378.346,15
378.423,0
378.5,0
378.578,0
378.655,0
378.732,12
378.809,0
378.886,0
378.964,42
379.041,0
379.118,0
379.195,13
379.272,0
379.35,0
379.427,21
379.504,0
379.581,1
379.658,28
379.735,0
379.813,12
379.89,7
379.967,15
380.044,0
380.121,0
380.199,19
380.276,19
380.353,0
380.43,0
380.507,3
380.585,0
380.662,0
380.739,14
380.816,0
380.893,16
380.971,10
381.048,9
381.125,0
381.202,4
381.279,0
381.357,32
381.434,20
381.511,0
381.588,3
381.665,13
381.742,12
381.82,0
381.897,10
381.974,0
382.051,0
382.128,28
382.206,0
382.283,5
382.36,2
382.437,0
382.514,6
382.592,0
382.669,0
382.746,0
382.823,8
382.9,0
382.978,0
383.055,0
383.132,20
383.209,11
383.286,22
383.364,0
383.441,28
383.518,0
383.595,0
383.672,0
383.749,9
383.827,16
383.904,3
383.981,0
384.058,0
384.135,0
384.213,0
384.29,0
384.367,56
384.444,19
384.521,13
384.599,0
384.676,0
384.753,0
384.83,0
384.907,17
384.984,0
385.062,30
385.139,3
385.216,0
385.293,27
385.37,60
385.448,28
385.525,21
385.602,23
385.679,25
385.756,21
385.834,0
385.911,16
385.988,33
386.065,0
386.142,16
386.22,0
386.297,8
386.374,0
386.451,10
386.528,20
386.605,0
386.683,35
386.76,43
386.837,25
386.914,17
386.991,19
387.069,15
387.146,0
387.223,0
387.3,19
387.377,0
387.455,1
387.532,0
387.609,31
387.686,1
387.763,4
387.84,5
387.918,24
387.995,18
388.072,34
388.149,4
388.226,0
388.304,15
388.381,4
388.458,0
388.535,12
388.612,0
388.689,0
388.767,0
388.844,0
388.921,19
388.998,9
389.075,0
389.153,4
389.23,0
389.307,0
389.384,25
389.461,12
389.539,20
389.616,5
389.693,20
389.77,0
389.847,0
389.924,39
390.002,12
390.079,7
390.156,0
390.233,0
390.31,35
390.388,0
390.465,4
390.542,10
390.619,20
390.696,0
390.773,0
390.851,20
390.928,0
391.005,0
391.082,0
391.159,0
391.237,7
391.314,0
391.391,19
391.468,11
391.545,0
391.623,2
391.7,8
391.777,6
391.854,0
391.931,0
392.008,0
392.086,14
392.163,15
392.24,33
392.317,1
392.394,5
392.472,11
392.549,25
392.626,0
392.703,8
392.78,0
392.857,0
392.935,0
393.012,8
393.089,20
393.166,0
393.243,0
393.321,0
393.398,12
393.475,0
393.552,21
393.629,0
393.706,16
393.784,8
393.861,5
393.938,3
394.015,1
394.092,8
394.17,0
394.247,0
394.324,16
394.401,0
394.478,8
394.555,9
394.633,0
394.71,0
394.787,2
394.864,30
394.941,2
395.018,23
395.096,17
395.173,3
395.25,17
395.327,10
395.404,0
395.482,0
395.559,13
395.636,6
395.713,0
395.79,9
395.867,14
395.945,22
396.022,0
396.099,20
396.176,0
396.253,5
396.331,0
396.408,16
396.485,0
396.562,5
396.639,0
396.716,0
396.794,0
396.871,0
396.948,26
397.025,0
397.102,0
397.179,0
397.257,17
397.334,0
397.411,2
397.488,17
397.565,4
397.643,12
397.72,0
397.797,26
397.874,6
397.951,4
398.028,0
398.106,0
398.183,15
398.26,0
398.337,30
398.414,0
398.492,0
398.569,0
398.646,8
398.723,0
398.8,0
398.877,3
398.955,0
399.032,7
399.109,11
399.186,2
399.263,0
399.34,7
399.418,47
399.495,42
399.572,24
399.649,0
399.726,0
399.804,33
399.881,24
399.958,0
400.035,0
400.112,0
400.189,0
400.267,7
400.344,0
400.421,0
400.498,0
400.575,0
400.652,2
400.73,16
400.807,15
400.884,30
400.961,0
401.038,0
401.115,11
401.193,19
401.27,0
401.347,4
401.424,0
401.501,0
401.579,0
401.656,5
401.733,35
401.81,0
401.887,0
401.964,0
402.042,9
402.119,14
402.196,0
402.273,0
402.35,32
402.427,12
402.505,0
402.582,0
402.659,8
402.736,0
402.813,0
402.89,5
402.968,0
403.045,7
403.122,13
403.199,21
403.276,40
403.353,33
403.431,10
403.508,0
403.585,0
403.662,0
403.739,2
403.817,0
403.894,4
403.971,9
404.048,5
404.125,0
404.202,0
404.28,32
404.357,0
404.434,6
404.511,0
404.588,8
404.665,16
404.743,11
404.82,15
404.897,0
404.974,27
405.051,6
405.128,27
405.206,0
405.283,7
405.36,0
405.437,0
405.514,15
405.591,23
405.669,0
405.746,0
405.823,0
405.9,19
405.977,2
406.054,0
406.132,3
406.209,0
406.286,0
406.363,7
406.44,0
406.517,7
406.595,0
406.672,11
406.749,8
406.826,7
406.903,0
406.98,8
407.058,3
407.135,11
407.212,0
407.289,0
407.366,3
407.443,0
407.521,33
407.598,28
407.675,0
407.752,0
407.829,0
407.907,2
407.984,0
408.061,20
408.138,0
408.215,0
408.292,13
408.37,0
408.447,0
408.524,27
408.601,12
408.678,0
408.755,0
408.833,44
408.91,21
408.987,0
409.064,0
409.141,19
409.218,17
409.296,0
409.373,37
409.45,42
409.527,17
409.604,0
409.681,0
409.759,19
409.836,9
409.913,7
409.99,0
410.067,12
410.144,7
410.221,3
410.299,0
410.376,0
410.453,6
410.53,2
410.607,0
410.684,12
410.762,0
410.839,14
410.916,28
410.993,37
411.07,46
411.147,26
411.225,0
411.302,37
411.379,0
411.456,0
411.533,0
411.61,0
411.688,7
411.765,3
411.842,25
411.919,0
411.996,0
412.073,0
412.151,15
412.228,0
412.305,0
412.382,16
412.459,8
412.536,12
412.614,15
412.691,0
412.768,0
412.845,2
412.922,13
412.999,0
413.077,0
413.154,0
413.231,26
413.308,0
413.385,0
413.462,21
413.54,16
413.617,6
413.694,9
413.771,8
413.848,0
413.925,18
414.002,35
414.08,4
414.157,0
414.234,0
414.311,0
414.388,0
414.465,0
414.543,0
414.62,0
414.697,0
414.774,3
414.851,4
414.928,0
415.006,18
415.083,0
415.16,0
415.237,25
415.314,36
415.391,0
415.469,0
415.546,0
415.623,7
415.7,9
415.777,0
415.854,0
415.932,15
416.009,0
416.086,0
416.163,17
416.24,33
416.317,10
416.394,0
416.472,2
416.549,42
416.626,65
416.703,19
416.78,0
416.857,0
416.935,0
417.012,0
417.089,4
417.166,0
417.243,2
417.32,12
417.398,3
417.475,0
417.552,0
417.629,0
417.706,0
417.783,0
417.86,0
417.938,0
418.015,4
418.092,0
418.169,0
418.246,0
418.323,20
418.401,0
418.478,7
418.555,4
418.632,24
418.709,17
418.786,11
418.864,0
418.941,12
419.018,42
419.095,20
419.172,0
419.249,0
419.326,10
419.404,4
419.481,0
419.558,0
419.635,0
419.712,0
419.789,43
419.867,76
419.944,35
420.021,0
420.098,0
420.175,13
420.252,8
420.329,0
420.407,0
420.484,16
420.561,0
420.638,0
420.715,0
420.792,0
420.87,15
420.947,13
421.024,12
421.101,17
421.178,0
421.255,2
421.332,0
421.41,0
421.487,10
421.564,5
421.641,0
421.718,0
421.795,17
421.873,10
421.95,0
422.027,0
422.104,4
422.181,0
422.258,0
422.335,0
422.413,0
422.49,26
422.567,22
422.644,18
422.721,30
422.798,0
422.876,0
422.953,22
423.03,22
423.107,0
423.184,0
423.261,17
423.338,21
423.416,0
423.493,17
423.57,0
423.647,5
423.724,0
423.801,0
423.879,0
423.956,14
424.033,0
424.11,0
424.187,0
424.264,0
424.341,9
424.419,16
424.496,24
424.573,13
424.65,0
424.727,0
424.804,0
424.881,24
424.959,18
425.036,0
425.113,1
425.19,14
425.267,5
425.344,0
425.422,12
425.499,0
425.576,9
425.653,21
425.73,3
425.807,15
425.884,7
425.962,0
426.039,26
426.116,19
426.193,0
426.27,10
426.347,2
426.424,2
426.502,0
426.579,0
426.656,0
426.733,0
426.81,37
426.887,0
426.965,0
427.042,7
427.119,8
427.196,0
427.273,5
427.35,0
427.427,0
427.505,0
427.582,0
427.659,0
427.736,18
427.813,0
427.89,0
427.967,0
428.045,7
428.122,2
428.199,0
428.276,0
428.353,3
428.43,0
428.507,0
428.585,1
428.662,0
428.739,0
428.816,6
428.893,0
428.97,0
429.047,0
429.125,9
429.202,18
429.279,0
429.356,0
429.433,0
429.51,0
429.587,10
429.665,0
429.742,5
429.819,0
429.896,2
429.973,17
430.05,13
430.128,7
430.205,11
430.282,8
430.359,4
430.436,0
430.513,0
430.59,0
430.668,33
430.745,34
430.822,1
430.899,0
430.976,7
431.053,8
431.13,0
431.208,0
431.285,3
431.362,0
431.439,9
431.516,13
431.593,6
431.67,0
431.748,0
431.825,0
431.902,5
431.979,19
432.056,93
432.133,66
432.21,45
432.288,24
432.365,0
432.442,1
432.519,14
432.596,0
432.673,0
432.75,15
432.828,17
432.905,0
432.982,9
433.059,23
433.136,0
433.213,0
433.29,4
433.368,3
433.445,0
433.522,0
433.599,22
433.676,19
433.753,1
433.83,7
433.908,10
433.985,0
434.062,14
434.139,0
434.216,0
434.293,0
434.37,0
434.447,8
434.525,10
434.602,0
434.679,0
434.756,8
434.833,0
434.91,29
434.987,0
435.065,0
435.142,3
435.219,24
435.296,36
435.373,63
435.45,47
435.527,15
435.605,13
435.682,0
435.759,0
435.836,8
435.913,0
435.99,0
436.067,0
436.145,0
436.222,14
436.299,18
436.376,0
436.453,3
436.53,15
436.607,18
436.685,17
436.762,3
436.839,0
436.916,0
436.993,18
437.07,26
437.147,0
437.224,0
437.302,9
437.379,5
437.456,0
437.533,16
437.61,1
437.687,0
437.764,6
437.842,0
437.919,3
437.996,51
438.073,49
438.15,0
438.227,0
438.304,0
438.382,32
438.459,40
438.536,20
438.613,0
438.69,0
438.767,2
438.844,0
438.921,0
438.999,0
439.076,0
439.153,0
439.23,0
439.307,0
439.384,1
439.461,20
439.539,0
439.616,16
439.693,13
439.77,0
439.847,0
439.924,0
440.001,13
440.078,4
440.156,0
440.233,5
440.31,0
440.387,16
440.464,6
440.541,0
440.618,46
440.696,91
440.773,27
440.85,0
440.927,0
441.004,16
441.081,0
441.158,0
441.235,12
441.313,0
441.39,0
441.467,0
441.544,0
441.621,13
441.698,0
441.775,0
441.853,14
441.93,9
442.007,14
442.084,0
442.161,23
442.238,10
442.315,0
442.392,13
442.47,0
442.547,0
442.624,0
442.701,0
442.778,41
442.855,0
442.932,19
443.01,9
443.087,4
443.164,4
443.241,25
443.318,0
443.395,0
443.472,15
443.549,0
443.627,2
443.704,21
443.781,0
443.858,26
443.935,0
444.012,2
444.089,8
444.166,0
444.244,19
444.321,8
444.398,0
444.475,0
444.552,0
444.629,0
444.706,0
444.783,0
444.861,2
444.938,0
445.015,0
445.092,0
445.169,0
445.246,5
445.323,7
445.401,14
445.478,9
445.555,3
445.632,7
445.709,39
445.786,0
445.863,0
445.94,0
446.018,0
446.095,15
446.172,9
446.249,0
446.326,7
446.403,9
446.48,0
446.557,0
446.635,20
446.712,0
446.789,28
446.866,48
446.943,11
447.02,20
447.097,0
447.174,14
447.252,0
447.329,0
447.406,0
447.483,0
447.56,0
447.637,0
447.714,0
447.791,33
447.869,62
447.946,33
448.023,0
448.1,0
448.177,0
448.254,12
448.331,1
448.408,19
448.486,14
448.563,23
448.64,6
448.717,0
448.794,0
448.871,27
448.948,4
449.025,0
449.103,0
449.18,7
449.257,7
449.334,0
449.411,19
449.488,18
449.565,12
449.642,18
449.72,0
449.797,0
449.874,0
449.951,0
450.028,20
450.105,0
450.182,0
450.259,10
450.337,22
450.414,15
450.491,6
450.568,12
450.645,2
450.722,21
450.799,0
450.876,0
450.954,0
451.031,5
451.108,14
451.185,0
451.262,4
451.339,20
451.416,44
451.493,8
451.57,4
451.648,0
451.725,0
451.802,0
451.879,0
451.956,28
452.033,7
452.11,0
452.187,12
452.265,15
452.342,0
452.419,0
452.496,28
452.573,10
452.65,0
452.727,0
452.804,26
452.882,0
452.959,5
453.036,0
453.113,0
453.19,0
453.267,0
453.344,12
453.421,0
453.498,0
453.576,0
453.653,0
453.73,0
453.807,48
453.884,41
453.961,0
454.038,0
454.115,6
454.193,0
454.27,24
454.347,23
454.424,12
454.501,0
454.578,0
454.655,0
454.732,11
454.809,0
454.887,0
454.964,27
455.041,15
455.118,14
455.195,0
455.272,0
455.349,0
455.426,0
455.504,4
455.581,0
455.658,6
455.735,14
455.812,0
455.889,0
455.966,21
456.043,0
456.12,0
456.198,0
456.275,4
456.352,0
456.429,5
456.506,0
456.583,0
456.66,10
456.737,20
456.815,0
456.892,0
456.969,21
457.046,0
457.123,0
457.2,22
457.277,9
457.354,0
457.431,0
457.509,22
457.586,15
457.663,6
457.74,0
457.817,14
457.894,0
457.971,10
458.048,0
458.125,0
458.203,5
458.28,19
458.357,0
458.434,0
458.511,0
458.588,0
458.665,18
458.742,25
458.819,10
458.897,9
458.974,23
459.051,8
459.128,10
459.205,10
459.282,8
459.359,0
459.436,0
459.513,10
459.591,0
459.668,7
459.745,0
459.822,6
459.899,23
459.976,14
460.053,0
460.13,1
460.207,6
460.285,0
460.362,15
460.439,38
460.516,54
460.593,14
460.67,0
460.747,0
460.824,24
460.901,0
460.979,7
461.056,27
461.133,16
461.21,0
461.287,0
461.364,0
461.441,0
461.518,43
461.595,14
461.673,0
461.75,0
461.827,0
461.904,18
461.981,4
462.058,32
462.135,11
462.212,0
462.289,0
462.367,0
462.444,0
462.521,13
462.598,0
462.675,2
462.752,0
462.829,17
462.906,0
462.983,9
463.061,4
463.138,0
463.215,20
463.292,12
463.369,10
463.446,2
463.523,0
463.6,0
463.677,8
463.754,1
463.832,0
463.909,0
463.986,4
464.063,0
464.14,7
464.217,7
464.294,17
464.371,0
464.448,41
464.526,0
464.603,5
464.68,1
464.757,3
464.834,4
464.911,0
464.988,16
465.065,10
465.142,0
465.22,34
465.297,31
465.374,0
465.451,7
465.528,3
465.605,10
465.682,0
465.759,31
465.836,2
465.913,0
465.991,25
466.068,27
466.145,2
466.222,0
466.299,7
466.376,0
466.453,2
466.53,22
466.607,0
466.684,0
466.762,19
466.839,15
466.916,0
466.993,0
467.07,0
467.147,31
467.224,0
467.301,0
467.378,0
467.456,15
467.533,0
467.61,0
467.687,0
467.764,0
467.841,31
467.918,16
467.995,0
468.072,3
468.149,4
468.227,0
468.304,0
468.381,12
468.458,0
468.535,0
468.612,0
468.689,11
468.766,18
468.843,23
468.92,6
468.998,19
469.075,0
469.152,0
469.229,24
469.306,12
469.383,0
469.46,0
469.537,0
469.614,0
469.691,0
469.769,0
469.846,29
469.923,24
470,0
470.077,0
470.154,18
470.231,19
470.308,16
470.385,0
470.462,0
470.54,1
470.617,2
470.694,0
470.771,6
470.848,0
470.925,0
471.002,0
471.079,15
471.156,19
471.233,0
471.311,3
471.388,0
471.465,21
471.542,32
471.619,0
471.696,0
471.773,28
471.85,4
471.927,0
472.004,8
472.081,0
472.159,0
472.236,2
472.313,0
472.39,34
472.467,8
472.544,8
472.621,0
472.698,4
472.775,13
472.852,3
472.93,4
473.007,5
473.084,28
473.161,8
473.238,16
473.315,16
473.392,3
473.469,0
473.546,0
473.623,7
473.701,24
473.778,2
473.855,11
473.932,0
474.009,2
474.086,19
474.163,0
474.24,0
474.317,0
474.394,0
474.471,12
474.549,0
474.626,15
474.703,18
474.78,18
474.857,24
474.934,9
475.011,0
475.088,0
475.165,13
475.242,0
475.319,7
475.397,0
475.474,0
475.551,36
475.628,0
475.705,0
475.782,0
475.859,0
475.936,27
476.013,34
476.09,13
476.167,5
476.245,0
476.322,26
476.399,11
476.476,4
476.553,0
476.63,0
476.707,6
476.784,0
476.861,0
476.938,43
477.015,38
477.093,8
477.17,0
477.247,4
477.324,13
477.401,0
477.478,7
477.555,0
477.632,8
477.709,0
477.786,0
477.863,0
477.941,0
478.018,10
478.095,17
478.172,15
478.249,16
478.326,39
478.403,0
478.48,8
478.557,0
478.634,1
478.711,0
478.789,9
478.866,0
478.943,0
479.02,0
479.097,14
479.174,0
479.251,0
479.328,7
479.405,4
479.482,5
479.559,0
479.637,20
479.714,4
479.791,2
479.868,34
479.945,0
480.022,5
480.099,9
480.176,0
480.253,0
480.33,25
480.407,0
480.484,0
480.562,0
480.639,14
480.716,21
480.793,4
480.87,9
480.947,0
481.024,13
481.101,10
481.178,0
481.255,0
481.332,8
481.41,0
481.487,13
481.564,0
481.641,0
481.718,33
481.795,8
481.872,2
481.949,0
482.026,23
482.103,0
482.18,0
482.257,3
482.335,0
482.412,6
482.489,0
482.566,0
482.643,0
482.72,8
482.797,23
482.874,0
482.951,13
483.028,11
483.105,0
483.182,0
483.26,0
483.337,1
483.414,0
483.491,0
483.568,72
483.645,49
483.722,24
483.799,0
483.876,28
483.953,0
484.03,30
484.107,60
484.185,56
484.262,12
484.339,3
484.416,0
484.493,0
484.57,0
484.647,3
484.724,6
484.801,0
484.878,0
484.955,0
485.032,12
485.109,0
485.187,7
485.264,0
485.341,2
485.418,13
485.495,16
485.572,0
485.649,6
485.726,20
485.803,0
485.88,0
485.957,0
486.034,0
486.112,36
486.189,12
486.266,0
486.343,0
486.42,0
486.497,0
486.574,21
486.651,38
486.728,0
486.805,0
486.882,8
486.959,0
487.036,17
487.114,0
487.191,0
487.268,0
487.345,2
487.422,10
487.499,18
487.576,8
487.653,23
487.73,14
487.807,0
487.884,0
487.961,12
488.038,11
488.116,3
488.193,2
488.27,0
488.347,0
488.424,34
488.501,0
488.578,0
488.655,0
488.732,0
488.809,16
488.886,18
488.963,2
489.04,0
489.118,0
489.195,0
489.272,0
489.349,0
489.426,13
489.503,15
489.58,0
489.657,4
489.734,8
489.811,6
489.888,15
489.965,29
490.042,12
490.12,0
490.197,0
490.274,0
490.351,7
490.428,13
490.505,0
490.582,0
490.659,0
490.736,6
490.813,0
490.89,28
490.967,0
491.044,0
491.121,19
491.199,38
491.276,14
491.353,0
491.43,19
491.507,16
491.584,7
491.661,8
491.738,0
491.815,14
491.892,0
491.969,4
492.046,56
492.123,56
492.2,0
492.278,0
492.355,14
492.432,49
492.509,4
492.586,2
492.663,8
492.74,0
492.817,7
492.894,26
492.971,0
493.048,0
493.125,0
493.202,0
493.279,0
493.357,0
493.434,0
493.511,0
493.588,19
493.665,18
493.742,0
493.819,0
493.896,7
493.973,17
494.05,31
494.127,19
494.204,8
494.281,0
494.358,3
494.436,26
494.513,0
494.59,0
494.667,10
494.744,9
494.821,17
494.898,0
494.975,0
495.052,20
495.129,0
495.206,0
495.283,15
495.36,9
495.437,0
495.514,15
495.592,0
495.669,0
495.746,19
495.823,32
495.9,0
495.977,0
496.054,0
496.131,23
496.208,0
496.285,2
496.362,0
496.439,11
496.516,0
496.593,1
496.67,0
496.748,0
496.825,0
496.902,0
496.979,87
497.056,105
497.133,53
497.21,3
497.287,0
497.364,3
497.441,0
497.518,0
497.595,2
497.672,13
497.749,0
497.826,6
497.904,0
497.981,6
498.058,8
498.135,0
498.212,5
498.289,2
498.366,0
498.443,0
498.52,0
498.597,14
498.674,0
498.751,0
498.828,22
498.905,39
498.982,39
499.059,1
499.137,0
499.214,6
499.291,21
499.368,8
499.445,0
499.522,10
499.599,0
499.676,0
499.753,0
499.83,0
499.907,0
499.984,0
500.061,49
500.138,32
500.215,21
500.292,11
500.37,6
500.447,16
500.524,55
500.601,7
500.678,2
500.755,37
500.832,39
500.909,0
500.986,0
501.063,0
501.14,15
501.217,0
501.294,2
501.371,20
501.448,9
501.525,0
501.602,18
501.68,16
501.757,0
501.834,0
501.911,14
501.988,0
502.065,1
502.142,5
502.219,6
502.296,2
502.373,0
502.45,12
502.527,42
502.604,0
502.681,5
502.758,3
502.835,3
502.912,0
502.99,8
503.067,3
503.144,13
503.221,27
503.298,10
503.375,10
503.452,0
503.529,0
503.606,9
503.683,0
503.76,9
503.837,0
503.914,1
503.991,0
504.068,24
504.145,10
504.222,1
504.299,0
504.377,0
504.454,2
504.531,39
504.608,0
504.685,0
504.762,18
504.839,5
504.916,6
504.993,25
505.07,76
505.147,41
505.224,51
505.301,22
505.378,0
505.455,5
505.532,15
505.609,0
505.686,0
505.764,1
505.841,22
505.918,0
505.995,0
506.072,10
506.149,0
506.226,92
506.303,78
506.38,24
506.457,22
506.534,12
506.611,37
506.688,10
506.765,19
506.842,17
506.919,17
506.996,0
507.073,38
507.15,0
507.228,0
507.305,4
507.382,0
507.459,25
507.536,2
507.613,68
507.69,37
507.767,51
507.844,17
507.921,4
507.998,0
508.075,17
508.152,0
508.229,36
508.306,6
508.383,0
508.46,0
508.537,20
508.614,0
508.691,0
508.769,0
508.846,0
508.923,7
509,0
509.077,0
509.154,16
509.231,16
509.308,0
509.385,4
509.462,12
509.539,3
509.616,0
509.693,10
509.77,25
509.847,0
509.924,0
510.001,0
510.078,21
510.155,17
510.232,0
510.31,0
510.387,1
510.464,23
510.541,1
510.618,10
510.695,0
510.772,38
510.849,10
510.926,21
511.003,2
511.08,5
511.157,12
511.234,25
511.311,0
511.388,0
511.465,5
511.542,0
511.619,0
511.696,34
511.773,0
511.85,0
511.927,24
512.005,32
512.082,0
512.159,0
512.236,8
512.313,39
512.39,27
512.467,7
512.544,32
512.621,0
512.698,12
512.775,18
512.852,11
512.929,0
513.006,0
513.083,2
513.16,0
513.237,23
513.314,10
513.391,1
513.468,1
513.545,0
513.622,7
513.7,11
513.777,0
513.854,0
513.931,0
514.008,9
514.085,3
514.162,0
514.239,6
514.316,21
514.393,6
514.47,2
514.547,11
514.624,23
514.701,8
514.778,0
514.855,6
514.932,0
515.009,13
515.086,31
515.163,0
515.24,0
515.317,0
515.394,0
515.471,29
515.549,25
515.626,9
515.703,0
515.78,23
515.857,0
515.934,15
516.011,28
516.088,0
516.165,0
516.242,17
516.319,0
516.396,11
516.473,0
516.55,17
516.627,15
516.704,0
516.781,0
516.858,24
516.935,66
517.012,96
517.089,37
517.166,11
517.243,10
517.32,2
517.397,0
517.474,0
517.552,9
517.629,16
517.706,0
517.783,0
517.86,14
517.937,0
518.014,0
518.091,0
518.168,25
518.245,26
518.322,0
518.399,0
518.476,8
518.553,7
518.63,0
518.707,29
518.784,0
518.861,10
518.938,12
519.015,13
519.092,3
519.169,0
519.246,0
519.323,8
519.4,26
519.477,0
519.554,39
519.632,26
519.709,5
519.786,0
519.863,0
519.94,0
520.017,0
520.094,7
520.171,0
520.248,16
520.325,32
520.402,33
520.479,32
520.556,4
520.633,0
520.71,0
520.787,0
520.864,18
520.941,0
521.018,0
521.095,16
521.172,0
521.249,0
521.326,0
521.403,5
521.48,10
521.557,5
521.634,0
521.711,5
521.788,8
521.865,19
521.942,0
522.02,2
522.097,51
522.174,17
522.251,0
522.328,0
522.405,18
522.482,0
522.559,11
522.636,0
522.713,0
522.79,22
522.867,0
522.944,27
523.021,0
523.098,0
523.175,40
523.252,37
523.329,0
523.406,0
523.483,3
523.56,23
523.637,13
523.714,20
523.791,19
523.868,29
523.945,14
524.022,15
524.099,0
524.176,0
524.253,0
524.33,0
524.407,0
524.484,0
524.562,0
524.639,0
524.716,0
524.793,0
524.87,39
524.947,0
525.024,0
525.101,8
525.178,2
525.255,0
525.332,0
525.409,0
525.486,0
525.563,22
525.64,0
525.717,0
525.794,21
525.871,20
525.948,4
526.025,1
526.102,18
526.179,6
526.256,20
526.333,0
526.41,0
526.487,4
526.564,13
526.641,0
526.718,4
526.795,0
526.872,0
526.949,0
527.026,12
527.103,0
527.18,21
527.257,0
527.334,4
527.411,8
527.488,0
527.566,0
527.643,14
527.72,10
527.797,0
527.874,30
527.951,11
528.028,0
528.105,5
528.182,1
528.259,0
528.336,1
528.413,31
528.49,0
528.567,0
528.644,26
528.721,15
528.798,0
528.875,0
528.952,14
529.029,0
529.106,10
529.183,26
529.26,17
529.337,1
529.414,0
529.491,0
529.568,11
529.645,7
529.722,0
529.799,21
529.876,13
529.953,16
530.03,5
530.107,0
530.184,0
530.261,0
530.338,4
530.415,0
530.492,0
530.569,0
530.646,11
530.723,0
530.8,0
530.877,19
530.954,24
531.031,24
531.108,0
531.186,0
531.263,0
531.34,0
531.417,21
531.494,0
531.571,0
531.648,6
531.725,1
531.802,13
531.879,0
531.956,0
532.033,15
532.11,0
532.187,0
532.264,43
532.341,26
532.418,20
532.495,28
532.572,1
532.649,0
532.726,6
532.803,23
532.88,6
532.957,0
533.034,0
533.111,8
533.188,0
533.265,0
533.342,4
533.419,0
533.496,23
533.573,0
533.65,25
533.727,6
533.804,9
533.881,0
533.958,0
534.035,2
534.112,14
534.189,0
534.266,17
534.343,0
534.42,8
534.497,0
534.574,17
534.651,9
534.728,7
534.805,0
534.882,8
534.959,12
535.036,13
535.113,7
535.19,6
535.267,30
535.344,10
535.421,0
535.498,14
535.575,0
535.652,5
535.729,0
535.806,26
535.883,19
535.96,0
536.037,0
536.114,19
536.191,9
536.268,5
536.345,0
536.422,14
536.5,14
536.577,0
536.654,10
536.731,0
536.808,18
536.885,19
536.962,11
537.039,0
537.116,0
537.193,12
537.27,15
537.347,0
537.424,0
537.501,28
537.578,14
537.655,0
537.732,0
537.809,0
537.886,1
537.963,11
538.04,16
538.117,0
538.194,0
538.271,11
538.348,0
538.425,0
538.502,0
538.579,17
538.656,39
538.733,15
538.81,0
538.887,0
538.964,12
539.041,40
539.118,0
539.195,0
539.272,0
539.349,8
539.426,0
539.503,26
539.58,16
539.657,0
539.734,7
539.811,0
539.888,1
539.965,0
540.042,0
540.119,3
540.196,0
540.273,13
540.35,0
540.427,32
540.504,22
540.581,5
540.658,0
540.735,0
540.812,2
540.889,15
540.966,12
541.043,12
541.12,0
541.197,0
541.274,16
541.351,20
541.428,0
541.505,0
541.582,15
541.659,14
541.736,0
541.813,0
541.89,21
541.967,19
542.044,2
542.121,0
542.198,0
542.275,9
542.352,0
542.429,0
542.506,6
542.583,6
542.66,0
542.737,11
542.814,0
542.891,19
542.968,13
543.045,4
543.122,3
543.199,15
543.276,0
543.353,0
543.43,14
543.507,6
543.584,0
543.661,0
543.738,0
543.815,18
543.892,6
543.969,0
544.046,23
544.123,0
544.2,0
544.277,17
544.354,7
544.431,28
544.508,13
544.585,0
544.662,0
544.739,6
544.816,30
544.893,0
544.97,0
545.047,12
545.124,11
545.201,0
545.278,6
545.355,0
545.432,0
545.509,0
545.586,0
545.663,17
545.74,6
545.817,0
545.894,26
545.971,10
546.048,4
546.125,0
546.202,0
546.279,30
546.356,43
546.433,12
546.51,13
546.587,28
546.664,11
546.741,14
546.818,6
546.895,0
546.972,1
547.049,0
547.126,20
547.203,32
547.28,0
547.357,3
547.434,12
547.511,0
547.588,16
547.665,20
547.742,14
547.819,2
547.896,1
547.973,0
548.05,2
548.127,7
548.204,7
548.281,7
548.358,56
548.435,68
548.512,12
548.589,0
548.666,6
548.743,6
548.82,1
548.897,0
548.974,6
549.051,0
549.128,0
549.205,14
549.282,13
549.359,0
549.436,0
549.513,14
549.59,0
549.667,0
549.744,12
549.821,16
549.898,18
549.975,11
550.052,0
550.129,19
550.206,34
550.283,8
550.36,0
550.437,14
550.514,25
550.591,0
550.668,7
550.745,22
550.822,8
550.899,2
550.976,20
551.053,0
551.13,1
551.207,0
551.283,4
551.36,2
551.437,5
551.514,1
551.591,0
551.668,10
551.745,0
551.822,20
551.899,0
551.976,0
552.053,21
552.13,0
552.207,0
552.284,0
552.361,0
552.438,22
552.515,8
552.592,22
552.669,7
552.746,0
552.823,0
552.9,1
552.977,0
553.054,17
553.131,17
553.208,0
553.285,0
553.362,1
553.439,16
553.516,0
553.593,2
553.67,0
553.747,38
553.824,22
553.901,0
553.978,48
554.055,44
554.132,0
554.209,0
554.286,0
554.363,0
554.44,5
554.517,110
554.594,96
554.671,12
554.748,0
554.825,0
554.902,3
554.979,0
555.056,0
555.133,2
555.21,25
555.287,0
555.364,5
555.441,11
555.518,1
555.595,0
555.672,13
555.749,11
555.826,3
555.903,0
555.98,7
556.057,31
556.134,0
556.211,0
556.288,1
556.365,17
556.441,24
556.518,0
556.595,0
556.672,10
556.749,0
556.826,15
556.903,5
556.98,0
557.057,5
557.134,19
557.211,0
557.288,2
557.365,8
557.442,1
557.519,0
557.596,0
557.673,27
557.75,0
557.827,7
557.904,2
557.981,0
558.058,0
558.135,20
558.212,0
558.289,1
558.366,12
558.443,0
558.52,28
558.597,0
558.674,0
558.751,8
558.828,0
558.905,1
558.982,0
559.059,18
559.136,0
559.213,21
559.29,0
559.367,17
559.444,3
559.521,0
559.598,9
559.675,0
559.752,0
559.829,0
559.906,17
559.982,0
560.059,0
560.136,0
560.213,30
560.29,31
560.367,25
560.444,0
560.521,0
560.598,0
560.675,0
560.752,1
560.829,0
560.906,0
560.983,1
561.06,23
561.137,0
561.214,10
561.291,15
561.368,8
561.445,0
561.522,0
561.599,0
561.676,40
561.753,26
561.83,0
561.907,0
561.984,0
562.061,0
562.138,0
562.215,24
562.292,0
562.369,0
562.446,0
562.523,11
562.6,27
562.677,0
562.754,0
562.831,28
562.907,0
562.984,23
563.061,7
563.138,0
563.215,22
563.292,6
563.369,0
563.446,4
563.523,17
563.6,12
563.677,15
563.754,37
563.831,11
563.908,26
563.985,11
564.062,11
564.139,32
564.216,24
564.293,0
564.37,0
564.447,14
564.524,0
564.601,4
564.678,16
564.755,16
564.832,14
564.909,0
564.986,3
565.063,0
565.14,12
565.217,19
565.294,0
565.371,0
565.447,2
565.524,1
565.601,0
565.678,0
565.755,0
565.832,13
565.909,7
565.986,0
566.063,0
566.14,0
566.217,8
566.294,0
566.371,0
566.448,0
566.525,4
566.602,0
566.679,10
566.756,6
566.833,0
566.91,0
566.987,0
567.064,16
567.141,37
567.218,31
567.295,0
567.372,0
567.449,22
567.526,2
567.603,0
567.679,20
567.756,0
567.833,0
567.91,0
567.987,14
568.064,0
568.141,0
568.218,8
568.295,0
568.372,22
568.449,0
568.526,2
568.603,21
568.68,15
568.757,0
568.834,0
568.911,20
568.988,0
569.065,0
569.142,30
569.219,0
569.296,0
569.373,40
569.45,43
569.527,0
569.604,2
569.68,11
569.757,19
569.834,10
569.911,0
569.988,7
570.065,32
570.142,0
570.219,0
570.296,0
570.373,8
570.45,10
570.527,0
570.604,0
570.681,0
570.758,0
570.835,0
570.912,18
570.989,5
571.066,24
571.143,0
571.22,13
571.297,14
571.374,0
571.451,29
571.528,0
571.604,10
571.681,0
571.758,0
571.835,15
571.912,46
571.989,28
572.066,6
572.143,0
572.22,0
572.297,21
572.374,0
572.451,8
572.528,0
572.605,0
572.682,0
572.759,0
572.836,0
572.913,0
572.99,22
573.067,28
573.144,0
573.221,7
573.298,0
573.374,22
573.451,2
573.528,0
573.605,0
573.682,8
573.759,0
573.836,0
573.913,0
573.99,0
574.067,20
574.144,0
574.221,5
574.298,0
574.375,15
574.452,1
574.529,0
574.606,3
574.683,0
574.76,8
574.837,2
574.914,26
574.99,0
575.067,0
575.144,7
575.221,0
575.298,8
575.375,25
575.452,0
575.529,0
575.606,8
575.683,0
575.76,0
575.837,17
575.914,19
575.991,0
576.068,10
576.145,19
576.222,0
576.299,7
576.376,0
576.453,9
576.53,30
576.606,0
576.683,0
576.76,0
576.837,0
576.914,0
576.991,34
577.068,114
577.145,80
577.222,0
577.299,0
577.376,0
577.453,0
577.53,12
577.607,0
577.684,30
577.761,4
577.838,2
577.915,0
577.992,0
578.068,32
578.145,0
578.222,0
578.299,29
578.376,0
578.453,0
578.53,0
578.607,0
578.684,1
578.761,17
578.838,10
578.915,0
578.992,0
579.069,16
579.146,19
579.223,13
579.3,0
579.377,0
579.454,0
579.53,0
579.607,0
579.684,0
579.761,3
579.838,0
579.915,0
579.992,3
580.069,0
580.146,0
580.223,0
580.3,2
580.377,6
580.454,17
580.531,1
580.608,0
580.685,0
580.762,0
580.838,0
580.915,0
580.992,0
581.069,0
581.146,7
581.223,0
581.3,0
581.377,0
581.454,8
581.531,0
581.608,0
581.685,17
581.762,0
581.839,1
581.916,8
581.993,0
582.07,0
582.147,16
582.223,10
582.3,0
582.377,4
582.454,0
582.531,22
582.608,20
582.685,0
582.762,0
582.839,0
582.916,3
582.993,8
583.07,16
583.147,0
583.224,3
583.301,0
583.378,0
583.454,0
583.531,0
583.608,0
583.685,8
583.762,19
583.839,0
583.916,0
583.993,8
584.07,10
584.147,0
584.224,4
584.301,10
584.378,15
584.455,0
584.532,1
584.609,0
584.685,0
584.762,25
584.839,25
584.916,0
584.993,0
585.07,0
585.147,0
585.224,0
585.301,0
585.378,0
585.455,4
585.532,0
585.609,8
585.686,0
585.763,6
585.84,0
585.916,0
585.993,15
586.07,0
586.147,7
586.224,24
586.301,0
586.378,0
586.455,6
586.532,0
586.609,0
586.686,0
586.763,6
586.84,4
586.917,0
586.994,0
587.07,0
587.147,4
587.224,0
587.301,13
587.378,1
587.455,0
587.532,13
587.609,44
587.686,12
587.763,0
587.84,6
587.917,12
587.994,0
588.071,0
588.148,10
588.224,2
588.301,0
588.378,3
588.455,0
588.532,1
588.609,0
588.686,3
588.763,17
588.84,0
588.917,0
588.994,0
589.071,2
589.148,0
589.225,0
589.301,0
589.378,6
589.455,0
589.532,7
589.609,0
589.686,0
589.763,8
589.84,0
589.917,0
589.994,19
590.071,19
590.148,0
590.225,0
590.302,0
590.378,22
590.455,0
590.532,0
590.609,5
590.686,19
590.763,1
590.84,0
590.917,0
590.994,0
591.071,0
591.148,0
591.225,0
591.302,1
591.378,0
591.455,0
591.532,0
591.609,15
591.686,22
591.763,0
591.84,21
591.917,26
591.994,35
592.071,0
592.148,0
592.225,0
592.302,0
592.379,0
592.455,42
592.532,40
592.609,0
592.686,0
592.763,13
592.84,0
592.917,0
592.994,0
593.071,13
593.148,63
593.225,26
593.302,11
593.379,0
593.455,31
593.532,0
593.609,0
593.686,14
593.763,0
593.84,5
593.917,0
593.994,4
594.071,2
594.148,0
594.225,24
594.302,0
594.379,22
594.455,15
594.532,7
594.609,24
594.686,0
594.763,4
594.84,12
594.917,3
594.994,0
595.071,2
595.148,12
595.225,0
595.302,0
595.378,28
595.455,1
595.532,0
595.609,36
595.686,6
595.763,0
595.84,0
595.917,15
595.994,28
596.071,0
596.148,1
596.225,54
596.301,0
596.378,0
596.455,7
596.532,0
596.609,0
596.686,0
596.763,12
596.84,13
596.917,0
596.994,0
597.071,8
597.148,0
597.224,29
597.301,0
597.378,0
597.455,4
597.532,21
597.609,9
597.686,0
597.763,0
597.84,37
597.917,2
597.994,0
598.071,0
598.147,0
598.224,2
598.301,0
598.378,3
598.455,8
598.532,3
598.609,0
598.686,7
598.763,0
598.84,23
598.917,0
598.994,0
599.07,32
599.147,17
599.224,0
599.301,42
599.378,0
599.455,2
599.532,0
599.609,16
599.686,1
599.763,0
599.84,18
