59.6745,0
59.7814,0
59.8883,41
59.9952,35
60.1021,0
60.209,12
60.3159,13
60.4228,0
60.5296,7
60.6365,0
60.7434,0
60.8503,0
60.9572,0
61.0641,0
61.171,0
61.2779,19
61.3848,6
61.4917,0
61.5986,22
61.7055,1
61.8124,0
61.9193,9
62.0261,18
62.133,4
62.2399,0
62.3468,0
62.4537,0
62.5606,10
62.6675,0
62.7744,0
62.8813,8
62.9882,0
63.0951,12
63.202,26
63.3089,0
63.4158,4
63.5226,0
63.6295,0
63.7364,12
63.8433,0
63.9502,0
64.0571,4
64.164,8
64.2709,26
64.3778,0
64.4847,22
64.5916,0
64.6985,0
64.8054,20
64.9123,26
65.0192,0
65.1261,5
65.2329,36
65.3398,19
65.4467,4
65.5536,0
65.6605,11
65.7674,0
65.8743,0
65.9812,25
66.0881,14
66.195,0
66.3019,18
66.4088,22
66.5157,1
66.6226,27
66.7295,3
66.8364,0
66.9433,10
67.0502,0
67.157,8
67.2639,41
67.3708,0
67.4777,0
67.5846,8
67.6915,6
67.7984,20
67.9053,0
68.0122,10
68.1191,13
68.226,13
68.3329,14
68.4398,25
68.5467,13
68.6536,20
68.7605,0
68.8674,3
68.9743,0
69.0812,0
69.1881,0
69.295,4
69.4018,0
69.5087,0
69.6156,4
69.7225,13
69.8294,30
69.9363,8
70.0432,13
70.1501,0
70.257,25
70.3639,0
70.4708,0
70.5777,14
70.6846,30
70.7915,18
70.8984,0
71.0053,0
71.1122,9
71.2191,14
71.326,46
71.4329,0
71.5398,0
71.6467,27
71.7536,25
71.8605,0
71.9674,1
72.0742,0
72.1811,0
72.288,12
72.3949,0
72.5018,0
72.6087,0
72.7156,26
72.8225,0
72.9294,0
73.0363,15
73.1432,4
73.2501,22
73.357,9
73.4639,6
73.5708,10
73.6777,10
73.7846,11
73.8915,0
73.9984,0
74.1053,7
74.2122,4
74.3191,2
74.426,8
74.5329,13
74.6398,13
74.7467,6
74.8536,10
74.9605,40
75.0674,34
75.1743,10
75.2812,5
75.3881,14
75.495,0
75.6019,3
75.7088,6
75.8157,8
75.9225,17
76.0294,17
76.1363,8
76.2432,26
76.3501,18
76.457,0
76.5639,3
76.6708,1
76.7777,0
76.8846,0
76.9915,3
77.0984,7
77.2053,0
77.3122,17
77.4191,1
77.526,0
77.6329,0
77.7398,14
77.8467,0
77.9536,0
78.0605,0
78.1674,6
78.2743,0
78.3812,0
78.4881,1
78.595,11
78.7019,0
78.8088,5
78.9157,14
79.0226,0
79.1295,0
79.2364,25
79.3433,0
79.4502,17
79.5571,0
79.664,0
79.7709,4
79.8778,0
79.9847,16
80.0916,12
80.1985,0
80.3054,8
80.4123,6
80.5192,25
80.6261,1
80.733,10
80.8399,11
80.9468,7
81.0537,0
81.1606,0
81.2675,68
81.3744,7
81.4813,0
81.5882,0
81.6951,4
81.802,15
81.9089,14
82.0158,0
82.1227,0
82.2296,54
82.3365,25
82.4434,9
82.5503,9
82.6572,3
82.7641,0
82.871,0
82.9779,0
83.0848,9
83.1917,0
83.2986,5
83.4055,22
83.5124,0
83.6193,12
83.7262,7
83.8331,13
83.94,0
84.0469,0
84.1538,8
84.2607,32
84.3676,23
84.4745,19
84.5814,0
84.6883,0
84.7952,26
84.9021,26
85.009,0
85.1159,0
85.2228,5
85.3297,0
85.4366,26
85.5435,14
85.6504,0
85.7573,13
85.8642,2
85.9711,0
86.078,5
86.1849,26
86.2918,6
86.3987,0
86.5056,0
86.6125,0
86.7194,30
86.8263,0
86.9332,0
87.0401,0
87.147,0
87.2539,8
87.3608,0
87.4677,5
87.5746,16
87.6815,9
87.7884,5
87.8953,9
88.0022,21
88.1091,0
88.216,8
88.3229,29
88.4298,15
88.5367,0
88.6436,0
88.7505,15
88.8574,22
88.9643,21
89.0712,33
89.1781,14
89.285,0
89.3919,12
89.4988,1
89.6057,0
89.7126,15
89.8195,15
89.9264,0
90.0334,0
90.1403,25
90.2472,17
90.3541,7
90.461,13
90.5679,0
90.6748,0
90.7817,32
90.8886,8
90.9955,13
91.1024,0
91.2093,0
91.3162,13
91.4231,22
91.53,0
91.6369,21
91.7438,0
91.8507,0
91.9576,33
92.0645,50
92.1714,14
92.2783,0
92.3852,0
92.4921,12
92.599,0
92.7059,0
92.8128,8
92.9197,0
93.0266,11
93.1335,0
93.2404,0
93.3473,21
93.4542,6
93.5611,0
93.668,12
93.7749,13
93.8818,21
93.9887,0
94.0956,8
94.2025,14
94.3095,13
94.4164,0
94.5233,5
94.6302,21
94.7371,0
94.844,4
94.9509,24
95.0578,0
95.1647,16
95.2716,10
95.3785,0
95.4854,31
95.5923,46
95.6992,0
95.8061,14
95.913,21
96.0199,11
96.1268,8
96.2337,36
96.3406,15
96.4475,5
96.5544,0
96.6613,11
96.7682,8
96.8751,0
96.982,16
97.0889,8
97.1958,0
97.3027,2
97.4097,11
97.5166,2
97.6235,49
97.7304,3
97.8373,0
97.9442,6
98.0511,0
98.158,16
98.2649,11
98.3718,9
98.4787,0
98.5856,36
98.6925,15
98.7994,16
98.9063,0
99.0132,31
99.1201,0
99.227,0
99.3339,21
99.4408,7
99.5477,0
99.6546,0
99.7615,9
99.8684,0
99.9753,9
100.082,2
100.189,0
100.296,24
100.403,0
100.51,7
100.617,18
100.724,13
100.831,7
100.937,31
101.044,41
101.151,0
101.258,20
101.365,27
101.472,13
101.579,0
101.686,21
101.793,7
101.9,0
102.007,4
102.113,38
102.22,11
102.327,17
102.434,4
102.541,0
102.648,45
102.755,34
102.862,8
102.969,0
103.076,0
103.182,0
103.289,9
103.396,0
103.503,0
103.61,20
103.717,0
103.824,0
103.931,22
104.038,14
104.145,0
104.252,9
104.358,8
104.465,0
104.572,2
104.679,10
104.786,11
104.893,10
105,0
105.107,22
105.214,32
105.321,6
105.427,0
105.534,8
105.641,20
105.748,52
105.855,0
105.962,0
106.069,30
106.176,17
106.283,0
106.39,0
106.497,6
106.603,22
106.71,3
106.817,17
106.924,8
107.031,34
107.138,30
107.245,17
107.352,0
107.459,14
107.566,41
107.673,14
107.779,22
107.886,21
107.993,0
108.1,0
108.207,5
108.314,0
108.421,0
108.528,14
108.635,3
108.742,15
108.848,0
108.955,0
109.062,11
109.169,8
109.276,4
109.383,0
109.49,8
109.597,7
109.704,5
109.811,0
109.918,0
110.024,0
110.131,7
110.238,9
110.345,12
110.452,0
110.559,28
110.666,6
110.773,11
110.88,12
110.987,8
111.094,7
111.2,0
111.307,0
111.414,0
111.521,17
111.628,6
111.735,24
111.842,0
111.949,9
112.056,2
112.163,33
112.269,26
112.376,0
112.483,19
112.59,39
112.697,0
112.804,0
112.911,0
113.018,0
113.125,0
113.232,0
113.339,39
113.445,26
113.552,12
113.659,0
113.766,7
113.873,12
113.98,14
114.087,0
114.194,10
114.301,3
114.408,14
114.515,10
114.621,11
114.728,0
114.835,4
114.942,0
115.049,0
115.156,21
115.263,0
115.37,16
115.477,28
115.584,0
115.69,18
115.797,11
115.904,41
116.011,32
116.118,17
116.225,15
116.332,0
116.439,0
116.546,6
116.653,0
116.76,0
116.866,4
116.973,21
117.08,21
117.187,31
117.294,0
117.401,2
117.508,29
117.615,28
117.722,0
117.829,13
117.936,1
118.042,0
118.149,0
118.256,8
118.363,29
118.47,1
118.577,0
118.684,10
118.791,3
118.898,0
119.005,8
119.112,0
119.218,0
119.325,0
119.432,1
119.539,7
119.646,6
119.753,19
119.86,14
119.967,0
120.074,38
120.181,0
120.287,0
120.394,31
120.501,0
120.608,7
120.715,0
120.822,0
120.929,21
121.036,21
121.143,4
121.25,0
121.357,24
121.463,2
121.57,29
121.677,35
121.784,0
121.891,3
121.998,38
122.105,3
122.212,0
122.319,11
122.426,0
122.533,24
122.639,0
122.746,17
122.853,2
122.96,10
123.067,11
123.174,0
123.281,8
123.388,3
123.495,13
123.602,0
123.709,10
123.815,0
123.922,0
124.029,38
124.136,41
124.243,5
124.35,0
124.457,7
124.564,0
124.671,0
124.778,17
124.885,21
124.991,0
125.098,2
125.205,12
125.312,0
125.419,3
125.526,0
125.633,0
125.74,0
125.847,0
125.954,13
126.061,0
126.167,5
126.274,26
126.381,0
126.488,26
126.595,14
126.702,0
126.809,0
126.916,23
127.023,0
127.13,3
127.236,20
127.343,2
127.45,0
127.557,7
127.664,2
127.771,5
127.878,0
127.985,0
128.092,0
128.199,0
128.306,3
128.412,34
128.519,13
128.626,2
128.733,0
128.84,26
128.947,10
129.054,11
129.161,0
129.268,12
129.375,7
129.482,9
129.588,10
129.695,0
129.802,1
129.909,0
130.016,21
130.123,0
130.23,0
130.337,1
130.444,1
130.551,0
130.658,3
130.764,0
130.871,0
130.978,0
131.085,0
131.192,0
131.299,8
131.406,8
131.513,0
131.62,14
131.727,0
131.834,14
131.94,18
132.047,0
132.154,0
132.261,26
132.368,12
132.475,8
132.582,0
132.689,0
132.796,4
132.903,0
133.01,0
133.116,2
133.223,25
133.33,12
133.437,0
133.544,5
133.651,10
133.758,9
133.865,16
133.972,0
134.079,0
134.186,29
134.292,6
134.399,32
134.506,0
134.613,0
134.72,34
134.827,28
134.934,10
135.041,0
135.148,6
135.255,0
135.362,19
135.468,0
135.575,0
135.682,11
135.789,0
135.896,0
136.003,0
136.11,9
136.217,16
136.324,5
136.431,15
136.538,0
136.644,0
136.751,0
136.858,5
136.965,8
137.072,5
137.179,0
137.286,10
137.393,8
137.5,0
137.607,0
137.714,11
137.82,9
137.927,0
138.034,0
138.141,12
138.248,8
138.355,0
138.462,5
138.569,16
138.676,0
138.783,0
138.89,9
138.996,0
139.103,0
139.21,0
139.317,0
139.424,34
139.531,19
139.638,12
139.745,9
139.852,0
139.959,29
140.065,11
140.172,0
140.279,0
140.386,21
140.493,0
140.6,0
140.707,0
140.814,2
140.921,11
141.028,4
141.135,0
141.241,0
141.348,18
141.455,0
141.562,2
141.669,0
141.776,12
141.883,0
141.99,16
142.097,4
142.204,0
142.311,0
142.417,0
142.524,40
142.631,0
142.738,0
142.845,0
142.952,2
143.059,0
143.166,0
143.273,32
143.38,19
143.487,7
143.593,0
143.7,12
143.807,0
143.914,13
144.021,24
144.128,5
144.235,11
144.342,0
144.449,0
144.556,0
144.663,17
144.769,0
144.876,18
144.983,0
145.09,15
145.197,0
145.304,0
145.411,47
145.518,22
145.625,0
145.732,0
145.839,3
145.945,1
146.052,0
146.159,10
146.266,6
146.373,3
146.48,0
146.587,28
146.694,32
146.801,1
146.908,0
147.015,0
147.121,0
147.228,0
147.335,0
147.442,0
147.549,1
147.656,0
147.763,9
147.87,5
147.977,2
148.084,3
148.191,0
148.297,2
148.404,0
148.511,0
148.618,5
148.725,0
148.832,0
148.939,1
149.046,2
149.153,0
149.26,10
149.367,14
149.473,0
149.58,28
149.687,38
149.794,16
149.901,3
150.008,7
150.115,7
150.222,0
150.329,0
150.436,4
150.543,12
150.649,0
150.756,0
150.863,3
150.97,0
151.077,0
151.184,10
151.291,21
151.398,18
151.505,20
151.612,4
151.719,0
151.825,0
151.932,29
152.039,32
152.146,0
152.253,0
152.36,32
152.467,24
152.574,0
152.681,0
152.788,26
152.894,9
153.001,15
153.108,0
153.215,18
153.322,5
153.429,0
153.536,10
153.643,8
153.75,18
153.857,2
153.964,0
154.07,0
154.177,0
154.284,0
154.391,0
154.498,0
154.605,0
154.712,18
154.819,0
154.926,6
155.033,22
155.14,11
155.246,0
155.353,0
155.46,13
155.567,0
155.674,1
155.781,15
155.888,0
155.995,0
156.102,55
156.209,36
156.316,0
156.422,0
156.529,38
156.636,0
156.743,0
156.85,8
156.957,0
157.064,0
157.171,5
157.278,0
157.385,0
157.492,30
157.598,2
157.705,0
157.812,7
157.919,9
158.026,2
158.133,0
158.24,0
158.347,15
158.454,23
158.561,0
158.668,10
158.774,16
158.881,5
158.988,11
159.095,0
159.202,0
159.309,7
159.416,0
159.523,19
159.63,17
159.737,2
159.844,0
159.95,22
160.057,12
160.164,0
160.271,13
160.378,0
160.485,0
160.592,0
160.699,14
160.806,28
160.913,0
161.019,12
161.126,0
161.233,0
161.34,11
161.447,0
161.554,0
161.661,26
161.768,6
161.875,0
161.982,0
162.089,8
162.195,0
162.302,0
162.409,0
162.516,0
162.623,0
162.73,0
162.837,2
162.944,10
163.051,0
163.158,0
163.265,0
163.371,0
163.478,19
163.585,0
163.692,0
163.799,13
163.906,2
164.013,20
164.12,10
164.227,52
164.334,0
164.441,8
164.547,15
164.654,21
164.761,0
164.868,0
164.975,0
165.082,37
165.189,0
165.296,30
165.403,7
165.51,0
165.616,0
165.723,0
165.83,3
165.937,4
166.044,23
166.151,0
166.258,1
166.365,6
166.472,5
166.579,0
166.686,0
166.792,4
166.899,36
167.006,19
167.113,18
167.22,0
167.327,1
167.434,12
167.541,0
167.648,0
167.755,20
167.862,0
167.968,4
168.075,18
168.182,8
168.289,12
168.396,0
168.503,23
168.61,13
168.717,6
168.824,0
168.931,1
169.037,19
169.144,0
169.251,28
169.358,5
169.465,21
169.572,0
169.679,0
169.786,3
169.893,4
170,0
170.107,32
170.213,34
170.32,0
170.427,0
170.534,0
170.641,0
170.748,8
170.855,11
170.962,0
171.069,0
171.176,12
171.283,14
171.389,12
171.496,17
171.603,0
171.71,4
171.817,0
171.924,10
172.031,0
172.138,16
172.245,12
172.352,19
172.458,8
172.565,0
172.672,1
172.779,2
172.886,1
172.993,0
173.1,10
173.207,16
173.314,14
173.421,28
173.528,0
173.634,15
173.741,0
173.848,0
173.955,29
174.062,26
174.169,0
174.276,6
174.383,17
174.49,0
174.597,1
174.704,0
174.81,0
174.917,0
175.024,0
175.131,0
175.238,0
175.345,21
175.452,5
175.559,0
175.666,10
175.773,13
175.879,0
175.986,1
176.093,8
176.2,14
176.307,12
176.414,0
176.521,0
176.628,9
176.735,5
176.842,0
176.949,2
177.055,7
177.162,12
177.269,0
177.376,0
177.483,32
177.59,31
177.697,19
177.804,0
177.911,21
178.018,16
178.124,0
178.231,11
178.338,0
178.445,11
178.552,0
178.659,0
178.766,30
178.873,11
178.98,13
179.087,8
179.194,9
179.3,0
179.407,1
179.514,0
179.621,0
179.728,0
179.835,3
179.942,9
180.049,4
180.156,14
180.263,1
180.369,18
180.476,4
180.583,2
180.69,9
180.797,4
180.904,0
181.011,2
181.118,0
181.225,0
181.332,12
181.439,12
181.545,0
181.652,13
181.759,16
181.866,0
181.973,0
182.08,13
182.187,11
182.294,0
182.401,0
182.508,14
182.614,0
182.721,4
182.828,0
182.935,0
183.042,6
183.149,18
183.256,24
183.363,0
183.47,0
183.577,1
183.683,26
183.79,0
183.897,0
184.004,0
184.111,12
184.218,12
184.325,0
184.432,9
184.539,0
184.646,0
184.753,0
184.859,0
184.966,0
185.073,2
185.18,0
185.287,8
185.394,2
185.501,32
185.608,21
185.715,12
185.822,10
185.928,0
186.035,0
186.142,0
186.249,0
186.356,3
186.463,0
186.57,0
186.677,2
186.784,0
186.891,0
186.997,8
187.104,18
187.211,3
187.318,5
187.425,0
187.532,27
187.639,39
187.746,0
187.853,2
187.96,0
188.067,0
188.173,54
188.28,34
188.387,15
188.494,0
188.601,0
188.708,0
188.815,4
188.922,0
189.029,0
189.136,0
189.242,2
189.349,0
189.456,4
189.563,9
189.67,0
189.777,1
189.884,24
189.991,0
190.098,5
190.205,19
190.311,22
190.418,0
190.525,8
190.632,2
190.739,6
190.846,0
190.953,0
191.06,0
191.167,6
191.274,11
191.38,0
191.487,0
191.594,0
191.701,15
191.808,24
191.915,2
192.022,9
192.129,0
192.236,16
192.343,31
192.45,4
192.556,0
192.663,15
192.77,23
192.877,6
192.984,3
193.091,13
193.198,0
193.305,10
193.412,21
193.519,16
193.625,15
193.732,6
193.839,0
193.946,1
194.053,6
194.16,17
194.267,0
194.374,6
194.481,0
194.588,0
194.694,0
194.801,15
194.908,13
195.015,2
195.122,0
195.229,7
195.336,0
195.443,19
195.55,0
195.657,0
195.763,1
195.87,3
195.977,0
196.084,0
196.191,3
196.298,0
196.405,0
196.512,0
196.619,0
196.726,0
196.832,33
196.939,14
197.046,0
197.153,0
197.26,22
197.367,8
197.474,0
197.581,0
197.688,0
197.795,0
197.901,26
198.008,15
198.115,0
198.222,6
198.329,19
198.436,16
198.543,19
198.65,0
198.757,0
198.864,25
198.97,26
199.077,5
199.184,0
199.291,0
199.398,0
199.505,0
199.612,0
199.719,0
199.826,19
199.933,29
200.039,9
200.146,5
200.253,15
200.36,0
200.467,0
200.574,20
200.681,0
200.788,2
200.895,8
201.002,0
201.108,2
201.215,9
201.322,6
201.429,8
201.536,7
201.643,0
201.75,4
201.857,6
201.964,0
202.071,0
202.177,15
202.284,0
202.391,0
202.498,14
202.605,38
202.712,0
202.819,0
202.926,0
203.033,42
203.14,0
203.246,0
203.353,0
203.46,0
203.567,0
203.674,1
203.781,13
203.888,0
203.995,0
204.102,9
204.208,0
204.315,0
204.422,0
204.529,8
204.636,0
204.743,0
204.85,15
204.957,25
205.064,16
205.171,0
205.277,12
205.384,2
205.491,0
205.598,3
205.705,0
205.812,0
205.919,26
206.026,0
206.133,0
206.24,0
206.346,0
206.453,20
206.56,10
206.667,27
206.774,0
206.881,0
206.988,0
207.095,0
207.202,4
207.309,0
207.415,0
207.522,17
207.629,80
207.736,46
207.843,34
207.95,0
208.057,8
208.164,4
208.271,8
208.377,6
208.484,0
208.591,0
208.698,9
208.805,6
208.912,0
209.019,0
209.126,0
209.233,0
209.34,0
209.446,0
209.553,32
209.66,42
209.767,0
209.874,0
209.981,0
210.088,7
210.195,0
210.302,0
210.409,0
210.515,0
210.622,0
210.729,0
210.836,0
210.943,2
211.05,0
211.157,25
211.264,0
211.371,0
211.477,11
211.584,12
211.691,0
211.798,0
211.905,15
212.012,0
212.119,0
212.226,9
212.333,14
212.44,2
212.546,25
212.653,24
212.76,7
212.867,2
212.974,0
213.081,10
213.188,12
213.295,14
213.402,0
213.508,0
213.615,3
213.722,14
213.829,0
213.936,0
214.043,20
214.15,0
214.257,0
214.364,0
214.471,0
214.577,1
214.684,34
214.791,6
214.898,0
215.005,13
215.112,0
215.219,0
215.326,0
215.433,0
215.539,14
215.646,0
215.753,0
215.86,0
215.967,21
216.074,15
216.181,0
216.288,0
216.395,21
216.502,36
216.608,37
216.715,3
216.822,0
216.929,4
217.036,3
217.143,0
217.25,0
217.357,22
217.464,86
217.57,64
217.677,39
217.784,0
217.891,4
217.998,0
218.105,2
218.212,0
218.319,0
218.426,26
218.532,9
218.639,9
218.746,0
218.853,6
218.96,22
219.067,0
219.174,17
219.281,16
219.388,1
219.495,10
219.601,23
219.708,0
219.815,0
219.922,0
220.029,3
220.136,4
220.243,60
220.35,21
220.457,0
220.563,2
220.67,0
220.777,0
220.884,0
220.991,7
221.098,0
221.205,0
221.312,0
221.419,5
221.525,1
221.632,16
221.739,0
221.846,0
221.953,15
222.06,6
222.167,0
222.274,1
222.381,11
222.488,8
222.594,0
222.701,8
222.808,10
222.915,0
223.022,18
223.129,0
223.236,19
223.343,0
223.45,2
223.556,7
223.663,19
223.77,0
223.877,0
223.984,0
224.091,26
224.198,0
224.305,3
224.412,9
224.518,0
224.625,0
224.732,8
224.839,18
224.946,0
225.053,1
225.16,0
225.267,7
225.374,0
225.48,0
225.587,19
225.694,37
225.801,17
225.908,20
226.015,37
226.122,0
226.229,0
226.336,0
226.442,18
226.549,0
226.656,8
226.763,0
226.87,20
226.977,0
227.084,0
227.191,0
227.298,7
227.404,0
227.511,0
227.618,0
227.725,4
227.832,0
227.939,2
228.046,0
228.153,12
228.26,13
228.366,32
228.473,0
228.58,0
228.687,0
228.794,15
228.901,30
229.008,0
229.115,5
229.222,17
229.328,0
229.435,19
229.542,14
229.649,18
229.756,2
229.863,0
229.97,27
230.077,0
230.184,0
230.29,0
230.397,5
230.504,28
230.611,1
230.718,4
230.825,0
230.932,58
231.039,19
231.146,0
231.252,0
231.359,3
231.466,0
231.573,0
231.68,19
231.787,0
231.894,0
232.001,13
232.108,0
232.214,7
232.321,25
232.428,4
232.535,0
232.642,0
232.749,18
232.856,0
232.963,0
233.07,19
233.176,0
233.283,0
233.39,5
233.497,6
233.604,6
233.711,0
233.818,0
233.925,1
234.031,0
234.138,25
234.245,19
234.352,0
234.459,20
234.566,11
234.673,0
234.78,2
234.887,10
234.993,0
235.1,0
235.207,21
235.314,0
235.421,0
235.528,0
235.635,32
235.742,23
235.849,0
235.955,14
236.062,15
236.169,25
236.276,0
236.383,0
236.49,0
236.597,6
236.704,0
236.81,30
236.917,0
237.024,15
237.131,5
237.238,0
237.345,0
237.452,13
237.559,21
237.666,44
237.772,0
237.879,18
237.986,15
238.093,0
238.2,0
238.307,13
238.414,0
238.521,0
238.628,7
238.734,0
238.841,27
238.948,0
239.055,16
239.162,0
239.269,0
239.376,0
239.483,11
239.589,8
239.696,0
239.803,0
239.91,2
240.017,15
240.124,0
240.231,0
240.338,11
240.445,17
240.551,12
240.658,11
240.765,3
240.872,19
240.979,6
241.086,4
241.193,17
241.3,8
241.406,0
241.513,0
241.62,71
241.727,14
241.834,9
241.941,0
242.048,8
242.155,0
242.262,12
242.368,39
242.475,13
242.582,6
242.689,0
242.796,38
242.903,48
243.01,41
243.117,0
243.223,0
243.33,0
243.437,5
243.544,7
243.651,0
243.758,16
243.865,21
243.972,0
244.079,0
244.185,0
244.292,0
244.399,16
244.506,12
244.613,5
244.72,0
244.827,14
244.934,6
245.04,0
245.147,0
245.254,14
245.361,4
245.468,5
245.575,16
245.682,20
245.789,0
245.896,0
246.002,3
246.109,17
246.216,0
246.323,0
246.43,0
246.537,3
246.644,0
246.751,10
246.857,22
246.964,51
247.071,8
247.178,0
247.285,0
247.392,0
247.499,0
247.606,24
247.712,10
247.819,0
247.926,0
248.033,0
248.14,0
248.247,13
248.354,0
248.461,0
248.567,14
248.674,6
248.781,0
248.888,11
248.995,0
249.102,5
249.209,16
249.316,0
249.423,0
249.529,18
249.636,45
249.743,43
249.85,7
249.957,0
250.064,0
250.171,0
250.278,4
250.384,10
250.491,13
250.598,11
250.705,5
250.812,0
250.919,6
251.026,21
251.133,0
251.239,23
251.346,8
251.453,0
251.56,2
251.667,0
251.774,0
251.881,20
251.988,0
252.094,0
252.201,0
252.308,34
252.415,30
252.522,6
252.629,0
252.736,27
252.843,8
252.949,0
253.056,0
253.163,12
253.27,26
253.377,0
253.484,4
253.591,0
253.698,31
253.804,0
253.911,0
254.018,0
254.125,20
254.232,30
254.339,0
254.446,0
254.553,1
254.659,31
254.766,0
254.873,0
254.98,14
255.087,5
255.194,0
255.301,0
255.408,0
255.514,0
255.621,11
255.728,4
255.835,4
255.942,6
256.049,0
256.156,0
256.263,12
256.369,18
256.476,0
256.583,0
256.69,5
256.797,5
256.904,25
257.011,3
257.118,2
257.224,0
257.331,16
257.438,2
257.545,21
257.652,8
257.759,1
257.866,0
257.973,0
258.079,0
258.186,0
258.293,0
258.4,0
258.507,1
258.614,19
258.721,24
258.828,0
258.934,0
259.041,8
259.148,21
259.255,0
259.362,0
259.469,6
259.576,19
259.683,0
259.789,8
259.896,16
260.003,22
260.11,0
260.217,2
260.324,0
260.431,13
260.537,0
260.644,0
260.751,1
260.858,0
260.965,5
261.072,0
261.179,0
261.286,0
261.392,0
261.499,23
261.606,7
261.713,0
261.82,3
261.927,13
262.034,5
262.141,0
262.247,0
262.354,5
262.461,0
262.568,0
262.675,5
262.782,0
262.889,0
262.996,21
263.102,16
263.209,0
263.316,1
263.423,20
263.53,15
263.637,0
263.744,0
263.85,29
263.957,13
264.064,12
264.171,22
264.278,0
264.385,10
264.492,0
264.599,21
264.705,15
264.812,25
264.919,0
265.026,0
265.133,0
265.24,14
265.347,0
265.454,1
265.56,7
265.667,0
265.774,21
265.881,7
265.988,0
266.095,6
266.202,0
266.308,0
266.415,20
266.522,0
266.629,9
266.736,28
266.843,0
266.95,0
267.057,0
267.163,0
267.27,0
267.377,0
267.484,0
267.591,2
267.698,7
267.805,8
267.911,3
268.018,0
268.125,10
268.232,24
268.339,4
268.446,5
268.553,4
268.66,0
268.766,17
268.873,0
268.98,9
269.087,0
269.194,16
269.301,0
269.408,2
269.514,14
269.621,0
269.728,1
269.835,24
269.942,0
270.049,0
270.156,24
270.263,5
270.369,0
270.476,9
270.583,0
270.69,0
270.797,0
270.904,0
271.011,10
271.117,28
271.224,16
271.331,0
271.438,0
271.545,10
271.652,5
271.759,2
271.866,0
271.972,20
272.079,0
272.186,0
272.293,6
272.4,90
272.507,59
272.614,39
272.72,17
272.827,16
272.934,3
273.041,4
273.148,18
273.255,0
273.362,0
273.468,0
273.575,0
273.682,14
273.789,20
273.896,12
274.003,0
274.11,0
274.217,0
274.323,7
274.43,11
274.537,0
274.644,4
274.751,0
274.858,0
274.965,0
275.071,10
275.178,2
275.285,4
275.392,0
275.499,9
275.606,2
275.713,37
275.819,8
275.926,18
276.033,7
276.14,3
276.247,1
276.354,10
276.461,0
276.567,26
276.674,0
276.781,2
276.888,28
276.995,0
277.102,3
277.209,0
277.315,23
277.422,18
277.529,8
277.636,2
277.743,11
277.85,5
277.957,0
278.064,19
278.17,11
278.277,0
278.384,8
278.491,22
278.598,15
278.705,0
278.812,0
278.918,0
279.025,0
279.132,14
279.239,0
279.346,31
279.453,0
279.56,0
279.666,0
279.773,0
279.88,3
279.987,0
280.094,0
280.201,0
280.308,0
280.414,0
280.521,0
280.628,2
280.735,0
280.842,0
280.949,16
281.056,14
281.162,14
281.269,3
281.376,0
281.483,17
281.59,25
281.697,21
281.804,0
281.91,15
282.017,6
282.124,0
282.231,10
282.338,0
282.445,11
282.552,27
282.658,0
282.765,0
282.872,16
282.979,37
283.086,0
283.193,0
283.3,26
283.406,0
283.513,15
283.62,45
283.727,16
283.834,16
283.941,24
284.048,31
284.154,0
284.261,0
284.368,39
284.475,44
284.582,0
284.689,0
284.796,22
284.902,0
285.009,5
285.116,4
285.223,0
285.33,2
285.437,0
285.544,16
285.65,20
285.757,7
285.864,0
285.971,0
286.078,25
286.185,24
286.292,4
286.398,0
286.505,6
286.612,21
286.719,0
286.826,0
286.933,9
287.039,21
287.146,8
287.253,0
287.36,3
287.467,1
287.574,26
287.681,11
287.787,33
287.894,9
288.001,4
288.108,0
288.215,9
288.322,0
288.429,22
288.535,0
288.642,0
288.749,2
288.856,0
288.963,12
289.07,5
289.177,5
289.283,10
289.39,0
289.497,14
289.604,28
289.711,0
289.818,3
289.924,17
290.031,0
290.138,17
290.245,0
290.352,0
290.459,4
290.566,9
290.672,34
290.779,2
290.886,21
290.993,0
291.1,0
291.207,0
291.314,1
291.42,16
291.527,19
291.634,7
291.741,0
291.848,0
291.955,3
292.062,0
292.168,0
292.275,8
292.382,9
292.489,0
292.596,2
292.703,6
292.809,35
292.916,0
293.023,0
293.13,8
293.237,0
293.344,0
293.451,1
293.557,6
293.664,0
293.771,0
293.878,18
293.985,4
294.092,0
294.198,0
294.305,0
294.412,9
294.519,32
294.626,0
294.733,18
294.84,0
294.946,0
295.053,5
295.16,51
295.267,3
295.374,0
295.481,0
295.588,0
295.694,25
295.801,23
295.908,8
296.015,22
296.122,2
296.229,24
296.335,8
296.442,0
296.549,29
296.656,24
296.763,11
296.87,0
296.977,22
297.083,19
297.19,0
297.297,7
297.404,7
297.511,0
297.618,9
297.724,13
297.831,17
297.938,15
298.045,0
298.152,0
298.259,0
298.365,0
298.472,6
298.579,0
298.686,1
298.793,21
298.9,0
299.007,10
299.113,21
299.22,0
299.327,0
299.434,8
299.541,14
299.648,0
299.754,0
299.861,2
299.968,14
300.075,22
300.182,0
300.289,0
300.396,8
300.502,0
300.609,3
300.716,9
300.823,20
300.93,0
301.037,0
301.143,8
301.25,0
301.357,0
301.464,35
301.571,5
301.678,0
301.784,0
301.891,0
301.998,16
302.105,4
302.212,0
302.319,9
302.426,0
302.532,13
302.639,1
302.746,2
302.853,25
302.96,0
303.067,0
303.173,4
303.28,0
303.387,20
303.494,0
303.601,0
303.708,0
303.814,26
303.921,7
304.028,21
304.135,6
304.242,1
304.349,26
304.456,0
304.562,0
304.669,19
304.776,31
304.883,3
304.99,0
305.097,0
305.203,6
305.31,0
305.417,51
305.524,53
305.631,19
305.738,27
305.844,1
305.951,0
306.058,0
306.165,0
306.272,8
306.379,5
306.485,11
306.592,0
306.699,0
306.806,0
306.913,16
307.02,0
307.126,20
307.233,34
307.34,0
307.447,33
307.554,0
307.661,17
307.767,14
307.874,2
307.981,0
308.088,22
308.195,12
308.302,0
308.409,0
308.515,14
308.622,4
308.729,4
308.836,9
308.943,0
309.05,7
309.156,10
309.263,10
309.37,30
309.477,0
309.584,2
309.691,0
309.797,11
309.904,9
310.011,26
310.118,0
310.225,11
310.332,20
310.438,0
310.545,27
310.652,15
310.759,3
310.866,0
310.973,4
311.079,7
311.186,17
311.293,3
311.4,0
311.507,0
311.614,3
311.72,0
311.827,0
311.934,0
312.041,20
312.148,6
312.255,0
312.361,0
312.468,11
312.575,15
312.682,6
312.789,0
312.896,0
313.002,0
313.109,34
313.216,3
313.323,14
313.43,0
313.537,0
313.643,3
313.75,16
313.857,22
313.964,0
314.071,13
314.178,0
314.284,0
314.391,14
314.498,14
314.605,0
314.712,0
314.819,16
314.925,18
315.032,0
315.139,2
315.246,24
315.353,15
315.46,5
315.566,10
315.673,11
315.78,26
315.887,0
315.994,26
316.1,36
316.207,0
316.314,0
316.421,34
316.528,45
316.635,0
316.741,0
316.848,0
316.955,0
317.062,0
317.169,7
317.276,0
317.382,0
317.489,12
317.596,0
317.703,31
317.81,20
317.917,0
318.023,1
318.13,15
318.237,32
318.344,0
318.451,21
318.558,6
318.664,0
318.771,0
318.878,36
318.985,30
319.092,25
319.199,0
319.305,0
319.412,0
319.519,4
319.626,4
319.733,0
319.839,0
319.946,0
320.053,0
320.16,0
320.267,28
320.374,37
320.48,5
320.587,0
320.694,16
320.801,21
320.908,19
321.015,0
321.121,0
321.228,10
321.335,39
321.442,0
321.549,0
321.655,18
321.762,8
321.869,33
321.976,11
322.083,0
322.19,15
322.296,17
322.403,0
322.51,13
322.617,0
322.724,25
322.831,8
322.937,0
323.044,21
323.151,44
323.258,0
323.365,0
323.472,2
323.578,20
323.685,0
323.792,26
323.899,0
324.006,2
324.112,0
324.219,9
324.326,33
324.433,9
324.54,11
324.647,32
324.753,0
324.86,0
324.967,28
325.074,22
325.181,0
325.287,0
325.394,9
325.501,0
325.608,1
325.715,0
325.822,18
325.928,0
326.035,10
326.142,10
326.249,23
326.356,12
326.463,2
326.569,9
326.676,34
326.783,14
326.89,0
326.997,0
327.103,38
327.21,6
327.317,0
327.424,0
327.531,0
327.638,2
327.744,0
327.851,0
327.958,23
328.065,0
328.172,22
328.278,6
328.385,14
328.492,0
328.599,13
328.706,17
328.813,0
328.919,9
329.026,15
329.133,0
329.24,0
329.347,14
329.453,0
329.56,0
329.667,4
329.774,0
329.881,12
329.988,7
330.094,0
330.201,0
330.308,17
330.415,0
330.522,34
330.628,0
330.735,0
330.842,0
330.949,0
331.056,0
331.162,0
331.269,11
331.376,5
331.483,15
331.59,20
331.697,21
331.803,8
331.91,15
332.017,0
332.124,25
332.231,13
332.337,0
332.444,13
332.551,0
332.658,6
332.765,0
332.872,9
332.978,10
333.085,9
333.192,26
333.299,19
333.406,21
333.512,18
333.619,10
333.726,0
333.833,20
333.94,4
334.046,26
334.153,0
334.26,0
334.367,13
334.474,11
334.581,13
334.687,21
334.794,10
334.901,30
335.008,17
335.115,0
335.221,14
335.328,1
335.435,12
335.542,0
335.649,0
335.755,13
335.862,17
335.969,4
336.076,0
336.183,13
336.29,3
336.396,3
336.503,3
336.61,0
336.717,18
336.824,16
336.93,2
337.037,0
337.144,21
337.251,3
337.358,0
337.464,8
337.571,0
337.678,0
337.785,29
337.892,55
337.998,19
338.105,17
338.212,0
338.319,0
338.426,8
338.533,0
338.639,3
338.746,0
338.853,3
338.96,0
339.067,0
339.173,0
339.28,0
339.387,2
339.494,26
339.601,0
339.707,0
339.814,44
339.921,13
340.028,0
340.135,0
340.241,15
340.348,7
340.455,11
340.562,17
340.669,16
340.775,7
340.882,0
340.989,0
341.096,26
341.203,22
341.309,0
341.416,10
341.523,36
341.63,19
341.737,12
341.844,0
341.95,0
342.057,42
342.164,12
342.271,8
342.378,20
342.484,67
342.591,54
342.698,19
342.805,0
342.912,55
343.018,29
343.125,0
343.232,19
343.339,33
343.446,6
343.552,13
343.659,0
343.766,0
343.873,21
343.98,20
344.086,0
344.193,8
344.3,28
344.407,9
344.514,0
344.62,5
344.727,9
344.834,29
344.941,29
345.048,11
345.154,18
345.261,0
345.368,9
345.475,5
345.582,0
345.688,10
345.795,6
345.902,0
346.009,0
346.116,2
346.222,36
346.329,33
346.436,25
346.543,0
346.65,22
346.756,6
346.863,9
346.97,13
347.077,45
347.184,2
347.29,6
347.397,32
347.504,3
347.611,0
347.718,1
347.824,12
347.931,31
348.038,0
348.145,0
348.252,0
348.358,0
348.465,16
348.572,27
348.679,0
348.786,0
348.892,10
348.999,0
349.106,8
349.213,22
349.32,21
349.426,0
349.533,0
349.64,20
349.747,0
349.854,0
349.96,0
350.067,7
350.174,2
350.281,0
350.388,8
350.494,22
350.601,21
350.708,0
350.815,56
350.922,63
351.028,0
351.135,0
351.242,11
351.349,6
351.456,0
351.562,0
351.669,7
351.776,0
351.883,9
351.989,17
352.096,0
352.203,0
352.31,0
352.417,0
352.523,0
352.63,0
352.737,0
352.844,9
352.951,0
353.057,2
353.164,0
353.271,0
353.378,0
353.485,8
353.591,1
353.698,0
353.805,0
353.912,25
354.019,11
354.125,0
354.232,0
354.339,10
354.446,13
354.553,2
354.659,0
354.766,14
354.873,0
354.98,2
355.086,9
355.193,0
355.3,23
355.407,24
355.514,0
355.62,16
355.727,24
355.834,17
355.941,0
356.048,7
356.154,14
356.261,24
356.368,35
356.475,32
356.582,4
356.688,77
356.795,42
356.902,2
357.009,0
357.115,7
357.222,69
357.329,27
357.436,50
357.543,20
357.649,0
357.756,0
357.863,0
357.97,7
358.077,5
358.183,24
358.29,28
358.397,20
358.504,0
358.61,73
358.717,211
358.824,132
358.931,0
359.038,0
359.144,37
359.251,18
359.358,44
359.465,30
359.572,8
359.678,11
359.785,0
359.892,23
359.999,4
360.105,0
360.212,36
360.319,18
360.426,0
360.533,29
360.639,0
360.746,4
360.853,8
360.96,8
361.067,15
361.173,11
361.28,22
361.387,0
361.494,0
361.6,21
361.707,50
361.814,103
361.921,86
362.028,69
362.134,11
362.241,11
362.348,0
362.455,0
362.562,6
362.668,0
362.775,0
362.882,9
362.989,0
363.095,13
363.202,0
363.309,0
363.416,35
363.523,0
363.629,0
363.736,3
363.843,2
363.95,6
364.056,0
364.163,13
364.27,0
364.377,27
364.484,12
364.59,0
364.697,4
364.804,0
364.911,0
365.017,15
365.124,0
365.231,0
365.338,11
365.445,0
365.551,0
365.658,0
365.765,24
365.872,0
365.979,13
366.085,0
366.192,5
366.299,1
366.406,0
366.512,0
366.619,0
366.726,10
366.833,0
366.94,0
367.046,0
367.153,0
367.26,11
367.367,11
367.473,16
367.58,6
367.687,45
367.794,25
367.9,4
368.007,0
368.114,8
368.221,0
368.328,0
368.434,26
368.541,0
368.648,5
368.755,18
368.861,6
368.968,0
369.075,5
369.182,0
369.289,0
369.395,15
369.502,4
369.609,0
369.716,0
369.822,26
369.929,20
370.036,13
370.143,0
370.25,0
370.356,0
370.463,12
370.57,7
370.677,0
370.783,5
370.89,20
370.997,0
371.104,0
371.211,0
371.317,0
371.424,0
371.531,19
371.638,11
371.744,0
371.851,0
371.958,0
372.065,21
372.171,29
372.278,12
372.385,22
372.492,2
372.599,25
372.705,22
372.812,0
372.919,0
373.026,15
373.132,15
373.239,0
373.346,12
373.453,1
373.559,4
373.666,13
373.773,0
373.88,0
373.987,2
374.093,19
374.2,0
374.307,0
374.414,54
374.52,0
374.627,0
374.734,0
374.841,0
374.947,0
375.054,0
375.161,0
375.268,22
375.375,13
375.481,0
375.588,0
375.695,5
375.802,4
375.908,14
376.015,10
376.122,0
376.229,16
376.335,9
376.442,0
376.549,0
376.656,29
376.763,0
376.869,0
376.976,0
377.083,16
377.19,0
377.296,3
377.403,23
377.51,0
377.617,0
377.723,0
377.83,29
377.937,0
378.044,11
378.15,0
378.257,1
378.364,12
378.471,24
378.578,11
378.684,12
378.791,0
378.898,0
379.005,18
379.111,0
379.218,0
379.325,0
379.432,0
379.538,0
379.645,0
379.752,0
379.859,14
379.965,0
380.072,0
380.179,6
380.286,0
380.392,9
380.499,52
380.606,28
380.713,0
380.82,0
380.926,0
381.033,2
381.14,0
381.247,18
381.353,78
381.46,79
381.567,30
381.674,0
381.78,0
381.887,0
381.994,30
382.101,5
382.207,0
382.314,0
382.421,28
382.528,26
382.634,0
382.741,4
382.848,25
382.955,6
383.061,0
383.168,29
383.275,2
383.382,0
383.488,0
383.595,48
383.702,16
383.809,0
383.916,0
384.022,11
384.129,0
384.236,0
384.343,0
384.449,4
384.556,0
384.663,5
384.77,0
384.876,0
384.983,8
385.09,22
385.197,0
385.303,6
385.41,15
385.517,6
385.624,0
385.73,23
385.837,0
385.944,3
386.051,6
386.157,73
386.264,41
386.371,26
386.478,8
386.584,2
386.691,11
386.798,17
386.905,3
387.011,12
387.118,21
387.225,19
387.332,0
387.438,0
387.545,0
387.652,0
387.759,0
387.865,0
387.972,7
388.079,7
388.186,6
388.292,20
388.399,0
388.506,20
388.613,14
388.719,0
388.826,0
388.933,29
389.04,25
389.146,0
389.253,16
389.36,0
389.467,16
389.573,0
389.68,16
389.787,10
389.894,0
390,19
390.107,0
390.214,17
390.321,18
390.427,0
390.534,0
390.641,7
390.748,18
390.854,14
390.961,0
391.068,0
391.175,33
391.281,28
391.388,0
391.495,4
391.602,7
391.708,2
391.815,20
391.922,19
392.029,3
392.135,0
392.242,0
392.349,0
392.456,0
392.562,0
392.669,29
392.776,0
392.883,5
392.989,26
393.096,17
393.203,1
393.31,0
393.416,0
393.523,0
393.63,0
393.737,0
393.843,28
393.95,19
394.057,0
394.164,11
394.27,0
394.377,0
394.484,14
394.591,3
394.697,7
394.804,6
394.911,14
395.018,2
395.124,18
395.231,0
395.338,17
395.445,8
395.551,1
395.658,0
395.765,0
395.871,4
395.978,0
396.085,0
396.192,0
396.298,6
396.405,9
396.512,0
396.619,17
396.725,0
396.832,0
396.939,36
397.046,41
397.152,0
397.259,16
397.366,3
397.473,0
397.579,13
397.686,0
397.793,0
397.9,0
398.006,0
398.113,2
398.22,9
398.327,8
398.433,7
398.54,11
398.647,0
398.753,0
398.86,24
398.967,22
399.074,0
399.18,0
399.287,0
399.394,4
399.501,0
399.607,0
399.714,0
399.821,8
399.928,5
400.034,7
400.141,6
400.248,6
400.355,24
400.461,17
400.568,13
400.675,7
400.781,0
400.888,0
400.995,0
401.102,0
401.208,0
401.315,0
401.422,0
401.529,0
401.635,0
401.742,0
401.849,45
401.956,34
402.062,10
402.169,0
402.276,18
402.382,24
402.489,12
402.596,8
402.703,11
402.809,13
402.916,0
403.023,0
403.13,15
403.236,0
403.343,0
403.45,17
403.557,0
403.663,17
403.77,2
403.877,29
403.983,15
404.09,0
404.197,0
404.304,11
404.41,0
404.517,0
404.624,8
404.731,14
404.837,0
404.944,0
405.051,0
405.158,26
405.264,0
405.371,0
405.478,4
405.584,0
405.691,0
405.798,0
405.905,6
406.011,2
406.118,20
406.225,0
406.332,28
406.438,13
406.545,10
406.652,0
406.758,0
406.865,0
406.972,15
407.079,0
407.185,0
407.292,0
407.399,0
407.506,17
407.612,0
407.719,0
407.826,41
407.932,32
408.039,12
408.146,0
408.253,5
408.359,0
408.466,0
408.573,13
408.68,9
408.786,17
408.893,5
409,11
409.106,0
409.213,0
409.32,0
409.427,0
409.533,7
409.64,15
409.747,0
409.853,29
409.96,0
410.067,4
410.174,7
410.28,12
410.387,16
410.494,0
410.601,0
410.707,19
410.814,2
410.921,0
411.027,5
411.134,9
411.241,19
411.348,6
411.454,0
411.561,8
411.668,12
411.774,1
411.881,0
411.988,22
412.095,0
412.201,0
412.308,0
412.415,0
412.522,20
412.628,31
412.735,0
412.842,8
412.948,0
413.055,3
413.162,4
413.269,5
413.375,0
413.482,7
413.589,1
413.695,6
413.802,120
413.909,101
414.016,63
414.122,17
414.229,15
414.336,39
414.442,63
414.549,13
414.656,0
414.763,38
414.869,68
414.976,14
415.083,18
415.189,0
415.296,0
415.403,8
415.51,0
415.616,0
415.723,0
415.83,0
415.936,18
416.043,0
416.15,36
416.257,0
416.363,0
416.47,24
416.577,0
416.683,0
416.79,0
416.897,0
417.004,0
417.11,1
417.217,21
417.324,0
417.43,0
417.537,0
417.644,9
417.751,12
417.857,0
417.964,6
418.071,5
418.177,10
418.284,11
418.391,25
418.498,71
418.604,32
418.711,4
418.818,20
418.924,15
419.031,0
419.138,13
419.245,20
419.351,1
419.458,16
419.565,97
419.671,79
419.778,19
419.885,0
419.992,0
420.098,0
420.205,14
420.312,29
420.418,14
420.525,0
420.632,22
420.738,28
420.845,32
420.952,0
421.059,78
421.165,142
421.272,80
421.379,0
421.485,0
421.592,0
421.699,0
421.806,4
421.912,0
422.019,0
422.126,20
422.232,0
422.339,17
422.446,0
422.552,0
422.659,0
422.766,26
422.873,15
422.979,0
423.086,0
423.193,10
423.299,30
423.406,0
423.513,0
423.62,0
423.726,0
423.833,3
423.94,0
424.046,13
424.153,0
424.26,6
424.366,14
424.473,14
424.58,15
424.687,0
424.793,78
424.9,76
425.007,3
425.113,18
425.22,23
425.327,4
425.433,0
425.54,0
425.647,33
425.754,154
425.86,88
425.967,38
426.074,2
426.18,0
426.287,15
426.394,6
426.5,0
426.607,0
426.714,8
426.821,27
426.927,0
427.034,0
427.141,41
427.247,24
427.354,0
427.461,0
427.567,14
427.674,26
427.781,0
427.888,0
427.994,35
428.101,62
428.208,59
428.314,9
428.421,1
428.528,50
428.634,65
428.741,6
428.848,21
428.955,0
429.061,0
429.168,21
429.275,102
429.381,50
429.488,29
429.595,0
429.701,0
429.808,0
429.915,13
430.021,11
430.128,0
430.235,0
430.342,25
430.448,10
430.555,31
430.662,17
430.768,115
430.875,142
430.982,102
431.088,75
431.195,61
431.302,37
431.409,79
431.515,37
431.622,31
431.729,19
431.835,14
431.942,43
432.049,0
432.155,4
432.262,44
432.369,37
432.475,1
432.582,0
432.689,7
432.796,8
432.902,0
433.009,2
433.116,61
433.222,67
433.329,25
433.436,13
433.542,0
433.649,192
433.756,133
433.862,92
433.969,10
434.076,0
434.182,0
434.289,5
434.396,0
434.503,0
434.609,19
434.716,11
434.823,39
434.929,163
435.036,106
435.143,45
435.249,0
435.356,0
435.463,0
435.569,15
435.676,25
435.783,17
435.889,0
435.996,0
436.103,24
436.21,54
436.316,17
436.423,0
436.53,0
436.636,22
436.743,79
436.85,89
436.956,85
437.063,41
437.17,60
437.276,21
437.383,154
437.49,233
437.596,148
437.703,94
437.81,14
437.916,1
438.023,54
438.13,52
438.237,21
438.343,0
438.45,0
438.557,4
438.663,0
438.77,0
438.877,59
438.983,133
439.09,144
439.197,125
439.303,122
439.41,80
439.517,74
439.623,5
439.73,0
439.837,0
439.943,10
440.05,46
440.157,12
440.263,0
440.37,0
440.477,18
440.583,0
440.69,0
440.797,30
440.904,13
441.01,4
441.117,8
441.224,26
441.33,0
441.437,0
441.544,11
441.65,0
441.757,0
441.864,8
441.97,32
442.077,0
442.184,0
442.29,0
442.397,0
442.504,13
442.61,0
442.717,0
442.824,0
442.93,8
443.037,0
443.144,0
443.25,6
443.357,10
443.464,6
443.57,0
443.677,0
443.784,0
443.89,10
443.997,0
444.104,0
444.21,0
444.317,0
444.424,0
444.53,6
444.637,44
444.744,13
444.851,0
444.957,0
445.064,12
445.171,0
445.277,0
445.384,0
445.491,2
445.597,0
445.704,25
445.811,14
445.917,8
446.024,5
446.131,3
446.237,0
446.344,0
446.451,17
446.557,0
446.664,0
446.771,14
446.877,0
446.984,26
447.091,0
447.197,3
447.304,32
447.411,5
447.517,10
447.624,0
447.731,0
447.837,10
447.944,9
448.051,14
448.157,0
448.264,0
448.371,0
448.477,14
448.584,0
448.691,0
448.797,14
448.904,22
449.011,3
449.117,0
449.224,1
449.331,13
449.437,0
449.544,0
449.651,5
449.757,0
449.864,0
449.971,4
450.077,0
450.184,12
450.291,0
450.397,0
450.504,0
450.611,23
450.717,0
450.824,0
450.931,0
451.037,0
451.144,69
451.251,184
451.357,100
451.464,41
451.571,0
451.677,0
451.784,0
451.891,14
451.997,7
452.104,22
452.21,14
452.317,0
452.424,15
452.53,0
452.637,9
452.744,0
452.85,0
452.957,5
453.064,24
453.17,0
453.277,4
453.384,0
453.49,14
453.597,26
453.704,10
453.81,0
453.917,5
454.024,47
454.13,0
454.237,0
454.344,4
454.45,14
454.557,0
454.664,5
454.77,4
454.877,0
454.984,0
455.09,0
455.197,26
455.304,11
455.41,0
455.517,0
455.624,13
455.73,32
455.837,25
455.944,0
456.05,0
456.157,12
456.263,0
456.37,0
456.477,2
456.583,7
456.69,8
456.797,15
456.903,0
457.01,8
457.117,33
457.223,4
457.33,0
457.437,0
457.543,0
457.65,0
457.757,3
457.863,0
457.97,0
458.077,0
458.183,34
458.29,10
458.397,6
458.503,34
458.61,4
458.716,12
458.823,2
458.93,0
459.036,57
459.143,52
459.25,25
459.356,1
459.463,7
459.57,0
459.676,0
459.783,23
459.89,2
459.996,0
460.103,36
460.21,14
460.316,18
460.423,0
460.53,0
460.636,0
460.743,0
460.849,6
460.956,0
461.063,0
461.169,22
461.276,2
461.383,0
461.489,15
461.596,17
461.703,11
461.809,21
461.916,20
462.023,36
462.129,15
462.236,0
462.342,0
462.449,0
462.556,11
462.662,0
462.769,0
462.876,12
462.982,0
463.089,3
463.196,5
463.302,0
463.409,15
463.516,34
463.622,0
463.729,0
463.835,20
463.942,7
464.049,0
464.155,0
464.262,0
464.369,26
464.475,0
464.582,9
464.689,2
464.795,0
464.902,12
465.009,2
465.115,11
465.222,0
465.328,4
465.435,0
465.542,0
465.648,0
465.755,0
465.862,12
465.968,0
466.075,0
466.182,0
466.288,0
466.395,0
466.501,6
466.608,25
466.715,5
466.821,6
466.928,0
467.035,9
467.141,0
467.248,0
467.355,0
467.461,18
467.568,13
467.674,0
467.781,0
467.888,0
467.994,21
468.101,22
468.208,13
468.314,0
468.421,13
468.528,11
468.634,14
468.741,0
468.847,0
468.954,0
469.061,14
469.167,0
469.274,0
469.381,228
469.487,313
469.594,164
469.701,29
469.807,0
469.914,0
470.02,5
470.127,1
470.234,0
470.34,0
470.447,21
470.554,7
470.66,0
470.767,9
470.873,0
470.98,0
471.087,11
471.193,30
471.3,24
471.407,2
471.513,19
471.62,39
471.727,0
471.833,0
471.94,35
472.046,0
472.153,0
472.26,0
472.366,9
472.473,11
472.58,16
472.686,0
472.793,0
472.899,11
473.006,1
473.113,6
473.219,0
473.326,4
473.433,19
473.539,5
473.646,4
473.752,25
473.859,0
473.966,0
474.072,19
474.179,22
474.286,0
474.392,0
474.499,21
474.605,8
474.712,6
474.819,32
474.925,0
475.032,0
475.139,0
475.245,0
475.352,34
475.458,0
475.565,9
475.672,16
475.778,13
475.885,0
475.992,2
476.098,0
476.205,15
476.311,0
476.418,0
476.525,30
476.631,36
476.738,0
476.844,5
476.951,0
477.058,0
477.164,18
477.271,0
477.378,3
477.484,14
477.591,0
477.697,10
477.804,32
477.911,8
478.017,8
478.124,0
478.231,8
478.337,0
478.444,18
478.55,19
478.657,0
478.764,12
478.87,0
478.977,13
479.083,5
479.19,11
479.297,0
479.403,14
479.51,2
479.617,26
479.723,0
479.83,0
479.936,4
480.043,3
480.15,0
480.256,0
480.363,2
480.469,2
480.576,8
480.683,0
480.789,6
480.896,3
481.003,0
481.109,0
481.216,0
481.322,14
481.429,7
481.536,14
481.642,0
481.749,0
481.855,5
481.962,9
482.069,0
482.175,0
482.282,7
482.388,0
482.495,11
482.602,0
482.708,0
482.815,0
482.922,10
483.028,0
483.135,4
483.241,43
483.348,4
483.455,14
483.561,2
483.668,0
483.774,0
483.881,26
483.988,0
484.094,0
484.201,12
484.307,0
484.414,21
484.521,26
484.627,23
484.734,17
484.84,14
484.947,0
485.054,18
485.16,67
485.267,56
485.373,0
485.48,10
485.587,4
485.693,20
485.8,6
485.907,0
486.013,0
486.12,3
486.226,2
486.333,15
486.44,0
486.546,17
486.653,44
486.759,24
486.866,0
486.973,0
487.079,0
487.186,39
487.292,27
487.399,0
487.506,20
487.612,0
487.719,0
487.825,3
487.932,26
488.039,0
488.145,40
488.252,65
488.358,36
488.465,85
488.572,69
488.678,24
488.785,0
488.891,0
488.998,0
489.105,0
489.211,16
489.318,18
489.424,0
489.531,2
489.638,0
489.744,0
489.851,0
489.957,10
490.064,0
490.171,16
490.277,9
490.384,0
490.49,0
490.597,0
490.704,8
490.81,0
490.917,5
491.023,13
491.13,0
491.237,0
491.343,8
491.45,0
491.556,0
491.663,0
491.769,0
491.876,0
491.983,0
492.089,0
492.196,23
492.302,26
492.409,0
492.516,0
492.622,47
492.729,9
492.835,26
492.942,0
493.049,18
493.155,38
493.262,31
493.368,3
493.475,4
493.582,23
493.688,20
493.795,0
493.901,0
494.008,4
494.114,0
494.221,0
494.328,0
494.434,0
494.541,0
494.647,0
494.754,0
494.861,37
494.967,66
495.074,7
495.18,10
495.287,0
495.394,0
495.5,13
495.607,13
495.713,2
495.82,18
495.926,40
496.033,2
496.14,26
496.246,37
496.353,0
496.459,0
496.566,14
496.673,0
496.779,0
496.886,0
496.992,0
497.099,4
497.206,29
497.312,7
497.419,0
497.525,0
497.632,0
497.738,0
497.845,0
497.952,76
498.058,170
498.165,95
498.271,27
498.378,0
498.485,0
498.591,8
498.698,0
498.804,21
498.911,16
499.017,0
499.124,10
499.231,37
499.337,26
499.444,0
499.55,0
499.657,0
499.763,14
499.87,0
499.977,0
500.083,0
500.19,0
500.296,16
500.403,9
500.51,5
500.616,0
500.723,14
500.829,1
500.936,0
501.042,0
501.149,0
501.256,0
501.362,0
501.469,0
501.575,15
501.682,0
501.788,14
501.895,22
502.002,16
502.108,9
502.215,0
502.321,8
502.428,1
502.534,14
502.641,20
502.748,0
502.854,10
502.961,15
503.067,0
503.174,0
503.281,0
503.387,2
503.494,1
503.6,0
503.707,9
503.813,34
503.92,12
504.027,7
504.133,0
504.24,7
504.346,0
504.453,0
504.559,14
504.666,0
504.773,0
504.879,0
504.986,0
505.092,1
505.199,0
505.305,20
505.412,17
505.518,0
505.625,10
505.732,1
505.838,10
505.945,24
506.051,0
506.158,0
506.264,0
506.371,11
506.478,4
506.584,8
506.691,16
506.797,8
506.904,0
507.01,0
507.117,0
507.224,8
507.33,6
507.437,25
507.543,13
507.65,0
507.756,0
507.863,5
507.97,0
508.076,4
508.183,0
508.289,0
508.396,0
508.502,49
508.609,34
508.715,14
508.822,0
508.929,0
509.035,0
509.142,0
509.248,0
509.355,0
509.461,7
509.568,0
509.675,0
509.781,9
509.888,23
509.994,17
510.101,16
510.207,94
510.314,136
510.42,153
510.527,109
510.634,164
510.74,118
510.847,15
510.953,0
511.06,0
511.166,0
511.273,4
511.379,9
511.486,0
511.593,0
511.699,0
511.806,0
511.912,0
512.019,18
512.125,8
512.232,58
512.339,160
512.445,201
512.552,101
512.658,51
512.765,1
512.871,98
512.978,176
513.084,154
513.191,47
513.298,92
513.404,494
513.511,597
513.617,794
513.724,976
513.83,796
513.937,552
514.043,260
514.15,76
514.256,7
514.363,18
514.47,41
514.576,34
514.683,33
514.789,0
514.896,9
515.002,73
515.109,74
515.215,28
515.322,30
515.429,11
515.535,0
515.642,0
515.748,45
515.855,44
515.961,77
516.068,343
516.174,369
516.281,171
516.388,44
516.494,0
516.601,0
516.707,13
516.814,2
516.92,0
517.027,7
517.133,151
517.24,137
517.346,82
517.453,41
517.56,24
517.666,0
517.773,0
517.879,9
517.986,58
518.092,142
518.199,244
518.305,215
518.412,180
518.518,283
518.625,394
518.732,542
518.838,464
518.945,37
519.051,0
519.158,0
519.264,0
519.371,2
519.477,0
519.584,3
519.69,22
519.797,14
519.903,0
520.01,55
520.117,194
520.223,127
520.33,49
520.436,0
520.543,0
520.649,11
520.756,0
520.862,0
520.969,8
521.075,7
521.182,5
521.289,2
521.395,0
521.502,5
521.608,25
521.715,16
521.821,0
521.928,17
522.034,4
522.141,7
522.247,0
522.354,0
522.46,4
522.567,4
522.674,5
522.78,2
522.887,22
522.993,12
523.1,4
523.206,14
523.313,15
523.419,22
523.526,17
523.632,16
523.739,41
523.845,0
523.952,2
524.058,0
524.165,2
524.272,24
524.378,0
524.485,0
524.591,0
524.698,5
524.804,0
524.911,10
525.017,6
525.124,0
525.23,0
525.337,15
525.443,0
525.55,29
525.656,0
525.763,0
525.87,18
525.976,0
526.083,0
526.189,25
526.296,4
526.402,0
526.509,0
526.615,0
526.722,16
526.828,3
526.935,0
527.041,0
527.148,23
527.254,0
527.361,0
527.467,0
527.574,2
527.68,2
527.787,0
527.894,0
528,26
528.107,16
528.213,7
528.32,0
528.426,10
528.533,0
528.639,9
528.746,1
528.852,18
528.959,0
529.065,8
529.172,19
529.278,0
529.385,0
529.491,8
529.598,4
529.704,0
529.811,24
529.918,27
530.024,0
530.131,0
530.237,15
530.344,14
530.45,12
530.557,0
530.663,70
530.77,95
530.876,60
530.983,10
531.089,6
531.196,8
531.302,4
531.409,14
531.515,6
531.622,4
531.728,0
531.835,7
531.941,15
532.048,0
532.154,0
532.261,40
532.367,7
532.474,10
532.581,16
532.687,4
532.794,27
532.9,2
533.007,0
533.113,0
533.22,16
533.326,8
533.433,0
533.539,0
533.646,18
533.752,13
533.859,0
533.965,17
534.072,0
534.178,0
534.285,0
534.391,6
534.498,0
534.604,2
534.711,21
534.817,12
534.924,25
535.03,0
535.137,34
535.243,136
535.35,96
535.456,31
535.563,42
535.669,17
535.776,31
535.882,11
535.989,14
536.095,37
536.202,9
536.308,18
536.415,18
536.521,18
536.628,0
536.735,0
536.841,21
536.948,14
537.054,0
537.161,4
537.267,12
537.374,30
537.48,0
537.587,11
537.693,0
537.8,0
537.906,2
538.013,22
538.119,14
538.226,0
538.332,0
538.439,17
538.545,0
538.652,18
538.758,0
538.865,0
538.971,0
539.078,0
539.184,45
539.291,59
539.397,2
539.504,25
539.61,0
539.717,2
539.823,4
539.93,0
540.036,11
540.143,8
540.249,0
540.356,0
540.462,33
540.569,11
540.675,19
540.782,5
540.888,0
540.995,14
541.101,20
541.208,7
541.314,22
541.421,14
541.527,0
541.634,0
541.74,20
541.847,0
541.953,0
542.06,0
542.166,0
542.273,0
542.379,0
542.486,15
542.592,7
542.699,28
542.805,0
542.912,0
543.018,16
543.125,18
543.231,6
543.338,0
543.444,0
543.551,0
543.657,0
543.764,23
543.87,0
543.977,0
544.083,26
544.19,16
544.296,28
544.403,20
544.509,9
544.616,0
544.722,17
544.829,19
544.935,7
545.042,1
545.148,14
545.255,0
545.361,14
545.467,26
545.574,27
545.68,41
545.787,6
545.893,0
546,5
546.106,8
546.213,0
546.319,0
546.426,14
546.532,0
546.639,0
546.745,20
546.852,0
546.958,0
547.065,4
547.171,34
547.278,0
547.384,18
547.491,19
547.597,50
547.704,16
547.81,0
547.917,0
548.023,23
548.13,0
548.236,0
548.343,0
548.449,2
548.556,17
548.662,0
548.769,0
548.875,0
548.982,0
549.088,21
549.195,19
549.301,0
549.408,80
549.514,76
549.62,41
549.727,20
549.833,9
549.94,0
550.046,12
550.153,0
550.259,0
550.366,18
550.472,5
550.579,0
550.685,19
550.792,19
550.898,0
551.005,0
551.111,39
551.218,20
551.324,25
551.431,0
551.537,8
551.644,0
551.75,0
551.857,0
551.963,0
552.07,6
552.176,8
552.282,17
552.389,16
552.495,18
552.602,25
552.708,0
552.815,17
552.921,0
553.028,4
553.134,5
553.241,6
553.347,0
553.454,7
553.56,0
553.667,0
553.773,20
553.88,0
553.986,25
554.093,0
554.199,8
554.305,4
554.412,20
554.518,0
554.625,0
554.731,42
554.838,22
554.944,0
555.051,0
555.157,14
555.264,7
555.37,8
555.477,0
555.583,13
555.69,4
555.796,8
555.903,0
556.009,0
556.115,0
556.222,2
556.328,0
556.435,4
556.541,0
556.648,0
556.754,0
556.861,13
556.967,15
557.074,17
557.18,0
557.287,10
557.393,29
557.5,15
557.606,0
557.713,0
557.819,46
557.925,8
558.032,0
558.138,7
558.245,0
558.351,6
558.458,14
558.564,0
558.671,0
558.777,0
558.884,8
558.99,0
559.097,0
559.203,0
559.309,8
559.416,0
559.522,0
559.629,0
559.735,28
559.842,3
559.948,13
560.055,0
560.161,0
560.268,0
560.374,16
560.481,4
560.587,0
560.693,5
560.8,2
560.906,30
561.013,23
561.119,0
561.226,0
561.332,0
561.439,29
561.545,0
561.652,0
561.758,33
561.864,24
561.971,0
562.077,14
562.184,0
562.29,0
562.397,0
562.503,12
562.61,4
562.716,0
562.823,2
562.929,16
563.035,0
563.142,1
563.248,0
563.355,4
563.461,2
563.568,19
563.674,15
563.781,0
563.887,2
563.994,21
564.1,4
564.206,0
564.313,11
564.419,26
564.526,0
564.632,0
564.739,0
564.845,32
564.952,0
565.058,5
565.165,0
565.271,0
565.377,0
565.484,20
565.59,27
565.697,0
565.803,17
565.91,0
566.016,6
566.123,1
566.229,15
566.335,0
566.442,0
566.548,12
566.655,23
566.761,2
566.868,0
566.974,2
567.081,0
567.187,22
567.293,3
567.4,0
567.506,2
567.613,13
567.719,0
567.826,0
567.932,4
568.039,20
568.145,0
568.251,0
568.358,2
568.464,0
568.571,0
568.677,24
568.784,36
568.89,0
568.997,14
569.103,0
569.209,19
569.316,12
569.422,16
569.529,0
569.635,0
569.742,9
569.848,13
569.955,0
570.061,0
570.167,11
570.274,0
570.38,11
570.487,16
570.593,0
570.7,11
570.806,3
570.912,18
571.019,0
571.125,12
571.232,11
571.338,10
571.445,0
571.551,0
571.658,31
571.764,0
571.87,0
571.977,0
572.083,0
572.19,6
572.296,0
572.403,20
572.509,36
572.615,0
572.722,0
572.828,0
572.935,0
573.041,26
573.148,7
573.254,4
573.36,2
573.467,4
573.573,5
573.68,8
573.786,0
573.893,0
573.999,7
574.105,0
574.212,13
574.318,0
574.425,10
574.531,19
574.638,27
574.744,21
574.85,14
574.957,19
575.063,0
575.17,19
575.276,22
575.383,1
575.489,0
575.595,0
575.702,17
575.808,13
575.915,0
576.021,0
576.128,0
576.234,0
576.34,5
576.447,0
576.553,0
576.66,3
576.766,30
576.873,0
576.979,0
577.085,0
577.192,0
577.298,5
577.405,0
577.511,0
577.618,16
577.724,5
577.83,0
577.937,0
578.043,0
578.15,1
578.256,4
578.363,19
578.469,0
578.575,7
578.682,21
578.788,8
578.895,0
579.001,24
579.107,8
579.214,0
579.32,0
579.427,1
579.533,2
579.64,0
579.746,9
579.852,4
579.959,24
580.065,0
580.172,4
580.278,5
580.384,7
580.491,30
580.597,0
580.704,0
580.81,0
580.917,0
581.023,1
581.129,0
581.236,10
581.342,26
581.449,11
581.555,1
581.661,0
581.768,0
581.874,9
581.981,25
582.087,0
582.193,0
582.3,9
582.406,22
582.513,2
582.619,10
582.726,54
582.832,0
582.938,0
583.045,12
583.151,19
583.258,0
583.364,0
583.47,13
583.577,17
583.683,0
583.79,16
583.896,48
584.002,0
584.109,0
584.215,0
584.322,0
584.428,2
584.535,0
584.641,3
584.747,69
584.854,98
584.96,43
585.067,28
585.173,0
585.279,0
585.386,0
585.492,0
585.599,7
585.705,21
585.811,0
585.918,0
586.024,33
586.131,33
586.237,0
586.343,0
586.45,1
586.556,0
586.663,2
586.769,33
586.875,41
586.982,12
587.088,1
587.195,5
587.301,0
587.407,7
587.514,13
587.62,2
587.727,0
587.833,5
587.939,15
588.046,14
588.152,0
588.259,27
588.365,20
588.471,7
588.578,0
588.684,0
588.791,10
588.897,0
589.003,0
589.11,0
589.216,21
589.323,0
589.429,0
589.535,8
589.642,0
589.748,20
589.855,18
589.961,0
590.067,18
590.174,13
590.28,2
590.387,0
590.493,5
590.599,22
590.706,0
590.812,0
590.918,0
591.025,0
591.131,0
591.238,5
591.344,15
591.45,0
591.557,11
591.663,42
591.77,0
591.876,8
591.982,13
592.089,0
592.195,0
592.302,0
592.408,11
592.514,7
592.621,0
592.727,0
592.834,12
592.94,7
593.046,8
593.153,0
593.259,0
593.365,0
593.472,0
593.578,0
593.685,19
593.791,42
593.897,62
594.004,25
594.11,16
594.217,9
594.323,51
594.429,42
594.536,10
594.642,20
594.748,10
594.855,4
594.961,1
595.068,0
595.174,0
595.28,0
595.387,0
595.493,0
595.6,0
595.706,5
595.812,6
595.919,0
596.025,14
596.131,16
596.238,3
596.344,13
596.451,6
596.557,0
596.663,0
596.77,0
596.876,18
596.982,2
597.089,0
597.195,6
597.302,19
597.408,21
597.514,6
597.621,3
597.727,0
597.833,0
597.94,0
598.046,2
598.153,0
598.259,0
598.365,0
598.472,0
598.578,2
598.685,2
598.791,0
598.897,0
599.004,0
599.11,9
599.216,1
599.323,0
599.429,0
599.535,17
599.642,0
599.748,0
599.855,0
599.961,0
600.067,0
600.174,8
600.28,0
600.386,0
600.493,17
600.599,0
600.706,0
600.812,3
600.918,7
601.025,0
601.131,26
601.237,74
601.344,54
601.45,22
601.557,14
601.663,3
601.769,2
601.876,12
601.982,0
602.088,14
602.195,36
602.301,8
602.407,20
602.514,0
602.62,0
602.727,0
602.833,6
602.939,13
603.046,0
603.152,0
603.258,0
603.365,12
603.471,3
603.577,0
603.684,7
603.79,0
603.897,0
604.003,10
604.109,0
604.216,0
604.322,52
604.428,42
604.535,7
604.641,0
604.747,0
604.854,0
604.96,7
605.067,18
605.173,2
605.279,0
605.386,16
605.492,6
605.598,20
605.705,7
605.811,0
605.917,6
606.024,0
606.13,0
606.236,8
606.343,7
606.449,6
606.556,0
606.662,0
606.768,0
606.875,0
606.981,27
607.087,0
607.194,0
607.3,22
607.406,14
607.513,9
607.619,0
607.725,1
607.832,0
607.938,33
608.045,14
608.151,0
608.257,0
608.364,0
608.47,12
608.576,0
608.683,0
608.789,21
608.895,23
609.002,7
609.108,32
609.214,27
609.321,29
609.427,0
609.533,0
609.64,24
609.746,0
609.852,0
609.959,0
610.065,10
610.172,18
610.278,11
610.384,4
610.491,0
610.597,0
610.703,12
610.81,21
610.916,5
611.022,6
611.129,2
611.235,9
611.341,0
611.448,0
611.554,0
611.66,0
611.767,7
611.873,15
611.979,0
612.086,0
612.192,8
612.298,10
612.405,0
612.511,0
612.617,0
612.724,0
612.83,11
612.936,2
613.043,0
613.149,14
613.255,0
613.362,8
613.468,0
613.575,26
613.681,0
613.787,0
613.894,11
614,0
614.106,0
614.213,0
614.319,19
614.425,0
614.532,3
614.638,3
614.744,0
614.851,0
614.957,24
615.063,29
615.17,13
615.276,0
615.382,0
615.489,0
615.595,26
615.701,38
615.808,6
615.914,6
616.02,3
616.127,19
616.233,0
616.339,0
616.446,7
616.552,0
616.658,38
616.765,0
616.871,6
616.977,6
617.084,0
617.19,0
617.296,0
617.403,14
617.509,0
617.615,0
617.722,0
617.828,0
617.934,25
618.041,0
618.147,0
618.253,9
618.36,24
618.466,0
618.572,0
618.679,15
618.785,17
618.891,0
618.998,0
619.104,28
619.21,22
619.316,0
619.423,3
619.529,30
619.635,6
619.742,0
619.848,0
619.954,28
620.061,16
620.167,0
620.273,0
620.38,0
620.486,9
620.592,17
620.699,0
620.805,4
620.911,0
621.018,0
621.124,10
621.23,2
621.337,52
621.443,39
621.549,7
621.656,0
621.762,0
621.868,23
621.975,3
622.081,4
622.187,79
622.294,80
622.4,8
622.506,0
622.612,0
622.719,0
622.825,0
622.931,0
623.038,0
623.144,0
623.25,10
623.357,0
623.463,0
623.569,12
623.676,10
623.782,0
623.888,16
623.995,0
624.101,19
624.207,16
624.314,0
624.42,0
624.526,12
624.632,16
624.739,8
624.845,0
624.951,8
625.058,2
625.164,0
625.27,5
625.377,0
625.483,0
625.589,26
625.696,23
625.802,16
625.908,0
626.015,0
626.121,0
626.227,0
626.333,0
626.44,2
626.546,0
626.652,0
626.759,0
626.865,6
626.971,3
627.078,0
627.184,0
627.29,29
627.397,35
627.503,7
627.609,0
627.715,5
627.822,18
627.928,0
628.034,6
628.141,0
628.247,2
628.353,12
628.46,20
628.566,25
628.672,30
628.778,0
628.885,0
628.991,12
629.097,2
629.204,0
629.31,12
629.416,0
629.523,2
629.629,1
629.735,0
629.841,30
629.948,0
630.054,14
630.16,0
630.267,6
630.373,2
630.479,26
630.586,0
630.692,13
630.798,0
630.904,2
631.011,2
631.117,0
631.223,0
631.33,0
631.436,0
631.542,9
631.649,0
631.755,0
631.861,1
631.967,23
632.074,12
632.18,0
632.286,1
632.393,6
632.499,10
632.605,0
632.711,4
632.818,0
632.924,0
633.03,28
633.137,1
633.243,0
633.349,0
633.456,0
633.562,8
633.668,12
633.774,9
633.881,0
633.987,0
634.093,11
634.2,45
634.306,29
634.412,0
634.518,0
634.625,0
634.731,0
634.837,0
634.944,0
635.05,0
635.156,3
635.262,11
635.369,0
635.475,14
635.581,8
635.688,21
635.794,0
635.9,0
636.006,0
636.113,0
636.219,27
636.325,56
636.432,0
636.538,5
636.644,21
636.75,0
636.857,0
636.963,16
637.069,10
637.176,0
637.282,13
637.388,7
637.494,0
637.601,0
637.707,1
637.813,24
637.92,0
638.026,21
638.132,17
638.238,1
638.345,0
638.451,6
638.557,11
638.663,14
638.77,0
638.876,0
638.982,10
639.089,10
639.195,0
639.301,0
639.407,14
639.514,5
639.62,28
639.726,0
639.833,0
639.939,11
640.045,32
640.151,20
640.258,0
640.364,0
640.47,0
640.576,0
640.683,6
640.789,3
640.895,12
641.002,10
641.108,8
641.214,9
641.32,1
641.427,0
641.533,6
641.639,34
641.745,40
641.852,30
641.958,55
642.064,0
642.171,0
642.277,1
642.383,15
642.489,0
642.596,12
642.702,32
642.808,36
642.914,0
643.021,17
643.127,0
643.233,0
643.339,0
643.446,0
643.552,0
643.658,2
643.765,0
643.871,0
643.977,0
644.083,0
644.19,2
644.296,0
644.402,22
644.508,0
644.615,20
644.721,2
644.827,18
644.933,0
645.04,0
645.146,2
645.252,24
645.358,15
645.465,0
645.571,0
645.677,0
645.784,11
645.89,0
645.996,0
646.102,0
646.209,13
646.315,0
646.421,0
646.527,15
646.634,0
646.74,0
646.846,42
646.952,41
647.059,0
647.165,5
647.271,0
647.377,0
647.484,0
647.59,0
647.696,0
647.802,0
647.909,0
648.015,0
648.121,0
648.227,13
648.334,0
648.44,12
648.546,3
648.652,11
648.759,0
648.865,0
648.971,19
649.077,0
649.184,0
649.29,9
649.396,0
649.502,0
649.609,0
649.715,25
649.821,0
649.927,0
650.034,8
650.14,0
650.246,113
650.352,210
650.459,125
650.565,153
650.671,122
650.777,28
650.884,0
650.99,0
651.096,0
651.202,0
651.309,24
651.415,92
651.521,85
651.627,25
651.734,11
651.84,0
651.946,0
652.052,0
652.159,23
652.265,0
652.371,0
652.477,10
652.584,30
652.69,127
652.796,79
652.902,64
653.009,0
653.115,0
653.221,0
653.327,3
653.434,5
653.54,0
653.646,0
653.752,25
653.858,11
653.965,0
654.071,0
654.177,10
654.283,0
654.39,2
654.496,6
654.602,0
654.708,0
654.815,9
654.921,2
655.027,0
655.133,0
655.24,6
655.346,0
655.452,5
655.558,0
655.665,4
655.771,7
655.877,0
655.983,0
656.089,0
656.196,0
656.302,1
656.408,0
656.514,13
656.621,12
656.727,46
656.833,50
656.939,71
657.046,81
657.152,56
657.258,0
657.364,0
657.47,37
657.577,12
657.683,4
657.789,5
657.895,16
658.002,15
658.108,26
658.214,14
658.32,0
658.427,0
658.533,4
658.639,0
658.745,0
658.851,0
658.958,0
659.064,31
659.17,1
659.276,0
659.383,14
659.489,12
659.595,15
659.701,12
659.807,4
659.914,0
660.02,18
660.126,19
660.232,0
660.339,0
660.445,0
660.551,9
660.657,6
660.763,53
660.87,143
660.976,88
661.082,15
661.188,0
661.295,0
661.401,0
661.507,0
661.613,27
661.719,60
661.826,36
661.932,25
662.038,120
662.144,112
662.251,61
662.357,0
662.463,0
662.569,0
662.675,15
662.782,0
662.888,0
662.994,0
663.1,0
663.206,2
663.313,20
663.419,92
663.525,117
663.631,41
663.738,22
663.844,57
663.95,152
664.056,193
664.162,173
664.269,55
664.375,0
664.481,0
664.587,0
664.693,5
664.8,0
664.906,0
665.012,0
665.118,0
665.225,17
665.331,15
665.437,9
665.543,0
665.649,0
665.756,1
665.862,0
665.968,0
666.074,0
666.18,0
666.287,1
666.393,3
666.499,18
666.605,1
666.711,0
666.818,0
666.924,8
667.03,17
667.136,17
667.242,6
667.349,32
667.455,0
667.561,4
667.667,19
667.773,17
667.88,0
667.986,0
668.092,112
668.198,99
668.304,13
668.411,0
668.517,0
668.623,0
668.729,0
668.835,27
668.942,21
669.048,0
669.154,3
669.26,11
669.366,0
669.473,0
669.579,6
669.685,2
669.791,11
669.897,0
670.004,0
670.11,0
670.216,0
670.322,0
670.428,0
670.535,0
670.641,0
670.747,7
670.853,0
670.959,0
671.066,4
671.172,15
671.278,0
671.384,0
671.49,8
671.597,0
671.703,0
671.809,24
671.915,0
672.021,22
672.128,1
672.234,48
672.34,178
672.446,154
672.552,60
672.658,0
672.765,0
672.871,0
672.977,0
673.083,18
673.189,7
673.296,0
673.402,8
673.508,6
673.614,6
673.72,0
673.827,58
673.933,90
674.039,43
674.145,0
674.251,0
674.357,0
674.464,142
674.57,136
674.676,58
674.782,0
674.888,4
674.995,0
675.101,0
675.207,27
675.313,0
675.419,0
675.526,0
675.632,18
675.738,14
675.844,0
675.95,4
676.056,7
676.163,9
676.269,0
676.375,0
676.481,0
676.587,0
676.693,19
676.8,0
676.906,16
677.012,4
677.118,13
677.224,16
677.331,6
677.437,15
677.543,0
677.649,39
677.755,58
677.861,6
677.968,10
678.074,0
678.18,0
678.286,0
678.392,10
678.498,0
678.605,0
678.711,29
678.817,29
678.923,24
679.029,0
679.136,2
679.242,41
679.348,0
679.454,0
679.56,0
679.666,0
679.773,0
679.879,0
679.985,0
680.091,0
680.197,0
680.303,40
680.41,31
680.516,25
680.622,0
680.728,0
680.834,4
680.94,0
681.047,19
681.153,0
681.259,0
681.365,0
681.471,6
681.577,22
681.684,0
681.79,0
681.896,20
682.002,12
682.108,3
682.214,0
682.321,0
682.427,12
682.533,10
682.639,0
682.745,0
682.851,0
682.958,0
683.064,0
683.17,0
683.276,19
683.382,4
683.488,6
683.595,17
683.701,0
683.807,0
683.913,0
684.019,0
684.125,8
684.231,18
684.338,0
684.444,0
684.55,0
684.656,8
684.762,20
684.868,19
684.975,1
685.081,0
685.187,0
685.293,0
685.399,10
685.505,0
685.611,8
685.718,7
685.824,0
685.93,5
686.036,8
686.142,0
686.248,0
686.355,3
686.461,24
686.567,9
686.673,0
686.779,7
686.885,0
686.991,17
687.098,33
687.204,19
687.31,0
687.416,10
687.522,90
687.628,118
687.735,30
687.841,5
687.947,4
688.053,0
688.159,4
688.265,0
688.371,0
688.478,24
688.584,19
688.69,22
688.796,3
688.902,7
689.008,3
689.114,0
689.221,0
689.327,41
689.433,25
689.539,0
689.645,0
689.751,0
689.857,30
689.964,0
690.07,0
690.176,0
690.282,13
690.388,4
690.494,0
690.6,0
690.707,12
690.813,9
690.919,5
691.025,0
691.131,0
691.237,0
691.343,0
691.45,0
691.556,4
691.662,19
691.768,26
691.874,11
691.98,42
692.086,8
692.193,21
692.299,8
692.405,0
692.511,0
692.617,0
692.723,12
692.829,0
692.935,0
693.042,3
693.148,18
693.254,0
693.36,22
693.466,17
693.572,14
693.678,22
693.785,0
693.891,10
693.997,0
694.103,0
694.209,3
694.315,0
694.421,0
694.527,16
694.634,0
694.74,11
694.846,7
694.952,0
695.058,7
695.164,28
695.27,0
695.376,0
695.483,0
695.589,20
695.695,0
695.801,0
695.907,35
696.013,0
696.119,0
696.225,0
696.332,0
696.438,0
696.544,0
696.65,5
696.756,26
696.862,0
696.968,0
697.074,0
697.181,0
697.287,0
697.393,0
697.499,0
697.605,0
697.711,0
697.817,0
697.923,16
698.03,136
698.136,150
698.242,29
698.348,0
698.454,0
698.56,3
698.666,6
698.772,0
698.879,5
698.985,12
699.091,9
699.197,10
699.303,0
699.409,0
699.515,4
