39.5139,0
39.7161,0
39.918,41
40.1196,11
40.3209,4
40.5218,4
40.7224,0
40.9227,0
41.1227,18
41.3224,0
41.5217,18
41.7208,0
41.9195,3
42.1179,13
42.316,14
42.5138,0
42.7113,0
42.9084,0
43.1053,0
43.3019,20
43.4982,11
43.6941,0
43.8898,28
44.0852,26
44.2803,24
44.4751,12
44.6696,15
44.8638,17
45.0577,0
45.2514,23
45.4447,33
45.6378,0
45.8306,0
46.0231,32
46.2153,0
46.4072,8
46.5989,9
46.7903,0
46.9814,22
47.1722,41
47.3628,0
47.5531,19
47.7431,33
47.9329,0
48.1223,5
48.3116,7
48.5005,13
48.6892,0
48.8776,0
49.0658,2
49.2537,4
49.4414,12
49.6288,30
49.8159,12
50.0028,0
50.1894,17
50.3757,3
50.5619,0
50.7477,0
50.9333,26
51.1187,1
51.3038,0
51.4887,0
51.6733,8
51.8577,2
52.0418,3
52.2257,0
52.4094,0
52.5928,24
52.7759,29
52.9589,0
53.1416,10
53.324,22
53.5062,20
53.6882,20
53.87,12
54.0515,0
54.2328,29
54.4138,0
54.5947,0
54.7753,0
54.9556,6
55.1358,19
55.3157,6
55.4954,8
55.6748,0
55.8541,10
56.0331,17
56.2119,2
56.3905,26
56.5688,18
56.747,15
56.9249,0
57.1026,0
57.2801,8
57.4574,24
57.6344,0
57.8113,0
57.9879,0
58.1643,0
58.3406,2
58.5166,0
58.6923,32
58.8679,33
59.0433,6
59.2185,0
59.3934,12
59.5682,0
59.7427,1
59.9171,0
60.0912,1
60.2652,0
60.4389,0
60.6125,22
60.7858,3
60.9589,0
61.1319,8
61.3046,3
61.4772,26
61.6495,21
61.8217,17
61.9936,4
62.1654,0
62.337,20
62.5084,3
62.6795,6
62.8505,4
63.0213,29
63.192,27
63.3624,1
63.5326,0
63.7027,23
63.8725,0
64.0422,0
64.2117,0
64.381,19
64.5502,8
64.7191,8
64.8878,0
65.0564,0
65.2248,0
65.393,22
65.5611,9
65.7289,23
65.8966,0
66.0641,0
66.2314,0
66.3985,29
66.5655,0
66.7323,15
66.8989,27
67.0653,0
67.2316,31
67.3977,41
67.5636,24
67.7293,6
67.8949,8
68.0603,17
68.2255,29
68.3906,6
68.5554,0
68.7202,46
68.8847,4
69.0491,0
69.2133,25
69.3774,1
69.5412,34
69.705,2
69.8685,0
70.0319,8
70.1951,4
70.3582,4
70.5211,2
70.6838,0
70.8464,0
71.0088,0
71.171,0
71.3331,7
71.4951,3
71.6568,22
71.8185,0
71.9799,5
72.1412,10
72.3023,18
72.4633,0
72.6242,13
72.7848,17
72.9453,20
73.1057,10
73.2659,17
73.426,17
73.5859,0
73.7456,14
73.9052,14
74.0647,7
74.224,0
74.3831,20
74.5421,0
74.7009,16
74.8596,16
75.0182,0
75.1766,0
75.3348,0
75.4929,23
75.6509,12
75.8087,0
75.9664,6
76.1239,6
76.2813,0
76.4385,10
76.5956,17
76.7525,2
76.9093,29
77.066,18
77.2225,0
77.3788,15
77.5351,0
77.6911,0
77.8471,17
78.0029,10
78.1586,9
78.3141,10
78.4695,23
78.6247,26
78.7798,11
78.9348,0
79.0896,0
79.2443,11
79.3989,0
79.5533,7
79.7076,11
79.8618,0
80.0158,0
80.1697,9
80.3234,2
80.477,7
80.6305,12
80.7838,0
80.9371,0
81.0901,11
81.2431,15
81.3959,11
81.5486,0
81.7012,0
81.8536,15
82.0059,14
82.1581,20
82.3101,0
82.462,0
82.6138,20
82.7654,0
82.917,0
83.0684,15
83.2196,23
83.3708,6
83.5218,0
83.6727,32
83.8234,34
83.9741,0
84.1246,2
84.275,5
84.4253,0
84.5754,0
84.7254,0
84.8753,0
85.0251,23
85.1747,15
85.3243,19
85.4737,10
85.623,32
85.7721,20
85.9212,4
86.0701,16
86.2189,2
86.3676,11
86.5161,0
86.6646,5
86.8129,10
86.9611,19
87.1092,5
87.2572,0
87.405,41
87.5527,16
87.7004,0
87.8479,19
87.9952,4
88.1425,8
88.2897,0
88.4367,25
88.5836,16
88.7304,29
88.8771,13
89.0237,0
89.1701,10
89.3165,0
89.4627,11
89.6089,0
89.7549,5
89.9008,5
90.0465,9
90.1922,0
90.3378,0
90.4832,28
90.6286,39
90.7738,0
90.9189,0
91.0639,0
91.2088,2
91.3536,2
91.4983,8
91.6429,16
91.7873,0
91.9317,11
92.0759,4
92.2201,0
92.3641,0
92.508,1
92.6518,2
92.7955,4
92.9391,0
93.0826,21
93.226,0
93.3693,4
93.5125,0
93.6555,0
93.7985,7
93.9414,13
94.0841,4
94.2268,8
94.3693,31
94.5118,29
94.6541,0
94.7964,0
94.9385,32
95.0805,0
95.2225,1
95.3643,0
95.506,0
95.6476,0
95.7892,14
95.9306,2
96.0719,0
96.2131,25
96.3543,0
96.4953,11
96.6362,22
96.777,0
96.9177,24
97.0584,17
97.1989,6
97.3393,0
97.4796,2
97.6199,13
97.76,2
97.9,0
98.04,47
98.1798,0
98.3195,21
98.4592,0
98.5987,36
98.7382,21
98.8775,15
99.0168,9
99.1559,3
99.295,14
99.434,39
99.5729,18
99.7116,8
99.8503,0
99.9889,5
100.127,0
100.266,9
100.404,0
100.542,6
100.68,1
100.818,5
100.956,0
101.094,2
101.232,6
101.37,13
101.507,0
101.645,4
101.782,0
101.919,6
102.057,6
102.194,0
102.331,6
102.468,13
102.605,17
102.741,0
102.878,16
103.014,32
103.151,6
103.287,0
103.424,19
103.56,0
103.696,15
103.832,18
103.968,0
104.104,7
104.24,0
104.375,0
104.511,11
104.646,27
104.782,6
104.917,0
105.052,29
105.188,13
105.323,17
105.458,0
105.592,0
105.727,0
105.862,0
105.997,15
106.131,9
106.266,0
106.4,7
106.534,24
106.669,0
106.803,23
106.937,4
107.071,0
107.205,27
107.338,10
107.472,0
107.606,12
107.739,12
107.873,0
108.006,0
108.139,0
108.273,28
108.406,0
108.539,0
108.672,8
108.805,0
108.938,0
109.07,17
109.203,8
109.336,14
109.468,6
109.6,0
109.733,0
109.865,3
109.997,46
110.129,72
110.261,12
110.393,3
110.525,30
110.657,0
110.788,9
110.92,15
111.052,5
111.183,1
111.314,0
111.446,0
111.577,0
111.708,7
111.839,15
111.97,0
112.101,0
112.232,12
112.363,11
112.493,11
112.624,12
112.754,0
112.885,3
113.015,22
113.145,6
113.276,0
113.406,0
113.536,0
113.666,0
113.796,9
113.926,8
114.055,0
114.185,12
114.315,28
114.444,7
114.574,14
114.703,6
114.832,6
114.962,23
115.091,0
115.22,1
115.349,32
115.478,0
115.607,14
115.735,0
115.864,0
115.993,22
116.121,9
116.25,0
116.378,1
116.507,21
116.635,0
116.763,0
116.891,22
117.019,13
117.147,21
117.275,2
117.403,0
117.531,0
117.659,31
117.786,24
117.914,0
118.041,4
118.169,2
118.296,18
118.423,0
118.551,0
118.678,25
118.805,26
118.932,30
119.059,37
119.186,2
119.312,11
119.439,21
119.566,0
119.692,24
119.819,6
119.945,0
120.072,8
120.198,6
120.324,0
120.451,13
120.577,6
120.703,1
120.829,0
120.955,24
121.08,8
121.206,0
121.332,9
121.458,0
121.583,54
121.709,20
121.834,0
121.959,0
122.085,0
122.21,18
122.335,5
122.46,32
122.585,7
122.71,8
122.835,0
122.96,21
123.085,0
123.209,0
123.334,0
123.459,16
123.583,0
123.708,0
123.832,14
123.956,0
124.081,17
124.205,6
124.329,35
124.453,0
124.577,0
124.701,18
124.825,0
124.949,0
125.072,0
125.196,3
125.32,0
125.443,0
125.567,7
125.69,0
125.814,14
125.937,0
126.06,0
126.183,9
126.306,0
126.429,14
126.552,7
126.675,13
126.798,18
126.921,17
127.044,0
127.166,0
127.289,0
127.412,0
127.534,4
127.657,0
127.779,0
127.901,2
128.023,3
128.146,12
128.268,10
128.39,0
128.512,0
128.634,24
128.756,24
128.878,4
128.999,24
129.121,17
129.243,0
129.364,0
129.486,8
129.607,6
129.729,6
129.85,0
129.971,0
130.092,70
130.214,40
130.335,14
130.456,0
130.577,0
130.698,20
130.819,30
130.939,18
131.06,0
131.181,2
131.302,14
131.422,9
131.543,26
131.663,0
131.784,10
131.904,13
132.024,17
132.144,15
132.265,0
132.385,32
132.505,0
132.625,7
132.745,16
132.865,0
132.985,4
133.104,0
133.224,0
133.344,21
133.463,0
133.583,15
133.702,20
133.822,13
133.941,12
134.061,16
134.18,0
134.299,11
134.418,0
134.537,0
134.656,13
134.775,0
134.894,0
135.013,0
135.132,2
135.251,0
135.369,14
135.488,22
135.607,0
135.725,5
135.844,0
135.962,3
136.081,0
136.199,10
136.317,0
136.436,6
136.554,0
136.672,25
136.79,16
136.908,38
137.026,28
137.144,7
137.262,4
137.379,13
137.497,0
137.615,2
137.733,10
137.85,0
137.968,4
138.085,0
138.203,0
138.32,0
138.437,0
138.555,0
138.672,13
138.789,13
138.906,1
139.023,24
139.14,9
139.257,13
139.374,7
139.491,0
139.608,25
139.724,25
139.841,0
139.958,9
140.074,0
140.191,3
140.307,0
140.424,0
140.54,25
140.657,6
140.773,0
140.889,22
141.005,22
141.121,20
141.237,13
141.353,50
141.469,0
141.585,0
141.701,0
141.817,0
141.933,36
142.049,28
142.164,0
142.28,0
142.396,15
142.511,0
142.627,0
142.742,14
142.857,20
142.973,13
143.088,0
143.203,17
143.318,18
143.434,5
143.549,0
143.664,0
143.779,2
143.894,0
144.008,23
144.123,19
144.238,0
144.353,0
144.468,14
144.582,0
144.697,3
144.811,0
144.926,0
145.04,6
145.155,18
145.269,6
145.383,19
145.498,0
145.612,0
145.726,19
145.84,18
145.954,5
146.068,0
146.182,10
146.296,0
146.41,0
146.524,21
146.638,0
146.751,0
146.865,13
146.979,37
147.092,15
147.206,0
147.319,0
147.433,9
147.546,12
147.66,0
147.773,1
147.886,0
148,0
148.113,0
148.226,0
148.339,2
148.452,20
148.565,26
148.678,0
148.791,15
148.904,18
149.016,10
149.129,25
149.242,8
149.355,21
149.467,26
149.58,13
149.692,0
149.805,32
149.917,7
150.03,18
150.142,20
150.254,0
150.367,13
150.479,6
150.591,0
150.703,11
150.815,19
150.927,9
151.039,0
151.151,11
151.263,28
151.375,0
151.487,0
151.599,26
151.711,23
151.822,0
151.934,2
152.045,0
152.157,0
152.269,0
152.38,14
152.491,0
152.603,2
152.714,13
152.825,3
152.937,0
153.048,0
153.159,0
153.27,0
153.381,34
153.492,10
153.603,0
153.714,2
153.825,0
153.936,15
154.047,36
154.158,10
154.268,16
154.379,6
154.49,5
154.6,0
154.711,22
154.822,22
154.932,19
155.042,2
155.153,2
155.263,41
155.374,12
155.484,0
155.594,0
155.704,0
155.814,10
155.924,0
156.035,0
156.145,0
156.255,0
156.364,6
156.474,21
156.584,0
156.694,8
156.804,0
156.914,0
157.023,0
157.133,0
157.243,0
157.352,0
157.462,17
157.571,4
157.681,0
157.79,12
157.899,0
158.009,22
158.118,11
158.227,0
158.336,0
158.446,0
158.555,12
158.664,12
158.773,15
158.882,0
158.991,2
159.1,15
159.209,14
159.317,0
159.426,0
159.535,0
159.644,0
159.752,0
159.861,0
159.97,0
160.078,0
160.187,0
160.295,16
160.404,0
160.512,3
160.62,0
160.729,10
160.837,15
160.945,0
161.053,0
161.162,30
161.27,17
161.378,5
161.486,1
161.594,22
161.702,0
161.81,4
161.918,0
162.026,9
162.133,0
162.241,0
162.349,5
162.457,0
162.564,0
162.672,0
162.779,26
162.887,0
162.994,23
163.102,0
163.209,17
163.317,18
163.424,3
163.531,0
163.639,5
163.746,23
163.853,21
163.96,0
164.067,0
164.175,17
164.282,36
164.389,26
164.496,8
164.603,0
164.709,0
164.816,3
164.923,26
165.03,10
165.137,6
165.243,0
165.35,4
165.457,0
165.563,0
165.67,21
165.776,0
165.883,24
165.989,0
166.096,16
166.202,3
166.309,0
166.415,2
166.521,10
166.627,8
166.734,0
166.84,7
166.946,0
167.052,18
167.158,9
167.264,0
167.37,0
167.476,0
167.582,11
167.688,7
167.794,0
167.899,0
168.005,0
168.111,3
168.217,8
168.322,16
168.428,18
168.533,0
168.639,4
168.745,0
168.85,0
168.955,0
169.061,0
169.166,0
169.272,20
169.377,8
169.482,0
169.587,0
169.693,19
169.798,16
169.903,1
170.008,33
170.113,3
170.218,0
170.323,0
170.428,12
170.533,19
170.638,12
170.743,0
170.847,0
170.952,24
171.057,0
171.162,0
171.266,9
171.371,4
171.476,19
171.58,7
171.685,0
171.789,2
171.894,0
171.998,6
172.102,30
172.207,0
172.311,6
172.415,28
172.52,7
172.624,1
172.728,16
172.832,0
172.936,4
173.04,9
173.145,8
173.249,29
173.353,0
173.457,0
173.56,18
173.664,9
173.768,0
173.872,0
173.976,7
174.08,13
174.183,1
174.287,0
174.391,0
174.494,0
174.598,0
174.701,15
174.805,22
174.908,30
175.012,0
175.115,3
175.219,0
175.322,19
175.425,4
175.529,0
175.632,12
175.735,0
175.838,13
175.941,19
176.045,22
176.148,0
176.251,38
176.354,18
176.457,0
176.56,0
176.663,25
176.766,11
176.868,0
176.971,18
177.074,21
177.177,26
177.28,0
177.382,0
177.485,0
177.588,20
177.69,0
177.793,15
177.895,11
177.998,0
178.1,0
178.203,8
178.305,14
178.408,0
178.51,0
178.612,8
178.714,16
178.817,0
178.919,0
179.021,8
179.123,20
179.225,4
179.328,7
179.43,17
179.532,0
179.634,0
179.736,0
179.838,0
179.939,0
180.041,0
180.143,0
180.245,9
180.347,0
180.449,0
180.55,0
180.652,3
180.754,4
180.855,0
180.957,3
181.058,0
181.16,22
181.262,0
181.363,18
181.464,0
181.566,24
181.667,0
181.769,0
181.87,11
181.971,0
182.072,0
182.174,0
182.275,18
182.376,32
182.477,18
182.578,0
182.679,0
182.78,0
182.881,7
182.982,16
183.083,0
183.184,0
183.285,0
183.386,0
183.487,10
183.588,0
183.689,0
183.789,9
183.89,3
183.991,0
184.091,5
184.192,13
184.293,0
184.393,3
184.494,7
184.594,0
184.695,0
184.795,0
184.896,57
184.996,32
185.096,12
185.197,0
185.297,27
185.397,2
185.498,3
185.598,0
185.698,0
185.798,22
185.898,25
185.998,0
186.098,0
186.198,0
186.298,0
186.398,0
186.498,17
186.598,0
186.698,0
186.798,11
186.898,0
186.998,0
187.098,21
187.197,0
187.297,0
187.397,32
187.496,8
187.596,0
187.696,0
187.795,0
187.895,27
187.994,4
188.094,6
188.193,0
188.293,32
188.392,26
188.491,0
188.591,0
188.69,20
188.789,0
188.889,15
188.988,0
189.087,14
189.186,10
189.285,11
189.385,1
189.484,0
189.583,12
189.682,13
189.781,4
189.88,34
189.979,20
190.078,1
190.177,0
190.276,5
190.374,0
190.473,0
190.572,30
190.671,0
190.769,0
190.868,31
190.967,0
191.066,2
191.164,19
191.263,21
191.361,10
191.46,0
191.558,0
191.657,6
191.755,2
191.854,11
191.952,0
192.051,6
192.149,0
192.247,12
192.346,0
192.444,0
192.542,0
192.64,17
192.738,0
192.837,26
192.935,0
193.033,0
193.131,7
193.229,16
193.327,0
193.425,0
193.523,0
193.621,0
193.719,11
193.817,0
193.915,2
194.012,0
194.11,2
194.208,0
194.306,0
194.404,0
194.501,18
194.599,0
194.697,0
194.794,42
194.892,17
194.989,0
195.087,6
195.185,13
195.282,3
195.379,0
195.477,0
195.574,1
195.672,2
195.769,0
195.866,9
195.964,27
196.061,0
196.158,0
196.256,12
196.353,21
196.45,13
196.547,0
196.644,0
196.741,18
196.838,4
196.935,10
197.032,11
197.129,24
197.226,12
197.323,28
197.42,0
197.517,2
197.614,40
197.711,14
197.808,0
197.905,5
198.001,4
198.098,14
198.195,20
198.292,0
198.388,2
198.485,0
198.581,0
198.678,0
198.775,23
198.871,31
198.968,0
199.064,0
199.161,85
199.257,104
199.353,25
199.45,0
199.546,0
199.643,14
199.739,0
199.835,13
199.931,0
200.028,0
200.124,7
200.22,0
200.316,0
200.412,3
200.509,32
200.605,29
200.701,0
200.797,0
200.893,7
200.989,14
201.085,0
201.181,0
201.277,0
201.372,14
201.468,0
201.564,0
201.66,0
201.756,18
201.852,14
201.947,0
202.043,0
202.139,0
202.234,0
202.33,2
202.426,0
202.521,0
202.617,0
202.712,17
202.808,0
202.903,0
202.999,0
203.094,0
203.19,0
203.285,2
203.381,12
203.476,0
203.571,4
203.667,0
203.762,21
203.857,39
203.952,0
204.048,2
204.143,0
204.238,0
204.333,0
204.428,40
204.523,38
204.618,0
204.713,0
204.808,0
204.903,15
204.998,4
205.093,10
205.188,0
205.283,9
205.378,0
205.473,13
205.568,0
205.663,0
205.757,4
205.852,0
205.947,7
206.042,0
206.136,0
206.231,33
206.326,19
206.42,0
206.515,0
206.609,0
206.704,4
206.798,0
206.893,0
206.987,28
207.082,16
207.176,14
207.271,39
207.365,20
207.459,1
207.554,17
207.648,16
207.742,6
207.837,0
207.931,4
208.025,7
208.119,17
208.214,0
208.308,9
208.402,6
208.496,8
208.59,0
208.684,20
208.778,10
208.872,0
208.966,0
209.06,17
209.154,3
209.248,13
209.342,8
209.436,0
209.53,0
209.624,0
209.717,0
209.811,20
209.905,0
209.999,29
210.092,21
210.186,0
210.28,0
210.374,0
210.467,12
210.561,12
210.654,0
210.748,3
210.842,0
210.935,0
211.029,8
211.122,1
211.215,1
211.309,3
211.402,0
211.496,15
211.589,6
211.682,22
211.776,33
211.869,21
211.962,5
212.056,13
212.149,0
212.242,2
212.335,13
212.428,0
212.522,0
212.615,7
212.708,15
212.801,0
212.894,0
212.987,0
213.08,0
213.173,5
213.266,0
213.359,1
213.452,0
213.545,23
213.638,0
213.731,0
213.823,8
213.916,21
214.009,0
214.102,0
214.195,0
214.287,18
214.38,0
214.473,51
214.565,11
214.658,0
214.751,17
214.843,0
214.936,1
215.028,0
215.121,15
215.214,5
215.306,0
215.399,13
215.491,1
215.583,13
215.676,29
215.768,0
215.861,0
215.953,7
216.045,0
216.138,19
216.23,0
216.322,48
216.414,20
216.507,0
216.599,0
216.691,0
216.783,3
216.875,6
216.968,14
217.06,0
217.152,28
217.244,6
217.336,24
217.428,16
217.52,0
217.612,0
217.704,43
217.796,0
217.888,0
217.98,0
218.071,8
218.163,13
218.255,0
218.347,0
218.439,0
218.53,0
218.622,1
218.714,0
218.806,6
218.897,0
218.989,0
219.081,8
219.172,9
219.264,0
219.355,0
219.447,3
219.539,0
219.63,0
219.722,0
219.813,0
219.905,20
219.996,0
220.087,11
220.179,9
220.27,0
220.362,8
220.453,0
220.544,4
220.636,0
220.727,7
220.818,0
220.909,46
221.001,139
221.092,105
221.183,4
221.274,0
221.365,3
221.456,0
221.547,0
221.638,0
221.73,32
221.821,15
221.912,17
222.003,0
222.094,28
222.185,5
222.276,10
222.366,0
222.457,4
222.548,9
222.639,12
222.73,0
222.821,0
222.912,0
223.002,20
223.093,257
223.184,288
223.275,158
223.365,3
223.456,0
223.547,0
223.637,4
223.728,0
223.818,0
223.909,4
224,0
224.09,0
224.181,6
224.271,21
224.362,29
224.452,11
224.543,0
224.633,0
224.723,0
224.814,2
224.904,0
224.995,0
225.085,3
225.175,22
225.266,8
225.356,0
225.446,8
225.536,0
225.627,0
225.717,0
225.807,5
225.897,0
225.987,0
226.077,1
226.167,6
226.258,0
226.348,8
226.438,3
226.528,0
226.618,2
226.708,16
226.798,10
226.888,5
226.978,10
227.067,0
227.157,9
227.247,44
227.337,0
227.427,0
227.517,0
227.607,0
227.696,8
227.786,11
227.876,13
227.966,116
228.055,163
228.145,77
228.235,13
228.324,0
228.414,0
228.504,14
228.593,4
228.683,5
228.772,0
228.862,0
228.951,12
229.041,0
229.13,0
229.22,0
229.309,0
229.399,4
229.488,0
229.577,8
229.667,13
229.756,24
229.845,19
229.935,13
230.024,4
230.113,0
230.203,0
230.292,8
230.381,0
230.47,3
230.559,0
230.649,2
230.738,25
230.827,37
230.916,0
231.005,0
231.094,26
231.183,0
231.272,0
231.361,12
231.45,0
231.539,9
231.628,1
231.717,34
231.806,0
231.895,0
231.984,54
232.073,60
232.162,0
232.251,0
232.339,0
232.428,0
232.517,3
232.606,4
232.695,21
232.783,7
232.872,14
232.961,0
233.049,2
233.138,17
233.227,0
233.315,0
233.404,0
233.493,17
233.581,20
233.67,5
233.758,4
233.847,29
233.935,0
234.024,0
234.112,10
234.201,0
234.289,4
234.378,4
234.466,12
234.554,25
234.643,7
234.731,0
234.819,0
234.908,0
234.996,0
235.084,4
235.172,0
235.261,0
235.349,9
235.437,2
235.525,0
235.613,13
235.702,0
235.79,12
235.878,0
235.966,26
236.054,17
236.142,0
236.23,6
236.318,16
236.406,40
236.494,33
236.582,0
236.67,0
236.758,15
236.846,0
236.934,3
237.022,0
237.11,0
237.198,0
237.285,0
237.373,10
237.461,4
237.549,17
237.637,0
237.724,28
237.812,0
237.9,8
237.988,21
238.075,2
238.163,3
238.251,0
238.338,0
238.426,0
238.513,0
238.601,8
238.689,0
238.776,0
238.864,11
238.951,0
239.039,9
239.126,13
239.214,43
239.301,28
239.389,0
239.476,3
239.563,2
239.651,0
239.738,0
239.826,2
239.913,0
240,13
240.087,0
240.175,12
240.262,1
240.349,13
240.437,0
240.524,29
240.611,0
240.698,0
240.785,41
240.872,32
240.96,0
241.047,0
241.134,0
241.221,20
241.308,0
241.395,11
241.482,13
241.569,7
241.656,3
241.743,10
241.83,0
241.917,0
242.004,10
242.091,2
242.178,0
242.265,9
242.352,0
242.438,0
242.525,2
242.612,39
242.699,11
242.786,18
242.872,106
242.959,156
243.046,97
243.133,5
243.219,0
243.306,0
243.393,0
243.479,19
243.566,0
243.653,0
243.739,3
243.826,0
243.912,5
243.999,20
244.086,2
244.172,1
244.259,12
244.345,0
244.432,18
244.518,1
244.605,0
244.691,20
244.777,14
244.864,8
244.95,11
245.037,0
245.123,0
245.209,9
245.296,16
245.382,0
245.468,15
245.554,8
245.641,8
245.727,17
245.813,0
245.899,0
245.986,34
246.072,38
246.158,148
246.244,104
246.33,29
246.416,0
246.502,0
246.589,8
246.675,13
246.761,0
246.847,0
246.933,0
247.019,19
247.105,13
247.191,24
247.277,0
247.363,0
247.449,56
247.534,59
247.62,7
247.706,1
247.792,16
247.878,21
247.964,0
248.05,0
248.135,2
248.221,0
248.307,0
248.393,0
248.479,0
248.564,25
248.65,25
248.736,0
248.821,0
248.907,0
248.993,4
249.078,4
249.164,16
249.25,0
249.335,0
249.421,47
249.506,6
249.592,0
249.677,0
249.763,18
249.848,0
249.934,5
250.019,0
250.105,2
250.19,9
250.276,0
250.361,4
250.446,28
250.532,18
250.617,0
250.703,26
250.788,34
250.873,0
250.959,12
251.044,0
251.129,0
251.214,0
251.3,0
251.385,35
251.47,0
251.555,0
251.64,0
251.726,0
251.811,25
251.896,4
251.981,7
252.066,17
252.151,0
252.236,0
252.321,27
252.406,0
252.491,0
252.576,0
252.661,0
252.746,0
252.831,8
252.916,12
253.001,10
253.086,12
253.171,32
253.256,7
253.341,0
253.426,9
253.511,1
253.596,0
253.68,0
253.765,15
253.85,0
253.935,0
254.02,0
254.104,0
254.189,0
254.274,61
254.358,28
254.443,3
254.528,54
254.613,98
254.697,51
254.782,19
254.866,0
254.951,8
255.036,21
255.12,8
255.205,11
255.289,0
255.374,48
255.458,76
255.543,17
255.627,0
255.712,5
255.796,15
255.881,23
255.965,0
256.05,0
256.134,15
256.218,30
256.303,0
256.387,0
256.472,20
256.556,5
256.64,5
256.724,10
256.809,26
256.893,14
256.977,15
257.062,1
257.146,0
257.23,21
257.314,21
257.398,0
257.483,13
257.567,13
257.651,1
257.735,0
257.819,0
257.903,33
257.987,9
258.071,18
258.156,0
258.24,0
258.324,10
258.408,29
258.492,18
258.576,21
258.66,46
258.744,4
258.828,11
258.911,0
258.995,0
259.079,0
259.163,23
259.247,5
259.331,0
259.415,0
259.499,0
259.582,0
259.666,20
259.75,14
259.834,17
259.918,0
260.001,6
260.085,0
260.169,9
260.253,0
260.336,0
260.42,0
260.504,12
260.587,2
260.671,0
260.755,0
260.838,2
260.922,12
261.005,0
261.089,0
261.173,18
261.256,13
261.34,54
261.423,17
261.507,0
261.59,0
261.674,0
261.757,28
261.841,25
261.924,2
262.007,17
262.091,9
262.174,19
262.258,0
262.341,0
262.424,2
262.508,19
262.591,10
262.674,22
262.758,13
262.841,15
262.924,0
263.008,0
263.091,5
263.174,0
263.257,2
263.34,4
263.424,9
263.507,9
263.59,0
263.673,10
263.756,13
263.839,0
263.923,0
264.006,59
264.089,7
264.172,0
264.255,0
264.338,0
264.421,21
264.504,0
264.587,5
264.67,30
264.753,13
264.836,29
264.919,28
265.002,13
265.085,7
265.168,23
265.251,20
265.333,21
265.416,0
265.499,0
265.582,0
265.665,0
265.748,7
265.831,16
265.913,14
265.996,0
266.079,0
266.162,0
266.244,37
266.327,27
266.41,0
266.493,0
266.575,24
266.658,18
266.741,2
266.823,0
266.906,10
266.989,0
267.071,0
267.154,3
267.236,0
267.319,6
267.402,9
267.484,13
267.567,37
267.649,33
267.732,20
267.814,0
267.897,2
267.979,6
268.062,5
268.144,10
268.226,0
268.309,0
268.391,4
268.474,21
268.556,13
268.638,12
268.721,0
268.803,10
268.885,14
268.968,0
269.05,12
269.132,0
269.215,19
269.297,4
269.379,0
269.461,0
269.544,0
269.626,7
269.708,25
269.79,7
269.872,4
269.955,11
270.037,16
270.119,20
270.201,0
270.283,15
270.365,10
270.447,0
270.529,0
270.611,16
270.694,0
270.776,2
270.858,0
270.94,0
271.022,0
271.104,0
271.186,19
271.268,0
271.349,1
271.431,23
271.513,0
271.595,3
271.677,8
271.759,22
271.841,0
271.923,28
272.005,48
272.086,34
272.168,0
272.25,0
272.332,26
272.414,21
272.495,11
272.577,1
272.659,2
272.741,4
272.822,65
272.904,189
272.986,119
273.068,26
273.149,0
273.231,0
273.313,16
273.394,10
273.476,6
273.557,6
273.639,0
273.721,11
273.802,4
273.884,6
273.965,0
274.047,14
274.128,16
274.21,11
274.291,0
274.373,0
274.454,27
274.536,24
274.617,0
274.699,21
274.78,11
274.862,10
274.943,7
275.024,0
275.106,14
275.187,24
275.269,6
275.35,0
275.431,10
275.513,37
275.594,3
275.675,0
275.756,11
275.838,26
275.919,0
276,0
276.082,13
276.163,2
276.244,0
276.325,17
276.406,31
276.488,2
276.569,0
276.65,7
276.731,129
276.812,105
276.893,39
276.974,22
277.055,0
277.137,6
277.218,13
277.299,12
277.38,5
277.461,13
277.542,5
277.623,0
277.704,27
277.785,13
277.866,6
277.947,0
278.028,19
278.109,22
278.19,26
278.27,0
278.351,17
278.432,54
278.513,44
278.594,0
278.675,0
278.756,19
278.837,19
278.917,0
278.998,41
279.079,24
279.16,5
279.241,2
279.321,0
279.402,0
279.483,0
279.564,0
279.644,0
279.725,6
279.806,10
279.886,10
279.967,0
280.048,11
280.128,0
280.209,8
280.29,13
280.37,0
280.451,0
280.531,10
280.612,0
280.693,3
280.773,14
280.854,0
280.934,0
281.015,25
281.095,4
281.176,22
281.256,0
281.337,0
281.417,3
281.498,7
281.578,13
281.659,13
281.739,2
281.819,0
281.9,0
281.98,0
282.061,4
282.141,0
282.221,6
282.302,7
282.382,0
282.462,0
282.543,54
282.623,19
282.703,0
282.783,0
282.864,16
282.944,2
283.024,0
283.104,25
283.185,17
283.265,19
283.345,0
283.425,12
283.505,12
283.585,6
283.666,4
283.746,0
283.826,26
283.906,0
283.986,63
284.066,101
284.146,36
284.226,23
284.306,0
284.386,12
284.466,32
284.546,0
284.626,0
284.706,0
284.786,0
284.866,30
284.946,17
285.026,0
285.106,18
285.186,0
285.266,14
285.346,0
285.426,12
285.506,7
285.586,0
285.666,16
285.745,15
285.825,8
285.905,0
285.985,0
286.065,23
286.145,39
286.224,5
286.304,2
286.384,7
286.464,21
286.543,8
286.623,50
286.703,28
286.783,11
286.862,0
286.942,0
287.022,24
287.101,26
287.181,10
287.261,6
287.34,0
287.42,0
287.5,30
287.579,4
287.659,6
287.738,0
287.818,0
287.897,0
287.977,0
288.057,5
288.136,1
288.216,25
288.295,0
288.375,0
288.454,1
288.534,14
288.613,5
288.692,4
288.772,0
288.851,0
288.931,0
289.01,0
289.09,12
289.169,1
289.248,0
289.328,18
289.407,11
289.486,13
289.566,0
289.645,3
289.724,21
289.804,19
289.883,0
289.962,0
290.042,9
290.121,32
290.2,3
290.279,5
290.359,8
290.438,0
290.517,40
290.596,43
290.675,3
290.755,0
290.834,0
290.913,0
290.992,12
291.071,2
291.15,8
291.229,10
291.308,0
291.388,4
291.467,0
291.546,6
291.625,16
291.704,0
291.783,0
291.862,0
291.941,1
292.02,16
292.099,11
292.178,10
292.257,2
292.336,17
292.415,0
292.494,0
292.573,14
292.652,4
292.73,0
292.809,101
292.888,90
292.967,39
293.046,0
293.125,9
293.204,0
293.283,6
293.361,20
293.44,0
293.519,0
293.598,1
293.677,10
293.755,0
293.834,0
293.913,14
293.992,17
294.07,9
294.149,0
294.228,0
294.307,44
294.385,18
294.464,0
294.543,0
294.621,8
294.7,10
294.779,0
294.857,0
294.936,5
295.014,22
295.093,21
295.172,0
295.25,17
295.329,4
295.407,13
295.486,6
295.564,0
295.643,21
295.722,0
295.8,9
295.879,13
295.957,3
296.036,17
296.114,0
296.192,13
296.271,0
296.349,0
296.428,5
296.506,20
296.585,4
296.663,21
296.741,3
296.82,0
296.898,19
296.977,0
297.055,0
297.133,0
297.212,9
297.29,0
297.368,0
297.446,0
297.525,1
297.603,0
297.681,0
297.76,15
297.838,0
297.916,8
297.994,0
298.073,8
298.151,17
298.229,0
298.307,0
298.385,40
298.463,16
298.542,0
298.62,0
298.698,0
298.776,8
298.854,0
298.932,0
299.01,0
299.088,0
299.167,4
299.245,32
299.323,8
299.401,18
299.479,0
299.557,33
299.635,0
299.713,14
299.791,0
299.869,0
299.947,17
300.025,0
300.103,6
300.181,0
300.259,0
300.337,0
300.415,0
300.492,12
300.57,32
300.648,0
300.726,2
300.804,6
300.882,0
300.96,0
301.038,0
301.115,0
301.193,8
301.271,19
301.349,23
301.427,0
301.504,0
301.582,12
301.66,4
301.738,18
301.816,0
301.893,0
301.971,0
302.049,0
302.126,0
302.204,0
302.282,0
302.36,0
302.437,6
302.515,0
302.593,14
302.67,23
302.748,0
302.825,13
302.903,0
302.981,4
303.058,17
303.136,13
303.213,0
303.291,6
303.369,18
303.446,0
303.524,0
303.601,0
303.679,0
303.756,18
303.834,34
303.911,16
303.989,0
304.066,0
304.144,0
304.221,2
304.299,0
304.376,20
304.453,0
304.531,11
304.608,36
304.686,0
304.763,0
304.84,0
304.918,0
304.995,7
305.072,0
305.15,0
305.227,0
305.304,18
305.382,2
305.459,21
305.536,0
305.614,9
305.691,0
305.768,0
305.845,0
305.923,0
306,0
306.077,0
306.154,42
306.232,24
306.309,14
306.386,0
306.463,0
306.54,17
306.618,18
306.695,4
306.772,9
306.849,17
306.926,3
307.003,17
307.08,0
307.157,0
307.234,6
307.312,0
307.389,9
307.466,0
307.543,3
307.62,0
307.697,0
307.774,7
307.851,6
307.928,0
308.005,5
308.082,3
308.159,28
308.236,13
308.313,0
308.39,0
308.467,34
308.544,14
308.621,0
308.697,9
308.774,81
308.851,60
308.928,11
309.005,0
309.082,0
309.159,19
309.236,0
309.312,0
309.389,29
309.466,64
309.543,61
309.62,6
309.697,0
309.773,8
309.85,0
309.927,3
310.004,15
310.08,0
310.157,4
310.234,38
310.311,0
310.387,0
310.464,0
310.541,9
310.617,0
310.694,10
310.771,61
310.847,170
310.924,96
311.001,34
311.077,13
311.154,1
311.231,0
311.307,8
311.384,7
311.46,0
311.537,1
311.614,0
311.69,1
311.767,36
311.843,110
311.92,58
311.996,19
312.073,0
312.149,0
312.226,13
312.302,6
312.379,12
312.455,28
312.532,0
312.608,0
312.685,2
312.761,0
312.838,27
312.914,20
312.99,0
313.067,0
313.143,0
313.22,1
313.296,24
313.372,25
313.449,13
313.525,2
313.601,14
313.678,4
313.754,0
313.83,22
313.907,25
313.983,0
314.059,0
314.136,0
314.212,26
314.288,36
314.364,42
314.441,40
314.517,23
314.593,5
314.669,9
314.746,3
314.822,6
314.898,22
314.974,0
315.05,5
315.127,0
315.203,4
315.279,17
315.355,0
315.431,0
315.507,0
315.583,6
315.66,19
315.736,0
315.812,30
315.888,0
315.964,0
316.04,14
316.116,0
316.192,6
316.268,0
316.344,0
316.42,0
316.496,0
316.572,11
316.648,19
316.724,3
316.8,5
316.876,31
316.952,0
317.028,22
317.104,1
317.18,74
317.256,50
317.332,0
317.408,0
317.484,2
317.56,4
317.635,9
317.711,0
317.787,27
317.863,22
317.939,10
318.015,7
318.091,0
318.166,0
318.242,3
318.318,15
318.394,10
318.47,0
318.546,25
318.621,6
318.697,0
318.773,0
318.849,3
318.924,4
319,4
319.076,0
319.152,0
319.227,28
319.303,3
319.379,4
319.454,4
319.53,2
319.606,0
319.681,15
319.757,3
319.833,0
319.908,16
319.984,7
320.06,19
320.135,8
320.211,6
320.286,0
320.362,19
320.438,8
320.513,21
320.589,16
320.664,0
320.74,8
320.815,0
320.891,0
320.966,9
321.042,0
321.117,0
321.193,0
321.268,0
321.344,0
321.419,22
321.495,29
321.57,0
321.646,0
321.721,0
321.797,3
321.872,0
321.947,5
322.023,0
322.098,0
322.174,0
322.249,9
322.324,0
322.4,0
322.475,12
322.55,20
322.626,5
322.701,16
322.776,16
322.852,8
322.927,6
323.002,14
323.078,4
323.153,0
323.228,27
323.304,0
323.379,0
323.454,40
323.529,0
323.605,4
323.68,12
323.755,16
323.83,10
323.905,10
323.981,1
324.056,0
324.131,0
324.206,25
324.281,0
324.356,11
324.432,0
324.507,23
324.582,0
324.657,3
324.732,0
324.807,17
324.882,4
324.957,27
325.033,8
325.108,0
325.183,11
325.258,0
325.333,0
325.408,12
325.483,3
325.558,0
325.633,17
325.708,84
325.783,39
325.858,8
325.933,32
326.008,0
326.083,8
326.158,13
326.233,0
326.308,12
326.383,4
326.458,0
326.533,28
326.608,1
326.682,0
326.757,0
326.832,15
326.907,9
326.982,12
327.057,19
327.132,7
327.207,4
327.281,26
327.356,8
327.431,18
327.506,2
327.581,0
327.656,0
327.73,54
327.805,47
327.88,31
327.955,28
328.03,0
328.104,4
328.179,22
328.254,22
328.329,1
328.403,0
328.478,19
328.553,10
328.627,0
328.702,0
328.777,0
328.852,0
328.926,30
329.001,30
329.076,6
329.15,7
329.225,0
329.3,0
329.374,12
329.449,14
329.523,16
329.598,13
329.673,0
329.747,0
329.822,2
329.896,11
329.971,8
330.045,0
330.12,10
330.195,0
330.269,0
330.344,0
330.418,11
330.493,25
330.567,4
330.642,7
330.716,3
330.791,2
330.865,27
330.94,2
331.014,5
331.089,0
331.163,0
331.237,0
331.312,2
331.386,0
331.461,0
331.535,7
331.61,18
331.684,10
331.758,0
331.833,5
331.907,18
331.981,0
332.056,15
332.13,1
332.205,0
332.279,0
332.353,5
332.428,0
332.502,0
332.576,21
332.65,0
332.725,0
332.799,16
332.873,0
332.948,0
333.022,13
333.096,0
333.17,26
333.245,21
333.319,0
333.393,0
333.467,4
333.541,24
333.616,0
333.69,36
333.764,26
333.838,8
333.912,8
333.987,4
334.061,30
334.135,20
334.209,0
334.283,5
334.357,0
334.431,4
334.506,8
334.58,8
334.654,0
334.728,0
334.802,21
334.876,30
334.95,24
335.024,2
335.098,0
335.172,8
335.246,23
335.32,0
335.394,0
335.468,0
335.542,0
335.616,0
335.69,5
335.764,0
335.838,0
335.912,9
335.986,28
336.06,15
336.134,3
336.208,0
336.282,0
336.356,40
336.43,25
336.504,0
336.578,0
336.652,6
336.726,0
336.799,0
336.873,0
336.947,0
337.021,0
337.095,0
337.169,19
337.243,12
337.316,0
337.39,20
337.464,174
337.538,177
337.612,77
337.686,32
337.759,0
337.833,0
337.907,9
337.981,18
338.054,0
338.128,6
338.202,7
338.276,41
338.349,32
338.423,19
338.497,19
338.571,0
338.644,0
338.718,20
338.792,28
338.865,42
338.939,24
339.013,18
339.086,10
339.16,30
339.234,19
339.307,6
339.381,14
339.455,0
339.528,25
339.602,24
339.675,15
339.749,0
339.823,0
339.896,1
339.97,8
340.043,3
340.117,0
340.191,11
340.264,13
340.338,0
340.411,11
340.485,12
340.558,51
340.632,64
340.705,45
340.779,21
340.852,0
340.926,11
340.999,94
341.073,128
341.146,86
341.22,17
341.293,0
341.367,8
341.44,75
341.513,72
341.587,82
341.66,34
341.734,21
341.807,43
341.88,80
341.954,74
342.027,24
342.101,128
342.174,96
342.247,46
342.321,2
342.394,6
342.467,13
342.541,147
342.614,356
342.687,282
342.761,104
342.834,0
342.907,136
342.981,330
343.054,251
343.127,74
343.2,52
343.274,354
343.347,311
343.42,121
343.494,0
343.567,33
343.64,13
343.713,287
343.786,345
343.86,154
343.933,34
344.006,41
344.079,19
344.152,45
344.226,6
344.299,0
344.372,0
344.445,0
344.518,0
344.591,15
344.665,0
344.738,0
344.811,25
344.884,17
344.957,1
345.03,0
345.103,0
345.176,30
345.249,0
345.322,0
345.396,0
345.469,8
345.542,0
345.615,8
345.688,13
345.761,22
345.834,14
345.907,0
345.98,37
346.053,18
346.126,9
346.199,0
346.272,0
346.345,0
346.418,40
346.491,0
346.564,3
346.637,0
346.71,0
346.783,0
346.856,0
346.929,0
347.001,7
347.074,0
347.147,108
347.22,149
347.293,81
347.366,14
347.439,0
347.512,0
347.585,10
347.657,0
347.73,0
347.803,0
347.876,5
347.949,15
348.022,9
348.094,19
348.167,0
348.24,6
348.313,7
348.386,0
348.458,0
348.531,6
348.604,29
348.677,18
348.75,0
348.822,0
348.895,54
348.968,73
349.041,49
349.113,23
349.186,40
349.259,39
349.331,23
349.404,0
349.477,52
349.55,73
349.622,7
349.695,0
349.768,0
349.84,13
349.913,0
349.986,0
350.058,0
350.131,35
350.204,8
350.276,13
350.349,26
350.421,5
350.494,0
350.567,44
350.639,28
350.712,0
350.784,8
350.857,0
350.929,0
351.002,0
351.075,18
351.147,6
351.22,0
351.292,0
351.365,0
351.437,13
351.51,0
351.582,0
351.655,3
351.727,0
351.8,2
351.872,18
351.945,0
352.017,0
352.09,0
352.162,0
352.235,0
352.307,17
352.38,0
352.452,0
352.524,24
352.597,30
352.669,27
352.742,29
352.814,23
352.886,0
352.959,1
353.031,4
353.104,0
353.176,8
353.248,132
353.321,202
353.393,106
353.465,15
353.538,0
353.61,2
353.682,0
353.755,28
353.827,0
353.899,6
353.972,3
354.044,0
354.116,18
354.188,0
354.261,0
354.333,0
354.405,8
354.478,0
354.55,0
354.622,12
354.694,0
354.767,6
354.839,0
354.911,0
354.983,2
355.055,8
355.128,0
355.2,0
355.272,7
355.344,8
355.416,0
355.489,0
355.561,0
355.633,0
355.705,0
355.777,0
355.849,11
355.921,0
355.994,0
356.066,16
356.138,0
356.21,0
356.282,28
356.354,23
356.426,0
356.498,0
356.57,10
356.642,22
356.714,0
356.787,0
356.859,0
356.931,0
357.003,27
357.075,0
357.147,1
357.219,22
357.291,9
357.363,28
357.435,9
357.507,15
357.579,0
357.651,0
357.723,0
357.795,0
357.867,0
357.939,0
358.011,0
358.083,0
358.154,0
358.226,32
358.298,49
358.37,5
358.442,7
358.514,0
358.586,41
358.658,19
358.73,3
358.802,0
358.874,15
358.945,8
359.017,18
359.089,19
359.161,26
359.233,0
359.305,15
359.377,22
359.448,19
359.52,0
359.592,25
359.664,0
359.736,3
359.807,0
359.879,7
359.951,0
360.023,0
360.095,0
360.166,0
360.238,27
360.31,32
360.382,14
360.453,0
360.525,0
360.597,0
360.669,0
360.74,0
360.812,0
360.884,0
360.956,0
361.027,16
361.099,2
361.171,10
361.242,0
361.314,0
361.386,0
361.457,0
361.529,0
361.601,21
361.672,0
361.744,14
361.816,16
361.887,6
361.959,0
362.03,0
362.102,0
362.174,0
362.245,3
362.317,0
362.388,3
362.46,0
362.532,0
362.603,7
362.675,2
362.746,0
362.818,18
362.889,8
362.961,0
363.032,0
363.104,10
363.176,0
363.247,8
363.319,0
363.39,0
363.462,22
363.533,0
363.605,11
363.676,0
363.748,0
363.819,28
363.89,22
363.962,3
364.033,0
364.105,1
364.176,0
364.248,9
364.319,0
364.391,0
364.462,13
364.533,0
364.605,0
364.676,46
364.748,2
364.819,14
364.89,0
364.962,0
365.033,0
365.104,2
365.176,9
365.247,0
365.319,0
365.39,36
365.461,31
365.533,5
365.604,0
365.675,0
365.747,0
365.818,0
365.889,0
365.96,0
366.032,2
366.103,27
366.174,0
366.246,0
366.317,0
366.388,0
366.459,0
366.531,18
366.602,2
366.673,0
366.744,0
366.816,8
366.887,9
366.958,0
367.029,19
367.1,38
367.172,0
367.243,0
367.314,28
367.385,7
367.456,0
367.528,9
367.599,4
367.67,0
367.741,0
367.812,9
367.883,71
367.955,54
368.026,32
368.097,38
368.168,12
368.239,0
368.31,2
368.381,4
368.452,0
368.523,0
368.595,0
368.666,9
368.737,26
368.808,0
368.879,0
368.95,7
369.021,0
369.092,0
369.163,0
369.234,12
369.305,0
369.376,8
369.447,7
369.518,1
369.589,3
369.66,0
369.731,11
369.802,0
369.873,0
369.944,2
370.015,0
370.086,0
370.157,16
370.228,0
370.299,0
370.37,0
370.441,6
370.512,7
370.583,0
370.654,0
370.725,3
370.796,6
370.866,0
370.937,14
371.008,0
371.079,0
371.15,0
371.221,12
371.292,0
371.363,0
371.434,11
371.504,0
371.575,0
371.646,3
371.717,6
371.788,0
371.859,0
371.93,0
372,0
372.071,16
372.142,0
372.213,31
372.284,0
372.354,5
372.425,13
372.496,51
372.567,90
372.638,59
372.708,0
372.779,4
372.85,19
372.921,0
372.991,0
373.062,0
373.133,1
373.204,2
373.274,18
373.345,4
373.416,0
373.486,0
373.557,0
373.628,12
373.699,2
373.769,0
373.84,0
373.911,0
373.981,0
374.052,2
374.123,0
374.193,8
374.264,23
374.335,7
374.405,1
374.476,79
374.546,43
374.617,12
374.688,0
374.758,0
374.829,0
374.9,0
374.97,0
375.041,0
375.111,0
375.182,0
375.252,0
375.323,30
375.394,3
375.464,0
375.535,22
375.605,0
375.676,8
375.746,15
375.817,0
375.887,10
375.958,7
376.028,14
376.099,0
376.17,0
376.24,26
376.311,0
376.381,0
376.451,3
376.522,0
376.592,0
376.663,8
376.733,11
376.804,0
376.874,15
376.945,16
377.015,0
377.086,0
377.156,0
377.227,1
377.297,0
377.367,6
377.438,14
377.508,29
377.579,0
377.649,17
377.719,27
377.79,0
377.86,0
377.931,17
378.001,17
378.071,0
378.142,0
378.212,0
378.282,0
378.353,0
378.423,0
378.493,18
378.564,11
378.634,0
378.704,0
378.775,0
378.845,6
378.915,0
378.986,0
379.056,3
379.126,3
379.196,0
379.267,0
379.337,0
379.407,0
379.478,0
379.548,4
379.618,35
379.688,7
379.759,16
379.829,1
379.899,4
379.969,9
380.04,3
380.11,18
380.18,13
380.25,11
380.32,0
380.391,6
380.461,0
380.531,0
380.601,7
380.671,0
380.741,0
380.812,29
380.882,29
380.952,0
381.022,0
381.092,4
381.162,0
381.233,0
381.303,8
381.373,0
381.443,0
381.513,0
381.583,0
381.653,0
381.723,0
381.793,46
381.864,120
381.934,114
382.004,35
382.074,7
382.144,13
382.214,0
382.284,0
382.354,8
382.424,20
382.494,5
382.564,0
382.634,0
382.704,2
382.774,0
382.844,0
382.914,22
382.984,27
383.054,10
383.124,19
383.194,0
383.264,31
383.334,22
383.404,20
383.474,18
383.544,0
383.614,5
383.684,7
383.754,0
383.824,14
383.894,35
383.964,39
384.034,24
384.104,0
384.174,15
384.244,19
384.314,0
384.384,17
384.453,78
384.523,64
384.593,10
384.663,0
384.733,0
384.803,4
384.873,103
384.943,120
385.013,78
385.082,3
385.152,25
385.222,18
385.292,5
385.362,2
385.432,2
385.502,37
385.571,19
385.641,0
385.711,1
385.781,0
385.851,20
385.92,0
385.99,0
386.06,8
386.13,40
386.2,12
386.269,1
386.339,25
386.409,0
386.479,0
386.548,37
386.618,23
386.688,0
386.758,6
386.827,0
386.897,0
386.967,0
387.037,0
387.106,0
387.176,21
387.246,26
387.316,0
387.385,8
387.455,20
387.525,0
387.594,0
387.664,0
387.734,0
387.803,0
387.873,0
387.943,4
388.012,11
388.082,0
388.152,2
388.221,4
388.291,0
388.361,15
388.43,6
388.5,0
388.569,6
388.639,18
388.709,6
388.778,0
388.848,0
388.918,18
388.987,0
389.057,10
389.126,12
389.196,0
389.265,8
389.335,0
389.405,8
389.474,0
389.544,19
389.613,0
389.683,0
389.752,2
389.822,0
389.891,12
389.961,7
390.03,0
390.1,15
390.169,0
390.239,0
390.309,17
390.378,14
390.448,13
390.517,5
390.586,26
390.656,20
390.725,5
390.795,0
390.864,26
390.934,0
391.003,0
391.073,0
391.142,14
391.212,2
391.281,0
391.351,9
391.42,21
391.489,3
391.559,26
391.628,10
391.698,47
391.767,0
391.836,0
391.906,8
391.975,4
392.045,24
392.114,5
392.183,0
392.253,23
392.322,0
392.391,0
392.461,0
392.53,0
392.6,23
392.669,37
392.738,0
392.808,0
392.877,6
392.946,0
393.016,0
393.085,0
393.154,0
393.224,0
393.293,0
393.362,0
393.431,0
393.501,21
393.57,49
393.639,9
393.709,0
393.778,4
393.847,11
393.916,18
393.986,0
394.055,21
394.124,0
394.193,0
394.263,0
394.332,22
394.401,6
394.47,5
394.54,11
394.609,5
394.678,27
394.747,11
394.816,0
394.886,13
394.955,0
395.024,12
395.093,2
395.162,4
395.232,0
395.301,8
395.37,0
395.439,0
395.508,5
395.577,11
395.647,11
395.716,1
395.785,19
395.854,20
395.923,17
395.992,15
396.061,0
396.13,0
396.2,4
396.269,20
396.338,0
396.407,0
396.476,0
396.545,28
396.614,19
396.683,4
396.752,0
396.821,0
396.89,0
396.96,0
397.029,0
397.098,0
397.167,27
397.236,0
397.305,0
397.374,0
397.443,6
397.512,0
397.581,0
397.65,17
397.719,18
397.788,0
397.857,0
397.926,15
397.995,1
398.064,0
398.133,1
398.202,20
398.271,0
398.34,14
398.409,13
398.478,11
398.547,38
398.616,79
398.685,113
398.754,69
398.823,19
398.892,0
398.961,6
399.029,0
399.098,0
399.167,0
399.236,0
399.305,0
399.374,13
399.443,4
399.512,0
399.581,0
399.65,34
399.719,0
399.787,37
399.856,13
399.925,0
399.994,5
400.063,0
400.132,8
400.201,11
400.27,0
400.338,0
400.407,32
400.476,29
400.545,0
400.614,5
400.683,0
400.751,0
400.82,19
400.889,25
400.958,0
401.027,0
401.096,18
401.164,12
401.233,0
401.302,0
401.371,0
401.439,0
401.508,6
401.577,8
401.646,0
401.715,0
401.783,0
401.852,2
401.921,0
401.99,13
402.058,18
402.127,16
402.196,0
402.265,0
402.333,0
402.402,0
402.471,6
402.539,16
402.608,0
402.677,0
402.746,0
402.814,7
402.883,24
402.952,24
403.02,0
403.089,1
403.158,10
403.226,3
403.295,19
403.364,20
403.432,0
403.501,0
403.57,34
403.638,30
403.707,22
403.776,0
403.844,0
403.913,31
403.981,0
404.05,32
404.119,11
404.187,37
404.256,16
404.325,4
404.393,15
404.462,0
404.53,0
404.599,23
404.667,6
404.736,11
404.805,0
404.873,11
404.942,0
405.01,27
405.079,12
405.147,0
405.216,0
405.285,26
405.353,27
405.422,4
405.49,0
405.559,0
405.627,18
405.696,0
405.764,0
405.833,0
405.901,0
405.97,26
406.038,0
406.107,0
406.175,9
406.244,12
406.312,0
406.381,13
406.449,0
406.518,0
406.586,4
406.655,15
406.723,0
406.792,0
406.86,0
406.928,4
406.997,5
407.065,0
407.134,0
407.202,0
407.271,44
407.339,62
407.407,3
407.476,0
407.544,8
407.613,9
407.681,4
407.75,19
407.818,0
407.886,0
407.955,9
408.023,2
408.091,22
408.16,0
408.228,16
408.297,0
408.365,0
408.433,7
408.502,0
408.57,0
408.638,0
408.707,0
408.775,0
408.843,0
408.912,2
408.98,0
409.048,10
409.117,9
409.185,28
409.253,7
409.322,24
409.39,1
409.458,5
409.527,3
409.595,3
409.663,0
409.731,9
409.8,0
409.868,0
409.936,5
410.004,22
410.073,177
410.141,160
410.209,102
410.277,33
410.346,5
410.414,0
410.482,1
410.55,0
410.619,17
410.687,7
410.755,0
410.823,0
410.892,7
410.96,58
411.028,16
411.096,13
411.164,0
411.233,11
411.301,32
411.369,4
411.437,0
411.505,0
411.574,33
411.642,18
411.71,36
411.778,19
411.846,0
411.914,4
411.982,0
412.051,14
412.119,17
412.187,11
412.255,13
412.323,0
412.391,0
412.459,0
412.528,14
412.596,16
412.664,8
412.732,14
412.8,5
412.868,12
412.936,4
413.004,30
413.072,11
413.14,0
413.209,2
413.277,112
413.345,115
413.413,50
413.481,6
413.549,5
413.617,11
413.685,12
413.753,22
413.821,17
413.889,11
413.957,0
414.025,0
414.093,0
414.161,21
414.229,0
414.297,0
414.365,0
414.433,0
414.501,12
414.569,25
414.637,4
414.705,20
414.773,2
414.841,0
414.909,0
414.977,26
415.045,21
415.113,0
415.181,21
415.249,19
415.317,4
415.385,27
415.453,0
415.521,18
415.589,6
415.657,17
415.725,13
415.793,60
415.861,124
415.929,88
415.997,31
416.065,0
416.132,0
416.2,21
416.268,28
416.336,24
416.404,0
416.472,25
416.54,0
416.608,9
416.676,30
416.744,23
416.811,20
416.879,0
416.947,0
417.015,0
417.083,12
417.151,13
417.219,29
417.287,26
417.354,39
417.422,5
417.49,0
417.558,13
417.626,14
417.694,0
417.761,23
417.829,0
417.897,0
417.965,4
418.033,18
418.1,78
418.168,25
418.236,39
418.304,44
418.372,28
418.439,0
418.507,0
418.575,0
418.643,0
418.711,21
418.778,28
418.846,44
418.914,29
418.982,9
419.049,0
419.117,9
419.185,4
419.253,0
419.32,0
419.388,0
419.456,30
419.524,12
419.591,0
419.659,11
419.727,11
419.795,15
419.862,11
419.93,9
419.998,0
420.065,0
420.133,17
420.201,31
420.268,4
420.336,0
420.404,17
420.471,7
420.539,0
420.607,6
420.674,12
420.742,0
420.81,0
420.877,22
420.945,17
421.013,10
421.08,1
421.148,0
421.216,5
421.283,3
421.351,0
421.419,4
421.486,23
421.554,0
421.621,33
421.689,14
421.757,0
421.824,0
421.892,16
421.96,4
422.027,0
422.095,0
422.162,0
422.23,16
422.297,0
422.365,0
422.433,0
422.5,0
422.568,0
422.635,15
422.703,24
422.77,11
422.838,0
422.906,21
422.973,18
423.041,21
423.108,0
423.176,32
423.243,20
423.311,17
423.378,5
423.446,4
423.513,0
423.581,0
423.648,0
423.716,0
423.783,12
423.851,0
423.918,0
423.986,5
424.053,29
424.121,20
424.188,0
424.256,0
424.323,25
424.391,4
424.458,0
424.526,2
424.593,2
424.661,0
424.728,0
424.796,3
424.863,0
424.93,15
424.998,19
425.065,0
425.133,0
425.2,0
425.268,0
425.335,15
425.402,0
425.47,15
425.537,0
425.605,16
425.672,0
425.74,0
425.807,18
425.874,0
425.942,9
426.009,2
426.076,0
426.144,13
426.211,0
426.279,0
426.346,29
426.413,3
426.481,0
426.548,0
426.615,19
426.683,0
426.75,3
426.817,0
426.885,0
426.952,22
427.02,4
427.087,0
427.154,0
427.222,0
427.289,0
427.356,0
427.423,0
427.491,0
427.558,0
427.625,22
427.693,38
427.76,10
427.827,0
427.895,0
427.962,0
428.029,0
428.096,0
428.164,7
428.231,0
428.298,8
428.366,0
428.433,14
428.5,0
428.567,1
428.635,25
428.702,0
428.769,0
428.836,33
428.904,4
428.971,0
429.038,6
429.105,9
429.173,0
429.24,0
429.307,0
429.374,11
429.441,0
429.509,0
429.576,0
429.643,13
429.71,2
429.777,14
429.845,14
429.912,3
429.979,19
430.046,27
430.113,0
430.181,0
430.248,0
430.315,22
430.382,0
430.449,26
430.516,0
430.584,8
430.651,9
430.718,8
430.785,6
430.852,0
430.919,12
430.986,27
431.054,4
431.121,5
431.188,11
431.255,19
431.322,2
431.389,2
431.456,0
431.523,0
431.59,2
431.658,0
431.725,0
431.792,0
431.859,0
431.926,42
431.993,0
432.06,0
432.127,7
432.194,20
432.261,0
432.328,8
432.396,2
432.463,4
432.53,0
432.597,0
432.664,0
432.731,0
432.798,8
432.865,0
432.932,0
432.999,27
433.066,29
433.133,62
433.2,51
433.267,116
433.334,78
433.401,56
433.468,36
433.535,0
433.602,0
433.669,0
433.736,3
433.803,0
433.87,10
433.937,14
434.004,0
434.071,0
434.138,13
434.205,0
434.272,0
434.339,36
434.406,9
434.473,13
434.54,3
434.607,12
434.674,8
434.741,0
434.808,13
434.875,22
434.942,9
435.009,2
435.076,0
435.143,0
435.209,16
435.276,0
435.343,0
435.41,21
435.477,11
435.544,10
435.611,20
435.678,0
435.745,1
435.812,0
435.879,7
435.946,5
436.012,1
436.079,12
436.146,6
436.213,4
436.28,0
436.347,8
436.414,8
436.481,0
436.547,0
436.614,0
436.681,4
436.748,0
436.815,13
436.882,0
436.949,0
437.015,12
437.082,0
437.149,10
437.216,0
437.283,2
437.35,26
437.417,17
437.483,23
437.55,0
437.617,29
437.684,43
437.751,25
437.817,0
437.884,0
437.951,16
438.018,23
438.085,14
438.151,0
438.218,6
438.285,0
438.352,8
438.419,7
438.485,4
438.552,0
438.619,0
438.686,0
438.752,4
438.819,0
438.886,0
438.953,0
439.019,0
439.086,6
439.153,15
439.22,11
439.286,0
439.353,36
439.42,0
439.487,6
439.553,29
439.62,0
439.687,0
439.754,0
439.82,12
439.887,19
439.954,16
440.02,28
440.087,2
440.154,0
440.22,16
440.287,17
440.354,0
440.421,0
440.487,0
440.554,32
440.621,20
440.687,0
440.754,0
440.821,8
440.887,0
440.954,0
441.021,39
441.087,22
441.154,0
441.221,0
441.287,19
441.354,22
441.421,0
441.487,0
441.554,3
441.62,14
441.687,0
441.754,0
441.82,0
441.887,7
441.954,0
442.02,0
442.087,0
442.153,44
442.22,28
442.287,16
442.353,36
442.42,39
442.486,0
442.553,6
442.62,17
442.686,0
442.753,0
442.819,0
442.886,20
442.953,52
443.019,115
443.086,72
443.152,38
443.219,2
443.285,0
443.352,17
443.418,6
443.485,28
443.552,5
443.618,5
443.685,0
443.751,0
443.818,24
443.884,74
443.951,113
444.017,60
444.084,21
444.15,0
444.217,0
444.283,12
444.35,0
444.416,7
444.483,0
444.549,15
444.616,25
444.682,78
444.749,67
444.815,49
444.882,10
444.948,0
445.015,14
445.081,0
445.148,0
445.214,16
445.281,45
445.347,138
445.414,72
445.48,18
445.547,0
445.613,0
445.68,0
445.746,0
445.812,2
445.879,7
445.945,0
446.012,28
446.078,13
446.145,6
446.211,0
446.278,32
446.344,14
446.41,0
446.477,0
446.543,17
446.61,8
446.676,0
446.742,2
446.809,0
446.875,0
446.942,17
447.008,0
447.074,0
447.141,28
447.207,0
447.274,0
447.34,11
447.406,0
447.473,0
447.539,0
447.606,0
447.672,50
447.738,7
447.805,2
447.871,0
447.937,0
448.004,32
448.07,0
448.136,0
448.203,0
448.269,0
448.335,0
448.402,0
448.468,10
448.534,6
448.601,6
448.667,0
448.733,0
448.8,8
448.866,0
448.932,18
448.999,24
449.065,8
449.131,0
449.198,0
449.264,1
449.33,13
449.396,5
449.463,0
449.529,1
449.595,12
449.662,10
449.728,2
449.794,0
449.86,0
449.927,22
449.993,14
450.059,13
450.126,6
450.192,0
450.258,0
450.324,0
450.391,2
450.457,0
450.523,0
450.589,0
450.656,3
450.722,0
450.788,18
450.854,21
450.921,12
450.987,0
451.053,6
451.119,0
451.185,0
451.252,26
451.318,0
451.384,2
451.45,0
451.516,0
451.583,5
451.649,0
451.715,0
451.781,9
451.847,48
451.914,58
451.98,53
452.046,1
452.112,0
452.178,18
452.245,0
452.311,1
452.377,0
452.443,0
452.509,30
452.575,0
452.642,0
452.708,0
452.774,3
452.84,0
452.906,0
452.972,16
453.038,6
453.105,9
453.171,0
453.237,17
453.303,14
453.369,0
453.435,8
453.501,0
453.568,7
453.634,27
453.7,25
453.766,3
453.832,0
453.898,0
453.964,0
454.03,33
454.096,1
454.162,0
454.229,0
454.295,65
454.361,42
454.427,1
454.493,0
454.559,2
454.625,13
454.691,10
454.757,11
454.823,21
454.889,5
454.955,8
455.022,34
455.088,23
455.154,9
455.22,0
455.286,0
455.352,12
455.418,4
455.484,0
455.55,0
455.616,3
455.682,0
455.748,0
455.814,0
455.88,0
455.946,0
456.012,0
456.078,0
456.144,0
456.21,2
456.276,1
456.342,0
456.408,0
456.474,0
456.54,20
456.606,14
456.672,0
456.738,0
456.804,0
456.87,7
456.936,0
457.002,0
457.068,26
457.134,0
457.2,13
457.266,33
457.332,0
457.398,5
457.464,0
457.53,20
457.596,24
457.662,5
457.728,11
457.794,0
457.86,0
457.926,6
457.992,36
458.058,7
458.124,0
458.19,0
458.255,21
458.321,12
458.387,3
458.453,5
458.519,14
458.585,18
458.651,13
458.717,0
458.783,0
458.849,0
458.915,9
458.981,0
459.046,0
459.112,32
459.178,38
459.244,0
459.31,17
459.376,12
459.442,3
459.508,4
459.574,0
459.64,1
459.705,7
459.771,0
459.837,0
459.903,0
459.969,0
460.035,14
460.101,17
460.166,1
460.232,17
460.298,56
460.364,33
460.43,40
460.496,21
460.562,0
460.627,13
460.693,0
460.759,0
460.825,0
460.891,0
460.957,6
461.022,0
461.088,0
461.154,39
461.22,0
461.286,3
461.352,7
461.417,27
461.483,0
461.549,2
461.615,27
461.681,8
461.746,10
461.812,16
461.878,0
461.944,10
462.01,0
462.075,2
462.141,2
462.207,22
462.273,0
462.339,0
462.404,6
462.47,30
462.536,0
462.602,0
462.667,36
462.733,0
462.799,0
462.865,0
462.93,21
462.996,0
463.062,0
463.128,9
463.193,33
463.259,0
463.325,22
463.391,0
463.456,2
463.522,12
463.588,0
463.654,0
463.719,0
463.785,0
463.851,0
463.917,0
463.982,0
464.048,7
464.114,0
464.179,2
464.245,4
464.311,0
464.377,19
464.442,0
464.508,18
464.574,0
464.639,0
464.705,10
464.771,0
464.836,19
464.902,41
464.968,10
465.033,0
465.099,26
465.165,0
465.23,12
465.296,10
465.362,17
465.427,0
465.493,0
465.559,0
465.624,22
465.69,20
465.756,0
465.821,0
465.887,0
465.953,9
466.018,0
466.084,2
466.15,24
466.215,0
466.281,23
466.347,9
466.412,0
466.478,0
466.543,19
466.609,6
466.675,35
466.74,7
466.806,0
466.872,0
466.937,17
467.003,13
467.068,15
467.134,0
467.2,21
467.265,0
467.331,0
467.396,0
467.462,55
467.528,33
467.593,0
467.659,8
467.724,0
467.79,0
467.855,0
467.921,0
467.987,14
468.052,2
468.118,0
468.183,13
468.249,1
468.314,25
468.38,0
468.446,0
468.511,20
468.577,0
468.642,4
468.708,1
468.773,0
468.839,39
468.904,0
468.97,0
469.035,28
469.101,16
469.167,0
469.232,13
469.298,21
469.363,13
469.429,0
469.494,0
469.56,14
469.625,5
469.691,13
469.756,22
469.822,0
469.887,4
469.953,5
470.018,0
470.084,1
470.149,0
470.215,0
470.28,12
470.346,15
470.411,2
470.477,25
470.542,35
470.608,6
470.673,9
470.739,0
470.804,7
470.87,0
470.935,14
471.001,4
471.066,5
471.131,4
471.197,18
471.262,0
471.328,0
471.393,0
471.459,16
471.524,15
471.59,0
471.655,11
471.721,0
471.786,0
471.851,11
471.917,0
471.982,0
472.048,37
472.113,16
472.179,2
472.244,11
472.309,12
472.375,3
472.44,11
472.506,2
472.571,0
472.637,22
472.702,0
472.767,0
472.833,0
472.898,3
472.964,0
473.029,0
473.094,13
473.16,0
473.225,0
473.291,14
473.356,24
473.421,0
473.487,0
473.552,22
473.617,4
473.683,12
473.748,0
473.814,0
473.879,0
473.944,0
474.01,38
474.075,22
474.14,0
474.206,0
474.271,0
474.337,9
474.402,0
474.467,0
474.533,14
474.598,0
474.663,2
474.729,3
474.794,34
474.859,29
474.925,0
474.99,0
475.055,14
475.121,0
475.186,18
475.251,0
475.317,32
475.382,32
475.447,20
475.513,1
475.578,0
475.643,11
475.709,0
475.774,0
475.839,0
475.904,0
475.97,0
476.035,0
476.1,35
476.166,29
476.231,22
476.296,11
476.362,0
476.427,22
476.492,9
476.557,0
476.623,0
476.688,6
476.753,0
476.819,0
476.884,0
476.949,12
477.014,0
477.08,30
477.145,0
477.21,32
477.275,37
477.341,0
477.406,0
477.471,37
477.536,3
477.602,0
477.667,0
477.732,18
477.797,8
477.863,0
477.928,16
477.993,19
478.058,0
478.124,11
478.189,12
478.254,1
478.319,28
478.384,0
478.45,18
478.515,0
478.58,2
478.645,16
478.711,0
478.776,0
478.841,16
478.906,16
478.971,0
479.037,0
479.102,0
479.167,17
479.232,12
479.297,22
479.363,5
479.428,0
479.493,0
479.558,23
479.623,0
479.689,0
479.754,0
479.819,0
479.884,0
479.949,0
480.014,9
480.08,0
480.145,0
480.21,0
480.275,0
480.34,0
480.405,1
480.471,0
480.536,40
480.601,26
480.666,11
480.731,0
480.796,0
480.862,29
480.927,13
480.992,10
481.057,2
481.122,24
481.187,1
481.252,25
481.318,7
481.383,0
481.448,0
481.513,0
481.578,17
481.643,26
481.708,0
481.773,1
481.839,0
481.904,0
481.969,0
482.034,0
482.099,1
482.164,13
482.229,5
482.294,6
482.359,11
482.424,12
482.49,11
482.555,6
482.62,0
482.685,0
482.75,10
482.815,8
482.88,18
482.945,0
483.01,6
483.075,21
483.14,7
483.206,4
483.271,22
483.336,8
483.401,0
483.466,1
483.531,0
483.596,0
483.661,0
483.726,0
483.791,0
483.856,19
483.921,0
483.986,0
484.051,26
484.116,11
484.181,13
484.246,4
484.312,16
484.377,0
484.442,0
484.507,0
484.572,2
484.637,0
484.702,0
484.767,0
484.832,0
484.897,0
484.962,13
485.027,0
485.092,0
485.157,0
485.222,16
485.287,15
485.352,10
485.417,0
485.482,0
485.547,11
485.612,26
485.677,0
485.742,0
485.807,6
485.872,0
485.937,0
486.002,11
486.067,0
486.132,0
486.197,8
486.262,0
486.327,11
486.392,13
486.457,0
486.522,16
486.587,6
486.652,12
486.717,20
486.782,0
486.847,1
486.912,2
486.977,0
487.042,26
487.107,24
487.172,0
487.237,0
487.301,0
487.366,0
487.431,3
487.496,0
487.561,0
487.626,0
487.691,0
487.756,27
487.821,19
487.886,4
487.951,16
488.016,5
488.081,15
488.146,0
488.211,5
488.276,19
488.341,11
488.405,6
488.47,26
488.535,6
488.6,0
488.665,5
488.73,5
488.795,0
488.86,6
488.925,0
488.99,17
489.055,13
489.119,0
489.184,0
489.249,3
489.314,28
489.379,0
489.444,0
489.509,11
489.574,0
489.639,0
489.704,0
489.768,3
489.833,0
489.898,4
489.963,18
490.028,5
490.093,0
490.158,10
490.223,0
490.287,0
490.352,11
490.417,0
490.482,0
490.547,8
490.612,11
490.677,1
490.742,23
490.806,0
490.871,0
490.936,11
491.001,34
491.066,3
491.131,4
491.195,17
491.26,3
491.325,0
491.39,13
491.455,0
491.52,0
491.585,17
491.649,0
491.714,0
491.779,5
491.844,19
491.909,11
491.973,21
492.038,6
492.103,12
492.168,0
492.233,37
492.298,3
492.362,0
492.427,0
492.492,11
492.557,20
492.622,0
492.686,0
492.751,0
492.816,0
492.881,0
492.946,0
493.01,6
493.075,23
493.14,0
493.205,0
493.27,0
493.334,0
493.399,0
493.464,11
493.529,0
493.594,17
493.658,0
493.723,0
493.788,0
493.853,0
493.917,4
493.982,8
494.047,9
494.112,6
494.177,0
494.241,0
494.306,0
494.371,23
494.436,16
494.5,0
494.565,0
494.63,6
494.695,0
494.759,0
494.824,3
494.889,3
494.954,9
495.018,0
495.083,0
495.148,30
495.213,1
495.277,0
495.342,3
495.407,0
495.472,0
495.536,0
495.601,13
495.666,24
495.73,4
495.795,0
495.86,19
495.925,0
495.989,0
496.054,10
496.119,0
496.183,4
496.248,23
496.313,14
496.378,0
496.442,8
496.507,17
496.572,0
496.636,21
496.701,1
496.766,0
496.831,23
496.895,16
496.96,0
497.025,16
497.089,0
497.154,0
497.219,6
497.283,0
497.348,0
497.413,0
497.477,0
497.542,21
497.607,24
497.671,0
497.736,2
497.801,2
497.865,0
497.93,3
497.995,2
498.059,8
498.124,0
498.189,6
498.253,0
498.318,2
498.383,4
498.447,8
498.512,2
498.577,0
498.641,0
498.706,0
498.771,9
498.835,0
498.9,5
498.965,14
499.029,1
499.094,0
499.159,0
499.223,20
499.288,0
499.352,0
499.417,0
499.482,1
499.546,16
499.611,5
499.676,0
499.74,0
