39.5139,0
39.7161,15
39.918,51
40.1196,29
40.3209,0
40.5218,0
40.7224,1
40.9227,29
41.1227,6
41.3224,0
41.5217,0
41.7208,12
41.9195,14
42.1179,0
42.316,0
42.5138,27
42.7113,0
42.9084,0
43.1053,0
43.3019,6
43.4982,15
43.6941,10
43.8898,0
44.0852,24
44.2803,21
44.4751,18
44.6696,18
44.8638,36
45.0577,10
45.2514,14
45.4447,5
45.6378,0
45.8306,18
46.0231,9
46.2153,5
46.4072,0
46.5989,0
46.7903,0
46.9814,35
47.1722,22
47.3628,9
47.5531,10
47.7431,17
47.9329,13
48.1223,0
48.3116,2
48.5005,17
48.6892,0
48.8776,0
49.0658,0
49.2537,15
49.4414,13
49.6288,0
49.8159,0
50.0028,4
50.1894,0
50.3757,40
50.5619,20
50.7477,34
50.9333,0
51.1187,0
51.3038,45
51.4887,5
51.6733,6
51.8577,0
52.0418,13
52.2257,18
52.4094,12
52.5928,0
52.7759,25
52.9589,1
53.1416,0
53.324,3
53.5062,27
53.6882,20
53.87,2
54.0515,0
54.2328,11
54.4138,16
54.5947,5
54.7753,0
54.9556,0
55.1358,0
55.3157,3
55.4954,30
55.6748,8
55.8541,4
56.0331,17
56.2119,10
56.3905,0
56.5688,20
56.747,21
56.9249,0
57.1026,5
57.2801,0
57.4574,0
57.6344,0
57.8113,21
57.9879,0
58.1643,0
58.3406,0
58.5166,0
58.6923,29
58.8679,29
59.0433,19
59.2185,23
59.3934,0
59.5682,2
59.7427,0
59.9171,19
60.0912,16
60.2652,14
60.4389,7
60.6125,20
60.7858,12
60.9589,0
61.1319,9
61.3046,0
61.4772,0
61.6495,0
61.8217,5
61.9936,10
62.1654,0
62.337,0
62.5084,35
62.6795,11
62.8505,0
63.0213,0
63.192,7
63.3624,6
63.5326,13
63.7027,0
63.8725,0
64.0422,38
64.2117,0
64.381,0
64.5502,15
64.7191,0
64.8878,4
65.0564,0
65.2248,26
65.393,14
65.5611,0
65.7289,4
65.8966,14
66.0641,15
66.2314,0
66.3985,18
66.5655,31
66.7323,0
66.8989,1
67.0653,7
67.2316,12
67.3977,15
67.5636,5
67.7293,16
67.8949,11
68.0603,2
68.2255,11
68.3906,19
68.5554,0
68.7202,20
68.8847,0
69.0491,6
69.2133,2
69.3774,5
69.5412,0
69.705,0
69.8685,15
70.0319,42
70.1951,5
70.3582,8
70.5211,14
70.6838,0
70.8464,10
71.0088,34
71.171,0
71.3331,0
71.4951,0
71.6568,7
71.8185,2
71.9799,0
72.1412,8
72.3023,12
72.4633,3
72.6242,0
72.7848,0
72.9453,0
73.1057,5
73.2659,0
73.426,0
73.5859,2
73.7456,0
73.9052,0
74.0647,9
74.224,6
74.3831,0
74.5421,0
74.7009,29
74.8596,8
75.0182,0
75.1766,0
75.3348,49
75.4929,22
75.6509,21
75.8087,0
75.9664,18
76.1239,0
76.2813,1
76.4385,0
76.5956,4
76.7525,4
76.9093,0
77.066,0
77.2225,7
77.3788,0
77.5351,0
77.6911,0
77.8471,3
78.0029,0
78.1586,0
78.3141,0
78.4695,18
78.6247,1
78.7798,0
78.9348,0
79.0896,10
79.2443,21
79.3989,0
79.5533,0
79.7076,13
79.8618,0
80.0158,0
80.1697,0
80.3234,15
80.477,0
80.6305,0
80.7838,31
80.9371,20
81.0901,8
81.2431,18
81.3959,39
81.5486,36
81.7012,53
81.8536,46
82.0059,18
82.1581,0
82.3101,10
82.462,0
82.6138,11
82.7654,7
82.917,0
83.0684,22
83.2196,0
83.3708,0
83.5218,7
83.6727,26
83.8234,15
83.9741,0
84.1246,32
84.275,16
84.4253,6
84.5754,0
84.7254,0
84.8753,13
85.0251,0
85.1747,0
85.3243,16
85.4737,0
85.623,0
85.7721,8
85.9212,13
86.0701,0
86.2189,0
86.3676,15
86.5161,26
86.6646,5
86.8129,0
86.9611,0
87.1092,6
87.2572,11
87.405,14
87.5527,15
87.7004,16
87.8479,16
87.9952,0
88.1425,0
88.2897,9
88.4367,0
88.5836,8
88.7304,9
88.8771,16
89.0237,0
89.1701,0
89.3165,21
89.4627,3
89.6089,5
89.7549,18
89.9008,17
90.0465,9
90.1922,1
90.3378,0
90.4832,42
90.6286,5
90.7738,0
90.9189,0
91.0639,9
91.2088,1
91.3536,36
91.4983,44
91.6429,25
91.7873,0
91.9317,6
92.0759,9
92.2201,0
92.3641,28
92.508,14
92.6518,15
92.7955,0
92.9391,1
93.0826,0
93.226,23
93.3693,7
93.5125,5
93.6555,9
93.7985,20
93.9414,29
94.0841,9
94.2268,13
94.3693,5
94.5118,1
94.6541,9
94.7964,9
94.9385,0
95.0805,7
95.2225,0
95.3643,0
95.506,33
95.6476,2
95.7892,0
95.9306,0
96.0719,9
96.2131,8
96.3543,0
96.4953,0
96.6362,0
96.777,6
96.9177,0
97.0584,0
97.1989,13
97.3393,6
97.4796,31
97.6199,0
97.76,9
97.9,0
98.04,8
98.1798,37
98.3195,16
98.4592,0
98.5987,0
98.7382,23
98.8775,0
99.0168,3
99.1559,24
99.295,36
99.434,0
99.5729,0
99.7116,5
99.8503,8
99.9889,2
100.127,11
100.266,2
100.404,16
100.542,49
100.68,11
100.818,19
100.956,12
101.094,1
101.232,10
101.37,6
101.507,6
101.645,0
101.782,14
101.919,10
102.057,0
102.194,14
102.331,0
102.468,9
102.605,38
102.741,1
102.878,4
103.014,14
103.151,25
103.287,15
103.424,23
103.56,0
103.696,0
103.832,6
103.968,0
104.104,0
104.24,2
104.375,0
104.511,35
104.646,20
104.782,0
104.917,0
105.052,16
105.188,7
105.323,0
105.458,5
105.592,0
105.727,4
105.862,6
105.997,11
106.131,4
106.266,15
106.4,4
106.534,6
106.669,3
106.803,6
106.937,28
107.071,21
107.205,0
107.338,7
107.472,24
107.606,0
107.739,0
107.873,40
108.006,2
108.139,25
108.273,0
108.406,18
108.539,8
108.672,6
108.805,0
108.938,0
109.07,36
109.203,17
109.336,2
109.468,0
109.6,0
109.733,29
109.865,32
109.997,2
110.129,0
110.261,1
110.393,21
110.525,16
110.657,11
110.788,10
110.92,22
111.052,22
111.183,1
111.314,15
111.446,0
111.577,3
111.708,24
111.839,6
111.97,8
112.101,0
112.232,2
112.363,14
112.493,8
112.624,13
112.754,8
112.885,0
113.015,24
113.145,1
113.276,0
113.406,5
113.536,42
113.666,0
113.796,6
113.926,0
114.055,1
114.185,28
114.315,1
114.444,0
114.574,0
114.703,29
114.832,19
114.962,0
115.091,0
115.22,0
115.349,16
115.478,6
115.607,13
115.735,0
115.864,21
115.993,3
116.121,4
116.25,19
116.378,35
116.507,7
116.635,5
116.763,0
116.891,3
117.019,14
117.147,1
117.275,32
117.403,0
117.531,0
117.659,13
117.786,15
117.914,0
118.041,0
118.169,33
118.296,0
118.423,0
118.551,2
118.678,29
118.805,18
118.932,0
119.059,8
119.186,6
119.312,2
119.439,0
119.566,15
119.692,20
119.819,0
119.945,0
120.072,0
120.198,3
120.324,5
120.451,0
120.577,0
120.703,9
120.829,12
120.955,23
121.08,41
121.206,18
121.332,2
121.458,0
121.583,4
121.709,0
121.834,2
121.959,0
122.085,4
122.21,10
122.335,13
122.46,0
122.585,24
122.71,14
122.835,16
122.96,13
123.085,34
123.209,10
123.334,0
123.459,0
123.583,96
123.708,105
123.832,74
123.956,51
124.081,83
124.205,30
124.329,16
124.453,0
124.577,0
124.701,0
124.825,7
124.949,28
125.072,28
125.196,10
125.32,0
125.443,4
125.567,0
125.69,1
125.814,0
125.937,0
126.06,0
126.183,22
126.306,8
126.429,3
126.552,14
126.675,0
126.798,7
126.921,11
127.044,18
127.166,16
127.289,9
127.412,21
127.534,0
127.657,19
127.779,38
127.901,0
128.023,10
128.146,0
128.268,33
128.39,31
128.512,0
128.634,0
128.756,42
128.878,4
128.999,0
129.121,0
129.243,0
129.364,0
129.486,13
129.607,0
129.729,0
129.85,0
129.971,0
130.092,31
130.214,32
130.335,8
130.456,0
130.577,8
130.698,0
130.819,3
130.939,0
131.06,16
131.181,2
131.302,17
131.422,6
131.543,27
131.663,17
131.784,0
131.904,5
132.024,17
132.144,0
132.265,0
132.385,1
132.505,0
132.625,25
132.745,0
132.865,0
132.985,26
133.104,20
133.224,0
133.344,0
133.463,37
133.583,19
133.702,0
133.822,0
133.941,12
134.061,23
134.18,0
134.299,0
134.418,13
134.537,29
134.656,0
134.775,0
134.894,27
135.013,0
135.132,0
135.251,41
135.369,0
135.488,0
135.607,0
135.725,24
135.844,26
135.962,0
136.081,0
136.199,0
136.317,6
136.436,0
136.554,0
136.672,0
136.79,6
136.908,0
137.026,0
137.144,0
137.262,15
137.379,0
137.497,2
137.615,13
137.733,9
137.85,0
137.968,0
138.085,4
138.203,14
138.32,0
138.437,0
138.555,0
138.672,11
138.789,2
138.906,34
139.023,13
139.14,2
139.257,0
139.374,0
139.491,17
139.608,11
139.724,15
139.841,0
139.958,0
140.074,5
140.191,13
140.307,1
140.424,8
140.54,16
140.657,0
140.773,16
140.889,13
141.005,33
141.121,0
141.237,36
141.353,25
141.469,24
141.585,0
141.701,0
141.817,0
141.933,34
142.049,2
142.164,0
142.28,4
142.396,0
142.511,0
142.627,0
142.742,33
142.857,9
142.973,0
143.088,24
143.203,11
143.318,26
143.434,0
143.549,0
143.664,0
143.779,0
143.894,8
144.008,0
144.123,0
144.238,4
144.353,41
144.468,21
144.582,7
144.697,11
144.811,43
144.926,0
145.04,0
145.155,0
145.269,0
145.383,0
145.498,15
145.612,0
145.726,0
145.84,21
145.954,13
146.068,0
146.182,0
146.296,10
146.41,30
146.524,8
146.638,0
146.751,17
146.865,0
146.979,22
147.092,11
147.206,0
147.319,0
147.433,24
147.546,18
147.66,1
147.773,9
147.886,4
148,1
148.113,0
148.226,0
148.339,5
148.452,0
148.565,2
148.678,0
148.791,0
148.904,0
149.016,0
149.129,7
149.242,6
149.355,0
149.467,41
149.58,18
149.692,0
149.805,8
149.917,28
150.03,0
150.142,5
150.254,4
150.367,0
150.479,18
150.591,4
150.703,8
150.815,0
150.927,0
151.039,16
151.151,0
151.263,0
151.375,0
151.487,10
151.599,4
151.711,10
151.822,1
151.934,0
152.045,18
152.157,6
152.269,0
152.38,2
152.491,0
152.603,0
152.714,3
152.825,20
152.937,10
153.048,15
153.159,4
153.27,12
153.381,53
153.492,23
153.603,6
153.714,0
153.825,11
153.936,0
154.047,4
154.158,0
154.268,1
154.379,1
154.49,0
154.6,0
154.711,28
154.822,23
154.932,0
155.042,11
155.153,26
155.263,8
155.374,0
155.484,0
155.594,33
155.704,0
155.814,0
155.924,10
156.035,0
156.145,11
156.255,14
156.364,11
156.474,14
156.584,10
156.694,17
156.804,7
156.914,6
157.023,2
157.133,2
157.243,14
157.352,0
157.462,0
157.571,4
157.681,0
157.79,0
157.899,13
158.009,2
158.118,14
158.227,11
158.336,18
158.446,22
158.555,18
158.664,0
158.773,1
158.882,13
158.991,0
159.1,0
159.209,0
159.317,10
159.426,10
159.535,6
159.644,0
159.752,0
159.861,3
159.97,15
160.078,0
160.187,0
160.295,10
160.404,6
160.512,0
160.62,8
160.729,4
160.837,0
160.945,0
161.053,0
161.162,1
161.27,0
161.378,0
161.486,0
161.594,0
161.702,0
161.81,9
161.918,7
162.026,0
162.133,3
162.241,6
162.349,13
162.457,0
162.564,13
162.672,0
162.779,25
162.887,4
162.994,0
163.102,0
163.209,32
163.317,5
163.424,0
163.531,0
163.639,0
163.746,8
163.853,0
163.96,0
164.067,0
164.175,51
164.282,42
164.389,0
164.496,0
164.603,25
164.709,22
164.816,1
164.923,0
165.03,22
165.137,8
165.243,0
165.35,7
165.457,0
165.563,13
165.67,0
165.776,7
165.883,11
165.989,6
166.096,20
166.202,2
166.309,0
166.415,0
166.521,4
166.627,0
166.734,0
166.84,0
166.946,0
167.052,15
167.158,0
167.264,12
167.37,0
167.476,10
167.582,13
167.688,0
167.794,9
167.899,8
168.005,8
168.111,7
168.217,0
168.322,0
168.428,24
168.533,0
168.639,0
168.745,0
168.85,0
168.955,0
169.061,1
169.166,15
169.272,19
169.377,0
169.482,23
169.587,28
169.693,28
169.798,0
169.903,0
170.008,26
170.113,4
170.218,0
170.323,13
170.428,0
170.533,0
170.638,0
170.743,6
170.847,20
170.952,0
171.057,26
171.162,0
171.266,7
171.371,0
171.476,10
171.58,33
171.685,24
171.789,3
171.894,0
171.998,13
172.102,7
172.207,13
172.311,0
172.415,0
172.52,15
172.624,5
172.728,0
172.832,0
172.936,0
173.04,20
173.145,3
173.249,0
173.353,0
173.457,10
173.56,24
173.664,0
173.768,0
173.872,2
173.976,0
174.08,0
174.183,0
174.287,14
174.391,11
174.494,0
174.598,0
174.701,35
174.805,26
174.908,13
175.012,0
175.115,0
175.219,20
175.322,0
175.425,18
175.529,0
175.632,0
175.735,38
175.838,2
175.941,29
176.045,0
176.148,0
176.251,24
176.354,7
176.457,0
176.56,6
176.663,17
176.766,12
176.868,0
176.971,16
177.074,7
177.177,7
177.28,0
177.382,19
177.485,30
177.588,0
177.69,3
177.793,179
177.895,173
177.998,82
178.1,0
178.203,12
178.305,0
178.408,0
178.51,13
178.612,0
178.714,13
178.817,15
178.919,39
179.021,0
179.123,6
179.225,1
179.328,31
179.43,0
179.532,0
179.634,0
179.736,0
179.838,5
179.939,0
180.041,0
180.143,0
180.245,15
180.347,0
180.449,1
180.55,13
180.652,10
180.754,0
180.855,5
180.957,0
181.058,0
181.16,8
181.262,9
181.363,21
181.464,27
181.566,17
181.667,20
181.769,0
181.87,0
181.971,0
182.072,0
182.174,12
182.275,0
182.376,0
182.477,8
182.578,25
182.679,2
182.78,0
182.881,0
182.982,19
183.083,8
183.184,0
183.285,0
183.386,0
183.487,0
183.588,0
183.689,8
183.789,11
183.89,7
183.991,0
184.091,0
184.192,4
184.293,0
184.393,19
184.494,14
184.594,0
184.695,0
184.795,0
184.896,58
184.996,34
185.096,0
185.197,0
185.297,0
185.397,16
185.498,8
185.598,0
185.698,0
185.798,0
185.898,0
185.998,18
186.098,11
186.198,0
186.298,8
186.398,0
186.498,27
186.598,18
186.698,0
186.798,2
186.898,5
186.998,27
187.098,0
187.197,0
187.297,0
187.397,0
187.496,0
187.596,9
187.696,20
187.795,2
187.895,0
187.994,8
188.094,0
188.193,10
188.293,0
188.392,0
188.491,0
188.591,5
188.69,6
188.789,0
188.889,2
188.988,11
189.087,14
189.186,0
189.285,15
189.385,22
189.484,8
189.583,13
189.682,8
189.781,0
189.88,0
189.979,0
190.078,0
190.177,0
190.276,0
190.374,15
190.473,8
190.572,7
190.671,3
190.769,8
190.868,0
190.967,0
191.066,24
191.164,0
191.263,3
191.361,10
191.46,18
191.558,2
191.657,24
191.755,8
191.854,0
191.952,0
192.051,0
192.149,14
192.247,4
192.346,0
192.444,7
192.542,13
192.64,5
192.738,12
192.837,0
192.935,0
193.033,2
193.131,9
193.229,0
193.327,21
193.425,20
193.523,0
193.621,1
193.719,25
193.817,0
193.915,24
194.012,10
194.11,0
194.208,0
194.306,34
194.404,19
194.501,0
194.599,0
194.697,0
194.794,59
194.892,32
194.989,1
195.087,0
195.185,1
195.282,7
195.379,0
195.477,0
195.574,25
195.672,28
195.769,0
195.866,0
195.964,0
196.061,12
196.158,23
196.256,17
196.353,0
196.45,0
196.547,0
196.644,6
196.741,0
196.838,10
196.935,6
197.032,3
197.129,2
197.226,33
197.323,0
197.42,2
197.517,2
197.614,30
197.711,0
197.808,8
197.905,28
198.001,0
198.098,1
198.195,25
198.292,0
198.388,4
198.485,17
198.581,21
198.678,0
198.775,21
198.871,26
198.968,0
199.064,0
199.161,16
199.257,10
199.353,0
199.45,0
199.546,17
199.643,3
199.739,14
199.835,29
199.931,13
200.028,18
200.124,16
200.22,0
200.316,0
200.412,8
200.509,22
200.605,0
200.701,0
200.797,11
200.893,0
200.989,0
201.085,0
201.181,0
201.277,0
201.372,10
201.468,0
201.564,6
201.66,21
201.756,13
201.852,13
201.947,0
202.043,0
202.139,36
202.234,0
202.33,26
202.426,0
202.521,0
202.617,2
202.712,38
202.808,0
202.903,0
202.999,34
203.094,0
203.19,22
203.285,125
203.381,139
203.476,68
203.571,0
203.667,18
203.762,0
203.857,7
203.952,0
204.048,9
204.143,0
204.238,0
204.333,0
204.428,34
204.523,37
204.618,0
204.713,0
204.808,7
204.903,13
204.998,0
205.093,12
205.188,0
205.283,0
205.378,15
205.473,0
205.568,0
205.663,0
205.757,3
205.852,0
205.947,7
206.042,0
206.136,32
206.231,2
206.326,18
206.42,0
206.515,10
206.609,0
206.704,0
206.798,9
206.893,15
206.987,0
207.082,20
207.176,36
207.271,7
207.365,0
207.459,16
207.554,16
207.648,0
207.742,0
207.837,18
207.931,0
208.025,7
208.119,0
208.214,0
208.308,0
208.402,0
208.496,0
208.59,0
208.684,12
208.778,4
208.872,3
208.966,2
209.06,0
209.154,0
209.248,0
209.342,0
209.436,0
209.53,2
209.624,6
209.717,3
209.811,0
209.905,8
209.999,0
210.092,19
210.186,0
210.28,7
210.374,0
210.467,1
210.561,33
210.654,25
210.748,0
210.842,0
210.935,4
211.029,0
211.122,8
211.215,4
211.309,29
211.402,3
211.496,0
211.589,14
211.682,0
211.776,11
211.869,10
211.962,0
212.056,17
212.149,0
212.242,8
212.335,0
212.428,0
212.522,0
212.615,2
212.708,0
212.801,0
212.894,18
212.987,12
213.08,20
213.173,4
213.266,9
213.359,0
213.452,4
213.545,28
213.638,0
213.731,0
213.823,34
213.916,22
214.009,0
214.102,0
214.195,16
214.287,0
214.38,18
214.473,11
214.565,6
214.658,15
214.751,18
214.843,4
214.936,0
215.028,0
215.121,0
215.214,3
215.306,20
215.399,0
215.491,4
215.583,12
215.676,15
215.768,44
215.861,41
215.953,25
216.045,0
216.138,2
216.23,2
216.322,20
216.414,62
216.507,46
216.599,18
216.691,3
216.783,5
216.875,9
216.968,0
217.06,2
217.152,37
217.244,14
217.336,0
217.428,0
217.52,14
217.612,7
217.704,2
217.796,0
217.888,9
217.98,11
218.071,0
218.163,20
218.255,1
218.347,0
218.439,6
218.53,0
218.622,0
218.714,7
218.806,4
218.897,19
218.989,0
219.081,0
219.172,0
219.264,15
219.355,0
219.447,0
219.539,0
219.63,3
219.722,5
219.813,0
219.905,0
219.996,9
220.087,25
220.179,1
220.27,23
220.362,13
220.453,0
220.544,24
220.636,15
220.727,0
220.818,7
220.909,22
221.001,50
221.092,18
221.183,13
221.274,2
221.365,0
221.456,2
221.547,0
221.638,0
221.73,5
221.821,0
221.912,13
222.003,18
222.094,0
222.185,0
222.276,3
222.366,0
222.457,4
222.548,3
222.639,18
222.73,13
222.821,4
222.912,0
223.002,33
223.093,29
223.184,0
223.275,0
223.365,8
223.456,0
223.547,0
223.637,10
223.728,0
223.818,0
223.909,0
224,18
224.09,0
224.181,0
224.271,0
224.362,19
224.452,0
224.543,12
224.633,0
224.723,10
224.814,0
224.904,0
224.995,16
225.085,10
225.175,0
225.266,0
225.356,0
225.446,0
225.536,12
225.627,0
225.717,11
225.807,0
225.897,0
225.987,4
226.077,18
226.167,0
226.258,8
226.348,0
226.438,0
226.528,0
226.618,0
226.708,24
226.798,3
226.888,0
226.978,6
227.067,7
227.157,17
227.247,0
227.337,20
227.427,25
227.517,1
227.607,10
227.696,0
227.786,0
227.876,28
227.966,95
228.055,82
228.145,0
228.235,0
228.324,21
228.414,32
228.504,4
228.593,0
228.683,0
228.772,20
228.862,6
228.951,0
229.041,0
229.13,11
229.22,31
229.309,0
229.399,0
229.488,16
229.577,11
229.667,0
229.756,0
229.845,0
229.935,1
230.024,9
230.113,0
230.203,20
230.292,0
230.381,22
230.47,0
230.559,0
230.649,14
230.738,8
230.827,0
230.916,0
231.005,19
231.094,0
231.183,8
231.272,25
231.361,0
231.45,4
231.539,0
231.628,0
231.717,0
231.806,0
231.895,0
231.984,21
232.073,38
232.162,0
232.251,0
232.339,6
232.428,8
232.517,0
232.606,0
232.695,26
232.783,0
232.872,2
232.961,0
233.049,0
233.138,6
233.227,0
233.315,0
233.404,0
233.493,0
233.581,3
233.67,0
233.758,0
233.847,6
233.935,7
234.024,0
234.112,14
234.201,0
234.289,0
234.378,0
234.466,0
234.554,9
234.643,7
234.731,0
234.819,13
234.908,3
234.996,17
235.084,0
235.172,13
235.261,20
235.349,1
235.437,0
235.525,12
235.613,0
235.702,0
235.79,0
235.878,19
235.966,53
236.054,35
236.142,140
236.23,394
236.318,279
236.406,83
236.494,0
236.582,0
236.67,0
236.758,0
236.846,8
236.934,1
237.022,16
237.11,0
237.198,5
237.285,14
237.373,29
237.461,0
237.549,0
237.637,17
237.724,24
237.812,0
237.9,0
237.988,0
238.075,14
238.163,0
238.251,5
238.338,0
238.426,12
238.513,4
238.601,13
238.689,0
238.776,2
238.864,0
238.951,4
239.039,19
239.126,0
239.214,0
239.301,2
239.389,0
239.476,0
239.563,32
239.651,25
239.738,0
239.826,0
239.913,0
240,0
240.087,0
240.175,3
240.262,0
240.349,0
240.437,11
240.524,24
240.611,29
240.698,0
240.785,160
240.872,186
240.96,72
241.047,0
241.134,0
241.221,0
241.308,10
241.395,0
241.482,0
241.569,5
241.656,13
241.743,0
241.83,0
241.917,34
242.004,13
242.091,1
242.178,0
242.265,1
242.352,0
242.438,0
242.525,2
242.612,0
242.699,0
242.786,0
242.872,0
242.959,10
243.046,0
243.133,0
243.219,0
243.306,0
243.393,0
243.479,6
243.566,0
243.653,0
243.739,0
243.826,0
243.912,0
243.999,0
244.086,0
244.172,5
244.259,21
244.345,9
244.432,0
244.518,17
244.605,20
244.691,0
244.777,0
244.864,3
244.95,8
245.037,5
245.123,0
245.209,6
245.296,14
245.382,0
245.468,1
245.554,22
245.641,0
245.727,8
245.813,20
245.899,0
245.986,0
246.072,1
246.158,0
246.244,0
246.33,0
246.416,0
246.502,0
246.589,0
246.675,11
246.761,0
246.847,18
246.933,0
247.019,38
247.105,7
247.191,6
247.277,0
247.363,6
247.449,0
247.534,1
247.62,0
247.706,0
247.792,0
247.878,0
247.964,36
248.05,5
248.135,1
248.221,25
248.307,16
248.393,7
248.479,26
248.564,4
248.65,0
248.736,0
248.821,0
248.907,0
248.993,0
249.078,0
249.164,0
249.25,0
249.335,0
249.421,41
249.506,25
249.592,11
249.677,0
249.763,8
249.848,6
249.934,0
250.019,3
250.105,3
250.19,2
250.276,0
250.361,13
250.446,26
250.532,0
250.617,0
250.703,0
250.788,0
250.873,19
250.959,15
251.044,17
251.129,2
251.214,17
251.3,0
251.385,0
251.47,4
251.555,4
251.64,4
251.726,6
251.811,22
251.896,0
251.981,7
252.066,14
252.151,12
252.236,27
252.321,0
252.406,0
252.491,13
252.576,0
252.661,0
252.746,0
252.831,0
252.916,16
253.001,0
253.086,12
253.171,31
253.256,122
253.341,73
253.426,26
253.511,7
253.596,17
253.68,0
253.765,0
253.85,33
253.935,0
254.02,0
254.104,15
254.189,27
254.274,19
254.358,39
254.443,93
254.528,90
254.613,1
254.697,0
254.782,0
254.866,0
254.951,0
255.036,0
255.12,25
255.205,4
255.289,0
255.374,8
255.458,50
255.543,136
255.627,129
255.712,40
255.796,19
255.881,2
255.965,17
256.05,2
256.134,32
256.218,22
256.303,19
256.387,10
256.472,0
256.556,11
256.64,8
256.724,0
256.809,13
256.893,0
256.977,0
257.062,9
257.146,0
257.23,11
257.314,0
257.398,0
257.483,0
257.567,0
257.651,13
257.735,0
257.819,0
257.903,41
257.987,29
258.071,0
258.156,0
258.24,0
258.324,0
258.408,0
258.492,0
258.576,0
258.66,2
258.744,13
258.828,30
258.911,4
258.995,0
259.079,10
259.163,23
259.247,0
259.331,13
259.415,0
259.499,0
259.582,15
259.666,17
259.75,0
259.834,10
259.918,19
260.001,0
260.085,0
260.169,0
260.253,0
260.336,0
260.42,0
260.504,0
260.587,8
260.671,0
260.755,0
260.838,0
260.922,7
261.005,2
261.089,4
261.173,15
261.256,2
261.34,13
261.423,13
261.507,8
261.59,12
261.674,3
261.757,0
261.841,8
261.924,6
262.007,25
262.091,0
262.174,0
262.258,0
262.341,16
262.424,22
262.508,0
262.591,0
262.674,23
262.758,3
262.841,2
262.924,0
263.008,44
263.091,10
263.174,38
263.257,0
263.34,4
263.424,6
263.507,0
263.59,2
263.673,0
263.756,24
263.839,8
263.923,10
264.006,25
264.089,0
264.172,0
264.255,19
264.338,5
264.421,0
264.504,20
264.587,16
264.67,8
264.753,0
264.836,0
264.919,6
265.002,7
265.085,4
265.168,20
265.251,12
265.333,0
265.416,0
265.499,0
265.582,0
265.665,22
265.748,13
265.831,0
265.913,0
265.996,9
266.079,0
266.162,13
266.244,43
266.327,38
266.41,0
266.493,0
266.575,0
266.658,8
266.741,0
266.823,9
266.906,54
266.989,6
267.071,13
267.154,19
267.236,24
267.319,0
267.402,4
267.484,0
267.567,7
267.649,13
267.732,9
267.814,0
267.897,8
267.979,9
268.062,0
268.144,29
268.226,78
268.309,55
268.391,26
268.474,0
268.556,2
268.638,12
268.721,2
268.803,19
268.885,4
268.968,12
269.05,14
269.132,0
269.215,0
269.297,0
269.379,0
269.461,0
269.544,11
269.626,0
269.708,16
269.79,10
269.872,2
269.955,21
270.037,27
270.119,9
270.201,0
270.283,0
270.365,0
270.447,0
270.529,2
270.611,35
270.694,34
270.776,11
270.858,52
270.94,49
271.022,172
271.104,160
271.186,90
271.268,0
271.349,3
271.431,0
271.513,3
271.595,7
271.677,13
271.759,0
271.841,0
271.923,9
272.005,0
272.086,2
272.168,0
272.25,10
272.332,0
272.414,0
272.495,5
272.577,0
272.659,3
272.741,0
272.822,9
272.904,0
272.986,7
273.068,4
273.149,0
273.231,19
273.313,17
273.394,17
273.476,0
273.557,5
273.639,0
273.721,23
273.802,0
273.884,0
273.965,10
274.047,26
274.128,0
274.21,12
274.291,1
274.373,0
274.454,16
274.536,19
274.617,3
274.699,17
274.78,0
274.862,0
274.943,6
275.024,6
275.106,0
275.187,15
275.269,16
275.35,0
275.431,0
275.513,17
275.594,0
275.675,3
275.756,0
275.838,12
275.919,0
276,15
276.082,9
276.163,0
276.244,0
276.325,17
276.406,0
276.488,0
276.569,0
276.65,16
276.731,29
276.812,0
276.893,13
276.974,9
277.055,0
277.137,0
277.218,5
277.299,0
277.38,20
277.461,6
277.542,0
277.623,23
277.704,6
277.785,16
277.866,8
277.947,0
278.028,3
278.109,0
278.19,12
278.27,0
278.351,30
278.432,14
278.513,23
278.594,0
278.675,1
278.756,29
278.837,0
278.917,0
278.998,5
279.079,19
279.16,0
279.241,4
279.321,18
279.402,0
279.483,0
279.564,12
279.644,23
279.725,0
279.806,0
279.886,0
279.967,0
280.048,0
280.128,0
280.209,0
280.29,6
280.37,0
280.451,6
280.531,24
280.612,0
280.693,0
280.773,9
280.854,1
280.934,0
281.015,0
281.095,21
281.176,24
281.256,21
281.337,0
281.417,18
281.498,69
281.578,36
281.659,0
281.739,0
281.819,0
281.9,17
281.98,0
282.061,6
282.141,0
282.221,81
282.302,125
282.382,0
282.462,0
282.543,47
282.623,25
282.703,15
282.783,0
282.864,0
282.944,15
283.024,0
283.104,0
283.185,0
283.265,0
283.345,8
283.425,0
283.505,12
283.585,15
283.666,0
283.746,0
283.826,9
283.906,10
283.986,0
284.066,0
284.146,0
284.226,12
284.306,14
284.386,0
284.466,10
284.546,2
284.626,3
284.706,0
284.786,15
284.866,7
284.946,0
285.026,13
285.106,24
285.186,14
285.266,0
285.346,0
285.426,0
285.506,0
285.586,0
285.666,2
285.745,0
285.825,19
285.905,16
285.985,13
286.065,6
286.145,8
286.224,1
286.304,8
286.384,0
286.464,0
286.543,0
286.623,0
286.703,0
286.783,5
286.862,0
286.942,0
287.022,20
287.101,30
287.181,0
287.261,19
287.34,65
287.42,91
287.5,41
287.579,3
287.659,12
287.738,0
287.818,14
287.897,0
287.977,0
288.057,6
288.136,0
288.216,14
288.295,9
288.375,0
288.454,0
288.534,0
288.613,35
288.692,35
288.772,3
288.851,0
288.931,2
289.01,3
289.09,0
289.169,0
289.248,0
289.328,32
289.407,9
289.486,0
289.566,0
289.645,19
289.724,1
289.804,2
289.883,17
289.962,10
290.042,0
290.121,22
290.2,19
290.279,8
290.359,11
290.438,0
290.517,26
290.596,24
290.675,27
290.755,10
290.834,0
290.913,14
290.992,7
291.071,0
291.15,8
291.229,9
291.308,10
291.388,0
291.467,17
291.546,0
291.625,0
291.704,28
291.783,12
291.862,0
291.941,0
292.02,17
292.099,6
292.178,11
292.257,0
292.336,16
292.415,6
292.494,18
292.573,4
292.652,2
292.73,1
292.809,20
292.888,19
292.967,0
293.046,8
293.125,3
293.204,0
293.283,0
293.361,17
293.44,0
293.519,24
293.598,0
293.677,0
293.755,1
293.834,4
293.913,21
293.992,0
294.07,0
294.149,0
294.228,33
294.307,0
294.385,0
294.464,0
294.543,0
294.621,0
294.7,5
294.779,0
294.857,18
294.936,18
295.014,34
295.093,0
295.172,1
295.25,12
295.329,6
295.407,0
295.486,17
295.564,16
295.643,14
295.722,24
295.8,39
295.879,0
295.957,0
296.036,8
296.114,0
296.192,32
296.271,6
296.349,0
296.428,1
296.506,11
296.585,12
296.663,19
296.741,0
296.82,0
296.898,0
296.977,0
297.055,0
297.133,32
297.212,18
297.29,7
297.368,0
297.446,12
297.525,0
297.603,24
297.681,108
297.76,64
297.838,28
297.916,0
297.994,0
298.073,24
298.151,15
298.229,0
298.307,0
298.385,54
298.463,37
298.542,9
298.62,0
298.698,0
298.776,8
298.854,4
298.932,2
299.01,8
299.088,0
299.167,0
299.245,20
299.323,8
299.401,0
299.479,9
299.557,9
299.635,4
299.713,9
299.791,0
299.869,0
299.947,16
300.025,0
300.103,10
300.181,0
300.259,0
300.337,0
300.415,0
300.492,51
300.57,19
300.648,5
300.726,0
300.804,14
300.882,26
300.96,0
301.038,18
301.115,0
301.193,11
301.271,0
301.349,0
301.427,20
301.504,8
301.582,7
301.66,0
301.738,0
301.816,0
301.893,11
301.971,6
302.049,0
302.126,0
302.204,0
302.282,12
302.36,0
302.437,0
302.515,31
302.593,36
302.67,41
302.748,28
302.825,0
302.903,0
302.981,26
303.058,21
303.136,0
303.213,0
303.291,10
303.369,6
303.446,9
303.524,36
303.601,44
303.679,18
303.756,18
303.834,0
303.911,4
303.989,24
304.066,0
304.144,6
304.221,0
304.299,20
304.376,11
304.453,32
304.531,0
304.608,48
304.686,18
304.763,0
304.84,0
304.918,0
304.995,0
305.072,24
305.15,0
305.227,1
305.304,39
305.382,44
305.459,27
305.536,4
305.614,25
305.691,19
305.768,0
305.845,0
305.923,3
306,0
306.077,0
306.154,43
306.232,57
306.309,0
306.386,0
306.463,4
306.54,26
306.618,0
306.695,11
306.772,20
306.849,14
306.926,0
307.003,16
307.08,0
307.157,10
307.234,0
307.312,0
307.389,0
307.466,2
307.543,0
307.62,0
307.697,24
307.774,22
307.851,0
307.928,4
308.005,13
308.082,32
308.159,0
308.236,8
308.313,0
308.39,12
308.467,0
308.544,0
308.621,15
308.697,5
308.774,0
308.851,41
308.928,54
309.005,0
309.082,25
309.159,14
309.236,3
309.312,5
309.389,0
309.466,0
309.543,7
309.62,0
309.697,24
309.773,15
309.85,12
309.927,0
310.004,16
310.08,8
310.157,22
310.234,0
310.311,0
310.387,0
310.464,23
310.541,0
310.617,9
310.694,17
310.771,22
310.847,4
310.924,0
311.001,0
311.077,11
311.154,0
311.231,0
311.307,0
311.384,21
311.46,0
311.537,0
311.614,0
311.69,2
311.767,0
311.843,18
311.92,9
311.996,6
312.073,0
312.149,0
312.226,17
312.302,0
312.379,0
312.455,28
312.532,0
312.608,0
312.685,0
312.761,35
312.838,113
312.914,55
312.99,0
313.067,3
313.143,0
313.22,0
313.296,15
313.372,0
313.449,11
313.525,25
313.601,14
313.678,0
313.754,0
313.83,20
313.907,113
313.983,108
314.059,50
314.136,11
314.212,0
314.288,0
314.364,15
314.441,8
314.517,0
314.593,25
314.669,22
314.746,0
314.822,15
314.898,8
314.974,2
315.05,16
315.127,1
315.203,0
315.279,17
315.355,0
315.431,10
315.507,29
315.583,0
315.66,0
315.736,3
315.812,0
315.888,0
315.964,0
316.04,0
316.116,0
316.192,3
316.268,0
316.344,25
316.42,11
316.496,14
316.572,19
316.648,12
316.724,0
316.8,0
316.876,4
316.952,6
317.028,3
317.104,10
317.18,36
317.256,39
317.332,29
317.408,0
317.484,0
317.56,24
317.635,0
317.711,5
317.787,4
317.863,0
317.939,0
318.015,1
318.091,1
318.166,0
318.242,7
318.318,5
318.394,0
318.47,11
318.546,12
318.621,7
318.697,4
318.773,0
318.849,15
318.924,7
319,0
319.076,22
319.152,3
319.227,1
319.303,2
319.379,19
319.454,20
319.53,0
319.606,0
319.681,7
319.757,0
319.833,0
319.908,16
319.984,0
320.06,0
320.135,31
320.211,18
320.286,6
320.362,32
320.438,34
320.513,2
320.589,0
320.664,0
320.74,5
320.815,11
320.891,0
320.966,2
321.042,34
321.117,0
321.193,0
321.268,0
321.344,0
321.419,25
321.495,32
321.57,0
321.646,0
321.721,2
321.797,4
321.872,7
321.947,13
322.023,0
322.098,11
322.174,13
322.249,0
322.324,0
322.4,0
322.475,3
322.55,11
322.626,2
322.701,14
322.776,3
322.852,8
322.927,0
323.002,0
323.078,6
323.153,0
323.228,0
323.304,6
323.379,5
323.454,0
323.529,0
323.605,22
323.68,19
323.755,0
323.83,2
323.905,8
323.981,5
324.056,0
324.131,0
324.206,9
324.281,6
324.356,0
324.432,0
324.507,16
324.582,0
324.657,0
324.732,0
324.807,26
324.882,0
324.957,33
325.033,2
325.108,6
325.183,25
325.258,43
325.333,0
325.408,0
325.483,0
325.558,0
325.633,14
325.708,6
325.783,0
325.858,0
325.933,0
326.008,11
326.083,0
326.158,13
326.233,9
326.308,4
326.383,11
326.458,0
326.533,0
326.608,0
326.682,0
326.757,1
326.832,12
326.907,37
326.982,2
327.057,0
327.132,12
327.207,6
327.281,0
327.356,0
327.431,0
327.506,7
327.581,17
327.656,0
327.73,24
327.805,8
327.88,0
327.955,1
328.03,0
328.104,0
328.179,18
328.254,0
328.329,0
328.403,0
328.478,8
328.553,0
328.627,0
328.702,0
328.777,0
328.852,0
328.926,42
329.001,27
329.076,0
329.15,0
329.225,0
329.3,14
329.374,0
329.449,0
329.523,41
329.598,99
329.673,72
329.747,24
329.822,12
329.896,33
329.971,24
330.045,4
330.12,2
330.195,10
330.269,11
330.344,0
330.418,8
330.493,13
330.567,5
330.642,0
330.716,0
330.791,2
330.865,0
330.94,3
331.014,3
331.089,3
331.163,14
331.237,0
331.312,0
331.386,1
331.461,2
331.535,56
331.61,97
331.684,62
331.758,32
331.833,0
331.907,4
331.981,6
332.056,3
332.13,0
332.205,6
332.279,24
332.353,0
332.428,0
332.502,15
332.576,6
332.65,0
332.725,0
332.799,23
332.873,25
332.948,21
333.022,21
333.096,11
333.17,25
333.245,0
333.319,2
333.393,39
333.467,0
333.541,7
333.616,7
333.69,0
333.764,25
333.838,0
333.912,30
333.987,33
334.061,0
334.135,32
334.209,8
334.283,0
334.357,0
334.431,0
334.506,22
334.58,55
334.654,31
334.728,21
334.802,2
334.876,1
334.95,0
335.024,5
335.098,16
335.172,0
335.246,4
335.32,32
335.394,171
335.468,124
335.542,19
335.616,0
335.69,2
335.764,0
335.838,0
335.912,0
335.986,29
336.06,8
336.134,0
336.208,0
336.282,0
336.356,36
336.43,66
336.504,134
336.578,100
336.652,31
336.726,10
336.799,33
336.873,36
336.947,0
337.021,49
337.095,60
337.169,34
337.243,162
337.316,108
337.39,40
337.464,8
337.538,0
337.612,0
337.686,0
337.759,1
337.833,27
337.907,0
337.981,39
338.054,20
338.128,2
338.202,0
338.276,13
338.349,11
338.423,16
338.497,0
338.571,28
338.644,11
338.718,0
338.792,0
338.865,10
338.939,3
339.013,34
339.086,0
339.16,11
339.234,172
339.307,213
339.381,114
339.455,1
339.528,0
339.602,0
339.675,0
339.749,0
339.823,0
339.896,0
339.97,0
340.043,23
340.117,7
340.191,8
340.264,24
340.338,20
340.411,162
340.485,213
340.558,74
340.632,25
340.705,0
340.779,0
340.852,0
340.926,17
340.999,0
341.073,0
341.146,35
341.22,0
341.293,0
341.367,19
341.44,76
341.513,80
341.587,128
341.66,76
341.734,125
341.807,158
341.88,83
341.954,128
342.027,158
342.101,253
342.174,156
342.247,87
342.321,21
342.394,115
342.467,152
342.541,159
342.614,64
342.687,0
342.761,0
342.834,1
342.907,138
342.981,209
343.054,161
343.127,84
343.2,0
343.274,2
343.347,13
343.42,166
343.494,308
343.567,222
343.64,83
343.713,0
343.786,52
343.86,66
343.933,37
344.006,0
344.079,0
344.152,6
344.226,3
344.299,0
344.372,6
344.445,0
344.518,0
344.591,0
344.665,56
344.738,145
344.811,176
344.884,109
344.957,16
345.03,0
345.103,13
345.176,13
345.249,0
345.322,33
345.396,8
345.469,13
345.542,0
345.615,0
345.688,0
345.761,3
345.834,6
345.907,11
345.98,0
346.053,11
346.126,8
346.199,10
346.272,27
346.345,0
346.418,4
346.491,15
346.564,0
346.637,10
346.71,9
346.783,7
346.856,0
346.929,18
347.001,0
347.074,0
347.147,0
347.22,0
347.293,5
347.366,0
347.439,6
347.512,0
347.585,13
347.657,21
347.73,0
347.803,4
347.876,20
347.949,0
348.022,9
348.094,0
348.167,8
348.24,0
348.313,10
348.386,17
348.458,13
348.531,0
348.604,0
348.677,28
348.75,4
348.822,0
348.895,0
348.968,26
349.041,19
349.113,0
349.186,0
349.259,7
349.331,6
349.404,16
349.477,20
349.55,1
349.622,0
349.695,0
349.768,29
349.84,8
349.913,0
349.986,10
350.058,16
350.131,0
350.204,17
350.276,0
350.349,8
350.421,5
350.494,0
350.567,13
350.639,0
350.712,30
350.784,32
350.857,0
350.929,0
351.002,50
351.075,19
351.147,0
351.22,0
351.292,0
351.365,0
351.437,0
351.51,2
351.582,34
351.655,0
351.727,11
351.8,0
351.872,0
351.945,0
352.017,47
352.09,26
352.162,2
352.235,0
352.307,10
352.38,0
352.452,0
352.524,11
352.597,14
352.669,0
352.742,7
352.814,36
352.886,9
352.959,0
353.031,25
353.104,0
353.176,0
353.248,0
353.321,8
353.393,12
353.465,18
353.538,0
353.61,0
353.682,12
353.755,0
353.827,0
353.899,19
353.972,0
354.044,0
354.116,5
354.188,0
354.261,0
354.333,8
354.405,0
354.478,18
354.55,12
354.622,4
354.694,7
354.767,0
354.839,0
354.911,26
354.983,16
355.055,9
355.128,28
355.2,12
355.272,21
355.344,0
355.416,9
355.489,0
355.561,1
355.633,12
355.705,0
355.777,8
355.849,19
355.921,0
355.994,6
356.066,6
356.138,22
356.21,0
356.282,0
356.354,0
356.426,10
356.498,11
356.57,0
356.642,0
356.714,0
356.787,15
356.859,0
356.931,0
357.003,0
357.075,25
357.147,0
357.219,4
357.291,22
357.363,0
357.435,0
357.507,2
357.579,0
357.651,9
357.723,1
357.795,0
357.867,0
357.939,21
358.011,19
358.083,0
358.154,0
358.226,52
358.298,18
358.37,0
358.442,0
358.514,4
358.586,17
358.658,12
358.73,0
358.802,0
358.874,0
358.945,0
359.017,11
359.089,8
359.161,4
359.233,32
359.305,22
359.377,2
359.448,0
359.52,34
359.592,22
359.664,16
359.736,0
359.807,0
359.879,23
359.951,0
360.023,0
360.095,25
360.166,8
360.238,14
360.31,15
360.382,0
360.453,23
360.525,62
360.597,17
360.669,12
360.74,3
360.812,9
360.884,0
360.956,19
361.027,7
361.099,0
361.171,0
361.242,0
361.314,0
361.386,1
361.457,0
361.529,26
361.601,18
361.672,10
361.744,14
361.816,0
361.887,1
361.959,9
362.03,7
362.102,0
362.174,0
362.245,21
362.317,0
362.388,0
362.46,7
362.532,41
362.603,48
362.675,17
362.746,11
362.818,0
362.889,38
362.961,21
363.032,33
363.104,19
363.176,0
363.247,0
363.319,0
363.39,6
363.462,14
363.533,0
363.605,0
363.676,20
363.748,36
363.819,0
363.89,0
363.962,0
364.033,32
364.105,14
364.176,14
364.248,0
364.319,0
364.391,11
364.462,7
364.533,0
364.605,0
364.676,9
364.748,21
364.819,0
364.89,16
364.962,11
365.033,11
365.104,0
365.176,8
365.247,0
365.319,1
365.39,20
365.461,21
365.533,10
365.604,4
365.675,34
365.747,0
365.818,0
365.889,7
365.96,12
366.032,0
366.103,9
366.174,32
366.246,0
366.317,2
366.388,11
366.459,22
366.531,6
366.602,0
366.673,0
366.744,16
366.816,36
366.887,0
366.958,0
367.029,16
367.1,0
367.172,0
367.243,0
367.314,0
367.385,20
367.456,0
367.528,0
367.599,0
367.67,7
367.741,0
367.812,18
367.883,37
367.955,11
368.026,2
368.097,0
368.168,0
368.239,0
368.31,0
368.381,0
368.452,14
368.523,0
368.595,0
368.666,30
368.737,0
368.808,0
368.879,6
368.95,8
369.021,12
369.092,6
369.163,16
369.234,8
369.305,20
369.376,10
369.447,0
369.518,0
369.589,0
369.66,0
369.731,0
369.802,0
369.873,4
369.944,82
370.015,85
370.086,39
370.157,0
370.228,0
370.299,46
370.37,63
370.441,12
370.512,0
370.583,5
370.654,0
370.725,29
370.796,79
370.866,55
370.937,0
371.008,4
371.079,14
371.15,0
371.221,0
371.292,24
371.363,1
371.434,9
371.504,49
371.575,117
371.646,54
371.717,19
371.788,21
371.859,36
371.93,4
372,9
372.071,0
372.142,0
372.213,0
372.284,2
372.354,0
372.425,0
372.496,32
372.567,24
372.638,3
372.708,32
372.779,54
372.85,8
372.921,1
372.991,0
373.062,0
373.133,0
373.204,27
373.274,22
373.345,0
373.416,72
373.486,68
373.557,169
373.628,146
373.699,50
373.769,0
373.84,0
373.911,5
373.981,0
374.052,0
374.123,0
374.193,0
374.264,0
374.335,0
374.405,0
374.476,0
374.546,6
374.617,0
374.688,29
374.758,0
374.829,0
374.9,19
374.97,0
375.041,14
375.111,4
375.182,0
375.252,0
375.323,24
375.394,0
375.464,0
375.535,38
375.605,6
375.676,10
375.746,0
375.817,0
375.887,20
375.958,7
376.028,0
376.099,0
376.17,15
376.24,9
376.311,0
376.381,29
376.451,9
376.522,0
376.592,16
376.663,22
376.733,0
376.804,4
376.874,0
376.945,0
377.015,0
377.086,22
377.156,11
377.227,5
377.297,2
377.367,179
377.438,152
377.508,58
377.579,0
377.649,0
377.719,30
377.79,0
377.86,0
377.931,0
378.001,0
378.071,0
378.142,0
378.212,0
378.282,0
378.353,0
378.423,19
378.493,0
378.564,0
378.634,22
378.704,0
378.775,18
378.845,0
378.915,2
378.986,7
379.056,19
379.126,5
379.196,2
379.267,0
379.337,0
379.407,0
379.478,0
379.548,39
379.618,34
379.688,0
379.759,7
379.829,80
379.899,95
379.969,41
380.04,5
380.11,18
380.18,19
380.25,8
380.32,6
380.391,0
380.461,0
380.531,16
380.601,4
380.671,0
380.741,4
380.812,0
380.882,0
380.952,0
381.022,20
381.092,0
381.162,0
381.233,0
381.303,7
381.373,0
381.443,0
381.513,0
381.583,0
381.653,12
381.723,11
381.793,19
381.864,14
381.934,34
382.004,30
382.074,26
382.144,0
382.214,12
382.284,4
382.354,0
382.424,21
382.494,9
382.564,0
382.634,0
382.704,0
382.774,0
382.844,4
382.914,31
382.984,5
383.054,10
383.124,13
383.194,155
383.264,106
383.334,28
383.404,1
383.474,0
383.544,39
383.614,51
383.684,40
383.754,19
383.824,11
383.894,0
383.964,0
384.034,0
384.104,14
384.174,5
384.244,2
384.314,14
384.384,24
384.453,0
384.523,0
384.593,6
384.663,0
384.733,0
384.803,0
384.873,0
384.943,1
385.013,0
385.082,19
385.152,0
385.222,17
385.292,8
385.362,0
385.432,0
385.502,9
385.571,15
385.641,17
385.711,4
385.781,21
385.851,8
385.92,0
385.99,0
386.06,8
386.13,31
386.2,14
386.269,3
386.339,0
386.409,12
386.479,127
386.548,215
386.618,79
386.688,29
386.758,0
386.827,0
386.897,6
386.967,0
387.037,0
387.106,13
387.176,3
387.246,0
387.316,0
387.385,0
387.455,55
387.525,88
387.594,54
387.664,58
387.734,49
387.803,0
387.873,0
387.943,0
388.012,3
388.082,0
388.152,0
388.221,0
388.291,0
388.361,0
388.43,0
388.5,0
388.569,40
388.639,4
388.709,0
388.778,8
388.848,15
388.918,0
388.987,0
389.057,2
389.126,6
389.196,14
389.265,1
389.335,4
389.405,9
389.474,19
389.544,0
389.613,0
389.683,32
389.752,13
389.822,6
389.891,12
389.961,0
390.03,1
390.1,0
390.169,0
390.239,7
390.309,0
390.378,8
390.448,16
390.517,0
390.586,16
390.656,4
390.725,17
390.795,0
390.864,14
390.934,57
391.003,45
391.073,20
391.142,0
391.212,0
391.281,0
391.351,0
391.42,14
391.489,4
391.559,5
391.628,17
391.698,17
391.767,7
391.836,0
391.906,9
391.975,5
392.045,0
392.114,2
392.183,5
392.253,2
392.322,21
392.391,23
392.461,4
392.53,6
392.6,7
392.669,29
392.738,0
392.808,24
392.877,16
392.946,0
393.016,9
393.085,0
393.154,0
393.224,12
393.293,0
393.362,0
393.431,0
393.501,41
393.57,14
393.639,0
393.709,15
393.778,7
393.847,0
393.916,0
393.986,0
394.055,2
394.124,0
394.193,0
394.263,0
394.332,0
394.401,0
394.47,0
394.54,0
394.609,0
394.678,25
394.747,19
394.816,34
394.886,0
394.955,0
395.024,3
395.093,0
395.162,18
395.232,0
395.301,0
395.37,0
395.439,19
395.508,5
395.577,0
395.647,11
395.716,26
395.785,14
395.854,8
395.923,5
395.992,0
396.061,7
396.13,0
396.2,0
396.269,0
396.338,0
396.407,0
396.476,0
396.545,12
396.614,16
396.683,0
396.752,0
396.821,0
396.89,22
396.96,0
397.029,26
397.098,4
397.167,18
397.236,17
397.305,0
397.374,0
397.443,2
397.512,4
397.581,3
397.65,0
397.719,7
397.788,0
397.857,7
397.926,0
397.995,2
398.064,19
398.133,4
398.202,4
398.271,5
398.34,0
398.409,0
398.478,5
398.547,2
398.616,5
398.685,9
398.754,14
398.823,16
398.892,9
398.961,1
399.029,0
399.098,6
399.167,0
399.236,13
399.305,0
399.374,26
399.443,23
399.512,0
399.581,0
399.65,0
399.719,0
399.787,0
399.856,0
399.925,1
399.994,5
400.063,0
400.132,10
400.201,4
400.27,0
400.338,0
400.407,19
400.476,7
400.545,0
400.614,0
400.683,0
400.751,4
400.82,1
400.889,0
400.958,13
401.027,26
401.096,13
401.164,13
401.233,10
401.302,0
401.371,16
401.439,0
401.508,0
401.577,6
401.646,0
401.715,0
401.783,20
401.852,14
401.921,8
401.99,0
402.058,0
402.127,4
402.196,14
402.265,3
402.333,0
402.402,0
402.471,0
402.539,0
402.608,0
402.677,0
402.746,0
402.814,0
402.883,24
402.952,0
403.02,0
403.089,14
403.158,3
403.226,10
403.295,0
403.364,12
403.432,18
403.501,3
403.57,12
403.638,0
403.707,0
403.776,14
403.844,0
403.913,8
403.981,0
404.05,13
404.119,0
404.187,0
404.256,7
404.325,22
404.393,0
404.462,0
404.53,5
404.599,0
404.667,0
404.736,0
404.805,24
404.873,25
404.942,2
405.01,0
405.079,25
405.147,9
405.216,13
405.285,36
405.353,84
405.422,103
405.49,82
405.559,16
405.627,0
405.696,13
405.764,6
405.833,0
405.901,7
405.97,4
406.038,7
406.107,0
406.175,0
406.244,0
406.312,0
406.381,0
406.449,0
406.518,16
406.586,0
406.655,11
406.723,40
406.792,13
406.86,0
406.928,0
406.997,0
407.065,9
407.134,0
407.202,0
407.271,25
407.339,21
407.407,0
407.476,0
407.544,0
407.613,0
407.681,14
407.75,0
407.818,0
407.886,3
407.955,1
408.023,0
408.091,2
408.16,0
408.228,31
408.297,0
408.365,0
408.433,8
408.502,8
408.57,33
408.638,13
408.707,18
408.775,3
408.843,18
408.912,12
408.98,0
409.048,17
409.117,0
409.185,0
409.253,5
409.322,57
409.39,52
409.458,25
409.527,21
409.595,0
409.663,7
409.731,2
409.8,0
409.868,10
409.936,10
410.004,30
410.073,0
410.141,0
410.209,0
410.277,0
410.346,3
410.414,0
410.482,13
410.55,0
410.619,19
410.687,20
410.755,9
410.823,0
410.892,0
410.96,8
411.028,0
411.096,1
411.164,0
411.233,0
411.301,0
411.369,1
411.437,18
411.505,5
411.574,0
411.642,20
411.71,19
411.778,1
411.846,4
411.914,0
411.982,18
412.051,12
412.119,0
412.187,0
412.255,0
412.323,0
412.391,30
412.459,0
412.528,0
412.596,8
412.664,11
412.732,16
412.8,0
412.868,5
412.936,15
413.004,9
413.072,38
413.14,160
413.209,126
413.277,36
413.345,10
413.413,0
413.481,9
413.549,27
413.617,11
413.685,0
413.753,6
413.821,0
413.889,14
413.957,0
414.025,0
414.093,25
414.161,41
414.229,3
414.297,2
414.365,0
414.433,1
414.501,0
414.569,3
414.637,21
414.705,14
414.773,8
414.841,0
414.909,10
414.977,17
415.045,0
415.113,0
415.181,0
415.249,20
415.317,15
415.385,11
415.453,35
415.521,3
415.589,3
415.657,32
415.725,15
415.793,0
415.861,0
415.929,0
415.997,46
416.065,40
416.132,24
416.2,0
416.268,5
416.336,22
416.404,12
416.472,0
416.54,0
416.608,20
416.676,4
416.744,6
416.811,6
416.879,0
416.947,0
417.015,14
417.083,14
417.151,0
417.219,0
417.287,10
417.354,0
417.422,0
417.49,26
417.558,6
417.626,17
417.694,16
417.761,0
417.829,15
417.897,0
417.965,7
418.033,14
418.1,0
418.168,0
418.236,0
418.304,3
418.372,0
418.439,24
418.507,31
418.575,0
418.643,0
418.711,11
418.778,10
418.846,30
418.914,0
418.982,4
419.049,30
419.117,9
419.185,0
419.253,19
419.32,0
419.388,6
419.456,2
419.524,0
419.591,2
419.659,13
419.727,0
419.795,18
419.862,14
419.93,7
419.998,9
420.065,0
420.133,10
420.201,0
420.268,25
420.336,0
420.404,0
420.471,0
420.539,21
420.607,2
420.674,13
420.742,0
420.81,0
420.877,63
420.945,25
421.013,0
421.08,0
421.148,0
421.216,12
421.283,0
421.351,0
421.419,0
421.486,0
421.554,1
421.621,0
421.689,0
421.757,37
421.824,19
421.892,3
421.96,0
422.027,2
422.095,11
422.162,22
422.23,43
422.297,253
422.365,178
422.433,77
422.5,0
422.568,0
422.635,0
422.703,0
422.77,11
422.838,15
422.906,2
422.973,14
423.041,0
423.108,10
423.176,19
423.243,22
423.311,5
423.378,66
423.446,22
423.513,15
423.581,4
423.648,126
423.716,244
423.783,200
423.851,61
423.918,31
423.986,0
424.053,0
424.121,0
424.188,0
424.256,0
424.323,18
424.391,7
424.458,0
424.526,0
424.593,0
424.661,0
424.728,0
424.796,14
424.863,0
424.93,36
424.998,56
425.065,42
425.133,14
425.2,0
425.268,0
425.335,0
425.402,0
425.47,0
425.537,0
425.605,22
425.672,22
425.74,56
425.807,17
425.874,11
425.942,5
426.009,0
426.076,9
426.144,0
426.211,0
426.279,3
426.346,11
426.413,0
426.481,34
426.548,102
426.615,77
426.683,25
426.75,0
426.817,0
426.885,0
426.952,11
427.02,30
427.087,21
427.154,0
427.222,0
427.289,19
427.356,0
427.423,0
427.491,0
427.558,0
427.625,36
427.693,21
427.76,6
427.827,0
427.895,0
427.962,8
428.029,27
428.096,23
428.164,18
428.231,0
428.298,21
428.366,4
428.433,0
428.5,0
428.567,7
428.635,34
428.702,0
428.769,16
428.836,4
428.904,0
428.971,0
429.038,9
429.105,0
429.173,34
429.24,21
429.307,0
429.374,13
429.441,16
429.509,0
429.576,20
429.643,0
429.71,48
429.777,85
429.845,41
429.912,5
429.979,0
430.046,0
430.113,11
430.181,0
430.248,8
430.315,0
430.382,7
430.449,0
430.516,2
430.584,3
430.651,9
430.718,28
430.785,0
430.852,26
430.919,36
430.986,0
431.054,0
431.121,10
431.188,12
431.255,0
431.322,13
431.389,14
431.456,0
431.523,16
431.59,0
431.658,0
431.725,0
431.792,11
431.859,26
431.926,0
431.993,0
432.06,0
432.127,9
432.194,15
432.261,61
432.328,94
432.396,52
432.463,0
432.53,0
432.597,0
432.664,0
432.731,0
432.798,20
432.865,1
432.932,4
432.999,0
433.066,8
433.133,0
433.2,0
433.267,14
433.334,3
433.401,17
433.468,6
433.535,5
433.602,18
433.669,11
433.736,0
433.803,0
433.87,28
433.937,10
434.004,0
434.071,0
434.138,13
434.205,9
434.272,0
434.339,3
434.406,35
434.473,0
434.54,0
434.607,4
434.674,0
434.741,0
434.808,26
434.875,15
434.942,0
435.009,0
435.076,25
435.143,34
435.209,2
435.276,20
435.343,18
435.41,0
435.477,0
435.544,0
435.611,0
435.678,0
435.745,0
435.812,0
435.879,0
435.946,11
436.012,28
436.079,16
436.146,0
436.213,34
436.28,0
436.347,0
436.414,5
436.481,0
436.547,0
436.614,3
436.681,0
436.748,12
436.815,0
436.882,17
436.949,10
437.015,19
437.082,0
437.149,7
437.216,0
437.283,44
437.35,44
437.417,22
437.483,0
437.55,9
437.617,0
437.684,2
437.751,0
437.817,8
437.884,0
437.951,0
438.018,0
438.085,8
438.151,29
438.218,5
438.285,6
438.352,11
438.419,12
438.485,5
438.552,0
438.619,0
438.686,0
438.752,0
438.819,10
438.886,17
438.953,14
439.019,10
439.086,0
439.153,0
439.22,14
439.286,3
439.353,7
439.42,0
439.487,0
439.553,0
439.62,1
439.687,14
439.754,0
439.82,4
439.887,21
439.954,8
440.02,0
440.087,0
440.154,10
440.22,2
440.287,0
440.354,9
440.421,13
440.487,2
440.554,0
440.621,0
440.687,0
440.754,3
440.821,11
440.887,22
440.954,70
441.021,104
441.087,86
441.154,8
441.221,0
441.287,0
441.354,22
441.421,5
441.487,23
441.554,0
441.62,35
441.687,16
441.754,0
441.82,0
441.887,35
441.954,0
442.02,16
442.087,13
442.153,19
442.22,14
442.287,9
442.353,13
442.42,3
442.486,5
442.553,2
442.62,2
442.686,0
442.753,0
442.819,0
442.886,2
442.953,0
443.019,4
443.086,3
443.152,0
443.219,0
443.285,13
443.352,19
443.418,0
443.485,12
443.552,0
443.618,0
443.685,7
443.751,0
443.818,0
443.884,0
443.951,1
444.017,0
444.084,0
444.15,22
444.217,0
444.283,6
444.35,9
444.416,28
444.483,0
444.549,0
444.616,28
444.682,30
444.749,3
444.815,29
444.882,13
444.948,11
445.015,0
445.081,0
445.148,0
445.214,0
445.281,11
445.347,29
445.414,28
445.48,0
445.547,0
445.613,13
445.68,12
445.746,3
445.812,5
445.879,21
445.945,0
446.012,39
446.078,4
446.145,0
446.211,29
446.278,4
446.344,0
446.41,0
446.477,99
446.543,33
446.61,2
446.676,0
446.742,13
446.809,0
446.875,4
446.942,8
447.008,0
447.074,13
447.141,19
447.207,0
447.274,0
447.34,3
447.406,3
447.473,9
447.539,0
447.606,0
447.672,26
447.738,8
447.805,0
447.871,0
447.937,6
448.004,0
448.07,21
448.136,0
448.203,0
448.269,0
448.335,32
448.402,7
448.468,0
448.534,0
448.601,0
448.667,36
448.733,57
448.8,17
448.866,2
448.932,6
448.999,0
449.065,9
449.131,0
449.198,33
449.264,23
449.33,28
449.396,2
449.463,22
449.529,9
449.595,0
449.662,16
449.728,22
449.794,22
449.86,0
449.927,14
449.993,22
450.059,0
450.126,0
450.192,22
450.258,26
450.324,0
450.391,2
450.457,10
450.523,0
450.589,5
450.656,0
450.722,27
450.788,12
450.854,0
450.921,16
450.987,19
451.053,0
451.119,37
451.185,6
451.252,5
451.318,5
451.384,11
451.45,10
451.516,0
451.583,2
451.649,23
451.715,0
451.781,0
451.847,0
451.914,31
451.98,0
452.046,0
452.112,18
452.178,17
452.245,31
452.311,7
452.377,0
452.443,37
452.509,20
452.575,11
452.642,0
452.708,0
452.774,21
452.84,15
452.906,8
452.972,19
453.038,0
453.105,7
453.171,21
453.237,22
453.303,10
453.369,0
453.435,13
453.501,0
453.568,13
453.634,0
453.7,12
453.766,0
453.832,0
453.898,16
453.964,5
454.03,20
454.096,11
454.162,0
454.229,3
454.295,58
454.361,7
454.427,14
454.493,0
454.559,0
454.625,13
454.691,13
454.757,22
454.823,11
454.889,22
454.955,12
455.022,14
455.088,16
455.154,8
455.22,17
455.286,4
455.352,4
455.418,15
455.484,0
455.55,24
455.616,0
455.682,0
455.748,2
455.814,0
455.88,12
455.946,7
456.012,0
456.078,1
456.144,6
456.21,10
456.276,0
456.342,0
456.408,22
456.474,0
456.54,0
456.606,0
456.672,24
456.738,0
456.804,8
456.87,1
456.936,0
457.002,0
457.068,21
457.134,16
457.2,40
457.266,0
457.332,0
457.398,0
457.464,0
457.53,8
457.596,0
457.662,9
457.728,10
457.794,0
457.86,0
457.926,4
457.992,18
458.058,0
458.124,9
458.19,27
458.255,0
458.321,3
458.387,20
458.453,10
458.519,8
458.585,21
458.651,12
458.717,0
458.783,12
458.849,0
458.915,16
458.981,24
459.046,15
459.112,0
459.178,0
459.244,33
459.31,22
459.376,4
459.442,8
459.508,0
459.574,0
459.64,0
459.705,5
459.771,8
459.837,19
459.903,15
459.969,0
460.035,32
460.101,32
460.166,0
460.232,15
460.298,8
460.364,0
460.43,9
460.496,0
460.562,0
460.627,13
460.693,11
460.759,10
460.825,0
460.891,13
460.957,19
461.022,0
461.088,0
461.154,0
461.22,21
461.286,13
461.352,5
461.417,0
461.483,15
461.549,1
461.615,10
461.681,0
461.746,11
461.812,0
461.878,18
461.944,12
462.01,17
462.075,8
462.141,9
462.207,3
462.273,10
462.339,0
462.404,0
462.47,17
462.536,23
462.602,0
462.667,0
462.733,4
462.799,5
462.865,0
462.93,16
462.996,0
463.062,0
463.128,6
463.193,0
463.259,0
463.325,0
463.391,3
463.456,10
463.522,6
463.588,19
463.654,3
463.719,19
463.785,16
463.851,20
463.917,0
463.982,0
464.048,0
464.114,21
464.179,16
464.245,30
464.311,19
464.377,1
464.442,12
464.508,22
464.574,0
464.639,9
464.705,0
464.771,18
464.836,0
464.902,12
464.968,5
465.033,11
465.099,0
465.165,0
465.23,0
465.296,7
465.362,0
465.427,0
465.493,5
465.559,22
465.624,0
465.69,0
465.756,0
465.821,30
465.887,7
465.953,0
466.018,0
466.084,6
466.15,14
466.215,26
466.281,0
466.347,7
466.412,13
466.478,0
466.543,0
466.609,0
466.675,10
466.74,7
466.806,0
466.872,0
466.937,24
467.003,17
467.068,0
467.134,0
467.2,8
467.265,0
467.331,4
467.396,0
467.462,50
467.528,22
467.593,2
467.659,12
467.724,4
467.79,0
467.855,7
467.921,0
467.987,24
468.052,1
468.118,0
468.183,8
468.249,8
468.314,0
468.38,17
468.446,0
468.511,0
468.577,33
468.642,4
468.708,17
468.773,5
468.839,0
468.904,0
468.97,0
469.035,22
469.101,0
469.167,7
469.232,0
469.298,0
469.363,13
469.429,0
469.494,15
469.56,6
469.625,0
469.691,0
469.756,0
469.822,0
469.887,0
469.953,2
470.018,2
470.084,9
470.149,0
470.215,15
470.28,18
470.346,0
470.411,19
470.477,17
470.542,15
470.608,0
470.673,3
470.739,17
470.804,2
470.87,0
470.935,0
471.001,10
471.066,0
471.131,9
471.197,0
471.262,13
471.328,14
471.393,6
471.459,0
471.524,0
471.59,11
471.655,12
471.721,0
471.786,8
471.851,20
471.917,4
471.982,18
472.048,0
472.113,21
472.179,10
472.244,0
472.309,0
472.375,0
472.44,30
472.506,30
472.571,0
472.637,0
472.702,45
472.767,27
472.833,9
472.898,0
472.964,0
473.029,0
473.094,0
473.16,0
473.225,15
473.291,20
473.356,0
473.421,0
473.487,0
473.552,32
473.617,18
473.683,0
473.748,0
473.814,0
473.879,24
473.944,0
474.01,46
474.075,30
474.14,8
474.206,0
474.271,19
474.337,18
474.402,0
474.467,0
474.533,11
474.598,7
474.663,15
474.729,13
474.794,0
474.859,0
474.925,2
474.99,0
475.055,6
475.121,0
475.186,0
475.251,4
475.317,0
475.382,21
475.447,0
475.513,20
475.578,8
475.643,0
475.709,16
475.774,8
475.839,0
475.904,1
475.97,0
476.035,33
476.1,39
476.166,8
476.231,0
476.296,31
476.362,0
476.427,0
476.492,11
476.557,13
476.623,0
476.688,10
476.753,0
476.819,8
476.884,0
476.949,8
477.014,0
477.08,0
477.145,0
477.21,14
477.275,6
477.341,4
477.406,0
477.471,25
477.536,9
477.602,4
477.667,8
477.732,0
477.797,4
477.863,11
477.928,0
477.993,3
478.058,15
478.124,0
478.189,0
478.254,5
478.319,0
478.384,0
478.45,0
478.515,9
478.58,9
478.645,0
478.711,0
478.776,15
478.841,20
478.906,8
478.971,0
479.037,0
479.102,11
479.167,2
479.232,7
479.297,17
479.363,10
479.428,18
479.493,0
479.558,14
479.623,0
479.689,24
479.754,0
479.819,11
479.884,0
479.949,13
480.014,0
480.08,0
480.145,21
480.21,26
480.275,0
480.34,0
480.405,0
480.471,0
480.536,25
480.601,15
480.666,0
480.731,2
480.796,9
480.862,0
480.927,0
480.992,0
481.057,0
481.122,6
481.187,12
481.252,5
481.318,0
481.383,0
481.448,8
481.513,12
481.578,0
481.643,14
481.708,17
481.773,19
481.839,0
481.904,0
481.969,3
482.034,20
482.099,0
482.164,4
482.229,0
482.294,0
482.359,26
482.424,0
482.49,0
482.555,0
482.62,0
482.685,16
482.75,0
482.815,0
482.88,11
482.945,30
483.01,0
483.075,0
483.14,19
483.206,0
483.271,0
483.336,26
483.401,0
483.466,0
483.531,34
483.596,25
483.661,0
483.726,2
483.791,12
483.856,1
483.921,1
483.986,0
484.051,24
484.116,0
484.181,8
484.246,12
484.312,9
484.377,5
484.442,13
484.507,0
484.572,2
484.637,37
484.702,0
484.767,17
484.832,6
484.897,11
484.962,0
485.027,0
485.092,22
485.157,3
485.222,24
485.287,47
485.352,21
485.417,23
485.482,0
485.547,0
485.612,33
485.677,0
485.742,0
485.807,0
485.872,23
485.937,0
486.002,0
486.067,0
486.132,43
486.197,3
486.262,0
486.327,0
486.392,22
486.457,7
486.522,0
486.587,0
486.652,0
486.717,0
486.782,0
486.847,36
486.912,0
486.977,0
487.042,31
487.107,21
487.172,4
487.237,5
487.301,23
487.366,0
487.431,43
487.496,13
487.561,5
487.626,3
487.691,6
487.756,0
487.821,0
487.886,26
487.951,2
488.016,9
488.081,10
488.146,25
488.211,20
488.276,11
488.341,5
488.405,13
488.47,8
488.535,0
488.6,20
488.665,45
488.73,0
488.795,0
488.86,32
488.925,0
488.99,2
489.055,12
489.119,0
489.184,0
489.249,6
489.314,6
489.379,16
489.444,2
489.509,0
489.574,8
489.639,0
489.704,0
489.768,5
489.833,10
489.898,0
489.963,0
490.028,10
490.093,0
490.158,19
490.223,7
490.287,0
490.352,0
490.417,22
490.482,4
490.547,0
490.612,0
490.677,0
490.742,7
490.806,0
490.871,0
490.936,18
491.001,0
491.066,2
491.131,10
491.195,7
491.26,0
491.325,15
491.39,23
491.455,7
491.52,0
491.585,43
491.649,16
491.714,3
491.779,11
491.844,0
491.909,0
491.973,20
492.038,0
492.103,0
492.168,0
492.233,19
492.298,12
492.362,2
492.427,0
492.492,0
492.557,18
492.622,0
492.686,0
492.751,16
492.816,0
492.881,0
492.946,0
493.01,0
493.075,0
493.14,20
493.205,20
493.27,0
493.334,0
493.399,0
493.464,0
493.529,37
493.594,26
493.658,0
493.723,0
493.788,18
493.853,2
493.917,12
493.982,0
494.047,4
494.112,5
494.177,19
494.241,24
494.306,4
494.371,15
494.436,0
494.5,0
494.565,1
494.63,0
494.695,0
494.759,1
494.824,12
494.889,0
494.954,0
495.018,5
495.083,0
495.148,21
495.213,5
495.277,16
495.342,0
495.407,0
495.472,18
495.536,0
495.601,0
495.666,0
495.73,8
495.795,20
495.86,11
495.925,17
495.989,6
496.054,27
496.119,0
496.183,0
496.248,13
496.313,11
496.378,1
496.442,3
496.507,0
496.572,4
496.636,0
496.701,0
496.766,0
496.831,8
496.895,0
496.96,16
497.025,0
497.089,0
497.154,0
497.219,0
497.283,14
497.348,0
497.413,4
497.477,13
497.542,0
497.607,0
497.671,0
497.736,12
497.801,18
497.865,0
497.93,0
497.995,0
498.059,17
498.124,7
498.189,4
498.253,0
498.318,21
498.383,12
498.447,4
498.512,14
498.577,2
498.641,0
498.706,0
498.771,29
498.835,0
498.9,0
498.965,2
499.029,17
499.094,0
499.159,0
499.223,5
499.288,0
499.352,14
499.417,0
499.482,0
499.546,4
499.611,0
499.676,2
499.74,21
