59.6745,0
59.7814,6
59.8883,43
59.9952,46
60.1021,7
60.209,0
60.3159,9
60.4228,4
60.5296,24
60.6365,6
60.7434,19
60.8503,18
60.9572,12
61.0641,29
61.171,8
61.2779,0
61.3848,0
61.4917,2
61.5986,33
61.7055,5
61.8124,0
61.9193,8
62.0261,36
62.133,0
62.2399,0
62.3468,8
62.4537,14
62.5606,0
62.6675,23
62.7744,7
62.8813,17
62.9882,5
63.0951,21
63.202,11
63.3089,17
63.4158,11
63.5226,10
63.6295,0
63.7364,0
63.8433,7
63.9502,0
64.0571,1
64.164,0
64.2709,0
64.3778,0
64.4847,0
64.5916,12
64.6985,22
64.8054,1
64.9123,25
65.0192,0
65.1261,6
65.2329,0
65.3398,0
65.4467,16
65.5536,0
65.6605,11
65.7674,23
65.8743,4
65.9812,3
66.0881,0
66.195,2
66.3019,26
66.4088,2
66.5157,8
66.6226,0
66.7295,6
66.8364,19
66.9433,0
67.0502,0
67.157,16
67.2639,0
67.3708,30
67.4777,0
67.5846,32
67.6915,24
67.7984,0
67.9053,2
68.0122,0
68.1191,0
68.226,21
68.3329,5
68.4398,0
68.5467,0
68.6536,6
68.7605,15
68.8674,0
68.9743,8
69.0812,7
69.1881,0
69.295,0
69.4018,10
69.5087,7
69.6156,0
69.7225,8
69.8294,2
69.9363,0
70.0432,0
70.1501,33
70.257,10
70.3639,0
70.4708,0
70.5777,23
70.6846,18
70.7915,13
70.8984,0
71.0053,30
71.1122,1
71.2191,15
71.326,1
71.4329,0
71.5398,0
71.6467,21
71.7536,0
71.8605,0
71.9674,6
72.0742,0
72.1811,0
72.288,16
72.3949,0
72.5018,6
72.6087,0
72.7156,0
72.8225,6
72.9294,0
73.0363,13
73.1432,8
73.2501,0
73.357,12
73.4639,1
73.5708,0
73.6777,14
73.7846,0
73.8915,2
73.9984,0
74.1053,26
74.2122,13
74.3191,10
74.426,0
74.5329,4
74.6398,37
74.7467,15
74.8536,0
74.9605,6
75.0674,13
75.1743,8
75.2812,0
75.3881,0
75.495,2
75.6019,0
75.7088,7
75.8157,0
75.9225,1
76.0294,26
76.1363,13
76.2432,0
76.3501,4
76.457,25
76.5639,0
76.6708,7
76.7777,0
76.8846,0
76.9915,30
77.0984,8
77.2053,0
77.3122,0
77.4191,17
77.526,0
77.6329,0
77.7398,14
77.8467,10
77.9536,0
78.0605,11
78.1674,0
78.2743,4
78.3812,11
78.4881,15
78.595,0
78.7019,0
78.8088,43
78.9157,20
79.0226,3
79.1295,16
79.2364,23
79.3433,13
79.4502,8
79.5571,29
79.664,0
79.7709,0
79.8778,10
79.9847,0
80.0916,2
80.1985,0
80.3054,0
80.4123,0
80.5192,10
80.6261,11
80.733,27
80.8399,10
80.9468,30
81.0537,0
81.1606,0
81.2675,44
81.3744,8
81.4813,5
81.5882,0
81.6951,0
81.802,30
81.9089,0
82.0158,8
82.1227,4
82.2296,0
82.3365,0
82.4434,8
82.5503,1
82.6572,0
82.7641,0
82.871,1
82.9779,26
83.0848,0
83.1917,0
83.2986,0
83.4055,0
83.5124,0
83.6193,0
83.7262,21
83.8331,2
83.94,7
84.0469,10
84.1538,0
84.2607,21
84.3676,7
84.4745,0
84.5814,0
84.6883,0
84.7952,0
84.9021,9
85.009,0
85.1159,0
85.2228,0
85.3297,5
85.4366,21
85.5435,10
85.6504,0
85.7573,2
85.8642,8
85.9711,24
86.078,0
86.1849,0
86.2918,0
86.3987,0
86.5056,1
86.6125,9
86.7194,0
86.8263,0
86.9332,0
87.0401,3
87.147,15
87.2539,10
87.3608,0
87.4677,0
87.5746,10
87.6815,4
87.7884,3
87.8953,0
88.0022,22
88.1091,15
88.216,13
88.3229,2
88.4298,0
88.5367,17
88.6436,6
88.7505,0
88.8574,0
88.9643,36
89.0712,29
89.1781,0
89.285,6
89.3919,11
89.4988,13
89.6057,8
89.7126,26
89.8195,0
89.9264,0
90.0334,31
90.1403,0
90.2472,17
90.3541,7
90.461,2
90.5679,6
90.6748,0
90.7817,14
90.8886,0
90.9955,4
91.1024,7
91.2093,17
91.3162,0
91.4231,1
91.53,29
91.6369,28
91.7438,0
91.8507,0
91.9576,45
92.0645,47
92.1714,21
92.2783,0
92.3852,3
92.4921,0
92.599,0
92.7059,0
92.8128,10
92.9197,0
93.0266,0
93.1335,17
93.2404,21
93.3473,0
93.4542,6
93.5611,12
93.668,0
93.7749,24
93.8818,8
93.9887,0
94.0956,35
94.2025,0
94.3095,11
94.4164,0
94.5233,0
94.6302,23
94.7371,9
94.844,0
94.9509,2
95.0578,16
95.1647,0
95.2716,7
95.3785,22
95.4854,0
95.5923,0
95.6992,5
95.8061,1
95.913,3
96.0199,49
96.1268,5
96.2337,0
96.3406,0
96.4475,13
96.5544,5
96.6613,0
96.7682,17
96.8751,45
96.982,26
97.0889,20
97.1958,4
97.3027,17
97.4097,0
97.5166,0
97.6235,0
97.7304,0
97.8373,0
97.9442,0
98.0511,6
98.158,0
98.2649,0
98.3718,0
98.4787,14
98.5856,12
98.6925,0
98.7994,18
98.9063,7
99.0132,0
99.1201,0
99.227,36
99.3339,9
99.4408,0
99.5477,1
99.6546,22
99.7615,0
99.8684,3
99.9753,0
100.082,0
100.189,18
100.296,3
100.403,11
100.51,0
100.617,11
100.724,9
100.831,0
100.937,0
101.044,0
101.151,0
101.258,0
101.365,0
101.472,0
101.579,6
101.686,0
101.793,1
101.9,0
102.007,0
102.113,0
102.22,16
102.327,5
102.434,0
102.541,0
102.648,48
102.755,0
102.862,0
102.969,0
103.076,0
103.182,0
103.289,0
103.396,0
103.503,0
103.61,25
103.717,5
103.824,11
103.931,32
104.038,19
104.145,3
104.252,4
104.358,12
104.465,10
104.572,0
104.679,8
104.786,0
104.893,16
105,9
105.107,0
105.214,22
105.321,0
105.427,6
105.534,0
105.641,0
105.748,25
105.855,0
105.962,9
106.069,0
106.176,9
106.283,33
106.39,33
106.497,12
106.603,0
106.71,31
106.817,14
106.924,0
107.031,0
107.138,2
107.245,0
107.352,0
107.459,0
107.566,0
107.673,2
107.779,6
107.886,0
107.993,30
108.1,23
108.207,25
108.314,17
108.421,9
108.528,0
108.635,1
108.742,14
108.848,0
108.955,0
109.062,0
109.169,0
109.276,0
109.383,0
109.49,0
109.597,14
109.704,0
109.811,22
109.918,11
110.024,13
110.131,20
110.238,0
110.345,0
110.452,0
110.559,0
110.666,7
110.773,1
110.88,0
110.987,0
111.094,5
111.2,37
111.307,2
111.414,3
111.521,0
111.628,0
111.735,26
111.842,1
111.949,6
112.056,0
112.163,12
112.269,15
112.376,5
112.483,0
112.59,0
112.697,10
112.804,31
112.911,0
113.018,0
113.125,0
113.232,0
113.339,56
113.445,21
113.552,6
113.659,0
113.766,0
113.873,12
113.98,21
114.087,9
114.194,0
114.301,0
114.408,5
114.515,17
114.621,9
114.728,0
114.835,21
114.942,6
115.049,93
115.156,120
115.263,69
115.37,29
115.477,0
115.584,2
115.69,0
115.797,1
115.904,10
116.011,0
116.118,0
116.225,2
116.332,0
116.439,0
116.546,28
116.653,7
116.76,10
116.866,24
116.973,0
117.08,23
117.187,7
117.294,0
117.401,0
117.508,7
117.615,0
117.722,11
117.829,25
117.936,0
118.042,0
118.149,0
118.256,0
118.363,11
118.47,0
118.577,0
118.684,19
118.791,4
118.898,4
119.005,0
119.112,0
119.218,6
119.325,29
119.432,0
119.539,0
119.646,21
119.753,3
119.86,14
119.967,0
120.074,0
120.181,0
120.287,4
120.394,25
120.501,0
120.608,0
120.715,0
120.822,0
120.929,0
121.036,14
121.143,0
121.25,0
121.357,4
121.463,0
121.57,5
121.677,0
121.784,10
121.891,2
121.998,8
122.105,0
122.212,6
122.319,0
122.426,3
122.533,6
122.639,0
122.746,0
122.853,11
122.96,0
123.067,24
123.174,0
123.281,1
123.388,14
123.495,0
123.602,0
123.709,6
123.815,0
123.922,0
124.029,20
124.136,18
124.243,5
124.35,0
124.457,0
124.564,5
124.671,1
124.778,7
124.885,13
124.991,0
125.098,10
125.205,0
125.312,0
125.419,0
125.526,8
125.633,7
125.74,0
125.847,0
125.954,0
126.061,3
126.167,0
126.274,0
126.381,30
126.488,9
126.595,0
126.702,15
126.809,3
126.916,4
127.023,3
127.13,13
127.236,0
127.343,0
127.45,13
127.557,3
127.664,0
127.771,4
127.878,5
127.985,14
128.092,22
128.199,0
128.306,0
128.412,0
128.519,0
128.626,0
128.733,0
128.84,0
128.947,0
129.054,16
129.161,27
129.268,1
129.375,0
129.482,13
129.588,10
129.695,15
129.802,4
129.909,0
130.016,0
130.123,0
130.23,0
130.337,0
130.444,0
130.551,10
130.658,57
130.764,32
130.871,2
130.978,7
131.085,5
131.192,0
131.299,15
131.406,0
131.513,2
131.62,21
131.727,18
131.834,0
131.94,18
132.047,21
132.154,0
132.261,0
132.368,0
132.475,40
132.582,0
132.689,0
132.796,0
132.903,2
133.01,0
133.116,0
133.223,4
133.33,0
133.437,0
133.544,0
133.651,0
133.758,25
133.865,1
133.972,0
134.079,0
134.186,11
134.292,10
134.399,0
134.506,0
134.613,0
134.72,0
134.827,24
134.934,0
135.041,0
135.148,0
135.255,11
135.362,0
135.468,0
135.575,20
135.682,0
135.789,41
135.896,24
136.003,0
136.11,0
136.217,21
136.324,0
136.431,0
136.538,15
136.644,2
136.751,0
136.858,19
136.965,14
137.072,12
137.179,18
137.286,6
137.393,0
137.5,0
137.607,18
137.714,1
137.82,13
137.927,0
138.034,0
138.141,1
138.248,9
138.355,0
138.462,0
138.569,2
138.676,0
138.783,0
138.89,0
138.996,4
139.103,0
139.21,10
139.317,27
139.424,1
139.531,0
139.638,0
139.745,19
139.852,3
139.959,0
140.065,0
140.172,0
140.279,0
140.386,0
140.493,11
140.6,0
140.707,22
140.814,20
140.921,1
141.028,0
141.135,0
141.241,13
141.348,0
141.455,5
141.562,11
141.669,0
141.776,41
141.883,29
141.99,0
142.097,0
142.204,1
142.311,0
142.417,0
142.524,0
142.631,0
142.738,0
142.845,9
142.952,13
143.059,2
143.166,4
143.273,0
143.38,0
143.487,30
143.593,0
143.7,3
143.807,23
143.914,0
144.021,8
144.128,14
144.235,0
144.342,0
144.449,0
144.556,10
144.663,2
144.769,0
144.876,4
144.983,0
145.09,5
145.197,11
145.304,0
145.411,16
145.518,31
145.625,12
145.732,0
145.839,10
145.945,21
146.052,0
146.159,29
146.266,0
146.373,0
146.48,0
146.587,12
146.694,0
146.801,0
146.908,16
147.015,24
147.121,10
147.228,6
147.335,0
147.442,26
147.549,0
147.656,19
147.763,21
147.87,23
147.977,0
148.084,0
148.191,21
148.297,21
148.404,0
148.511,0
148.618,14
148.725,0
148.832,0
148.939,5
149.046,17
149.153,10
149.26,11
149.367,18
149.473,0
149.58,0
149.687,0
149.794,22
149.901,0
150.008,1
150.115,0
150.222,25
150.329,10
150.436,8
150.543,34
150.649,26
150.756,21
150.863,16
150.97,11
151.077,11
151.184,10
151.291,0
151.398,0
151.505,7
151.612,0
151.719,0
151.825,4
151.932,0
152.039,2
152.146,5
152.253,0
152.36,4
152.467,0
152.574,3
152.681,8
152.788,0
152.894,0
153.001,11
153.108,11
153.215,14
153.322,20
153.429,0
153.536,4
153.643,12
153.75,19
153.857,4
153.964,16
154.07,0
154.177,28
154.284,20
154.391,0
154.498,0
154.605,0
154.712,0
154.819,7
154.926,0
155.033,11
155.14,0
155.246,4
155.353,3
155.46,7
155.567,0
155.674,2
155.781,8
155.888,0
155.995,0
156.102,37
156.209,18
156.316,0
156.422,0
156.529,0
156.636,0
156.743,0
156.85,0
156.957,5
157.064,13
157.171,0
157.278,0
157.385,0
157.492,20
157.598,7
157.705,0
157.812,0
157.919,0
158.026,9
158.133,0
158.24,0
158.347,14
158.454,23
158.561,13
158.668,10
158.774,0
158.881,19
158.988,25
159.095,0
159.202,0
159.309,21
159.416,0
159.523,0
159.63,0
159.737,4
159.844,0
159.95,0
160.057,32
160.164,0
160.271,0
160.378,18
160.485,28
160.592,0
160.699,18
160.806,40
160.913,13
161.019,2
161.126,0
161.233,4
161.34,20
161.447,16
161.554,0
161.661,0
161.768,1
161.875,0
161.982,0
162.089,7
162.195,6
162.302,0
162.409,40
162.516,11
162.623,0
162.73,0
162.837,0
162.944,0
163.051,0
163.158,0
163.265,0
163.371,0
163.478,24
163.585,14
163.692,4
163.799,0
163.906,0
164.013,0
164.12,10
164.227,0
164.334,0
164.441,0
164.547,0
164.654,0
164.761,0
164.868,4
164.975,8
165.082,20
165.189,9
165.296,6
165.403,4
165.51,0
165.616,16
165.723,7
165.83,13
165.937,14
166.044,12
166.151,0
166.258,0
166.365,4
166.472,0
166.579,0
166.686,0
166.792,0
166.899,1
167.006,27
167.113,11
167.22,11
167.327,20
167.434,5
167.541,0
167.648,0
167.755,0
167.862,0
167.968,15
168.075,0
168.182,0
168.289,12
168.396,18
168.503,6
168.61,19
168.717,8
168.824,18
168.931,0
169.037,3
169.144,0
169.251,2
169.358,0
169.465,0
169.572,0
169.679,0
169.786,0
169.893,2
170,25
170.107,0
170.213,21
170.32,20
170.427,12
170.534,28
170.641,0
170.748,0
170.855,49
170.962,0
171.069,0
171.176,24
171.283,0
171.389,24
171.496,0
171.603,0
171.71,4
171.817,0
171.924,5
172.031,7
172.138,0
172.245,0
172.352,13
172.458,31
172.565,0
172.672,0
172.779,0
172.886,0
172.993,14
173.1,0
173.207,0
173.314,18
173.421,22
173.528,4
173.634,0
173.741,13
173.848,0
173.955,0
174.062,15
174.169,0
174.276,0
174.383,0
174.49,14
174.597,0
174.704,2
174.81,12
174.917,17
175.024,0
175.131,0
175.238,7
175.345,7
175.452,11
175.559,3
175.666,0
175.773,0
175.879,0
175.986,10
176.093,31
176.2,10
176.307,18
176.414,0
176.521,0
176.628,0
176.735,0
176.842,5
176.949,0
177.055,23
177.162,9
177.269,0
177.376,1
177.483,32
177.59,6
177.697,1
177.804,0
177.911,15
178.018,20
178.124,0
178.231,2
178.338,0
178.445,0
178.552,37
178.659,14
178.766,155
178.873,281
178.98,170
179.087,56
179.194,0
179.3,0
179.407,0
179.514,2
179.621,0
179.728,29
179.835,136
179.942,105
180.049,17
180.156,8
180.263,0
180.369,13
180.476,8
180.583,0
180.69,10
180.797,10
180.904,0
181.011,0
181.118,11
181.225,0
181.332,0
181.439,0
181.545,19
181.652,6
181.759,12
181.866,12
181.973,28
182.08,32
182.187,16
182.294,1
182.401,0
182.508,1
182.614,0
182.721,8
182.828,33
182.935,0
183.042,0
183.149,31
183.256,0
183.363,16
183.47,18
183.577,6
183.683,10
183.79,11
183.897,31
184.004,0
184.111,9
184.218,5
184.325,0
184.432,0
184.539,23
184.646,0
184.753,0
184.859,0
184.966,0
185.073,0
185.18,0
185.287,9
185.394,5
185.501,11
185.608,0
185.715,0
185.822,16
185.928,0
186.035,2
186.142,0
186.249,0
186.356,0
186.463,3
186.57,14
186.677,29
186.784,9
186.891,19
186.997,8
187.104,7
187.211,52
187.318,13
187.425,0
187.532,22
187.639,18
187.746,10
187.853,5
187.96,0
188.067,0
188.173,64
188.28,32
188.387,26
188.494,0
188.601,0
188.708,0
188.815,2
188.922,1
189.029,1
189.136,4
189.242,0
189.349,0
189.456,4
189.563,20
189.67,4
189.777,0
189.884,23
189.991,20
190.098,4
190.205,3
190.311,0
190.418,0
190.525,1
190.632,9
190.739,19
190.846,0
190.953,0
191.06,3
191.167,0
191.274,22
191.38,0
191.487,4
191.594,22
191.701,0
191.808,0
191.915,0
192.022,15
192.129,5
192.236,0
192.343,10
192.45,6
192.556,8
192.663,0
192.77,3
192.877,16
192.984,0
193.091,12
193.198,29
193.305,31
193.412,24
193.519,18
193.625,24
193.732,8
193.839,5
193.946,5
194.053,0
194.16,25
194.267,0
194.374,18
194.481,31
194.588,15
194.694,0
194.801,1
194.908,8
195.015,22
195.122,0
195.229,0
195.336,23
195.443,15
195.55,9
195.657,6
195.763,14
195.87,19
195.977,15
196.084,4
196.191,7
196.298,23
196.405,18
196.512,0
196.619,0
196.726,23
196.832,22
196.939,0
197.046,0
197.153,15
197.26,0
197.367,0
197.474,0
197.581,0
197.688,17
197.795,14
197.901,4
198.008,9
198.115,39
198.222,0
198.329,33
198.436,0
198.543,16
198.65,0
198.757,0
198.864,38
198.97,27
199.077,6
199.184,2
199.291,0
199.398,16
199.505,4
199.612,0
199.719,16
199.826,8
199.933,14
200.039,0
200.146,12
200.253,33
200.36,17
200.467,0
200.574,0
200.681,39
200.788,21
200.895,12
201.002,0
201.108,8
201.215,0
201.322,0
201.429,2
201.536,0
201.643,0
201.75,0
201.857,0
201.964,11
202.071,27
202.177,0
202.284,0
202.391,0
202.498,28
202.605,0
202.712,7
202.819,0
202.926,15
203.033,0
203.14,0
203.246,19
203.353,0
203.46,0
203.567,13
203.674,0
203.781,8
203.888,16
203.995,10
204.102,20
204.208,0
204.315,24
204.422,10
204.529,25
204.636,21
204.743,17
204.85,9
204.957,0
205.064,9
205.171,20
205.277,0
205.384,0
205.491,5
205.598,0
205.705,2
205.812,13
205.919,5
206.026,17
206.133,0
206.24,15
206.346,5
206.453,5
206.56,0
206.667,15
206.774,0
206.881,0
206.988,0
207.095,0
207.202,14
207.309,0
207.415,0
207.522,0
207.629,7
207.736,0
207.843,0
207.95,13
208.057,12
208.164,8
208.271,3
208.377,0
208.484,1
208.591,20
208.698,43
208.805,0
208.912,0
209.019,8
209.126,0
209.233,20
209.34,0
209.446,6
209.553,30
209.66,25
209.767,0
209.874,0
209.981,15
210.088,0
210.195,2
210.302,3
210.409,13
210.515,4
210.622,12
210.729,37
210.836,29
210.943,12
211.05,0
211.157,14
211.264,10
211.371,26
211.477,24
211.584,0
211.691,0
211.798,20
211.905,0
212.012,7
212.119,9
212.226,0
212.333,45
212.44,0
212.546,0
212.653,0
212.76,0
212.867,5
212.974,0
213.081,0
213.188,0
213.295,5
213.402,0
213.508,0
213.615,0
213.722,0
213.829,3
213.936,1
214.043,0
214.15,4
214.257,9
214.364,0
214.471,0
214.577,21
214.684,13
214.791,13
214.898,0
215.005,0
215.112,0
215.219,20
215.326,8
215.433,0
215.539,11
215.646,29
215.753,4
215.86,0
215.967,2
216.074,19
216.181,26
216.288,24
216.395,0
216.502,0
216.608,6
216.715,14
216.822,0
216.929,5
217.036,11
217.143,17
217.25,0
217.357,3
217.464,34
217.57,0
217.677,0
217.784,16
217.891,8
217.998,0
218.105,17
218.212,17
218.319,0
218.426,1
218.532,0
218.639,0
218.746,0
218.853,38
218.96,36
219.067,0
219.174,0
219.281,4
219.388,0
219.495,3
219.601,23
219.708,0
219.815,0
219.922,9
220.029,8
220.136,0
220.243,49
220.35,60
220.457,2
220.563,0
220.67,0
220.777,0
220.884,1
220.991,0
221.098,15
221.205,4
221.312,3
221.419,5
221.525,4
221.632,13
221.739,12
221.846,10
221.953,1
222.06,0
222.167,2
222.274,10
222.381,0
222.488,17
222.594,24
222.701,11
222.808,0
222.915,3
223.022,3
223.129,19
223.236,14
223.343,0
223.45,2
223.556,29
223.663,0
223.77,8
223.877,3
223.984,0
224.091,0
224.198,0
224.305,0
224.412,20
224.518,16
224.625,0
224.732,16
224.839,0
224.946,0
225.053,0
225.16,2
225.267,26
225.374,0
225.48,10
225.587,7
225.694,0
225.801,6
225.908,0
226.015,0
226.122,0
226.229,0
226.336,0
226.442,5
226.549,12
226.656,0
226.763,33
226.87,4
226.977,6
227.084,14
227.191,15
227.298,0
227.404,0
227.511,24
227.618,10
227.725,1
227.832,0
227.939,8
228.046,0
228.153,0
228.26,11
228.366,0
228.473,3
228.58,31
228.687,2
228.794,15
228.901,12
229.008,0
229.115,11
229.222,0
229.328,12
229.435,0
229.542,0
229.649,4
229.756,16
229.863,49
229.97,12
230.077,16
230.184,0
230.29,10
230.397,26
230.504,0
230.611,0
230.718,0
230.825,0
230.932,6
231.039,17
231.146,0
231.252,10
231.359,8
231.466,0
231.573,1
231.68,0
231.787,0
231.894,32
232.001,18
232.108,19
232.214,23
232.321,0
232.428,0
232.535,0
232.642,26
232.749,0
232.856,8
232.963,0
233.07,6
233.176,0
233.283,0
233.39,15
233.497,15
233.604,0
233.711,0
233.818,30
233.925,0
234.031,1
234.138,8
234.245,0
234.352,0
234.459,0
234.566,34
234.673,10
234.78,0
234.887,0
234.993,0
235.1,10
235.207,33
235.314,0
235.421,7
235.528,18
235.635,30
235.742,0
235.849,0
235.955,3
236.062,0
236.169,39
236.276,0
236.383,12
236.49,24
236.597,33
236.704,19
236.81,62
236.917,76
237.024,23
237.131,16
237.238,27
237.345,48
237.452,50
237.559,182
237.666,187
237.772,76
237.879,0
237.986,0
238.093,44
238.2,49
238.307,65
238.414,58
238.521,112
238.628,117
238.734,74
238.841,157
238.948,167
239.055,63
239.162,55
239.269,109
239.376,89
239.483,8
239.589,6
239.696,2
239.803,0
239.91,22
240.017,0
240.124,11
240.231,6
240.338,40
240.445,80
240.551,53
240.658,13
240.765,12
240.872,0
240.979,0
241.086,21
241.193,0
241.3,0
241.406,0
241.513,0
241.62,43
241.727,25
241.834,14
241.941,19
242.048,0
242.155,21
242.262,44
242.368,34
242.475,27
242.582,0
242.689,17
242.796,0
242.903,28
243.01,0
243.117,28
243.223,88
243.33,41
243.437,41
243.544,13
243.651,0
243.758,0
243.865,17
243.972,4
244.079,0
244.185,0
244.292,0
244.399,9
244.506,86
244.613,107
244.72,85
244.827,9
244.934,6
245.04,50
245.147,89
245.254,104
245.361,54
245.468,18
245.575,0
245.682,0
245.789,0
245.896,17
246.002,6
246.109,0
246.216,16
246.323,17
246.43,17
246.537,3
246.644,0
246.751,0
246.857,9
246.964,7
247.071,0
247.178,0
247.285,0
247.392,0
247.499,0
247.606,11
247.712,14
247.819,0
247.926,5
248.033,18
248.14,10
248.247,10
248.354,0
248.461,0
248.567,0
248.674,0
248.781,2
248.888,1
248.995,0
249.102,0
249.209,4
249.316,0
249.423,0
249.529,6
249.636,7
249.743,0
249.85,10
249.957,12
250.064,26
250.171,0
250.278,0
250.384,24
250.491,10
250.598,22
250.705,0
250.812,4
250.919,2
251.026,0
251.133,33
251.239,1
251.346,15
251.453,19
251.56,0
251.667,25
251.774,34
251.881,17
251.988,18
252.094,36
252.201,82
252.308,120
252.415,40
252.522,0
252.629,0
252.736,0
252.843,0
252.949,0
253.056,0
253.163,30
253.27,7
253.377,0
253.484,0
253.591,36
253.698,3
253.804,7
253.911,4
254.018,6
254.125,5
254.232,2
254.339,0
254.446,0
254.553,0
254.659,32
254.766,12
254.873,0
254.98,0
255.087,0
255.194,0
255.301,7
255.408,28
255.514,1
255.621,0
255.728,2
255.835,14
255.942,0
256.049,17
256.156,19
256.263,8
256.369,15
256.476,0
256.583,19
256.69,0
256.797,14
256.904,9
257.011,37
257.118,7
257.224,17
257.331,2
257.438,0
257.545,0
257.652,13
257.759,0
257.866,0
257.973,0
258.079,36
258.186,21
258.293,28
258.4,0
258.507,0
258.614,0
258.721,0
258.828,0
258.934,1
259.041,0
259.148,0
259.255,0
259.362,0
259.469,15
259.576,0
259.683,31
259.789,5
259.896,34
260.003,4
260.11,0
260.217,22
260.324,0
260.431,0
260.537,0
260.644,0
260.751,29
260.858,7
260.965,5
261.072,18
261.179,52
261.286,0
261.392,0
261.499,29
261.606,4
261.713,0
261.82,0
261.927,0
262.034,0
262.141,32
262.247,72
262.354,58
262.461,7
262.568,15
262.675,10
262.782,13
262.889,4
262.996,34
263.102,10
263.209,11
263.316,0
263.423,0
263.53,20
263.637,0
263.744,0
263.85,0
263.957,8
264.064,0
264.171,0
264.278,0
264.385,5
264.492,3
264.599,1
264.705,35
264.812,8
264.919,1
265.026,12
265.133,11
265.24,0
265.347,0
265.454,42
265.56,31
265.667,0
265.774,0
265.881,24
265.988,4
266.095,5
266.202,7
266.308,14
266.415,18
266.522,0
266.629,0
266.736,0
266.843,6
266.95,8
267.057,29
267.163,0
267.27,0
267.377,13
267.484,0
267.591,0
267.698,0
267.805,32
267.911,5
268.018,0
268.125,8
268.232,0
268.339,11
268.446,0
268.553,0
268.66,0
268.766,10
268.873,0
268.98,0
269.087,4
269.194,19
269.301,15
269.408,0
269.514,0
269.621,0
269.728,0
269.835,4
269.942,6
270.049,0
270.156,20
270.263,6
270.369,24
270.476,73
270.583,138
270.69,82
270.797,37
270.904,15
271.011,0
271.117,33
271.224,0
271.331,5
271.438,0
271.545,11
271.652,0
271.759,19
271.866,0
271.972,0
272.079,14
272.186,0
272.293,0
272.4,9
272.507,16
272.614,28
272.72,13
272.827,32
272.934,8
273.041,2
273.148,11
273.255,18
273.362,12
273.468,0
273.575,0
273.682,20
273.789,38
273.896,0
274.003,14
274.11,4
274.217,17
274.323,25
274.43,0
274.537,25
274.644,10
274.751,9
274.858,0
274.965,0
275.071,4
275.178,15
275.285,5
275.392,19
275.499,0
275.606,0
275.713,7
275.819,0
275.926,53
276.033,130
276.14,89
276.247,18
276.354,10
276.461,0
276.567,0
276.674,7
276.781,0
276.888,0
276.995,6
277.102,0
277.209,0
277.315,4
277.422,49
277.529,48
277.636,32
277.743,2
277.85,0
277.957,8
278.064,31
278.17,34
278.277,2
278.384,7
278.491,0
278.598,0
278.705,2
278.812,16
278.918,5
279.025,2
279.132,33
279.239,17
279.346,13
279.453,26
279.56,9
279.666,0
279.773,17
279.88,0
279.987,9
280.094,0
280.201,0
280.308,0
280.414,1
280.521,24
280.628,1
280.735,0
280.842,2
280.949,12
281.056,8
281.162,21
281.269,8
281.376,4
281.483,20
281.59,12
281.697,23
281.804,20
281.91,0
282.017,25
282.124,31
282.231,1
282.338,0
282.445,0
282.552,0
282.658,8
282.765,43
282.872,0
282.979,0
283.086,0
283.193,14
283.3,0
283.406,2
283.513,19
283.62,10
283.727,0
283.834,0
283.941,7
284.048,15
284.154,0
284.261,0
284.368,44
284.475,25
284.582,0
284.689,0
284.796,0
284.902,27
285.009,0
285.116,0
285.223,9
285.33,11
285.437,0
285.544,13
285.65,11
285.757,0
285.864,0
285.971,25
286.078,13
286.185,0
286.292,22
286.398,3
286.505,11
286.612,8
286.719,0
286.826,19
286.933,18
287.039,19
287.146,8
287.253,9
287.36,0
287.467,0
287.574,18
287.681,8
287.787,0
287.894,6
288.001,0
288.108,6
288.215,10
288.322,28
288.429,6
288.535,4
288.642,0
288.749,0
288.856,0
288.963,0
289.07,8
289.177,18
289.283,25
289.39,0
289.497,0
289.604,0
289.711,1
289.818,4
289.924,0
290.031,5
290.138,4
290.245,2
290.352,0
290.459,0
290.566,16
290.672,24
290.779,7
290.886,6
290.993,8
291.1,13
291.207,0
291.314,0
291.42,0
291.527,0
291.634,0
291.741,9
291.848,17
291.955,0
292.062,21
292.168,15
292.275,0
292.382,0
292.489,0
292.596,8
292.703,0
292.809,16
292.916,0
293.023,0
293.13,5
293.237,13
293.344,2
293.451,0
293.557,0
293.664,8
293.771,28
293.878,13
293.985,0
294.092,0
294.198,4
294.305,11
294.412,0
294.519,0
294.626,0
294.733,0
294.84,28
294.946,0
295.053,9
295.16,38
295.267,0
295.374,20
295.481,20
295.588,0
295.694,17
295.801,9
295.908,49
296.015,85
296.122,46
296.229,0
296.335,7
296.442,0
296.549,0
296.656,11
296.763,25
296.87,6
296.977,0
297.083,0
297.19,10
297.297,0
297.404,8
297.511,0
297.618,20
297.724,27
297.831,1
297.938,0
298.045,10
298.152,31
298.259,2
298.365,0
298.472,19
298.579,3
298.686,0
298.793,19
298.9,32
299.007,9
299.113,17
299.22,5
299.327,7
299.434,0
299.541,0
299.648,0
299.754,31
299.861,10
299.968,0
300.075,16
300.182,7
300.289,19
300.396,19
300.502,24
300.609,15
300.716,27
300.823,5
300.93,0
301.037,0
301.143,24
301.25,2
301.357,11
301.464,0
301.571,0
301.678,33
301.784,41
301.891,0
301.998,2
302.105,0
302.212,22
302.319,0
302.426,0
302.532,0
302.639,0
302.746,12
302.853,5
302.96,0
303.067,0
303.173,0
303.28,16
303.387,22
303.494,0
303.601,0
303.708,7
303.814,0
303.921,0
304.028,1
304.135,0
304.242,0
304.349,0
304.456,0
304.562,0
304.669,0
304.776,0
304.883,0
304.99,8
305.097,32
305.203,7
305.31,18
305.417,0
305.524,0
305.631,0
305.738,60
305.844,39
305.951,0
306.058,0
306.165,0
306.272,24
306.379,14
306.485,0
306.592,4
306.699,8
306.806,21
306.913,27
307.02,4
307.126,0
307.233,13
307.34,19
307.447,0
307.554,0
307.661,1
307.767,10
307.874,3
307.981,0
308.088,0
308.195,17
308.302,5
308.409,4
308.515,0
308.622,35
308.729,0
308.836,0
308.943,0
309.05,0
309.156,0
309.263,0
309.37,0
309.477,10
309.584,0
309.691,0
309.797,4
309.904,0
310.011,1
310.118,0
310.225,16
310.332,40
310.438,0
310.545,0
310.652,1
310.759,16
310.866,14
310.973,0
311.079,0
311.186,0
311.293,16
311.4,0
311.507,0
311.614,12
311.72,12
311.827,15
311.934,0
312.041,12
312.148,6
312.255,0
312.361,0
312.468,0
312.575,0
312.682,10
312.789,11
312.896,5
313.002,6
313.109,22
313.216,32
313.323,10
313.43,0
313.537,7
313.643,0
313.75,0
313.857,12
313.964,0
314.071,13
314.178,0
314.284,0
314.391,5
314.498,0
314.605,0
314.712,0
314.819,0
314.925,2
315.032,27
315.139,20
315.246,0
315.353,0
315.46,19
315.566,3
315.673,0
315.78,0
315.887,0
315.994,0
316.1,0
316.207,0
316.314,0
316.421,58
316.528,25
316.635,19
316.741,0
316.848,0
316.955,0
317.062,12
317.169,10
317.276,0
317.382,2
317.489,0
317.596,0
317.703,0
317.81,10
317.917,15
318.023,1
318.13,2
318.237,22
318.344,20
318.451,7
318.558,0
318.664,41
318.771,23
318.878,5
318.985,0
319.092,0
319.199,10
319.305,19
319.412,14
319.519,16
319.626,11
319.733,12
319.839,6
319.946,1
320.053,21
320.16,24
320.267,3
320.374,8
320.48,13
320.587,0
320.694,0
320.801,0
320.908,0
321.015,0
321.121,0
321.228,0
321.335,8
321.442,17
321.549,30
321.655,77
321.762,133
321.869,94
321.976,41
322.083,0
322.19,0
322.296,0
322.403,0
322.51,15
322.617,66
322.724,113
322.831,67
322.937,48
323.044,0
323.151,0
323.258,0
323.365,9
323.472,21
323.578,0
323.685,0
323.792,5
323.899,15
324.006,4
324.112,0
324.219,17
324.326,14
324.433,2
324.54,0
324.647,0
324.753,11
324.86,0
324.967,1
325.074,0
325.181,18
325.287,6
325.394,3
325.501,0
325.608,0
325.715,2
325.822,14
325.928,0
326.035,0
326.142,0
326.249,11
326.356,0
326.463,6
326.569,241
326.676,291
326.783,139
326.89,0
326.997,0
327.103,0
327.21,14
327.317,1
327.424,0
327.531,0
327.638,18
327.744,10
327.851,8
327.958,0
328.065,0
328.172,0
328.278,0
328.385,24
328.492,22
328.599,1
328.706,12
328.813,0
328.919,2
329.026,2
329.133,19
329.24,0
329.347,0
329.453,0
329.56,0
329.667,7
329.774,27
329.881,125
329.988,133
330.094,82
330.201,21
330.308,0
330.415,1
330.522,6
330.628,0
330.735,4
330.842,0
330.949,0
331.056,0
331.162,0
331.269,0
331.376,6
331.483,8
331.59,1
331.697,0
331.803,1
331.91,0
332.017,0
332.124,0
332.231,0
332.337,38
332.444,0
332.551,9
332.658,12
332.765,10
332.872,4
332.978,9
333.085,0
333.192,29
333.299,16
333.406,0
333.512,5
333.619,3
333.726,0
333.833,0
333.94,0
334.046,33
334.153,4
334.26,7
334.367,2
334.474,0
334.581,24
334.687,10
334.794,0
334.901,0
335.008,0
335.115,3
335.221,20
335.328,17
335.435,16
335.542,0
335.649,25
335.755,8
335.862,11
335.969,0
336.076,13
336.183,14
336.29,0
336.396,0
336.503,10
336.61,0
336.717,2
336.824,0
336.93,24
337.037,18
337.144,21
337.251,19
337.358,0
337.464,0
337.571,0
337.678,0
337.785,30
337.892,2
337.998,0
338.105,0
338.212,18
338.319,16
338.426,0
338.533,0
338.639,2
338.746,20
338.853,22
338.96,0
339.067,0
339.173,14
339.28,11
339.387,8
339.494,6
339.601,7
339.707,2
339.814,9
339.921,4
340.028,46
340.135,30
340.241,9
340.348,12
340.455,11
340.562,32
340.669,0
340.775,0
340.882,0
340.989,0
341.096,0
341.203,0
341.309,0
341.416,0
341.523,7
341.63,5
341.737,0
341.844,17
341.95,0
342.057,0
342.164,24
342.271,0
342.378,0
342.484,3
342.591,3
342.698,15
342.805,18
342.912,0
343.018,29
343.125,18
343.232,0
343.339,0
343.446,0
343.552,8
343.659,0
343.766,0
343.873,15
343.98,34
344.086,0
344.193,4
344.3,20
344.407,0
344.514,0
344.62,27
344.727,1
344.834,9
344.941,14
345.048,0
345.154,9
345.261,20
345.368,3
345.475,0
345.582,0
345.688,2
345.795,2
345.902,11
346.009,10
346.116,3
346.222,0
346.329,0
346.436,0
346.543,6
346.65,0
346.756,0
346.863,0
346.97,4
347.077,0
347.184,0
347.29,17
347.397,3
347.504,0
347.611,16
347.718,1
347.824,0
347.931,1
348.038,18
348.145,0
348.252,0
348.358,0
348.465,23
348.572,2
348.679,24
348.786,0
348.892,0
348.999,13
349.106,10
349.213,32
349.32,9
349.426,0
349.533,26
349.64,0
349.747,0
349.854,19
349.96,0
350.067,0
350.174,5
350.281,16
350.388,16
350.494,0
350.601,0
350.708,0
350.815,0
350.922,2
351.028,14
351.135,18
351.242,0
351.349,29
351.456,3
351.562,0
351.669,6
351.776,6
351.883,0
351.989,3
352.096,8
352.203,3
352.31,0
352.417,2
352.523,0
352.63,4
352.737,6
352.844,0
352.951,0
353.057,2
353.164,21
353.271,4
353.378,22
353.485,22
353.591,8
353.698,17
353.805,6
353.912,6
354.019,0
354.125,0
354.232,67
354.339,294
354.446,305
354.553,172
354.659,58
354.766,0
354.873,0
354.98,0
355.086,16
355.193,55
355.3,57
355.407,80
355.514,72
355.62,9
355.727,0
355.834,0
355.941,0
356.048,0
356.154,6
356.261,6
356.368,2
356.475,9
356.582,24
356.688,0
356.795,0
356.902,18
357.009,0
357.115,8
357.222,0
357.329,0
357.436,13
357.543,0
357.649,14
357.756,7
357.863,0
357.97,0
358.077,0
358.183,30
358.29,3
358.397,13
358.504,0
358.61,1
358.717,0
358.824,0
358.931,0
359.038,0
359.144,47
359.251,48
359.358,5
359.465,0
359.572,15
359.678,0
359.785,0
359.892,22
359.999,0
360.105,4
360.212,0
360.319,45
360.426,0
360.533,4
360.639,10
360.746,8
360.853,6
360.96,0
361.067,0
361.173,16
361.28,1
361.387,18
361.494,43
361.6,72
361.707,20
361.814,13
361.921,11
362.028,0
362.134,0
362.241,4
362.348,0
362.455,19
362.562,5
362.668,23
362.775,0
362.882,0
362.989,0
363.095,0
363.202,0
363.309,0
363.416,0
363.523,6
363.629,20
363.736,3
363.843,10
363.95,3
364.056,7
364.163,3
364.27,1
364.377,0
364.484,0
364.59,0
364.697,0
364.804,0
364.911,0
365.017,25
365.124,9
365.231,0
365.338,4
365.445,0
365.551,0
365.658,16
365.765,37
365.872,3
365.979,0
366.085,22
366.192,0
366.299,0
366.406,27
366.512,6
366.619,0
366.726,0
366.833,0
366.94,33
367.046,13
367.153,10
367.26,19
367.367,0
367.473,4
367.58,0
367.687,0
367.794,0
367.9,15
368.007,0
368.114,0
368.221,7
368.328,70
368.434,109
368.541,36
368.648,25
368.755,6
368.861,0
368.968,3
369.075,5
369.182,3
369.289,0
369.395,0
369.502,0
369.609,0
369.716,0
369.822,24
369.929,24
370.036,5
370.143,0
370.25,0
370.356,0
370.463,0
370.57,0
370.677,0
370.783,19
370.89,0
370.997,15
371.104,0
371.211,1
371.317,0
371.424,0
371.531,0
371.638,0
371.744,0
371.851,3
371.958,0
372.065,18
372.171,0
372.278,8
372.385,4
372.492,0
372.599,7
372.705,0
372.812,9
372.919,0
373.026,12
373.132,0
373.239,0
373.346,4
373.453,0
373.559,0
373.666,0
373.773,4
373.88,0
373.987,0
374.093,15
374.2,0
374.307,0
374.414,0
374.52,0
374.627,0
374.734,0
374.841,2
374.947,4
375.054,18
375.161,0
375.268,0
375.375,19
375.481,0
375.588,0
375.695,26
375.802,0
375.908,0
376.015,0
376.122,4
376.229,15
376.335,22
376.442,6
376.549,25
376.656,0
376.763,21
376.869,30
376.976,0
377.083,5
377.19,3
377.296,0
377.403,21
377.51,26
377.617,1
377.723,5
377.83,8
377.937,0
378.044,8
378.15,21
378.257,0
378.364,5
378.471,8
378.578,22
378.684,0
378.791,0
378.898,0
379.005,12
379.111,0
379.218,0
379.325,4
379.432,0
379.538,16
379.645,6
379.752,0
379.859,0
379.965,6
380.072,21
380.179,5
380.286,0
380.392,0
380.499,24
380.606,17
380.713,0
380.82,0
380.926,0
381.033,11
381.14,0
381.247,8
381.353,17
381.46,0
381.567,0
381.674,0
381.78,7
381.887,0
381.994,1
382.101,0
382.207,7
382.314,0
382.421,2
382.528,14
382.634,19
382.741,3
382.848,0
382.955,0
383.061,25
383.168,30
383.275,0
383.382,40
383.488,0
383.595,10
383.702,4
383.809,0
383.916,0
384.022,33
384.129,0
384.236,0
384.343,0
384.449,0
384.556,28
384.663,10
384.77,6
384.876,28
384.983,4
385.09,0
385.197,5
385.303,0
385.41,0
385.517,0
385.624,0
385.73,0
385.837,0
385.944,28
386.051,19
386.157,6
386.264,6
386.371,6
386.478,9
386.584,4
386.691,25
386.798,21
386.905,0
387.011,0
387.118,14
387.225,0
387.332,0
387.438,4
387.545,0
387.652,0
387.759,3
387.865,0
387.972,28
388.079,0
388.186,12
388.292,11
388.399,1
388.506,0
388.613,0
388.719,1
388.826,6
388.933,5
389.04,24
389.146,8
389.253,0
389.36,0
389.467,8
389.573,0
389.68,10
389.787,6
389.894,0
390,19
390.107,0
390.214,8
390.321,0
390.427,17
390.534,0
390.641,3
390.748,0
390.854,0
390.961,0
391.068,0
391.175,37
391.281,56
391.388,0
391.495,0
391.602,0
391.708,24
391.815,18
391.922,0
392.029,0
392.135,0
392.242,43
392.349,8
392.456,0
392.562,3
392.669,0
392.776,7
392.883,1
392.989,12
393.096,7
393.203,9
393.31,0
393.416,0
393.523,6
393.63,26
393.737,0
393.843,2
393.95,9
394.057,0
394.164,0
394.27,4
394.377,3
394.484,24
394.591,12
394.697,29
394.804,40
394.911,26
395.018,0
395.124,15
395.231,0
395.338,3
395.445,26
395.551,0
395.658,0
395.765,8
395.871,0
395.978,0
396.085,18
396.192,13
396.298,6
396.405,0
396.512,7
396.619,0
396.725,13
396.832,0
396.939,6
397.046,22
397.152,24
397.259,0
397.366,0
397.473,8
397.579,10
397.686,0
397.793,0
397.9,14
398.006,0
398.113,13
398.22,0
398.327,0
398.433,0
398.54,13
398.647,0
398.753,21
398.86,0
398.967,7
399.074,18
399.18,7
399.287,9
399.394,0
399.501,9
399.607,10
399.714,0
399.821,7
399.928,41
400.034,45
400.141,25
400.248,0
400.355,17
400.461,0
400.568,0
400.675,0
400.781,30
400.888,4
400.995,4
401.102,7
401.208,0
401.315,0
401.422,14
401.529,1
401.635,0
401.742,0
401.849,0
401.956,32
402.062,0
402.169,26
402.276,0
402.382,0
402.489,19
402.596,77
402.703,64
402.809,14
402.916,0
403.023,0
403.13,17
403.236,0
403.343,0
403.45,10
403.557,11
403.663,0
403.77,0
403.877,0
403.983,0
404.09,0
404.197,1
404.304,7
404.41,0
404.517,27
404.624,55
404.731,25
404.837,0
404.944,28
405.051,0
405.158,0
405.264,22
405.371,0
405.478,0
405.584,13
405.691,28
405.798,0
405.905,0
406.011,0
406.118,8
406.225,6
406.332,0
406.438,0
406.545,4
406.652,6
406.758,0
406.865,0
406.972,18
407.079,17
407.185,0
407.292,0
407.399,3
407.506,52
407.612,9
407.719,0
407.826,16
407.932,36
408.039,0
408.146,0
408.253,6
408.359,0
408.466,0
408.573,2
408.68,1
408.786,0
408.893,4
409,12
409.106,1
409.213,4
409.32,4
409.427,1
409.533,0
409.64,16
409.747,12
409.853,0
409.96,0
410.067,21
410.174,0
410.28,0
410.387,0
410.494,11
410.601,25
410.707,0
410.814,0
410.921,10
411.027,20
411.134,4
411.241,11
411.348,0
411.454,0
411.561,13
411.668,18
411.774,0
411.881,28
411.988,5
412.095,0
412.201,5
412.308,0
412.415,0
412.522,39
412.628,32
412.735,0
412.842,0
412.948,0
413.055,0
413.162,0
413.269,36
413.375,38
413.482,12
413.589,0
413.695,0
413.802,14
413.909,0
414.016,0
414.122,40
414.229,168
414.336,124
414.442,56
414.549,0
414.656,0
414.763,2
414.869,0
414.976,31
415.083,3
415.189,2
415.296,0
415.403,26
415.51,30
415.616,48
415.723,41
415.83,12
415.936,13
416.043,30
416.15,18
416.257,0
416.363,13
416.47,0
416.577,20
416.683,0
416.79,0
416.897,18
417.004,207
417.11,370
417.217,244
417.324,85
417.43,0
417.537,0
417.644,0
417.751,0
417.857,0
417.964,6
418.071,1
418.177,0
418.284,25
418.391,0
418.498,0
418.604,25
418.711,56
418.818,49
418.924,22
419.031,0
419.138,0
419.245,20
419.351,28
419.458,0
419.565,62
419.671,58
419.778,21
419.885,10
419.992,0
420.098,0
420.205,2
420.312,17
420.418,10
420.525,3
420.632,19
420.738,21
420.845,10
420.952,0
421.059,16
421.165,11
421.272,0
421.379,16
421.485,62
421.592,25
421.699,0
421.806,0
421.912,0
422.019,27
422.126,16
422.232,39
422.339,8
422.446,26
422.552,26
422.659,4
422.766,7
422.873,0
422.979,0
423.086,0
423.193,0
423.299,7
423.406,0
423.513,0
423.62,0
423.726,20
423.833,6
423.94,18
424.046,0
424.153,10
424.26,13
424.366,9
424.473,8
424.58,0
424.687,29
424.793,29
424.9,24
425.007,0
425.113,20
425.22,13
425.327,32
425.433,6
425.54,0
425.647,3
425.754,0
425.86,0
425.967,3
426.074,33
426.18,49
426.287,34
426.394,5
426.5,0
426.607,0
426.714,39
426.821,1
426.927,19
427.034,35
427.141,6
427.247,4
427.354,19
427.461,18
427.567,8
427.674,16
427.781,5
427.888,0
427.994,0
428.101,33
428.208,46
428.314,37
428.421,6
428.528,14
428.634,28
428.741,12
428.848,19
428.955,0
429.061,0
429.168,18
429.275,0
429.381,0
429.488,0
429.595,0
429.701,0
429.808,0
429.915,0
430.021,14
430.128,0
430.235,31
430.342,18
430.448,0
430.555,19
430.662,0
430.768,6
430.875,10
430.982,0
431.088,12
431.195,0
431.302,0
431.409,34
431.515,21
431.622,0
431.729,0
431.835,42
431.942,17
432.049,13
432.155,7
432.262,13
432.369,22
432.475,7
432.582,0
432.689,3
432.796,22
432.902,39
433.009,78
433.116,56
433.222,17
433.329,0
433.436,23
433.542,8
433.649,0
433.756,0
433.862,47
433.969,30
434.076,15
434.182,0
434.289,0
434.396,10
434.503,0
434.609,15
434.716,10
434.823,0
434.929,39
435.036,7
435.143,0
435.249,1
435.356,21
435.463,0
435.569,8
435.676,0
435.783,0
435.889,8
435.996,0
436.103,8
436.21,0
436.316,20
436.423,9
436.53,0
436.636,0
436.743,0
436.85,23
436.956,3
437.063,0
437.17,4
437.276,33
437.383,19
437.49,1
437.596,0
437.703,13
437.81,0
437.916,0
438.023,8
438.13,36
438.237,76
438.343,120
438.45,77
438.557,28
438.663,11
438.77,11
438.877,9
438.983,0
439.09,4
439.197,0
439.303,24
439.41,0
439.517,0
439.623,0
439.73,16
439.837,12
439.943,33
440.05,96
440.157,100
440.263,42
440.37,0
440.477,0
440.583,17
440.69,18
440.797,2
440.904,0
441.01,4
441.117,30
441.224,16
441.33,0
441.437,2
441.544,7
441.65,0
441.757,0
441.864,6
441.97,0
442.077,7
442.184,0
442.29,0
442.397,8
442.504,0
442.61,0
442.717,8
442.824,12
442.93,20
443.037,12
443.144,4
443.25,15
443.357,2
443.464,2
443.57,8
443.677,9
443.784,15
443.89,0
443.997,0
444.104,14
444.21,0
444.317,63
444.424,52
444.53,9
444.637,5
444.744,16
444.851,0
444.957,14
445.064,4
445.171,4
445.277,7
445.384,20
445.491,17
445.597,0
445.704,0
445.811,48
445.917,81
446.024,35
446.131,5
446.237,0
446.344,0
446.451,18
446.557,0
446.664,0
446.771,6
446.877,1
446.984,10
447.091,19
447.197,5
447.304,2
447.411,0
447.517,3
447.624,1
447.731,28
447.837,16
447.944,17
448.051,1
448.157,9
448.264,0
448.371,0
448.477,8
448.584,61
448.691,69
448.797,38
448.904,5
449.011,0
449.117,23
449.224,0
449.331,8
449.437,0
449.544,11
449.651,0
449.757,5
449.864,9
449.971,0
450.077,25
450.184,2
450.291,1
450.397,20
450.504,15
450.611,0
450.717,0
450.824,6
450.931,10
451.037,12
451.144,4
451.251,13
451.357,58
451.464,59
451.571,52
451.677,22
451.784,0
451.891,0
451.997,15
452.104,0
452.21,0
452.317,28
452.424,28
452.53,0
452.637,0
452.744,4
452.85,5
452.957,0
453.064,3
453.17,0
453.277,18
453.384,0
453.49,22
453.597,20
453.704,0
453.81,0
453.917,17
454.024,26
454.13,4
454.237,0
454.344,33
454.45,38
454.557,7
454.664,0
454.77,0
454.877,10
454.984,0
455.09,0
455.197,32
455.304,35
455.41,0
455.517,0
455.624,0
455.73,0
455.837,0
455.944,29
456.05,2
456.157,0
456.263,0
456.37,11
456.477,6
456.583,0
456.69,15
456.797,3
456.903,0
457.01,0
457.117,8
457.223,40
457.33,12
457.437,0
457.543,0
457.65,0
457.757,0
457.863,0
457.97,0
458.077,0
458.183,0
458.29,19
458.397,108
458.503,104
458.61,43
458.716,10
458.823,8
458.93,0
459.036,10
459.143,0
459.25,0
459.356,0
459.463,25
459.57,0
459.676,2
459.783,0
459.89,2
459.996,3
460.103,0
460.21,0
460.316,17
460.423,0
460.53,0
460.636,5
460.743,17
460.849,0
460.956,4
461.063,8
461.169,0
461.276,7
461.383,28
461.489,0
461.596,2
461.703,7
461.809,0
461.916,21
462.023,29
462.129,0
462.236,7
462.342,0
462.449,12
462.556,10
462.662,0
462.769,18
462.876,20
462.982,6
463.089,23
463.196,30
463.302,0
463.409,26
463.516,6
463.622,14
463.729,0
463.835,12
463.942,19
464.049,20
464.155,9
464.262,0
464.369,8
464.475,0
464.582,0
464.689,17
464.795,0
464.902,8
465.009,15
465.115,0
465.222,0
465.328,0
465.435,11
465.542,0
465.648,0
465.755,0
465.862,31
465.968,48
466.075,0
466.182,6
466.288,4
466.395,0
466.501,0
466.608,0
466.715,10
466.821,0
466.928,8
467.035,0
467.141,30
467.248,23
467.355,0
467.461,9
467.568,35
467.674,0
467.781,20
467.888,0
467.994,0
468.101,8
468.208,7
468.314,0
468.421,4
468.528,2
468.634,2
468.741,0
468.847,11
468.954,7
469.061,0
469.167,0
469.274,15
469.381,15
469.487,2
469.594,0
469.701,0
469.807,14
469.914,6
470.02,0
470.127,0
470.234,0
470.34,0
470.447,0
470.554,0
470.66,0
470.767,24
470.873,0
470.98,5
471.087,15
471.193,8
471.3,10
471.407,11
471.513,21
471.62,26
471.727,0
471.833,0
471.94,10
472.046,15
472.153,0
472.26,10
472.366,32
472.473,14
472.58,0
472.686,2
472.793,1
472.899,6
473.006,20
473.113,21
473.219,15
473.326,0
473.433,9
473.539,3
473.646,0
473.752,0
473.859,6
473.966,0
474.072,0
474.179,0
474.286,21
474.392,6
474.499,12
474.605,36
474.712,5
474.819,93
474.925,74
475.032,23
475.139,0
475.245,1
475.352,0
475.458,0
475.565,29
475.672,14
475.778,11
475.885,14
475.992,14
476.098,15
476.205,0
476.311,0
476.418,0
476.525,30
476.631,24
476.738,0
476.844,0
476.951,0
477.058,0
477.164,0
477.271,0
477.378,5
477.484,16
477.591,0
477.697,0
477.804,0
477.911,0
478.017,43
478.124,0
478.231,0
478.337,0
478.444,14
478.55,13
478.657,0
478.764,1
478.87,7
478.977,19
479.083,17
479.19,15
479.297,17
479.403,0
479.51,0
479.617,9
479.723,20
479.83,34
479.936,4
480.043,0
480.15,8
480.256,0
480.363,0
480.469,0
480.576,2
480.683,0
480.789,30
480.896,0
481.003,0
481.109,4
481.216,24
481.322,0
481.429,1
481.536,0
481.642,6
481.749,25
481.855,3
481.962,0
482.069,0
482.175,7
482.282,0
482.388,0
482.495,47
482.602,5
482.708,0
482.815,0
482.922,19
483.028,2
483.135,0
483.241,5
483.348,2
483.455,19
483.561,0
483.668,0
483.774,0
483.881,16
483.988,0
484.094,0
484.201,0
484.307,12
484.414,20
484.521,25
484.627,0
484.734,4
484.84,4
484.947,0
485.054,0
485.16,0
485.267,0
485.373,18
485.48,0
485.587,0
485.693,12
485.8,10
485.907,19
486.013,0
486.12,0
486.226,25
486.333,0
486.44,0
486.546,0
486.653,3
486.759,0
486.866,0
486.973,7
487.079,3
487.186,27
487.292,21
487.399,0
487.506,0
487.612,16
487.719,5
487.825,0
487.932,24
488.039,0
488.145,26
488.252,18
488.358,0
488.465,18
488.572,43
488.678,20
488.785,0
488.891,20
488.998,0
489.105,0
489.211,0
489.318,10
489.424,10
489.531,2
489.638,2
489.744,16
489.851,18
489.957,20
490.064,0
490.171,9
490.277,0
490.384,0
490.49,13
490.597,49
490.704,0
490.81,0
490.917,8
491.023,0
491.13,32
491.237,26
491.343,0
491.45,22
491.556,44
491.663,9
491.769,0
491.876,5
491.983,7
492.089,0
492.196,10
492.302,21
492.409,0
492.516,4
492.622,21
492.729,3
492.835,0
492.942,0
493.049,0
493.155,12
493.262,0
493.368,15
493.475,16
493.582,0
493.688,5
493.795,0
493.901,7
494.008,9
494.114,0
494.221,6
494.328,0
494.434,0
494.541,0
494.647,0
494.754,6
494.861,0
494.967,9
495.074,7
495.18,22
495.287,0
495.394,10
495.5,21
495.607,9
495.713,2
495.82,0
495.926,26
496.033,16
496.14,0
496.246,37
496.353,73
496.459,59
496.566,24
496.673,6
496.779,0
496.886,1
496.992,0
497.099,25
497.206,0
497.312,18
497.419,0
497.525,8
497.632,12
497.738,18
497.845,22
497.952,0
498.058,21
498.165,3
498.271,9
498.378,13
498.485,7
498.591,4
498.698,10
498.804,8
498.911,8
499.017,0
499.124,0
499.231,0
499.337,0
499.444,5
499.55,0
499.657,0
499.763,0
499.87,0
499.977,0
500.083,19
500.19,5
500.296,0
500.403,27
500.51,27
500.616,0
500.723,0
500.829,0
500.936,16
501.042,22
501.149,0
501.256,0
501.362,7
501.469,4
501.575,0
501.682,0
501.788,28
501.895,29
502.002,0
502.108,5
502.215,0
502.321,2
502.428,0
502.534,17
502.641,0
502.748,0
502.854,29
502.961,9
503.067,0
503.174,28
503.281,22
503.387,4
503.494,0
503.6,2
503.707,13
503.813,17
503.92,0
504.027,35
504.133,210
504.24,151
504.346,22
504.453,0
504.559,9
504.666,23
504.773,0
504.879,0
504.986,28
505.092,44
505.199,144
505.305,234
505.412,331
505.518,328
505.625,232
505.732,381
505.838,306
505.945,194
506.051,198
506.158,224
506.264,203
506.371,174
506.478,72
506.584,80
506.691,245
506.797,474
506.904,400
507.01,261
507.117,358
507.224,404
507.33,408
507.437,262
507.543,87
507.65,0
507.756,0
507.863,0
507.97,0
508.076,0
508.183,0
508.289,40
508.396,47
508.502,50
508.609,43
508.715,18
508.822,12
508.929,0
509.035,0
509.142,0
509.248,0
509.355,0
509.461,2
509.568,10
509.675,0
509.781,0
509.888,41
509.994,63
510.101,15
510.207,21
510.314,4
510.42,11
510.527,0
510.634,0
510.74,4
510.847,8
510.953,4
511.06,0
511.166,18
511.273,10
511.379,14
511.486,16
511.593,11
511.699,0
511.806,19
511.912,4
512.019,4
512.125,0
512.232,6
512.339,0
512.445,0
512.552,6
512.658,0
512.765,9
512.871,0
512.978,2
513.084,39
513.191,2
513.298,0
513.404,10
513.511,9
513.617,0
513.724,5
513.83,5
513.937,12
514.043,44
514.15,13
514.256,5
514.363,26
514.47,0
514.576,0
514.683,33
514.789,2
514.896,10
515.002,15
515.109,0
515.215,2
515.322,6
515.429,16
515.535,0
515.642,33
515.748,6
515.855,18
515.961,0
516.068,0
516.174,23
516.281,12
516.388,0
516.494,0
516.601,14
516.707,10
516.814,0
516.92,0
517.027,0
517.133,10
517.24,55
517.346,0
517.453,0
517.56,33
517.666,12
517.773,5
517.879,1
517.986,0
518.092,0
518.199,0
518.305,0
518.412,0
518.518,7
518.625,0
518.732,0
518.838,0
518.945,0
519.051,0
519.158,24
519.264,18
519.371,3
519.477,13
519.584,0
519.69,24
519.797,16
519.903,0
520.01,8
520.117,0
520.223,0
520.33,12
520.436,0
520.543,0
520.649,18
520.756,7
520.862,0
520.969,8
521.075,13
521.182,18
521.289,16
521.395,16
521.502,17
521.608,5
521.715,3
521.821,5
521.928,0
522.034,2
522.141,2
522.247,0
522.354,0
522.46,6
522.567,0
522.674,0
522.78,0
522.887,0
522.993,5
523.1,0
523.206,0
523.313,3
523.419,0
523.526,0
523.632,0
523.739,0
523.845,10
523.952,21
524.058,1
524.165,9
524.272,0
524.378,28
524.485,24
524.591,0
524.698,12
524.804,21
524.911,5
525.017,2
525.124,0
525.23,10
525.337,12
525.443,4
525.55,0
525.656,0
525.763,0
525.87,0
525.976,14
526.083,2
526.189,0
526.296,0
526.402,32
526.509,0
526.615,0
526.722,0
526.828,0
526.935,0
527.041,0
527.148,0
527.254,1
527.361,20
527.467,5
527.574,3
527.68,0
527.787,11
527.894,10
528,0
528.107,1
528.213,2
528.32,41
528.426,33
528.533,0
528.639,0
528.746,0
528.852,13
528.959,0
529.065,22
529.172,49
529.278,17
529.385,0
529.491,16
529.598,0
529.704,0
529.811,41
529.918,34
530.024,2
530.131,4
530.237,0
530.344,9
530.45,16
530.557,0
530.663,15
530.77,0
530.876,0
530.983,16
531.089,7
531.196,0
531.302,13
531.409,17
531.515,0
531.622,0
531.728,2
531.835,0
531.941,0
532.048,10
532.154,0
532.261,0
532.367,8
532.474,15
532.581,8
532.687,6
532.794,0
532.9,0
533.007,25
533.113,12
533.22,11
533.326,0
533.433,0
533.539,0
533.646,24
533.752,0
533.859,4
533.965,0
534.072,6
534.178,7
534.285,0
534.391,0
534.498,1
534.604,7
534.711,0
534.817,0
534.924,23
535.03,4
535.137,0
535.243,0
535.35,0
535.456,0
535.563,2
535.669,0
535.776,0
535.882,14
535.989,0
536.095,4
536.202,0
536.308,9
536.415,0
536.521,0
536.628,0
536.735,2
536.841,10
536.948,14
537.054,6
537.161,13
537.267,30
537.374,0
537.48,0
537.587,2
537.693,18
537.8,0
537.906,0
538.013,0
538.119,0
538.226,2
538.332,0
538.439,2
538.545,0
538.652,0
538.758,7
538.865,9
538.971,0
539.078,0
539.184,14
539.291,5
539.397,28
539.504,0
539.61,3
539.717,1
539.823,9
539.93,0
540.036,18
540.143,0
540.249,0
540.356,0
540.462,21
540.569,45
540.675,6
540.782,0
540.888,0
540.995,0
541.101,0
541.208,16
541.314,0
541.421,18
541.527,0
541.634,0
541.74,11
541.847,28
541.953,0
542.06,23
542.166,0
542.273,44
542.379,19
542.486,0
542.592,2
542.699,10
542.805,23
542.912,0
543.018,0
543.125,0
543.231,6
543.338,7
543.444,25
543.551,0
543.657,3
543.764,0
543.87,34
543.977,10
544.083,0
544.19,2
544.296,0
544.403,0
544.509,1
544.616,6
544.722,0
544.829,10
544.935,0
545.042,0
545.148,10
545.255,16
545.361,0
545.467,5
545.574,0
545.68,2
545.787,0
545.893,18
546,0
546.106,20
546.213,18
546.319,0
546.426,0
546.532,13
546.639,14
546.745,0
546.852,19
546.958,11
547.065,4
547.171,8
547.278,0
547.384,0
547.491,0
547.597,2
547.704,3
547.81,0
547.917,0
548.023,0
548.13,7
548.236,21
548.343,9
548.449,14
548.556,0
548.662,6
548.769,16
548.875,6
548.982,0
549.088,0
549.195,0
549.301,0
549.408,0
549.514,0
549.62,0
549.727,0
549.833,0
549.94,0
550.046,3
550.153,8
550.259,0
550.366,27
550.472,0
550.579,0
550.685,13
550.792,3
550.898,0
551.005,0
551.111,32
551.218,22
551.324,0
551.431,0
551.537,0
551.644,0
551.75,17
551.857,3
551.963,10
552.07,4
552.176,14
552.282,7
552.389,0
552.495,0
552.602,0
552.708,0
552.815,0
552.921,11
553.028,21
553.134,0
553.241,18
553.347,34
553.454,0
553.56,0
553.667,0
553.773,2
553.88,3
553.986,0
554.093,10
554.199,17
554.305,0
554.412,0
554.518,21
554.625,6
554.731,0
554.838,72
554.944,22
555.051,1
555.157,8
555.264,6
555.37,25
555.477,0
555.583,11
555.69,0
555.796,5
555.903,0
556.009,0
556.115,0
556.222,0
556.328,22
556.435,2
556.541,30
556.648,12
556.754,0
556.861,24
556.967,2
557.074,3
557.18,10
557.287,56
557.393,53
557.5,22
557.606,11
557.713,0
557.819,0
557.925,44
558.032,0
558.138,6
558.245,0
558.351,0
558.458,3
558.564,5
558.671,12
558.777,0
558.884,0
558.99,0
559.097,0
559.203,0
559.309,0
559.416,0
559.522,0
559.629,1
559.735,2
559.842,22
559.948,0
560.055,0
560.161,18
560.268,1
560.374,0
560.481,10
560.587,56
560.693,59
560.8,0
560.906,1
561.013,15
561.119,0
561.226,0
561.332,20
561.439,0
561.545,0
561.652,0
561.758,14
561.864,19
561.971,19
562.077,0
562.184,8
562.29,15
562.397,0
562.503,0
562.61,0
562.716,9
562.823,6
562.929,6
563.035,16
563.142,16
563.248,4
563.355,8
563.461,0
563.568,19
563.674,3
563.781,0
563.887,0
563.994,5
564.1,2
564.206,2
564.313,3
564.419,27
564.526,13
564.632,0
564.739,32
564.845,31
564.952,0
565.058,1
565.165,15
565.271,13
565.377,14
565.484,0
565.59,10
565.697,4
565.803,0
565.91,0
566.016,8
566.123,0
566.229,20
566.335,1
566.442,0
566.548,9
566.655,13
566.761,0
566.868,0
566.974,40
567.081,21
567.187,0
567.293,0
567.4,9
567.506,4
567.613,0
567.719,0
567.826,9
567.932,16
568.039,0
568.145,15
568.251,0
568.358,3
568.464,0
568.571,14
568.677,0
568.784,5
568.89,0
568.997,0
569.103,0
569.209,12
569.316,0
569.422,0
569.529,36
569.635,59
569.742,24
569.848,11
569.955,7
570.061,0
570.167,2
570.274,0
570.38,10
570.487,0
570.593,0
570.7,0
570.806,0
570.912,22
571.019,2
571.125,8
571.232,0
571.338,7
571.445,15
571.551,0
571.658,2
571.764,25
571.87,8
571.977,0
572.083,0
572.19,0
572.296,0
572.403,56
572.509,26
572.615,0
572.722,0
572.828,0
572.935,0
573.041,34
573.148,0
573.254,0
573.36,0
573.467,0
573.573,0
573.68,10
573.786,0
573.893,0
573.999,19
574.105,53
574.212,164
574.318,108
574.425,28
574.531,0
574.638,0
574.744,0
574.85,10
574.957,0
575.063,0
575.17,4
575.276,21
575.383,0
575.489,0
575.595,39
575.702,20
575.808,0
575.915,0
576.021,21
576.128,7
576.234,0
576.34,3
576.447,0
576.553,20
576.66,0
576.766,4
576.873,0
576.979,0
577.085,0
577.192,0
577.298,0
577.405,8
577.511,34
577.618,1
577.724,0
577.83,2
577.937,11
578.043,20
578.15,0
578.256,6
578.363,4
578.469,0
578.575,1
578.682,11
578.788,0
578.895,17
579.001,0
579.107,0
579.214,17
579.32,56
579.427,60
579.533,2
579.64,0
579.746,24
579.852,0
579.959,30
580.065,0
580.172,2
580.278,3
580.384,13
580.491,0
580.597,8
580.704,0
580.81,4
580.917,18
581.023,11
581.129,0
581.236,7
581.342,0
581.449,5
581.555,0
581.661,0
581.768,6
581.874,0
581.981,9
582.087,1
582.193,0
582.3,0
582.406,8
582.513,29
582.619,15
582.726,13
582.832,0
582.938,2
583.045,12
583.151,5
583.258,0
583.364,0
583.47,0
583.577,13
583.683,11
583.79,0
583.896,33
584.002,1
584.109,0
584.215,25
584.322,0
584.428,0
584.535,19
584.641,0
584.747,0
584.854,0
584.96,0
585.067,7
585.173,0
585.279,0
585.386,6
585.492,12
585.599,0
585.705,5
585.811,32
585.918,0
586.024,0
586.131,31
586.237,0
586.343,0
586.45,0
586.556,22
586.663,0
586.769,0
586.875,10
586.982,21
587.088,12
587.195,13
587.301,10
587.407,8
587.514,4
587.62,0
587.727,0
587.833,19
587.939,0
588.046,17
588.152,0
588.259,0
588.365,0
588.471,0
588.578,0
588.684,0
588.791,0
588.897,0
589.003,0
589.11,22
589.216,4
589.323,0
589.429,0
589.535,22
589.642,14
589.748,0
589.855,0
589.961,0
590.067,0
590.174,12
590.28,9
590.387,0
590.493,7
590.599,19
590.706,17
590.812,21
590.918,20
591.025,13
591.131,0
591.238,12
591.344,0
591.45,8
591.557,0
591.663,14
591.77,2
591.876,0
591.982,0
592.089,6
592.195,4
592.302,37
592.408,2
592.514,20
592.621,16
592.727,0
592.834,0
592.94,13
593.046,9
593.153,3
593.259,0
593.365,12
593.472,0
593.578,0
593.685,17
593.791,28
593.897,0
594.004,0
594.11,8
594.217,23
594.323,0
594.429,0
594.536,4
594.642,0
594.748,26
594.855,0
594.961,4
595.068,2
595.174,0
595.28,5
595.387,0
595.493,0
595.6,26
595.706,16
595.812,4
595.919,3
596.025,0
596.131,0
596.238,0
596.344,2
596.451,18
596.557,0
596.663,0
596.77,29
596.876,17
596.982,0
597.089,0
597.195,0
597.302,5
597.408,0
597.514,42
597.621,0
597.727,0
597.833,0
597.94,0
598.046,12
598.153,0
598.259,0
598.365,0
598.472,0
598.578,0
598.685,0
598.791,5
598.897,0
599.004,2
599.11,4
599.216,0
599.323,15
599.429,0
599.535,1
599.642,2
599.748,3
599.855,20
599.961,0
600.067,0
600.174,0
600.28,23
600.386,13
600.493,0
600.599,12
600.706,14
600.812,0
600.918,0
601.025,5
601.131,14
601.237,2
601.344,2
601.45,33
601.557,24
601.663,24
601.769,0
601.876,2
601.982,15
602.088,0
602.195,0
602.301,28
602.407,14
602.514,0
602.62,4
602.727,0
602.833,0
602.939,10
603.046,0
603.152,0
603.258,0
603.365,0
603.471,16
603.577,0
603.684,0
603.79,0
603.897,14
604.003,32
604.109,0
604.216,0
604.322,58
604.428,29
604.535,27
604.641,0
604.747,0
604.854,24
604.96,7
605.067,5
605.173,0
605.279,0
605.386,14
605.492,0
605.598,5
605.705,0
605.811,5
605.917,0
606.024,0
606.13,18
606.236,0
606.343,21
606.449,0
606.556,0
606.662,1
606.768,6
606.875,4
606.981,24
607.087,21
607.194,27
607.3,8
607.406,13
607.513,0
607.619,0
607.725,0
607.832,0
607.938,0
608.045,0
608.151,0
608.257,10
608.364,8
608.47,0
608.576,9
608.683,22
608.789,0
608.895,0
609.002,0
609.108,0
609.214,0
609.321,0
609.427,0
609.533,16
609.64,27
609.746,0
609.852,0
609.959,0
610.065,18
610.172,11
610.278,0
610.384,8
610.491,10
610.597,17
610.703,0
610.81,0
610.916,0
611.022,0
611.129,42
611.235,37
611.341,15
611.448,5
611.554,0
611.66,0
611.767,23
611.873,0
611.979,25
612.086,67
612.192,80
612.298,14
612.405,3
612.511,0
612.617,5
612.724,54
612.83,37
612.936,0
613.043,0
613.149,0
613.255,0
613.362,2
613.468,0
613.575,0
613.681,17
613.787,0
613.894,0
614,21
614.106,11
614.213,0
614.319,0
614.425,50
614.532,21
614.638,0
614.744,0
614.851,0
614.957,37
615.063,34
615.17,53
615.276,46
615.382,0
615.489,0
615.595,2
615.701,5
615.808,5
615.914,2
616.02,6
616.127,0
616.233,0
616.339,0
616.446,10
616.552,0
616.658,17
616.765,9
616.871,0
616.977,17
617.084,0
617.19,28
617.296,8
617.403,1
617.509,0
617.615,7
617.722,11
617.828,0
617.934,0
618.041,15
618.147,6
618.253,25
618.36,21
618.466,122
618.572,110
618.679,40
618.785,11
618.891,0
618.998,9
619.104,0
619.21,28
619.316,16
619.423,7
619.529,7
619.635,14
619.742,37
619.848,25
619.954,34
620.061,23
620.167,0
620.273,24
620.38,34
620.486,6
620.592,4
620.699,0
620.805,8
620.911,1
621.018,0
621.124,0
621.23,0
621.337,0
621.443,0
621.549,0
621.656,20
621.762,33
621.868,0
621.975,0
622.081,10
622.187,26
622.294,8
622.4,5
622.506,0
622.612,8
622.719,4
622.825,0
622.931,15
623.038,6
623.144,10
623.25,13
623.357,14
623.463,5
623.569,0
623.676,26
623.782,13
623.888,10
623.995,0
624.101,13
624.207,0
624.314,2
624.42,0
624.526,0
624.632,4
624.739,27
624.845,16
624.951,23
625.058,8
625.164,0
625.27,0
625.377,0
625.483,0
625.589,46
625.696,31
625.802,0
625.908,0
626.015,11
626.121,0
626.227,0
626.333,0
626.44,38
626.546,0
626.652,3
626.759,0
626.865,0
626.971,19
627.078,42
627.184,32
627.29,24
627.397,0
627.503,0
627.609,8
627.715,2
627.822,0
627.928,18
628.034,0
628.141,12
628.247,17
628.353,0
628.46,0
628.566,0
628.672,4
628.778,0
628.885,2
628.991,0
629.097,0
629.204,0
629.31,11
629.416,21
629.523,13
629.629,0
629.735,13
629.841,25
629.948,9
630.054,5
630.16,0
630.267,0
630.373,2
630.479,0
630.586,4
630.692,0
630.798,0
630.904,0
631.011,0
631.117,0
631.223,11
631.33,18
631.436,1
631.542,25
631.649,5
631.755,0
631.861,0
631.967,9
632.074,0
632.18,0
632.286,0
632.393,0
632.499,0
632.605,0
632.711,0
632.818,0
632.924,14
633.03,25
633.137,11
633.243,19
633.349,11
633.456,0
633.562,18
633.668,0
633.774,0
633.881,21
633.987,0
634.093,0
634.2,5
634.306,1
634.412,0
634.518,28
634.625,8
634.731,0
634.837,0
634.944,4
635.05,20
635.156,0
635.262,0
635.369,13
635.475,0
635.581,30
635.688,13
635.794,0
635.9,3
636.006,0
636.113,0
636.219,48
636.325,41
636.432,2
636.538,0
636.644,13
636.75,0
636.857,24
636.963,20
637.069,0
637.176,1
637.282,11
637.388,18
637.494,0
637.601,32
637.707,28
637.813,32
637.92,6
638.026,0
638.132,16
638.238,0
638.345,0
638.451,0
638.557,0
638.663,0
638.77,16
638.876,9
638.982,0
639.089,0
639.195,28
639.301,18
639.407,0
639.514,17
639.62,17
639.726,16
639.833,0
639.939,11
640.045,3
640.151,0
640.258,12
640.364,0
640.47,0
640.576,33
640.683,0
640.789,5
640.895,25
641.002,0
641.108,12
641.214,6
641.32,0
641.427,26
641.533,0
641.639,14
641.745,0
641.852,8
641.958,14
642.064,16
642.171,8
642.277,8
642.383,8
642.489,0
642.596,0
642.702,29
642.808,5
642.914,0
643.021,0
643.127,0
643.233,0
643.339,0
643.446,0
643.552,0
643.658,6
643.765,0
643.871,0
643.977,0
644.083,0
644.19,0
644.296,10
644.402,0
644.508,10
644.615,31
644.721,0
644.827,0
644.933,17
645.04,13
645.146,33
645.252,20
645.358,1
645.465,24
645.571,9
645.677,16
645.784,4
645.89,5
645.996,0
646.102,8
646.209,14
646.315,48
646.421,62
646.527,16
646.634,0
646.74,0
646.846,44
646.952,38
647.059,0
647.165,9
647.271,79
647.377,70
647.484,27
647.59,6
647.696,6
647.802,0
647.909,0
648.015,0
648.121,0
648.227,20
648.334,14
648.44,32
648.546,0
648.652,8
648.759,12
648.865,8
648.971,25
649.077,0
649.184,12
649.29,8
649.396,31
649.502,0
649.609,0
649.715,0
649.821,5
649.927,117
650.034,53
650.14,17
650.246,0
650.352,18
650.459,6
650.565,20
650.671,70
650.777,56
650.884,0
650.99,7
651.096,8
651.202,1
651.309,6
651.415,117
651.521,301
651.627,178
651.734,78
651.84,0
651.946,0
652.052,17
652.159,0
652.265,15
652.371,8
652.477,5
652.584,2
652.69,4
652.796,54
652.902,64
653.009,21
653.115,20
653.221,0
653.327,27
653.434,18
653.54,10
653.646,4
653.752,0
653.858,2
653.965,2
654.071,3
654.177,23
654.283,8
654.39,11
654.496,0
654.602,25
654.708,0
654.815,0
654.921,6
655.027,0
655.133,12
655.24,6
655.346,0
655.452,0
655.558,0
655.665,27
655.771,256
655.877,262
655.983,86
656.089,19
656.196,0
656.302,0
656.408,4
656.514,0
656.621,6
656.727,41
656.833,34
656.939,8
657.046,0
657.152,4
657.258,0
657.364,0
657.47,28
657.577,24
657.683,13
657.789,3
657.895,0
658.002,4
658.108,0
658.214,0
658.32,8
658.427,0
658.533,3
658.639,2
658.745,24
658.851,11
658.958,0
659.064,9
659.17,0
659.276,0
659.383,56
659.489,65
659.595,48
659.701,14
659.807,51
659.914,74
660.02,56
660.126,20
660.232,30
660.339,52
660.445,53
660.551,38
660.657,11
660.763,0
660.87,0
660.976,0
661.082,11
661.188,9
661.295,13
661.401,0
661.507,128
661.613,266
661.719,339
661.826,160
661.932,30
662.038,0
662.144,0
662.251,0
662.357,0
662.463,0
662.569,13
662.675,19
662.782,0
662.888,0
662.994,0
663.1,20
663.206,22
663.313,0
663.419,0
663.525,20
663.631,32
663.738,0
663.844,19
663.95,0
664.056,38
664.162,32
664.269,0
664.375,0
664.481,11
664.587,17
664.693,16
664.8,30
664.906,20
665.012,41
665.118,15
665.225,26
665.331,17
665.437,4
665.543,11
665.649,0
665.756,20
665.862,18
665.968,0
666.074,20
666.18,2
666.287,19
666.393,22
666.499,33
666.605,7
666.711,0
666.818,6
666.924,24
667.03,3
667.136,0
667.242,0
667.349,0
667.455,0
667.561,9
667.667,4
667.773,0
667.88,0
667.986,0
668.092,30
668.198,80
668.304,61
668.411,100
668.517,23
668.623,0
668.729,11
668.835,0
668.942,40
669.048,0
669.154,0
669.26,20
669.366,38
669.473,0
669.579,0
669.685,18
669.791,21
669.897,52
670.004,25
670.11,3
670.216,6
670.322,0
670.428,18
670.535,6
670.641,0
670.747,5
670.853,41
670.959,44
671.066,52
671.172,10
671.278,0
671.384,14
671.49,14
671.597,0
671.703,0
671.809,6
671.915,0
672.021,22
672.128,0
672.234,0
672.34,64
672.446,128
672.552,49
672.658,5
672.765,0
672.871,18
672.977,58
673.083,24
673.189,18
673.296,31
673.402,24
673.508,0
673.614,0
673.72,0
673.827,0
673.933,0
674.039,10
674.145,7
674.251,0
674.357,0
674.464,6
674.57,12
674.676,35
674.782,0
674.888,10
674.995,48
675.101,116
675.207,192
675.313,109
675.419,13
675.526,0
675.632,0
675.738,0
675.844,0
675.95,7
676.056,0
676.163,16
676.269,5
676.375,10
676.481,4
676.587,3
676.693,8
676.8,15
676.906,20
677.012,2
677.118,0
677.224,0
677.331,0
677.437,0
677.543,0
677.649,0
677.755,0
677.861,0
677.968,5
678.074,5
678.18,1
678.286,18
678.392,0
678.498,0
678.605,0
678.711,29
678.817,19
678.923,0
679.029,0
679.136,0
679.242,0
679.348,0
679.454,0
679.56,18
679.666,0
679.773,14
679.879,0
679.985,18
680.091,14
680.197,0
680.303,0
680.41,0
680.516,0
680.622,2
680.728,0
680.834,0
680.94,12
681.047,10
681.153,23
681.259,0
681.365,0
681.471,0
681.577,25
681.684,23
681.79,0
681.896,30
682.002,0
682.108,0
682.214,0
682.321,10
682.427,13
682.533,0
682.639,10
682.745,23
682.851,0
682.958,0
683.064,8
683.17,13
683.276,0
683.382,0
683.488,0
683.595,0
683.701,0
683.807,0
683.913,0
684.019,0
684.125,0
684.231,0
684.338,0
684.444,22
684.55,46
684.656,0
684.762,0
684.868,0
684.975,0
685.081,7
685.187,0
685.293,0
685.399,10
685.505,0
685.611,6
685.718,0
685.824,17
685.93,12
686.036,7
686.142,30
686.248,0
686.355,7
686.461,9
686.567,25
686.673,0
686.779,0
686.885,0
686.991,0
687.098,0
687.204,11
687.31,0
687.416,3
687.522,20
687.628,0
687.735,27
687.841,17
687.947,5
688.053,2
688.159,13
688.265,8
688.371,0
688.478,9
688.584,24
688.69,12
688.796,14
688.902,0
689.008,0
689.114,0
689.221,0
689.327,42
689.433,8
689.539,6
689.645,5
689.751,0
689.857,0
689.964,2
690.07,26
690.176,0
690.282,4
690.388,1
690.494,0
690.6,19
690.707,0
690.813,4
690.919,0
691.025,8
691.131,8
691.237,0
691.343,0
691.45,4
691.556,11
691.662,0
691.768,0
691.874,2
691.98,3
692.086,0
692.193,0
692.299,9
692.405,0
692.511,1
692.617,18
692.723,0
692.829,30
692.935,10
693.042,4
693.148,14
693.254,0
693.36,9
693.466,0
693.572,4
693.678,5
693.785,4
693.891,4
693.997,0
694.103,0
694.209,13
694.315,17
694.421,0
694.527,19
694.634,19
694.74,0
694.846,3
694.952,10
695.058,0
695.164,3
695.27,0
695.376,0
695.483,0
695.589,0
695.695,0
695.801,0
695.907,0
696.013,6
696.119,0
696.225,14
696.332,1
696.438,0
696.544,1
696.65,19
696.756,7
696.862,0
696.968,6
697.074,0
697.181,4
697.287,0
697.393,25
697.499,0
697.605,0
697.711,21
697.817,0
697.923,16
698.03,9
698.136,0
698.242,0
698.348,22
698.454,26
698.56,14
698.666,60
698.772,33
698.879,34
698.985,0
699.091,19
699.197,0
699.303,0
699.409,10
699.515,0
