59.6745,0
59.7814,25
59.8883,48
59.9952,24
60.1021,10
60.209,14
60.3159,2
60.4228,38
60.5296,8
60.6365,9
60.7434,0
60.8503,0
60.9572,36
61.0641,17
61.171,9
61.2779,15
61.3848,0
61.4917,8
61.5986,6
61.7055,0
61.8124,0
61.9193,20
62.0261,24
62.133,0
62.2399,0
62.3468,0
62.4537,2
62.5606,5
62.6675,24
62.7744,22
62.8813,5
62.9882,18
63.0951,7
63.202,24
63.3089,18
63.4158,1
63.5226,0
63.6295,0
63.7364,0
63.8433,0
63.9502,8
64.0571,0
64.164,10
64.2709,13
64.3778,13
64.4847,1
64.5916,24
64.6985,1
64.8054,0
64.9123,0
65.0192,37
65.1261,0
65.2329,0
65.3398,18
65.4467,14
65.5536,19
65.6605,0
65.7674,24
65.8743,0
65.9812,8
66.0881,8
66.195,14
66.3019,11
66.4088,2
66.5157,0
66.6226,48
66.7295,15
66.8364,0
66.9433,13
67.0502,23
67.157,15
67.2639,0
67.3708,0
67.4777,0
67.5846,0
67.6915,10
67.7984,0
67.9053,14
68.0122,0
68.1191,0
68.226,6
68.3329,11
68.4398,2
68.5467,0
68.6536,0
68.7605,0
68.8674,2
68.9743,17
69.0812,14
69.1881,3
69.295,0
69.4018,2
69.5087,0
69.6156,12
69.7225,0
69.8294,11
69.9363,13
70.0432,9
70.1501,0
70.257,37
70.3639,0
70.4708,0
70.5777,13
70.6846,20
70.7915,0
70.8984,21
71.0053,0
71.1122,2
71.2191,0
71.326,6
71.4329,26
71.5398,10
71.6467,0
71.7536,0
71.8605,5
71.9674,0
72.0742,14
72.1811,4
72.288,6
72.3949,0
72.5018,0
72.6087,0
72.7156,13
72.8225,10
72.9294,0
73.0363,21
73.1432,6
73.2501,0
73.357,11
73.4639,0
73.5708,5
73.6777,0
73.7846,3
73.8915,17
73.9984,0
74.1053,1
74.2122,0
74.3191,6
74.426,3
74.5329,3
74.6398,11
74.7467,13
74.8536,0
74.9605,6
75.0674,0
75.1743,22
75.2812,23
75.3881,16
75.495,12
75.6019,6
75.7088,0
75.8157,9
75.9225,0
76.0294,0
76.1363,17
76.2432,0
76.3501,0
76.457,0
76.5639,4
76.6708,8
76.7777,0
76.8846,24
76.9915,0
77.0984,0
77.2053,22
77.3122,35
77.4191,0
77.526,9
77.6329,6
77.7398,0
77.8467,16
77.9536,22
78.0605,8
78.1674,0
78.2743,14
78.3812,13
78.4881,0
78.595,3
78.7019,0
78.8088,18
78.9157,0
79.0226,0
79.1295,25
79.2364,8
79.3433,0
79.4502,42
79.5571,2
79.664,5
79.7709,19
79.8778,40
79.9847,5
80.0916,0
80.1985,23
80.3054,0
80.4123,0
80.5192,0
80.6261,0
80.733,2
80.8399,26
80.9468,28
81.0537,0
81.1606,0
81.2675,2
81.3744,60
81.4813,8
81.5882,0
81.6951,4
81.802,0
81.9089,0
82.0158,0
82.1227,0
82.2296,0
82.3365,0
82.4434,0
82.5503,1
82.6572,2
82.7641,0
82.871,30
82.9779,4
83.0848,0
83.1917,0
83.2986,7
83.4055,0
83.5124,0
83.6193,7
83.7262,20
83.8331,14
83.94,7
84.0469,5
84.1538,3
84.2607,0
84.3676,28
84.4745,1
84.5814,3
84.6883,0
84.7952,0
84.9021,20
85.009,0
85.1159,3
85.2228,12
85.3297,3
85.4366,8
85.5435,13
85.6504,0
85.7573,0
85.8642,20
85.9711,4
86.078,1
86.1849,0
86.2918,20
86.3987,9
86.5056,12
86.6125,0
86.7194,10
86.8263,3
86.9332,17
87.0401,0
87.147,2
87.2539,0
87.3608,16
87.4677,0
87.5746,0
87.6815,3
87.7884,2
87.8953,0
88.0022,0
88.1091,12
88.216,0
88.3229,13
88.4298,15
88.5367,0
88.6436,0
88.7505,2
88.8574,0
88.9643,0
89.0712,4
89.1781,30
89.285,12
89.3919,0
89.4988,8
89.6057,28
89.7126,16
89.8195,8
89.9264,6
90.0334,2
90.1403,11
90.2472,21
90.3541,0
90.461,0
90.5679,6
90.6748,15
90.7817,0
90.8886,0
90.9955,19
91.1024,3
91.2093,1
91.3162,0
91.4231,0
91.53,11
91.6369,0
91.7438,0
91.8507,0
91.9576,51
92.0645,17
92.1714,27
92.2783,17
92.3852,4
92.4921,0
92.599,11
92.7059,6
92.8128,0
92.9197,8
93.0266,0
93.1335,0
93.2404,13
93.3473,19
93.4542,18
93.5611,3
93.668,27
93.7749,11
93.8818,0
93.9887,9
94.0956,0
94.2025,4
94.3095,18
94.4164,0
94.5233,16
94.6302,0
94.7371,5
94.844,15
94.9509,0
95.0578,0
95.1647,7
95.2716,13
95.3785,7
95.4854,15
95.5923,1
95.6992,0
95.8061,0
95.913,30
96.0199,0
96.1268,0
96.2337,0
96.3406,0
96.4475,0
96.5544,0
96.6613,39
96.7682,15
96.8751,0
96.982,0
97.0889,2
97.1958,12
97.3027,0
97.4097,0
97.5166,0
97.6235,4
97.7304,4
97.8373,0
97.9442,3
98.0511,0
98.158,0
98.2649,0
98.3718,20
98.4787,0
98.5856,0
98.6925,5
98.7994,8
98.9063,9
99.0132,0
99.1201,11
99.227,0
99.3339,24
99.4408,0
99.5477,0
99.6546,0
99.7615,12
99.8684,0
99.9753,13
100.082,2
100.189,10
100.296,2
100.403,26
100.51,17
100.617,36
100.724,0
100.831,3
100.937,0
101.044,25
101.151,6
101.258,0
101.365,0
101.472,15
101.579,30
101.686,0
101.793,0
101.9,23
102.007,9
102.113,13
102.22,8
102.327,27
102.434,0
102.541,0
102.648,45
102.755,45
102.862,0
102.969,0
103.076,0
103.182,8
103.289,23
103.396,0
103.503,0
103.61,13
103.717,3
103.824,7
103.931,2
104.038,33
104.145,0
104.252,12
104.358,4
104.465,0
104.572,7
104.679,13
104.786,0
104.893,6
105,7
105.107,0
105.214,1
105.321,19
105.427,5
105.534,0
105.641,11
105.748,27
105.855,0
105.962,0
106.069,0
106.176,0
106.283,0
106.39,0
106.497,25
106.603,0
106.71,0
106.817,0
106.924,3
107.031,0
107.138,0
107.245,4
107.352,8
107.459,21
107.566,29
107.673,0
107.779,4
107.886,14
107.993,0
108.1,0
108.207,0
108.314,3
108.421,4
108.528,20
108.635,23
108.742,21
108.848,13
108.955,37
109.062,18
109.169,46
109.276,0
109.383,5
109.49,0
109.597,6
109.704,0
109.811,0
109.918,0
110.024,5
110.131,12
110.238,28
110.345,22
110.452,0
110.559,45
110.666,41
110.773,0
110.88,4
110.987,6
111.094,13
111.2,0
111.307,0
111.414,4
111.521,1
111.628,0
111.735,24
111.842,18
111.949,4
112.056,22
112.163,24
112.269,0
112.376,0
112.483,0
112.59,0
112.697,0
112.804,10
112.911,0
113.018,0
113.125,0
113.232,0
113.339,34
113.445,25
113.552,6
113.659,0
113.766,2
113.873,0
113.98,1
114.087,23
114.194,0
114.301,29
114.408,12
114.515,17
114.621,0
114.728,14
114.835,0
114.942,3
115.049,0
115.156,5
115.263,2
115.37,13
115.477,17
115.584,0
115.69,0
115.797,8
115.904,13
116.011,35
116.118,0
116.225,0
116.332,28
116.439,0
116.546,0
116.653,36
116.76,4
116.866,0
116.973,0
117.08,8
117.187,8
117.294,0
117.401,23
117.508,23
117.615,0
117.722,0
117.829,0
117.936,22
118.042,18
118.149,0
118.256,11
118.363,20
118.47,22
118.577,27
118.684,0
118.791,0
118.898,26
119.005,34
119.112,11
119.218,0
119.325,0
119.432,0
119.539,0
119.646,0
119.753,24
119.86,15
119.967,0
120.074,0
120.181,15
120.287,23
120.394,0
120.501,0
120.608,0
120.715,23
120.822,0
120.929,0
121.036,23
121.143,2
121.25,6
121.357,13
121.463,4
121.57,14
121.677,22
121.784,22
121.891,9
121.998,15
122.105,0
122.212,24
122.319,7
122.426,0
122.533,0
122.639,7
122.746,24
122.853,0
122.96,36
123.067,0
123.174,2
123.281,0
123.388,0
123.495,0
123.602,0
123.709,7
123.815,0
123.922,4
124.029,34
124.136,10
124.243,3
124.35,0
124.457,0
124.564,8
124.671,37
124.778,0
124.885,5
124.991,0
125.098,1
125.205,4
125.312,23
125.419,12
125.526,15
125.633,0
125.74,13
125.847,0
125.954,29
126.061,0
126.167,0
126.274,0
126.381,0
126.488,2
126.595,1
126.702,0
126.809,5
126.916,35
127.023,0
127.13,14
127.236,4
127.343,13
127.45,0
127.557,0
127.664,21
127.771,0
127.878,0
127.985,4
128.092,7
128.199,25
128.306,12
128.412,0
128.519,20
128.626,17
128.733,0
128.84,15
128.947,0
129.054,0
129.161,19
129.268,2
129.375,4
129.482,14
129.588,0
129.695,30
129.802,2
129.909,12
130.016,6
130.123,14
130.23,18
130.337,8
130.444,2
130.551,10
130.658,4
130.764,6
130.871,0
130.978,28
131.085,26
131.192,14
131.299,0
131.406,0
131.513,9
131.62,12
131.727,18
131.834,24
131.94,0
132.047,0
132.154,13
132.261,14
132.368,0
132.475,6
132.582,0
132.689,8
132.796,0
132.903,15
133.01,44
133.116,0
133.223,0
133.33,29
133.437,9
133.544,0
133.651,16
133.758,17
133.865,0
133.972,13
134.079,15
134.186,0
134.292,14
134.399,23
134.506,0
134.613,0
134.72,73
134.827,27
134.934,5
135.041,0
135.148,0
135.255,13
135.362,0
135.468,0
135.575,0
135.682,16
135.789,11
135.896,0
136.003,0
136.11,8
136.217,0
136.324,32
136.431,25
136.538,9
136.644,0
136.751,0
136.858,21
136.965,12
137.072,0
137.179,14
137.286,0
137.393,0
137.5,0
137.607,15
137.714,4
137.82,0
137.927,0
138.034,1
138.141,21
138.248,0
138.355,0
138.462,11
138.569,2
138.676,6
138.783,20
138.89,4
138.996,0
139.103,9
139.21,5
139.317,14
139.424,0
139.531,0
139.638,11
139.745,0
139.852,0
139.959,0
140.065,0
140.172,8
140.279,3
140.386,0
140.493,6
140.6,32
140.707,0
140.814,9
140.921,0
141.028,0
141.135,3
141.241,0
141.348,0
141.455,0
141.562,33
141.669,0
141.776,0
141.883,10
141.99,6
142.097,18
142.204,12
142.311,9
142.417,0
142.524,0
142.631,33
142.738,0
142.845,8
142.952,6
143.059,8
143.166,0
143.273,27
143.38,8
143.487,0
143.593,7
143.7,16
143.807,45
143.914,32
144.021,0
144.128,29
144.235,8
144.342,0
144.449,0
144.556,18
144.663,20
144.769,17
144.876,0
144.983,17
145.09,3
145.197,0
145.304,0
145.411,25
145.518,39
145.625,3
145.732,0
145.839,5
145.945,33
146.052,0
146.159,0
146.266,6
146.373,12
146.48,0
146.587,20
146.694,0
146.801,0
146.908,0
147.015,5
147.121,0
147.228,3
147.335,0
147.442,0
147.549,19
147.656,14
147.763,12
147.87,5
147.977,0
148.084,14
148.191,0
148.297,11
148.404,10
148.511,7
148.618,0
148.725,0
148.832,11
148.939,8
149.046,0
149.153,19
149.26,8
149.367,0
149.473,0
149.58,41
149.687,33
149.794,0
149.901,0
150.008,35
150.115,21
150.222,0
150.329,0
150.436,29
150.543,18
150.649,7
150.756,16
150.863,6
150.97,27
151.077,9
151.184,0
151.291,16
151.398,14
151.505,14
151.612,0
151.719,36
151.825,27
151.932,0
152.039,0
152.146,4
152.253,8
152.36,18
152.467,0
152.574,19
152.681,21
152.788,23
152.894,2
153.001,0
153.108,0
153.215,9
153.322,0
153.429,0
153.536,17
153.643,0
153.75,0
153.857,4
153.964,9
154.07,8
154.177,0
154.284,17
154.391,15
154.498,22
154.605,0
154.712,0
154.819,10
154.926,20
155.033,15
155.14,3
155.246,0
155.353,1
155.46,0
155.567,0
155.674,0
155.781,0
155.888,17
155.995,0
156.102,31
156.209,26
156.316,7
156.422,0
156.529,0
156.636,23
156.743,8
156.85,0
156.957,0
157.064,9
157.171,0
157.278,15
157.385,15
157.492,0
157.598,5
157.705,24
157.812,17
157.919,0
158.026,0
158.133,13
158.24,18
158.347,0
158.454,0
158.561,37
158.668,10
158.774,0
158.881,10
158.988,0
159.095,2
159.202,0
159.309,15
159.416,0
159.523,2
159.63,21
159.737,9
159.844,11
159.95,0
160.057,9
160.164,17
160.271,0
160.378,13
160.485,0
160.592,0
160.699,12
160.806,29
160.913,0
161.019,15
161.126,9
161.233,0
161.34,10
161.447,41
161.554,0
161.661,0
161.768,7
161.875,17
161.982,0
162.089,0
162.195,18
162.302,0
162.409,0
162.516,8
162.623,2
162.73,2
162.837,0
162.944,1
163.051,0
163.158,0
163.265,5
163.371,7
163.478,8
163.585,0
163.692,5
163.799,2
163.906,4
164.013,0
164.12,8
164.227,0
164.334,6
164.441,14
164.547,0
164.654,1
164.761,14
164.868,20
164.975,0
165.082,5
165.189,0
165.296,4
165.403,5
165.51,2
165.616,0
165.723,18
165.83,0
165.937,26
166.044,11
166.151,3
166.258,0
166.365,0
166.472,13
166.579,0
166.686,0
166.792,8
166.899,15
167.006,0
167.113,13
167.22,0
167.327,17
167.434,33
167.541,14
167.648,0
167.755,0
167.862,5
167.968,0
168.075,16
168.182,17
168.289,0
168.396,2
168.503,0
168.61,31
168.717,0
168.824,0
168.931,10
169.037,7
169.144,1
169.251,13
169.358,16
169.465,0
169.572,0
169.679,40
169.786,0
169.893,0
170,0
170.107,0
170.213,27
170.32,13
170.427,0
170.534,0
170.641,0
170.748,2
170.855,0
170.962,9
171.069,0
171.176,8
171.283,8
171.389,7
171.496,14
171.603,5
171.71,2
171.817,5
171.924,2
172.031,28
172.138,4
172.245,0
172.352,25
172.458,20
172.565,10
172.672,10
172.779,0
172.886,9
172.993,0
173.1,0
173.207,18
173.314,5
173.421,0
173.528,0
173.634,1
173.741,22
173.848,6
173.955,0
174.062,38
174.169,0
174.276,0
174.383,1
174.49,1
174.597,7
174.704,0
174.81,0
174.917,0
175.024,8
175.131,0
175.238,4
175.345,4
175.452,12
175.559,0
175.666,0
175.773,12
175.879,19
175.986,0
176.093,0
176.2,9
176.307,7
176.414,15
176.521,0
176.628,4
176.735,0
176.842,0
176.949,0
177.055,26
177.162,4
177.269,15
177.376,1
177.483,11
177.59,55
177.697,5
177.804,0
177.911,0
178.018,7
178.124,16
178.231,21
178.338,4
178.445,0
178.552,19
178.659,0
178.766,24
178.873,0
178.98,0
179.087,0
179.194,25
179.3,0
179.407,79
179.514,116
179.621,57
179.728,24
179.835,0
179.942,0
180.049,32
180.156,16
180.263,18
180.369,4
180.476,0
180.583,19
180.69,14
180.797,11
180.904,4
181.011,7
181.118,1
181.225,5
181.332,16
181.439,4
181.545,6
181.652,15
181.759,9
181.866,35
181.973,3
182.08,24
182.187,14
182.294,5
182.401,0
182.508,2
182.614,28
182.721,8
182.828,2
182.935,0
183.042,2
183.149,2
183.256,19
183.363,0
183.47,4
183.577,26
183.683,7
183.79,0
183.897,2
184.004,5
184.111,6
184.218,0
184.325,6
184.432,14
184.539,5
184.646,0
184.753,3
184.859,10
184.966,0
185.073,0
185.18,3
185.287,0
185.394,0
185.501,10
185.608,0
185.715,8
185.822,20
185.928,0
186.035,20
186.142,0
186.249,0
186.356,0
186.463,26
186.57,0
186.677,0
186.784,0
186.891,38
186.997,5
187.104,19
187.211,25
187.318,6
187.425,0
187.532,0
187.639,0
187.746,0
187.853,0
187.96,0
188.067,0
188.173,23
188.28,37
188.387,11
188.494,0
188.601,12
188.708,18
188.815,3
188.922,0
189.029,8
189.136,0
189.242,12
189.349,0
189.456,7
189.563,0
189.67,0
189.777,22
189.884,38
189.991,0
190.098,0
190.205,9
190.311,13
190.418,10
190.525,0
190.632,70
190.739,78
190.846,24
190.953,2
191.06,0
191.167,19
191.274,7
191.38,0
191.487,8
191.594,0
191.701,16
191.808,0
191.915,6
192.022,16
192.129,9
192.236,3
192.343,8
192.45,0
192.556,14
192.663,0
192.77,12
192.877,2
192.984,3
193.091,0
193.198,15
193.305,17
193.412,5
193.519,19
193.625,0
193.732,0
193.839,23
193.946,24
194.053,10
194.16,0
194.267,2
194.374,0
194.481,0
194.588,10
194.694,10
194.801,0
194.908,11
195.015,8
195.122,0
195.229,16
195.336,22
195.443,0
195.55,0
195.657,13
195.763,0
195.87,0
195.977,4
196.084,22
196.191,13
196.298,15
196.405,0
196.512,36
196.619,4
196.726,0
196.832,0
196.939,0
197.046,0
197.153,1
197.26,0
197.367,0
197.474,0
197.581,0
197.688,1
197.795,17
197.901,0
198.008,30
198.115,0
198.222,0
198.329,38
198.436,18
198.543,17
198.65,10
198.757,0
198.864,30
198.97,33
199.077,1
199.184,0
199.291,0
199.398,0
199.505,6
199.612,3
199.719,9
199.826,0
199.933,21
200.039,18
200.146,6
200.253,36
200.36,0
200.467,0
200.574,0
200.681,2
200.788,2
200.895,4
201.002,0
201.108,0
201.215,0
201.322,7
201.429,14
201.536,0
201.643,0
201.75,31
201.857,23
201.964,0
202.071,0
202.177,0
202.284,0
202.391,28
202.498,0
202.605,20
202.712,12
202.819,9
202.926,0
203.033,0
203.14,50
203.246,0
203.353,0
203.46,0
203.567,12
203.674,4
203.781,4
203.888,0
203.995,0
204.102,0
204.208,16
204.315,19
204.422,0
204.529,0
204.636,0
204.743,2
204.85,61
204.957,10
205.064,0
205.171,35
205.277,14
205.384,4
205.491,1
205.598,8
205.705,12
205.812,0
205.919,29
206.026,80
206.133,50
206.24,12
206.346,0
206.453,0
206.56,2
206.667,15
206.774,4
206.881,0
206.988,8
207.095,32
207.202,0
207.309,0
207.415,0
207.522,19
207.629,0
207.736,4
207.843,19
207.95,8
208.057,21
208.164,0
208.271,10
208.377,0
208.484,1
208.591,20
208.698,0
208.805,0
208.912,9
209.019,0
209.126,1
209.233,0
209.34,0
209.446,0
209.553,46
209.66,15
209.767,0
209.874,11
209.981,0
210.088,0
210.195,2
210.302,4
210.409,0
210.515,20
210.622,16
210.729,0
210.836,21
210.943,0
211.05,0
211.157,0
211.264,14
211.371,0
211.477,0
211.584,4
211.691,51
211.798,3
211.905,0
212.012,13
212.119,0
212.226,0
212.333,3
212.44,31
212.546,0
212.653,0
212.76,14
212.867,0
212.974,0
213.081,0
213.188,0
213.295,0
213.402,1
213.508,0
213.615,14
213.722,7
213.829,0
213.936,14
214.043,0
214.15,10
214.257,0
214.364,0
214.471,8
214.577,13
214.684,0
214.791,11
214.898,7
215.005,3
215.112,0
215.219,15
215.326,71
215.433,43
215.539,21
215.646,7
215.753,4
215.86,0
215.967,7
216.074,0
216.181,0
216.288,26
216.395,20
216.502,11
216.608,13
216.715,0
216.822,6
216.929,16
217.036,11
217.143,9
217.25,3
217.357,0
217.464,3
217.57,23
217.677,2
217.784,13
217.891,11
217.998,24
218.105,3
218.212,20
218.319,1
218.426,7
218.532,0
218.639,0
218.746,1
218.853,9
218.96,0
219.067,1
219.174,11
219.281,16
219.388,0
219.495,1
219.601,3
219.708,10
219.815,0
219.922,0
220.029,0
220.136,0
220.243,43
220.35,40
220.457,0
220.563,0
220.67,2
220.777,0
220.884,14
220.991,26
221.098,0
221.205,0
221.312,13
221.419,10
221.525,4
221.632,0
221.739,8
221.846,0
221.953,0
222.06,0
222.167,0
222.274,0
222.381,0
222.488,2
222.594,0
222.701,8
222.808,0
222.915,5
223.022,9
223.129,4
223.236,12
223.343,9
223.45,28
223.556,0
223.663,0
223.77,0
223.877,6
223.984,0
224.091,13
224.198,41
224.305,13
224.412,6
224.518,11
224.625,34
224.732,0
224.839,0
224.946,23
225.053,0
225.16,0
225.267,16
225.374,0
225.48,0
225.587,9
225.694,15
225.801,0
225.908,0
226.015,22
226.122,0
226.229,11
226.336,2
226.442,0
226.549,0
226.656,11
226.763,0
226.87,0
226.977,4
227.084,0
227.191,0
227.298,0
227.404,10
227.511,22
227.618,10
227.725,19
227.832,35
227.939,14
228.046,1
228.153,0
228.26,25
228.366,0
228.473,0
228.58,0
228.687,0
228.794,5
228.901,0
229.008,0
229.115,22
229.222,10
229.328,0
229.435,16
229.542,25
229.649,0
229.756,0
229.863,3
229.97,0
230.077,0
230.184,40
230.29,0
230.397,0
230.504,0
230.611,14
230.718,0
230.825,0
230.932,43
231.039,47
231.146,0
231.252,0
231.359,0
231.466,27
231.573,13
231.68,0
231.787,6
231.894,2
232.001,0
232.108,11
232.214,26
232.321,0
232.428,0
232.535,0
232.642,21
232.749,0
232.856,0
232.963,16
233.07,0
233.176,0
233.283,0
233.39,0
233.497,0
233.604,3
233.711,15
233.818,14
233.925,3
234.031,11
234.138,16
234.245,11
234.352,19
234.459,0
234.566,11
234.673,17
234.78,0
234.887,0
234.993,0
235.1,0
235.207,0
235.314,15
235.421,18
235.528,6
235.635,14
235.742,0
235.849,4
235.955,1
236.062,21
236.169,0
236.276,1
236.383,0
236.49,32
236.597,4
236.704,0
236.81,0
236.917,0
237.024,8
237.131,2
237.238,1
237.345,0
237.452,41
237.559,19
237.666,2
237.772,0
237.879,0
237.986,18
238.093,0
238.2,0
238.307,6
238.414,0
238.521,0
238.628,0
238.734,0
238.841,17
238.948,5
239.055,0
239.162,0
239.269,12
239.376,0
239.483,0
239.589,0
239.696,0
239.803,0
239.91,5
240.017,0
240.124,0
240.231,8
240.338,24
240.445,17
240.551,0
240.658,6
240.765,6
240.872,5
240.979,11
241.086,3
241.193,12
241.3,0
241.406,0
241.513,0
241.62,40
241.727,11
241.834,0
241.941,0
242.048,9
242.155,9
242.262,0
242.368,0
242.475,0
242.582,17
242.689,0
242.796,0
242.903,0
243.01,1
243.117,13
243.223,21
243.33,0
243.437,0
243.544,7
243.651,0
243.758,19
243.865,35
243.972,11
244.079,0
244.185,7
244.292,13
244.399,0
244.506,0
244.613,0
244.72,2
244.827,0
244.934,0
245.04,12
245.147,0
245.254,0
245.361,0
245.468,18
245.575,0
245.682,0
245.789,13
245.896,5
246.002,7
246.109,0
246.216,0
246.323,47
246.43,0
246.537,7
246.644,0
246.751,17
246.857,11
246.964,0
247.071,10
247.178,0
247.285,8
247.392,5
247.499,0
247.606,0
247.712,0
247.819,8
247.926,0
248.033,0
248.14,6
248.247,29
248.354,162
248.461,165
248.567,89
248.674,10
248.781,0
248.888,0
248.995,3
249.102,8
249.209,0
249.316,10
249.423,17
249.529,0
249.636,0
249.743,0
249.85,0
249.957,17
250.064,0
250.171,0
250.278,5
250.384,22
250.491,9
250.598,9
250.705,5
250.812,0
250.919,0
251.026,5
251.133,5
251.239,0
251.346,0
251.453,0
251.56,0
251.667,0
251.774,0
251.881,3
251.988,9
252.094,0
252.201,0
252.308,32
252.415,41
252.522,21
252.629,30
252.736,5
252.843,0
252.949,0
253.056,14
253.163,0
253.27,0
253.377,17
253.484,0
253.591,0
253.698,0
253.804,5
253.911,0
254.018,26
254.125,8
254.232,0
254.339,0
254.446,0
254.553,0
254.659,4
254.766,0
254.873,15
254.98,0
255.087,6
255.194,26
255.301,20
255.408,41
255.514,3
255.621,0
255.728,22
255.835,0
255.942,13
256.049,2
256.156,0
256.263,0
256.369,0
256.476,0
256.583,0
256.69,8
256.797,17
256.904,10
257.011,0
257.118,26
257.224,0
257.331,6
257.438,0
257.545,1
257.652,0
257.759,0
257.866,0
257.973,7
258.079,0
258.186,0
258.293,36
258.4,6
258.507,10
258.614,0
258.721,0
258.828,1
258.934,0
259.041,9
259.148,1
259.255,0
259.362,0
259.469,0
259.576,0
259.683,0
259.789,0
259.896,0
260.003,9
260.11,18
260.217,0
260.324,0
260.431,22
260.537,0
260.644,0
260.751,4
260.858,3
260.965,0
261.072,0
261.179,11
261.286,0
261.392,13
261.499,7
261.606,19
261.713,3
261.82,3
261.927,0
262.034,14
262.141,0
262.247,0
262.354,2
262.461,3
262.568,5
262.675,0
262.782,0
262.889,0
262.996,45
263.102,8
263.209,0
263.316,8
263.423,33
263.53,0
263.637,7
263.744,0
263.85,12
263.957,0
264.064,31
264.171,24
264.278,0
264.385,33
264.492,16
264.599,12
264.705,0
264.812,0
264.919,1
265.026,0
265.133,15
265.24,0
265.347,11
265.454,33
265.56,0
265.667,0
265.774,0
265.881,0
265.988,0
266.095,0
266.202,29
266.308,9
266.415,10
266.522,17
266.629,24
266.736,42
266.843,6
266.95,0
267.057,0
267.163,0
267.27,13
267.377,0
267.484,27
267.591,0
267.698,9
267.805,9
267.911,0
268.018,0
268.125,13
268.232,21
268.339,11
268.446,0
268.553,4
268.66,2
268.766,0
268.873,0
268.98,0
269.087,5
269.194,17
269.301,12
269.408,0
269.514,0
269.621,4
269.728,0
269.835,0
269.942,17
270.049,0
270.156,0
270.263,19
270.369,0
270.476,0
270.583,27
270.69,0
270.797,0
270.904,30
271.011,0
271.117,0
271.224,2
271.331,31
271.438,22
271.545,0
271.652,6
271.759,2
271.866,19
271.972,10
272.079,0
272.186,3
272.293,39
272.4,1
272.507,0
272.614,0
272.72,0
272.827,0
272.934,22
273.041,0
273.148,17
273.255,8
273.362,0
273.468,0
273.575,0
273.682,40
273.789,34
273.896,0
274.003,0
274.11,0
274.217,26
274.323,4
274.43,12
274.537,0
274.644,0
274.751,0
274.858,26
274.965,34
275.071,68
275.178,155
275.285,79
275.392,29
275.499,0
275.606,0
275.713,0
275.819,21
275.926,17
276.033,0
276.14,21
276.247,23
276.354,0
276.461,14
276.567,19
276.674,1
276.781,0
276.888,0
276.995,12
277.102,2
277.209,9
277.315,0
277.422,0
277.529,44
277.636,0
277.743,10
277.85,0
277.957,0
278.064,9
278.17,37
278.277,41
278.384,5
278.491,9
278.598,0
278.705,15
278.812,0
278.918,7
279.025,8
279.132,0
279.239,0
279.346,0
279.453,12
279.56,18
279.666,2
279.773,0
279.88,36
279.987,0
280.094,0
280.201,5
280.308,24
280.414,6
280.521,0
280.628,4
280.735,0
280.842,3
280.949,24
281.056,0
281.162,0
281.269,6
281.376,21
281.483,0
281.59,0
281.697,0
281.804,0
281.91,0
282.017,8
282.124,0
282.231,12
282.338,0
282.445,19
282.552,0
282.658,14
282.765,7
282.872,16
282.979,16
283.086,13
283.193,8
283.3,6
283.406,8
283.513,18
283.62,14
283.727,25
283.834,0
283.941,3
284.048,4
284.154,0
284.261,0
284.368,53
284.475,11
284.582,13
284.689,0
284.796,24
284.902,0
285.009,9
285.116,0
285.223,17
285.33,13
285.437,0
285.544,0
285.65,0
285.757,0
285.864,0
285.971,46
286.078,14
286.185,0
286.292,30
286.398,23
286.505,0
286.612,12
286.719,4
286.826,10
286.933,0
287.039,0
287.146,1
287.253,13
287.36,15
287.467,7
287.574,27
287.681,0
287.787,12
287.894,0
288.001,3
288.108,2
288.215,0
288.322,1
288.429,19
288.535,0
288.642,0
288.749,0
288.856,36
288.963,7
289.07,10
289.177,17
289.283,0
289.39,6
289.497,20
289.604,2
289.711,24
289.818,1
289.924,0
290.031,0
290.138,13
290.245,17
290.352,13
290.459,0
290.566,0
290.672,0
290.779,7
290.886,0
290.993,0
291.1,18
291.207,11
291.314,8
291.42,26
291.527,0
291.634,0
291.741,23
291.848,0
291.955,0
292.062,6
292.168,18
292.275,19
292.382,0
292.489,16
292.596,0
292.703,7
292.809,7
292.916,0
293.023,0
293.13,3
293.237,3
293.344,0
293.451,0
293.557,3
293.664,0
293.771,0
293.878,6
293.985,0
294.092,0
294.198,0
294.305,0
294.412,0
294.519,0
294.626,0
294.733,0
294.84,0
294.946,0
295.053,26
295.16,25
295.267,0
295.374,0
295.481,0
295.588,8
295.694,12
295.801,0
295.908,9
296.015,3
296.122,0
296.229,0
296.335,0
296.442,7
296.549,14
296.656,0
296.763,8
296.87,0
296.977,20
297.083,0
297.19,6
297.297,0
297.404,12
297.511,4
297.618,26
297.724,0
297.831,28
297.938,26
298.045,0
298.152,0
298.259,0
298.365,0
298.472,17
298.579,6
298.686,3
298.793,5
298.9,10
299.007,13
299.113,20
299.22,0
299.327,0
299.434,2
299.541,7
299.648,6
299.754,0
299.861,0
299.968,0
300.075,7
300.182,0
300.289,11
300.396,25
300.502,0
300.609,2
300.716,10
300.823,4
300.93,7
301.037,22
301.143,11
301.25,0
301.357,5
301.464,2
301.571,0
301.678,0
301.784,0
301.891,13
301.998,36
302.105,0
302.212,50
302.319,23
302.426,7
302.532,0
302.639,8
302.746,14
302.853,0
302.96,12
303.067,0
303.173,18
303.28,17
303.387,0
303.494,0
303.601,9
303.708,30
303.814,12
303.921,5
304.028,13
304.135,38
304.242,20
304.349,9
304.456,34
304.562,0
304.669,0
304.776,3
304.883,0
304.99,6
305.097,12
305.203,12
305.31,8
305.417,17
305.524,5
305.631,0
305.738,0
305.844,37
305.951,0
306.058,0
306.165,0
306.272,5
306.379,0
306.485,0
306.592,13
306.699,35
306.806,11
306.913,0
307.02,8
307.126,40
307.233,11
307.34,6
307.447,0
307.554,0
307.661,0
307.767,0
307.874,2
307.981,11
308.088,0
308.195,0
308.302,11
308.409,0
308.515,0
308.622,0
308.729,0
308.836,0
308.943,0
309.05,24
309.156,0
309.263,8
309.37,15
309.477,11
309.584,48
309.691,32
309.797,6
309.904,2
310.011,10
310.118,0
310.225,0
310.332,5
310.438,2
310.545,9
310.652,0
310.759,15
310.866,25
310.973,49
311.079,51
311.186,23
311.293,4
311.4,0
311.507,16
311.614,8
311.72,8
311.827,7
311.934,5
312.041,0
312.148,0
312.255,3
312.361,26
312.468,0
312.575,0
312.682,8
312.789,6
312.896,0
313.002,0
313.109,6
313.216,0
313.323,20
313.43,26
313.537,0
313.643,3
313.75,2
313.857,16
313.964,0
314.071,14
314.178,5
314.284,3
314.391,0
314.498,3
314.605,9
314.712,0
314.819,10
314.925,0
315.032,0
315.139,6
315.246,0
315.353,18
315.46,7
315.566,0
315.673,0
315.78,1
315.887,14
315.994,32
316.1,15
316.207,0
316.314,0
316.421,30
316.528,18
316.635,0
316.741,0
316.848,2
316.955,0
317.062,0
317.169,0
317.276,9
317.382,23
317.489,0
317.596,0
317.703,0
317.81,0
317.917,0
318.023,8
318.13,0
318.237,0
318.344,28
318.451,46
318.558,0
318.664,0
318.771,15
318.878,3
318.985,7
319.092,0
319.199,33
319.305,32
319.412,0
319.519,0
319.626,0
319.733,3
319.839,8
319.946,22
320.053,26
320.16,36
320.267,0
320.374,0
320.48,5
320.587,19
320.694,7
320.801,0
320.908,9
321.015,3
321.121,16
321.228,0
321.335,0
321.442,26
321.549,12
321.655,18
321.762,10
321.869,0
321.976,2
322.083,0
322.19,7
322.296,0
322.403,0
322.51,4
322.617,0
322.724,14
322.831,0
322.937,16
323.044,3
323.151,0
323.258,30
323.365,16
323.472,9
323.578,0
323.685,13
323.792,10
323.899,25
324.006,0
324.112,0
324.219,0
324.326,0
324.433,0
324.54,0
324.647,2
324.753,27
324.86,3
324.967,0
325.074,14
325.181,18
325.287,11
325.394,0
325.501,0
325.608,2
325.715,0
325.822,17
325.928,2
326.035,0
326.142,0
326.249,0
326.356,13
326.463,18
326.569,19
326.676,0
326.783,2
326.89,0
326.997,0
327.103,30
327.21,0
327.317,0
327.424,0
327.531,16
327.638,19
327.744,13
327.851,0
327.958,23
328.065,48
328.172,60
328.278,27
328.385,0
328.492,7
328.599,27
328.706,6
328.813,10
328.919,0
329.026,3
329.133,11
329.24,0
329.347,10
329.453,0
329.56,25
329.667,13
329.774,7
329.881,14
329.988,20
330.094,24
330.201,0
330.308,0
330.415,24
330.522,40
330.628,0
330.735,0
330.842,0
330.949,4
331.056,3
331.162,0
331.269,0
331.376,0
331.483,0
331.59,36
331.697,0
331.803,26
331.91,0
332.017,8
332.124,27
332.231,0
332.337,2
332.444,11
332.551,69
332.658,47
332.765,32
332.872,0
332.978,0
333.085,0
333.192,4
333.299,37
333.406,0
333.512,0
333.619,0
333.726,5
333.833,7
333.94,0
334.046,5
334.153,20
334.26,0
334.367,27
334.474,0
334.581,5
334.687,0
334.794,1
334.901,15
335.008,21
335.115,12
335.221,1
335.328,15
335.435,0
335.542,9
335.649,14
335.755,0
335.862,0
335.969,0
336.076,10
336.183,0
336.29,0
336.396,2
336.503,16
336.61,0
336.717,0
336.824,13
336.93,0
337.037,4
337.144,6
337.251,0
337.358,0
337.464,12
337.571,0
337.678,0
337.785,16
337.892,39
337.998,1
338.105,4
338.212,17
338.319,12
338.426,0
338.533,7
338.639,12
338.746,8
338.853,10
338.96,0
339.067,7
339.173,4
339.28,0
339.387,0
339.494,0
339.601,0
339.707,0
339.814,24
339.921,0
340.028,1
340.135,14
340.241,0
340.348,30
340.455,18
340.562,0
340.669,7
340.775,0
340.882,0
340.989,7
341.096,15
341.203,20
341.309,0
341.416,16
341.523,0
341.63,0
341.737,0
341.844,54
341.95,55
342.057,32
342.164,28
342.271,16
342.378,2
342.484,0
342.591,6
342.698,3
342.805,24
342.912,26
343.018,20
343.125,14
343.232,21
343.339,0
343.446,0
343.552,27
343.659,34
343.766,12
343.873,0
343.98,0
344.086,13
344.193,5
344.3,0
344.407,17
344.514,7
344.62,0
344.727,1
344.834,6
344.941,27
345.048,8
345.154,6
345.261,0
345.368,5
345.475,0
345.582,0
345.688,0
345.795,8
345.902,8
346.009,0
346.116,29
346.222,19
346.329,3
346.436,17
346.543,0
346.65,0
346.756,0
346.863,4
346.97,9
347.077,0
347.184,11
347.29,1
347.397,0
347.504,24
347.611,0
347.718,0
347.824,8
347.931,0
348.038,0
348.145,30
348.252,0
348.358,0
348.465,40
348.572,42
348.679,0
348.786,0
348.892,13
348.999,0
349.106,0
349.213,0
349.32,10
349.426,16
349.533,14
349.64,29
349.747,0
349.854,14
349.96,9
350.067,4
350.174,18
350.281,0
350.388,0
350.494,1
350.601,0
350.708,0
350.815,6
350.922,15
351.028,13
351.135,45
351.242,11
351.349,4
351.456,0
351.562,0
351.669,0
351.776,0
351.883,14
351.989,15
352.096,0
352.203,0
352.31,0
352.417,11
352.523,11
352.63,0
352.737,9
352.844,26
352.951,8
353.057,12
353.164,1
353.271,0
353.378,0
353.485,12
353.591,10
353.698,0
353.805,19
353.912,28
354.019,33
354.125,2
354.232,2
354.339,5
354.446,26
354.553,24
354.659,0
354.766,1
354.873,10
354.98,6
355.086,0
355.193,6
355.3,38
355.407,0
355.514,0
355.62,15
355.727,15
355.834,0
355.941,5
356.048,23
356.154,7
356.261,0
356.368,8
356.475,19
356.582,0
356.688,0
356.795,17
356.902,0
357.009,8
357.115,7
357.222,10
357.329,14
357.436,13
357.543,6
357.649,13
357.756,0
357.863,29
357.97,41
358.077,8
358.183,12
358.29,3
358.397,0
358.504,0
358.61,1
358.717,0
358.824,21
358.931,0
359.038,0
359.144,30
359.251,18
359.358,10
359.465,0
359.572,10
359.678,0
359.785,0
359.892,0
359.999,0
360.105,13
360.212,0
360.319,1
360.426,2
360.533,4
360.639,0
360.746,10
360.853,0
360.96,31
361.067,9
361.173,200
361.28,180
361.387,69
361.494,12
361.6,0
361.707,0
361.814,16
361.921,28
362.028,7
362.134,0
362.241,0
362.348,25
362.455,111
362.562,49
362.668,9
362.775,13
362.882,19
362.989,29
363.095,43
363.202,16
363.309,26
363.416,0
363.523,2
363.629,3
363.736,10
363.843,5
363.95,5
364.056,3
364.163,0
364.27,13
364.377,13
364.484,0
364.59,12
364.697,21
364.804,8
364.911,20
365.017,18
365.124,14
365.231,0
365.338,0
365.445,0
365.551,0
365.658,0
365.765,7
365.872,0
365.979,0
366.085,0
366.192,0
366.299,0
366.406,8
366.512,0
366.619,2
366.726,0
366.833,0
366.94,0
367.046,10
367.153,13
367.26,0
367.367,8
367.473,14
367.58,0
367.687,0
367.794,7
367.9,3
368.007,23
368.114,16
368.221,0
368.328,11
368.434,0
368.541,0
368.648,28
368.755,0
368.861,0
368.968,0
369.075,0
369.182,8
369.289,0
369.395,19
369.502,2
369.609,0
369.716,0
369.822,20
369.929,38
370.036,13
370.143,0
370.25,1
370.356,13
370.463,24
370.57,23
370.677,0
370.783,0
370.89,32
370.997,6
371.104,0
371.211,0
371.317,0
371.424,9
371.531,0
371.638,17
371.744,0
371.851,0
371.958,0
372.065,2
372.171,17
372.278,0
372.385,1
372.492,1
372.599,0
372.705,15
372.812,4
372.919,2
373.026,12
373.132,9
373.239,0
373.346,0
373.453,29
373.559,0
373.666,0
373.773,6
373.88,0
373.987,19
374.093,24
374.2,0
374.307,0
374.414,9
374.52,10
374.627,0
374.734,7
374.841,0
374.947,14
375.054,0
375.161,0
375.268,5
375.375,0
375.481,0
375.588,8
375.695,10
375.802,16
375.908,0
376.015,0
376.122,1
376.229,0
376.335,0
376.442,0
376.549,4
376.656,0
376.763,0
376.869,2
376.976,0
377.083,25
377.19,32
377.296,0
377.403,0
377.51,21
377.617,11
377.723,0
377.83,8
377.937,2
378.044,11
378.15,0
378.257,12
378.364,0
378.471,33
378.578,18
378.684,4
378.791,0
378.898,26
379.005,7
379.111,0
379.218,22
379.325,18
379.432,0
379.538,0
379.645,5
379.752,27
379.859,0
379.965,0
380.072,4
380.179,16
380.286,0
380.392,0
380.499,4
380.606,30
380.713,17
380.82,15
380.926,19
381.033,0
381.14,9
381.247,6
381.353,0
381.46,12
381.567,11
381.674,0
381.78,0
381.887,11
381.994,10
382.101,27
382.207,7
382.314,5
382.421,0
382.528,15
382.634,14
382.741,13
382.848,0
382.955,32
383.061,26
383.168,10
383.275,6
383.382,0
383.488,0
383.595,0
383.702,0
383.809,0
383.916,0
384.022,0
384.129,6
384.236,10
384.343,25
384.449,9
384.556,0
384.663,0
384.77,0
384.876,10
384.983,0
385.09,30
385.197,0
385.303,8
385.41,0
385.517,33
385.624,26
385.73,0
385.837,0
385.944,18
386.051,3
386.157,23
386.264,0
386.371,12
386.478,12
386.584,0
386.691,0
386.798,10
386.905,26
387.011,12
387.118,6
387.225,11
387.332,12
387.438,17
387.545,0
387.652,2
387.759,0
387.865,5
387.972,0
388.079,0
388.186,0
388.292,0
388.399,0
388.506,11
388.613,0
388.719,12
388.826,11
388.933,13
389.04,0
389.146,16
389.253,24
389.36,6
389.467,2
389.573,0
389.68,0
389.787,0
389.894,0
390,0
390.107,11
390.214,13
390.321,10
390.427,19
390.534,15
390.641,7
390.748,7
390.854,12
390.961,0
391.068,0
391.175,31
391.281,41
391.388,14
391.495,0
391.602,0
391.708,0
391.815,0
391.922,0
392.029,2
392.135,0
392.242,24
392.349,0
392.456,7
392.562,18
392.669,0
392.776,29
392.883,0
392.989,0
393.096,18
393.203,0
393.31,0
393.416,28
393.523,7
393.63,0
393.737,0
393.843,3
393.95,0
394.057,0
394.164,0
394.27,0
394.377,0
394.484,0
394.591,3
394.697,0
394.804,1
394.911,30
395.018,0
395.124,4
395.231,0
395.338,12
395.445,4
395.551,8
395.658,16
395.765,18
395.871,11
395.978,0
396.085,18
396.192,0
396.298,1
396.405,0
396.512,7
396.619,0
396.725,5
396.832,2
396.939,8
397.046,16
397.152,0
397.259,6
397.366,8
397.473,0
397.579,0
397.686,0
397.793,9
397.9,9
398.006,4
398.113,11
398.22,11
398.327,0
398.433,0
398.54,20
398.647,29
398.753,0
398.86,0
398.967,0
399.074,0
399.18,0
399.287,0
399.394,0
399.501,22
399.607,0
399.714,0
399.821,0
399.928,16
400.034,29
400.141,11
400.248,0
400.355,17
400.461,0
400.568,0
400.675,139
400.781,155
400.888,84
400.995,0
401.102,0
401.208,4
401.315,6
401.422,21
401.529,3
401.635,0
401.742,0
401.849,21
401.956,38
402.062,0
402.169,0
402.276,0
402.382,0
402.489,12
402.596,45
402.703,7
402.809,0
402.916,18
403.023,27
403.13,0
403.236,5
403.343,0
403.45,0
403.557,0
403.663,28
403.77,1
403.877,0
403.983,0
404.09,12
404.197,0
404.304,0
404.41,8
404.517,8
404.624,0
404.731,15
404.837,1
404.944,0
405.051,11
405.158,4
405.264,14
405.371,12
405.478,12
405.584,20
405.691,5
405.798,0
405.905,13
406.011,16
406.118,15
406.225,0
406.332,4
406.438,0
406.545,23
406.652,0
406.758,0
406.865,13
406.972,0
407.079,0
407.185,0
407.292,1
407.399,12
407.506,6
407.612,21
407.719,29
407.826,102
407.932,65
408.039,63
408.146,0
408.253,0
408.359,19
408.466,28
408.573,83
408.68,44
408.786,4
408.893,17
409,8
409.106,0
409.213,4
409.32,0
409.427,0
409.533,4
409.64,10
409.747,11
409.853,0
409.96,0
410.067,11
410.174,0
410.28,0
410.387,17
410.494,2
410.601,0
410.707,4
410.814,0
410.921,4
411.027,2
411.134,5
411.241,15
411.348,1
411.454,5
411.561,9
411.668,18
411.774,0
411.881,8
411.988,0
412.095,0
412.201,16
412.308,0
412.415,0
412.522,44
412.628,19
412.735,19
412.842,21
412.948,12
413.055,0
413.162,5
413.269,4
413.375,17
413.482,19
413.589,3
413.695,11
413.802,31
413.909,25
414.016,0
414.122,0
414.229,2
414.336,6
414.442,0
414.549,0
414.656,13
414.763,3
414.869,15
414.976,109
415.083,85
415.189,28
415.296,11
415.403,0
415.51,0
415.616,0
415.723,0
415.83,0
415.936,0
416.043,0
416.15,0
416.257,43
416.363,0
416.47,0
416.577,36
416.683,155
416.79,197
416.897,165
417.004,191
417.11,125
417.217,35
417.324,58
417.43,4
417.537,3
417.644,28
417.751,26
417.857,13
417.964,3
418.071,18
418.177,0
418.284,4
418.391,0
418.498,0
418.604,0
418.711,0
418.818,12
418.924,33
419.031,0
419.138,0
419.245,0
419.351,13
419.458,0
419.565,0
419.671,38
419.778,22
419.885,0
419.992,6
420.098,9
420.205,10
420.312,5
420.418,10
420.525,0
420.632,0
420.738,0
420.845,7
420.952,0
421.059,0
421.165,8
421.272,17
421.379,159
421.485,132
421.592,66
421.699,26
421.806,4
421.912,0
422.019,4
422.126,0
422.232,3
422.339,0
422.446,14
422.552,8
422.659,0
422.766,1
422.873,19
422.979,0
423.086,0
423.193,26
423.299,54
423.406,137
423.513,73
423.62,33
423.726,7
423.833,7
423.94,46
424.046,69
424.153,1
424.26,0
424.366,28
424.473,26
424.58,0
424.687,20
424.793,26
424.9,9
425.007,0
425.113,0
425.22,40
425.327,64
425.433,44
425.54,19
425.647,0
425.754,5
425.86,0
425.967,17
426.074,35
426.18,0
426.287,0
426.394,20
426.5,0
426.607,2
426.714,10
426.821,17
426.927,0
427.034,0
427.141,4
427.247,19
427.354,10
427.461,19
427.567,0
427.674,10
427.781,2
427.888,13
427.994,9
428.101,0
428.208,38
428.314,79
428.421,24
428.528,9
428.634,0
428.741,2
428.848,21
428.955,8
429.061,0
429.168,8
429.275,65
429.381,75
429.488,26
429.595,0
429.701,32
429.808,24
429.915,0
430.021,0
430.128,15
430.235,12
430.342,0
430.448,14
430.555,0
430.662,0
430.768,0
430.875,15
430.982,20
431.088,17
431.195,0
431.302,4
431.409,0
431.515,0
431.622,7
431.729,11
431.835,0
431.942,0
432.049,0
432.155,26
432.262,8
432.369,0
432.475,0
432.582,2
432.689,4
432.796,8
432.902,0
433.009,17
433.116,8
433.222,36
433.329,19
433.436,0
433.542,22
433.649,0
433.756,0
433.862,34
433.969,54
434.076,95
434.182,72
434.289,24
434.396,0
434.503,20
434.609,0
434.716,0
434.823,0
434.929,0
435.036,2
435.143,11
435.249,6
435.356,2
435.463,98
435.569,84
435.676,62
435.783,0
435.889,0
435.996,39
436.103,74
436.21,159
436.316,123
436.423,2
436.53,0
436.636,2
436.743,28
436.85,25
436.956,3
437.063,47
437.17,25
437.276,5
437.383,0
437.49,22
437.596,22
437.703,0
437.81,0
437.916,87
438.023,170
438.13,188
438.237,71
438.343,0
438.45,0
438.557,0
438.663,0
438.77,12
438.877,30
438.983,67
439.09,69
439.197,27
439.303,5
439.41,0
439.517,6
439.623,7
439.73,8
439.837,0
439.943,0
440.05,17
440.157,0
440.263,0
440.37,9
440.477,11
440.583,66
440.69,61
440.797,32
440.904,0
441.01,0
441.117,0
441.224,19
441.33,175
441.437,213
441.544,85
441.65,4
441.757,11
441.864,0
441.97,0
442.077,42
442.184,17
442.29,0
442.397,0
442.504,0
442.61,0
442.717,35
442.824,6
442.93,0
443.037,0
443.144,6
443.25,0
443.357,0
443.464,20
443.57,5
443.677,3
443.784,0
443.89,18
443.997,6
444.104,2
444.21,0
444.317,0
444.424,0
444.53,7
444.637,38
444.744,24
444.851,0
444.957,0
445.064,29
445.171,0
445.277,5
445.384,28
445.491,4
445.597,22
445.704,0
445.811,0
445.917,1
446.024,3
446.131,6
446.237,0
446.344,24
446.451,0
446.557,0
446.664,18
446.771,0
446.877,11
446.984,16
447.091,0
447.197,0
447.304,15
447.411,0
447.517,8
447.624,0
447.731,0
447.837,0
447.944,4
448.051,13
448.157,12
448.264,0
448.371,0
448.477,25
448.584,3
448.691,0
448.797,1
448.904,29
449.011,0
449.117,0
449.224,0
449.331,0
449.437,0
449.544,0
449.651,33
449.757,7
449.864,1
449.971,0
450.077,13
450.184,0
450.291,0
450.397,13
450.504,0
450.611,4
450.717,8
450.824,0
450.931,2
451.037,0
451.144,15
451.251,0
451.357,0
451.464,48
451.571,3
451.677,2
451.784,7
451.891,11
451.997,0
452.104,0
452.21,18
452.317,19
452.424,0
452.53,0
452.637,1
452.744,19
452.85,0
452.957,18
453.064,3
453.17,0
453.277,19
453.384,0
453.49,0
453.597,0
453.704,0
453.81,17
453.917,0
454.024,0
454.13,0
454.237,0
454.344,11
454.45,0
454.557,21
454.664,0
454.77,9
454.877,12
454.984,0
455.09,0
455.197,21
455.304,10
455.41,0
455.517,0
455.624,4
455.73,20
455.837,0
455.944,0
456.05,0
456.157,0
456.263,0
456.37,0
456.477,16
456.583,10
456.69,0
456.797,2
456.903,14
457.01,0
457.117,0
457.223,0
457.33,0
457.437,0
457.543,15
457.65,0
457.757,0
457.863,10
457.97,8
458.077,0
458.183,1
458.29,15
458.397,17
458.503,33
458.61,15
458.716,14
458.823,0
458.93,0
459.036,27
459.143,0
459.25,0
459.356,7
459.463,22
459.57,31
459.676,0
459.783,31
459.89,16
459.996,16
460.103,14
460.21,0
460.316,0
460.423,0
460.53,0
460.636,0
460.743,9
460.849,0
460.956,12
461.063,29
461.169,0
461.276,0
461.383,0
461.489,8
461.596,0
461.703,0
461.809,4
461.916,0
462.023,20
462.129,0
462.236,11
462.342,7
462.449,0
462.556,0
462.662,0
462.769,32
462.876,2
462.982,13
463.089,0
463.196,0
463.302,2
463.409,0
463.516,3
463.622,93
463.729,66
463.835,24
463.942,15
464.049,0
464.155,0
464.262,13
464.369,13
464.475,0
464.582,0
464.689,37
464.795,2
464.902,0
465.009,2
465.115,13
465.222,0
465.328,3
465.435,32
465.542,3
465.648,0
465.755,0
465.862,22
465.968,2
466.075,0
466.182,10
466.288,1
466.395,15
466.501,0
466.608,0
466.715,10
466.821,7
466.928,0
467.035,0
467.141,0
467.248,6
467.355,0
467.461,0
467.568,0
467.674,6
467.781,0
467.888,5
467.994,0
468.101,4
468.208,13
468.314,0
468.421,0
468.528,0
468.634,0
468.741,0
468.847,0
468.954,15
469.061,3
469.167,0
469.274,83
469.381,102
469.487,46
469.594,18
469.701,7
469.807,0
469.914,0
470.02,3
470.127,0
470.234,0
470.34,0
470.447,0
470.554,0
470.66,0
470.767,0
470.873,0
470.98,21
471.087,0
471.193,0
471.3,1
471.407,2
471.513,0
471.62,0
471.727,0
471.833,90
471.94,100
472.046,49
472.153,4
472.26,1
472.366,15
472.473,0
472.58,16
472.686,10
472.793,4
472.899,15
473.006,0
473.113,5
473.219,22
473.326,0
473.433,0
473.539,0
473.646,5
473.752,0
473.859,0
473.966,20
474.072,3
474.179,16
474.286,186
474.392,159
474.499,92
474.605,36
474.712,0
474.819,0
474.925,1
475.032,0
475.139,0
475.245,1
475.352,0
475.458,0
475.565,26
475.672,0
475.778,0
475.885,0
475.992,17
476.098,2
476.205,0
476.311,0
476.418,0
476.525,38
476.631,11
476.738,0
476.844,0
476.951,0
477.058,0
477.164,0
477.271,4
477.378,0
477.484,22
477.591,5
477.697,0
477.804,8
477.911,47
478.017,21
478.124,0
478.231,0
478.337,8
478.444,8
478.55,19
478.657,0
478.764,0
478.87,0
478.977,0
479.083,0
479.19,0
479.297,20
479.403,12
479.51,0
479.617,13
479.723,0
479.83,9
479.936,35
480.043,4
480.15,0
480.256,0
480.363,6
480.469,0
480.576,0
480.683,4
480.789,28
480.896,4
481.003,9
481.109,17
481.216,6
481.322,22
481.429,7
481.536,62
481.642,163
481.749,105
481.855,4
481.962,0
482.069,2
482.175,25
482.282,0
482.388,0
482.495,0
482.602,0
482.708,0
482.815,6
482.922,0
483.028,0
483.135,0
483.241,0
483.348,0
483.455,9
483.561,20
483.668,0
483.774,0
483.881,7
483.988,5
484.094,0
484.201,9
484.307,19
484.414,0
484.521,0
484.627,1
484.734,15
484.84,0
484.947,0
485.054,1
485.16,0
485.267,0
485.373,0
485.48,0
485.587,12
485.693,0
485.8,0
485.907,0
486.013,13
486.12,0
486.226,8
486.333,0
486.44,2
486.546,0
486.653,0
486.759,0
486.866,2
486.973,0
487.079,0
487.186,23
487.292,35
487.399,18
487.506,0
487.612,13
487.719,10
487.825,0
487.932,24
488.039,31
488.145,0
488.252,6
488.358,0
488.465,0
488.572,0
488.678,0
488.785,13
488.891,0
488.998,0
489.105,12
489.211,0
489.318,13
489.424,0
489.531,0
489.638,1
489.744,4
489.851,0
489.957,0
490.064,4
490.171,13
490.277,0
490.384,10
490.49,0
490.597,18
490.704,16
490.81,0
490.917,0
491.023,0
491.13,4
491.237,0
491.343,0
491.45,0
491.556,0
491.663,6
491.769,0
491.876,0
491.983,2
492.089,5
492.196,24
492.302,3
492.409,10
492.516,0
492.622,28
492.729,0
492.835,0
492.942,14
493.049,0
493.155,0
493.262,0
493.368,0
493.475,0
493.582,6
493.688,0
493.795,7
493.901,13
494.008,31
494.114,4
494.221,5
494.328,0
494.434,7
494.541,7
494.647,20
494.754,7
494.861,0
494.967,5
495.074,3
495.18,0
495.287,0
495.394,18
495.5,5
495.607,11
495.713,9
495.82,2
495.926,12
496.033,8
496.14,0
496.246,0
496.353,0
496.459,10
496.566,0
496.673,0
496.779,0
496.886,8
496.992,29
497.099,13
497.206,0
497.312,14
497.419,0
497.525,21
497.632,0
497.738,0
497.845,10
497.952,10
498.058,0
498.165,0
498.271,0
498.378,0
498.485,0
498.591,0
498.698,23
498.804,2
498.911,0
499.017,0
499.124,8
499.231,12
499.337,13
499.444,8
499.55,0
499.657,0
499.763,0
499.87,7
499.977,0
500.083,0
500.19,0
500.296,16
500.403,1
500.51,7
500.616,0
500.723,0
500.829,16
500.936,20
501.042,38
501.149,2
501.256,0
501.362,0
501.469,0
501.575,10
501.682,8
501.788,2
501.895,23
502.002,0
502.108,31
502.215,26
502.321,0
502.428,0
502.534,0
502.641,39
502.748,32
502.854,3
502.961,24
503.067,1
503.174,1
503.281,0
503.387,0
503.494,22
503.6,0
503.707,0
503.813,0
503.92,2
504.027,0
504.133,20
504.24,24
504.346,14
504.453,19
504.559,0
504.666,0
504.773,19
504.879,0
504.986,7
505.092,0
505.199,29
505.305,10
505.412,26
505.518,10
505.625,0
505.732,9
505.838,0
505.945,11
506.051,0
506.158,21
506.264,2
506.371,1
506.478,0
506.584,15
506.691,0
506.797,0
506.904,0
507.01,9
507.117,7
507.224,0
507.33,1
507.437,14
507.543,0
507.65,0
507.756,0
507.863,0
507.97,6
508.076,0
508.183,22
508.289,0
508.396,0
508.502,26
508.609,49
508.715,10
508.822,11
508.929,0
509.035,5
509.142,35
509.248,1
509.355,0
509.461,5
509.568,31
509.675,27
509.781,10
509.888,0
509.994,27
510.101,3
510.207,0
510.314,6
510.42,25
510.527,0
510.634,0
510.74,0
510.847,19
510.953,0
511.06,3
511.166,0
511.273,6
511.379,20
511.486,0
511.593,13
511.699,0
511.806,7
511.912,11
512.019,0
512.125,17
512.232,1
512.339,0
512.445,0
512.552,0
512.658,0
512.765,0
512.871,8
512.978,28
513.084,0
513.191,0
513.298,0
513.404,12
513.511,21
513.617,3
513.724,24
513.83,13
513.937,6
514.043,60
514.15,94
514.256,26
514.363,0
514.47,0
514.576,3
514.683,6
514.789,0
514.896,0
515.002,40
515.109,0
515.215,8
515.322,42
515.429,8
515.535,15
515.642,2
515.748,0
515.855,0
515.961,4
516.068,0
516.174,16
516.281,10
516.388,0
516.494,0
516.601,0
516.707,0
516.814,0
516.92,4
517.027,7
517.133,0
517.24,0
517.346,8
517.453,0
517.56,0
517.666,8
517.773,19
517.879,8
517.986,7
518.092,0
518.199,0
518.305,4
518.412,0
518.518,10
518.625,5
518.732,0
518.838,3
518.945,0
519.051,0
519.158,44
519.264,19
519.371,24
519.477,18
519.584,0
519.69,21
519.797,29
519.903,0
520.01,5
520.117,34
520.223,5
520.33,0
520.436,0
520.543,0
520.649,0
520.756,0
520.862,0
520.969,0
521.075,3
521.182,6
521.289,3
521.395,0
521.502,10
521.608,25
521.715,1
521.821,27
521.928,0
522.034,0
522.141,2
522.247,19
522.354,7
522.46,8
522.567,11
522.674,0
522.78,18
522.887,6
522.993,0
523.1,0
523.206,0
523.313,0
523.419,15
523.526,11
523.632,20
523.739,0
523.845,20
523.952,27
524.058,0
524.165,0
524.272,8
524.378,19
524.485,24
524.591,5
524.698,27
524.804,15
524.911,0
525.017,0
525.124,18
525.23,27
525.337,7
525.443,14
525.55,2
525.656,0
525.763,0
525.87,0
525.976,26
526.083,0
526.189,0
526.296,0
526.402,8
526.509,13
526.615,2
526.722,0
526.828,0
526.935,0
527.041,0
527.148,5
527.254,0
527.361,0
527.467,1
527.574,0
527.68,0
527.787,0
527.894,8
528,24
528.107,10
528.213,0
528.32,0
528.426,16
528.533,0
528.639,0
528.746,0
528.852,7
528.959,0
529.065,8
529.172,0
529.278,21
529.385,5
529.491,0
529.598,0
529.704,0
529.811,33
529.918,46
530.024,0
530.131,0
530.237,12
530.344,12
530.45,0
530.557,17
530.663,11
530.77,4
530.876,2
530.983,13
531.089,11
531.196,0
531.302,0
531.409,0
531.515,13
531.622,20
531.728,0
531.835,0
531.941,19
532.048,0
532.154,0
532.261,0
532.367,0
532.474,13
532.581,21
532.687,0
532.794,20
532.9,24
533.007,7
533.113,0
533.22,0
533.326,26
533.433,0
533.539,0
533.646,0
533.752,0
533.859,20
533.965,0
534.072,0
534.178,17
534.285,0
534.391,31
534.498,9
534.604,0
534.711,0
534.817,44
534.924,0
535.03,0
535.137,15
535.243,0
535.35,0
535.456,0
535.563,28
535.669,0
535.776,0
535.882,5
535.989,0
536.095,0
536.202,7
536.308,5
536.415,2
536.521,17
536.628,2
536.735,9
536.841,1
536.948,8
537.054,0
537.161,27
537.267,0
537.374,0
537.48,0
537.587,20
537.693,6
537.8,0
537.906,0
538.013,0
538.119,26
538.226,0
538.332,8
538.439,15
538.545,0
538.652,24
538.758,19
538.865,3
538.971,4
539.078,26
539.184,7
539.291,0
539.397,1
539.504,6
539.61,6
539.717,0
539.823,0
539.93,2
540.036,14
540.143,7
540.249,0
540.356,0
540.462,17
540.569,45
540.675,0
540.782,4
540.888,18
540.995,16
541.101,23
541.208,7
541.314,14
541.421,23
541.527,0
541.634,19
541.74,0
541.847,0
541.953,4
542.06,0
542.166,0
542.273,0
542.379,0
542.486,18
542.592,0
542.699,0
542.805,0
542.912,11
543.018,6
543.125,0
543.231,0
543.338,0
543.444,13
543.551,0
543.657,0
543.764,13
543.87,7
543.977,22
544.083,16
544.19,0
544.296,15
544.403,0
544.509,39
544.616,0
544.722,4
544.829,10
544.935,6
545.042,7
545.148,17
545.255,0
545.361,34
545.467,21
545.574,0
545.68,0
545.787,66
545.893,108
546,47
546.106,3
546.213,0
546.319,0
546.426,17
546.532,29
546.639,0
546.745,0
546.852,0
546.958,7
547.065,2
547.171,0
547.278,0
547.384,3
547.491,0
547.597,15
547.704,18
547.81,9
547.917,28
548.023,22
548.13,16
548.236,22
548.343,0
548.449,4
548.556,24
548.662,0
548.769,12
548.875,16
548.982,0
549.088,0
549.195,19
549.301,0
549.408,0
549.514,7
549.62,0
549.727,0
549.833,25
549.94,15
550.046,0
550.153,8
550.259,0
550.366,9
550.472,16
550.579,2
550.685,3
550.792,14
550.898,0
551.005,0
551.111,56
551.218,37
551.324,6
551.431,0
551.537,0
551.644,14
551.75,0
551.857,0
551.963,13
552.07,19
552.176,0
552.282,14
552.389,0
552.495,12
552.602,0
552.708,0
552.815,11
552.921,0
553.028,5
553.134,8
553.241,28
553.347,0
553.454,0
553.56,24
553.667,0
553.773,14
553.88,0
553.986,19
554.093,31
554.199,14
554.305,20
554.412,16
554.518,0
554.625,0
554.731,0
554.838,15
554.944,0
555.051,5
555.157,0
555.264,9
555.37,12
555.477,0
555.583,0
555.69,7
555.796,6
555.903,0
556.009,6
556.115,0
556.222,0
556.328,22
556.435,6
556.541,0
556.648,0
556.754,4
556.861,15
556.967,6
557.074,0
557.18,26
557.287,11
557.393,2
557.5,27
557.606,6
557.713,13
557.819,12
557.925,0
558.032,0
558.138,9
558.245,7
558.351,0
558.458,0
558.564,23
558.671,0
558.777,8
558.884,22
558.99,16
559.097,10
559.203,0
559.309,0
559.416,20
559.522,0
559.629,4
559.735,0
559.842,0
559.948,10
560.055,0
560.161,12
560.268,32
560.374,0
560.481,36
560.587,0
560.693,0
560.8,16
560.906,0
561.013,0
561.119,0
561.226,0
561.332,4
561.439,2
561.545,15
561.652,0
561.758,36
561.864,30
561.971,0
562.077,0
562.184,13
562.29,0
562.397,0
562.503,7
562.61,25
562.716,5
562.823,0
562.929,0
563.035,15
563.142,0
563.248,0
563.355,0
563.461,8
563.568,0
563.674,17
563.781,0
563.887,18
563.994,21
564.1,0
564.206,19
564.313,0
564.419,0
564.526,3
564.632,13
564.739,27
564.845,7
564.952,0
565.058,11
565.165,0
565.271,0
565.377,0
565.484,27
565.59,2
565.697,7
565.803,9
565.91,3
566.016,0
566.123,15
566.229,0
566.335,5
566.442,2
566.548,20
566.655,18
566.761,26
566.868,24
566.974,4
567.081,32
567.187,6
567.293,0
567.4,12
567.506,15
567.613,0
567.719,10
567.826,0
567.932,0
568.039,26
568.145,0
568.251,0
568.358,6
568.464,35
568.571,0
568.677,5
568.784,52
568.89,11
568.997,0
569.103,0
569.209,12
569.316,0
569.422,2
569.529,27
569.635,2
569.742,0
569.848,12
569.955,13
570.061,0
570.167,0
570.274,22
570.38,22
570.487,0
570.593,0
570.7,4
570.806,22
570.912,0
571.019,0
571.125,30
571.232,2
571.338,0
571.445,3
571.551,0
571.658,17
571.764,0
571.87,6
571.977,3
572.083,4
572.19,0
572.296,0
572.403,27
572.509,25
572.615,6
572.722,9
572.828,23
572.935,11
573.041,6
573.148,0
573.254,0
573.36,1
573.467,0
573.573,0
573.68,15
573.786,37
573.893,4
573.999,3
574.105,0
574.212,8
574.318,28
574.425,37
574.531,21
574.638,13
574.744,25
574.85,29
574.957,0
575.063,10
575.17,0
575.276,3
575.383,0
575.489,13
575.595,24
575.702,0
575.808,0
575.915,32
576.021,0
576.128,0
576.234,2
576.34,0
576.447,30
576.553,11
576.66,1
576.766,11
576.873,0
576.979,12
577.085,0
577.192,0
577.298,11
577.405,0
577.511,0
577.618,4
577.724,12
577.83,0
577.937,0
578.043,15
578.15,5
578.256,4
578.363,3
578.469,23
578.575,0
578.682,20
578.788,0
578.895,3
579.001,0
579.107,9
579.214,41
579.32,2
579.427,0
579.533,24
579.64,0
579.746,0
579.852,14
579.959,0
580.065,0
580.172,0
580.278,7
580.384,30
580.491,12
580.597,27
580.704,11
580.81,0
580.917,12
581.023,20
581.129,0
581.236,18
581.342,14
581.449,0
581.555,0
581.661,0
581.768,21
581.874,13
581.981,0
582.087,2
582.193,37
582.3,16
582.406,24
582.513,0
582.619,6
582.726,0
582.832,0
582.938,0
583.045,40
583.151,19
583.258,0
583.364,0
583.47,15
583.577,0
583.683,6
583.79,11
583.896,56
584.002,82
584.109,50
584.215,0
584.322,0
584.428,4
584.535,0
584.641,17
584.747,15
584.854,0
584.96,0
585.067,0
585.173,0
585.279,10
585.386,17
585.492,0
585.599,0
585.705,0
585.811,7
585.918,2
586.024,3
586.131,0
586.237,0
586.343,25
586.45,0
586.556,0
586.663,32
586.769,9
586.875,0
586.982,0
587.088,0
587.195,25
587.301,10
587.407,0
587.514,0
587.62,0
587.727,14
587.833,0
587.939,3
588.046,6
588.152,0
588.259,0
588.365,0
588.471,4
588.578,99
588.684,141
588.791,58
588.897,23
589.003,0
589.11,0
589.216,16
589.323,0
589.429,0
589.535,21
589.642,18
589.748,9
589.855,5
589.961,28
590.067,0
590.174,0
590.28,0
590.387,12
590.493,0
590.599,0
590.706,14
590.812,0
590.918,6
591.025,4
591.131,10
591.238,15
591.344,0
591.45,15
591.557,14
591.663,17
591.77,20
591.876,6
591.982,9
592.089,28
592.195,16
592.302,2
592.408,4
592.514,4
592.621,0
592.727,0
592.834,0
592.94,26
593.046,3
593.153,9
593.259,14
593.365,8
593.472,0
593.578,0
593.685,32
593.791,27
593.897,1
594.004,0
594.11,0
594.217,0
594.323,19
594.429,14
594.536,12
594.642,7
594.748,11
594.855,22
594.961,16
595.068,15
595.174,0
595.28,15
595.387,0
595.493,13
595.6,0
595.706,17
595.812,12
595.919,0
596.025,0
596.131,0
596.238,1
596.344,10
596.451,0
596.557,0
596.663,14
596.77,0
596.876,23
596.982,0
597.089,0
597.195,0
597.302,12
597.408,17
597.514,6
597.621,0
597.727,17
597.833,9
597.94,0
598.046,14
598.153,3
598.259,0
598.365,0
598.472,4
598.578,24
598.685,0
598.791,0
598.897,3
599.004,0
599.11,3
599.216,18
599.323,0
599.429,0
599.535,25
599.642,33
599.748,0
599.855,8
599.961,4
600.067,3
600.174,0
600.28,1
600.386,0
600.493,0
600.599,12
600.706,0
600.812,8
600.918,14
601.025,0
601.131,10
601.237,28
601.344,23
601.45,0
601.557,0
601.663,36
601.769,69
601.876,42
601.982,25
602.088,0
602.195,2
602.301,0
602.407,0
602.514,29
602.62,8
602.727,2
602.833,0
602.939,18
603.046,11
603.152,37
603.258,0
603.365,0
603.471,6
603.577,0
603.684,0
603.79,22
603.897,20
604.003,0
604.109,0
604.216,0
604.322,31
604.428,3
604.535,0
604.641,0
604.747,0
604.854,0
604.96,12
605.067,0
605.173,0
605.279,0
605.386,22
605.492,4
605.598,0
605.705,7
605.811,14
605.917,9
606.024,11
606.13,2
606.236,0
606.343,0
606.449,0
606.556,0
606.662,3
606.768,6
606.875,0
606.981,0
607.087,0
607.194,3
607.3,2
607.406,0
607.513,0
607.619,15
607.725,26
607.832,0
607.938,0
608.045,35
608.151,8
608.257,0
608.364,0
608.47,39
608.576,25
608.683,4
608.789,6
608.895,0
609.002,10
609.108,6
609.214,0
609.321,3
609.427,17
609.533,18
609.64,20
609.746,4
609.852,0
609.959,0
610.065,33
610.172,54
610.278,11
610.384,8
610.491,7
610.597,114
610.703,78
610.81,38
610.916,0
611.022,0
611.129,4
611.235,0
611.341,0
611.448,0
611.554,9
611.66,0
611.767,0
611.873,33
611.979,0
612.086,0
612.192,2
612.298,12
612.405,0
612.511,0
612.617,2
612.724,0
612.83,16
612.936,0
613.043,13
613.149,0
613.255,0
613.362,3
613.468,4
613.575,0
613.681,0
613.787,0
613.894,10
614,1
614.106,0
614.213,12
614.319,0
614.425,0
614.532,21
614.638,7
614.744,0
614.851,0
614.957,45
615.063,14
615.17,10
615.276,0
615.382,0
615.489,10
615.595,12
615.701,0
615.808,14
615.914,33
616.02,0
616.127,0
616.233,0
616.339,2
616.446,0
616.552,0
616.658,0
616.765,0
616.871,0
616.977,1
617.084,0
617.19,35
617.296,16
617.403,6
617.509,4
617.615,7
617.722,24
617.828,0
617.934,23
618.041,0
618.147,0
618.253,0
618.36,13
618.466,0
618.572,11
618.679,0
618.785,23
618.891,6
618.998,12
619.104,1
619.21,23
619.316,2
619.423,33
619.529,1
619.635,11
619.742,20
619.848,0
619.954,0
620.061,0
620.167,0
620.273,14
620.38,12
620.486,18
620.592,12
620.699,0
620.805,22
620.911,0
621.018,2
621.124,0
621.23,13
621.337,0
621.443,1
621.549,23
621.656,0
621.762,0
621.868,0
621.975,23
622.081,32
622.187,10
622.294,0
622.4,3
622.506,0
622.612,0
622.719,0
622.825,0
622.931,0
623.038,17
623.144,0
623.25,2
623.357,14
623.463,0
623.569,11
623.676,16
623.782,34
623.888,45
623.995,28
624.101,16
624.207,4
624.314,0
624.42,0
624.526,11
624.632,0
624.739,5
624.845,0
624.951,0
625.058,16
625.164,37
625.27,18
625.377,39
625.483,29
625.589,36
625.696,27
625.802,9
625.908,0
626.015,14
626.121,0
626.227,0
626.333,0
626.44,12
626.546,0
626.652,12
626.759,0
626.865,10
626.971,0
627.078,0
627.184,5
627.29,0
627.397,0
627.503,3
627.609,0
627.715,0
627.822,15
627.928,23
628.034,17
628.141,0
628.247,25
628.353,0
628.46,0
628.566,30
628.672,10
628.778,0
628.885,0
628.991,4
629.097,4
629.204,2
629.31,0
629.416,25
629.523,12
629.629,0
629.735,14
629.841,13
629.948,26
630.054,26
630.16,0
630.267,0
630.373,0
630.479,0
630.586,8
630.692,0
630.798,46
630.904,26
631.011,15
631.117,14
631.223,21
631.33,6
631.436,21
631.542,6
631.649,11
631.755,20
631.861,20
631.967,11
632.074,11
632.18,0
632.286,20
632.393,10
632.499,18
632.605,0
632.711,0
632.818,37
632.924,7
633.03,0
633.137,0
633.243,14
633.349,27
633.456,19
633.562,0
633.668,0
633.774,4
633.881,0
633.987,2
634.093,0
634.2,0
634.306,0
634.412,0
634.518,0
634.625,7
634.731,31
634.837,28
634.944,4
635.05,0
635.156,17
635.262,25
635.369,24
635.475,0
635.581,8
635.688,11
635.794,0
635.9,13
636.006,0
636.113,0
636.219,20
636.325,22
636.432,0
636.538,15
636.644,0
636.75,7
636.857,0
636.963,0
637.069,2
637.176,0
637.282,14
637.388,37
637.494,28
637.601,0
637.707,4
637.813,26
637.92,2
638.026,0
638.132,0
638.238,3
638.345,4
638.451,0
638.557,0
638.663,0
638.77,0
638.876,11
638.982,10
639.089,2
639.195,11
639.301,3
639.407,42
639.514,27
639.62,6
639.726,0
639.833,7
639.939,2
640.045,0
640.151,5
640.258,0
640.364,2
640.47,0
640.576,0
640.683,13
640.789,0
640.895,21
641.002,0
641.108,0
641.214,3
641.32,9
641.427,0
641.533,0
641.639,0
641.745,6
641.852,0
641.958,11
642.064,0
642.171,0
642.277,0
642.383,2
642.489,17
642.596,20
642.702,2
642.808,5
642.914,1
643.021,21
643.127,0
643.233,0
643.339,36
643.446,20
643.552,0
643.658,9
643.765,3
643.871,0
643.977,7
644.083,0
644.19,36
644.296,0
644.402,16
644.508,2
644.615,8
644.721,4
644.827,23
644.933,3
645.04,6
645.146,0
645.252,5
645.358,0
645.465,7
645.571,0
645.677,0
645.784,15
645.89,0
645.996,3
646.102,0
646.209,0
646.315,0
646.421,16
646.527,0
646.634,0
646.74,0
646.846,17
646.952,28
647.059,0
647.165,0
647.271,0
647.377,0
647.484,29
647.59,7
647.696,0
647.802,21
647.909,21
648.015,0
648.121,3
648.227,21
648.334,0
648.44,4
648.546,12
648.652,12
648.759,0
648.865,0
648.971,0
649.077,6
649.184,0
649.29,0
649.396,0
649.502,15
649.609,0
649.715,8
649.821,42
649.927,0
650.034,0
650.14,0
650.246,0
650.352,8
650.459,0
650.565,2
650.671,6
650.777,0
650.884,0
650.99,0
651.096,32
651.202,20
651.309,0
651.415,0
651.521,10
651.627,0
651.734,0
651.84,0
651.946,0
652.052,15
652.159,0
652.265,7
652.371,0
652.477,39
652.584,55
652.69,19
652.796,12
652.902,27
653.009,0
653.115,6
653.221,6
653.327,17
653.434,0
653.54,8
653.646,0
653.752,0
653.858,4
653.965,5
654.071,0
654.177,6
654.283,0
654.39,24
654.496,32
654.602,8
654.708,14
654.815,0
654.921,6
655.027,10
655.133,0
655.24,0
655.346,12
655.452,0
655.558,29
655.665,19
655.771,24
655.877,111
655.983,76
656.089,2
656.196,2
656.302,0
656.408,0
656.514,0
656.621,0
656.727,0
656.833,3
656.939,0
657.046,5
657.152,7
657.258,0
657.364,0
657.47,36
657.577,89
657.683,148
657.789,87
657.895,0
658.002,0
658.108,0
658.214,0
658.32,0
658.427,0
658.533,16
658.639,0
658.745,0
658.851,0
658.958,25
659.064,0
659.17,34
659.276,25
659.383,10
659.489,9
659.595,41
659.701,26
659.807,0
659.914,17
660.02,88
660.126,52
660.232,24
660.339,0
660.445,0
660.551,8
660.657,0
660.763,15
660.87,0
660.976,3
661.082,0
661.188,0
661.295,0
661.401,0
661.507,9
661.613,0
661.719,7
661.826,0
661.932,0
662.038,19
662.144,11
662.251,2
662.357,11
662.463,13
662.569,6
662.675,2
662.782,0
662.888,4
662.994,17
663.1,0
663.206,3
663.313,14
663.419,21
663.525,12
663.631,0
663.738,3
663.844,0
663.95,24
664.056,69
664.162,62
664.269,38
664.375,4
664.481,0
664.587,0
664.693,0
664.8,22
664.906,12
665.012,6
665.118,14
665.225,7
665.331,0
665.437,21
665.543,11
665.649,0
665.756,0
665.862,10
665.968,14
666.074,0
666.18,11
666.287,14
666.393,0
666.499,4
666.605,0
666.711,7
666.818,130
666.924,94
667.03,126
667.136,80
667.242,17
667.349,11
667.455,0
667.561,0
667.667,23
667.773,17
667.88,32
667.986,90
668.092,106
668.198,47
668.304,0
668.411,0
668.517,0
668.623,0
668.729,7
668.835,0
668.942,37
669.048,59
669.154,81
669.26,92
669.366,43
669.473,2
669.579,0
669.685,0
669.791,3
669.897,13
670.004,0
670.11,0
670.216,36
670.322,32
670.428,0
670.535,10
670.641,0
670.747,2
670.853,11
670.959,12
671.066,36
671.172,6
671.278,32
671.384,0
671.49,31
671.597,19
671.703,0
671.809,6
671.915,25
672.021,0
672.128,0
672.234,0
672.34,24
672.446,17
672.552,1
672.658,7
672.765,3
672.871,0
672.977,15
673.083,10
673.189,0
673.296,67
673.402,167
673.508,100
673.614,30
673.72,0
673.827,0
673.933,6
674.039,0
674.145,0
674.251,7
674.357,0
674.464,1
674.57,0
674.676,0
674.782,0
674.888,0
674.995,39
675.101,0
675.207,2
675.313,0
675.419,32
675.526,34
675.632,0
675.738,10
675.844,2
675.95,17
676.056,0
676.163,4
676.269,0
676.375,4
676.481,5
676.587,15
676.693,0
676.8,10
676.906,9
677.012,0
677.118,0
677.224,11
677.331,1
677.437,0
677.543,15
677.649,0
677.755,0
677.861,34
677.968,26
678.074,47
678.18,0
678.286,0
678.392,0
678.498,0
678.605,0
678.711,24
678.817,29
678.923,0
679.029,0
679.136,1
679.242,1
679.348,0
679.454,29
679.56,0
679.666,0
679.773,0
679.879,15
679.985,0
680.091,0
680.197,0
680.303,18
680.41,0
680.516,11
680.622,0
680.728,0
680.834,0
680.94,1
681.047,1
681.153,0
681.259,0
681.365,4
681.471,93
681.577,109
681.684,65
681.79,3
681.896,0
682.002,24
682.108,0
682.214,0
682.321,0
682.427,8
682.533,0
682.639,0
682.745,4
682.851,0
682.958,0
683.064,17
683.17,0
683.276,11
683.382,5
683.488,0
683.595,6
683.701,0
683.807,8
683.913,0
684.019,0
684.125,1
684.231,5
684.338,8
684.444,19
684.55,0
684.656,4
684.762,6
684.868,3
684.975,0
685.081,15
685.187,6
685.293,14
685.399,0
685.505,20
685.611,0
685.718,0
685.824,0
685.93,25
686.036,0
686.142,0
686.248,0
686.355,0
686.461,0
686.567,9
686.673,9
686.779,0
686.885,0
686.991,0
687.098,0
687.204,11
687.31,3
687.416,0
687.522,0
687.628,0
687.735,15
687.841,0
687.947,0
688.053,6
688.159,9
688.265,0
688.371,13
688.478,0
688.584,7
688.69,0
688.796,14
688.902,0
689.008,0
689.114,0
689.221,0
689.327,41
689.433,18
689.539,0
689.645,11
689.751,7
689.857,0
689.964,0
690.07,6
690.176,2
690.282,0
690.388,0
690.494,9
690.6,0
690.707,0
690.813,0
690.919,0
691.025,16
691.131,22
691.237,6
691.343,0
691.45,0
691.556,0
691.662,12
691.768,14
691.874,0
691.98,20
692.086,0
692.193,4
692.299,14
692.405,0
692.511,8
692.617,15
692.723,0
692.829,2
692.935,10
693.042,17
693.148,0
693.254,0
693.36,28
693.466,13
693.572,10
693.678,6
693.785,0
693.891,0
693.997,0
694.103,6
694.209,0
694.315,0
694.421,0
694.527,0
694.634,1
694.74,0
694.846,0
694.952,0
695.058,2
695.164,0
695.27,5
695.376,0
695.483,0
695.589,14
695.695,23
695.801,0
695.907,11
696.013,11
696.119,2
696.225,0
696.332,32
696.438,13
696.544,0
696.65,0
696.756,0
696.862,19
696.968,14
697.074,0
697.181,0
697.287,0
697.393,0
697.499,15
697.605,8
697.711,0
697.817,0
697.923,9
698.03,14
698.136,54
698.242,47
698.348,20
698.454,6
698.56,0
698.666,0
698.772,0
698.879,2
698.985,10
699.091,0
699.197,0
699.303,6
699.409,0
699.515,0
