59.6745,0
59.7814,0
59.8883,19
59.9952,13
60.1021,0
60.209,0
60.3159,13
60.4228,25
60.5296,25
60.6365,5
60.7434,13
60.8503,0
60.9572,0
61.0641,0
61.171,13
61.2779,0
61.3848,0
61.4917,6
61.5986,0
61.7055,2
61.8124,0
61.9193,22
62.0261,0
62.133,1
62.2399,30
62.3468,13
62.4537,21
62.5606,7
62.6675,13
62.7744,0
62.8813,0
62.9882,6
63.0951,4
63.202,0
63.3089,10
63.4158,0
63.5226,5
63.6295,15
63.7364,0
63.8433,4
63.9502,0
64.0571,8
64.164,17
64.2709,5
64.3778,0
64.4847,0
64.5916,4
64.6985,0
64.8054,0
64.9123,0
65.0192,11
65.1261,6
65.2329,4
65.3398,2
65.4467,0
65.5536,0
65.6605,10
65.7674,3
65.8743,0
65.9812,0
66.0881,7
66.195,18
66.3019,29
66.4088,0
66.5157,0
66.6226,1
66.7295,0
66.8364,15
66.9433,22
67.0502,24
67.157,40
67.2639,12
67.3708,14
67.4777,18
67.5846,8
67.6915,2
67.7984,0
67.9053,21
68.0122,2
68.1191,24
68.226,10
68.3329,18
68.4398,0
68.5467,4
68.6536,31
68.7605,5
68.8674,12
68.9743,16
69.0812,38
69.1881,19
69.295,26
69.4018,13
69.5087,11
69.6156,4
69.7225,20
69.8294,34
69.9363,17
70.0432,0
70.1501,28
70.257,0
70.3639,0
70.4708,0
70.5777,31
70.6846,37
70.7915,0
70.8984,0
71.0053,15
71.1122,30
71.2191,0
71.326,0
71.4329,18
71.5398,0
71.6467,13
71.7536,0
71.8605,5
71.9674,25
72.0742,6
72.1811,0
72.288,17
72.3949,0
72.5018,0
72.6087,4
72.7156,0
72.8225,0
72.9294,8
73.0363,1
73.1432,14
73.2501,19
73.357,5
73.4639,0
73.5708,3
73.6777,7
73.7846,9
73.8915,0
73.9984,0
74.1053,7
74.2122,0
74.3191,0
74.426,8
74.5329,12
74.6398,0
74.7467,11
74.8536,6
74.9605,5
75.0674,0
75.1743,4
75.2812,0
75.3881,0
75.495,0
75.6019,0
75.7088,0
75.8157,0
75.9225,0
76.0294,0
76.1363,14
76.2432,0
76.3501,0
76.457,0
76.5639,27
76.6708,0
76.7777,0
76.8846,26
76.9915,18
77.0984,12
77.2053,0
77.3122,2
77.4191,13
77.526,1
77.6329,8
77.7398,0
77.8467,14
77.9536,22
78.0605,0
78.1674,0
78.2743,0
78.3812,11
78.4881,27
78.595,0
78.7019,24
78.8088,6
78.9157,3
79.0226,0
79.1295,0
79.2364,0
79.3433,0
79.4502,0
79.5571,26
79.664,0
79.7709,36
79.8778,13
79.9847,4
80.0916,2
80.1985,21
80.3054,0
80.4123,19
80.5192,13
80.6261,0
80.733,8
80.8399,0
80.9468,0
81.0537,0
81.1606,0
81.2675,13
81.3744,2
81.4813,34
81.5882,7
81.6951,0
81.802,0
81.9089,29
82.0158,27
82.1227,0
82.2296,14
82.3365,0
82.4434,0
82.5503,0
82.6572,0
82.7641,10
82.871,10
82.9779,17
83.0848,0
83.1917,0
83.2986,8
83.4055,15
83.5124,5
83.6193,0
83.7262,0
83.8331,0
83.94,10
84.0469,0
84.1538,0
84.2607,0
84.3676,8
84.4745,0
84.5814,0
84.6883,0
84.7952,14
84.9021,5
85.009,0
85.1159,30
85.2228,10
85.3297,11
85.4366,0
85.5435,15
85.6504,0
85.7573,0
85.8642,0
85.9711,30
86.078,0
86.1849,8
86.2918,24
86.3987,2
86.5056,0
86.6125,6
86.7194,0
86.8263,2
86.9332,40
87.0401,11
87.147,5
87.2539,0
87.3608,15
87.4677,0
87.5746,0
87.6815,0
87.7884,0
87.8953,13
88.0022,18
88.1091,8
88.216,19
88.3229,24
88.4298,3
88.5367,33
88.6436,3
88.7505,0
88.8574,15
88.9643,0
89.0712,11
89.1781,12
89.285,15
89.3919,5
89.4988,29
89.6057,0
89.7126,9
89.8195,32
89.9264,15
90.0334,15
90.1403,7
90.2472,0
90.3541,2
90.461,26
90.5679,29
90.6748,0
90.7817,0
90.8886,13
90.9955,14
91.1024,0
91.2093,0
91.3162,14
91.4231,0
91.53,9
91.6369,6
91.7438,0
91.8507,0
91.9576,31
92.0645,26
92.1714,0
92.2783,8
92.3852,0
92.4921,4
92.599,8
92.7059,0
92.8128,0
92.9197,16
93.0266,13
93.1335,0
93.2404,40
93.3473,28
93.4542,10
93.5611,1
93.668,0
93.7749,9
93.8818,0
93.9887,6
94.0956,0
94.2025,0
94.3095,5
94.4164,0
94.5233,15
94.6302,15
94.7371,9
94.844,0
94.9509,0
95.0578,22
95.1647,3
95.2716,0
95.3785,0
95.4854,38
95.5923,16
95.6992,0
95.8061,0
95.913,1
96.0199,16
96.1268,0
96.2337,0
96.3406,31
96.4475,6
96.5544,11
96.6613,11
96.7682,0
96.8751,0
96.982,0
97.0889,10
97.1958,1
97.3027,19
97.4097,0
97.5166,0
97.6235,10
97.7304,0
97.8373,2
97.9442,10
98.0511,0
98.158,16
98.2649,20
98.3718,14
98.4787,0
98.5856,3
98.6925,0
98.7994,0
98.9063,23
99.0132,4
99.1201,9
99.227,0
99.3339,17
99.4408,27
99.5477,3
99.6546,0
99.7615,2
99.8684,17
99.9753,0
100.082,14
100.189,0
100.296,0
100.403,0
100.51,7
100.617,0
100.724,10
100.831,18
100.937,0
101.044,16
101.151,0
101.258,17
101.365,0
101.472,2
101.579,16
101.686,0
101.793,6
101.9,0
102.007,0
102.113,15
102.22,6
102.327,11
102.434,5
102.541,0
102.648,54
102.755,51
102.862,0
102.969,0
103.076,0
103.182,14
103.289,0
103.396,0
103.503,0
103.61,0
103.717,32
103.824,2
103.931,29
104.038,22
104.145,0
104.252,30
104.358,10
104.465,4
104.572,0
104.679,6
104.786,0
104.893,0
105,10
105.107,0
105.214,0
105.321,0
105.427,6
105.534,24
105.641,0
105.748,33
105.855,6
105.962,2
106.069,19
106.176,8
106.283,0
106.39,0
106.497,0
106.603,4
106.71,11
106.817,8
106.924,0
107.031,0
107.138,4
107.245,15
107.352,7
107.459,19
107.566,0
107.673,17
107.779,0
107.886,13
107.993,0
108.1,0
108.207,0
108.314,0
108.421,1
108.528,0
108.635,0
108.742,30
108.848,10
108.955,20
109.062,7
109.169,0
109.276,7
109.383,17
109.49,0
109.597,0
109.704,0
109.811,11
109.918,0
110.024,0
110.131,0
110.238,0
110.345,0
110.452,21
110.559,0
110.666,0
110.773,7
110.88,0
110.987,0
111.094,9
111.2,0
111.307,15
111.414,2
111.521,17
111.628,4
111.735,17
111.842,0
111.949,10
112.056,10
112.163,0
112.269,6
112.376,0
112.483,0
112.59,0
112.697,6
112.804,31
112.911,0
113.018,8
113.125,0
113.232,0
113.339,50
113.445,31
113.552,0
113.659,3
113.766,26
113.873,0
113.98,0
114.087,7
114.194,16
114.301,17
114.408,11
114.515,5
114.621,13
114.728,0
114.835,0
114.942,8
115.049,12
115.156,47
115.263,84
115.37,30
115.477,1
115.584,0
115.69,0
115.797,0
115.904,32
116.011,2
116.118,0
116.225,0
116.332,0
116.439,0
116.546,0
116.653,22
116.76,17
116.866,0
116.973,0
117.08,23
117.187,7
117.294,0
117.401,0
117.508,10
117.615,1
117.722,0
117.829,2
117.936,0
118.042,1
118.149,17
118.256,14
118.363,0
118.47,13
118.577,19
118.684,0
118.791,0
118.898,0
119.005,4
119.112,7
119.218,12
119.325,0
119.432,0
119.539,2
119.646,0
119.753,0
119.86,6
119.967,19
120.074,4
120.181,0
120.287,0
120.394,0
120.501,0
120.608,21
120.715,29
120.822,3
120.929,7
121.036,0
121.143,25
121.25,13
121.357,0
121.463,0
121.57,0
121.677,0
121.784,0
121.891,6
121.998,6
122.105,10
122.212,0
122.319,23
122.426,5
122.533,4
122.639,0
122.746,11
122.853,6
122.96,0
123.067,0
123.174,14
123.281,0
123.388,1
123.495,0
123.602,0
123.709,0
123.815,12
123.922,0
124.029,27
124.136,27
124.243,0
124.35,0
124.457,0
124.564,22
124.671,0
124.778,0
124.885,20
124.991,9
125.098,33
125.205,0
125.312,4
125.419,7
125.526,0
125.633,11
125.74,0
125.847,19
125.954,6
126.061,0
126.167,14
126.274,22
126.381,10
126.488,10
126.595,0
126.702,0
126.809,9
126.916,0
127.023,24
127.13,0
127.236,0
127.343,13
127.45,17
127.557,0
127.664,0
127.771,11
127.878,12
127.985,0
128.092,0
128.199,3
128.306,33
128.412,1
128.519,0
128.626,16
128.733,0
128.84,1
128.947,1
129.054,0
129.161,20
129.268,14
129.375,0
129.482,0
129.588,0
129.695,4
129.802,0
129.909,0
130.016,1
130.123,29
130.23,39
130.337,0
130.444,12
130.551,5
130.658,7
130.764,0
130.871,0
130.978,25
131.085,3
131.192,0
131.299,17
131.406,3
131.513,0
131.62,0
131.727,0
131.834,0
131.94,3
132.047,0
132.154,1
132.261,31
132.368,30
132.475,4
132.582,41
132.689,18
132.796,16
132.903,2
133.01,6
133.116,15
133.223,0
133.33,0
133.437,37
133.544,24
133.651,2
133.758,0
133.865,11
133.972,16
134.079,0
134.186,16
134.292,9
134.399,0
134.506,0
134.613,0
134.72,1
134.827,43
134.934,24
135.041,0
135.148,0
135.255,19
135.362,0
135.468,6
135.575,25
135.682,22
135.789,43
135.896,27
136.003,0
136.11,5
136.217,0
136.324,13
136.431,0
136.538,9
136.644,12
136.751,10
136.858,3
136.965,0
137.072,49
137.179,11
137.286,0
137.393,0
137.5,9
137.607,36
137.714,8
137.82,0
137.927,0
138.034,0
138.141,8
138.248,13
138.355,12
138.462,0
138.569,9
138.676,11
138.783,0
138.89,3
138.996,36
139.103,0
139.21,0
139.317,5
139.424,17
139.531,0
139.638,0
139.745,19
139.852,6
139.959,19
140.065,0
140.172,0
140.279,19
140.386,6
140.493,0
140.6,43
140.707,20
140.814,0
140.921,0
141.028,15
141.135,17
141.241,7
141.348,2
141.455,0
141.562,0
141.669,5
141.776,0
141.883,5
141.99,3
142.097,21
142.204,0
142.311,4
142.417,0
142.524,0
142.631,0
142.738,7
142.845,10
142.952,28
143.059,0
143.166,20
143.273,10
143.38,18
143.487,6
143.593,37
143.7,0
143.807,0
143.914,20
144.021,13
144.128,0
144.235,0
144.342,8
144.449,0
144.556,4
144.663,0
144.769,15
144.876,0
144.983,11
145.09,33
145.197,0
145.304,0
145.411,35
145.518,30
145.625,0
145.732,0
145.839,0
145.945,0
146.052,12
146.159,0
146.266,0
146.373,9
146.48,0
146.587,0
146.694,0
146.801,3
146.908,2
147.015,0
147.121,0
147.228,7
147.335,0
147.442,2
147.549,19
147.656,13
147.763,11
147.87,1
147.977,27
148.084,10
148.191,37
148.297,0
148.404,0
148.511,0
148.618,10
148.725,44
148.832,25
148.939,9
149.046,0
149.153,13
149.26,21
149.367,0
149.473,0
149.58,14
149.687,30
149.794,7
149.901,13
150.008,13
150.115,25
150.222,0
150.329,7
150.436,0
150.543,26
150.649,0
150.756,0
150.863,16
150.97,0
151.077,9
151.184,7
151.291,45
151.398,12
151.505,0
151.612,1
151.719,22
151.825,28
151.932,0
152.039,0
152.146,5
152.253,0
152.36,5
152.467,0
152.574,0
152.681,4
152.788,5
152.894,0
153.001,26
153.108,0
153.215,2
153.322,16
153.429,44
153.536,14
153.643,17
153.75,17
153.857,12
153.964,16
154.07,1
154.177,19
154.284,4
154.391,9
154.498,0
154.605,0
154.712,40
154.819,35
154.926,11
155.033,7
155.14,0
155.246,19
155.353,4
155.46,0
155.567,0
155.674,34
155.781,26
155.888,7
155.995,0
156.102,36
156.209,40
156.316,22
156.422,0
156.529,8
156.636,29
156.743,31
156.85,0
156.957,3
157.064,3
157.171,7
157.278,2
157.385,13
157.492,0
157.598,0
157.705,12
157.812,7
157.919,0
158.026,11
158.133,24
158.24,15
158.347,0
158.454,0
158.561,18
158.668,6
158.774,0
158.881,12
158.988,2
159.095,5
159.202,6
159.309,10
159.416,11
159.523,1
159.63,24
159.737,20
159.844,0
159.95,2
160.057,8
160.164,22
160.271,0
160.378,0
160.485,0
160.592,1
160.699,2
160.806,4
160.913,8
161.019,13
161.126,0
161.233,0
161.34,23
161.447,24
161.554,0
161.661,0
161.768,0
161.875,17
161.982,0
162.089,0
162.195,0
162.302,0
162.409,13
162.516,10
162.623,0
162.73,0
162.837,23
162.944,34
163.051,0
163.158,30
163.265,12
163.371,2
163.478,11
163.585,7
163.692,0
163.799,4
163.906,2
164.013,6
164.12,3
164.227,0
164.334,8
164.441,40
164.547,23
164.654,0
164.761,3
164.868,0
164.975,32
165.082,25
165.189,0
165.296,4
165.403,0
165.51,22
165.616,19
165.723,5
165.83,0
165.937,13
166.044,12
166.151,0
166.258,0
166.365,0
166.472,7
166.579,8
166.686,0
166.792,48
166.899,13
167.006,2
167.113,0
167.22,23
167.327,5
167.434,0
167.541,20
167.648,33
167.755,0
167.862,0
167.968,0
168.075,17
168.182,0
168.289,27
168.396,34
168.503,4
168.61,22
168.717,0
168.824,0
168.931,5
169.037,0
169.144,9
169.251,9
169.358,19
169.465,13
169.572,0
169.679,0
169.786,0
169.893,0
170,0
170.107,4
170.213,0
170.32,16
170.427,11
170.534,4
170.641,0
170.748,25
170.855,47
170.962,3
171.069,0
171.176,29
171.283,52
171.389,30
171.496,14
171.603,18
171.71,0
171.817,10
171.924,10
172.031,1
172.138,0
172.245,20
172.352,3
172.458,1
172.565,0
172.672,6
172.779,0
172.886,7
172.993,6
173.1,14
173.207,23
173.314,3
173.421,8
173.528,6
173.634,0
173.741,4
173.848,28
173.955,76
174.062,120
174.169,112
174.276,37
174.383,5
174.49,10
174.597,0
174.704,0
174.81,15
174.917,0
175.024,12
175.131,0
175.238,26
175.345,16
175.452,0
175.559,3
175.666,0
175.773,0
175.879,0
175.986,2
176.093,1
176.2,2
176.307,0
176.414,24
176.521,16
176.628,0
176.735,5
176.842,12
176.949,0
177.055,0
177.162,4
177.269,0
177.376,0
177.483,50
177.59,50
177.697,0
177.804,0
177.911,17
178.018,22
178.124,0
178.231,11
178.338,7
178.445,0
178.552,18
178.659,1
178.766,0
178.873,0
178.98,0
179.087,0
179.194,0
179.3,20
179.407,17
179.514,0
179.621,17
179.728,5
179.835,16
179.942,6
180.049,0
180.156,0
180.263,2
180.369,4
180.476,24
180.583,4
180.69,10
180.797,11
180.904,26
181.011,8
181.118,0
181.225,33
181.332,9
181.439,0
181.545,19
181.652,0
181.759,0
181.866,17
181.973,17
182.08,0
182.187,15
182.294,0
182.401,0
182.508,0
182.614,29
182.721,24
182.828,13
182.935,17
183.042,24
183.149,24
183.256,21
183.363,0
183.47,1
183.577,0
183.683,6
183.79,4
183.897,13
184.004,16
184.111,20
184.218,3
184.325,29
184.432,15
184.539,0
184.646,29
184.753,22
184.859,0
184.966,0
185.073,0
185.18,0
185.287,0
185.394,14
185.501,0
185.608,0
185.715,3
185.822,25
185.928,0
186.035,20
186.142,42
186.249,0
186.356,11
186.463,19
186.57,0
186.677,0
186.784,14
186.891,0
186.997,5
187.104,6
187.211,0
187.318,7
187.425,7
187.532,0
187.639,7
187.746,7
187.853,57
187.96,9
188.067,0
188.173,29
188.28,40
188.387,0
188.494,2
188.601,0
188.708,20
188.815,34
188.922,15
189.029,23
189.136,6
189.242,11
189.349,0
189.456,0
189.563,0
189.67,0
189.777,0
189.884,7
189.991,5
190.098,0
190.205,0
190.311,0
190.418,0
190.525,20
190.632,1
190.739,0
190.846,17
190.953,8
191.06,50
191.167,14
191.274,0
191.38,0
191.487,17
191.594,0
191.701,0
191.808,2
191.915,28
192.022,0
192.129,0
192.236,11
192.343,27
192.45,24
192.556,0
192.663,0
192.77,2
192.877,0
192.984,9
193.091,0
193.198,0
193.305,34
193.412,41
193.519,45
193.625,19
193.732,5
193.839,0
193.946,0
194.053,4
194.16,0
194.267,0
194.374,9
194.481,0
194.588,0
194.694,11
194.801,3
194.908,0
195.015,0
195.122,0
195.229,0
195.336,6
195.443,3
195.55,0
195.657,15
195.763,0
195.87,0
195.977,24
196.084,18
196.191,0
196.298,9
196.405,0
196.512,7
196.619,0
196.726,0
196.832,31
196.939,0
197.046,5
197.153,13
197.26,28
197.367,30
197.474,0
197.581,25
197.688,2
197.795,3
197.901,125
198.008,106
198.115,40
198.222,4
198.329,6
198.436,38
198.543,0
198.65,1
198.757,0
198.864,49
198.97,15
199.077,0
199.184,0
199.291,0
199.398,0
199.505,0
199.612,0
199.719,0
199.826,2
199.933,0
200.039,3
200.146,0
200.253,0
200.36,18
200.467,13
200.574,35
200.681,3
200.788,5
200.895,12
201.002,38
201.108,0
201.215,5
201.322,0
201.429,0
201.536,0
201.643,12
201.75,9
201.857,0
201.964,0
202.071,0
202.177,19
202.284,14
202.391,0
202.498,5
202.605,1
202.712,8
202.819,0
202.926,0
203.033,8
203.14,0
203.246,15
203.353,9
203.46,22
203.567,0
203.674,0
203.781,6
203.888,0
203.995,5
204.102,0
204.208,0
204.315,1
204.422,0
204.529,12
204.636,5
204.743,4
204.85,6
204.957,0
205.064,3
205.171,0
205.277,6
205.384,0
205.491,33
205.598,1
205.705,6
205.812,11
205.919,0
206.026,15
206.133,1
206.24,0
206.346,0
206.453,36
206.56,0
206.667,1
206.774,0
206.881,12
206.988,29
207.095,21
207.202,5
207.309,0
207.415,7
207.522,0
207.629,0
207.736,0
207.843,1
207.95,3
208.057,0
208.164,4
208.271,0
208.377,0
208.484,10
208.591,0
208.698,0
208.805,0
208.912,0
209.019,2
209.126,20
209.233,0
209.34,28
209.446,6
209.553,30
209.66,31
209.767,2
209.874,0
209.981,0
210.088,28
210.195,13
210.302,10
210.409,0
210.515,43
210.622,53
210.729,2
210.836,0
210.943,13
211.05,0
211.157,8
211.264,18
211.371,13
211.477,0
211.584,14
211.691,8
211.798,0
211.905,0
212.012,0
212.119,2
212.226,0
212.333,28
212.44,13
212.546,0
212.653,5
212.76,19
212.867,0
212.974,1
213.081,10
213.188,3
213.295,0
213.402,9
213.508,0
213.615,8
213.722,0
213.829,0
213.936,33
214.043,35
214.15,0
214.257,23
214.364,8
214.471,0
214.577,5
214.684,8
214.791,43
214.898,81
215.005,25
215.112,14
215.219,14
215.326,15
215.433,42
215.539,1
215.646,2
215.753,1
215.86,0
215.967,5
216.074,32
216.181,1
216.288,19
216.395,28
216.502,13
216.608,11
216.715,3
216.822,12
216.929,9
217.036,0
217.143,0
217.25,10
217.357,0
217.464,0
217.57,0
217.677,18
217.784,5
217.891,0
217.998,0
218.105,0
218.212,20
218.319,6
218.426,18
218.532,0
218.639,11
218.746,5
218.853,0
218.96,29
219.067,13
219.174,1
219.281,4
219.388,0
219.495,2
219.601,0
219.708,2
219.815,0
219.922,0
220.029,0
220.136,0
220.243,46
220.35,25
220.457,8
220.563,0
220.67,28
220.777,0
220.884,0
220.991,0
221.098,13
221.205,12
221.312,10
221.419,0
221.525,16
221.632,17
221.739,35
221.846,0
221.953,7
222.06,26
222.167,0
222.274,1
222.381,4
222.488,11
222.594,5
222.701,5
222.808,35
222.915,0
223.022,0
223.129,1
223.236,11
223.343,37
223.45,0
223.556,0
223.663,28
223.77,7
223.877,0
223.984,0
224.091,4
224.198,0
224.305,6
224.412,13
224.518,0
224.625,13
224.732,15
224.839,0
224.946,18
225.053,37
225.16,0
225.267,1
225.374,0
225.48,1
225.587,7
225.694,5
225.801,0
225.908,18
226.015,16
226.122,11
226.229,0
226.336,4
226.442,30
226.549,5
226.656,1
226.763,14
226.87,0
226.977,21
227.084,32
227.191,1
227.298,0
227.404,0
227.511,7
227.618,3
227.725,6
227.832,10
227.939,0
228.046,0
228.153,1
228.26,18
228.366,13
228.473,0
228.58,20
228.687,2
228.794,0
228.901,0
229.008,6
229.115,6
229.222,0
229.328,31
229.435,11
229.542,6
229.649,2
229.756,0
229.863,9
229.97,0
230.077,0
230.184,8
230.29,11
230.397,0
230.504,0
230.611,9
230.718,0
230.825,0
230.932,17
231.039,16
231.146,31
231.252,0
231.359,0
231.466,0
231.573,11
231.68,0
231.787,22
231.894,0
232.001,2
232.108,18
232.214,0
232.321,0
232.428,9
232.535,16
232.642,0
232.749,0
232.856,30
232.963,0
233.07,0
233.176,15
233.283,20
233.39,0
233.497,4
233.604,0
233.711,0
233.818,13
233.925,5
234.031,0
234.138,8
234.245,27
234.352,0
234.459,3
234.566,13
234.673,19
234.78,28
234.887,5
234.993,9
235.1,13
235.207,0
235.314,0
235.421,0
235.528,0
235.635,0
235.742,0
235.849,16
235.955,30
236.062,2
236.169,5
236.276,20
236.383,0
236.49,3
236.597,21
236.704,35
236.81,15
236.917,0
237.024,0
237.131,20
237.238,1
237.345,2
237.452,4
237.559,10
237.666,127
237.772,244
237.879,197
237.986,112
238.093,100
238.2,70
238.307,69
238.414,44
238.521,37
238.628,141
238.734,135
238.841,226
238.948,250
239.055,110
239.162,15
239.269,0
239.376,4
239.483,6
239.589,0
239.696,15
239.803,4
239.91,5
240.017,0
240.124,4
240.231,10
240.338,3
240.445,41
240.551,86
240.658,41
240.765,27
240.872,0
240.979,15
241.086,15
241.193,2
241.3,0
241.406,10
241.513,0
241.62,42
241.727,24
241.834,6
241.941,1
242.048,0
242.155,0
242.262,2
242.368,1
242.475,25
242.582,26
242.689,53
242.796,57
242.903,34
243.01,8
243.117,18
243.223,0
243.33,2
243.437,0
243.544,0
243.651,18
243.758,0
243.865,11
243.972,18
244.079,20
244.185,7
244.292,25
244.399,21
244.506,0
244.613,15
244.72,49
244.827,94
244.934,51
245.04,7
245.147,14
245.254,14
245.361,15
245.468,30
245.575,23
245.682,0
245.789,9
245.896,14
246.002,18
246.109,0
246.216,5
246.323,14
246.43,0
246.537,0
246.644,0
246.751,0
246.857,12
246.964,0
247.071,1
247.178,7
247.285,0
247.392,11
247.499,0
247.606,7
247.712,6
247.819,39
247.926,0
248.033,15
248.14,0
248.247,6
248.354,6
248.461,3
248.567,0
248.674,12
248.781,22
248.888,13
248.995,7
249.102,6
249.209,28
249.316,28
249.423,59
249.529,1
249.636,0
249.743,0
249.85,0
249.957,1
250.064,0
250.171,0
250.278,0
250.384,5
250.491,31
250.598,8
250.705,29
250.812,7
250.919,22
251.026,26
251.133,0
251.239,0
251.346,0
251.453,0
251.56,15
251.667,0
251.774,0
251.881,7
251.988,21
252.094,0
252.201,23
252.308,51
252.415,33
252.522,14
252.629,2
252.736,0
252.843,0
252.949,0
253.056,0
253.163,0
253.27,6
253.377,27
253.484,0
253.591,0
253.698,13
253.804,35
253.911,0
254.018,0
254.125,2
254.232,39
254.339,19
254.446,5
254.553,62
254.659,8
254.766,0
254.873,0
254.98,7
255.087,4
255.194,5
255.301,5
255.408,13
255.514,10
255.621,14
255.728,14
255.835,0
255.942,0
256.049,21
256.156,36
256.263,0
256.369,29
256.476,28
256.583,0
256.69,1
256.797,0
256.904,0
257.011,17
257.118,0
257.224,2
257.331,0
257.438,7
257.545,21
257.652,30
257.759,0
257.866,36
257.973,10
258.079,2
258.186,38
258.293,9
258.4,10
258.507,11
258.614,0
258.721,1
258.828,0
258.934,5
259.041,7
259.148,0
259.255,19
259.362,32
259.469,35
259.576,1
259.683,0
259.789,24
259.896,11
260.003,4
260.11,19
260.217,2
260.324,10
260.431,8
260.537,0
260.644,11
260.751,18
260.858,0
260.965,7
261.072,17
261.179,0
261.286,4
261.392,17
261.499,16
261.606,19
261.713,16
261.82,8
261.927,6
262.034,11
262.141,10
262.247,2
262.354,10
262.461,15
262.568,5
262.675,0
262.782,0
262.889,0
262.996,29
263.102,24
263.209,0
263.316,5
263.423,0
263.53,35
263.637,0
263.744,0
263.85,26
263.957,0
264.064,0
264.171,0
264.278,16
264.385,1
264.492,16
264.599,2
264.705,0
264.812,21
264.919,2
265.026,0
265.133,0
265.24,2
265.347,17
265.454,8
265.56,24
265.667,0
265.774,6
265.881,0
265.988,0
266.095,0
266.202,0
266.308,0
266.415,11
266.522,0
266.629,0
266.736,28
266.843,4
266.95,0
267.057,3
267.163,0
267.27,29
267.377,0
267.484,0
267.591,0
267.698,0
267.805,0
267.911,16
268.018,9
268.125,8
268.232,9
268.339,4
268.446,0
268.553,0
268.66,0
268.766,0
268.873,0
268.98,4
269.087,22
269.194,29
269.301,0
269.408,0
269.514,22
269.621,0
269.728,0
269.835,0
269.942,20
270.049,0
270.156,5
270.263,15
270.369,18
270.476,6
270.583,16
270.69,9
270.797,0
270.904,0
271.011,9
271.117,11
271.224,0
271.331,55
271.438,118
271.545,56
271.652,13
271.759,0
271.866,0
271.972,0
272.079,22
272.186,114
272.293,120
272.4,37
272.507,9
272.614,0
272.72,0
272.827,18
272.934,0
273.041,0
273.148,37
273.255,35
273.362,0
273.468,0
273.575,2
273.682,46
273.789,24
273.896,0
274.003,7
274.11,0
274.217,0
274.323,12
274.43,0
274.537,0
274.644,10
274.751,11
274.858,0
274.965,22
275.071,13
275.178,12
275.285,0
275.392,3
275.499,6
275.606,0
275.713,0
275.819,0
275.926,25
276.033,15
276.14,3
276.247,0
276.354,0
276.461,49
276.567,26
276.674,0
276.781,14
276.888,10
276.995,0
277.102,0
277.209,24
277.315,17
277.422,0
277.529,0
277.636,0
277.743,0
277.85,0
277.957,8
278.064,0
278.17,0
278.277,15
278.384,10
278.491,9
278.598,0
278.705,0
278.812,7
278.918,3
279.025,0
279.132,0
279.239,11
279.346,44
279.453,44
279.56,10
279.666,0
279.773,0
279.88,12
279.987,0
280.094,0
280.201,18
280.308,52
280.414,57
280.521,54
280.628,29
280.735,0
280.842,0
280.949,26
281.056,0
281.162,0
281.269,11
281.376,10
281.483,0
281.59,4
281.697,4
281.804,2
281.91,0
282.017,12
282.124,4
282.231,0
282.338,0
282.445,0
282.552,3
282.658,0
282.765,0
282.872,0
282.979,1
283.086,297
283.193,305
283.3,110
283.406,17
283.513,0
283.62,3
283.727,9
283.834,0
283.941,0
284.048,21
284.154,0
284.261,0
284.368,29
284.475,14
284.582,0
284.689,0
284.796,42
284.902,37
285.009,0
285.116,15
285.223,0
285.33,0
285.437,10
285.544,20
285.65,13
285.757,0
285.864,0
285.971,32
286.078,0
286.185,0
286.292,7
286.398,0
286.505,0
286.612,44
286.719,25
286.826,0
286.933,0
287.039,13
287.146,0
287.253,0
287.36,0
287.467,0
287.574,7
287.681,25
287.787,3
287.894,0
288.001,102
288.108,124
288.215,71
288.322,0
288.429,2
288.535,0
288.642,0
288.749,0
288.856,5
288.963,1
289.07,0
289.177,4
289.283,13
289.39,0
289.497,8
289.604,20
289.711,2
289.818,22
289.924,12
290.031,0
290.138,0
290.245,5
290.352,2
290.459,0
290.566,11
290.672,0
290.779,0
290.886,0
290.993,0
291.1,44
291.207,13
291.314,0
291.42,0
291.527,20
291.634,11
291.741,17
291.848,5
291.955,9
292.062,13
292.168,30
292.275,11
292.382,0
292.489,0
292.596,0
292.703,0
292.809,0
292.916,0
293.023,0
293.13,91
293.237,90
293.344,17
293.451,19
293.557,0
293.664,4
293.771,28
293.878,0
293.985,0
294.092,6
294.198,26
294.305,0
294.412,23
294.519,0
294.626,9
294.733,7
294.84,0
294.946,0
295.053,16
295.16,0
295.267,0
295.374,0
295.481,0
295.588,24
295.694,0
295.801,0
295.908,0
296.015,23
296.122,0
296.229,4
296.335,17
296.442,0
296.549,5
296.656,0
296.763,20
296.87,16
296.977,18
297.083,20
297.19,12
297.297,0
297.404,0
297.511,40
297.618,23
297.724,36
297.831,8
297.938,4
298.045,3
298.152,6
298.259,0
298.365,4
298.472,26
298.579,1
298.686,2
298.793,7
298.9,6
299.007,8
299.113,5
299.22,21
299.327,0
299.434,0
299.541,4
299.648,0
299.754,0
299.861,0
299.968,0
300.075,5
300.182,2
300.289,0
300.396,2
300.502,11
300.609,0
300.716,0
300.823,0
300.93,0
301.037,12
301.143,15
301.25,0
301.357,0
301.464,24
301.571,5
301.678,0
301.784,0
301.891,5
301.998,0
302.105,1
302.212,0
302.319,0
302.426,12
302.532,30
302.639,14
302.746,10
302.853,20
302.96,11
303.067,15
303.173,0
303.28,6
303.387,8
303.494,8
303.601,0
303.708,11
303.814,0
303.921,15
304.028,32
304.135,13
304.242,0
304.349,0
304.456,0
304.562,0
304.669,23
304.776,13
304.883,0
304.99,0
305.097,4
305.203,0
305.31,27
305.417,10
305.524,0
305.631,0
305.738,38
305.844,33
305.951,26
306.058,0
306.165,0
306.272,10
306.379,0
306.485,3
306.592,43
306.699,33
306.806,28
306.913,0
307.02,0
307.126,0
307.233,8
307.34,18
307.447,0
307.554,18
307.661,9
307.767,0
307.874,9
307.981,13
308.088,14
308.195,0
308.302,0
308.409,0
308.515,16
308.622,0
308.729,0
308.836,20
308.943,4
309.05,7
309.156,14
309.263,0
309.37,0
309.477,12
309.584,6
309.691,1
309.797,0
309.904,6
310.011,35
310.118,1
310.225,0
310.332,1
310.438,15
310.545,16
310.652,0
310.759,20
310.866,12
310.973,15
311.079,0
311.186,0
311.293,7
311.4,11
311.507,10
311.614,20
311.72,0
311.827,24
311.934,0
312.041,7
312.148,0
312.255,14
312.361,0
312.468,0
312.575,11
312.682,5
312.789,0
312.896,0
313.002,4
313.109,22
313.216,7
313.323,0
313.43,0
313.537,3
313.643,0
313.75,0
313.857,0
313.964,2
314.071,11
314.178,24
314.284,7
314.391,5
314.498,16
314.605,22
314.712,16
314.819,0
314.925,0
315.032,0
315.139,2
315.246,0
315.353,1
315.46,5
315.566,21
315.673,0
315.78,12
315.887,20
315.994,0
316.1,21
316.207,0
316.314,5
316.421,46
316.528,34
316.635,0
316.741,0
316.848,0
316.955,0
317.062,18
317.169,12
317.276,0
317.382,16
317.489,0
317.596,0
317.703,2
317.81,0
317.917,0
318.023,8
318.13,15
318.237,13
318.344,0
318.451,0
318.558,0
318.664,1
318.771,40
318.878,9
318.985,0
319.092,15
319.199,22
319.305,2
319.412,0
319.519,25
319.626,0
319.733,0
319.839,0
319.946,7
320.053,0
320.16,0
320.267,78
320.374,99
320.48,71
320.587,100
320.694,204
320.801,153
320.908,41
321.015,0
321.121,0
321.228,6
321.335,4
321.442,60
321.549,161
321.655,111
321.762,41
321.869,0
321.976,5
322.083,0
322.19,14
322.296,30
322.403,0
322.51,17
322.617,6
322.724,0
322.831,15
322.937,0
323.044,5
323.151,6
323.258,0
323.365,0
323.472,0
323.578,3
323.685,0
323.792,0
323.899,2
324.006,4
324.112,11
324.219,0
324.326,31
324.433,20
324.54,2
324.647,60
324.753,32
324.86,66
324.967,66
325.074,31
325.181,26
325.287,0
325.394,18
325.501,20
325.608,0
325.715,36
325.822,61
325.928,45
326.035,19
326.142,0
326.249,0
326.356,53
326.463,76
326.569,29
326.676,10
326.783,0
326.89,2
326.997,0
327.103,47
327.21,17
327.317,0
327.424,0
327.531,0
327.638,17
327.744,12
327.851,0
327.958,0
328.065,109
328.172,142
328.278,63
328.385,13
328.492,0
328.599,0
328.706,24
328.813,0
328.919,0
329.026,0
329.133,0
329.24,0
329.347,0
329.453,38
329.56,50
329.667,19
329.774,0
329.881,0
329.988,3
330.094,0
330.201,0
330.308,0
330.415,0
330.522,19
330.628,0
330.735,14
330.842,0
330.949,7
331.056,0
331.162,13
331.269,2
331.376,45
331.483,13
331.59,0
331.697,0
331.803,0
331.91,10
332.017,27
332.124,18
332.231,23
332.337,5
332.444,0
332.551,4
332.658,6
332.765,0
332.872,2
332.978,0
333.085,0
333.192,2
333.299,11
333.406,0
333.512,28
333.619,0
333.726,8
333.833,40
333.94,31
334.046,0
334.153,22
334.26,15
334.367,0
334.474,6
334.581,0
334.687,4
334.794,9
334.901,0
335.008,0
335.115,0
335.221,6
335.328,0
335.435,0
335.542,0
335.649,21
335.755,22
335.862,0
335.969,0
336.076,4
336.183,0
336.29,0
336.396,0
336.503,61
336.61,187
336.717,131
336.824,58
336.93,7
337.037,0
337.144,6
337.251,6
337.358,0
337.464,0
337.571,0
337.678,0
337.785,20
337.892,17
337.998,0
338.105,0
338.212,0
338.319,0
338.426,17
338.533,44
338.639,48
338.746,0
338.853,0
338.96,46
339.067,0
339.173,0
339.28,0
339.387,0
339.494,12
339.601,9
339.707,18
339.814,0
339.921,9
340.028,15
340.135,0
340.241,10
340.348,4
340.455,5
340.562,41
340.669,21
340.775,0
340.882,1
340.989,3
341.096,0
341.203,0
341.309,14
341.416,60
341.523,46
341.63,11
341.737,0
341.844,0
341.95,6
342.057,32
342.164,29
342.271,3
342.378,35
342.484,56
342.591,52
342.698,15
342.805,0
342.912,40
343.018,58
343.125,27
343.232,0
343.339,8
343.446,0
343.552,2
343.659,8
343.766,0
343.873,6
343.98,0
344.086,0
344.193,0
344.3,0
344.407,8
344.514,0
344.62,0
344.727,8
344.834,21
344.941,33
345.048,5
345.154,24
345.261,8
345.368,5
345.475,27
345.582,9
345.688,0
345.795,5
345.902,4
346.009,11
346.116,14
346.222,0
346.329,0
346.436,0
346.543,0
346.65,0
346.756,0
346.863,15
346.97,2
347.077,0
347.184,10
347.29,0
347.397,0
347.504,16
347.611,0
347.718,11
347.824,18
347.931,0
348.038,5
348.145,0
348.252,0
348.358,0
348.465,13
348.572,40
348.679,0
348.786,5
348.892,0
348.999,0
349.106,0
349.213,0
349.32,0
349.426,89
349.533,167
349.64,95
349.747,19
349.854,0
349.96,0
350.067,11
350.174,0
350.281,0
350.388,7
350.494,0
350.601,17
350.708,0
350.815,0
350.922,0
351.028,31
351.135,9
351.242,0
351.349,0
351.456,4
351.562,0
351.669,16
351.776,0
351.883,0
351.989,0
352.096,39
352.203,5
352.31,0
352.417,8
352.523,19
352.63,0
352.737,7
352.844,3
352.951,14
353.057,20
353.164,7
353.271,0
353.378,2
353.485,21
353.591,36
353.698,3
353.805,15
353.912,8
354.019,24
354.125,36
354.232,4
354.339,0
354.446,0
354.553,13
354.659,10
354.766,17
354.873,41
354.98,15
355.086,8
355.193,12
355.3,18
355.407,0
355.514,0
355.62,24
355.727,4
355.834,0
355.941,0
356.048,17
356.154,0
356.261,0
356.368,34
356.475,2
356.582,0
356.688,0
356.795,2
356.902,21
357.009,0
357.115,0
357.222,5
357.329,6
357.436,17
357.543,0
357.649,12
357.756,17
357.863,7
357.97,4
358.077,17
358.183,32
358.29,9
358.397,13
358.504,0
358.61,0
358.717,0
358.824,15
358.931,0
359.038,0
359.144,20
359.251,42
359.358,26
359.465,0
359.572,0
359.678,15
359.785,0
359.892,0
359.999,0
360.105,0
360.212,0
360.319,4
360.426,6
360.533,0
360.639,23
360.746,26
360.853,23
360.96,0
361.067,7
361.173,0
361.28,0
361.387,25
361.494,0
361.6,11
361.707,1
361.814,17
361.921,13
362.028,14
362.134,0
362.241,30
362.348,12
362.455,0
362.562,0
362.668,10
362.775,4
362.882,19
362.989,2
363.095,1
363.202,11
363.309,7
363.416,0
363.523,0
363.629,1
363.736,0
363.843,0
363.95,5
364.056,24
364.163,0
364.27,10
364.377,25
364.484,0
364.59,15
364.697,0
364.804,0
364.911,10
365.017,0
365.124,5
365.231,0
365.338,0
365.445,11
365.551,0
365.658,0
365.765,6
365.872,11
365.979,4
366.085,0
366.192,0
366.299,36
366.406,0
366.512,11
366.619,7
366.726,0
366.833,10
366.94,15
367.046,16
367.153,0
367.26,22
367.367,12
367.473,10
367.58,0
367.687,10
367.794,0
367.9,0
368.007,40
368.114,17
368.221,29
368.328,25
368.434,24
368.541,6
368.648,13
368.755,0
368.861,13
368.968,0
369.075,0
369.182,15
369.289,8
369.395,0
369.502,25
369.609,0
369.716,0
369.822,47
369.929,34
370.036,12
370.143,0
370.25,0
370.356,16
370.463,0
370.57,0
370.677,15
370.783,9
370.89,0
370.997,6
371.104,10
371.211,14
371.317,8
371.424,23
371.531,0
371.638,0
371.744,0
371.851,46
371.958,9
372.065,11
372.171,0
372.278,18
372.385,21
372.492,0
372.599,0
372.705,11
372.812,24
372.919,0
373.026,0
373.132,0
373.239,0
373.346,0
373.453,3
373.559,0
373.666,0
373.773,17
373.88,6
373.987,4
374.093,15
374.2,19
374.307,0
374.414,20
374.52,24
374.627,9
374.734,0
374.841,25
374.947,30
375.054,17
375.161,0
375.268,5
375.375,0
375.481,0
375.588,3
375.695,0
375.802,25
375.908,9
376.015,9
376.122,9
376.229,0
376.335,28
376.442,18
376.549,0
376.656,0
376.763,7
376.869,2
376.976,0
377.083,1
377.19,3
377.296,0
377.403,28
377.51,2
377.617,0
377.723,5
377.83,11
377.937,4
378.044,18
378.15,24
378.257,0
378.364,4
378.471,12
378.578,10
378.684,0
378.791,0
378.898,17
379.005,2
379.111,11
379.218,8
379.325,0
379.432,18
379.538,0
379.645,0
379.752,46
379.859,56
379.965,0
380.072,0
380.179,0
380.286,0
380.392,0
380.499,40
380.606,23
380.713,0
380.82,0
380.926,20
381.033,0
381.14,0
381.247,17
381.353,39
381.46,0
381.567,22
381.674,43
381.78,8
381.887,2
381.994,30
382.101,40
382.207,0
382.314,0
382.421,48
382.528,43
382.634,0
382.741,0
382.848,0
382.955,12
383.061,9
383.168,8
383.275,0
383.382,13
383.488,0
383.595,1
383.702,11
383.809,17
383.916,0
384.022,0
384.129,24
384.236,25
384.343,0
384.449,2
384.556,0
384.663,0
384.77,64
384.876,69
384.983,34
385.09,0
385.197,0
385.303,3
385.41,0
385.517,0
385.624,0
385.73,2
385.837,16
385.944,0
386.051,0
386.157,4
386.264,6
386.371,0
386.478,5
386.584,25
386.691,1
386.798,2
386.905,9
387.011,9
387.118,10
387.225,13
387.332,2
387.438,0
387.545,13
387.652,10
387.759,2
387.865,14
387.972,15
388.079,0
388.186,0
388.292,28
388.399,13
388.506,0
388.613,0
388.719,33
388.826,39
388.933,62
389.04,13
389.146,12
389.253,0
389.36,0
389.467,29
389.573,0
389.68,13
389.787,18
389.894,17
390,14
390.107,23
390.214,2
390.321,15
390.427,17
390.534,0
390.641,29
390.748,15
390.854,8
390.961,13
391.068,0
391.175,30
391.281,31
391.388,0
391.495,0
391.602,11
391.708,26
391.815,0
391.922,0
392.029,0
392.135,17
392.242,27
392.349,1
392.456,19
392.562,0
392.669,3
392.776,27
392.883,11
392.989,14
393.096,15
393.203,4
393.31,0
393.416,13
393.523,8
393.63,11
393.737,5
393.843,19
393.95,12
394.057,28
394.164,3
394.27,0
394.377,15
394.484,26
394.591,3
394.697,0
394.804,6
394.911,12
395.018,0
395.124,13
395.231,12
395.338,56
395.445,25
395.551,30
395.658,32
395.765,11
395.871,0
395.978,0
396.085,0
396.192,0
396.298,0
396.405,0
396.512,28
396.619,17
396.725,4
396.832,2
396.939,0
397.046,20
397.152,27
397.259,0
397.366,0
397.473,33
397.579,0
397.686,1
397.793,4
397.9,0
398.006,3
398.113,17
398.22,0
398.327,5
398.433,7
398.54,42
398.647,25
398.753,17
398.86,0
398.967,0
399.074,14
399.18,14
399.287,0
399.394,12
399.501,12
399.607,0
399.714,4
399.821,0
399.928,15
400.034,0
400.141,0
400.248,0
400.355,9
400.461,0
400.568,12
400.675,0
400.781,0
400.888,26
400.995,0
401.102,141
401.208,159
401.315,58
401.422,2
401.529,0
401.635,0
401.742,0
401.849,54
401.956,55
402.062,0
402.169,0
402.276,0
402.382,10
402.489,2
402.596,0
402.703,17
402.809,0
402.916,0
403.023,0
403.13,0
403.236,10
403.343,4
403.45,0
403.557,0
403.663,24
403.77,0
403.877,0
403.983,23
404.09,0
404.197,0
404.304,0
404.41,5
404.517,15
404.624,0
404.731,0
404.837,24
404.944,24
405.051,3
405.158,3
405.264,7
405.371,6
405.478,14
405.584,19
405.691,21
405.798,0
405.905,0
406.011,5
406.118,11
406.225,0
406.332,0
406.438,22
406.545,21
406.652,8
406.758,15
406.865,0
406.972,0
407.079,11
407.185,17
407.292,0
407.399,0
407.506,5
407.612,27
407.719,0
407.826,0
407.932,0
408.039,13
408.146,1
408.253,0
408.359,22
408.466,17
408.573,0
408.68,18
408.786,2
408.893,0
409,0
409.106,13
409.213,6
409.32,0
409.427,33
409.533,0
409.64,1
409.747,2
409.853,37
409.96,76
410.067,58
410.174,30
410.28,32
410.387,0
410.494,10
410.601,28
410.707,0
410.814,0
410.921,8
411.027,0
411.134,0
411.241,102
411.348,112
411.454,30
411.561,0
411.668,0
411.774,14
411.881,0
411.988,7
412.095,0
412.201,0
412.308,14
412.415,0
412.522,36
412.628,22
412.735,0
412.842,19
412.948,2
413.055,56
413.162,3
413.269,46
413.375,0
413.482,12
413.589,0
413.695,32
413.802,30
413.909,26
414.016,0
414.122,17
414.229,0
414.336,0
414.442,9
414.549,2
414.656,15
414.763,65
414.869,87
414.976,63
415.083,0
415.189,0
415.296,0
415.403,21
415.51,0
415.616,0
415.723,0
415.83,0
415.936,0
416.043,0
416.15,0
416.257,46
416.363,12
416.47,44
416.577,10
416.683,0
416.79,70
416.897,336
417.004,256
417.11,75
417.217,0
417.324,0
417.43,11
417.537,0
417.644,0
417.751,10
417.857,14
417.964,50
418.071,71
418.177,106
418.284,60
418.391,18
418.498,17
418.604,157
418.711,155
418.818,52
418.924,9
419.031,0
419.138,0
419.245,0
419.351,12
419.458,15
419.565,7
419.671,0
419.778,2
419.885,0
419.992,19
420.098,19
420.205,0
420.312,5
420.418,0
420.525,6
420.632,3
420.738,0
420.845,0
420.952,15
421.059,0
421.165,3
421.272,20
421.379,6
421.485,2
421.592,15
421.699,0
421.806,0
421.912,0
422.019,0
422.126,0
422.232,5
422.339,15
422.446,0
422.552,2
422.659,21
422.766,0
422.873,0
422.979,0
423.086,0
423.193,60
423.299,32
423.406,21
423.513,0
423.62,0
423.726,24
423.833,9
423.94,0
424.046,0
424.153,2
424.26,13
424.366,0
424.473,12
424.58,7
424.687,7
424.793,8
424.9,3
425.007,0
425.113,0
425.22,8
425.327,0
425.433,16
425.54,0
425.647,15
425.754,24
425.86,0
425.967,6
426.074,5
426.18,28
426.287,11
426.394,0
426.5,0
426.607,0
426.714,20
426.821,4
426.927,6
427.034,0
427.141,0
427.247,15
427.354,30
427.461,7
427.567,1
427.674,0
427.781,19
427.888,0
427.994,13
428.101,11
428.208,0
428.314,0
428.421,41
428.528,58
428.634,28
428.741,4
428.848,0
428.955,0
429.061,8
429.168,33
429.275,11
429.381,0
429.488,24
429.595,0
429.701,0
429.808,5
429.915,21
430.021,26
430.128,18
430.235,122
430.342,100
430.448,75
430.555,0
430.662,1
430.768,0
430.875,0
430.982,34
431.088,194
431.195,113
431.302,24
431.409,21
431.515,3
431.622,0
431.729,0
431.835,0
431.942,0
432.049,10
432.155,76
432.262,161
432.369,73
432.475,18
432.582,0
432.689,0
432.796,0
432.902,0
433.009,80
433.116,60
433.222,23
433.329,22
433.436,0
433.542,0
433.649,0
433.756,0
433.862,34
433.969,31
434.076,0
434.182,0
434.289,1
434.396,0
434.503,0
434.609,48
434.716,85
434.823,32
434.929,0
435.036,10
435.143,29
435.249,0
435.356,0
435.463,0
435.569,6
435.676,0
435.783,0
435.889,4
435.996,0
436.103,0
436.21,0
436.316,0
436.423,0
436.53,0
436.636,0
436.743,0
436.85,11
436.956,27
437.063,9
437.17,8
437.276,0
437.383,8
437.49,0
437.596,0
437.703,19
437.81,0
437.916,0
438.023,1
438.13,24
438.237,21
438.343,17
438.45,5
438.557,22
438.663,29
438.77,0
438.877,0
438.983,2
439.09,7
439.197,20
439.303,12
439.41,0
439.517,21
439.623,14
439.73,32
439.837,0
439.943,27
440.05,0
440.157,11
440.263,0
440.37,0
440.477,0
440.583,17
440.69,0
440.797,0
440.904,24
441.01,6
441.117,15
441.224,20
441.33,0
441.437,20
441.544,10
441.65,0
441.757,0
441.864,19
441.97,56
442.077,45
442.184,2
442.29,3
442.397,19
442.504,0
442.61,0
442.717,15
442.824,14
442.93,11
443.037,0
443.144,3
443.25,13
443.357,0
443.464,0
443.57,0
443.677,2
443.784,11
443.89,0
443.997,11
444.104,0
444.21,0
444.317,0
444.424,0
444.53,42
444.637,59
444.744,0
444.851,0
444.957,0
445.064,10
445.171,0
445.277,3
445.384,16
445.491,21
445.597,67
445.704,78
445.811,19
445.917,10
446.024,0
446.131,0
446.237,5
446.344,0
446.451,0
446.557,7
446.664,54
446.771,88
446.877,22
446.984,1
447.091,0
447.197,0
447.304,30
447.411,0
447.517,31
447.624,82
447.731,72
447.837,10
447.944,0
448.051,0
448.157,0
448.264,0
448.371,1
448.477,14
448.584,6
448.691,9
448.797,21
448.904,25
449.011,0
449.117,16
449.224,7
449.331,7
449.437,1
449.544,4
449.651,14
449.757,49
449.864,0
449.971,0
450.077,7
450.184,10
450.291,0
450.397,9
450.504,1
450.611,0
450.717,19
450.824,4
450.931,19
451.037,6
451.144,0
451.251,3
451.357,0
451.464,0
451.571,10
451.677,12
451.784,16
451.891,0
451.997,32
452.104,19
452.21,4
452.317,10
452.424,0
452.53,17
452.637,0
452.744,2
452.85,0
452.957,0
453.064,29
453.17,0
453.277,0
453.384,0
453.49,17
453.597,2
453.704,0
453.81,0
453.917,6
454.024,17
454.13,23
454.237,17
454.344,0
454.45,0
454.557,0
454.664,8
454.77,0
454.877,0
454.984,0
455.09,0
455.197,28
455.304,34
455.41,0
455.517,0
455.624,19
455.73,8
455.837,0
455.944,0
456.05,7
456.157,0
456.263,0
456.37,6
456.477,20
456.583,3
456.69,0
456.797,13
456.903,9
457.01,0
457.117,5
457.223,0
457.33,0
457.437,6
457.543,8
457.65,15
457.757,2
457.863,0
457.97,27
458.077,0
458.183,13
458.29,0
458.397,15
458.503,3
458.61,14
458.716,8
458.823,0
458.93,9
459.036,28
459.143,0
459.25,0
459.356,3
459.463,22
459.57,24
459.676,123
459.783,140
459.89,6
459.996,16
460.103,0
460.21,10
460.316,15
460.423,0
460.53,0
460.636,36
460.743,25
460.849,2
460.956,0
461.063,0
461.169,0
461.276,0
461.383,11
461.489,7
461.596,3
461.703,0
461.809,6
461.916,14
462.023,6
462.129,0
462.236,25
462.342,0
462.449,0
462.556,2
462.662,5
462.769,0
462.876,0
462.982,5
463.089,8
463.196,8
463.302,19
463.409,4
463.516,0
463.622,19
463.729,0
463.835,0
463.942,0
464.049,7
464.155,0
464.262,0
464.369,12
464.475,0
464.582,0
464.689,1
464.795,5
464.902,0
465.009,19
465.115,0
465.222,0
465.328,11
465.435,0
465.542,0
465.648,0
465.755,0
465.862,38
465.968,45
466.075,30
466.182,0
466.288,0
466.395,2
466.501,0
466.608,11
466.715,21
466.821,5
466.928,0
467.035,1
467.141,0
467.248,0
467.355,0
467.461,0
467.568,0
467.674,0
467.781,0
467.888,16
467.994,52
468.101,13
468.208,0
468.314,10
468.421,0
468.528,2
468.634,0
468.741,12
468.847,0
468.954,0
469.061,0
469.167,1
469.274,0
469.381,0
469.487,0
469.594,3
469.701,31
469.807,1
469.914,7
470.02,12
470.127,7
470.234,9
470.34,16
470.447,0
470.554,0
470.66,0
470.767,0
470.873,0
470.98,0
471.087,0
471.193,0
471.3,17
471.407,0
471.513,0
471.62,0
471.727,16
471.833,7
471.94,20
472.046,7
472.153,15
472.26,0
472.366,5
472.473,1
472.58,0
472.686,12
472.793,4
472.899,14
473.006,23
473.113,17
473.219,7
473.326,13
473.433,19
473.539,43
473.646,29
473.752,0
473.859,0
473.966,0
474.072,0
474.179,0
474.286,0
474.392,9
474.499,42
474.605,20
474.712,8
474.819,1
474.925,1
475.032,2
475.139,26
475.245,30
475.352,0
475.458,0
475.565,10
475.672,13
475.778,15
475.885,20
475.992,2
476.098,0
476.205,43
476.311,0
476.418,0
476.525,38
476.631,45
476.738,68
476.844,31
476.951,8
477.058,0
477.164,0
477.271,17
477.378,0
477.484,4
477.591,15
477.697,0
477.804,0
477.911,0
478.017,0
478.124,11
478.231,1
478.337,27
478.444,0
478.55,0
478.657,0
478.764,0
478.87,0
478.977,0
479.083,17
479.19,3
479.297,15
479.403,0
479.51,19
479.617,35
479.723,0
479.83,6
479.936,5
480.043,0
480.15,0
480.256,7
480.363,0
480.469,0
480.576,0
480.683,0
480.789,0
480.896,0
481.003,17
481.109,8
481.216,0
481.322,0
481.429,21
481.536,12
481.642,0
481.749,0
481.855,2
481.962,7
482.069,17
482.175,8
482.282,0
482.388,0
482.495,0
482.602,0
482.708,1
482.815,0
482.922,15
483.028,11
483.135,22
483.241,36
483.348,26
483.455,0
483.561,0
483.668,0
483.774,1
483.881,0
483.988,0
484.094,0
484.201,3
484.307,13
484.414,0
484.521,0
484.627,26
484.734,14
484.84,0
484.947,9
485.054,26
485.16,0
485.267,82
485.373,117
485.48,82
485.587,22
485.693,0
485.8,0
485.907,11
486.013,0
486.12,14
486.226,3
486.333,0
486.44,0
486.546,19
486.653,17
486.759,9
486.866,4
486.973,0
487.079,0
487.186,57
487.292,22
487.399,4
487.506,0
487.612,6
487.719,8
487.825,14
487.932,0
488.039,0
488.145,0
488.252,0
488.358,16
488.465,1
488.572,5
488.678,0
488.785,6
488.891,4
488.998,0
489.105,13
489.211,26
489.318,15
489.424,17
489.531,0
489.638,0
489.744,0
489.851,0
489.957,6
490.064,0
490.171,3
490.277,0
490.384,0
490.49,0
490.597,17
490.704,4
490.81,11
490.917,12
491.023,0
491.13,0
491.237,0
491.343,8
491.45,25
491.556,17
491.663,0
491.769,0
491.876,0
491.983,34
492.089,38
492.196,10
492.302,0
492.409,0
492.516,0
492.622,10
492.729,10
492.835,0
492.942,0
493.049,3
493.155,7
493.262,0
493.368,5
493.475,12
493.582,0
493.688,4
493.795,0
493.901,0
494.008,6
494.114,0
494.221,0
494.328,36
494.434,16
494.541,1
494.647,68
494.754,112
494.861,33
494.967,9
495.074,0
495.18,0
495.287,1
495.394,0
495.5,8
495.607,0
495.713,20
495.82,8
495.926,11
496.033,7
496.14,0
496.246,0
496.353,12
496.459,6
496.566,2
496.673,21
496.779,7
496.886,0
496.992,0
497.099,7
497.206,0
497.312,22
497.419,2
497.525,0
497.632,4
497.738,0
497.845,24
497.952,10
498.058,0
498.165,0
498.271,0
498.378,9
498.485,0
498.591,4
498.698,0
498.804,12
498.911,10
499.017,51
499.124,50
499.231,0
499.337,12
499.444,0
499.55,119
499.657,158
499.763,104
499.87,11
499.977,0
500.083,0
500.19,21
500.296,2
500.403,40
500.51,0
500.616,28
500.723,0
500.829,12
500.936,0
501.042,6
501.149,0
501.256,2
501.362,1
501.469,2
501.575,40
501.682,35
501.788,0
501.895,10
502.002,5
502.108,24
502.215,19
502.321,0
502.428,0
502.534,12
502.641,0
502.748,7
502.854,0
502.961,8
503.067,0
503.174,13
503.281,20
503.387,109
503.494,139
503.6,65
503.707,1
503.813,41
503.92,8
504.027,10
504.133,14
504.24,10
504.346,0
504.453,13
504.559,74
504.666,46
504.773,6
504.879,0
504.986,162
505.092,298
505.199,286
505.305,210
505.412,37
505.518,0
505.625,0
505.732,51
505.838,144
505.945,177
506.051,282
506.158,290
506.264,135
506.371,70
506.478,198
506.584,351
506.691,371
506.797,582
506.904,855
507.01,1086
507.117,785
507.224,269
507.33,0
507.437,0
507.543,0
507.65,0
507.756,23
507.863,25
507.97,9
508.076,66
508.183,124
508.289,0
508.396,0
508.502,157
508.609,238
508.715,131
508.822,42
508.929,0
509.035,0
509.142,26
509.248,0
509.355,5
509.461,1
509.568,5
509.675,14
509.781,194
509.888,204
509.994,101
510.101,0
510.207,0
510.314,0
510.42,0
510.527,0
510.634,9
510.74,15
510.847,0
510.953,0
511.06,7
511.166,0
511.273,0
511.379,0
511.486,0
511.593,11
511.699,12
511.806,6
511.912,18
512.019,5
512.125,16
512.232,30
512.339,38
512.445,30
512.552,6
512.658,26
512.765,0
512.871,0
512.978,25
513.084,20
513.191,38
513.298,0
513.404,0
513.511,132
513.617,148
513.724,89
513.83,0
513.937,0
514.043,3
514.15,3
514.256,5
514.363,0
514.47,53
514.576,191
514.683,146
514.789,52
514.896,0
515.002,0
515.109,12
515.215,9
515.322,0
515.429,10
515.535,14
515.642,2
515.748,52
515.855,31
515.961,61
516.068,58
516.174,12
516.281,0
516.388,2
516.494,0
516.601,0
516.707,0
516.814,22
516.92,13
517.027,3
517.133,8
517.24,16
517.346,0
517.453,0
517.56,31
517.666,25
517.773,0
517.879,0
517.986,0
518.092,0
518.199,81
518.305,115
518.412,106
518.518,37
518.625,51
518.732,0
518.838,4
518.945,0
519.051,0
519.158,3
519.264,12
519.371,0
519.477,0
519.584,0
519.69,0
519.797,7
519.903,0
520.01,0
520.117,17
520.223,9
520.33,3
520.436,4
520.543,0
520.649,10
520.756,4
520.862,8
520.969,0
521.075,0
521.182,0
521.289,1
521.395,2
521.502,4
521.608,19
521.715,11
521.821,0
521.928,6
522.034,2
522.141,0
522.247,0
522.354,7
522.46,5
522.567,29
522.674,3
522.78,13
522.887,0
522.993,9
523.1,5
523.206,0
523.313,1
523.419,6
523.526,13
523.632,8
523.739,16
523.845,3
523.952,32
524.058,17
524.165,0
524.272,0
524.378,0
524.485,60
524.591,34
524.698,19
524.804,10
524.911,15
525.017,8
525.124,4
525.23,10
525.337,0
525.443,5
525.55,0
525.656,0
525.763,22
525.87,4
525.976,0
526.083,10
526.189,0
526.296,0
526.402,1
526.509,21
526.615,0
526.722,0
526.828,3
526.935,36
527.041,25
527.148,0
527.254,15
527.361,78
527.467,36
527.574,5
527.68,5
527.787,0
527.894,8
528,14
528.107,0
528.213,0
528.32,0
528.426,0
528.533,0
528.639,0
528.746,0
528.852,0
528.959,0
529.065,7
529.172,1
529.278,0
529.385,4
529.491,8
529.598,12
529.704,0
529.811,32
529.918,27
530.024,18
530.131,3
530.237,11
530.344,0
530.45,0
530.557,34
530.663,23
530.77,0
530.876,0
530.983,7
531.089,0
531.196,2
531.302,23
531.409,0
531.515,6
531.622,2
531.728,21
531.835,7
531.941,10
532.048,11
532.154,4
532.261,1
532.367,9
532.474,7
532.581,15
532.687,19
532.794,35
532.9,28
533.007,0
533.113,0
533.22,6
533.326,9
533.433,6
533.539,0
533.646,14
533.752,0
533.859,9
533.965,0
534.072,0
534.178,7
534.285,0
534.391,0
534.498,7
534.604,4
534.711,12
534.817,20
534.924,21
535.03,0
535.137,8
535.243,0
535.35,0
535.456,11
535.563,0
535.669,0
535.776,0
535.882,0
535.989,0
536.095,0
536.202,0
536.308,6
536.415,13
536.521,39
536.628,9
536.735,15
536.841,2
536.948,6
537.054,3
537.161,0
537.267,10
537.374,4
537.48,0
537.587,0
537.693,20
537.8,2
537.906,1
538.013,4
538.119,24
538.226,0
538.332,14
538.439,0
538.545,0
538.652,0
538.758,15
538.865,0
538.971,0
539.078,13
539.184,0
539.291,6
539.397,5
539.504,0
539.61,0
539.717,8
539.823,25
539.93,0
540.036,9
540.143,0
540.249,0
540.356,0
540.462,8
540.569,22
540.675,0
540.782,0
540.888,0
540.995,0
541.101,0
541.208,0
541.314,22
541.421,15
541.527,4
541.634,0
541.74,0
541.847,3
541.953,0
542.06,27
542.166,2
542.273,8
542.379,15
542.486,6
542.592,10
542.699,10
542.805,13
542.912,0
543.018,19
543.125,0
543.231,0
543.338,0
543.444,20
543.551,8
543.657,11
543.764,3
543.87,0
543.977,1
544.083,0
544.19,38
544.296,0
544.403,15
544.509,7
544.616,0
544.722,0
544.829,26
544.935,8
545.042,0
545.148,3
545.255,15
545.361,0
545.467,21
545.574,0
545.68,9
545.787,0
545.893,8
546,2
546.106,19
546.213,13
546.319,15
546.426,24
546.532,24
546.639,0
546.745,5
546.852,0
546.958,13
547.065,0
547.171,4
547.278,7
547.384,0
547.491,0
547.597,0
547.704,17
547.81,28
547.917,19
548.023,17
548.13,6
548.236,25
548.343,0
548.449,0
548.556,2
548.662,0
548.769,0
548.875,0
548.982,7
549.088,0
549.195,0
549.301,0
549.408,30
549.514,17
549.62,15
549.727,0
549.833,0
549.94,6
550.046,0
550.153,2
550.259,7
550.366,8
550.472,6
550.579,0
550.685,2
550.792,4
550.898,0
551.005,0
551.111,67
551.218,56
551.324,0
551.431,0
551.537,0
551.644,5
551.75,60
551.857,60
551.963,5
552.07,18
552.176,19
552.282,10
552.389,0
552.495,15
552.602,2
552.708,31
552.815,3
552.921,20
553.028,2
553.134,4
553.241,11
553.347,14
553.454,0
553.56,0
553.667,6
553.773,0
553.88,0
553.986,0
554.093,4
554.199,0
554.305,0
554.412,3
554.518,12
554.625,0
554.731,0
554.838,13
554.944,4
555.051,0
555.157,0
555.264,0
555.37,95
555.477,82
555.583,6
555.69,0
555.796,0
555.903,19
556.009,2
556.115,0
556.222,13
556.328,0
556.435,12
556.541,12
556.648,3
556.754,0
556.861,8
556.967,0
557.074,19
557.18,0
557.287,0
557.393,0
557.5,0
557.606,21
557.713,7
557.819,14
557.925,21
558.032,16
558.138,30
558.245,32
558.351,0
558.458,11
558.564,0
558.671,6
558.777,0
558.884,29
558.99,11
559.097,0
559.203,0
559.309,16
559.416,20
559.522,0
559.629,0
559.735,87
559.842,145
559.948,98
560.055,29
560.161,0
560.268,0
560.374,0
560.481,0
560.587,16
560.693,0
560.8,0
560.906,4
561.013,21
561.119,5
561.226,0
561.332,11
561.439,16
561.545,7
561.652,0
561.758,14
561.864,9
561.971,0
562.077,0
562.184,3
562.29,25
562.397,24
562.503,8
562.61,4
562.716,22
562.823,0
562.929,0
563.035,6
563.142,26
563.248,0
563.355,26
563.461,0
563.568,12
563.674,5
563.781,16
563.887,16
563.994,0
564.1,64
564.206,44
564.313,31
564.419,0
564.526,9
564.632,18
564.739,0
564.845,23
564.952,14
565.058,0
565.165,0
565.271,0
565.377,0
565.484,24
565.59,16
565.697,0
565.803,0
565.91,16
566.016,29
566.123,0
566.229,0
566.335,33
566.442,5
566.548,10
566.655,0
566.761,14
566.868,11
566.974,0
567.081,0
567.187,10
567.293,83
567.4,112
567.506,76
567.613,1
567.719,4
567.826,0
567.932,11
568.039,0
568.145,0
568.251,3
568.358,0
568.464,0
568.571,6
568.677,1
568.784,0
568.89,6
568.997,10
569.103,12
569.209,16
569.316,12
569.422,18
569.529,0
569.635,0
569.742,5
569.848,15
569.955,0
570.061,8
570.167,0
570.274,3
570.38,18
570.487,0
570.593,0
570.7,18
570.806,10
570.912,0
571.019,0
571.125,12
571.232,7
571.338,11
571.445,0
571.551,4
571.658,22
571.764,38
571.87,58
571.977,2
572.083,1
572.19,0
572.296,0
572.403,39
572.509,22
572.615,23
572.722,70
572.828,50
572.935,22
573.041,0
573.148,0
573.254,26
573.36,0
573.467,0
573.573,12
573.68,6
573.786,0
573.893,7
573.999,7
574.105,0
574.212,0
574.318,0
574.425,4
574.531,0
574.638,0
574.744,17
574.85,11
574.957,0
575.063,0
575.17,13
575.276,24
575.383,0
575.489,4
575.595,5
575.702,17
575.808,17
575.915,30
576.021,0
576.128,0
576.234,6
576.34,0
576.447,4
576.553,19
576.66,0
576.766,12
576.873,14
576.979,0
577.085,6
577.192,8
577.298,2
577.405,17
577.511,0
577.618,0
577.724,0
577.83,2
577.937,15
578.043,0
578.15,0
578.256,17
578.363,8
578.469,0
578.575,8
578.682,25
578.788,2
578.895,12
579.001,0
579.107,4
579.214,0
579.32,10
579.427,0
579.533,19
579.64,0
579.746,21
579.852,12
579.959,0
580.065,0
580.172,3
580.278,32
580.384,0
580.491,13
580.597,23
580.704,0
580.81,0
580.917,15
581.023,16
581.129,0
581.236,3
581.342,26
581.449,13
581.555,2
581.661,0
581.768,17
581.874,11
581.981,6
582.087,21
582.193,13
582.3,6
582.406,2
582.513,15
582.619,11
582.726,10
582.832,0
582.938,1
583.045,26
583.151,12
583.258,13
583.364,0
583.47,0
583.577,1
583.683,9
583.79,0
583.896,0
584.002,6
584.109,0
584.215,0
584.322,17
584.428,0
584.535,0
584.641,17
584.747,21
584.854,4
584.96,0
585.067,17
585.173,40
585.279,6
585.386,25
585.492,0
585.599,0
585.705,3
585.811,19
585.918,8
586.024,0
586.131,46
586.237,24
586.343,18
586.45,1
586.556,6
586.663,0
586.769,0
586.875,9
586.982,16
587.088,0
587.195,9
587.301,11
587.407,9
587.514,15
587.62,13
587.727,0
587.833,22
587.939,18
588.046,9
588.152,0
588.259,12
588.365,0
588.471,4
588.578,4
588.684,12
588.791,0
588.897,0
589.003,0
589.11,10
589.216,36
589.323,104
589.429,98
589.535,32
589.642,0
589.748,0
589.855,0
589.961,0
590.067,36
590.174,12
590.28,8
590.387,20
590.493,0
590.599,0
590.706,0
590.812,0
590.918,14
591.025,3
591.131,1
591.238,0
591.344,0
591.45,11
591.557,18
591.663,18
591.77,0
591.876,2
591.982,6
592.089,15
592.195,0
592.302,28
592.408,8
592.514,14
592.621,0
592.727,0
592.834,6
592.94,34
593.046,23
593.153,0
593.259,15
593.365,4
593.472,0
593.578,0
593.685,0
593.791,17
593.897,0
594.004,0
594.11,0
594.217,0
594.323,15
594.429,3
594.536,2
594.642,0
594.748,3
594.855,24
594.961,0
595.068,27
595.174,22
595.28,0
595.387,25
595.493,16
595.6,0
595.706,0
595.812,0
595.919,14
596.025,19
596.131,111
596.238,133
596.344,63
596.451,8
596.557,0
596.663,0
596.77,25
596.876,0
596.982,0
597.089,0
597.195,0
597.302,10
597.408,4
597.514,0
597.621,12
597.727,0
597.833,7
597.94,23
598.046,0
598.153,6
598.259,24
598.365,0
598.472,0
598.578,0
598.685,0
598.791,19
598.897,7
599.004,12
599.11,0
599.216,0
599.323,13
599.429,19
599.535,19
599.642,7
599.748,6
599.855,25
599.961,36
600.067,0
600.174,5
600.28,19
600.386,0
600.493,0
600.599,0
600.706,6
600.812,0
600.918,0
601.025,0
601.131,0
601.237,6
601.344,3
601.45,0
601.557,24
601.663,8
601.769,0
601.876,11
601.982,20
602.088,0
602.195,0
602.301,2
602.407,15
602.514,23
602.62,11
602.727,0
602.833,7
602.939,0
603.046,0
603.152,7
603.258,0
603.365,20
603.471,51
603.577,22
603.684,0
603.79,0
603.897,22
604.003,0
604.109,0
604.216,0
604.322,40
604.428,40
604.535,23
604.641,5
604.747,7
604.854,19
604.96,10
605.067,11
605.173,12
605.279,0
605.386,0
605.492,8
605.598,24
605.705,9
605.811,6
605.917,0
606.024,6
606.13,0
606.236,39
606.343,23
606.449,0
606.556,13
606.662,24
606.768,2
606.875,0
606.981,0
607.087,8
607.194,22
607.3,14
607.406,7
607.513,0
607.619,0
607.725,0
607.832,0
607.938,0
608.045,0
608.151,0
608.257,0
608.364,4
608.47,6
608.576,1
608.683,15
608.789,0
608.895,3
609.002,0
609.108,31
609.214,5
609.321,0
609.427,43
609.533,24
609.64,9
609.746,0
609.852,0
609.959,7
610.065,18
610.172,19
610.278,0
610.384,18
610.491,9
610.597,0
610.703,7
610.81,13
610.916,12
611.022,0
611.129,32
611.235,38
611.341,0
611.448,0
611.554,0
611.66,2
611.767,25
611.873,9
611.979,18
612.086,70
612.192,71
612.298,40
612.405,0
612.511,0
612.617,22
612.724,24
612.83,2
612.936,6
613.043,13
613.149,1
613.255,34
613.362,0
613.468,2
613.575,9
613.681,8
613.787,0
613.894,24
614,97
614.106,113
614.213,44
614.319,5
614.425,0
614.532,0
614.638,8
614.744,0
614.851,0
614.957,14
615.063,30
615.17,2
615.276,0
615.382,3
615.489,7
615.595,0
615.701,0
615.808,0
615.914,1
616.02,0
616.127,8
616.233,0
616.339,14
616.446,16
616.552,0
616.658,4
616.765,21
616.871,0
616.977,0
617.084,0
617.19,17
617.296,10
617.403,18
617.509,1
617.615,2
617.722,11
617.828,8
617.934,24
618.041,19
618.147,0
618.253,0
618.36,0
618.466,0
618.572,0
618.679,26
618.785,0
618.891,2
618.998,14
619.104,0
619.21,0
619.316,21
619.423,0
619.529,0
619.635,17
619.742,0
619.848,0
619.954,0
620.061,0
620.167,0
620.273,0
620.38,0
620.486,0
620.592,0
620.699,17
620.805,0
620.911,6
621.018,19
621.124,36
621.23,15
621.337,10
621.443,22
621.549,20
621.656,6
621.762,18
621.868,10
621.975,0
622.081,0
622.187,30
622.294,0
622.4,9
622.506,33
622.612,9
622.719,0
622.825,27
622.931,0
623.038,0
623.144,0
623.25,0
623.357,0
623.463,0
623.569,0
623.676,16
623.782,33
623.888,0
623.995,22
624.101,0
624.207,13
624.314,0
624.42,15
624.526,0
624.632,5
624.739,0
624.845,0
624.951,12
625.058,8
625.164,0
625.27,0
625.377,8
625.483,0
625.589,31
625.696,26
625.802,4
625.908,0
626.015,18
626.121,45
626.227,0
626.333,0
626.44,0
626.546,0
626.652,9
626.759,0
626.865,0
626.971,0
627.078,17
627.184,4
627.29,0
627.397,3
627.503,10
627.609,22
627.715,0
627.822,0
627.928,29
628.034,11
628.141,0
628.247,10
628.353,0
628.46,11
628.566,24
628.672,4
628.778,13
628.885,0
628.991,0
629.097,1
629.204,11
629.31,4
629.416,31
629.523,59
629.629,44
629.735,4
629.841,0
629.948,0
630.054,0
630.16,0
630.267,0
630.373,9
630.479,0
630.586,0
630.692,6
630.798,2
630.904,16
631.011,16
631.117,12
631.223,10
631.33,9
631.436,4
631.542,0
631.649,11
631.755,2
631.861,19
631.967,11
632.074,0
632.18,33
632.286,11
632.393,3
632.499,0
632.605,0
632.711,19
632.818,0
632.924,0
633.03,0
633.137,0
633.243,75
633.349,102
633.456,73
633.562,50
633.668,15
633.774,2
633.881,0
633.987,30
634.093,0
634.2,0
634.306,0
634.412,0
634.518,0
634.625,9
634.731,3
634.837,10
634.944,0
635.05,0
635.156,18
635.262,10
635.369,6
635.475,0
635.581,24
635.688,33
635.794,10
635.9,13
636.006,0
636.113,0
636.219,54
636.325,14
636.432,10
636.538,0
636.644,0
636.75,15
636.857,0
636.963,6
637.069,0
637.176,0
637.282,0
637.388,0
637.494,31
637.601,9
637.707,0
637.813,0
637.92,3
638.026,11
638.132,3
638.238,6
638.345,22
638.451,11
638.557,25
638.663,0
638.77,0
638.876,0
638.982,11
639.089,12
639.195,0
639.301,0
639.407,0
639.514,6
639.62,0
639.726,10
639.833,85
639.939,53
640.045,20
640.151,8
640.258,36
640.364,2
640.47,0
640.576,0
640.683,21
640.789,0
640.895,4
641.002,74
641.108,47
641.214,44
641.32,0
641.427,7
641.533,2
641.639,36
641.745,20
641.852,21
641.958,6
642.064,12
642.171,0
642.277,2
642.383,36
642.489,22
642.596,0
642.702,0
642.808,0
642.914,20
643.021,0
643.127,0
643.233,16
643.339,0
643.446,28
643.552,0
643.658,16
643.765,16
643.871,0
643.977,5
644.083,0
644.19,13
644.296,0
644.402,0
644.508,29
644.615,12
644.721,2
644.827,0
644.933,0
645.04,0
645.146,10
645.252,0
645.358,7
645.465,18
645.571,0
645.677,3
645.784,26
645.89,6
645.996,18
646.102,16
646.209,32
646.315,0
646.421,8
646.527,0
646.634,0
646.74,0
646.846,30
646.952,27
647.059,0
647.165,0
647.271,0
647.377,13
647.484,0
647.59,0
647.696,3
647.802,0
647.909,0
648.015,0
648.121,0
648.227,0
648.334,0
648.44,0
648.546,8
648.652,0
648.759,8
648.865,1
648.971,0
649.077,121
649.184,128
649.29,107
649.396,9
649.502,2
649.609,0
649.715,22
649.821,51
649.927,5
650.034,16
650.14,0
650.246,0
650.352,0
650.459,0
650.565,46
650.671,59
650.777,22
650.884,87
650.99,125
651.096,69
651.202,6
651.309,10
651.415,0
651.521,22
651.627,38
651.734,11
651.84,0
651.946,0
652.052,14
652.159,5
652.265,0
652.371,0
652.477,0
652.584,0
652.69,0
652.796,0
652.902,15
653.009,0
653.115,9
653.221,0
653.327,20
653.434,8
653.54,0
653.646,7
653.752,0
653.858,0
653.965,28
654.071,0
654.177,6
654.283,17
654.39,8
654.496,37
654.602,0
654.708,0
654.815,4
654.921,14
655.027,3
655.133,11
655.24,0
655.346,0
655.452,34
655.558,0
655.665,0
655.771,0
655.877,0
655.983,0
656.089,1
656.196,0
656.302,36
656.408,130
656.514,121
656.621,34
656.727,0
656.833,0
656.939,0
657.046,15
657.152,0
657.258,38
657.364,66
657.47,100
657.577,103
657.683,105
657.789,1
657.895,7
658.002,34
658.108,19
658.214,6
658.32,4
658.427,15
658.533,0
658.639,2
658.745,0
658.851,13
658.958,9
659.064,0
659.17,4
659.276,1
659.383,12
659.489,0
659.595,18
659.701,10
659.807,5
659.914,0
660.02,38
660.126,12
660.232,0
660.339,0
660.445,0
660.551,31
660.657,0
660.763,0
660.87,11
660.976,13
661.082,0
661.188,0
661.295,19
661.401,15
661.507,0
661.613,13
661.719,51
661.826,27
661.932,7
662.038,0
662.144,21
662.251,0
662.357,11
662.463,0
662.569,14
662.675,2
662.782,23
662.888,0
662.994,0
663.1,6
663.206,28
663.313,17
663.419,15
663.525,0
663.631,0
663.738,30
663.844,0
663.95,0
664.056,0
664.162,16
664.269,10
664.375,22
664.481,13
664.587,2
664.693,0
664.8,0
664.906,4
665.012,21
665.118,21
665.225,0
665.331,0
665.437,18
665.543,30
665.649,150
665.756,137
665.862,45
665.968,0
666.074,0
666.18,0
666.287,12
666.393,0
666.499,3
666.605,0
666.711,3
666.818,0
666.924,0
667.03,0
667.136,8
667.242,0
667.349,24
667.455,12
667.561,0
667.667,0
667.773,15
667.88,3
667.986,5
668.092,6
668.198,24
668.304,0
668.411,19
668.517,0
668.623,0
668.729,6
668.835,120
668.942,193
669.048,143
669.154,3
669.26,0
669.366,0
669.473,0
669.579,0
669.685,0
669.791,0
669.897,0
670.004,5
670.11,10
670.216,0
670.322,0
670.428,0
670.535,5
670.641,19
670.747,0
670.853,56
670.959,60
671.066,11
671.172,0
671.278,0
671.384,14
671.49,4
671.597,0
671.703,17
671.809,14
671.915,0
672.021,3
672.128,10
672.234,7
672.34,0
672.446,0
672.552,2
672.658,2
672.765,0
672.871,8
672.977,0
673.083,0
673.189,0
673.296,0
673.402,7
673.508,0
673.614,0
673.72,18
673.827,43
673.933,80
674.039,32
674.145,32
674.251,10
674.357,15
674.464,0
674.57,8
674.676,31
674.782,16
674.888,0
674.995,45
675.101,5
675.207,0
675.313,0
675.419,4
675.526,12
675.632,0
675.738,23
675.844,6
675.95,9
676.056,35
676.163,20
676.269,4
676.375,12
676.481,7
676.587,30
676.693,37
676.8,32
676.906,12
677.012,4
677.118,0
677.224,2
677.331,6
677.437,0
677.543,0
677.649,10
677.755,0
677.861,15
677.968,1
678.074,42
678.18,58
678.286,90
678.392,48
678.498,0
678.605,0
678.711,10
678.817,6
678.923,0
679.029,0
679.136,1
679.242,20
679.348,0
679.454,0
679.56,0
679.666,8
679.773,0
679.879,21
679.985,1
680.091,3
680.197,2
680.303,0
680.41,12
680.516,6
680.622,0
680.728,15
680.834,0
680.94,40
681.047,5
681.153,15
681.259,0
681.365,0
681.471,5
681.577,10
681.684,0
681.79,0
681.896,0
682.002,0
682.108,1
682.214,5
682.321,2
682.427,27
682.533,15
682.639,0
682.745,0
682.851,0
682.958,23
683.064,5
683.17,0
683.276,0
683.382,2
683.488,25
683.595,0
683.701,0
683.807,21
683.913,0
684.019,9
684.125,6
684.231,0
684.338,13
684.444,0
684.55,0
684.656,0
684.762,12
684.868,3
684.975,8
685.081,21
685.187,0
685.293,24
685.399,2
685.505,0
685.611,13
685.718,0
685.824,8
685.93,10
686.036,2
686.142,22
686.248,30
686.355,0
686.461,19
686.567,0
686.673,0
686.779,0
686.885,0
686.991,1
687.098,6
687.204,0
687.31,0
687.416,0
687.522,8
687.628,0
687.735,0
687.841,0
687.947,0
688.053,8
688.159,0
688.265,0
688.371,12
688.478,0
688.584,0
688.69,26
688.796,0
688.902,108
689.008,87
689.114,0
689.221,0
689.327,16
689.433,5
689.539,1
689.645,6
689.751,0
689.857,0
689.964,8
690.07,20
690.176,5
690.282,2
690.388,13
690.494,0
690.6,2
690.707,0
690.813,0
690.919,12
691.025,29
691.131,0
691.237,0
691.343,0
691.45,0
691.556,0
691.662,19
691.768,0
691.874,0
691.98,3
692.086,0
692.193,6
692.299,3
692.405,1
692.511,0
692.617,1
692.723,5
692.829,0
692.935,0
693.042,0
693.148,10
693.254,3
693.36,0
693.466,43
693.572,56
693.678,23
693.785,8
693.891,0
693.997,0
694.103,7
694.209,0
694.315,0
694.421,0
694.527,4
694.634,0
694.74,18
694.846,6
694.952,0
695.058,0
695.164,10
695.27,0
695.376,0
695.483,0
695.589,0
695.695,8
695.801,4
695.907,0
696.013,12
696.119,0
696.225,0
696.332,0
696.438,0
696.544,6
696.65,9
696.756,0
696.862,3
696.968,37
697.074,0
697.181,0
697.287,4
697.393,13
697.499,0
697.605,0
697.711,0
697.817,0
697.923,53
698.03,50
698.136,26
698.242,0
698.348,3
698.454,3
698.56,13
698.666,0
698.772,6
698.879,0
698.985,0
699.091,0
699.197,0
699.303,8
699.409,39
699.515,3
