59.6745,12
59.7814,7
59.8883,33
59.9952,41
60.1021,0
60.209,0
60.3159,14
60.4228,0
60.5296,1
60.6365,22
60.7434,0
60.8503,17
60.9572,0
61.0641,0
61.171,11
61.2779,9
61.3848,20
61.4917,1
61.5986,0
61.7055,14
61.8124,20
61.9193,0
62.0261,0
62.133,10
62.2399,0
62.3468,4
62.4537,1
62.5606,20
62.6675,16
62.7744,23
62.8813,33
62.9882,2
63.0951,26
63.202,0
63.3089,1
63.4158,0
63.5226,11
63.6295,8
63.7364,0
63.8433,0
63.9502,6
64.0571,10
64.164,0
64.2709,0
64.3778,2
64.4847,12
64.5916,4
64.6985,22
64.8054,35
64.9123,0
65.0192,0
65.1261,25
65.2329,12
65.3398,0
65.4467,6
65.5536,0
65.6605,5
65.7674,1
65.8743,47
65.9812,2
66.0881,22
66.195,14
66.3019,3
66.4088,3
66.5157,0
66.6226,18
66.7295,5
66.8364,0
66.9433,6
67.0502,0
67.157,0
67.2639,13
67.3708,0
67.4777,19
67.5846,19
67.6915,43
67.7984,5
67.9053,4
68.0122,6
68.1191,6
68.226,12
68.3329,5
68.4398,23
68.5467,0
68.6536,0
68.7605,16
68.8674,0
68.9743,6
69.0812,0
69.1881,6
69.295,0
69.4018,0
69.5087,0
69.6156,15
69.7225,1
69.8294,5
69.9363,15
70.0432,0
70.1501,10
70.257,0
70.3639,0
70.4708,0
70.5777,30
70.6846,31
70.7915,0
70.8984,0
71.0053,24
71.1122,15
71.2191,4
71.326,0
71.4329,27
71.5398,27
71.6467,4
71.7536,11
71.8605,0
71.9674,4
72.0742,3
72.1811,0
72.288,14
72.3949,12
72.5018,0
72.6087,0
72.7156,15
72.8225,2
72.9294,1
73.0363,0
73.1432,0
73.2501,15
73.357,0
73.4639,0
73.5708,0
73.6777,39
73.7846,0
73.8915,0
73.9984,25
74.1053,7
74.2122,6
74.3191,0
74.426,18
74.5329,6
74.6398,0
74.7467,6
74.8536,15
74.9605,10
75.0674,8
75.1743,7
75.2812,19
75.3881,17
75.495,11
75.6019,0
75.7088,1
75.8157,24
75.9225,0
76.0294,0
76.1363,35
76.2432,44
76.3501,17
76.457,0
76.5639,6
76.6708,2
76.7777,5
76.8846,2
76.9915,0
77.0984,14
77.2053,0
77.3122,4
77.4191,4
77.526,0
77.6329,1
77.7398,29
77.8467,0
77.9536,2
78.0605,2
78.1674,0
78.2743,2
78.3812,0
78.4881,0
78.595,0
78.7019,3
78.8088,0
78.9157,1
79.0226,20
79.1295,4
79.2364,23
79.3433,0
79.4502,12
79.5571,2
79.664,4
79.7709,0
79.8778,1
79.9847,6
80.0916,0
80.1985,0
80.3054,0
80.4123,20
80.5192,5
80.6261,23
80.733,8
80.8399,4
80.9468,0
81.0537,0
81.1606,0
81.2675,62
81.3744,33
81.4813,0
81.5882,9
81.6951,0
81.802,0
81.9089,0
82.0158,0
82.1227,0
82.2296,14
82.3365,9
82.4434,0
82.5503,0
82.6572,10
82.7641,0
82.871,0
82.9779,25
83.0848,7
83.1917,0
83.2986,0
83.4055,29
83.5124,0
83.6193,0
83.7262,10
83.8331,26
83.94,21
84.0469,15
84.1538,0
84.2607,4
84.3676,15
84.4745,5
84.5814,0
84.6883,0
84.7952,0
84.9021,16
85.009,16
85.1159,18
85.2228,0
85.3297,18
85.4366,35
85.5435,11
85.6504,15
85.7573,29
85.8642,6
85.9711,0
86.078,16
86.1849,11
86.2918,0
86.3987,18
86.5056,0
86.6125,0
86.7194,0
86.8263,0
86.9332,0
87.0401,0
87.147,18
87.2539,26
87.3608,0
87.4677,0
87.5746,0
87.6815,0
87.7884,15
87.8953,37
88.0022,8
88.1091,22
88.216,6
88.3229,0
88.4298,14
88.5367,21
88.6436,0
88.7505,18
88.8574,0
88.9643,5
89.0712,14
89.1781,0
89.285,1
89.3919,0
89.4988,20
89.6057,15
89.7126,38
89.8195,0
89.9264,0
90.0334,15
90.1403,0
90.2472,14
90.3541,0
90.461,2
90.5679,0
90.6748,20
90.7817,25
90.8886,0
90.9955,25
91.1024,0
91.2093,0
91.3162,6
91.4231,0
91.53,11
91.6369,0
91.7438,0
91.8507,0
91.9576,14
92.0645,65
92.1714,1
92.2783,0
92.3852,20
92.4921,9
92.599,0
92.7059,7
92.8128,29
92.9197,9
93.0266,23
93.1335,0
93.2404,0
93.3473,8
93.4542,14
93.5611,11
93.668,0
93.7749,25
93.8818,32
93.9887,37
94.0956,0
94.2025,0
94.3095,1
94.4164,0
94.5233,0
94.6302,0
94.7371,0
94.844,0
94.9509,0
95.0578,0
95.1647,25
95.2716,30
95.3785,0
95.4854,3
95.5923,25
95.6992,11
95.8061,9
95.913,16
96.0199,0
96.1268,14
96.2337,0
96.3406,0
96.4475,0
96.5544,0
96.6613,11
96.7682,3
96.8751,0
96.982,7
97.0889,15
97.1958,0
97.3027,0
97.4097,26
97.5166,10
97.6235,24
97.7304,19
97.8373,6
97.9442,0
98.0511,0
98.158,10
98.2649,12
98.3718,0
98.4787,0
98.5856,0
98.6925,32
98.7994,23
98.9063,26
99.0132,14
99.1201,0
99.227,12
99.3339,22
99.4408,3
99.5477,2
99.6546,0
99.7615,0
99.8684,2
99.9753,0
100.082,2
100.189,0
100.296,2
100.403,16
100.51,13
100.617,0
100.724,14
100.831,7
100.937,0
101.044,10
101.151,3
101.258,0
101.365,0
101.472,0
101.579,2
101.686,10
101.793,4
101.9,0
102.007,19
102.113,0
102.22,4
102.327,2
102.434,0
102.541,0
102.648,18
102.755,38
102.862,2
102.969,0
103.076,38
103.182,0
103.289,0
103.396,11
103.503,0
103.61,0
103.717,19
103.824,9
103.931,0
104.038,0
104.145,15
104.252,12
104.358,0
104.465,0
104.572,0
104.679,26
104.786,2
104.893,0
105,0
105.107,0
105.214,11
105.321,23
105.427,5
105.534,0
105.641,0
105.748,30
105.855,0
105.962,0
106.069,19
106.176,11
106.283,0
106.39,10
106.497,24
106.603,18
106.71,0
106.817,8
106.924,0
107.031,4
107.138,10
107.245,14
107.352,0
107.459,0
107.566,9
107.673,0
107.779,0
107.886,11
107.993,0
108.1,7
108.207,13
108.314,0
108.421,8
108.528,6
108.635,0
108.742,0
108.848,18
108.955,2
109.062,0
109.169,0
109.276,0
109.383,20
109.49,4
109.597,0
109.704,0
109.811,14
109.918,15
110.024,19
110.131,27
110.238,0
110.345,10
110.452,1
110.559,21
110.666,8
110.773,12
110.88,0
110.987,5
111.094,26
111.2,23
111.307,0
111.414,11
111.521,32
111.628,8
111.735,8
111.842,9
111.949,0
112.056,7
112.163,12
112.269,0
112.376,31
112.483,0
112.59,9
112.697,0
112.804,0
112.911,16
113.018,19
113.125,0
113.232,0
113.339,56
113.445,26
113.552,2
113.659,0
113.766,0
113.873,0
113.98,10
114.087,0
114.194,5
114.301,0
114.408,0
114.515,0
114.621,0
114.728,32
114.835,0
114.942,1
115.049,14
115.156,16
115.263,34
115.37,32
115.477,13
115.584,7
115.69,0
115.797,13
115.904,9
116.011,11
116.118,0
116.225,0
116.332,3
116.439,0
116.546,0
116.653,21
116.76,13
116.866,0
116.973,22
117.08,0
117.187,0
117.294,25
117.401,16
117.508,15
117.615,25
117.722,40
117.829,23
117.936,3
118.042,0
118.149,0
118.256,41
118.363,26
118.47,8
118.577,7
118.684,17
118.791,12
118.898,0
119.005,21
119.112,0
119.218,21
119.325,0
119.432,0
119.539,0
119.646,0
119.753,0
119.86,0
119.967,0
120.074,46
120.181,7
120.287,34
120.394,8
120.501,13
120.608,26
120.715,0
120.822,0
120.929,12
121.036,0
121.143,0
121.25,13
121.357,10
121.463,13
121.57,21
121.677,10
121.784,1
121.891,27
121.998,28
122.105,0
122.212,1
122.319,0
122.426,0
122.533,2
122.639,2
122.746,9
122.853,0
122.96,10
123.067,1
123.174,0
123.281,37
123.388,29
123.495,13
123.602,0
123.709,30
123.815,0
123.922,0
124.029,44
124.136,15
124.243,2
124.35,0
124.457,10
124.564,27
124.671,22
124.778,0
124.885,5
124.991,18
125.098,0
125.205,15
125.312,4
125.419,19
125.526,0
125.633,12
125.74,1
125.847,7
125.954,0
126.061,1
126.167,21
126.274,6
126.381,0
126.488,4
126.595,4
126.702,0
126.809,19
126.916,32
127.023,0
127.13,0
127.236,0
127.343,1
127.45,7
127.557,0
127.664,0
127.771,11
127.878,1
127.985,2
128.092,28
128.199,35
128.306,6
128.412,22
128.519,7
128.626,0
128.733,0
128.84,21
128.947,0
129.054,0
129.161,5
129.268,0
129.375,36
129.482,5
129.588,17
129.695,0
129.802,9
129.909,1
130.016,8
130.123,0
130.23,0
130.337,0
130.444,0
130.551,0
130.658,5
130.764,0
130.871,0
130.978,0
131.085,6
131.192,20
131.299,0
131.406,9
131.513,10
131.62,1
131.727,28
131.834,0
131.94,0
132.047,0
132.154,0
132.261,31
132.368,7
132.475,0
132.582,0
132.689,31
132.796,0
132.903,0
133.01,20
133.116,6
133.223,0
133.33,37
133.437,43
133.544,4
133.651,0
133.758,0
133.865,0
133.972,0
134.079,10
134.186,28
134.292,23
134.399,18
134.506,0
134.613,0
134.72,65
134.827,8
134.934,0
135.041,0
135.148,0
135.255,14
135.362,0
135.468,7
135.575,11
135.682,13
135.789,6
135.896,10
136.003,26
136.11,0
136.217,25
136.324,0
136.431,4
136.538,12
136.644,4
136.751,10
136.858,0
136.965,0
137.072,8
137.179,0
137.286,0
137.393,15
137.5,16
137.607,0
137.714,0
137.82,4
137.927,0
138.034,2
138.141,11
138.248,41
138.355,17
138.462,6
138.569,0
138.676,32
138.783,0
138.89,0
138.996,0
139.103,6
139.21,12
139.317,0
139.424,15
139.531,25
139.638,0
139.745,15
139.852,16
139.959,0
140.065,0
140.172,16
140.279,13
140.386,0
140.493,0
140.6,21
140.707,6
140.814,7
140.921,12
141.028,6
141.135,11
141.241,28
141.348,11
141.455,4
141.562,12
141.669,0
141.776,22
141.883,21
141.99,14
142.097,0
142.204,15
142.311,0
142.417,30
142.524,23
142.631,1
142.738,4
142.845,36
142.952,18
143.059,0
143.166,0
143.273,0
143.38,10
143.487,0
143.593,0
143.7,0
143.807,9
143.914,0
144.021,23
144.128,6
144.235,13
144.342,9
144.449,26
144.556,8
144.663,10
144.769,7
144.876,13
144.983,0
145.09,8
145.197,0
145.304,0
145.411,10
145.518,8
145.625,0
145.732,9
145.839,23
145.945,0
146.052,8
146.159,18
146.266,30
146.373,0
146.48,7
146.587,14
146.694,6
146.801,5
146.908,16
147.015,15
147.121,0
147.228,0
147.335,3
147.442,21
147.549,0
147.656,0
147.763,33
147.87,15
147.977,8
148.084,0
148.191,6
148.297,11
148.404,0
148.511,0
148.618,0
148.725,0
148.832,13
148.939,17
149.046,3
149.153,0
149.26,22
149.367,2
149.473,9
149.58,33
149.687,0
149.794,5
149.901,11
150.008,6
150.115,2
150.222,7
150.329,0
150.436,0
150.543,12
150.649,0
150.756,0
150.863,0
150.97,0
151.077,0
151.184,2
151.291,33
151.398,0
151.505,0
151.612,0
151.719,7
151.825,1
151.932,0
152.039,10
152.146,14
152.253,0
152.36,22
152.467,11
152.574,23
152.681,3
152.788,31
152.894,17
153.001,21
153.108,0
153.215,23
153.322,16
153.429,11
153.536,4
153.643,0
153.75,4
153.857,19
153.964,9
154.07,7
154.177,1
154.284,1
154.391,17
154.498,12
154.605,15
154.712,19
154.819,27
154.926,0
155.033,0
155.14,0
155.246,13
155.353,0
155.46,24
155.567,32
155.674,30
155.781,0
155.888,1
155.995,0
156.102,21
156.209,39
156.316,17
156.422,0
156.529,0
156.636,3
156.743,0
156.85,0
156.957,0
157.064,26
157.171,10
157.278,5
157.385,0
157.492,0
157.598,17
157.705,13
157.812,0
157.919,0
158.026,3
158.133,0
158.24,19
158.347,19
158.454,12
158.561,0
158.668,16
158.774,0
158.881,0
158.988,29
159.095,11
159.202,0
159.309,33
159.416,32
159.523,35
159.63,0
159.737,0
159.844,0
159.95,10
160.057,11
160.164,14
160.271,0
160.378,48
160.485,12
160.592,21
160.699,24
160.806,0
160.913,17
161.019,21
161.126,0
161.233,0
161.34,9
161.447,16
161.554,5
161.661,9
161.768,5
161.875,0
161.982,11
162.089,18
162.195,15
162.302,0
162.409,2
162.516,0
162.623,2
162.73,0
162.837,2
162.944,16
163.051,0
163.158,0
163.265,0
163.371,0
163.478,0
163.585,2
163.692,0
163.799,0
163.906,9
164.013,17
164.12,11
164.227,0
164.334,7
164.441,8
164.547,0
164.654,0
164.761,0
164.868,11
164.975,18
165.082,0
165.189,4
165.296,29
165.403,2
165.51,0
165.616,0
165.723,10
165.83,23
165.937,6
166.044,0
166.151,5
166.258,0
166.365,0
166.472,21
166.579,0
166.686,0
166.792,53
166.899,42
167.006,39
167.113,11
167.22,0
167.327,2
167.434,14
167.541,0
167.648,18
167.755,13
167.862,0
167.968,22
168.075,2
168.182,0
168.289,0
168.396,0
168.503,14
168.61,0
168.717,0
168.824,18
168.931,14
169.037,3
169.144,13
169.251,0
169.358,0
169.465,4
169.572,0
169.679,0
169.786,0
169.893,12
170,12
170.107,16
170.213,0
170.32,0
170.427,13
170.534,7
170.641,1
170.748,5
170.855,22
170.962,0
171.069,0
171.176,16
171.283,0
171.389,17
171.496,13
171.603,0
171.71,11
171.817,28
171.924,18
172.031,34
172.138,0
172.245,0
172.352,0
172.458,0
172.565,0
172.672,0
172.779,0
172.886,11
172.993,1
173.1,0
173.207,13
173.314,2
173.421,13
173.528,0
173.634,0
173.741,12
173.848,0
173.955,12
174.062,0
174.169,8
174.276,16
174.383,0
174.49,18
174.597,0
174.704,4
174.81,0
174.917,15
175.024,0
175.131,1
175.238,29
175.345,6
175.452,0
175.559,13
175.666,0
175.773,4
175.879,0
175.986,0
176.093,0
176.2,1
176.307,0
176.414,17
176.521,22
176.628,18
176.735,0
176.842,7
176.949,18
177.055,7
177.162,0
177.269,1
177.376,0
177.483,8
177.59,43
177.697,0
177.804,0
177.911,8
178.018,0
178.124,0
178.231,17
178.338,2
178.445,0
178.552,0
178.659,3
178.766,4
178.873,41
178.98,13
179.087,29
179.194,13
179.3,0
179.407,9
179.514,0
179.621,0
179.728,35
179.835,0
179.942,0
180.049,14
180.156,18
180.263,1
180.369,0
180.476,31
180.583,0
180.69,2
180.797,0
180.904,13
181.011,11
181.118,29
181.225,6
181.332,0
181.439,7
181.545,14
181.652,0
181.759,51
181.866,33
181.973,27
182.08,17
182.187,0
182.294,0
182.401,0
182.508,0
182.614,14
182.721,0
182.828,0
182.935,4
183.042,7
183.149,0
183.256,29
183.363,14
183.47,13
183.577,11
183.683,29
183.79,1
183.897,2
184.004,26
184.111,0
184.218,12
184.325,0
184.432,6
184.539,11
184.646,13
184.753,14
184.859,0
184.966,26
185.073,18
185.18,14
185.287,9
185.394,0
185.501,0
185.608,13
185.715,12
185.822,0
185.928,0
186.035,15
186.142,0
186.249,0
186.356,0
186.463,17
186.57,9
186.677,0
186.784,0
186.891,0
186.997,6
187.104,0
187.211,0
187.318,0
187.425,8
187.532,0
187.639,14
187.746,27
187.853,0
187.96,0
188.067,0
188.173,24
188.28,15
188.387,0
188.494,0
188.601,1
188.708,8
188.815,0
188.922,0
189.029,1
189.136,0
189.242,0
189.349,0
189.456,7
189.563,39
189.67,0
189.777,37
189.884,30
189.991,15
190.098,0
190.205,0
190.311,0
190.418,16
190.525,0
190.632,30
190.739,0
190.846,5
190.953,16
191.06,3
191.167,4
191.274,0
191.38,0
191.487,0
191.594,2
191.701,0
191.808,8
191.915,1
192.022,0
192.129,0
192.236,0
192.343,31
192.45,0
192.556,10
192.663,0
192.77,14
192.877,4
192.984,3
193.091,0
193.198,0
193.305,0
193.412,21
193.519,2
193.625,0
193.732,29
193.839,4
193.946,0
194.053,0
194.16,0
194.267,37
194.374,18
194.481,19
194.588,31
194.694,3
194.801,19
194.908,25
195.015,12
195.122,3
195.229,7
195.336,0
195.443,0
195.55,8
195.657,0
195.763,4
195.87,14
195.977,10
196.084,0
196.191,6
196.298,7
196.405,3
196.512,8
196.619,0
196.726,8
196.832,0
196.939,0
197.046,3
197.153,0
197.26,0
197.367,0
197.474,10
197.581,0
197.688,7
197.795,21
197.901,30
198.008,0
198.115,9
198.222,0
198.329,13
198.436,0
198.543,0
198.65,0
198.757,0
198.864,34
198.97,28
199.077,0
199.184,0
199.291,0
199.398,7
199.505,1
199.612,0
199.719,7
199.826,0
199.933,0
200.039,15
200.146,11
200.253,0
200.36,0
200.467,0
200.574,0
200.681,0
200.788,0
200.895,0
201.002,0
201.108,5
201.215,23
201.322,16
201.429,19
201.536,0
201.643,18
201.75,6
201.857,0
201.964,4
202.071,6
202.177,6
202.284,37
202.391,0
202.498,6
202.605,6
202.712,10
202.819,0
202.926,0
203.033,41
203.14,18
203.246,0
203.353,7
203.46,11
203.567,7
203.674,0
203.781,18
203.888,0
203.995,0
204.102,15
204.208,15
204.315,0
204.422,3
204.529,4
204.636,0
204.743,0
204.85,14
204.957,0
205.064,12
205.171,25
205.277,0
205.384,0
205.491,0
205.598,12
205.705,0
205.812,3
205.919,6
206.026,0
206.133,0
206.24,11
206.346,0
206.453,0
206.56,0
206.667,3
206.774,0
206.881,0
206.988,0
207.095,0
207.202,7
207.309,4
207.415,10
207.522,0
207.629,0
207.736,9
207.843,2
207.95,24
208.057,0
208.164,21
208.271,21
208.377,0
208.484,0
208.591,4
208.698,0
208.805,0
208.912,5
209.019,13
209.126,1
209.233,0
209.34,0
209.446,0
209.553,5
209.66,39
209.767,11
209.874,0
209.981,0
210.088,0
210.195,0
210.302,3
210.409,0
210.515,2
210.622,0
210.729,4
210.836,0
210.943,12
211.05,17
211.157,0
211.264,6
211.371,20
211.477,13
211.584,8
211.691,5
211.798,1
211.905,6
212.012,0
212.119,21
212.226,0
212.333,11
212.44,0
212.546,6
212.653,0
212.76,0
212.867,0
212.974,0
213.081,8
213.188,0
213.295,0
213.402,0
213.508,0
213.615,0
213.722,17
213.829,21
213.936,36
214.043,0
214.15,29
214.257,15
214.364,1
214.471,1
214.577,6
214.684,6
214.791,6
214.898,0
215.005,0
215.112,5
215.219,4
215.326,0
215.433,0
215.539,0
215.646,0
215.753,6
215.86,0
215.967,21
216.074,0
216.181,10
216.288,21
216.395,10
216.502,0
216.608,0
216.715,0
216.822,4
216.929,8
217.036,3
217.143,21
217.25,0
217.357,0
217.464,0
217.57,0
217.677,17
217.784,0
217.891,0
217.998,11
218.105,0
218.212,0
218.319,0
218.426,33
218.532,0
218.639,21
218.746,7
218.853,0
218.96,0
219.067,0
219.174,22
219.281,54
219.388,81
219.495,58
219.601,0
219.708,0
219.815,7
219.922,0
220.029,5
220.136,0
220.243,23
220.35,19
220.457,0
220.563,1
220.67,9
220.777,3
220.884,0
220.991,10
221.098,8
221.205,6
221.312,0
221.419,0
221.525,7
221.632,13
221.739,10
221.846,19
221.953,12
222.06,0
222.167,0
222.274,14
222.381,36
222.488,0
222.594,19
222.701,10
222.808,16
222.915,0
223.022,0
223.129,21
223.236,15
223.343,0
223.45,0
223.556,1
223.663,0
223.77,1
223.877,4
223.984,0
224.091,10
224.198,15
224.305,0
224.412,0
224.518,1
224.625,11
224.732,0
224.839,0
224.946,3
225.053,0
225.16,6
225.267,16
225.374,0
225.48,14
225.587,20
225.694,9
225.801,1
225.908,22
226.015,0
226.122,16
226.229,7
226.336,1
226.442,0
226.549,5
226.656,8
226.763,0
226.87,25
226.977,17
227.084,0
227.191,0
227.298,9
227.404,16
227.511,5
227.618,0
227.725,7
227.832,0
227.939,26
228.046,2
228.153,1
228.26,37
228.366,1
228.473,0
228.58,0
228.687,9
228.794,14
228.901,0
229.008,26
229.115,0
229.222,0
229.328,31
229.435,13
229.542,0
229.649,6
229.756,13
229.863,9
229.97,0
230.077,2
230.184,24
230.29,0
230.397,0
230.504,4
230.611,0
230.718,0
230.825,0
230.932,60
231.039,40
231.146,0
231.252,0
231.359,0
231.466,0
231.573,0
231.68,0
231.787,0
231.894,0
232.001,26
232.108,0
232.214,0
232.321,0
232.428,20
232.535,2
232.642,0
232.749,0
232.856,8
232.963,0
233.07,0
233.176,11
233.283,0
233.39,0
233.497,22
233.604,11
233.711,17
233.818,9
233.925,26
234.031,8
234.138,9
234.245,0
234.352,0
234.459,1
234.566,12
234.673,5
234.78,0
234.887,0
234.993,0
235.1,0
235.207,0
235.314,0
235.421,1
235.528,0
235.635,0
235.742,0
235.849,32
235.955,6
236.062,0
236.169,0
236.276,17
236.383,13
236.49,4
236.597,0
236.704,11
236.81,0
236.917,0
237.024,23
237.131,12
237.238,14
237.345,10
237.452,6
237.559,9
237.666,11
237.772,41
237.879,57
237.986,293
238.093,670
238.2,516
238.307,216
238.414,0
238.521,0
238.628,16
238.734,69
238.841,69
238.948,67
239.055,46
239.162,35
239.269,0
239.376,17
239.483,14
239.589,1
239.696,0
239.803,0
239.91,0
240.017,7
240.124,6
240.231,0
240.338,0
240.445,88
240.551,216
240.658,147
240.765,44
240.872,0
240.979,0
241.086,24
241.193,0
241.3,0
241.406,0
241.513,0
241.62,8
241.727,30
241.834,3
241.941,0
242.048,6
242.155,13
242.262,15
242.368,0
242.475,25
242.582,4
242.689,14
242.796,1
242.903,11
243.01,0
243.117,18
243.223,10
243.33,31
243.437,3
243.544,0
243.651,16
243.758,2
243.865,18
243.972,1
244.079,5
244.185,0
244.292,12
244.399,13
244.506,0
244.613,0
244.72,5
244.827,28
244.934,11
245.04,8
245.147,79
245.254,51
245.361,46
245.468,5
245.575,0
245.682,18
245.789,0
245.896,0
246.002,0
246.109,0
246.216,1
246.323,11
246.43,34
246.537,13
246.644,0
246.751,8
246.857,5
246.964,4
247.071,0
247.178,0
247.285,5
247.392,1
247.499,0
247.606,0
247.712,44
247.819,69
247.926,29
248.033,15
248.14,0
248.247,0
248.354,40
248.461,0
248.567,0
248.674,14
248.781,0
248.888,0
248.995,0
249.102,0
249.209,5
249.316,0
249.423,1
249.529,0
249.636,0
249.743,22
249.85,17
249.957,6
250.064,0
250.171,0
250.278,35
250.384,0
250.491,0
250.598,25
250.705,24
250.812,0
250.919,0
251.026,0
251.133,25
251.239,0
251.346,5
251.453,8
251.56,0
251.667,0
251.774,7
251.881,0
251.988,4
252.094,0
252.201,0
252.308,26
252.415,30
252.522,0
252.629,0
252.736,0
252.843,0
252.949,0
253.056,29
253.163,0
253.27,0
253.377,20
253.484,29
253.591,0
253.698,6
253.804,0
253.911,0
254.018,1
254.125,0
254.232,0
254.339,0
254.446,5
254.553,0
254.659,21
254.766,32
254.873,12
254.98,0
255.087,0
255.194,7
255.301,17
255.408,0
255.514,0
255.621,0
255.728,13
255.835,0
255.942,0
256.049,0
256.156,2
256.263,29
256.369,16
256.476,11
256.583,7
256.69,0
256.797,14
256.904,24
257.011,4
257.118,22
257.224,0
257.331,0
257.438,0
257.545,0
257.652,14
257.759,7
257.866,0
257.973,2
258.079,0
258.186,11
258.293,0
258.4,14
258.507,0
258.614,0
258.721,0
258.828,7
258.934,0
259.041,0
259.148,1
259.255,35
259.362,11
259.469,0
259.576,0
259.683,15
259.789,24
259.896,0
260.003,22
260.11,2
260.217,0
260.324,5
260.431,29
260.537,0
260.644,0
260.751,6
260.858,0
260.965,5
261.072,17
261.179,8
261.286,7
261.392,31
261.499,3
261.606,0
261.713,29
261.82,17
261.927,0
262.034,0
262.141,2
262.247,7
262.354,7
262.461,2
262.568,23
262.675,18
262.782,0
262.889,0
262.996,47
263.102,20
263.209,0
263.316,0
263.423,0
263.53,0
263.637,16
263.744,3
263.85,6
263.957,0
264.064,26
264.171,8
264.278,0
264.385,30
264.492,0
264.599,24
264.705,2
264.812,0
264.919,11
265.026,0
265.133,6
265.24,12
265.347,0
265.454,0
265.56,4
265.667,14
265.774,9
265.881,19
265.988,7
266.095,0
266.202,27
266.308,13
266.415,0
266.522,7
266.629,0
266.736,14
266.843,0
266.95,5
267.057,0
267.163,0
267.27,0
267.377,0
267.484,0
267.591,0
267.698,0
267.805,0
267.911,0
268.018,28
268.125,0
268.232,2
268.339,0
268.446,0
268.553,0
268.66,2
268.766,0
268.873,0
268.98,3
269.087,22
269.194,4
269.301,9
269.408,0
269.514,23
269.621,0
269.728,0
269.835,17
269.942,0
270.049,0
270.156,9
270.263,3
270.369,0
270.476,0
270.583,20
270.69,26
270.797,2
270.904,10
271.011,59
271.117,38
271.224,39
271.331,30
271.438,2
271.545,0
271.652,0
271.759,0
271.866,0
271.972,0
272.079,0
272.186,30
272.293,8
272.4,14
272.507,0
272.614,16
272.72,14
272.827,0
272.934,6
273.041,0
273.148,3
273.255,18
273.362,26
273.468,0
273.575,0
273.682,35
273.789,30
273.896,0
274.003,24
274.11,4
274.217,19
274.323,11
274.43,19
274.537,3
274.644,20
274.751,0
274.858,0
274.965,0
275.071,10
275.178,0
275.285,0
275.392,0
275.499,0
275.606,0
275.713,0
275.819,20
275.926,4
276.033,0
276.14,49
276.247,63
276.354,37
276.461,0
276.567,12
276.674,16
276.781,0
276.888,0
276.995,16
277.102,20
277.209,10
277.315,0
277.422,4
277.529,0
277.636,15
277.743,2
277.85,0
277.957,5
278.064,16
278.17,10
278.277,0
278.384,0
278.491,0
278.598,28
278.705,0
278.812,12
278.918,15
279.025,0
279.132,0
279.239,102
279.346,66
279.453,11
279.56,6
279.666,0
279.773,0
279.88,24
279.987,5
280.094,12
280.201,0
280.308,1
280.414,1
280.521,0
280.628,0
280.735,2
280.842,18
280.949,27
281.056,0
281.162,7
281.269,17
281.376,0
281.483,0
281.59,17
281.697,5
281.804,0
281.91,0
282.017,1
282.124,6
282.231,0
282.338,7
282.445,9
282.552,0
282.658,6
282.765,20
282.872,25
282.979,0
283.086,0
283.193,8
283.3,0
283.406,8
283.513,0
283.62,9
283.727,23
283.834,0
283.941,0
284.048,9
284.154,1
284.261,0
284.368,41
284.475,46
284.582,0
284.689,0
284.796,7
284.902,38
285.009,0
285.116,0
285.223,0
285.33,0
285.437,3
285.544,27
285.65,0
285.757,2
285.864,23
285.971,17
286.078,17
286.185,0
286.292,8
286.398,3
286.505,0
286.612,2
286.719,6
286.826,5
286.933,31
287.039,68
287.146,59
287.253,36
287.36,0
287.467,0
287.574,0
287.681,0
287.787,0
287.894,30
288.001,16
288.108,0
288.215,12
288.322,19
288.429,0
288.535,0
288.642,14
288.749,15
288.856,19
288.963,5
289.07,0
289.177,0
289.283,2
289.39,29
289.497,7
289.604,0
289.711,0
289.818,1
289.924,0
290.031,6
290.138,18
290.245,0
290.352,8
290.459,0
290.566,7
290.672,21
290.779,14
290.886,4
290.993,0
291.1,19
291.207,0
291.314,0
291.42,7
291.527,0
291.634,0
291.741,1
291.848,28
291.955,0
292.062,20
292.168,0
292.275,0
292.382,11
292.489,2
292.596,1
292.703,2
292.809,5
292.916,13
293.023,23
293.13,8
293.237,0
293.344,8
293.451,0
293.557,11
293.664,15
293.771,0
293.878,0
293.985,19
294.092,25
294.198,29
294.305,13
294.412,0
294.519,6
294.626,4
294.733,0
294.84,0
294.946,0
295.053,6
295.16,6
295.267,0
295.374,0
295.481,6
295.588,7
295.694,0
295.801,0
295.908,33
296.015,27
296.122,0
296.229,0
296.335,0
296.442,7
296.549,0
296.656,0
296.763,8
296.87,16
296.977,0
297.083,0
297.19,0
297.297,9
297.404,23
297.511,1
297.618,14
297.724,0
297.831,15
297.938,0
298.045,0
298.152,5
298.259,0
298.365,13
298.472,0
298.579,8
298.686,29
298.793,0
298.9,3
299.007,28
299.113,24
299.22,0
299.327,24
299.434,0
299.541,13
299.648,7
299.754,0
299.861,13
299.968,14
300.075,0
300.182,24
300.289,5
300.396,9
300.502,22
300.609,11
300.716,11
300.823,1
300.93,0
301.037,14
301.143,15
301.25,10
301.357,0
301.464,4
301.571,16
301.678,0
301.784,0
301.891,8
301.998,0
302.105,10
302.212,15
302.319,16
302.426,0
302.532,0
302.639,28
302.746,35
302.853,0
302.96,5
303.067,17
303.173,4
303.28,2
303.387,0
303.494,0
303.601,0
303.708,16
303.814,0
303.921,13
304.028,0
304.135,0
304.242,25
304.349,48
304.456,206
304.562,128
304.669,17
304.776,14
304.883,0
304.99,0
305.097,12
305.203,25
305.31,0
305.417,0
305.524,0
305.631,0
305.738,54
305.844,7
305.951,0
306.058,9
306.165,59
306.272,25
306.379,0
306.485,0
306.592,0
306.699,4
306.806,34
306.913,0
307.02,44
307.126,138
307.233,101
307.34,37
307.447,0
307.554,0
307.661,5
307.767,0
307.874,0
307.981,24
308.088,8
308.195,3
308.302,19
308.409,0
308.515,0
308.622,34
308.729,0
308.836,3
308.943,11
309.05,8
309.156,0
309.263,8
309.37,0
309.477,0
309.584,10
309.691,3
309.797,3
309.904,15
310.011,5
310.118,0
310.225,14
310.332,28
310.438,0
310.545,0
310.652,0
310.759,18
310.866,3
310.973,4
311.079,2
311.186,32
311.293,13
311.4,11
311.507,0
311.614,0
311.72,4
311.827,27
311.934,19
312.041,12
312.148,0
312.255,0
312.361,27
312.468,13
312.575,0
312.682,0
312.789,0
312.896,13
313.002,0
313.109,5
313.216,4
313.323,29
313.43,19
313.537,19
313.643,25
313.75,35
313.857,6
313.964,6
314.071,14
314.178,9
314.284,0
314.391,4
314.498,6
314.605,5
314.712,15
314.819,0
314.925,1
315.032,20
315.139,17
315.246,0
315.353,120
315.46,78
315.566,52
315.673,18
315.78,0
315.887,0
315.994,0
316.1,35
316.207,38
316.314,6
316.421,46
316.528,29
316.635,11
316.741,0
316.848,0
316.955,16
317.062,14
317.169,12
317.276,34
317.382,0
317.489,9
317.596,0
317.703,3
317.81,0
317.917,0
318.023,0
318.13,13
318.237,0
318.344,0
318.451,5
318.558,2
318.664,5
318.771,0
318.878,11
318.985,0
319.092,0
319.199,20
319.305,12
319.412,9
319.519,0
319.626,0
319.733,0
319.839,0
319.946,0
320.053,117
320.16,134
320.267,92
320.374,21
320.48,8
320.587,0
320.694,2
320.801,0
320.908,0
321.015,0
321.121,0
321.228,5
321.335,13
321.442,20
321.549,44
321.655,76
321.762,57
321.869,11
321.976,0
322.083,0
322.19,1
322.296,6
322.403,0
322.51,0
322.617,0
322.724,3
322.831,0
322.937,0
323.044,13
323.151,11
323.258,0
323.365,1
323.472,23
323.578,29
323.685,15
323.792,0
323.899,0
324.006,0
324.112,15
324.219,6
324.326,0
324.433,0
324.54,14
324.647,9
324.753,0
324.86,5
324.967,9
325.074,1
325.181,0
325.287,29
325.394,25
325.501,30
325.608,0
325.715,29
325.822,0
325.928,33
326.035,18
326.142,14
326.249,4
326.356,102
326.463,139
326.569,118
326.676,62
326.783,1
326.89,0
326.997,0
327.103,21
327.21,22
327.317,7
327.424,3
327.531,0
327.638,0
327.744,5
327.851,0
327.958,54
328.065,34
328.172,29
328.278,18
328.385,8
328.492,2
328.599,17
328.706,0
328.813,21
328.919,15
329.026,14
329.133,0
329.24,23
329.347,0
329.453,6
329.56,28
329.667,3
329.774,15
329.881,0
329.988,14
330.094,6
330.201,0
330.308,20
330.415,11
330.522,0
330.628,0
330.735,0
330.842,33
330.949,27
331.056,7
331.162,4
331.269,42
331.376,7
331.483,0
331.59,25
331.697,0
331.803,6
331.91,0
332.017,14
332.124,6
332.231,0
332.337,0
332.444,18
332.551,5
332.658,10
332.765,0
332.872,15
332.978,45
333.085,8
333.192,46
333.299,14
333.406,9
333.512,0
333.619,0
333.726,7
333.833,13
333.94,12
334.046,41
334.153,11
334.26,3
334.367,0
334.474,2
334.581,6
334.687,0
334.794,8
334.901,28
335.008,25
335.115,0
335.221,0
335.328,14
335.435,0
335.542,0
335.649,0
335.755,13
335.862,11
335.969,0
336.076,6
336.183,0
336.29,23
336.396,0
336.503,0
336.61,30
336.717,41
336.824,0
336.93,0
337.037,0
337.144,26
337.251,16
337.358,0
337.464,0
337.571,0
337.678,0
337.785,43
337.892,36
337.998,9
338.105,0
338.212,7
338.319,5
338.426,9
338.533,7
338.639,0
338.746,0
338.853,23
338.96,8
339.067,14
339.173,0
339.28,7
339.387,0
339.494,2
339.601,2
339.707,0
339.814,18
339.921,0
340.028,0
340.135,0
340.241,0
340.348,0
340.455,0
340.562,0
340.669,0
340.775,12
340.882,13
340.989,19
341.096,23
341.203,3
341.309,4
341.416,10
341.523,0
341.63,12
341.737,0
341.844,0
341.95,0
342.057,11
342.164,6
342.271,26
342.378,70
342.484,56
342.591,15
342.698,15
342.805,14
342.912,2
343.018,0
343.125,0
343.232,14
343.339,0
343.446,0
343.552,3
343.659,28
343.766,5
343.873,7
343.98,10
344.086,14
344.193,12
344.3,0
344.407,10
344.514,8
344.62,7
344.727,11
344.834,0
344.941,10
345.048,3
345.154,16
345.261,0
345.368,0
345.475,0
345.582,23
345.688,0
345.795,18
345.902,0
346.009,27
346.116,9
346.222,4
346.329,11
346.436,0
346.543,0
346.65,24
346.756,0
346.863,0
346.97,39
347.077,5
347.184,37
347.29,13
347.397,11
347.504,11
347.611,24
347.718,1
347.824,9
347.931,2
348.038,13
348.145,16
348.252,0
348.358,0
348.465,14
348.572,15
348.679,0
348.786,0
348.892,6
348.999,17
349.106,10
349.213,8
349.32,2
349.426,0
349.533,22
349.64,0
349.747,10
349.854,7
349.96,0
350.067,0
350.174,16
350.281,16
350.388,7
350.494,10
350.601,11
350.708,16
350.815,9
350.922,15
351.028,2
351.135,36
351.242,12
351.349,8
351.456,0
351.562,2
351.669,11
351.776,0
351.883,0
351.989,14
352.096,7
352.203,36
352.31,13
352.417,53
352.523,42
352.63,29
352.737,12
352.844,0
352.951,27
353.057,5
353.164,0
353.271,4
353.378,0
353.485,0
353.591,0
353.698,9
353.805,11
353.912,34
354.019,26
354.125,7
354.232,16
354.339,6
354.446,43
354.553,83
354.659,83
354.766,35
354.873,0
354.98,0
355.086,0
355.193,21
355.3,0
355.407,0
355.514,0
355.62,13
355.727,9
355.834,0
355.941,0
356.048,3
356.154,0
356.261,1
356.368,0
356.475,12
356.582,0
356.688,3
356.795,25
356.902,13
357.009,16
357.115,11
357.222,27
357.329,0
357.436,26
357.543,11
357.649,6
357.756,0
357.863,32
357.97,10
358.077,13
358.183,7
358.29,1
358.397,1
358.504,27
358.61,12
358.717,6
358.824,0
358.931,13
359.038,0
359.144,29
359.251,11
359.358,13
359.465,0
359.572,0
359.678,5
359.785,0
359.892,24
359.999,0
360.105,0
360.212,0
360.319,0
360.426,8
360.533,0
360.639,0
360.746,2
360.853,4
360.96,0
361.067,0
361.173,16
361.28,0
361.387,0
361.494,8
361.6,14
361.707,11
361.814,0
361.921,7
362.028,9
362.134,24
362.241,0
362.348,8
362.455,15
362.562,0
362.668,28
362.775,23
362.882,13
362.989,9
363.095,15
363.202,2
363.309,4
363.416,0
363.523,35
363.629,5
363.736,12
363.843,0
363.95,6
364.056,0
364.163,26
364.27,14
364.377,1
364.484,0
364.59,0
364.697,2
364.804,22
364.911,0
365.017,14
365.124,0
365.231,0
365.338,26
365.445,0
365.551,4
365.658,1
365.765,13
365.872,20
365.979,15
366.085,0
366.192,0
366.299,12
366.406,0
366.512,13
366.619,0
366.726,0
366.833,4
366.94,13
367.046,0
367.153,11
367.26,0
367.367,0
367.473,0
367.58,15
367.687,25
367.794,0
367.9,1
368.007,15
368.114,0
368.221,12
368.328,20
368.434,10
368.541,25
368.648,9
368.755,1
368.861,4
368.968,0
369.075,6
369.182,8
369.289,0
369.395,18
369.502,10
369.609,0
369.716,0
369.822,28
369.929,11
370.036,17
370.143,0
370.25,2
370.356,27
370.463,6
370.57,13
370.677,0
370.783,4
370.89,35
370.997,0
371.104,0
371.211,0
371.317,0
371.424,0
371.531,13
371.638,0
371.744,0
371.851,21
371.958,35
372.065,61
372.171,33
372.278,0
372.385,24
372.492,16
372.599,0
372.705,6
372.812,0
372.919,2
373.026,14
373.132,0
373.239,4
373.346,19
373.453,11
373.559,0
373.666,0
373.773,24
373.88,2
373.987,0
374.093,23
374.2,15
374.307,0
374.414,6
374.52,0
374.627,0
374.734,12
374.841,4
374.947,0
375.054,0
375.161,0
375.268,0
375.375,25
375.481,6
375.588,0
375.695,14
375.802,0
375.908,0
376.015,13
376.122,16
376.229,0
376.335,17
376.442,18
376.549,11
376.656,13
376.763,26
376.869,0
376.976,4
377.083,29
377.19,5
377.296,0
377.403,0
377.51,7
377.617,0
377.723,0
377.83,0
377.937,0
378.044,0
378.15,18
378.257,9
378.364,0
378.471,4
378.578,27
378.684,0
378.791,2
378.898,24
379.005,30
379.111,6
379.218,0
379.325,0
379.432,9
379.538,0
379.645,0
379.752,12
379.859,0
379.965,12
380.072,0
380.179,27
380.286,0
380.392,0
380.499,39
380.606,4
380.713,0
380.82,0
380.926,0
381.033,0
381.14,26
381.247,8
381.353,0
381.46,13
381.567,4
381.674,37
381.78,0
381.887,0
381.994,0
382.101,1
382.207,6
382.314,4
382.421,0
382.528,20
382.634,17
382.741,0
382.848,0
382.955,13
383.061,10
383.168,0
383.275,14
383.382,17
383.488,0
383.595,3
383.702,1
383.809,9
383.916,9
384.022,4
384.129,8
384.236,24
384.343,8
384.449,0
384.556,14
384.663,11
384.77,1
384.876,39
384.983,32
385.09,37
385.197,3
385.303,11
385.41,2
385.517,4
385.624,18
385.73,38
385.837,0
385.944,4
386.051,8
386.157,18
386.264,0
386.371,20
386.478,0
386.584,11
386.691,2
386.798,0
386.905,30
387.011,0
387.118,0
387.225,34
387.332,28
387.438,0
387.545,0
387.652,0
387.759,22
387.865,0
387.972,6
388.079,23
388.186,27
388.292,8
388.399,0
388.506,0
388.613,0
388.719,0
388.826,0
388.933,0
389.04,0
389.146,11
389.253,0
389.36,3
389.467,1
389.573,0
389.68,0
389.787,0
389.894,10
390,0
390.107,0
390.214,11
390.321,4
390.427,0
390.534,0
390.641,0
390.748,9
390.854,3
390.961,2
391.068,0
391.175,6
391.281,11
391.388,2
391.495,12
391.602,0
391.708,25
391.815,8
391.922,0
392.029,0
392.135,12
392.242,0
392.349,0
392.456,13
392.562,4
392.669,12
392.776,0
392.883,39
392.989,22
393.096,4
393.203,32
393.31,12
393.416,9
393.523,6
393.63,0
393.737,8
393.843,9
393.95,0
394.057,0
394.164,37
394.27,8
394.377,0
394.484,12
394.591,19
394.697,2
394.804,18
394.911,3
395.018,0
395.124,8
395.231,28
395.338,10
395.445,0
395.551,1
395.658,0
395.765,0
395.871,30
395.978,0
396.085,0
396.192,24
396.298,0
396.405,0
396.512,0
396.619,0
396.725,6
396.832,0
396.939,6
397.046,26
397.152,22
397.259,0
397.366,13
397.473,0
397.579,0
397.686,0
397.793,0
397.9,24
398.006,32
398.113,20
398.22,0
398.327,21
398.433,12
398.54,8
398.647,0
398.753,11
398.86,0
398.967,5
399.074,4
399.18,6
399.287,46
399.394,42
399.501,29
399.607,17
399.714,5
399.821,9
399.928,0
400.034,0
400.141,0
400.248,0
400.355,6
400.461,0
400.568,0
400.675,0
400.781,0
400.888,0
400.995,10
401.102,0
401.208,0
401.315,0
401.422,0
401.529,4
401.635,0
401.742,22
401.849,36
401.956,29
402.062,8
402.169,13
402.276,19
402.382,0
402.489,8
402.596,6
402.703,16
402.809,0
402.916,36
403.023,71
403.13,23
403.236,0
403.343,0
403.45,0
403.557,0
403.663,2
403.77,6
403.877,9
403.983,0
404.09,10
404.197,11
404.304,3
404.41,19
404.517,0
404.624,26
404.731,34
404.837,16
404.944,13
405.051,15
405.158,6
405.264,0
405.371,0
405.478,31
405.584,0
405.691,2
405.798,0
405.905,27
406.011,11
406.118,3
406.225,0
406.332,34
406.438,26
406.545,33
406.652,18
406.758,11
406.865,0
406.972,23
407.079,222
407.185,167
407.292,42
407.399,1
407.506,0
407.612,0
407.719,0
407.826,0
407.932,8
408.039,43
408.146,0
408.253,0
408.359,0
408.466,0
408.573,0
408.68,10
408.786,0
408.893,1
409,8
409.106,15
409.213,32
409.32,0
409.427,30
409.533,12
409.64,1
409.747,0
409.853,0
409.96,0
410.067,0
410.174,0
410.28,0
410.387,0
410.494,0
410.601,23
410.707,3
410.814,14
410.921,0
411.027,9
411.134,15
411.241,0
411.348,0
411.454,13
411.561,11
411.668,0
411.774,10
411.881,0
411.988,0
412.095,0
412.201,14
412.308,0
412.415,0
412.522,32
412.628,42
412.735,7
412.842,0
412.948,110
413.055,160
413.162,73
413.269,15
413.375,0
413.482,24
413.589,54
413.695,32
413.802,6
413.909,8
414.016,64
414.122,70
414.229,63
414.336,13
414.442,0
414.549,10
414.656,5
414.763,0
414.869,0
414.976,13
415.083,0
415.189,13
415.296,0
415.403,32
415.51,32
415.616,8
415.723,6
415.83,3
415.936,58
416.043,107
416.15,123
416.257,69
416.363,1
416.47,0
416.577,0
416.683,0
416.79,0
416.897,13
417.004,6
417.11,4
417.217,8
417.324,0
417.43,33
417.537,0
417.644,28
417.751,12
417.857,7
417.964,37
418.071,32
418.177,13
418.284,43
418.391,0
418.498,0
418.604,0
418.711,0
418.818,21
418.924,33
419.031,0
419.138,11
419.245,20
419.351,16
419.458,50
419.565,1
419.671,12
419.778,8
419.885,0
419.992,11
420.098,2
420.205,0
420.312,5
420.418,0
420.525,40
420.632,19
420.738,0
420.845,2
420.952,12
421.059,7
421.165,0
421.272,18
421.379,0
421.485,0
421.592,0
421.699,0
421.806,3
421.912,6
422.019,0
422.126,0
422.232,0
422.339,21
422.446,6
422.552,0
422.659,0
422.766,0
422.873,2
422.979,1
423.086,0
423.193,24
423.299,20
423.406,13
423.513,8
423.62,4
423.726,15
423.833,0
423.94,0
424.046,0
424.153,6
424.26,0
424.366,0
424.473,0
424.58,4
424.687,17
424.793,8
424.9,4
425.007,0
425.113,53
425.22,115
425.327,90
425.433,27
425.54,14
425.647,0
425.754,0
425.86,0
425.967,0
426.074,0
426.18,0
426.287,6
426.394,0
426.5,0
426.607,7
426.714,0
426.821,0
426.927,27
427.034,13
427.141,8
427.247,16
427.354,29
427.461,0
427.567,0
427.674,13
427.781,36
427.888,0
427.994,0
428.101,5
428.208,21
428.314,0
428.421,0
428.528,0
428.634,25
428.741,28
428.848,81
428.955,86
429.061,26
429.168,15
429.275,9
429.381,4
429.488,0
429.595,0
429.701,5
429.808,0
429.915,0
430.021,13
430.128,0
430.235,0
430.342,0
430.448,23
430.555,12
430.662,52
430.768,11
430.875,23
430.982,0
431.088,39
431.195,62
431.302,26
431.409,0
431.515,0
431.622,0
431.729,0
431.835,0
431.942,0
432.049,0
432.155,34
432.262,20
432.369,14
432.475,2
432.582,22
432.689,0
432.796,4
432.902,11
433.009,0
433.116,0
433.222,4
433.329,0
433.436,0
433.542,25
433.649,65
433.756,29
433.862,29
433.969,10
434.076,0
434.182,0
434.289,0
434.396,0
434.503,19
434.609,16
434.716,6
434.823,32
434.929,24
435.036,0
435.143,16
435.249,25
435.356,0
435.463,0
435.569,27
435.676,8
435.783,0
435.889,23
435.996,0
436.103,0
436.21,0
436.316,0
436.423,0
436.53,0
436.636,3
436.743,0
436.85,0
436.956,0
437.063,0
437.17,0
437.276,0
437.383,23
437.49,86
437.596,30
437.703,0
437.81,150
437.916,280
438.023,254
438.13,128
438.237,32
438.343,0
438.45,0
438.557,6
438.663,0
438.77,0
438.877,0
438.983,9
439.09,15
439.197,32
439.303,38
439.41,39
439.517,3
439.623,7
439.73,1
439.837,18
439.943,84
440.05,83
440.157,61
440.263,13
440.37,10
440.477,6
440.583,0
440.69,11
440.797,46
440.904,0
441.01,5
441.117,0
441.224,0
441.33,9
441.437,0
441.544,4
441.65,0
441.757,30
441.864,21
441.97,0
442.077,9
442.184,10
442.29,0
442.397,0
442.504,0
442.61,0
442.717,0
442.824,11
442.93,0
443.037,0
443.144,37
443.25,0
443.357,1
443.464,20
443.57,0
443.677,0
443.784,0
443.89,2
443.997,0
444.104,0
444.21,10
444.317,0
444.424,0
444.53,89
444.637,2
444.744,0
444.851,0
444.957,0
445.064,17
445.171,7
445.277,8
445.384,1
445.491,6
445.597,42
445.704,16
445.811,0
445.917,4
446.024,155
446.131,248
446.237,146
446.344,30
446.451,0
446.557,0
446.664,0
446.771,2
446.877,0
446.984,0
447.091,47
447.197,62
447.304,19
447.411,0
447.517,0
447.624,9
447.731,0
447.837,0
447.944,0
448.051,14
448.157,36
448.264,40
448.371,7
448.477,22
448.584,0
448.691,0
448.797,15
448.904,2
449.011,0
449.117,0
449.224,3
449.331,15
449.437,0
449.544,2
449.651,4
449.757,0
449.864,12
449.971,11
450.077,0
450.184,0
450.291,1
450.397,10
450.504,0
450.611,0
450.717,0
450.824,10
450.931,0
451.037,31
451.144,0
451.251,0
451.357,0
451.464,0
451.571,0
451.677,0
451.784,0
451.891,0
451.997,13
452.104,0
452.21,0
452.317,0
452.424,9
452.53,0
452.637,0
452.744,32
452.85,14
452.957,0
453.064,7
453.17,5
453.277,15
453.384,0
453.49,20
453.597,0
453.704,0
453.81,0
453.917,0
454.024,0
454.13,0
454.237,1
454.344,30
454.45,11
454.557,0
454.664,0
454.77,23
454.877,10
454.984,0
455.09,0
455.197,45
455.304,19
455.41,0
455.517,0
455.624,17
455.73,0
455.837,0
455.944,0
456.05,0
456.157,48
456.263,12
456.37,0
456.477,0
456.583,5
456.69,18
456.797,2
456.903,15
457.01,0
457.117,0
457.223,0
457.33,0
457.437,2
457.543,0
457.65,0
457.757,0
457.863,33
457.97,9
458.077,7
458.183,0
458.29,27
458.397,20
458.503,0
458.61,0
458.716,27
458.823,14
458.93,13
459.036,11
459.143,6
459.25,0
459.356,4
459.463,14
459.57,34
459.676,13
459.783,34
459.89,0
459.996,11
460.103,0
460.21,30
460.316,81
460.423,57
460.53,26
460.636,0
460.743,0
460.849,0
460.956,29
461.063,10
461.169,0
461.276,15
461.383,0
461.489,0
461.596,4
461.703,0
461.809,24
461.916,0
462.023,0
462.129,8
462.236,20
462.342,0
462.449,0
462.556,0
462.662,9
462.769,1
462.876,0
462.982,0
463.089,0
463.196,4
463.302,18
463.409,0
463.516,0
463.622,0
463.729,13
463.835,0
463.942,0
464.049,0
464.155,25
464.262,18
464.369,0
464.475,0
464.582,0
464.689,11
464.795,2
464.902,0
465.009,0
465.115,16
465.222,6
465.328,8
465.435,0
465.542,0
465.648,0
465.755,0
465.862,46
465.968,55
466.075,88
466.182,12
466.288,8
466.395,0
466.501,0
466.608,17
466.715,0
466.821,0
466.928,0
467.035,16
467.141,22
467.248,0
467.355,8
467.461,10
467.568,0
467.674,12
467.781,0
467.888,0
467.994,10
468.101,0
468.208,0
468.314,4
468.421,13
468.528,0
468.634,7
468.741,8
468.847,0
468.954,0
469.061,13
469.167,3
469.274,0
469.381,0
469.487,8
469.594,5
469.701,23
469.807,0
469.914,0
470.02,43
470.127,44
470.234,0
470.34,0
470.447,6
470.554,10
470.66,11
470.767,20
470.873,3
470.98,7
471.087,0
471.193,0
471.3,29
471.407,0
471.513,0
471.62,9
471.727,0
471.833,0
471.94,34
472.046,7
472.153,0
472.26,0
472.366,0
472.473,15
472.58,0
472.686,0
472.793,13
472.899,11
473.006,0
473.113,0
473.219,11
473.326,4
473.433,0
473.539,0
473.646,0
473.752,0
473.859,0
473.966,0
474.072,0
474.179,13
474.286,1
474.392,0
474.499,2
474.605,1
474.712,8
474.819,0
474.925,10
475.032,0
475.139,20
475.245,45
475.352,32
475.458,30
475.565,14
475.672,0
475.778,0
475.885,6
475.992,6
476.098,0
476.205,0
476.311,0
476.418,0
476.525,18
476.631,54
476.738,11
476.844,0
476.951,0
477.058,6
477.164,0
477.271,2
477.378,0
477.484,20
477.591,5
477.697,3
477.804,2
477.911,20
478.017,3
478.124,0
478.231,0
478.337,3
478.444,0
478.55,0
478.657,20
478.764,0
478.87,0
478.977,40
479.083,28
479.19,0
479.297,0
479.403,0
479.51,14
479.617,0
479.723,0
479.83,17
479.936,10
480.043,0
480.15,0
480.256,1
480.363,0
480.469,2
480.576,15
480.683,0
480.789,0
480.896,0
481.003,1
481.109,0
481.216,7
481.322,35
481.429,0
481.536,15
481.642,0
481.749,0
481.855,0
481.962,0
482.069,13
482.175,10
482.282,0
482.388,0
482.495,67
482.602,46
482.708,11
482.815,0
482.922,21
483.028,0
483.135,0
483.241,3
483.348,7
483.455,0
483.561,0
483.668,0
483.774,0
483.881,2
483.988,19
484.094,0
484.201,0
484.307,27
484.414,2
484.521,0
484.627,11
484.734,8
484.84,0
484.947,11
485.054,4
485.16,0
485.267,0
485.373,24
485.48,15
485.587,12
485.693,0
485.8,3
485.907,22
486.013,0
486.12,15
486.226,0
486.333,0
486.44,0
486.546,0
486.653,12
486.759,0
486.866,5
486.973,0
487.079,0
487.186,48
487.292,22
487.399,0
487.506,0
487.612,5
487.719,0
487.825,0
487.932,19
488.039,0
488.145,6
488.252,20
488.358,0
488.465,13
488.572,0
488.678,2
488.785,0
488.891,8
488.998,37
489.105,0
489.211,0
489.318,0
489.424,20
489.531,11
489.638,0
489.744,0
489.851,0
489.957,8
490.064,7
490.171,0
490.277,50
490.384,37
490.49,28
490.597,0
490.704,7
490.81,6
490.917,0
491.023,22
491.13,0
491.237,0
491.343,5
491.45,0
491.556,0
491.663,2
491.769,30
491.876,0
491.983,0
492.089,0
492.196,0
492.302,0
492.409,0
492.516,0
492.622,29
492.729,0
492.835,0
492.942,0
493.049,59
493.155,38
493.262,17
493.368,0
493.475,0
493.582,0
493.688,17
493.795,0
493.901,0
494.008,0
494.114,0
494.221,1
494.328,0
494.434,0
494.541,0
494.647,0
494.754,2
494.861,8
494.967,24
495.074,0
495.18,0
495.287,0
495.394,19
495.5,33
495.607,0
495.713,0
495.82,0
495.926,10
496.033,1
496.14,0
496.246,8
496.353,0
496.459,0
496.566,0
496.673,0
496.779,0
496.886,0
496.992,14
497.099,8
497.206,1
497.312,16
497.419,17
497.525,0
497.632,0
497.738,0
497.845,32
497.952,33
498.058,0
498.165,0
498.271,0
498.378,14
498.485,0
498.591,2
498.698,16
498.804,0
498.911,0
499.017,8
499.124,0
499.231,0
499.337,8
499.444,19
499.55,0
499.657,9
499.763,0
499.87,4
499.977,0
500.083,2
500.19,0
500.296,35
500.403,0
500.51,12
500.616,0
500.723,0
500.829,11
500.936,1
501.042,0
501.149,7
501.256,0
501.362,0
501.469,13
501.575,19
501.682,0
501.788,3
501.895,3
502.002,0
502.108,12
502.215,50
502.321,33
502.428,0
502.534,0
502.641,11
502.748,0
502.854,2
502.961,40
503.067,0
503.174,8
503.281,13
503.387,0
503.494,0
503.6,17
503.707,15
503.813,0
503.92,19
504.027,69
504.133,143
504.24,37
504.346,23
504.453,100
504.559,185
504.666,150
504.773,53
504.879,15
504.986,0
505.092,19
505.199,136
505.305,144
505.412,61
505.518,64
505.625,224
505.732,368
505.838,288
505.945,150
506.051,53
506.158,24
506.264,56
506.371,227
506.478,284
506.584,288
506.691,285
506.797,195
506.904,521
507.01,811
507.117,730
507.224,378
507.33,39
507.437,0
507.543,0
507.65,0
507.756,43
507.863,25
507.97,96
508.076,119
508.183,169
508.289,12
508.396,0
508.502,8
508.609,30
508.715,0
508.822,0
508.929,0
509.035,11
509.142,16
509.248,0
509.355,26
509.461,51
509.568,68
509.675,96
509.781,38
509.888,42
509.994,0
510.101,8
510.207,9
510.314,0
510.42,2
510.527,11
510.634,6
510.74,8
510.847,0
510.953,13
511.06,0
511.166,15
511.273,10
511.379,3
511.486,0
511.593,0
511.699,13
511.806,36
511.912,0
512.019,11
512.125,0
512.232,0
512.339,17
512.445,39
512.552,43
512.658,4
512.765,0
512.871,0
512.978,24
513.084,24
513.191,26
513.298,8
513.404,19
513.511,0
513.617,4
513.724,34
513.83,7
513.937,0
514.043,0
514.15,13
514.256,0
514.363,0
514.47,25
514.576,0
514.683,0
514.789,3
514.896,0
515.002,0
515.109,0
515.215,0
515.322,21
515.429,0
515.535,0
515.642,0
515.748,21
515.855,4
515.961,0
516.068,0
516.174,0
516.281,70
516.388,50
516.494,29
516.601,27
516.707,0
516.814,0
516.92,46
517.027,33
517.133,40
517.24,4
517.346,0
517.453,1
517.56,8
517.666,0
517.773,0
517.879,11
517.986,0
518.092,19
518.199,15
518.305,4
518.412,8
518.518,7
518.625,0
518.732,0
518.838,10
518.945,0
519.051,0
519.158,46
519.264,19
519.371,3
519.477,0
519.584,17
519.69,0
519.797,0
519.903,16
520.01,0
520.117,4
520.223,1
520.33,0
520.436,23
520.543,0
520.649,4
520.756,0
520.862,0
520.969,0
521.075,0
521.182,24
521.289,14
521.395,11
521.502,0
521.608,0
521.715,18
521.821,7
521.928,0
522.034,6
522.141,0
522.247,18
522.354,0
522.46,0
522.567,21
522.674,10
522.78,25
522.887,5
522.993,7
523.1,0
523.206,15
523.313,0
523.419,0
523.526,0
523.632,20
523.739,22
523.845,0
523.952,0
524.058,28
524.165,33
524.272,11
524.378,19
524.485,5
524.591,0
524.698,0
524.804,43
524.911,2
525.017,1
525.124,0
525.23,9
525.337,13
525.443,5
525.55,0
525.656,15
525.763,0
525.87,13
525.976,13
526.083,0
526.189,0
526.296,13
526.402,21
526.509,0
526.615,12
526.722,0
526.828,0
526.935,0
527.041,0
527.148,19
527.254,0
527.361,25
527.467,1
527.574,13
527.68,4
527.787,0
527.894,0
528,16
528.107,0
528.213,8
528.32,0
528.426,0
528.533,0
528.639,3
528.746,40
528.852,130
528.959,90
529.065,13
529.172,0
529.278,11
529.385,17
529.491,0
529.598,0
529.704,0
529.811,23
529.918,3
530.024,0
530.131,0
530.237,0
530.344,21
530.45,2
530.557,13
530.663,2
530.77,0
530.876,26
530.983,17
531.089,0
531.196,8
531.302,21
531.409,0
531.515,1
531.622,0
531.728,18
531.835,5
531.941,0
532.048,4
532.154,11
532.261,16
532.367,0
532.474,0
532.581,0
532.687,51
532.794,55
532.9,23
533.007,24
533.113,10
533.22,8
533.326,24
533.433,9
533.539,0
533.646,0
533.752,3
533.859,15
533.965,0
534.072,0
534.178,8
534.285,0
534.391,1
534.498,2
534.604,8
534.711,17
534.817,0
534.924,0
535.03,0
535.137,0
535.243,10
535.35,10
535.456,14
535.563,0
535.669,0
535.776,16
535.882,6
535.989,0
536.095,14
536.202,0
536.308,0
536.415,0
536.521,8
536.628,0
536.735,0
536.841,0
536.948,0
537.054,10
537.161,0
537.267,13
537.374,0
537.48,0
537.587,16
537.693,22
537.8,25
537.906,0
538.013,12
538.119,11
538.226,0
538.332,4
538.439,0
538.545,0
538.652,0
538.758,29
538.865,2
538.971,32
539.078,40
539.184,14
539.291,19
539.397,10
539.504,9
539.61,0
539.717,10
539.823,0
539.93,0
540.036,0
540.143,38
540.249,0
540.356,3
540.462,63
540.569,32
540.675,8
540.782,10
540.888,0
540.995,12
541.101,11
541.208,0
541.314,0
541.421,27
541.527,0
541.634,0
541.74,21
541.847,8
541.953,0
542.06,0
542.166,8
542.273,0
542.379,6
542.486,26
542.592,20
542.699,13
542.805,18
542.912,0
543.018,19
543.125,2
543.231,20
543.338,15
543.444,9
543.551,1
543.657,19
543.764,20
543.87,34
543.977,12
544.083,4
544.19,27
544.296,0
544.403,0
544.509,20
544.616,0
544.722,21
544.829,3
544.935,17
545.042,18
545.148,17
545.255,0
545.361,2
545.467,11
545.574,0
545.68,0
545.787,8
545.893,11
546,0
546.106,12
546.213,1
546.319,0
546.426,0
546.532,17
546.639,25
546.745,12
546.852,0
546.958,7
547.065,20
547.171,8
547.278,19
547.384,21
547.491,0
547.597,14
547.704,0
547.81,0
547.917,9
548.023,14
548.13,6
548.236,0
548.343,0
548.449,20
548.556,0
548.662,0
548.769,9
548.875,19
548.982,0
549.088,1
549.195,12
549.301,1
549.408,7
549.514,0
549.62,0
549.727,8
549.833,0
549.94,3
550.046,0
550.153,14
550.259,0
550.366,10
550.472,24
550.579,14
550.685,3
550.792,0
550.898,0
551.005,0
551.111,49
551.218,35
551.324,0
551.431,44
551.537,18
551.644,0
551.75,22
551.857,27
551.963,4
552.07,2
552.176,8
552.282,13
552.389,11
552.495,0
552.602,9
552.708,52
552.815,5
552.921,0
553.028,12
553.134,0
553.241,8
553.347,16
553.454,20
553.56,0
553.667,18
553.773,0
553.88,0
553.986,13
554.093,0
554.199,1
554.305,0
554.412,2
554.518,5
554.625,26
554.731,40
554.838,36
554.944,8
555.051,23
555.157,1
555.264,21
555.37,6
555.477,4
555.583,6
555.69,15
555.796,5
555.903,13
556.009,0
556.115,12
556.222,21
556.328,0
556.435,2
556.541,0
556.648,3
556.754,2
556.861,10
556.967,6
557.074,4
557.18,20
557.287,1
557.393,2
557.5,19
557.606,0
557.713,8
557.819,21
557.925,0
558.032,4
558.138,0
558.245,0
558.351,10
558.458,4
558.564,0
558.671,0
558.777,0
558.884,34
558.99,13
559.097,0
559.203,0
559.309,0
559.416,24
559.522,2
559.629,0
559.735,0
559.842,6
559.948,21
560.055,0
560.161,17
560.268,0
560.374,0
560.481,32
560.587,0
560.693,7
560.8,0
560.906,0
561.013,5
561.119,4
561.226,14
561.332,0
561.439,0
561.545,0
561.652,0
561.758,60
561.864,33
561.971,28
562.077,0
562.184,18
562.29,19
562.397,0
562.503,0
562.61,6
562.716,0
562.823,2
562.929,10
563.035,0
563.142,0
563.248,11
563.355,6
563.461,0
563.568,4
563.674,21
563.781,4
563.887,0
563.994,15
564.1,4
564.206,4
564.313,0
564.419,9
564.526,0
564.632,15
564.739,16
564.845,0
564.952,0
565.058,28
565.165,27
565.271,6
565.377,8
565.484,5
565.59,3
565.697,17
565.803,16
565.91,5
566.016,0
566.123,21
566.229,16
566.335,0
566.442,24
566.548,34
566.655,16
566.761,0
566.868,0
566.974,10
567.081,0
567.187,0
567.293,9
567.4,0
567.506,0
567.613,0
567.719,8
567.826,20
567.932,0
568.039,0
568.145,9
568.251,33
568.358,1
568.464,38
568.571,0
568.677,0
568.784,0
568.89,3
568.997,13
569.103,0
569.209,0
569.316,21
569.422,0
569.529,0
569.635,0
569.742,0
569.848,22
569.955,0
570.061,16
570.167,17
570.274,20
570.38,0
570.487,0
570.593,13
570.7,16
570.806,8
570.912,5
571.019,10
571.125,22
571.232,0
571.338,17
571.445,33
571.551,71
571.658,60
571.764,45
571.87,12
571.977,9
572.083,3
572.19,0
572.296,0
572.403,24
572.509,34
572.615,17
572.722,25
572.828,1
572.935,0
573.041,14
573.148,26
573.254,0
573.36,19
573.467,0
573.573,0
573.68,0
573.786,28
573.893,10
573.999,0
574.105,7
574.212,2
574.318,7
574.425,8
574.531,0
574.638,0
574.744,16
574.85,21
574.957,6
575.063,0
575.17,17
575.276,1
575.383,0
575.489,0
575.595,0
575.702,18
575.808,34
575.915,14
576.021,10
576.128,3
576.234,0
576.34,40
576.447,4
576.553,0
576.66,2
576.766,0
576.873,0
576.979,0
577.085,0
577.192,0
577.298,0
577.405,2
577.511,11
577.618,0
577.724,54
577.83,80
577.937,31
578.043,14
578.15,0
578.256,3
578.363,22
578.469,0
578.575,14
578.682,0
578.788,4
578.895,0
579.001,0
579.107,0
579.214,0
579.32,12
579.427,0
579.533,0
579.64,0
579.746,5
579.852,28
579.959,0
580.065,5
580.172,0
580.278,3
580.384,0
580.491,19
580.597,10
580.704,0
580.81,7
580.917,61
581.023,102
581.129,50
581.236,53
581.342,10
581.449,0
581.555,11
581.661,1
581.768,0
581.874,12
581.981,0
582.087,0
582.193,0
582.3,0
582.406,0
582.513,2
582.619,0
582.726,11
582.832,0
582.938,0
583.045,18
583.151,20
583.258,19
583.364,0
583.47,0
583.577,0
583.683,28
583.79,0
583.896,17
584.002,9
584.109,6
584.215,6
584.322,10
584.428,0
584.535,1
584.641,0
584.747,6
584.854,17
584.96,0
585.067,0
585.173,0
585.279,13
585.386,7
585.492,0
585.599,0
585.705,20
585.811,15
585.918,0
586.024,0
586.131,0
586.237,0
586.343,8
586.45,0
586.556,14
586.663,12
586.769,0
586.875,19
586.982,5
587.088,0
587.195,0
587.301,7
587.407,6
587.514,0
587.62,9
587.727,16
587.833,0
587.939,0
588.046,19
588.152,25
588.259,0
588.365,0
588.471,4
588.578,6
588.684,0
588.791,2
588.897,8
589.003,11
589.11,41
589.216,29
589.323,0
589.429,2
589.535,13
589.642,24
589.748,11
589.855,0
589.961,0
590.067,0
590.174,23
590.28,0
590.387,0
590.493,0
590.599,0
590.706,2
590.812,0
590.918,8
591.025,3
591.131,28
591.238,0
591.344,14
591.45,0
591.557,7
591.663,0
591.77,21
591.876,0
591.982,0
592.089,5
592.195,13
592.302,12
592.408,0
592.514,7
592.621,0
592.727,21
592.834,20
592.94,0
593.046,0
593.153,37
593.259,0
593.365,0
593.472,0
593.578,0
593.685,23
593.791,46
593.897,7
594.004,0
594.11,2
594.217,12
594.323,0
594.429,0
594.536,20
594.642,4
594.748,6
594.855,4
594.961,8
595.068,0
595.174,0
595.28,20
595.387,7
595.493,0
595.6,23
595.706,0
595.812,15
595.919,0
596.025,0
596.131,4
596.238,3
596.344,2
596.451,0
596.557,0
596.663,0
596.77,28
596.876,23
596.982,0
597.089,0
597.195,10
597.302,10
597.408,22
597.514,29
597.621,0
597.727,15
597.833,9
597.94,0
598.046,8
598.153,0
598.259,20
598.365,209
598.472,195
598.578,123
598.685,0
598.791,0
598.897,0
599.004,6
599.11,12
599.216,0
599.323,15
599.429,0
599.535,0
599.642,11
599.748,8
599.855,0
599.961,0
600.067,0
600.174,5
600.28,1
600.386,0
600.493,0
600.599,35
600.706,0
600.812,4
600.918,8
601.025,20
601.131,19
601.237,0
601.344,43
601.45,14
601.557,0
601.663,0
601.769,10
601.876,6
601.982,0
602.088,0
602.195,0
602.301,0
602.407,1
602.514,0
602.62,0
602.727,0
602.833,0
602.939,0
603.046,2
603.152,0
603.258,0
603.365,0
603.471,0
603.577,8
603.684,5
603.79,0
603.897,0
604.003,20
604.109,0
604.216,0
604.322,2
604.428,36
604.535,0
604.641,0
604.747,0
604.854,0
604.96,0
605.067,0
605.173,0
605.279,0
605.386,8
605.492,21
605.598,15
605.705,0
605.811,0
605.917,0
606.024,9
606.13,6
606.236,0
606.343,5
606.449,12
606.556,5
606.662,0
606.768,0
606.875,3
606.981,7
607.087,0
607.194,6
607.3,5
607.406,0
607.513,23
607.619,85
607.725,52
607.832,0
607.938,0
608.045,0
608.151,0
608.257,1
608.364,0
608.47,7
608.576,0
608.683,9
608.789,11
608.895,0
609.002,0
609.108,6
609.214,24
609.321,12
609.427,0
609.533,0
609.64,0
609.746,0
609.852,5
609.959,0
610.065,0
610.172,15
610.278,11
610.384,22
610.491,0
610.597,21
610.703,19
610.81,25
610.916,0
611.022,15
611.129,23
611.235,41
611.341,33
611.448,0
611.554,0
611.66,34
611.767,0
611.873,2
611.979,0
612.086,18
612.192,0
612.298,3
612.405,14
612.511,9
612.617,0
612.724,83
612.83,193
612.936,82
613.043,31
613.149,0
613.255,0
613.362,2
613.468,0
613.575,0
613.681,38
613.787,0
613.894,0
614,11
614.106,2
614.213,25
614.319,24
614.425,0
614.532,0
614.638,15
614.744,0
614.851,0
614.957,31
615.063,35
615.17,9
615.276,4
615.382,28
615.489,5
615.595,10
615.701,2
615.808,11
615.914,10
616.02,0
616.127,0
616.233,0
616.339,6
616.446,0
616.552,0
616.658,8
616.765,0
616.871,2
616.977,22
617.084,2
617.19,0
617.296,11
617.403,25
617.509,0
617.615,0
617.722,0
617.828,0
617.934,0
618.041,6
618.147,32
618.253,33
618.36,17
618.466,0
618.572,0
618.679,0
618.785,13
618.891,0
618.998,0
619.104,16
619.21,6
619.316,2
619.423,0
619.529,2
619.635,0
619.742,2
619.848,5
619.954,3
620.061,0
620.167,0
620.273,5
620.38,3
620.486,0
620.592,15
620.699,1
620.805,6
620.911,0
621.018,17
621.124,0
621.23,0
621.337,15
621.443,0
621.549,8
621.656,28
621.762,6
621.868,0
621.975,16
622.081,0
622.187,0
622.294,6
622.4,0
622.506,10
622.612,26
622.719,0
622.825,0
622.931,7
623.038,19
623.144,0
623.25,0
623.357,5
623.463,0
623.569,0
623.676,0
623.782,8
623.888,0
623.995,33
624.101,0
624.207,0
624.314,0
624.42,0
624.526,4
624.632,7
624.739,0
624.845,11
624.951,1
625.058,0
625.164,22
625.27,18
625.377,0
625.483,0
625.589,37
625.696,14
625.802,17
625.908,0
626.015,0
626.121,0
626.227,13
626.333,16
626.44,6
626.546,20
626.652,23
626.759,32
626.865,32
626.971,30
627.078,0
627.184,0
627.29,0
627.397,26
627.503,2
627.609,18
627.715,13
627.822,0
627.928,0
628.034,8
628.141,4
628.247,0
628.353,6
628.46,0
628.566,0
628.672,0
628.778,27
628.885,8
628.991,0
629.097,0
629.204,10
629.31,3
629.416,0
629.523,0
629.629,13
629.735,6
629.841,13
629.948,27
630.054,13
630.16,33
630.267,5
630.373,100
630.479,87
630.586,47
630.692,0
630.798,0
630.904,31
631.011,0
631.117,0
631.223,18
631.33,10
631.436,2
631.542,0
631.649,2
631.755,6
631.861,4
631.967,0
632.074,0
632.18,0
632.286,3
632.393,8
632.499,17
632.605,0
632.711,1
632.818,0
632.924,0
633.03,0
633.137,19
633.243,0
633.349,0
633.456,19
633.562,0
633.668,6
633.774,67
633.881,40
633.987,2
634.093,0
634.2,0
634.306,18
634.412,0
634.518,0
634.625,13
634.731,29
634.837,0
634.944,13
635.05,2
635.156,0
635.262,0
635.369,10
635.475,0
635.581,9
635.688,14
635.794,0
635.9,0
636.006,0
636.113,0
636.219,33
636.325,3
636.432,7
636.538,4
636.644,0
636.75,10
636.857,1
636.963,0
637.069,21
637.176,10
637.282,0
637.388,3
637.494,0
637.601,31
637.707,0
637.813,0
637.92,0
638.026,43
638.132,0
638.238,0
638.345,29
638.451,26
638.557,10
638.663,50
638.77,67
638.876,25
638.982,28
639.089,30
639.195,0
639.301,0
639.407,21
639.514,19
639.62,13
639.726,0
639.833,7
639.939,5
640.045,15
640.151,0
640.258,0
640.364,0
640.47,15
640.576,0
640.683,0
640.789,17
640.895,0
641.002,14
641.108,11
641.214,1
641.32,0
641.427,0
641.533,28
641.639,0
641.745,0
641.852,6
641.958,0
642.064,0
642.171,0
642.277,5
642.383,17
642.489,0
642.596,105
642.702,121
642.808,67
642.914,0
643.021,8
643.127,0
643.233,15
643.339,0
643.446,0
643.552,4
643.658,0
643.765,0
643.871,0
643.977,0
644.083,0
644.19,0
644.296,0
644.402,10
644.508,7
644.615,24
644.721,30
644.827,7
644.933,0
645.04,0
645.146,3
645.252,24
645.358,0
645.465,5
645.571,17
645.677,5
645.784,8
645.89,12
645.996,15
646.102,0
646.209,10
646.315,2
646.421,0
646.527,2
646.634,0
646.74,0
646.846,39
646.952,33
647.059,0
647.165,0
647.271,0
647.377,0
647.484,17
647.59,27
647.696,187
647.802,153
647.909,52
648.015,7
648.121,0
648.227,0
648.334,0
648.44,28
648.546,15
648.652,0
648.759,0
648.865,61
648.971,98
649.077,85
649.184,35
649.29,0
649.396,0
649.502,134
649.609,107
649.715,33
649.821,5
649.927,0
650.034,0
650.14,0
650.246,19
650.352,0
650.459,0
650.565,2
650.671,0
650.777,11
650.884,98
650.99,64
651.096,11
651.202,25
651.309,4
651.415,16
651.521,5
651.627,27
651.734,5
651.84,15
651.946,0
652.052,0
652.159,0
652.265,0
652.371,4
652.477,0
652.584,0
652.69,7
652.796,8
652.902,0
653.009,1
653.115,0
653.221,0
653.327,0
653.434,12
653.54,30
653.646,0
653.752,0
653.858,0
653.965,8
654.071,0
654.177,17
654.283,20
654.39,17
654.496,19
654.602,7
654.708,0
654.815,20
654.921,9
655.027,13
655.133,15
655.24,0
655.346,23
655.452,48
655.558,17
655.665,0
655.771,5
655.877,0
655.983,0
656.089,0
656.196,18
656.302,0
656.408,16
656.514,0
656.621,0
656.727,26
656.833,19
656.939,0
657.046,0
657.152,18
657.258,83
657.364,173
657.47,228
657.577,107
657.683,0
657.789,0
657.895,0
658.002,0
658.108,0
658.214,56
658.32,70
658.427,18
658.533,6
658.639,0
658.745,0
658.851,7
658.958,0
659.064,2
659.17,0
659.276,73
659.383,76
659.489,24
659.595,8
659.701,0
659.807,0
659.914,34
660.02,105
660.126,79
660.232,132
660.339,155
660.445,62
660.551,26
660.657,2
660.763,3
660.87,26
660.976,0
661.082,0
661.188,6
661.295,61
661.401,127
661.507,63
661.613,23
661.719,0
661.826,1
661.932,11
662.038,0
662.144,0
662.251,0
662.357,10
662.463,8
662.569,0
662.675,0
662.782,3
662.888,34
662.994,0
663.1,4
663.206,0
663.313,0
663.419,0
663.525,0
663.631,4
663.738,17
663.844,38
663.95,0
664.056,9
664.162,20
664.269,0
664.375,0
664.481,10
664.587,0
664.693,0
664.8,0
664.906,0
665.012,0
665.118,0
665.225,5
665.331,0
665.437,0
665.543,4
665.649,5
665.756,32
665.862,15
665.968,3
666.074,0
666.18,0
666.287,0
666.393,0
666.499,3
666.605,41
666.711,0
666.818,0
666.924,0
667.03,12
667.136,31
667.242,0
667.349,0
667.455,0
667.561,26
667.667,50
667.773,29
667.88,0
667.986,0
668.092,135
668.198,112
668.304,43
668.411,0
668.517,0
668.623,0
668.729,0
668.835,0
668.942,0
669.048,14
669.154,0
669.26,0
669.366,0
669.473,32
669.579,66
669.685,14
669.791,21
669.897,22
670.004,38
670.11,11
670.216,0
670.322,8
670.428,8
670.535,0
670.641,8
670.747,66
670.853,55
670.959,6
671.066,4
671.172,0
671.278,24
671.384,5
671.49,0
671.597,0
671.703,0
671.809,0
671.915,26
672.021,10
672.128,0
672.234,0
672.34,8
672.446,12
672.552,0
672.658,0
672.765,0
672.871,0
672.977,22
673.083,8
673.189,0
673.296,0
673.402,17
673.508,23
673.614,29
673.72,26
673.827,5
673.933,0
674.039,2
674.145,0
674.251,0
674.357,0
674.464,0
674.57,12
674.676,0
674.782,4
674.888,0
674.995,6
675.101,11
675.207,0
675.313,0
675.419,0
675.526,6
675.632,0
675.738,0
675.844,24
675.95,0
676.056,37
676.163,61
676.269,36
676.375,20
676.481,0
676.587,8
676.693,0
676.8,0
676.906,28
677.012,2
677.118,0
677.224,9
677.331,22
677.437,0
677.543,6
677.649,45
677.755,0
677.861,9
677.968,2
678.074,0
678.18,0
678.286,20
678.392,7
678.498,0
678.605,0
678.711,42
678.817,33
678.923,0
679.029,0
679.136,24
679.242,0
679.348,0
679.454,0
679.56,0
679.666,6
679.773,0
679.879,11
679.985,0
680.091,17
680.197,0
680.303,0
680.41,0
680.516,4
680.622,0
680.728,12
680.834,0
680.94,0
681.047,18
681.153,3
681.259,0
681.365,21
681.471,9
681.577,29
681.684,0
681.79,0
681.896,5
682.002,0
682.108,0
682.214,8
682.321,0
682.427,0
682.533,0
682.639,11
682.745,18
682.851,7
682.958,20
683.064,42
683.17,0
683.276,6
683.382,0
683.488,0
683.595,22
683.701,0
683.807,18
683.913,0
684.019,0
684.125,0
684.231,0
684.338,29
684.444,12
684.55,0
684.656,1
684.762,0
684.868,0
684.975,8
685.081,17
685.187,3
685.293,18
685.399,0
685.505,0
685.611,22
685.718,13
685.824,0
685.93,0
686.036,6
686.142,8
686.248,0
686.355,0
686.461,32
686.567,0
686.673,1
686.779,0
686.885,0
686.991,3
687.098,6
687.204,0
687.31,0
687.416,0
687.522,0
687.628,0
687.735,12
687.841,0
687.947,0
688.053,0
688.159,13
688.265,7
688.371,0
688.478,0
688.584,0
688.69,7
688.796,0
688.902,0
689.008,0
689.114,0
689.221,0
689.327,1
689.433,0
689.539,14
689.645,7
689.751,13
689.857,0
689.964,4
690.07,30
690.176,0
690.282,0
690.388,0
690.494,0
690.6,0
690.707,26
690.813,31
690.919,1
691.025,20
691.131,20
691.237,12
691.343,0
691.45,0
691.556,5
691.662,0
691.768,0
691.874,0
691.98,20
692.086,28
692.193,0
692.299,2
692.405,0
692.511,22
692.617,0
692.723,0
692.829,12
692.935,1
693.042,7
693.148,27
693.254,34
693.36,12
693.466,0
693.572,3
693.678,11
693.785,0
693.891,0
693.997,38
694.103,106
694.209,100
694.315,39
694.421,15
694.527,0
694.634,0
694.74,4
694.846,31
694.952,0
695.058,0
695.164,8
695.27,14
695.376,0
695.483,2
695.589,0
695.695,0
695.801,0
695.907,0
696.013,15
696.119,39
696.225,0
696.332,24
696.438,0
696.544,10
696.65,0
696.756,0
696.862,0
696.968,0
697.074,0
697.181,73
697.287,110
697.393,45
697.499,10
697.605,0
697.711,27
697.817,0
697.923,26
698.03,15
698.136,0
698.242,0
698.348,0
698.454,16
698.56,6
698.666,0
698.772,29
698.879,0
698.985,7
699.091,0
699.197,0
699.303,18
699.409,48
699.515,0
