59.6745,23
59.7814,0
59.8883,48
59.9952,22
60.1021,0
60.209,6
60.3159,0
60.4228,3
60.5296,10
60.6365,10
60.7434,0
60.8503,14
60.9572,17
61.0641,6
61.171,0
61.2779,0
61.3848,14
61.4917,1
61.5986,0
61.7055,13
61.8124,22
61.9193,0
62.0261,0
62.133,24
62.2399,10
62.3468,2
62.4537,5
62.5606,39
62.6675,0
62.7744,11
62.8813,29
62.9882,21
63.0951,9
63.202,0
63.3089,14
63.4158,20
63.5226,10
63.6295,8
63.7364,9
63.8433,9
63.9502,0
64.0571,0
64.164,29
64.2709,27
64.3778,2
64.4847,18
64.5916,20
64.6985,35
64.8054,5
64.9123,6
65.0192,0
65.1261,0
65.2329,5
65.3398,0
65.4467,0
65.5536,2
65.6605,10
65.7674,0
65.8743,9
65.9812,21
66.0881,0
66.195,16
66.3019,53
66.4088,10
66.5157,11
66.6226,14
66.7295,18
66.8364,0
66.9433,0
67.0502,0
67.157,28
67.2639,0
67.3708,0
67.4777,0
67.5846,34
67.6915,14
67.7984,8
67.9053,0
68.0122,0
68.1191,0
68.226,10
68.3329,3
68.4398,0
68.5467,0
68.6536,28
68.7605,23
68.8674,8
68.9743,12
69.0812,21
69.1881,1
69.295,19
69.4018,6
69.5087,0
69.6156,0
69.7225,12
69.8294,5
69.9363,26
70.0432,40
70.1501,1
70.257,0
70.3639,0
70.4708,0
70.5777,84
70.6846,48
70.7915,0
70.8984,18
71.0053,0
71.1122,12
71.2191,0
71.326,2
71.4329,13
71.5398,0
71.6467,9
71.7536,9
71.8605,24
71.9674,21
72.0742,2
72.1811,12
72.288,37
72.3949,14
72.5018,29
72.6087,0
72.7156,5
72.8225,0
72.9294,10
73.0363,1
73.1432,0
73.2501,9
73.357,0
73.4639,0
73.5708,17
73.6777,17
73.7846,11
73.8915,7
73.9984,0
74.1053,16
74.2122,25
74.3191,0
74.426,0
74.5329,20
74.6398,0
74.7467,0
74.8536,0
74.9605,15
75.0674,8
75.1743,0
75.2812,6
75.3881,19
75.495,2
75.6019,0
75.7088,14
75.8157,21
75.9225,11
76.0294,5
76.1363,25
76.2432,4
76.3501,13
76.457,8
76.5639,0
76.6708,20
76.7777,13
76.8846,7
76.9915,13
77.0984,2
77.2053,13
77.3122,33
77.4191,0
77.526,0
77.6329,28
77.7398,2
77.8467,24
77.9536,0
78.0605,0
78.1674,2
78.2743,0
78.3812,7
78.4881,25
78.595,6
78.7019,4
78.8088,11
78.9157,0
79.0226,0
79.1295,30
79.2364,0
79.3433,5
79.4502,20
79.5571,1
79.664,20
79.7709,0
79.8778,19
79.9847,1
80.0916,0
80.1985,25
80.3054,11
80.4123,9
80.5192,0
80.6261,0
80.733,20
80.8399,12
80.9468,18
81.0537,0
81.1606,0
81.2675,60
81.3744,38
81.4813,12
81.5882,0
81.6951,2
81.802,24
81.9089,8
82.0158,14
82.1227,16
82.2296,2
82.3365,20
82.4434,0
82.5503,5
82.6572,4
82.7641,7
82.871,0
82.9779,11
83.0848,0
83.1917,0
83.2986,0
83.4055,22
83.5124,8
83.6193,0
83.7262,28
83.8331,7
83.94,0
84.0469,0
84.1538,12
84.2607,4
84.3676,0
84.4745,8
84.5814,0
84.6883,8
84.7952,8
84.9021,15
85.009,3
85.1159,16
85.2228,15
85.3297,3
85.4366,2
85.5435,0
85.6504,5
85.7573,15
85.8642,0
85.9711,0
86.078,22
86.1849,3
86.2918,0
86.3987,0
86.5056,12
86.6125,0
86.7194,30
86.8263,6
86.9332,0
87.0401,12
87.147,10
87.2539,5
87.3608,0
87.4677,0
87.5746,0
87.6815,25
87.7884,10
87.8953,2
88.0022,20
88.1091,0
88.216,0
88.3229,0
88.4298,13
88.5367,9
88.6436,0
88.7505,13
88.8574,10
88.9643,19
89.0712,19
89.1781,8
89.285,0
89.3919,14
89.4988,0
89.6057,0
89.7126,0
89.8195,30
89.9264,5
90.0334,0
90.1403,20
90.2472,14
90.3541,0
90.461,28
90.5679,10
90.6748,0
90.7817,19
90.8886,21
90.9955,19
91.1024,0
91.2093,29
91.3162,27
91.4231,0
91.53,0
91.6369,0
91.7438,0
91.8507,0
91.9576,26
92.0645,25
92.1714,6
92.2783,11
92.3852,2
92.4921,11
92.599,0
92.7059,0
92.8128,0
92.9197,7
93.0266,0
93.1335,9
93.2404,1
93.3473,10
93.4542,29
93.5611,14
93.668,0
93.7749,0
93.8818,22
93.9887,16
94.0956,15
94.2025,0
94.3095,11
94.4164,37
94.5233,13
94.6302,7
94.7371,0
94.844,15
94.9509,13
95.0578,0
95.1647,0
95.2716,2
95.3785,30
95.4854,2
95.5923,0
95.6992,13
95.8061,10
95.913,0
96.0199,14
96.1268,7
96.2337,0
96.3406,0
96.4475,24
96.5544,23
96.6613,25
96.7682,0
96.8751,14
96.982,1
97.0889,32
97.1958,18
97.3027,0
97.4097,15
97.5166,0
97.6235,0
97.7304,0
97.8373,18
97.9442,4
98.0511,32
98.158,16
98.2649,0
98.3718,9
98.4787,7
98.5856,28
98.6925,9
98.7994,0
98.9063,32
99.0132,0
99.1201,0
99.227,0
99.3339,0
99.4408,0
99.5477,4
99.6546,0
99.7615,0
99.8684,43
99.9753,4
100.082,11
100.189,15
100.296,0
100.403,27
100.51,18
100.617,2
100.724,13
100.831,0
100.937,0
101.044,9
101.151,0
101.258,0
101.365,30
101.472,3
101.579,0
101.686,0
101.793,0
101.9,15
102.007,32
102.113,0
102.22,2
102.327,19
102.434,0
102.541,0
102.648,41
102.755,32
102.862,5
102.969,0
103.076,0
103.182,0
103.289,1
103.396,16
103.503,0
103.61,0
103.717,0
103.824,23
103.931,19
104.038,0
104.145,0
104.252,0
104.358,0
104.465,25
104.572,0
104.679,0
104.786,1
104.893,23
105,9
105.107,30
105.214,1
105.321,0
105.427,3
105.534,0
105.641,0
105.748,6
105.855,27
105.962,0
106.069,0
106.176,2
106.283,0
106.39,4
106.497,0
106.603,7
106.71,11
106.817,0
106.924,28
107.031,0
107.138,0
107.245,13
107.352,0
107.459,28
107.566,18
107.673,0
107.779,0
107.886,5
107.993,14
108.1,0
108.207,13
108.314,12
108.421,8
108.528,4
108.635,9
108.742,24
108.848,0
108.955,0
109.062,15
109.169,10
109.276,12
109.383,17
109.49,15
109.597,0
109.704,1
109.811,9
109.918,0
110.024,22
110.131,6
110.238,0
110.345,0
110.452,10
110.559,12
110.666,0
110.773,6
110.88,0
110.987,11
111.094,29
111.2,7
111.307,0
111.414,27
111.521,17
111.628,16
111.735,42
111.842,6
111.949,16
112.056,6
112.163,0
112.269,5
112.376,0
112.483,0
112.59,0
112.697,0
112.804,4
112.911,22
113.018,0
113.125,0
113.232,0
113.339,50
113.445,14
113.552,0
113.659,0
113.766,0
113.873,0
113.98,0
114.087,0
114.194,0
114.301,9
114.408,1
114.515,0
114.621,0
114.728,15
114.835,16
114.942,15
115.049,0
115.156,0
115.263,12
115.37,2
115.477,3
115.584,0
115.69,16
115.797,4
115.904,0
116.011,11
116.118,20
116.225,8
116.332,5
116.439,3
116.546,2
116.653,10
116.76,0
116.866,15
116.973,7
117.08,0
117.187,0
117.294,13
117.401,19
117.508,10
117.615,0
117.722,13
117.829,0
117.936,0
118.042,0
118.149,0
118.256,16
118.363,12
118.47,3
118.577,0
118.684,6
118.791,12
118.898,0
119.005,0
119.112,4
119.218,13
119.325,4
119.432,0
119.539,0
119.646,7
119.753,1
119.86,0
119.967,34
120.074,3
120.181,6
120.287,2
120.394,20
120.501,19
120.608,0
120.715,0
120.822,0
120.929,10
121.036,1
121.143,18
121.25,9
121.357,10
121.463,0
121.57,7
121.677,0
121.784,17
121.891,28
121.998,1
122.105,15
122.212,0
122.319,0
122.426,11
122.533,3
122.639,0
122.746,9
122.853,12
122.96,0
123.067,0
123.174,0
123.281,0
123.388,15
123.495,34
123.602,0
123.709,20
123.815,0
123.922,0
124.029,18
124.136,24
124.243,0
124.35,0
124.457,6
124.564,8
124.671,0
124.778,0
124.885,8
124.991,0
125.098,4
125.205,1
125.312,0
125.419,0
125.526,29
125.633,0
125.74,8
125.847,16
125.954,7
126.061,16
126.167,23
126.274,9
126.381,0
126.488,12
126.595,16
126.702,0
126.809,0
126.916,7
127.023,8
127.13,0
127.236,13
127.343,0
127.45,0
127.557,15
127.664,4
127.771,5
127.878,3
127.985,25
128.092,6
128.199,7
128.306,0
128.412,0
128.519,25
128.626,27
128.733,0
128.84,17
128.947,0
129.054,12
129.161,11
129.268,0
129.375,0
129.482,0
129.588,0
129.695,17
129.802,0
129.909,0
130.016,6
130.123,33
130.23,20
130.337,7
130.444,20
130.551,10
130.658,0
130.764,0
130.871,4
130.978,10
131.085,11
131.192,9
131.299,15
131.406,23
131.513,22
131.62,15
131.727,0
131.834,0
131.94,0
132.047,0
132.154,0
132.261,13
132.368,27
132.475,0
132.582,0
132.689,22
132.796,32
132.903,0
133.01,0
133.116,18
133.223,0
133.33,0
133.437,2
133.544,11
133.651,0
133.758,12
133.865,0
133.972,5
134.079,19
134.186,14
134.292,3
134.399,12
134.506,0
134.613,0
134.72,24
134.827,51
134.934,8
135.041,0
135.148,0
135.255,0
135.362,0
135.468,11
135.575,0
135.682,0
135.789,17
135.896,0
136.003,10
136.11,24
136.217,1
136.324,0
136.431,2
136.538,0
136.644,0
136.751,0
136.858,16
136.965,8
137.072,9
137.179,0
137.286,0
137.393,0
137.5,12
137.607,0
137.714,3
137.82,0
137.927,9
138.034,0
138.141,11
138.248,0
138.355,0
138.462,0
138.569,2
138.676,13
138.783,0
138.89,0
138.996,0
139.103,0
139.21,22
139.317,10
139.424,23
139.531,6
139.638,12
139.745,0
139.852,20
139.959,0
140.065,0
140.172,0
140.279,18
140.386,23
140.493,10
140.6,0
140.707,9
140.814,35
140.921,0
141.028,0
141.135,0
141.241,0
141.348,0
141.455,0
141.562,7
141.669,13
141.776,1
141.883,17
141.99,10
142.097,14
142.204,1
142.311,0
142.417,7
142.524,0
142.631,2
142.738,11
142.845,23
142.952,0
143.059,0
143.166,0
143.273,0
143.38,0
143.487,24
143.593,5
143.7,0
143.807,0
143.914,0
144.021,0
144.128,14
144.235,0
144.342,0
144.449,11
144.556,26
144.663,10
144.769,14
144.876,20
144.983,0
145.09,0
145.197,0
145.304,0
145.411,69
145.518,48
145.625,1
145.732,0
145.839,0
145.945,0
146.052,5
146.159,44
146.266,8
146.373,13
146.48,7
146.587,0
146.694,10
146.801,0
146.908,15
147.015,0
147.121,3
147.228,13
147.335,0
147.442,0
147.549,15
147.656,30
147.763,4
147.87,10
147.977,0
148.084,0
148.191,3
148.297,3
148.404,13
148.511,0
148.618,7
148.725,19
148.832,10
148.939,10
149.046,0
149.153,0
149.26,0
149.367,11
149.473,0
149.58,1
149.687,8
149.794,0
149.901,20
150.008,0
150.115,0
150.222,0
150.329,0
150.436,30
150.543,1
150.649,0
150.756,16
150.863,4
150.97,0
151.077,0
151.184,0
151.291,9
151.398,0
151.505,0
151.612,0
151.719,0
151.825,3
151.932,9
152.039,0
152.146,11
152.253,0
152.36,28
152.467,20
152.574,7
152.681,0
152.788,6
152.894,28
153.001,16
153.108,0
153.215,8
153.322,0
153.429,8
153.536,14
153.643,17
153.75,7
153.857,5
153.964,11
154.07,0
154.177,0
154.284,0
154.391,0
154.498,0
154.605,0
154.712,18
154.819,3
154.926,0
155.033,26
155.14,16
155.246,0
155.353,0
155.46,0
155.567,34
155.674,0
155.781,0
155.888,0
155.995,0
156.102,13
156.209,28
156.316,10
156.422,0
156.529,0
156.636,0
156.743,25
156.85,23
156.957,0
157.064,0
157.171,4
157.278,6
157.385,0
157.492,0
157.598,0
157.705,1
157.812,0
157.919,0
158.026,0
158.133,10
158.24,0
158.347,0
158.454,0
158.561,7
158.668,19
158.774,22
158.881,0
158.988,17
159.095,32
159.202,20
159.309,14
159.416,0
159.523,7
159.63,5
159.737,0
159.844,0
159.95,21
160.057,8
160.164,0
160.271,11
160.378,0
160.485,0
160.592,0
160.699,37
160.806,8
160.913,0
161.019,0
161.126,0
161.233,0
161.34,8
161.447,32
161.554,0
161.661,22
161.768,13
161.875,0
161.982,8
162.089,14
162.195,25
162.302,5
162.409,10
162.516,9
162.623,1
162.73,0
162.837,8
162.944,0
163.051,15
163.158,0
163.265,2
163.371,5
163.478,0
163.585,0
163.692,0
163.799,3
163.906,9
164.013,0
164.12,0
164.227,1
164.334,24
164.441,0
164.547,16
164.654,0
164.761,8
164.868,23
164.975,0
165.082,0
165.189,0
165.296,10
165.403,0
165.51,10
165.616,0
165.723,0
165.83,0
165.937,3
166.044,0
166.151,0
166.258,30
166.365,6
166.472,5
166.579,0
166.686,0
166.792,25
166.899,36
167.006,8
167.113,0
167.22,0
167.327,0
167.434,5
167.541,0
167.648,11
167.755,5
167.862,11
167.968,3
168.075,28
168.182,8
168.289,24
168.396,28
168.503,0
168.61,0
168.717,0
168.824,1
168.931,0
169.037,6
169.144,4
169.251,0
169.358,0
169.465,0
169.572,0
169.679,12
169.786,0
169.893,1
170,0
170.107,0
170.213,0
170.32,0
170.427,14
170.534,21
170.641,0
170.748,15
170.855,6
170.962,1
171.069,35
171.176,0
171.283,8
171.389,0
171.496,16
171.603,8
171.71,0
171.817,7
171.924,0
172.031,6
172.138,0
172.245,2
172.352,0
172.458,8
172.565,0
172.672,0
172.779,0
172.886,0
172.993,0
173.1,7
173.207,0
173.314,13
173.421,3
173.528,0
173.634,30
173.741,14
173.848,0
173.955,6
174.062,15
174.169,0
174.276,19
174.383,0
174.49,8
174.597,27
174.704,9
174.81,0
174.917,5
175.024,0
175.131,0
175.238,8
175.345,9
175.452,0
175.559,0
175.666,0
175.773,22
175.879,0
175.986,0
176.093,0
176.2,0
176.307,0
176.414,0
176.521,0
176.628,17
176.735,2
176.842,0
176.949,0
177.055,0
177.162,24
177.269,0
177.376,0
177.483,7
177.59,18
177.697,0
177.804,0
177.911,0
178.018,1
178.124,7
178.231,4
178.338,36
178.445,16
178.552,53
178.659,43
178.766,45
178.873,27
178.98,87
179.087,14
179.194,18
179.3,20
179.407,7
179.514,0
179.621,0
179.728,8
179.835,13
179.942,21
180.049,9
180.156,24
180.263,0
180.369,6
180.476,0
180.583,4
180.69,0
180.797,0
180.904,0
181.011,2
181.118,4
181.225,22
181.332,12
181.439,32
181.545,10
181.652,10
181.759,0
181.866,0
181.973,0
182.08,0
182.187,16
182.294,0
182.401,7
182.508,0
182.614,9
182.721,0
182.828,7
182.935,8
183.042,12
183.149,6
183.256,0
183.363,0
183.47,25
183.577,2
183.683,0
183.79,0
183.897,10
184.004,0
184.111,1
184.218,29
184.325,10
184.432,0
184.539,17
184.646,8
184.753,0
184.859,0
184.966,0
185.073,0
185.18,0
185.287,11
185.394,3
185.501,0
185.608,12
185.715,1
185.822,0
185.928,0
186.035,18
186.142,43
186.249,8
186.356,1
186.463,0
186.57,13
186.677,0
186.784,0
186.891,0
186.997,17
187.104,0
187.211,0
187.318,2
187.425,6
187.532,3
187.639,10
187.746,2
187.853,37
187.96,0
188.067,0
188.173,24
188.28,19
188.387,7
188.494,12
188.601,18
188.708,0
188.815,0
188.922,0
189.029,0
189.136,13
189.242,0
189.349,6
189.456,16
189.563,7
189.67,22
189.777,23
189.884,11
189.991,0
190.098,25
190.205,0
190.311,0
190.418,27
190.525,10
190.632,0
190.739,0
190.846,0
190.953,14
191.06,0
191.167,0
191.274,17
191.38,7
191.487,0
191.594,0
191.701,7
191.808,11
191.915,6
192.022,0
192.129,10
192.236,11
192.343,2
192.45,8
192.556,0
192.663,21
192.77,0
192.877,26
192.984,5
193.091,0
193.198,2
193.305,0
193.412,0
193.519,7
193.625,12
193.732,0
193.839,0
193.946,10
194.053,0
194.16,0
194.267,14
194.374,14
194.481,27
194.588,21
194.694,21
194.801,0
194.908,3
195.015,12
195.122,19
195.229,0
195.336,4
195.443,6
195.55,0
195.657,0
195.763,0
195.87,3
195.977,0
196.084,0
196.191,0
196.298,28
196.405,0
196.512,3
196.619,21
196.726,0
196.832,18
196.939,12
197.046,2
197.153,0
197.26,2
197.367,0
197.474,0
197.581,2
197.688,0
197.795,8
197.901,29
198.008,27
198.115,20
198.222,13
198.329,3
198.436,4
198.543,0
198.65,0
198.757,0
198.864,18
198.97,26
199.077,0
199.184,15
199.291,1
199.398,11
199.505,16
199.612,0
199.719,0
199.826,0
199.933,18
200.039,19
200.146,13
200.253,22
200.36,8
200.467,0
200.574,34
200.681,19
200.788,6
200.895,0
201.002,0
201.108,0
201.215,19
201.322,0
201.429,3
201.536,0
201.643,1
201.75,8
201.857,0
201.964,11
202.071,0
202.177,9
202.284,22
202.391,24
202.498,0
202.605,24
202.712,0
202.819,0
202.926,13
203.033,0
203.14,0
203.246,0
203.353,0
203.46,5
203.567,6
203.674,0
203.781,0
203.888,18
203.995,23
204.102,12
204.208,6
204.315,9
204.422,5
204.529,0
204.636,5
204.743,17
204.85,12
204.957,0
205.064,13
205.171,0
205.277,3
205.384,9
205.491,15
205.598,35
205.705,0
205.812,13
205.919,0
206.026,0
206.133,9
206.24,0
206.346,9
206.453,4
206.56,0
206.667,15
206.774,0
206.881,0
206.988,0
207.095,0
207.202,5
207.309,0
207.415,0
207.522,11
207.629,0
207.736,0
207.843,21
207.95,0
208.057,11
208.164,0
208.271,1
208.377,0
208.484,0
208.591,36
208.698,0
208.805,0
208.912,16
209.019,16
209.126,0
209.233,5
209.34,0
209.446,0
209.553,31
209.66,42
209.767,0
209.874,0
209.981,2
210.088,77
210.195,88
210.302,50
210.409,15
210.515,0
210.622,0
210.729,2
210.836,2
210.943,4
211.05,0
211.157,10
211.264,0
211.371,37
211.477,0
211.584,11
211.691,24
211.798,0
211.905,11
212.012,16
212.119,2
212.226,0
212.333,11
212.44,7
212.546,0
212.653,0
212.76,27
212.867,0
212.974,0
213.081,0
213.188,8
213.295,0
213.402,0
213.508,2
213.615,0
213.722,25
213.829,2
213.936,18
214.043,0
214.15,5
214.257,3
214.364,6
214.471,8
214.577,0
214.684,0
214.791,10
214.898,0
215.005,10
215.112,0
215.219,6
215.326,15
215.433,0
215.539,23
215.646,30
215.753,5
215.86,15
215.967,0
216.074,19
216.181,2
216.288,0
216.395,3
216.502,0
216.608,0
216.715,16
216.822,14
216.929,55
217.036,24
217.143,9
217.25,11
217.357,20
217.464,0
217.57,0
217.677,4
217.784,0
217.891,6
217.998,26
218.105,0
218.212,0
218.319,18
218.426,0
218.532,0
218.639,0
218.746,0
218.853,0
218.96,0
219.067,0
219.174,39
219.281,43
219.388,0
219.495,0
219.601,0
219.708,0
219.815,0
219.922,0
220.029,0
220.136,0
220.243,40
220.35,54
220.457,6
220.563,0
220.67,14
220.777,22
220.884,0
220.991,7
221.098,0
221.205,4
221.312,37
221.419,23
221.525,9
221.632,0
221.739,0
221.846,16
221.953,13
222.06,0
222.167,12
222.274,14
222.381,0
222.488,0
222.594,0
222.701,28
222.808,19
222.915,0
223.022,1
223.129,10
223.236,4
223.343,6
223.45,0
223.556,0
223.663,0
223.77,4
223.877,2
223.984,0
224.091,0
224.198,0
224.305,0
224.412,22
224.518,3
224.625,0
224.732,0
224.839,8
224.946,0
225.053,0
225.16,1
225.267,0
225.374,0
225.48,5
225.587,13
225.694,0
225.801,1
225.908,23
226.015,17
226.122,6
226.229,0
226.336,0
226.442,13
226.549,33
226.656,0
226.763,0
226.87,0
226.977,8
227.084,0
227.191,0
227.298,2
227.404,19
227.511,0
227.618,10
227.725,0
227.832,4
227.939,17
228.046,0
228.153,0
228.26,5
228.366,0
228.473,0
228.58,0
228.687,0
228.794,6
228.901,86
229.008,190
229.115,96
229.222,4
229.328,0
229.435,0
229.542,0
229.649,19
229.756,0
229.863,0
229.97,0
230.077,15
230.184,3
230.29,0
230.397,0
230.504,7
230.611,0
230.718,0
230.825,0
230.932,5
231.039,16
231.146,0
231.252,0
231.359,14
231.466,17
231.573,9
231.68,7
231.787,18
231.894,12
232.001,5
232.108,5
232.214,0
232.321,0
232.428,0
232.535,12
232.642,12
232.749,35
232.856,0
232.963,0
233.07,10
233.176,6
233.283,0
233.39,6
233.497,0
233.604,0
233.711,0
233.818,16
233.925,0
234.031,2
234.138,0
234.245,0
234.352,0
234.459,12
234.566,0
234.673,19
234.78,21
234.887,0
234.993,0
235.1,16
235.207,25
235.314,0
235.421,6
235.528,0
235.635,0
235.742,0
235.849,15
235.955,52
236.062,0
236.169,0
236.276,0
236.383,44
236.49,18
236.597,4
236.704,0
236.81,24
236.917,0
237.024,20
237.131,11
237.238,0
237.345,0
237.452,13
237.559,0
237.666,4
237.772,19
237.879,19
237.986,153
238.093,128
238.2,87
238.307,66
238.414,129
238.521,174
238.628,184
238.734,98
238.841,54
238.948,74
239.055,53
239.162,0
239.269,1
239.376,0
239.483,31
239.589,0
239.696,10
239.803,2
239.91,0
240.017,0
240.124,33
240.231,52
240.338,53
240.445,21
240.551,0
240.658,0
240.765,0
240.872,4
240.979,3
241.086,8
241.193,7
241.3,0
241.406,45
241.513,5
241.62,36
241.727,33
241.834,8
241.941,36
242.048,82
242.155,79
242.262,44
242.368,0
242.475,38
242.582,13
242.689,22
242.796,0
242.903,20
243.01,11
243.117,0
243.223,6
243.33,0
243.437,0
243.544,13
243.651,15
243.758,0
243.865,0
243.972,14
244.079,10
244.185,25
244.292,0
244.399,0
244.506,0
244.613,11
244.72,0
244.827,4
244.934,0
245.04,0
245.147,21
245.254,18
245.361,0
245.468,0
245.575,0
245.682,0
245.789,50
245.896,116
246.002,126
246.109,62
246.216,14
246.323,16
246.43,0
246.537,20
246.644,0
246.751,0
246.857,0
246.964,0
247.071,0
247.178,13
247.285,0
247.392,8
247.499,22
247.606,0
247.712,9
247.819,32
247.926,23
248.033,11
248.14,11
248.247,30
248.354,23
248.461,14
248.567,18
248.674,1
248.781,2
248.888,5
248.995,0
249.102,0
249.209,10
249.316,12
249.423,0
249.529,0
249.636,3
249.743,57
249.85,0
249.957,11
250.064,0
250.171,0
250.278,5
250.384,2
250.491,7
250.598,21
250.705,0
250.812,0
250.919,30
251.026,13
251.133,0
251.239,19
251.346,20
251.453,14
251.56,0
251.667,16
251.774,19
251.881,17
251.988,14
252.094,0
252.201,0
252.308,26
252.415,5
252.522,17
252.629,90
252.736,88
252.843,45
252.949,0
253.056,43
253.163,66
253.27,73
253.377,56
253.484,16
253.591,3
253.698,20
253.804,24
253.911,19
254.018,8
254.125,0
254.232,13
254.339,0
254.446,5
254.553,38
254.659,146
254.766,119
254.873,22
254.98,0
255.087,0
255.194,47
255.301,74
255.408,43
255.514,0
255.621,0
255.728,0
255.835,0
255.942,10
256.049,0
256.156,27
256.263,10
256.369,0
256.476,10
256.583,26
256.69,4
256.797,0
256.904,0
257.011,0
257.118,4
257.224,23
257.331,0
257.438,38
257.545,19
257.652,13
257.759,51
257.866,7
257.973,36
258.079,15
258.186,0
258.293,0
258.4,0
258.507,19
258.614,0
258.721,0
258.828,11
258.934,1
259.041,0
259.148,13
259.255,6
259.362,0
259.469,24
259.576,11
259.683,0
259.789,0
259.896,0
260.003,28
260.11,0
260.217,15
260.324,18
260.431,0
260.537,6
260.644,0
260.751,11
260.858,10
260.965,6
261.072,0
261.179,24
261.286,26
261.392,0
261.499,11
261.606,0
261.713,7
261.82,0
261.927,0
262.034,18
262.141,0
262.247,0
262.354,8
262.461,8
262.568,1
262.675,22
262.782,0
262.889,0
262.996,36
263.102,20
263.209,6
263.316,0
263.423,0
263.53,0
263.637,0
263.744,12
263.85,36
263.957,18
264.064,18
264.171,6
264.278,20
264.385,16
264.492,8
264.599,0
264.705,0
264.812,0
264.919,3
265.026,17
265.133,28
265.24,36
265.347,0
265.454,0
265.56,26
265.667,5
265.774,0
265.881,40
265.988,1
266.095,10
266.202,0
266.308,0
266.415,35
266.522,14
266.629,1
266.736,6
266.843,8
266.95,0
267.057,19
267.163,24
267.27,9
267.377,0
267.484,0
267.591,0
267.698,28
267.805,13
267.911,7
268.018,13
268.125,6
268.232,20
268.339,10
268.446,0
268.553,26
268.66,33
268.766,4
268.873,0
268.98,15
269.087,0
269.194,0
269.301,1
269.408,16
269.514,0
269.621,0
269.728,20
269.835,10
269.942,0
270.049,0
270.156,14
270.263,5
270.369,2
270.476,5
270.583,0
270.69,0
270.797,15
270.904,27
271.011,0
271.117,0
271.224,4
271.331,0
271.438,11
271.545,0
271.652,0
271.759,6
271.866,9
271.972,17
272.079,0
272.186,3
272.293,1
272.4,6
272.507,11
272.614,0
272.72,14
272.827,0
272.934,20
273.041,15
273.148,0
273.255,0
273.362,0
273.468,0
273.575,0
273.682,20
273.789,45
273.896,24
274.003,0
274.11,19
274.217,5
274.323,24
274.43,0
274.537,10
274.644,6
274.751,0
274.858,11
274.965,0
275.071,12
275.178,0
275.285,14
275.392,0
275.499,0
275.606,0
275.713,24
275.819,17
275.926,0
276.033,20
276.14,0
276.247,10
276.354,0
276.461,4
276.567,7
276.674,23
276.781,0
276.888,0
276.995,3
277.102,0
277.209,0
277.315,13
277.422,16
277.529,24
277.636,0
277.743,15
277.85,0
277.957,22
278.064,10
278.17,0
278.277,6
278.384,0
278.491,0
278.598,0
278.705,0
278.812,8
278.918,0
279.025,15
279.132,14
279.239,21
279.346,0
279.453,0
279.56,0
279.666,11
279.773,33
279.88,0
279.987,25
280.094,9
280.201,0
280.308,10
280.414,156
280.521,158
280.628,56
280.735,10
280.842,28
280.949,24
281.056,0
281.162,2
281.269,0
281.376,11
281.483,4
281.59,32
281.697,24
281.804,8
281.91,26
282.017,0
282.124,0
282.231,7
282.338,0
282.445,6
282.552,33
282.658,23
282.765,0
282.872,9
282.979,5
283.086,18
283.193,4
283.3,0
283.406,0
283.513,0
283.62,3
283.727,25
283.834,0
283.941,12
284.048,20
284.154,0
284.261,7
284.368,41
284.475,50
284.582,13
284.689,0
284.796,0
284.902,0
285.009,0
285.116,24
285.223,0
285.33,0
285.437,20
285.544,0
285.65,0
285.757,9
285.864,2
285.971,13
286.078,18
286.185,24
286.292,19
286.398,0
286.505,0
286.612,21
286.719,18
286.826,2
286.933,0
287.039,6
287.146,0
287.253,22
287.36,12
287.467,0
287.574,12
287.681,19
287.787,97
287.894,99
288.001,173
288.108,141
288.215,42
288.322,0
288.429,9
288.535,17
288.642,0
288.749,0
288.856,0
288.963,20
289.07,0
289.177,4
289.283,4
289.39,15
289.497,0
289.604,0
289.711,0
289.818,20
289.924,22
290.031,22
290.138,2
290.245,19
290.352,6
290.459,0
290.566,3
290.672,0
290.779,5
290.886,15
290.993,0
291.1,8
291.207,2
291.314,11
291.42,0
291.527,0
291.634,8
291.741,3
291.848,0
291.955,0
292.062,2
292.168,0
292.275,4
292.382,0
292.489,7
292.596,9
292.703,0
292.809,3
292.916,0
293.023,0
293.13,22
293.237,8
293.344,0
293.451,13
293.557,0
293.664,5
293.771,28
293.878,11
293.985,0
294.092,16
294.198,13
294.305,9
294.412,19
294.519,30
294.626,21
294.733,26
294.84,0
294.946,0
295.053,17
295.16,34
295.267,21
295.374,0
295.481,0
295.588,1
295.694,0
295.801,0
295.908,8
296.015,20
296.122,0
296.229,0
296.335,4
296.442,4
296.549,0
296.656,9
296.763,2
296.87,7
296.977,0
297.083,1
297.19,0
297.297,13
297.404,0
297.511,0
297.618,0
297.724,0
297.831,20
297.938,13
298.045,12
298.152,14
298.259,0
298.365,4
298.472,0
298.579,10
298.686,18
298.793,0
298.9,0
299.007,7
299.113,24
299.22,24
299.327,56
299.434,43
299.541,42
299.648,0
299.754,0
299.861,0
299.968,0
300.075,7
300.182,0
300.289,0
300.396,15
300.502,25
300.609,0
300.716,1
300.823,24
300.93,15
301.037,0
301.143,2
301.25,14
301.357,21
301.464,0
301.571,0
301.678,28
301.784,29
301.891,6
301.998,3
302.105,30
302.212,22
302.319,0
302.426,0
302.532,22
302.639,0
302.746,0
302.853,0
302.96,2
303.067,0
303.173,1
303.28,8
303.387,0
303.494,26
303.601,0
303.708,19
303.814,0
303.921,11
304.028,1
304.135,0
304.242,7
304.349,22
304.456,0
304.562,0
304.669,11
304.776,0
304.883,4
304.99,43
305.097,66
305.203,41
305.31,22
305.417,0
305.524,0
305.631,6
305.738,59
305.844,25
305.951,17
306.058,3
306.165,0
306.272,0
306.379,6
306.485,19
306.592,38
306.699,17
306.806,0
306.913,9
307.02,0
307.126,34
307.233,25
307.34,0
307.447,0
307.554,12
307.661,8
307.767,5
307.874,0
307.981,11
308.088,0
308.195,0
308.302,0
308.409,0
308.515,20
308.622,0
308.729,0
308.836,2
308.943,3
309.05,20
309.156,0
309.263,30
309.37,0
309.477,0
309.584,0
309.691,0
309.797,29
309.904,36
310.011,34
310.118,0
310.225,17
310.332,4
310.438,0
310.545,14
310.652,0
310.759,4
310.866,11
310.973,14
311.079,0
311.186,33
311.293,13
311.4,0
311.507,6
311.614,34
311.72,0
311.827,0
311.934,0
312.041,0
312.148,33
312.255,0
312.361,0
312.468,4
312.575,0
312.682,0
312.789,0
312.896,5
313.002,22
313.109,17
313.216,23
313.323,0
313.43,10
313.537,1
313.643,9
313.75,13
313.857,24
313.964,0
314.071,0
314.178,0
314.284,0
314.391,21
314.498,28
314.605,0
314.712,0
314.819,46
314.925,0
315.032,24
315.139,0
315.246,1
315.353,0
315.46,0
315.566,11
315.673,0
315.78,0
315.887,20
315.994,0
316.1,19
316.207,0
316.314,0
316.421,65
316.528,27
316.635,0
316.741,7
316.848,0
316.955,0
317.062,3
317.169,0
317.276,0
317.382,5
317.489,19
317.596,0
317.703,11
317.81,0
317.917,4
318.023,27
318.13,0
318.237,0
318.344,0
318.451,6
318.558,0
318.664,0
318.771,0
318.878,37
318.985,0
319.092,0
319.199,7
319.305,12
319.412,0
319.519,0
319.626,0
319.733,24
319.839,2
319.946,16
320.053,18
320.16,0
320.267,14
320.374,19
320.48,11
320.587,13
320.694,0
320.801,9
320.908,8
321.015,3
321.121,17
321.228,7
321.335,18
321.442,127
321.549,96
321.655,30
321.762,0
321.869,0
321.976,0
322.083,0
322.19,5
322.296,0
322.403,0
322.51,162
322.617,135
322.724,39
322.831,0
322.937,14
323.044,0
323.151,18
323.258,27
323.365,0
323.472,0
323.578,30
323.685,69
323.792,12
323.899,57
324.006,77
324.112,48
324.219,30
324.326,0
324.433,0
324.54,3
324.647,7
324.753,0
324.86,0
324.967,0
325.074,0
325.181,9
325.287,15
325.394,0
325.501,5
325.608,14
325.715,0
325.822,0
325.928,25
326.035,0
326.142,5
326.249,1
326.356,12
326.463,4
326.569,36
326.676,0
326.783,27
326.89,28
326.997,0
327.103,23
327.21,50
327.317,0
327.424,0
327.531,23
327.638,4
327.744,0
327.851,15
327.958,0
328.065,0
328.172,16
328.278,14
328.385,0
328.492,0
328.599,29
328.706,9
328.813,0
328.919,0
329.026,24
329.133,32
329.24,25
329.347,27
329.453,0
329.56,2
329.667,0
329.774,12
329.881,0
329.988,0
330.094,9
330.201,8
330.308,0
330.415,0
330.522,7
330.628,22
330.735,0
330.842,0
330.949,45
331.056,0
331.162,0
331.269,12
331.376,0
331.483,0
331.59,11
331.697,0
331.803,0
331.91,3
332.017,3
332.124,0
332.231,0
332.337,4
332.444,17
332.551,0
332.658,22
332.765,6
332.872,0
332.978,0
333.085,0
333.192,6
333.299,0
333.406,1
333.512,8
333.619,0
333.726,10
333.833,12
333.94,0
334.046,0
334.153,0
334.26,2
334.367,63
334.474,0
334.581,3
334.687,4
334.794,0
334.901,0
335.008,17
335.115,0
335.221,2
335.328,0
335.435,17
335.542,27
335.649,0
335.755,0
335.862,0
335.969,25
336.076,0
336.183,11
336.29,0
336.396,18
336.503,14
336.61,0
336.717,0
336.824,0
336.93,0
337.037,0
337.144,30
337.251,0
337.358,0
337.464,7
337.571,0
337.678,0
337.785,13
337.892,25
337.998,0
338.105,0
338.212,15
338.319,0
338.426,0
338.533,0
338.639,0
338.746,9
338.853,11
338.96,0
339.067,6
339.173,20
339.28,9
339.387,10
339.494,7
339.601,0
339.707,0
339.814,0
339.921,2
340.028,8
340.135,26
340.241,0
340.348,12
340.455,0
340.562,30
340.669,0
340.775,8
340.882,24
340.989,22
341.096,5
341.203,0
341.309,0
341.416,11
341.523,0
341.63,3
341.737,3
341.844,16
341.95,13
342.057,3
342.164,0
342.271,20
342.378,3
342.484,0
342.591,0
342.698,0
342.805,10
342.912,38
343.018,28
343.125,53
343.232,69
343.339,13
343.446,16
343.552,0
343.659,14
343.766,8
343.873,10
343.98,30
344.086,2
344.193,0
344.3,0
344.407,4
344.514,5
344.62,0
344.727,0
344.834,2
344.941,0
345.048,61
345.154,37
345.261,12
345.368,11
345.475,0
345.582,15
345.688,8
345.795,0
345.902,3
346.009,8
346.116,9
346.222,13
346.329,0
346.436,0
346.543,0
346.65,8
346.756,2
346.863,22
346.97,0
347.077,8
347.184,0
347.29,7
347.397,1
347.504,29
347.611,0
347.718,0
347.824,1
347.931,0
348.038,8
348.145,2
348.252,0
348.358,0
348.465,12
348.572,48
348.679,17
348.786,14
348.892,0
348.999,0
349.106,18
349.213,0
349.32,7
349.426,6
349.533,0
349.64,0
349.747,0
349.854,24
349.96,0
350.067,28
350.174,0
350.281,0
350.388,2
350.494,16
350.601,11
350.708,0
350.815,0
350.922,4
351.028,21
351.135,0
351.242,10
351.349,8
351.456,0
351.562,7
351.669,0
351.776,0
351.883,0
351.989,0
352.096,0
352.203,0
352.31,5
352.417,23
352.523,7
352.63,0
352.737,13
352.844,7
352.951,0
353.057,0
353.164,27
353.271,0
353.378,0
353.485,2
353.591,0
353.698,0
353.805,23
353.912,4
354.019,10
354.125,22
354.232,0
354.339,0
354.446,1
354.553,111
354.659,241
354.766,176
354.873,132
354.98,57
355.086,36
355.193,10
355.3,0
355.407,0
355.514,3
355.62,13
355.727,31
355.834,16
355.941,0
356.048,26
356.154,8
356.261,0
356.368,0
356.475,4
356.582,0
356.688,6
356.795,0
356.902,29
357.009,7
357.115,15
357.222,22
357.329,0
357.436,0
357.543,22
357.649,0
357.756,12
357.863,30
357.97,101
358.077,110
358.183,42
358.29,2
358.397,0
358.504,7
358.61,0
358.717,0
358.824,0
358.931,0
359.038,0
359.144,10
359.251,47
359.358,0
359.465,0
359.572,0
359.678,3
359.785,11
359.892,0
359.999,2
360.105,25
360.212,0
360.319,4
360.426,4
360.533,17
360.639,0
360.746,17
360.853,0
360.96,0
361.067,2
361.173,0
361.28,0
361.387,0
361.494,0
361.6,0
361.707,21
361.814,0
361.921,4
362.028,0
362.134,5
362.241,0
362.348,0
362.455,19
362.562,20
362.668,0
362.775,0
362.882,0
362.989,0
363.095,0
363.202,13
363.309,0
363.416,0
363.523,6
363.629,4
363.736,7
363.843,2
363.95,14
364.056,7
364.163,0
364.27,0
364.377,0
364.484,0
364.59,9
364.697,23
364.804,2
364.911,24
365.017,24
365.124,8
365.231,36
365.338,19
365.445,0
365.551,30
365.658,4
365.765,0
365.872,0
365.979,0
366.085,0
366.192,0
366.299,0
366.406,0
366.512,0
366.619,39
366.726,14
366.833,0
366.94,0
367.046,0
367.153,2
367.26,2
367.367,0
367.473,0
367.58,0
367.687,30
367.794,2
367.9,0
368.007,0
368.114,11
368.221,0
368.328,0
368.434,2
368.541,0
368.648,9
368.755,0
368.861,4
368.968,0
369.075,0
369.182,8
369.289,0
369.395,8
369.502,8
369.609,0
369.716,0
369.822,36
369.929,32
370.036,0
370.143,6
370.25,13
370.356,0
370.463,0
370.57,0
370.677,0
370.783,31
370.89,0
370.997,0
371.104,0
371.211,6
371.317,7
371.424,7
371.531,0
371.638,0
371.744,35
371.851,4
371.958,0
372.065,0
372.171,1
372.278,0
372.385,1
372.492,1
372.599,0
372.705,0
372.812,0
372.919,25
373.026,0
373.132,6
373.239,0
373.346,0
373.453,0
373.559,14
373.666,32
373.773,0
373.88,0
373.987,0
374.093,0
374.2,6
374.307,4
374.414,25
374.52,31
374.627,0
374.734,13
374.841,0
374.947,0
375.054,0
375.161,0
375.268,0
375.375,0
375.481,0
375.588,9
375.695,0
375.802,0
375.908,0
376.015,6
376.122,4
376.229,0
376.335,5
376.442,13
376.549,0
376.656,0
376.763,27
376.869,26
376.976,4
377.083,0
377.19,0
377.296,4
377.403,0
377.51,0
377.617,24
377.723,0
377.83,0
377.937,6
378.044,0
378.15,0
378.257,8
378.364,13
378.471,0
378.578,0
378.684,4
378.791,21
378.898,0
379.005,0
379.111,0
379.218,0
379.325,16
379.432,0
379.538,0
379.645,7
379.752,15
379.859,8
379.965,0
380.072,0
380.179,16
380.286,0
380.392,0
380.499,18
380.606,19
380.713,2
380.82,0
380.926,0
381.033,0
381.14,15
381.247,0
381.353,11
381.46,13
381.567,15
381.674,0
381.78,0
381.887,0
381.994,10
382.101,0
382.207,0
382.314,70
382.421,54
382.528,34
382.634,0
382.741,1
382.848,0
382.955,0
383.061,0
383.168,15
383.275,0
383.382,0
383.488,7
383.595,0
383.702,0
383.809,2
383.916,12
384.022,2
384.129,1
384.236,0
384.343,18
384.449,12
384.556,4
384.663,16
384.77,22
384.876,43
384.983,14
385.09,0
385.197,0
385.303,3
385.41,0
385.517,8
385.624,0
385.73,0
385.837,3
385.944,0
386.051,1
386.157,0
386.264,10
386.371,0
386.478,63
386.584,170
386.691,79
386.798,24
386.905,0
387.011,8
387.118,0
387.225,2
387.332,0
387.438,2
387.545,7
387.652,15
387.759,0
387.865,23
387.972,35
388.079,0
388.186,0
388.292,10
388.399,0
388.506,0
388.613,0
388.719,0
388.826,1
388.933,0
389.04,0
389.146,0
389.253,17
389.36,11
389.467,0
389.573,0
389.68,16
389.787,4
389.894,0
390,0
390.107,0
390.214,12
390.321,0
390.427,1
390.534,0
390.641,13
390.748,4
390.854,0
390.961,17
391.068,0
391.175,30
391.281,28
391.388,0
391.495,0
391.602,0
391.708,17
391.815,2
391.922,0
392.029,7
392.135,0
392.242,0
392.349,0
392.456,6
392.562,0
392.669,0
392.776,0
392.883,22
392.989,0
393.096,0
393.203,0
393.31,4
393.416,6
393.523,2
393.63,0
393.737,13
393.843,18
393.95,0
394.057,25
394.164,10
394.27,2
394.377,0
394.484,0
394.591,16
394.697,0
394.804,7
394.911,3
395.018,0
395.124,2
395.231,0
395.338,0
395.445,0
395.551,4
395.658,21
395.765,0
395.871,0
395.978,11
396.085,8
396.192,12
396.298,0
396.405,5
396.512,0
396.619,24
396.725,17
396.832,0
396.939,0
397.046,4
397.152,4
397.259,8
397.366,19
397.473,18
397.579,3
397.686,15
397.793,12
397.9,12
398.006,12
398.113,1
398.22,0
398.327,11
398.433,15
398.54,0
398.647,29
398.753,2
398.86,18
398.967,0
399.074,16
399.18,0
399.287,0
399.394,0
399.501,0
399.607,0
399.714,0
399.821,0
399.928,1
400.034,4
400.141,0
400.248,4
400.355,0
400.461,8
400.568,0
400.675,15
400.781,3
400.888,29
400.995,20
401.102,8
401.208,11
401.315,5
401.422,3
401.529,0
401.635,0
401.742,0
401.849,46
401.956,39
402.062,14
402.169,0
402.276,0
402.382,18
402.489,2
402.596,0
402.703,7
402.809,6
402.916,0
403.023,0
403.13,0
403.236,0
403.343,0
403.45,0
403.557,7
403.663,11
403.77,15
403.877,2
403.983,24
404.09,0
404.197,10
404.304,21
404.41,19
404.517,23
404.624,8
404.731,0
404.837,16
404.944,0
405.051,6
405.158,1
405.264,0
405.371,1
405.478,38
405.584,0
405.691,20
405.798,0
405.905,0
406.011,9
406.118,22
406.225,4
406.332,0
406.438,0
406.545,6
406.652,4
406.758,20
406.865,0
406.972,0
407.079,0
407.185,25
407.292,26
407.399,12
407.506,0
407.612,0
407.719,0
407.826,8
407.932,14
408.039,0
408.146,7
408.253,24
408.359,10
408.466,6
408.573,0
408.68,13
408.786,10
408.893,6
409,21
409.106,7
409.213,0
409.32,0
409.427,13
409.533,0
409.64,0
409.747,0
409.853,0
409.96,2
410.067,143
410.174,134
410.28,35
410.387,0
410.494,0
410.601,0
410.707,26
410.814,13
410.921,10
411.027,0
411.134,0
411.241,0
411.348,20
411.454,14
411.561,33
411.668,4
411.774,12
411.881,0
411.988,4
412.095,16
412.201,32
412.308,0
412.415,0
412.522,27
412.628,10
412.735,0
412.842,0
412.948,9
413.055,0
413.162,3
413.269,29
413.375,30
413.482,0
413.589,11
413.695,35
413.802,12
413.909,0
414.016,2
414.122,17
414.229,49
414.336,14
414.442,13
414.549,11
414.656,0
414.763,0
414.869,0
414.976,0
415.083,0
415.189,13
415.296,19
415.403,0
415.51,4
415.616,0
415.723,12
415.83,2
415.936,0
416.043,3
416.15,0
416.257,69
416.363,99
416.47,71
416.577,33
416.683,1
416.79,0
416.897,28
417.004,32
417.11,14
417.217,1
417.324,0
417.43,24
417.537,20
417.644,22
417.751,4
417.857,2
417.964,20
418.071,0
418.177,11
418.284,7
418.391,0
418.498,28
418.604,30
418.711,15
418.818,0
418.924,30
419.031,21
419.138,10
419.245,0
419.351,4
419.458,20
419.565,10
419.671,13
419.778,11
419.885,4
419.992,0
420.098,8
420.205,0
420.312,0
420.418,9
420.525,18
420.632,0
420.738,5
420.845,12
420.952,0
421.059,0
421.165,0
421.272,0
421.379,0
421.485,19
421.592,0
421.699,0
421.806,24
421.912,10
422.019,14
422.126,11
422.232,5
422.339,0
422.446,25
422.552,29
422.659,10
422.766,0
422.873,19
422.979,89
423.086,48
423.193,16
423.299,14
423.406,0
423.513,0
423.62,0
423.726,28
423.833,0
423.94,4
424.046,26
424.153,0
424.26,0
424.366,3
424.473,17
424.58,0
424.687,0
424.793,0
424.9,0
425.007,11
425.113,6
425.22,8
425.327,10
425.433,21
425.54,0
425.647,9
425.754,3
425.86,1
425.967,0
426.074,9
426.18,9
426.287,25
426.394,9
426.5,13
426.607,106
426.714,66
426.821,21
426.927,0
427.034,0
427.141,10
427.247,8
427.354,0
427.461,4
427.567,11
427.674,0
427.781,0
427.888,30
427.994,32
428.101,8
428.208,0
428.314,32
428.421,0
428.528,0
428.634,26
428.741,24
428.848,16
428.955,11
429.061,0
429.168,0
429.275,0
429.381,0
429.488,11
429.595,0
429.701,12
429.808,28
429.915,24
430.021,0
430.128,6
430.235,11
430.342,17
430.448,0
430.555,8
430.662,8
430.768,2
430.875,0
430.982,56
431.088,43
431.195,16
431.302,0
431.409,12
431.515,0
431.622,0
431.729,4
431.835,0
431.942,17
432.049,2
432.155,0
432.262,5
432.369,0
432.475,0
432.582,0
432.689,30
432.796,0
432.902,0
433.009,33
433.116,2
433.222,4
433.329,34
433.436,26
433.542,0
433.649,0
433.756,1
433.862,24
433.969,7
434.076,17
434.182,0
434.289,5
434.396,16
434.503,0
434.609,0
434.716,3
434.823,24
434.929,16
435.036,73
435.143,90
435.249,46
435.356,0
435.463,0
435.569,10
435.676,42
435.783,0
435.889,0
435.996,1
436.103,15
436.21,19
436.316,0
436.423,28
436.53,76
436.636,67
436.743,14
436.85,0
436.956,30
437.063,0
437.17,0
437.276,0
437.383,0
437.49,85
437.596,150
437.703,158
437.81,46
437.916,40
438.023,111
438.13,71
438.237,0
438.343,22
438.45,0
438.557,0
438.663,40
438.77,82
438.877,69
438.983,52
439.09,43
439.197,17
439.303,11
439.41,7
439.517,0
439.623,4
439.73,0
439.837,9
439.943,0
440.05,0
440.157,40
440.263,0
440.37,4
440.477,39
440.583,44
440.69,27
440.797,9
440.904,19
441.01,22
441.117,24
441.224,0
441.33,13
441.437,14
441.544,0
441.65,0
441.757,23
441.864,23
441.97,0
442.077,0
442.184,10
442.29,4
442.397,0
442.504,13
442.61,26
442.717,41
442.824,36
442.93,6
443.037,20
443.144,0
443.25,0
443.357,10
443.464,5
443.57,0
443.677,0
443.784,23
443.89,11
443.997,0
444.104,0
444.21,4
444.317,0
444.424,0
444.53,34
444.637,21
444.744,0
444.851,0
444.957,6
445.064,1
445.171,0
445.277,25
445.384,28
445.491,0
445.597,28
445.704,14
445.811,18
445.917,24
446.024,30
446.131,6
446.237,0
446.344,16
446.451,0
446.557,0
446.664,0
446.771,8
446.877,0
446.984,0
447.091,31
447.197,22
447.304,1
447.411,0
447.517,0
447.624,0
447.731,1
447.837,0
447.944,11
448.051,12
448.157,11
448.264,0
448.371,17
448.477,9
448.584,0
448.691,0
448.797,0
448.904,3
449.011,0
449.117,0
449.224,21
449.331,0
449.437,0
449.544,10
449.651,19
449.757,0
449.864,4
449.971,1
450.077,0
450.184,0
450.291,4
450.397,0
450.504,0
450.611,12
450.717,27
450.824,0
450.931,0
451.037,0
451.144,0
451.251,21
451.357,17
451.464,8
451.571,16
451.677,26
451.784,7
451.891,0
451.997,0
452.104,31
452.21,2
452.317,9
452.424,0
452.53,20
452.637,63
452.744,91
452.85,46
452.957,34
453.064,20
453.17,0
453.277,16
453.384,0
453.49,0
453.597,0
453.704,27
453.81,0
453.917,0
454.024,0
454.13,8
454.237,22
454.344,0
454.45,0
454.557,21
454.664,6
454.77,0
454.877,17
454.984,0
455.09,0
455.197,25
455.304,14
455.41,0
455.517,4
455.624,13
455.73,3
455.837,0
455.944,0
456.05,0
456.157,146
456.263,125
456.37,57
456.477,0
456.583,0
456.69,0
456.797,3
456.903,0
457.01,0
457.117,0
457.223,0
457.33,0
457.437,1
457.543,26
457.65,0
457.757,9
457.863,0
457.97,13
458.077,6
458.183,2
458.29,0
458.397,12
458.503,25
458.61,0
458.716,2
458.823,7
458.93,0
459.036,0
459.143,26
459.25,14
459.356,0
459.463,21
459.57,16
459.676,3
459.783,21
459.89,2
459.996,11
460.103,0
460.21,11
460.316,12
460.423,19
460.53,12
460.636,0
460.743,7
460.849,8
460.956,29
461.063,17
461.169,0
461.276,0
461.383,4
461.489,2
461.596,0
461.703,14
461.809,0
461.916,1
462.023,25
462.129,7
462.236,0
462.342,0
462.449,5
462.556,12
462.662,25
462.769,7
462.876,0
462.982,0
463.089,0
463.196,19
463.302,0
463.409,7
463.516,0
463.622,3
463.729,3
463.835,10
463.942,11
464.049,1
464.155,5
464.262,1
464.369,18
464.475,11
464.582,14
464.689,0
464.795,0
464.902,3
465.009,0
465.115,14
465.222,26
465.328,0
465.435,0
465.542,6
465.648,11
465.755,0
465.862,13
465.968,27
466.075,8
466.182,0
466.288,0
466.395,18
466.501,3
466.608,0
466.715,10
466.821,132
466.928,108
467.035,47
467.141,0
467.248,0
467.355,32
467.461,34
467.568,15
467.674,0
467.781,0
467.888,0
467.994,0
468.101,0
468.208,0
468.314,17
468.421,10
468.528,3
468.634,7
468.741,0
468.847,6
468.954,16
469.061,34
469.167,0
469.274,4
469.381,62
469.487,1
469.594,9
469.701,12
469.807,0
469.914,0
470.02,22
470.127,0
470.234,0
470.34,6
470.447,0
470.554,6
470.66,0
470.767,0
470.873,11
470.98,0
471.087,0
471.193,4
471.3,0
471.407,20
471.513,11
471.62,0
471.727,0
471.833,33
471.94,15
472.046,22
472.153,12
472.26,4
472.366,5
472.473,0
472.58,8
472.686,0
472.793,0
472.899,0
473.006,0
473.113,2
473.219,0
473.326,0
473.433,0
473.539,14
473.646,5
473.752,3
473.859,20
473.966,145
474.072,174
474.179,65
474.286,0
474.392,80
474.499,100
474.605,31
474.712,34
474.819,0
474.925,33
475.032,66
475.139,14
475.245,30
475.352,16
475.458,19
475.565,14
475.672,0
475.778,9
475.885,21
475.992,0
476.098,0
476.205,10
476.311,0
476.418,0
476.525,44
476.631,27
476.738,14
476.844,0
476.951,0
477.058,0
477.164,0
477.271,10
477.378,9
477.484,0
477.591,0
477.697,17
477.804,24
477.911,14
478.017,0
478.124,14
478.231,8
478.337,19
478.444,0
478.55,0
478.657,7
478.764,4
478.87,0
478.977,6
479.083,0
479.19,14
479.297,4
479.403,4
479.51,0
479.617,0
479.723,0
479.83,11
479.936,22
480.043,0
480.15,5
480.256,19
480.363,11
480.469,0
480.576,21
480.683,36
480.789,0
480.896,0
481.003,13
481.109,24
481.216,2
481.322,0
481.429,0
481.536,0
481.642,0
481.749,0
481.855,7
481.962,19
482.069,20
482.175,0
482.282,16
482.388,7
482.495,8
482.602,0
482.708,17
482.815,1
482.922,13
483.028,0
483.135,2
483.241,23
483.348,14
483.455,9
483.561,8
483.668,14
483.774,0
483.881,0
483.988,19
484.094,0
484.201,0
484.307,4
484.414,32
484.521,34
484.627,13
484.734,0
484.84,30
484.947,6
485.054,0
485.16,6
485.267,11
485.373,18
485.48,8
485.587,3
485.693,20
485.8,0
485.907,0
486.013,8
486.12,0
486.226,0
486.333,9
486.44,0
486.546,0
486.653,31
486.759,6
486.866,22
486.973,0
487.079,0
487.186,28
487.292,6
487.399,14
487.506,0
487.612,0
487.719,0
487.825,2
487.932,0
488.039,5
488.145,18
488.252,2
488.358,30
488.465,21
488.572,4
488.678,0
488.785,13
488.891,0
488.998,0
489.105,11
489.211,0
489.318,9
489.424,20
489.531,0
489.638,0
489.744,0
489.851,0
489.957,0
490.064,17
490.171,0
490.277,0
490.384,18
490.49,0
490.597,2
490.704,0
490.81,0
490.917,12
491.023,8
491.13,8
491.237,11
491.343,13
491.45,0
491.556,0
491.663,18
491.769,0
491.876,17
491.983,16
492.089,15
492.196,13
492.302,0
492.409,15
492.516,13
492.622,0
492.729,15
492.835,0
492.942,2
493.049,6
493.155,29
493.262,9
493.368,34
493.475,21
493.582,0
493.688,2
493.795,0
493.901,0
494.008,0
494.114,0
494.221,0
494.328,5
494.434,18
494.541,0
494.647,15
494.754,21
494.861,12
494.967,0
495.074,3
495.18,25
495.287,0
495.394,7
495.5,0
495.607,0
495.713,17
495.82,0
495.926,0
496.033,7
496.14,0
496.246,13
496.353,0
496.459,0
496.566,29
496.673,1
496.779,0
496.886,0
496.992,15
497.099,0
497.206,0
497.312,18
497.419,7
497.525,0
497.632,0
497.738,0
497.845,111
497.952,91
498.058,50
498.165,0
498.271,23
498.378,0
498.485,0
498.591,16
498.698,14
498.804,0
498.911,0
499.017,0
499.124,2
499.231,0
499.337,22
499.444,37
499.55,6
499.657,0
499.763,6
499.87,3
499.977,0
500.083,0
500.19,10
500.296,7
500.403,9
500.51,0
500.616,11
500.723,17
500.829,11
500.936,18
501.042,26
501.149,0
501.256,26
501.362,0
501.469,7
501.575,16
501.682,0
501.788,0
501.895,0
502.002,23
502.108,0
502.215,0
502.321,0
502.428,22
502.534,3
502.641,7
502.748,6
502.854,26
502.961,18
503.067,0
503.174,0
503.281,10
503.387,9
503.494,0
503.6,13
503.707,7
503.813,1
503.92,0
504.027,8
504.133,0
504.24,10
504.346,0
504.453,26
504.559,51
504.666,14
504.773,15
504.879,0
504.986,22
505.092,23
505.199,3
505.305,38
505.412,23
505.518,25
505.625,70
505.732,196
505.838,218
505.945,122
506.051,54
506.158,23
506.264,110
506.371,187
506.478,230
506.584,412
506.691,374
506.797,150
506.904,71
507.01,0
507.117,32
507.224,69
507.33,76
507.437,86
507.543,136
507.65,167
507.756,130
507.863,5
507.97,0
508.076,0
508.183,4
508.289,23
508.396,18
508.502,100
508.609,109
508.715,102
508.822,89
508.929,36
509.035,71
509.142,39
509.248,17
509.355,0
509.461,91
509.568,171
509.675,127
509.781,65
509.888,79
509.994,53
510.101,17
510.207,5
510.314,0
510.42,0
510.527,20
510.634,0
510.74,0
510.847,6
510.953,11
511.06,0
511.166,0
511.273,25
511.379,10
511.486,0
511.593,0
511.699,0
511.806,9
511.912,3
512.019,0
512.125,0
512.232,17
512.339,9
512.445,12
512.552,0
512.658,5
512.765,14
512.871,2
512.978,12
513.084,16
513.191,23
513.298,6
513.404,18
513.511,0
513.617,15
513.724,18
513.83,0
513.937,56
514.043,159
514.15,77
514.256,15
514.363,0
514.47,0
514.576,16
514.683,15
514.789,0
514.896,0
515.002,16
515.109,0
515.215,0
515.322,0
515.429,0
515.535,7
515.642,14
515.748,47
515.855,77
515.961,18
516.068,118
516.174,117
516.281,30
516.388,0
516.494,3
516.601,0
516.707,0
516.814,0
516.92,9
517.027,0
517.133,0
517.24,3
517.346,29
517.453,8
517.56,0
517.666,0
517.773,0
517.879,21
517.986,129
518.092,94
518.199,36
518.305,0
518.412,23
518.518,40
518.625,0
518.732,0
518.838,2
518.945,0
519.051,0
519.158,52
519.264,13
519.371,2
519.477,0
519.584,14
519.69,13
519.797,9
519.903,27
520.01,12
520.117,40
520.223,97
520.33,39
520.436,10
520.543,0
520.649,19
520.756,0
520.862,0
520.969,47
521.075,0
521.182,0
521.289,0
521.395,24
521.502,21
521.608,0
521.715,0
521.821,22
521.928,24
522.034,17
522.141,20
522.247,8
522.354,6
522.46,3
522.567,5
522.674,30
522.78,0
522.887,0
522.993,29
523.1,17
523.206,0
523.313,0
523.419,8
523.526,29
523.632,0
523.739,0
523.845,0
523.952,8
524.058,0
524.165,7
524.272,0
524.378,0
524.485,0
524.591,0
524.698,0
524.804,0
524.911,0
525.017,7
525.124,0
525.23,10
525.337,11
525.443,0
525.55,15
525.656,14
525.763,0
525.87,0
525.976,37
526.083,10
526.189,0
526.296,3
526.402,32
526.509,0
526.615,9
526.722,0
526.828,0
526.935,0
527.041,7
527.148,0
527.254,11
527.361,0
527.467,5
527.574,20
527.68,0
527.787,0
527.894,0
528,0
528.107,0
528.213,25
528.32,62
528.426,17
528.533,18
528.639,19
528.746,0
528.852,0
528.959,2
529.065,16
529.172,7
529.278,0
529.385,4
529.491,0
529.598,0
529.704,0
529.811,37
529.918,15
530.024,0
530.131,0
530.237,15
530.344,9
530.45,0
530.557,27
530.663,18
530.77,0
530.876,0
530.983,0
531.089,1
531.196,0
531.302,11
531.409,0
531.515,0
531.622,17
531.728,25
531.835,0
531.941,0
532.048,10
532.154,11
532.261,5
532.367,13
532.474,3
532.581,0
532.687,47
532.794,0
532.9,0
533.007,0
533.113,0
533.22,18
533.326,0
533.433,0
533.539,17
533.646,0
533.752,21
533.859,0
533.965,21
534.072,0
534.178,0
534.285,6
534.391,0
534.498,0
534.604,0
534.711,0
534.817,12
534.924,19
535.03,26
535.137,0
535.243,36
535.35,0
535.456,0
535.563,4
535.669,0
535.776,5
535.882,30
535.989,7
536.095,0
536.202,10
536.308,14
536.415,1
536.521,0
536.628,0
536.735,25
536.841,17
536.948,0
537.054,0
537.161,0
537.267,18
537.374,31
537.48,2
537.587,10
537.693,84
537.8,71
537.906,30
538.013,6
538.119,8
538.226,2
538.332,19
538.439,0
538.545,16
538.652,30
538.758,0
538.865,0
538.971,2
539.078,0
539.184,13
539.291,0
539.397,0
539.504,0
539.61,0
539.717,8
539.823,4
539.93,0
540.036,0
540.143,11
540.249,0
540.356,13
540.462,29
540.569,7
540.675,0
540.782,2
540.888,13
540.995,0
541.101,0
541.208,0
541.314,0
541.421,19
541.527,0
541.634,19
541.74,16
541.847,26
541.953,4
542.06,0
542.166,28
542.273,17
542.379,0
542.486,10
542.592,0
542.699,0
542.805,0
542.912,0
543.018,15
543.125,0
543.231,0
543.338,0
543.444,5
543.551,11
543.657,3
543.764,19
543.87,0
543.977,0
544.083,0
544.19,9
544.296,9
544.403,6
544.509,0
544.616,9
544.722,0
544.829,9
544.935,28
545.042,6
545.148,7
545.255,19
545.361,4
545.467,0
545.574,44
545.68,33
545.787,17
545.893,8
546,0
546.106,8
546.213,0
546.319,15
546.426,4
546.532,2
546.639,0
546.745,23
546.852,0
546.958,12
547.065,0
547.171,8
547.278,30
547.384,19
547.491,2
547.597,33
547.704,18
547.81,7
547.917,0
548.023,0
548.13,24
548.236,15
548.343,0
548.449,8
548.556,1
548.662,21
548.769,0
548.875,16
548.982,26
549.088,0
549.195,0
549.301,0
549.408,7
549.514,0
549.62,0
549.727,0
549.833,48
549.94,15
550.046,0
550.153,0
550.259,21
550.366,0
550.472,13
550.579,0
550.685,0
550.792,27
550.898,0
551.005,0
551.111,37
551.218,36
551.324,0
551.431,0
551.537,4
551.644,12
551.75,17
551.857,0
551.963,2
552.07,26
552.176,16
552.282,0
552.389,0
552.495,1
552.602,0
552.708,14
552.815,23
552.921,1
553.028,0
553.134,0
553.241,3
553.347,2
553.454,9
553.56,0
553.667,25
553.773,0
553.88,6
553.986,0
554.093,14
554.199,16
554.305,0
554.412,24
554.518,36
554.625,0
554.731,0
554.838,3
554.944,18
555.051,1
555.157,12
555.264,7
555.37,15
555.477,13
555.583,16
555.69,0
555.796,0
555.903,0
556.009,0
556.115,2
556.222,0
556.328,35
556.435,0
556.541,5
556.648,0
556.754,0
556.861,5
556.967,0
557.074,8
557.18,0
557.287,11
557.393,5
557.5,23
557.606,4
557.713,0
557.819,4
557.925,3
558.032,14
558.138,12
558.245,2
558.351,10
558.458,7
558.564,11
558.671,0
558.777,15
558.884,0
558.99,9
559.097,3
559.203,0
559.309,0
559.416,12
559.522,0
559.629,0
559.735,0
559.842,0
559.948,0
560.055,4
560.161,24
560.268,12
560.374,6
560.481,0
560.587,8
560.693,16
560.8,6
560.906,42
561.013,19
561.119,0
561.226,8
561.332,28
561.439,1
561.545,0
561.652,0
561.758,52
561.864,41
561.971,0
562.077,0
562.184,0
562.29,0
562.397,0
562.503,0
562.61,14
562.716,0
562.823,0
562.929,0
563.035,0
563.142,0
563.248,6
563.355,0
563.461,0
563.568,0
563.674,0
563.781,0
563.887,4
563.994,34
564.1,9
564.206,11
564.313,3
564.419,0
564.526,0
564.632,0
564.739,5
564.845,93
564.952,26
565.058,0
565.165,0
565.271,5
565.377,12
565.484,0
565.59,0
565.697,28
565.803,12
565.91,0
566.016,37
566.123,32
566.229,14
566.335,13
566.442,0
566.548,0
566.655,17
566.761,0
566.868,12
566.974,8
567.081,18
567.187,0
567.293,0
567.4,0
567.506,0
567.613,9
567.719,23
567.826,6
567.932,7
568.039,18
568.145,12
568.251,2
568.358,37
568.464,0
568.571,0
568.677,0
568.784,0
568.89,0
568.997,0
569.103,0
569.209,10
569.316,0
569.422,22
569.529,0
569.635,36
569.742,22
569.848,8
569.955,0
570.061,0
570.167,12
570.274,0
570.38,0
570.487,0
570.593,21
570.7,4
570.806,0
570.912,17
571.019,17
571.125,0
571.232,0
571.338,0
571.445,0
571.551,2
571.658,12
571.764,0
571.87,0
571.977,12
572.083,7
572.19,0
572.296,0
572.403,58
572.509,39
572.615,0
572.722,0
572.828,0
572.935,0
573.041,0
573.148,0
573.254,0
573.36,20
573.467,0
573.573,0
573.68,20
573.786,26
573.893,0
573.999,0
574.105,8
574.212,25
574.318,0
574.425,20
574.531,0
574.638,0
574.744,0
574.85,0
574.957,5
575.063,0
575.17,0
575.276,0
575.383,0
575.489,0
575.595,0
575.702,22
575.808,20
575.915,29
576.021,3
576.128,9
576.234,8
576.34,6
576.447,4
576.553,0
576.66,0
576.766,0
576.873,0
576.979,4
577.085,0
577.192,0
577.298,10
577.405,0
577.511,10
577.618,0
577.724,23
577.83,0
577.937,0
578.043,8
578.15,1
578.256,0
578.363,9
578.469,6
578.575,7
578.682,0
578.788,12
578.895,19
579.001,39
579.107,0
579.214,2
579.32,0
579.427,0
579.533,0
579.64,12
579.746,17
579.852,0
579.959,0
580.065,0
580.172,0
580.278,0
580.384,0
580.491,14
580.597,17
580.704,0
580.81,11
580.917,0
581.023,0
581.129,8
581.236,28
581.342,0
581.449,0
581.555,0
581.661,0
581.768,0
581.874,4
581.981,6
582.087,7
582.193,19
582.3,0
582.406,0
582.513,4
582.619,23
582.726,0
582.832,0
582.938,0
583.045,19
583.151,22
583.258,17
583.364,3
583.47,0
583.577,0
583.683,1
583.79,4
583.896,0
584.002,8
584.109,20
584.215,56
584.322,45
584.428,42
584.535,5
584.641,0
584.747,0
584.854,15
584.96,6
585.067,0
585.173,0
585.279,3
585.386,9
585.492,0
585.599,0
585.705,2
585.811,0
585.918,3
586.024,0
586.131,18
586.237,43
586.343,32
586.45,23
586.556,64
586.663,46
586.769,27
586.875,0
586.982,0
587.088,0
587.195,10
587.301,0
587.407,9
587.514,0
587.62,0
587.727,0
587.833,9
587.939,0
588.046,13
588.152,0
588.259,13
588.365,0
588.471,0
588.578,8
588.684,0
588.791,22
588.897,0
589.003,0
589.11,14
589.216,0
589.323,0
589.429,21
589.535,0
589.642,0
589.748,0
589.855,0
589.961,4
590.067,0
590.174,2
590.28,6
590.387,0
590.493,0
590.599,0
590.706,1
590.812,0
590.918,0
591.025,0
591.131,0
591.238,8
591.344,19
591.45,0
591.557,0
591.663,17
591.77,10
591.876,2
591.982,12
592.089,0
592.195,0
592.302,0
592.408,0
592.514,8
592.621,3
592.727,0
592.834,0
592.94,0
593.046,8
593.153,0
593.259,0
593.365,14
593.472,0
593.578,0
593.685,24
593.791,24
593.897,0
594.004,0
594.11,23
594.217,3
594.323,114
594.429,93
594.536,16
594.642,0
594.748,0
594.855,0
594.961,0
595.068,0
595.174,5
595.28,0
595.387,1
595.493,0
595.6,0
595.706,7
595.812,9
595.919,0
596.025,0
596.131,33
596.238,0
596.344,0
596.451,22
596.557,0
596.663,34
596.77,9
596.876,9
596.982,3
597.089,28
597.195,10
597.302,0
597.408,0
597.514,0
597.621,0
597.727,0
597.833,0
597.94,2
598.046,0
598.153,15
598.259,0
598.365,0
598.472,2
598.578,2
598.685,13
598.791,0
598.897,0
599.004,14
599.11,0
599.216,11
599.323,1
599.429,16
599.535,2
599.642,0
599.748,0
599.855,8
599.961,0
600.067,0
600.174,16
600.28,15
600.386,0
600.493,12
600.599,0
600.706,0
600.812,0
600.918,0
601.025,0
601.131,0
601.237,0
601.344,24
601.45,13
601.557,0
601.663,0
601.769,33
601.876,15
601.982,0
602.088,0
602.195,0
602.301,0
602.407,18
602.514,11
602.62,0
602.727,8
602.833,4
602.939,0
603.046,0
603.152,0
603.258,0
603.365,0
603.471,0
603.577,0
603.684,5
603.79,6
603.897,0
604.003,0
604.109,0
604.216,0
604.322,37
604.428,35
604.535,6
604.641,0
604.747,0
604.854,10
604.96,0
605.067,0
605.173,0
605.279,4
605.386,5
605.492,0
605.598,0
605.705,0
605.811,0
605.917,0
606.024,0
606.13,0
606.236,10
606.343,0
606.449,7
606.556,8
606.662,21
606.768,1
606.875,24
606.981,11
607.087,0
607.194,4
607.3,0
607.406,9
607.513,0
607.619,0
607.725,0
607.832,24
607.938,10
608.045,0
608.151,0
608.257,20
608.364,32
608.47,14
608.576,0
608.683,7
608.789,2
608.895,0
609.002,28
609.108,0
609.214,17
609.321,8
609.427,0
609.533,18
609.64,0
609.746,0
609.852,30
609.959,18
610.065,10
610.172,9
610.278,5
610.384,0
610.491,0
610.597,6
610.703,4
610.81,0
610.916,0
611.022,14
611.129,0
611.235,0
611.341,16
611.448,3
611.554,0
611.66,0
611.767,6
611.873,8
611.979,28
612.086,10
612.192,0
612.298,0
612.405,0
612.511,0
612.617,0
612.724,12
612.83,3
612.936,8
613.043,35
613.149,7
613.255,3
613.362,0
613.468,17
613.575,6
613.681,0
613.787,0
613.894,6
614,4
614.106,5
614.213,0
614.319,0
614.425,0
614.532,0
614.638,0
614.744,0
614.851,0
614.957,29
615.063,32
615.17,0
615.276,1
615.382,0
615.489,0
615.595,13
615.701,0
615.808,0
615.914,1
616.02,8
616.127,0
616.233,9
616.339,0
616.446,2
616.552,8
616.658,0
616.765,4
616.871,1
616.977,4
617.084,0
617.19,0
617.296,0
617.403,8
617.509,8
617.615,4
617.722,24
617.828,0
617.934,1
618.041,0
618.147,0
618.253,0
618.36,6
618.466,0
618.572,0
618.679,9
618.785,15
618.891,65
618.998,32
619.104,0
619.21,2
619.316,11
619.423,26
619.529,0
619.635,15
619.742,8
619.848,3
619.954,0
620.061,0
620.167,0
620.273,0
620.38,0
620.486,0
620.592,8
620.699,0
620.805,0
620.911,3
621.018,13
621.124,0
621.23,0
621.337,20
621.443,0
621.549,4
621.656,16
621.762,9
621.868,0
621.975,0
622.081,0
622.187,0
622.294,0
622.4,59
622.506,18
622.612,18
622.719,36
622.825,22
622.931,13
623.038,29
623.144,11
623.25,17
623.357,0
623.463,0
623.569,0
623.676,24
623.782,148
623.888,183
623.995,94
624.101,28
624.207,28
624.314,27
624.42,21
624.526,0
624.632,20
624.739,24
624.845,0
624.951,4
625.058,0
625.164,5
625.27,10
625.377,0
625.483,0
625.589,14
625.696,67
625.802,12
625.908,0
626.015,24
626.121,66
626.227,17
626.333,0
626.44,0
626.546,6
626.652,0
626.759,0
626.865,2
626.971,8
627.078,1
627.184,0
627.29,36
627.397,51
627.503,31
627.609,18
627.715,0
627.822,9
627.928,0
628.034,0
628.141,0
628.247,20
628.353,0
628.46,0
628.566,29
628.672,25
628.778,4
628.885,0
628.991,16
629.097,10
629.204,30
629.31,24
629.416,24
629.523,4
629.629,0
629.735,2
629.841,0
629.948,10
630.054,0
630.16,6
630.267,1
630.373,14
630.479,0
630.586,21
630.692,6
630.798,20
630.904,16
631.011,16
631.117,4
631.223,9
631.33,0
631.436,14
631.542,2
631.649,0
631.755,0
631.861,17
631.967,12
632.074,17
632.18,18
632.286,128
632.393,97
632.499,43
632.605,11
632.711,18
632.818,1
632.924,0
633.03,9
633.137,0
633.243,0
633.349,0
633.456,4
633.562,0
633.668,0
633.774,21
633.881,12
633.987,19
634.093,0
634.2,3
634.306,0
634.412,0
634.518,0
634.625,30
634.731,0
634.837,0
634.944,0
635.05,0
635.156,0
635.262,0
635.369,0
635.475,6
635.581,0
635.688,0
635.794,0
635.9,0
636.006,9
636.113,0
636.219,16
636.325,26
636.432,0
636.538,0
636.644,0
636.75,6
636.857,17
636.963,10
637.069,17
637.176,0
637.282,2
637.388,4
637.494,10
637.601,5
637.707,0
637.813,17
637.92,27
638.026,17
638.132,4
638.238,0
638.345,0
638.451,13
638.557,10
638.663,0
638.77,6
638.876,0
638.982,4
639.089,28
639.195,20
639.301,1
639.407,7
639.514,21
639.62,16
639.726,0
639.833,0
639.939,1
640.045,10
640.151,7
640.258,2
640.364,13
640.47,26
640.576,11
640.683,0
640.789,2
640.895,21
641.002,4
641.108,10
641.214,0
641.32,16
641.427,36
641.533,6
641.639,10
641.745,0
641.852,0
641.958,28
642.064,22
642.171,0
642.277,10
642.383,28
642.489,10
642.596,1
642.702,4
642.808,0
642.914,0
643.021,0
643.127,5
643.233,0
643.339,0
643.446,4
643.552,6
643.658,12
643.765,44
643.871,3
643.977,0
644.083,18
644.19,6
644.296,0
644.402,0
644.508,15
644.615,0
644.721,24
644.827,24
644.933,0
645.04,0
645.146,10
645.252,0
645.358,6
645.465,16
645.571,22
645.677,19
645.784,0
645.89,105
645.996,134
646.102,74
646.209,5
646.315,0
646.421,0
646.527,6
646.634,0
646.74,0
646.846,4
646.952,61
647.059,1
647.165,0
647.271,6
647.377,32
647.484,17
647.59,0
647.696,8
647.802,8
647.909,5
648.015,0
648.121,0
648.227,14
648.334,8
648.44,22
648.546,10
648.652,0
648.759,31
648.865,0
648.971,0
649.077,0
649.184,0
649.29,0
649.396,0
649.502,11
649.609,44
649.715,22
649.821,9
649.927,0
650.034,17
650.14,0
650.246,21
650.352,23
650.459,45
650.565,98
650.671,112
650.777,42
650.884,4
650.99,0
651.096,0
651.202,36
651.309,51
651.415,0
651.521,0
651.627,22
651.734,19
651.84,0
651.946,5
652.052,9
652.159,1
652.265,15
652.371,0
652.477,3
652.584,2
652.69,0
652.796,0
652.902,5
653.009,0
653.115,39
653.221,28
653.327,40
653.434,29
653.54,11
653.646,49
653.752,91
653.858,68
653.965,0
654.071,0
654.177,5
654.283,8
654.39,4
654.496,33
654.602,0
654.708,10
654.815,0
654.921,56
655.027,23
655.133,5
655.24,29
655.346,29
655.452,17
655.558,28
655.665,2
655.771,16
655.877,0
655.983,30
656.089,38
656.196,45
656.302,47
656.408,0
656.514,8
656.621,3
656.727,6
656.833,0
656.939,17
657.046,0
657.152,18
657.258,0
657.364,0
657.47,101
657.577,97
657.683,1
657.789,0
657.895,8
658.002,0
658.108,14
658.214,27
658.32,16
658.427,22
658.533,0
658.639,0
658.745,0
658.851,16
658.958,0
659.064,0
659.17,6
659.276,12
659.383,0
659.489,9
659.595,11
659.701,18
659.807,0
659.914,24
660.02,0
660.126,4
660.232,0
660.339,0
660.445,0
660.551,8
660.657,0
660.763,0
660.87,0
660.976,0
661.082,0
661.188,16
661.295,0
661.401,55
661.507,177
661.613,82
661.719,39
661.826,0
661.932,0
662.038,0
662.144,0
662.251,16
662.357,23
662.463,85
662.569,86
662.675,106
662.782,94
662.888,36
662.994,0
663.1,0
663.206,0
663.313,9
663.419,7
663.525,0
663.631,48
663.738,60
663.844,9
663.95,0
664.056,0
664.162,23
664.269,6
664.375,8
664.481,5
664.587,30
664.693,27
664.8,101
664.906,134
665.012,59
665.118,0
665.225,0
665.331,11
665.437,49
665.543,33
665.649,0
665.756,0
665.862,5
665.968,0
666.074,0
666.18,23
666.287,0
666.393,6
666.499,21
666.605,1
666.711,8
666.818,0
666.924,0
667.03,0
667.136,6
667.242,4
667.349,24
667.455,11
667.561,40
667.667,9
667.773,19
667.88,0
667.986,0
668.092,41
668.198,15
668.304,17
668.411,24
668.517,5
668.623,14
668.729,20
668.835,0
668.942,3
669.048,19
669.154,2
669.26,24
669.366,16
669.473,10
669.579,0
669.685,9
669.791,0
669.897,3
670.004,0
670.11,1
670.216,0
670.322,0
670.428,0
670.535,1
670.641,10
670.747,0
670.853,13
670.959,0
671.066,14
671.172,0
671.278,0
671.384,0
671.49,0
671.597,0
671.703,22
671.809,0
671.915,54
672.021,54
672.128,62
672.234,7
672.34,0
672.446,0
672.552,6
672.658,0
672.765,15
672.871,96
672.977,78
673.083,35
673.189,10
673.296,0
673.402,30
673.508,0
673.614,0
673.72,9
673.827,0
673.933,0
674.039,11
674.145,0
674.251,14
674.357,2
674.464,4
674.57,44
674.676,0
674.782,0
674.888,0
674.995,40
675.101,0
675.207,0
675.313,7
675.419,22
675.526,0
675.632,0
675.738,0
675.844,27
675.95,3
676.056,21
676.163,44
676.269,0
676.375,0
676.481,6
676.587,23
676.693,0
676.8,0
676.906,14
677.012,6
677.118,0
677.224,0
677.331,13
677.437,12
677.543,0
677.649,18
677.755,6
677.861,8
677.968,0
678.074,9
678.18,0
678.286,0
678.392,68
678.498,0
678.605,0
678.711,24
678.817,0
678.923,0
679.029,0
679.136,3
679.242,12
679.348,13
679.454,0
679.56,5
679.666,5
679.773,5
679.879,0
679.985,0
680.091,34
680.197,124
680.303,74
680.41,30
680.516,0
680.622,0
680.728,5
680.834,15
680.94,26
681.047,0
681.153,3
681.259,6
681.365,12
681.471,1
681.577,15
681.684,2
681.79,0
681.896,0
682.002,16
682.108,13
682.214,0
682.321,8
682.427,0
682.533,14
682.639,12
682.745,5
682.851,15
682.958,24
683.064,0
683.17,0
683.276,2
683.382,30
683.488,14
683.595,0
683.701,0
683.807,0
683.913,0
684.019,23
684.125,5
684.231,0
684.338,0
684.444,0
684.55,6
684.656,15
684.762,0
684.868,22
684.975,18
685.081,0
685.187,0
685.293,0
685.399,0
685.505,13
685.611,21
685.718,0
685.824,2
685.93,2
686.036,13
686.142,13
686.248,9
686.355,32
686.461,11
686.567,0
686.673,3
686.779,4
686.885,0
686.991,13
687.098,0
687.204,12
687.31,12
687.416,0
687.522,18
687.628,22
687.735,4
687.841,0
687.947,9
688.053,0
688.159,9
688.265,0
688.371,0
688.478,0
688.584,6
688.69,23
688.796,33
688.902,0
689.008,8
689.114,2
689.221,0
689.327,45
689.433,28
689.539,0
689.645,0
689.751,0
689.857,0
689.964,0
690.07,0
690.176,0
690.282,5
690.388,0
690.494,1
690.6,5
690.707,17
690.813,1
690.919,5
691.025,32
691.131,23
691.237,0
691.343,0
691.45,0
691.556,18
691.662,38
691.768,101
691.874,56
691.98,2
692.086,25
692.193,0
692.299,0
692.405,33
692.511,0
692.617,7
692.723,9
692.829,0
692.935,2
693.042,0
693.148,3
693.254,0
693.36,0
693.466,11
693.572,31
693.678,36
693.785,23
693.891,6
693.997,0
694.103,0
694.209,1
694.315,4
694.421,2
694.527,5
694.634,0
694.74,12
694.846,23
694.952,17
695.058,3
695.164,3
695.27,0
695.376,0
695.483,14
695.589,6
695.695,0
695.801,18
695.907,7
696.013,0
696.119,6
696.225,38
696.332,7
696.438,0
696.544,1
696.65,15
696.756,18
696.862,5
696.968,1
697.074,5
697.181,0
697.287,11
697.393,12
697.499,0
697.605,11
697.711,0
697.817,0
697.923,0
698.03,0
698.136,14
698.242,14
698.348,0
698.454,17
698.56,0
698.666,2
698.772,2
698.879,0
698.985,0
699.091,29
699.197,29
699.303,0
699.409,3
699.515,0
