39.5139,2
39.7161,3
39.918,56
40.1196,5
40.3209,0
40.5218,0
40.7224,3
40.9227,33
41.1227,18
41.3224,14
41.5217,18
41.7208,18
41.9195,22
42.1179,24
42.316,3
42.5138,16
42.7113,15
42.9084,14
43.1053,0
43.3019,0
43.4982,7
43.6941,14
43.8898,0
44.0852,0
44.2803,35
44.4751,8
44.6696,27
44.8638,34
45.0577,3
45.2514,0
45.4447,0
45.6378,1
45.8306,12
46.0231,0
46.2153,10
46.4072,12
46.5989,15
46.7903,0
46.9814,10
47.1722,19
47.3628,0
47.5531,2
47.7431,0
47.9329,1
48.1223,0
48.3116,0
48.5005,5
48.6892,24
48.8776,19
49.0658,16
49.2537,28
49.4414,6
49.6288,0
49.8159,33
50.0028,10
50.1894,2
50.3757,0
50.5619,20
50.7477,34
50.9333,0
51.1187,0
51.3038,14
51.4887,0
51.6733,0
51.8577,14
52.0418,5
52.2257,0
52.4094,38
52.5928,12
52.7759,4
52.9589,0
53.1416,33
53.324,2
53.5062,6
53.6882,0
53.87,5
54.0515,13
54.2328,4
54.4138,28
54.5947,23
54.7753,15
54.9556,1
55.1358,0
55.3157,18
55.4954,34
55.6748,2
55.8541,0
56.0331,15
56.2119,0
56.3905,0
56.5688,10
56.747,7
56.9249,3
57.1026,2
57.2801,25
57.4574,3
57.6344,0
57.8113,6
57.9879,0
58.1643,4
58.3406,0
58.5166,0
58.6923,45
58.8679,12
59.0433,0
59.2185,4
59.3934,22
59.5682,0
59.7427,5
59.9171,4
60.0912,22
60.2652,41
60.4389,13
60.6125,0
60.7858,13
60.9589,8
61.1319,31
61.3046,5
61.4772,0
61.6495,0
61.8217,10
61.9936,0
62.1654,0
62.337,2
62.5084,39
62.6795,29
62.8505,0
63.0213,0
63.192,0
63.3624,21
63.5326,4
63.7027,10
63.8725,10
64.0422,0
64.2117,21
64.381,22
64.5502,0
64.7191,0
64.8878,18
65.0564,0
65.2248,0
65.393,3
65.5611,0
65.7289,11
65.8966,5
66.0641,8
66.2314,6
66.3985,21
66.5655,4
66.7323,10
66.8989,0
67.0653,5
67.2316,4
67.3977,21
67.5636,3
67.7293,1
67.8949,19
68.0603,0
68.2255,20
68.3906,3
68.5554,9
68.7202,1
68.8847,0
69.0491,19
69.2133,11
69.3774,10
69.5412,1
69.705,0
69.8685,0
70.0319,7
70.1951,0
70.3582,19
70.5211,17
70.6838,11
70.8464,0
71.0088,0
71.171,22
71.3331,0
71.4951,0
71.6568,18
71.8185,26
71.9799,28
72.1412,0
72.3023,0
72.4633,5
72.6242,0
72.7848,3
72.9453,3
73.1057,0
73.2659,5
73.426,21
73.5859,8
73.7456,23
73.9052,6
74.0647,0
74.224,6
74.3831,4
74.5421,11
74.7009,0
74.8596,0
75.0182,0
75.1766,0
75.3348,28
75.4929,41
75.6509,0
75.8087,0
75.9664,6
76.1239,0
76.2813,9
76.4385,0
76.5956,0
76.7525,2
76.9093,3
77.066,5
77.2225,0
77.3788,0
77.5351,26
77.6911,0
77.8471,13
78.0029,5
78.1586,0
78.3141,7
78.4695,32
78.6247,4
78.7798,0
78.9348,0
79.0896,25
79.2443,9
79.3989,0
79.5533,2
79.7076,0
79.8618,30
80.0158,38
80.1697,5
80.3234,12
80.477,10
80.6305,43
80.7838,8
80.9371,7
81.0901,0
81.2431,0
81.3959,12
81.5486,35
81.7012,69
81.8536,51
82.0059,13
82.1581,0
82.3101,4
82.462,0
82.6138,0
82.7654,15
82.917,54
83.0684,18
83.2196,3
83.3708,16
83.5218,5
83.6727,12
83.8234,0
83.9741,0
84.1246,4
84.275,0
84.4253,0
84.5754,0
84.7254,9
84.8753,0
85.0251,0
85.1747,62
85.3243,44
85.4737,0
85.623,1
85.7721,0
85.9212,4
86.0701,0
86.2189,0
86.3676,10
86.5161,0
86.6646,11
86.8129,0
86.9611,4
87.1092,0
87.2572,6
87.405,0
87.5527,8
87.7004,8
87.8479,11
87.9952,12
88.1425,2
88.2897,4
88.4367,0
88.5836,9
88.7304,11
88.8771,18
89.0237,11
89.1701,31
89.3165,4
89.4627,25
89.6089,0
89.7549,30
89.9008,3
90.0465,4
90.1922,0
90.3378,0
90.4832,32
90.6286,56
90.7738,29
90.9189,11
91.0639,0
91.2088,0
91.3536,24
91.4983,22
91.6429,2
91.7873,10
91.9317,13
92.0759,10
92.2201,2
92.3641,4
92.508,6
92.6518,8
92.7955,22
92.9391,27
93.0826,33
93.226,0
93.3693,0
93.5125,29
93.6555,0
93.7985,24
93.9414,17
94.0841,17
94.2268,3
94.3693,0
94.5118,0
94.6541,2
94.7964,21
94.9385,0
95.0805,2
95.2225,16
95.3643,0
95.506,0
95.6476,20
95.7892,0
95.9306,10
96.0719,0
96.2131,3
96.3543,33
96.4953,14
96.6362,11
96.777,2
96.9177,3
97.0584,2
97.1989,0
97.3393,22
97.4796,3
97.6199,0
97.76,0
97.9,12
98.04,2
98.1798,0
98.3195,5
98.4592,8
98.5987,30
98.7382,0
98.8775,11
99.0168,24
99.1559,34
99.295,12
99.434,1
99.5729,14
99.7116,11
99.8503,20
99.9889,14
100.127,24
100.266,10
100.404,0
100.542,4
100.68,11
100.818,0
100.956,16
101.094,19
101.232,0
101.37,0
101.507,24
101.645,3
101.782,0
101.919,0
102.057,3
102.194,6
102.331,13
102.468,9
102.605,0
102.741,14
102.878,0
103.014,0
103.151,21
103.287,0
103.424,0
103.56,0
103.696,15
103.832,0
103.968,0
104.104,0
104.24,0
104.375,0
104.511,65
104.646,38
104.782,0
104.917,0
105.052,0
105.188,4
105.323,0
105.458,0
105.592,0
105.727,18
105.862,0
105.997,13
106.131,0
106.266,0
106.4,20
106.534,22
106.669,24
106.803,0
106.937,0
107.071,35
107.205,0
107.338,5
107.472,0
107.606,0
107.739,30
107.873,15
108.006,18
108.139,16
108.273,13
108.406,0
108.539,0
108.672,0
108.805,0
108.938,9
109.07,4
109.203,9
109.336,0
109.468,8
109.6,15
109.733,6
109.865,0
109.997,20
110.129,4
110.261,10
110.393,5
110.525,2
110.657,8
110.788,19
110.92,16
111.052,12
111.183,0
111.314,13
111.446,8
111.577,0
111.708,11
111.839,17
111.97,0
112.101,8
112.232,0
112.363,13
112.493,0
112.624,24
112.754,8
112.885,0
113.015,2
113.145,15
113.276,0
113.406,0
113.536,24
113.666,1
113.796,0
113.926,8
114.055,0
114.185,15
114.315,17
114.444,11
114.574,13
114.703,7
114.832,11
114.962,12
115.091,0
115.22,0
115.349,0
115.478,47
115.607,36
115.735,16
115.864,0
115.993,12
116.121,0
116.25,0
116.378,10
116.507,13
116.635,0
116.763,3
116.891,0
117.019,0
117.147,21
117.275,0
117.403,0
117.531,0
117.659,52
117.786,53
117.914,0
118.041,0
118.169,3
118.296,21
118.423,0
118.551,0
118.678,10
118.805,29
118.932,14
119.059,10
119.186,2
119.312,0
119.439,4
119.566,0
119.692,0
119.819,7
119.945,21
120.072,11
120.198,32
120.324,11
120.451,15
120.577,13
120.703,18
120.829,16
120.955,4
121.08,11
121.206,17
121.332,8
121.458,0
121.583,1
121.709,0
121.834,13
121.959,17
122.085,0
122.21,10
122.335,25
122.46,0
122.585,16
122.71,0
122.835,0
122.96,0
123.085,0
123.209,6
123.334,0
123.459,11
123.583,25
123.708,0
123.832,2
123.956,38
124.081,12
124.205,0
124.329,0
124.453,0
124.577,0
124.701,0
124.825,0
124.949,5
125.072,7
125.196,0
125.32,0
125.443,0
125.567,0
125.69,15
125.814,33
125.937,0
126.06,0
126.183,13
126.306,0
126.429,2
126.552,29
126.675,31
126.798,0
126.921,0
127.044,0
127.166,0
127.289,0
127.412,0
127.534,1
127.657,6
127.779,14
127.901,0
128.023,6
128.146,19
128.268,3
128.39,23
128.512,12
128.634,11
128.756,0
128.878,0
128.999,0
129.121,16
129.243,0
129.364,15
129.486,0
129.607,2
129.729,0
129.85,0
129.971,0
130.092,26
130.214,38
130.335,0
130.456,0
130.577,15
130.698,2
130.819,0
130.939,0
131.06,8
131.181,2
131.302,1
131.422,0
131.543,15
131.663,0
131.784,0
131.904,21
132.024,3
132.144,0
132.265,0
132.385,13
132.505,0
132.625,0
132.745,11
132.865,1
132.985,0
133.104,8
133.224,7
133.344,6
133.463,11
133.583,4
133.702,0
133.822,24
133.941,14
134.061,12
134.18,0
134.299,7
134.418,1
134.537,0
134.656,0
134.775,0
134.894,0
135.013,0
135.132,0
135.251,8
135.369,0
135.488,11
135.607,0
135.725,17
135.844,17
135.962,0
136.081,21
136.199,0
136.317,0
136.436,0
136.554,23
136.672,3
136.79,12
136.908,6
137.026,0
137.144,28
137.262,21
137.379,14
137.497,7
137.615,10
137.733,9
137.85,0
137.968,0
138.085,2
138.203,6
138.32,7
138.437,21
138.555,33
138.672,0
138.789,4
138.906,9
139.023,0
139.14,0
139.257,0
139.374,15
139.491,0
139.608,0
139.724,7
139.841,1
139.958,0
140.074,0
140.191,35
140.307,0
140.424,0
140.54,9
140.657,10
140.773,7
140.889,0
141.005,8
141.121,10
141.237,4
141.353,0
141.469,0
141.585,16
141.701,0
141.817,0
141.933,30
142.049,50
142.164,11
142.28,0
142.396,0
142.511,0
142.627,21
142.742,21
142.857,16
142.973,19
143.088,38
143.203,14
143.318,0
143.434,4
143.549,0
143.664,28
143.779,0
143.894,4
144.008,25
144.123,16
144.238,0
144.353,6
144.468,22
144.582,0
144.697,0
144.811,0
144.926,0
145.04,15
145.155,0
145.269,0
145.383,14
145.498,0
145.612,0
145.726,4
145.84,3
145.954,0
146.068,0
146.182,19
146.296,3
146.41,0
146.524,0
146.638,2
146.751,0
146.865,0
146.979,0
147.092,0
147.206,0
147.319,13
147.433,0
147.546,0
147.66,1
147.773,9
147.886,31
148,0
148.113,0
148.226,12
148.339,0
148.452,0
148.565,0
148.678,4
148.791,17
148.904,8
149.016,0
149.129,10
149.242,27
149.355,9
149.467,11
149.58,0
149.692,35
149.805,0
149.917,0
150.03,0
150.142,0
150.254,2
150.367,40
150.479,0
150.591,3
150.703,14
150.815,0
150.927,0
151.039,0
151.151,25
151.263,2
151.375,41
151.487,125
151.599,44
151.711,0
151.822,0
151.934,17
152.045,4
152.157,0
152.269,16
152.38,0
152.491,0
152.603,18
152.714,11
152.825,0
152.937,15
153.048,0
153.159,0
153.27,46
153.381,36
153.492,13
153.603,0
153.714,0
153.825,22
153.936,0
154.047,8
154.158,3
154.268,2
154.379,29
154.49,11
154.6,0
154.711,24
154.822,18
154.932,6
155.042,12
155.153,0
155.263,15
155.374,4
155.484,0
155.594,3
155.704,0
155.814,0
155.924,0
156.035,0
156.145,0
156.255,6
156.364,0
156.474,0
156.584,21
156.694,14
156.804,8
156.914,41
157.023,6
157.133,6
157.243,10
157.352,0
157.462,13
157.571,18
157.681,5
157.79,13
157.899,11
158.009,19
158.118,40
158.227,15
158.336,0
158.446,5
158.555,17
158.664,0
158.773,2
158.882,0
158.991,8
159.1,13
159.209,0
159.317,11
159.426,4
159.535,0
159.644,17
159.752,6
159.861,0
159.97,7
160.078,19
160.187,0
160.295,8
160.404,6
160.512,2
160.62,14
160.729,8
160.837,22
160.945,15
161.053,28
161.162,12
161.27,0
161.378,4
161.486,28
161.594,0
161.702,4
161.81,0
161.918,0
162.026,3
162.133,0
162.241,0
162.349,0
162.457,26
162.564,4
162.672,29
162.779,4
162.887,9
162.994,1
163.102,0
163.209,30
163.317,0
163.424,2
163.531,4
163.639,0
163.746,0
163.853,9
163.96,0
164.067,0
164.175,0
164.282,26
164.389,0
164.496,0
164.603,0
164.709,0
164.816,13
164.923,3
165.03,0
165.137,16
165.243,14
165.35,14
165.457,3
165.563,38
165.67,8
165.776,0
165.883,24
165.989,0
166.096,4
166.202,29
166.309,13
166.415,0
166.521,0
166.627,3
166.734,9
166.84,6
166.946,28
167.052,2
167.158,0
167.264,16
167.37,41
167.476,0
167.582,0
167.688,16
167.794,0
167.899,0
168.005,0
168.111,0
168.217,2
168.322,1
168.428,6
168.533,15
168.639,0
168.745,17
168.85,11
168.955,2
169.061,0
169.166,0
169.272,8
169.377,0
169.482,0
169.587,50
169.693,4
169.798,0
169.903,0
170.008,13
170.113,11
170.218,0
170.323,0
170.428,16
170.533,2
170.638,22
170.743,0
170.847,0
170.952,31
171.057,33
171.162,0
171.266,12
171.371,1
171.476,0
171.58,6
171.685,6
171.789,25
171.894,0
171.998,18
172.102,36
172.207,16
172.311,6
172.415,3
172.52,14
172.624,36
172.728,12
172.832,18
172.936,0
173.04,0
173.145,0
173.249,3
173.353,0
173.457,0
173.56,0
173.664,4
173.768,10
173.872,0
173.976,30
174.08,21
174.183,17
174.287,0
174.391,0
174.494,0
174.598,0
174.701,14
174.805,19
174.908,0
175.012,0
175.115,0
175.219,28
175.322,14
175.425,17
175.529,1
175.632,19
175.735,0
175.838,0
175.941,0
176.045,1
176.148,20
176.251,0
176.354,0
176.457,0
176.56,20
176.663,0
176.766,0
176.868,18
176.971,19
177.074,60
177.177,52
177.28,45
177.382,3
177.485,23
177.588,0
177.69,0
177.793,0
177.895,21
177.998,0
178.1,0
178.203,0
178.305,6
178.408,0
178.51,9
178.612,0
178.714,27
178.817,6
178.919,16
179.021,3
179.123,13
179.225,0
179.328,1
179.43,0
179.532,9
179.634,0
179.736,0
179.838,0
179.939,0
180.041,8
180.143,1
180.245,13
180.347,2
180.449,32
180.55,16
180.652,10
180.754,8
180.855,11
180.957,0
181.058,0
181.16,21
181.262,13
181.363,7
181.464,0
181.566,0
181.667,1
181.769,32
181.87,0
181.971,23
182.072,0
182.174,0
182.275,0
182.376,5
182.477,0
182.578,0
182.679,19
182.78,0
182.881,5
182.982,0
183.083,0
183.184,27
183.285,13
183.386,14
183.487,7
183.588,10
183.689,5
183.789,0
183.89,2
183.991,2
184.091,0
184.192,13
184.293,0
184.393,0
184.494,6
184.594,0
184.695,0
184.795,0
184.896,36
184.996,33
185.096,13
185.197,0
185.297,0
185.397,0
185.498,0
185.598,0
185.698,2
185.798,8
185.898,13
185.998,0
186.098,0
186.198,0
186.298,0
186.398,105
186.498,84
186.598,14
186.698,0
186.798,1
186.898,18
186.998,0
187.098,0
187.197,0
187.297,0
187.397,0
187.496,18
187.596,0
187.696,19
187.795,39
187.895,20
187.994,15
188.094,0
188.193,15
188.293,34
188.392,6
188.491,0
188.591,0
188.69,0
188.789,0
188.889,4
188.988,0
189.087,0
189.186,11
189.285,0
189.385,8
189.484,0
189.583,6
189.682,11
189.781,0
189.88,0
189.979,0
190.078,14
190.177,0
190.276,3
190.374,21
190.473,14
190.572,0
190.671,6
190.769,6
190.868,0
190.967,0
191.066,11
191.164,0
191.263,0
191.361,11
191.46,51
191.558,0
191.657,0
191.755,3
191.854,1
191.952,2
192.051,0
192.149,30
192.247,33
192.346,39
192.444,41
192.542,16
192.64,7
192.738,19
192.837,24
192.935,1
193.033,4
193.131,0
193.229,26
193.327,0
193.425,0
193.523,5
193.621,8
193.719,21
193.817,0
193.915,0
194.012,24
194.11,0
194.208,0
194.306,0
194.404,0
194.501,0
194.599,0
194.697,4
194.794,31
194.892,23
194.989,7
195.087,0
195.185,0
195.282,29
195.379,0
195.477,0
195.574,10
195.672,16
195.769,4
195.866,29
195.964,0
196.061,0
196.158,0
196.256,7
196.353,3
196.45,0
196.547,0
196.644,7
196.741,0
196.838,0
196.935,12
197.032,0
197.129,0
197.226,32
197.323,5
197.42,0
197.517,0
197.614,63
197.711,12
197.808,0
197.905,8
198.001,24
198.098,2
198.195,0
198.292,0
198.388,0
198.485,37
198.581,7
198.678,12
198.775,0
198.871,13
198.968,26
199.064,0
199.161,0
199.257,13
199.353,20
199.45,0
199.546,2
199.643,25
199.739,146
199.835,143
199.931,63
200.028,3
200.124,0
200.22,0
200.316,20
200.412,28
200.509,4
200.605,0
200.701,0
200.797,0
200.893,5
200.989,0
201.085,0
201.181,19
201.277,41
201.372,13
201.468,31
201.564,103
201.66,86
201.756,55
201.852,3
201.947,43
202.043,7
202.139,0
202.234,0
202.33,0
202.426,6
202.521,0
202.617,0
202.712,6
202.808,3
202.903,0
202.999,0
203.094,0
203.19,3
203.285,0
203.381,0
203.476,0
203.571,2
203.667,0
203.762,15
203.857,0
203.952,7
204.048,12
204.143,15
204.238,101
204.333,31
204.428,25
204.523,11
204.618,4
204.713,0
204.808,0
204.903,0
204.998,0
205.093,24
205.188,6
205.283,17
205.378,0
205.473,5
205.568,23
205.663,18
205.757,0
205.852,32
205.947,4
206.042,0
206.136,0
206.231,0
206.326,5
206.42,8
206.515,3
206.609,6
206.704,0
206.798,0
206.893,17
206.987,6
207.082,10
207.176,0
207.271,13
207.365,0
207.459,0
207.554,36
207.648,0
207.742,0
207.837,4
207.931,8
208.025,0
208.119,0
208.214,4
208.308,0
208.402,11
208.496,21
208.59,5
208.684,8
208.778,8
208.872,2
208.966,26
209.06,0
209.154,0
209.248,6
209.342,0
209.436,0
209.53,0
209.624,0
209.717,0
209.811,2
209.905,11
209.999,7
210.092,3
210.186,0
210.28,3
210.374,32
210.467,15
210.561,8
210.654,0
210.748,0
210.842,17
210.935,20
211.029,4
211.122,5
211.215,6
211.309,15
211.402,0
211.496,27
211.589,21
211.682,11
211.776,4
211.869,0
211.962,0
212.056,13
212.149,0
212.242,0
212.335,14
212.428,9
212.522,0
212.615,6
212.708,6
212.801,0
212.894,17
212.987,0
213.08,0
213.173,0
213.266,0
213.359,0
213.452,0
213.545,0
213.638,12
213.731,2
213.823,33
213.916,20
214.009,0
214.102,8
214.195,7
214.287,0
214.38,0
214.473,10
214.565,0
214.658,0
214.751,10
214.843,28
214.936,2
215.028,2
215.121,17
215.214,10
215.306,20
215.399,0
215.491,16
215.583,11
215.676,5
215.768,0
215.861,0
215.953,0
216.045,0
216.138,0
216.23,0
216.322,5
216.414,11
216.507,0
216.599,0
216.691,28
216.783,13
216.875,41
216.968,10
217.06,20
217.152,1
217.244,0
217.336,0
217.428,0
217.52,24
217.612,0
217.704,0
217.796,27
217.888,9
217.98,11
218.071,0
218.163,0
218.255,0
218.347,13
218.439,2
218.53,9
218.622,3
218.714,0
218.806,0
218.897,0
218.989,22
219.081,0
219.172,14
219.264,0
219.355,4
219.447,5
219.539,2
219.63,0
219.722,5
219.813,1
219.905,0
219.996,0
220.087,63
220.179,58
220.27,37
220.362,0
220.453,0
220.544,0
220.636,0
220.727,0
220.818,0
220.909,0
221.001,0
221.092,0
221.183,37
221.274,0
221.365,0
221.456,8
221.547,0
221.638,0
221.73,33
221.821,0
221.912,0
222.003,0
222.094,11
222.185,6
222.276,0
222.366,0
222.457,1
222.548,20
222.639,21
222.73,22
222.821,0
222.912,0
223.002,31
223.093,5
223.184,0
223.275,0
223.365,0
223.456,0
223.547,4
223.637,0
223.728,0
223.818,3
223.909,37
224,13
224.09,0
224.181,5
224.271,31
224.362,13
224.452,0
224.543,0
224.633,32
224.723,1
224.814,4
224.904,0
224.995,0
225.085,0
225.175,0
225.266,27
225.356,45
225.446,25
225.536,29
225.627,50
225.717,8
225.807,0
225.897,10
225.987,3
226.077,15
226.167,0
226.258,8
226.348,8
226.438,0
226.528,18
226.618,14
226.708,11
226.798,22
226.888,0
226.978,0
227.067,10
227.157,0
227.247,4
227.337,6
227.427,0
227.517,0
227.607,15
227.696,23
227.786,6
227.876,0
227.966,0
228.055,0
228.145,0
228.235,12
228.324,32
228.414,3
228.504,0
228.593,0
228.683,0
228.772,29
228.862,13
228.951,0
229.041,1
229.13,35
229.22,17
229.309,13
229.399,0
229.488,16
229.577,20
229.667,10
229.756,0
229.845,3
229.935,3
230.024,1
230.113,0
230.203,18
230.292,13
230.381,0
230.47,3
230.559,24
230.649,6
230.738,28
230.827,0
230.916,7
231.005,15
231.094,16
231.183,0
231.272,0
231.361,17
231.45,0
231.539,0
231.628,0
231.717,0
231.806,0
231.895,0
231.984,48
232.073,20
232.162,0
232.251,0
232.339,25
232.428,0
232.517,0
232.606,12
232.695,53
232.783,70
232.872,36
232.961,16
233.049,9
233.138,0
233.227,0
233.315,0
233.404,1
233.493,27
233.581,7
233.67,8
233.758,0
233.847,0
233.935,0
234.024,2
234.112,0
234.201,16
234.289,16
234.378,2
234.466,0
234.554,0
234.643,9
234.731,0
234.819,0
234.908,0
234.996,0
235.084,0
235.172,0
235.261,11
235.349,17
235.437,37
235.525,45
235.613,0
235.702,0
235.79,0
235.878,22
235.966,0
236.054,0
236.142,17
236.23,0
236.318,7
236.406,0
236.494,0
236.582,0
236.67,5
236.758,0
236.846,0
236.934,0
237.022,0
237.11,6
237.198,12
237.285,6
237.373,0
237.461,11
237.549,22
237.637,0
237.724,0
237.812,6
237.9,5
237.988,23
238.075,16
238.163,0
238.251,3
238.338,0
238.426,2
238.513,8
238.601,9
238.689,0
238.776,0
238.864,0
238.951,11
239.039,0
239.126,0
239.214,12
239.301,36
239.389,65
239.476,105
239.563,197
239.651,165
239.738,46
239.826,0
239.913,13
240,0
240.087,15
240.175,15
240.262,0
240.349,0
240.437,24
240.524,0
240.611,0
240.698,0
240.785,32
240.872,26
240.96,17
241.047,0
241.134,19
241.221,23
241.308,0
241.395,0
241.482,21
241.569,0
241.656,25
241.743,16
241.83,0
241.917,3
242.004,0
242.091,0
242.178,6
242.265,45
242.352,0
242.438,23
242.525,0
242.612,4
242.699,0
242.786,16
242.872,23
242.959,5
243.046,0
243.133,0
243.219,16
243.306,0
243.393,4
243.479,0
243.566,0
243.653,0
243.739,0
243.826,0
243.912,10
243.999,8
244.086,0
244.172,12
244.259,11
244.345,15
244.432,0
244.518,0
244.605,24
244.691,15
244.777,0
244.864,0
244.95,8
245.037,8
245.123,0
245.209,23
245.296,10
245.382,10
245.468,0
245.554,8
245.641,0
245.727,0
245.813,11
245.899,15
245.986,12
246.072,0
246.158,10
246.244,0
246.33,0
246.416,12
246.502,15
246.589,11
246.675,2
246.761,10
246.847,22
246.933,0
247.019,8
247.105,0
247.191,0
247.277,21
247.363,0
247.449,0
247.534,10
247.62,0
247.706,17
247.792,5
247.878,8
247.964,1
248.05,1
248.135,28
248.221,0
248.307,0
248.393,0
248.479,4
248.564,0
248.65,0
248.736,4
248.821,0
248.907,0
248.993,10
249.078,17
249.164,4
249.25,0
249.335,0
249.421,32
249.506,43
249.592,0
249.677,0
249.763,0
249.848,0
249.934,17
250.019,6
250.105,0
250.19,14
250.276,7
250.361,0
250.446,0
250.532,0
250.617,4
250.703,4
250.788,0
250.873,0
250.959,12
251.044,0
251.129,0
251.214,0
251.3,21
251.385,2
251.47,0
251.555,0
251.64,0
251.726,16
251.811,0
251.896,4
251.981,21
252.066,5
252.151,0
252.236,14
252.321,3
252.406,18
252.491,204
252.576,260
252.661,117
252.746,34
252.831,0
252.916,0
253.001,0
253.086,4
253.171,12
253.256,1
253.341,0
253.426,0
253.511,20
253.596,3
253.68,0
253.765,0
253.85,22
253.935,6
254.02,1
254.104,29
254.189,0
254.274,8
254.358,0
254.443,0
254.528,5
254.613,0
254.697,13
254.782,13
254.866,0
254.951,0
255.036,5
255.12,0
255.205,0
255.289,19
255.374,7
255.458,0
255.543,0
255.627,29
255.712,56
255.796,50
255.881,17
255.965,45
256.05,0
256.134,14
256.218,0
256.303,0
256.387,11
256.472,45
256.556,10
256.64,13
256.724,7
256.809,1
256.893,2
256.977,2
257.062,8
257.146,4
257.23,0
257.314,0
257.398,0
257.483,0
257.567,6
257.651,4
257.735,0
257.819,4
257.903,17
257.987,15
258.071,0
258.156,3
258.24,0
258.324,0
258.408,4
258.492,50
258.576,39
258.66,15
258.744,0
258.828,9
258.911,11
258.995,9
259.079,11
259.163,21
259.247,0
259.331,0
259.415,6
259.499,0
259.582,0
259.666,8
259.75,0
259.834,0
259.918,11
260.001,0
260.085,1
260.169,10
260.253,0
260.336,0
260.42,32
260.504,33
260.587,10
260.671,0
260.755,0
260.838,0
260.922,19
261.005,14
261.089,5
261.173,7
261.256,23
261.34,12
261.423,24
261.507,9
261.59,0
261.674,8
261.757,4
261.841,31
261.924,65
262.007,82
262.091,82
262.174,35
262.258,0
262.341,0
262.424,0
262.508,24
262.591,1
262.674,8
262.758,34
262.841,11
262.924,0
263.008,0
263.091,8
263.174,1
263.257,9
263.34,0
263.424,6
263.507,0
263.59,0
263.673,14
263.756,2
263.839,0
263.923,14
264.006,0
264.089,0
264.172,20
264.255,20
264.338,0
264.421,0
264.504,12
264.587,0
264.67,19
264.753,8
264.836,0
264.919,0
265.002,11
265.085,11
265.168,0
265.251,0
265.333,4
265.416,0
265.499,13
265.582,1
265.665,0
265.748,28
265.831,0
265.913,0
265.996,0
266.079,0
266.162,0
266.244,36
266.327,38
266.41,0
266.493,0
266.575,0
266.658,0
266.741,0
266.823,32
266.906,0
266.989,23
267.071,10
267.154,0
267.236,0
267.319,15
267.402,22
267.484,0
267.567,2
267.649,0
267.732,13
267.814,0
267.897,26
267.979,0
268.062,13
268.144,23
268.226,26
268.309,0
268.391,0
268.474,40
268.556,25
268.638,14
268.721,0
268.803,2
268.885,33
268.968,2
269.05,0
269.132,0
269.215,23
269.297,1
269.379,6
269.461,0
269.544,17
269.626,36
269.708,29
269.79,20
269.872,0
269.955,6
270.037,10
270.119,8
270.201,0
270.283,7
270.365,0
270.447,0
270.529,10
270.611,0
270.694,27
270.776,19
270.858,0
270.94,1
271.022,1
271.104,0
271.186,0
271.268,0
271.349,0
271.431,5
271.513,0
271.595,20
271.677,25
271.759,0
271.841,6
271.923,15
272.005,0
272.086,0
272.168,25
272.25,6
272.332,30
272.414,6
272.495,0
272.577,23
272.659,1
272.741,8
272.822,2
272.904,0
272.986,3
273.068,5
273.149,4
273.231,0
273.313,0
273.394,0
273.476,15
273.557,6
273.639,0
273.721,0
273.802,4
273.884,7
273.965,0
274.047,0
274.128,0
274.21,0
274.291,0
274.373,0
274.454,47
274.536,40
274.617,2
274.699,0
274.78,0
274.862,0
274.943,3
275.024,10
275.106,30
275.187,4
275.269,0
275.35,4
275.431,27
275.513,0
275.594,0
275.675,3
275.756,2
275.838,0
275.919,12
276,0
276.082,25
276.163,11
276.244,0
276.325,3
276.406,4
276.488,19
276.569,0
276.65,0
276.731,6
276.812,8
276.893,29
276.974,0
277.055,8
277.137,10
277.218,8
277.299,0
277.38,0
277.461,73
277.542,149
277.623,100
277.704,28
277.785,0
277.866,0
277.947,0
278.028,6
278.109,0
278.19,0
278.27,8
278.351,28
278.432,14
278.513,0
278.594,14
278.675,11
278.756,36
278.837,0
278.917,0
278.998,39
279.079,0
279.16,0
279.241,1
279.321,12
279.402,28
279.483,16
279.564,5
279.644,0
279.725,24
279.806,3
279.886,8
279.967,0
280.048,13
280.128,17
280.209,6
280.29,4
280.37,11
280.451,2
280.531,0
280.612,0
280.693,21
280.773,13
280.854,8
280.934,2
281.015,18
281.095,33
281.176,0
281.256,0
281.337,18
281.417,7
281.498,0
281.578,0
281.659,12
281.739,32
281.819,8
281.9,0
281.98,20
282.061,0
282.141,0
282.221,2
282.302,14
282.382,0
282.462,0
282.543,8
282.623,51
282.703,0
282.783,0
282.864,0
282.944,18
283.024,8
283.104,0
283.185,0
283.265,0
283.345,44
283.425,11
283.505,0
283.585,0
283.666,0
283.746,7
283.826,0
283.906,0
283.986,0
284.066,0
284.146,36
284.226,5
284.306,11
284.386,25
284.466,51
284.546,17
284.626,0
284.706,3
284.786,0
284.866,0
284.946,0
285.026,3
285.106,0
285.186,4
285.266,10
285.346,5
285.426,4
285.506,8
285.586,0
285.666,13
285.745,1
285.825,0
285.905,27
285.985,0
286.065,0
286.145,15
286.224,0
286.304,3
286.384,0
286.464,0
286.543,0
286.623,26
286.703,0
286.783,0
286.862,10
286.942,16
287.022,0
287.101,0
287.181,0
287.261,0
287.34,9
287.42,6
287.5,3
287.579,0
287.659,0
287.738,0
287.818,7
287.897,13
287.977,0
288.057,0
288.136,56
288.216,99
288.295,92
288.375,31
288.454,0
288.534,0
288.613,0
288.692,0
288.772,6
288.851,0
288.931,0
289.01,0
289.09,35
289.169,15
289.248,0
289.328,10
289.407,46
289.486,10
289.566,0
289.645,34
289.724,0
289.804,0
289.883,4
289.962,12
290.042,16
290.121,0
290.2,0
290.279,1
290.359,3
290.438,11
290.517,25
290.596,24
290.675,22
290.755,3
290.834,0
290.913,0
290.992,0
291.071,21
291.15,13
291.229,3
291.308,5
291.388,0
291.467,0
291.546,13
291.625,6
291.704,4
291.783,0
291.862,15
291.941,0
292.02,0
292.099,0
292.178,4
292.257,0
292.336,20
292.415,8
292.494,0
292.573,10
292.652,0
292.73,4
292.809,0
292.888,0
292.967,0
293.046,17
293.125,12
293.204,0
293.283,23
293.361,21
293.44,24
293.519,15
293.598,20
293.677,0
293.755,0
293.834,1
293.913,0
293.992,4
294.07,0
294.149,5
294.228,0
294.307,0
294.385,8
294.464,10
294.543,29
294.621,0
294.7,5
294.779,12
294.857,0
294.936,9
295.014,0
295.093,0
295.172,20
295.25,9
295.329,1
295.407,27
295.486,1
295.564,25
295.643,15
295.722,21
295.8,0
295.879,0
295.957,24
296.036,52
296.114,137
296.192,110
296.271,60
296.349,0
296.428,6
296.506,3
296.585,0
296.663,1
296.741,39
296.82,5
296.898,0
296.977,0
297.055,0
297.133,6
297.212,26
297.29,0
297.368,0
297.446,33
297.525,101
297.603,54
297.681,15
297.76,11
297.838,0
297.916,25
297.994,17
298.073,0
298.151,6
298.229,0
298.307,0
298.385,26
298.463,22
298.542,32
298.62,6
298.698,4
298.776,0
298.854,24
298.932,9
299.01,2
299.088,0
299.167,0
299.245,18
299.323,0
299.401,23
299.479,0
299.557,0
299.635,15
299.713,0
299.791,0
299.869,13
299.947,0
300.025,18
300.103,10
300.181,0
300.259,2
300.337,14
300.415,12
300.492,2
300.57,0
300.648,14
300.726,5
300.804,10
300.882,13
300.96,22
301.038,3
301.115,0
301.193,8
301.271,0
301.349,23
301.427,18
301.504,0
301.582,4
301.66,0
301.738,11
301.816,33
301.893,84
301.971,50
302.049,11
302.126,0
302.204,0
302.282,32
302.36,10
302.437,10
302.515,0
302.593,10
302.67,7
302.748,0
302.825,8
302.903,0
302.981,0
303.058,7
303.136,0
303.213,12
303.291,0
303.369,0
303.446,0
303.524,21
303.601,32
303.679,0
303.756,29
303.834,2
303.911,0
303.989,2
304.066,0
304.144,19
304.221,0
304.299,0
304.376,0
304.453,1
304.531,8
304.608,0
304.686,0
304.763,0
304.84,18
304.918,0
304.995,16
305.072,2
305.15,0
305.227,11
305.304,0
305.382,10
305.459,24
305.536,0
305.614,0
305.691,21
305.768,27
305.845,0
305.923,8
306,0
306.077,0
306.154,34
306.232,39
306.309,0
306.386,0
306.463,0
306.54,22
306.618,34
306.695,0
306.772,0
306.849,0
306.926,16
307.003,0
307.08,26
307.157,0
307.234,3
307.312,1
307.389,15
307.466,11
307.543,7
307.62,0
307.697,10
307.774,0
307.851,0
307.928,14
308.005,6
308.082,28
308.159,0
308.236,13
308.313,14
308.39,6
308.467,2
308.544,0
308.621,0
308.697,0
308.774,0
308.851,4
308.928,0
309.005,18
309.082,0
309.159,9
309.236,10
309.312,25
309.389,0
309.466,14
309.543,11
309.62,18
309.697,38
309.773,11
309.85,0
309.927,4
310.004,18
310.08,0
310.157,0
310.234,0
310.311,8
310.387,0
310.464,0
310.541,0
310.617,25
310.694,2
310.771,7
310.847,9
310.924,0
311.001,37
311.077,13
311.154,0
311.231,5
311.307,16
311.384,0
311.46,12
311.537,13
311.614,32
311.69,24
311.767,6
311.843,33
311.92,0
311.996,0
312.073,0
312.149,20
312.226,0
312.302,0
312.379,0
312.455,0
312.532,14
312.608,0
312.685,0
312.761,11
312.838,2
312.914,13
312.99,4
313.067,2
313.143,0
313.22,8
313.296,2
313.372,0
313.449,0
313.525,34
313.601,4
313.678,7
313.754,4
313.83,60
313.907,70
313.983,14
314.059,0
314.136,0
314.212,11
314.288,14
314.364,24
314.441,32
314.517,70
314.593,55
314.669,5
314.746,9
314.822,6
314.898,4
314.974,0
315.05,0
315.127,25
315.203,26
315.279,0
315.355,22
315.431,0
315.507,0
315.583,23
315.66,19
315.736,11
315.812,6
315.888,23
315.964,0
316.04,0
316.116,11
316.192,16
316.268,29
316.344,14
316.42,26
316.496,0
316.572,0
316.648,36
316.724,24
316.8,6
316.876,0
316.952,0
317.028,0
317.104,5
317.18,0
317.256,2
317.332,13
317.408,10
317.484,4
317.56,19
317.635,24
317.711,22
317.787,0
317.863,2
317.939,19
318.015,0
318.091,0
318.166,0
318.242,0
318.318,4
318.394,6
318.47,0
318.546,0
318.621,0
318.697,0
318.773,0
318.849,0
318.924,0
319,0
319.076,7
319.152,0
319.227,18
319.303,21
319.379,2
319.454,4
319.53,16
319.606,6
319.681,1
319.757,18
319.833,0
319.908,31
319.984,2
320.06,18
320.135,1
320.211,0
320.286,5
320.362,33
320.438,0
320.513,0
320.589,0
320.664,6
320.74,5
320.815,11
320.891,12
320.966,25
321.042,21
321.117,9
321.193,3
321.268,0
321.344,0
321.419,30
321.495,14
321.57,0
321.646,0
321.721,21
321.797,18
321.872,4
321.947,2
322.023,0
322.098,9
322.174,32
322.249,0
322.324,0
322.4,24
322.475,0
322.55,0
322.626,0
322.701,7
322.776,21
322.852,0
322.927,0
323.002,15
323.078,0
323.153,0
323.228,26
323.304,12
323.379,0
323.454,13
323.529,0
323.605,0
323.68,24
323.755,0
323.83,4
323.905,6
323.981,19
324.056,2
324.131,13
324.206,37
324.281,11
324.356,3
324.432,0
324.507,6
324.582,11
324.657,61
324.732,56
324.807,20
324.882,0
324.957,11
325.033,0
325.108,8
325.183,0
325.258,0
325.333,0
325.408,0
325.483,22
325.558,22
325.633,0
325.708,0
325.783,17
325.858,12
325.933,0
326.008,8
326.083,33
326.158,9
326.233,0
326.308,30
326.383,24
326.458,0
326.533,0
326.608,9
326.682,14
326.757,0
326.832,10
326.907,8
326.982,0
327.057,6
327.132,0
327.207,0
327.281,0
327.356,0
327.431,0
327.506,17
327.581,0
327.656,0
327.73,0
327.805,16
327.88,17
327.955,0
328.03,5
328.104,16
328.179,12
328.254,21
328.329,0
328.403,14
328.478,10
328.553,0
328.627,6
328.702,6
328.777,0
328.852,0
328.926,34
329.001,26
329.076,0
329.15,0
329.225,1
329.3,2
329.374,0
329.449,8
329.523,12
329.598,0
329.673,7
329.747,0
329.822,0
329.896,21
329.971,26
330.045,0
330.12,2
330.195,0
330.269,8
330.344,13
330.418,17
330.493,0
330.567,0
330.642,20
330.716,0
330.791,10
330.865,1
330.94,0
331.014,15
331.089,31
331.163,0
331.237,0
331.312,26
331.386,3
331.461,21
331.535,23
331.61,14
331.684,0
331.758,0
331.833,0
331.907,0
331.981,0
332.056,35
332.13,5
332.205,5
332.279,0
332.353,40
332.428,0
332.502,0
332.576,0
332.65,11
332.725,16
332.799,0
332.873,9
332.948,0
333.022,19
333.096,0
333.17,3
333.245,5
333.319,9
333.393,0
333.467,1
333.541,0
333.616,25
333.69,0
333.764,0
333.838,0
333.912,0
333.987,12
334.061,66
334.135,139
334.209,71
334.283,13
334.357,0
334.431,0
334.506,18
334.58,31
334.654,9
334.728,0
334.802,0
334.876,0
334.95,0
335.024,0
335.098,0
335.172,11
335.246,4
335.32,2
335.394,2
335.468,0
335.542,3
335.616,0
335.69,0
335.764,0
335.838,5
335.912,24
335.986,0
336.06,37
336.134,2
336.208,0
336.282,0
336.356,60
336.43,23
336.504,0
336.578,0
336.652,0
336.726,9
336.799,8
336.873,0
336.947,24
337.021,26
337.095,0
337.169,14
337.243,23
337.316,89
337.39,45
337.464,13
337.538,0
337.612,16
337.686,0
337.759,32
337.833,63
337.907,0
337.981,56
338.054,120
338.128,135
338.202,274
338.276,181
338.349,21
338.423,0
338.497,0
338.571,0
338.644,21
338.718,92
338.792,69
338.865,53
338.939,32
339.013,0
339.086,25
339.16,21
339.234,0
339.307,19
339.381,21
339.455,0
339.528,0
339.602,28
339.675,36
339.749,7
339.823,0
339.896,0
339.97,10
340.043,1
340.117,0
340.191,8
340.264,13
340.338,14
340.411,148
340.485,201
340.558,145
340.632,58
340.705,0
340.779,4
340.852,2
340.926,8
340.999,3
341.073,0
341.146,20
341.22,19
341.293,2
341.367,4
341.44,315
341.513,307
341.587,144
341.66,0
341.734,0
341.807,0
341.88,1
341.954,16
342.027,55
342.101,134
342.174,204
342.247,134
342.321,63
342.394,24
342.467,106
342.541,269
342.614,179
342.687,65
342.761,2
342.834,0
342.907,44
342.981,84
343.054,70
343.127,90
343.2,80
343.274,34
343.347,0
343.42,51
343.494,43
343.567,0
343.64,50
343.713,121
343.786,22
343.86,0
343.933,6
344.006,0
344.079,0
344.152,6
344.226,12
344.299,1
344.372,2
344.445,0
344.518,14
344.591,41
344.665,94
344.738,50
344.811,22
344.884,0
344.957,13
345.03,0
345.103,0
345.176,12
345.249,5
345.322,0
345.396,0
345.469,31
345.542,1
345.615,0
345.688,28
345.761,6
345.834,0
345.907,26
345.98,0
346.053,0
346.126,0
346.199,11
346.272,9
346.345,0
346.418,13
346.491,12
346.564,0
346.637,0
346.71,26
346.783,7
346.856,5
346.929,7
347.001,9
347.074,20
347.147,35
347.22,0
347.293,23
347.366,40
347.439,0
347.512,2
347.585,0
347.657,58
347.73,84
347.803,22
347.876,8
347.949,0
348.022,0
348.094,0
348.167,3
348.24,9
348.313,0
348.386,19
348.458,0
348.531,0
348.604,3
348.677,0
348.75,7
348.822,0
348.895,7
348.968,0
349.041,76
349.113,47
349.186,43
349.259,7
349.331,0
349.404,7
349.477,25
349.55,13
349.622,0
349.695,7
349.768,33
349.84,0
349.913,0
349.986,2
350.058,13
350.131,0
350.204,13
350.276,44
350.349,29
350.421,28
350.494,0
350.567,0
350.639,0
350.712,13
350.784,0
350.857,6
350.929,0
351.002,43
351.075,50
351.147,0
351.22,8
351.292,20
351.365,0
351.437,0
351.51,17
351.582,0
351.655,0
351.727,24
351.8,35
351.872,38
351.945,24
352.017,1
352.09,0
352.162,29
352.235,24
352.307,0
352.38,0
352.452,16
352.524,18
352.597,0
352.669,12
352.742,0
352.814,4
352.886,0
352.959,0
353.031,0
353.104,30
353.176,14
353.248,0
353.321,26
353.393,15
353.465,13
353.538,22
353.61,26
353.682,29
353.755,1
353.827,0
353.899,20
353.972,0
354.044,4
354.116,0
354.188,0
354.261,0
354.333,17
354.405,22
354.478,20
354.55,2
354.622,25
354.694,27
354.767,126
354.839,106
354.911,51
354.983,13
355.055,14
355.128,0
355.2,0
355.272,0
355.344,0
355.416,0
355.489,6
355.561,1
355.633,0
355.705,15
355.777,0
355.849,9
355.921,30
355.994,8
356.066,11
356.138,13
356.21,23
356.282,0
356.354,1
356.426,26
356.498,6
356.57,8
356.642,0
356.714,0
356.787,0
356.859,10
356.931,4
357.003,17
357.075,10
357.147,41
357.219,0
357.291,0
357.363,0
357.435,10
357.507,10
357.579,0
357.651,0
357.723,0
357.795,11
357.867,22
357.939,25
358.011,0
358.083,0
358.154,0
358.226,26
358.298,33
358.37,14
358.442,0
358.514,9
358.586,0
358.658,4
358.73,0
358.802,0
358.874,9
358.945,4
359.017,0
359.089,0
359.161,15
359.233,5
359.305,0
359.377,19
359.448,0
359.52,0
359.592,0
359.664,0
359.736,20
359.807,0
359.879,0
359.951,11
360.023,35
360.095,4
360.166,5
360.238,4
360.31,0
360.382,1
360.453,24
360.525,0
360.597,0
360.669,15
360.74,4
360.812,8
360.884,0
360.956,9
361.027,0
361.099,0
361.171,5
361.242,17
361.314,2
361.386,17
361.457,0
361.529,0
361.601,0
361.672,0
361.744,0
361.816,0
361.887,12
361.959,5
362.03,0
362.102,0
362.174,0
362.245,0
362.317,0
362.388,3
362.46,2
362.532,4
362.603,14
362.675,9
362.746,7
362.818,3
362.889,21
362.961,0
363.032,16
363.104,0
363.176,11
363.247,0
363.319,9
363.39,0
363.462,0
363.533,19
363.605,18
363.676,0
363.748,6
363.819,17
363.89,0
363.962,18
364.033,14
364.105,0
364.176,1
364.248,3
364.319,0
364.391,5
364.462,14
364.533,0
364.605,13
364.676,0
364.748,3
364.819,13
364.89,30
364.962,82
365.033,34
365.104,20
365.176,5
365.247,0
365.319,0
365.39,19
365.461,39
365.533,2
365.604,0
365.675,14
365.747,4
365.818,0
365.889,0
365.96,0
366.032,32
366.103,0
366.174,0
366.246,0
366.317,0
366.388,5
366.459,0
366.531,0
366.602,0
366.673,0
366.744,0
366.816,0
366.887,8
366.958,0
367.029,6
367.1,0
367.172,0
367.243,9
367.314,0
367.385,16
367.456,1
367.528,4
367.599,16
367.67,0
367.741,6
367.812,17
367.883,30
367.955,23
368.026,24
368.097,0
368.168,0
368.239,0
368.31,1
368.381,8
368.452,1
368.523,0
368.595,5
368.666,0
368.737,0
368.808,28
368.879,1
368.95,6
369.021,0
369.092,0
369.163,0
369.234,12
369.305,12
369.376,10
369.447,4
369.518,30
369.589,0
369.66,1
369.731,9
369.802,0
369.873,0
369.944,16
370.015,108
370.086,146
370.157,47
370.228,5
370.299,0
370.37,27
370.441,1
370.512,14
370.583,18
370.654,0
370.725,80
370.796,63
370.866,22
370.937,0
371.008,15
371.079,5
371.15,0
371.221,14
371.292,13
371.363,7
371.434,0
371.504,0
371.575,8
371.646,2
371.717,6
371.788,0
371.859,0
371.93,0
372,0
372.071,13
372.142,0
372.213,8
372.284,0
372.354,0
372.425,0
372.496,54
372.567,0
372.638,1
372.708,7
372.779,0
372.85,0
372.921,0
372.991,14
373.062,0
373.133,0
373.204,6
373.274,1
373.345,0
373.416,0
373.486,104
373.557,162
373.628,86
373.699,8
373.769,0
373.84,0
373.911,7
373.981,0
374.052,16
374.123,0
374.193,6
374.264,0
374.335,0
374.405,0
374.476,0
374.546,5
374.617,0
374.688,0
374.758,8
374.829,0
374.9,0
374.97,2
375.041,13
375.111,9
375.182,15
375.252,18
375.323,0
375.394,56
375.464,88
375.535,69
375.605,20
375.676,6
375.746,0
375.817,0
375.887,0
375.958,0
376.028,0
376.099,20
376.17,0
376.24,0
376.311,1
376.381,0
376.451,3
376.522,0
376.592,0
376.663,13
376.733,12
376.804,0
376.874,3
376.945,24
377.015,0
377.086,0
377.156,6
377.227,126
377.297,203
377.367,172
377.438,50
377.508,0
377.579,0
377.649,0
377.719,6
377.79,20
377.86,1
377.931,0
378.001,0
378.071,8
378.142,34
378.212,0
378.282,0
378.353,36
378.423,26
378.493,1
378.564,29
378.634,0
378.704,5
378.775,43
378.845,0
378.915,0
378.986,0
379.056,0
379.126,0
379.196,25
379.267,0
379.337,13
379.407,0
379.478,0
379.548,24
379.618,11
379.688,0
379.759,0
379.829,0
379.899,22
379.969,2
380.04,22
380.11,43
380.18,46
380.25,6
380.32,0
380.391,23
380.461,0
380.531,0
380.601,0
380.671,0
380.741,27
380.812,8
380.882,5
380.952,7
381.022,0
381.092,0
381.162,17
381.233,8
381.303,0
381.373,0
381.443,0
381.513,0
381.583,30
381.653,15
381.723,0
381.793,2
381.864,20
381.934,0
382.004,0
382.074,0
382.144,0
382.214,0
382.284,0
382.354,7
382.424,0
382.494,0
382.564,0
382.634,48
382.704,23
382.774,0
382.844,12
382.914,37
382.984,0
383.054,19
383.124,56
383.194,46
383.264,0
383.334,0
383.404,4
383.474,25
383.544,0
383.614,0
383.684,10
383.754,21
383.824,13
383.894,0
383.964,38
384.034,7
384.104,0
384.174,23
384.244,6
384.314,100
384.384,55
384.453,25
384.523,0
384.593,0
384.663,0
384.733,11
384.803,2
384.873,0
384.943,0
385.013,19
385.082,0
385.152,0
385.222,0
385.292,0
385.362,13
385.432,125
385.502,108
385.571,21
385.641,3
385.711,0
385.781,154
385.851,161
385.92,65
385.99,32
386.06,0
386.13,0
386.2,0
386.269,0
386.339,0
386.409,5
386.479,0
386.548,13
386.618,41
386.688,34
386.758,77
386.827,52
386.897,22
386.967,0
387.037,9
387.106,3
387.176,0
387.246,32
387.316,130
387.385,135
387.455,49
387.525,0
387.594,0
387.664,11
387.734,0
387.803,67
387.873,64
387.943,0
388.012,2
388.082,2
388.152,13
388.221,0
388.291,15
388.361,15
388.43,0
388.5,5
388.569,31
388.639,0
388.709,0
388.778,0
388.848,16
388.918,0
388.987,0
389.057,0
389.126,0
389.196,7
389.265,0
389.335,13
389.405,0
389.474,0
389.544,18
389.613,0
389.683,0
389.752,5
389.822,21
389.891,0
389.961,0
390.03,0
390.1,19
390.169,16
390.239,0
390.309,19
390.378,0
390.448,98
390.517,70
390.586,14
390.656,5
390.725,0
390.795,0
390.864,0
390.934,0
391.003,6
391.073,0
391.142,0
391.212,0
391.281,0
391.351,6
391.42,25
391.489,6
391.559,11
391.628,0
391.698,3
391.767,0
391.836,11
391.906,23
391.975,8
392.045,6
392.114,25
392.183,14
392.253,0
392.322,0
392.391,0
392.461,0
392.53,28
392.6,0
392.669,3
392.738,10
392.808,0
392.877,20
392.946,0
393.016,19
393.085,21
393.154,0
393.224,19
393.293,15
393.362,0
393.431,0
393.501,60
393.57,28
393.639,0
393.709,0
393.778,0
393.847,12
393.916,14
393.986,0
394.055,0
394.124,74
394.193,76
394.263,54
394.332,5
394.401,8
394.47,0
394.54,0
394.609,0
394.678,14
394.747,0
394.816,0
394.886,16
394.955,0
395.024,0
395.093,0
395.162,15
395.232,2
395.301,0
395.37,13
395.439,9
395.508,0
395.577,0
395.647,0
395.716,0
395.785,0
395.854,0
395.923,1
395.992,9
396.061,0
396.13,0
396.2,0
396.269,5
396.338,0
396.407,23
396.476,3
396.545,0
396.614,0
396.683,12
396.752,14
396.821,0
396.89,23
396.96,0
397.029,17
397.098,0
397.167,0
397.236,1
397.305,0
397.374,0
397.443,23
397.512,1
397.581,16
397.65,21
397.719,24
397.788,8
397.857,0
397.926,45
397.995,37
398.064,3
398.133,6
398.202,8
398.271,0
398.34,0
398.409,1
398.478,5
398.547,27
398.616,0
398.685,6
398.754,21
398.823,10
398.892,24
398.961,18
399.029,0
399.098,7
399.167,0
399.236,3
399.305,19
399.374,9
399.443,0
399.512,6
399.581,41
399.65,0
399.719,12
399.787,12
399.856,3
399.925,0
399.994,0
400.063,0
400.132,8
400.201,4
400.27,0
400.338,0
400.407,1
400.476,12
400.545,0
400.614,0
400.683,0
400.751,2
400.82,0
400.889,0
400.958,6
401.027,14
401.096,12
401.164,3
401.233,0
401.302,0
401.371,28
401.439,16
401.508,10
401.577,0
401.646,0
401.715,10
401.783,11
401.852,11
401.921,0
401.99,3
402.058,9
402.127,30
402.196,11
402.265,0
402.333,5
402.402,6
402.471,0
402.539,1
402.608,0
402.677,0
402.746,0
402.814,0
402.883,0
402.952,26
403.02,0
403.089,17
403.158,18
403.226,7
403.295,0
403.364,0
403.432,7
403.501,26
403.57,0
403.638,0
403.707,3
403.776,21
403.844,0
403.913,3
403.981,9
404.05,11
404.119,0
404.187,8
404.256,15
404.325,22
404.393,0
404.462,30
404.53,33
404.599,0
404.667,0
404.736,0
404.805,0
404.873,0
404.942,8
405.01,12
405.079,0
405.147,0
405.216,0
405.285,4
405.353,0
405.422,8
405.49,0
405.559,0
405.627,0
405.696,0
405.764,2
405.833,0
405.901,0
405.97,22
406.038,10
406.107,6
406.175,0
406.244,26
406.312,37
406.381,0
406.449,0
406.518,37
406.586,0
406.655,0
406.723,0
406.792,23
406.86,0
406.928,0
406.997,15
407.065,17
407.134,0
407.202,0
407.271,49
407.339,34
407.407,0
407.476,0
407.544,0
407.613,4
407.681,8
407.75,0
407.818,13
407.886,0
407.955,11
408.023,0
408.091,0
408.16,33
408.228,0
408.297,0
408.365,0
408.433,33
408.502,0
408.57,0
408.638,16
408.707,0
408.775,0
408.843,19
408.912,15
408.98,36
409.048,0
409.117,18
409.185,0
409.253,0
409.322,0
409.39,20
409.458,21
409.527,0
409.595,30
409.663,35
409.731,23
409.8,0
409.868,0
409.936,43
410.004,5
410.073,0
410.141,8
410.209,0
410.277,0
410.346,0
410.414,9
410.482,0
410.55,0
410.619,19
410.687,4
410.755,31
410.823,61
410.892,33
410.96,0
411.028,14
411.096,11
411.164,19
411.233,16
411.301,0
411.369,15
411.437,17
411.505,0
411.574,11
411.642,0
411.71,0
411.778,0
411.846,5
411.914,4
411.982,0
412.051,14
412.119,0
412.187,0
412.255,7
412.323,0
412.391,0
412.459,3
412.528,0
412.596,29
412.664,16
412.732,0
412.8,0
412.868,8
412.936,11
413.004,20
413.072,0
413.14,0
413.209,7
413.277,20
413.345,32
413.413,0
413.481,0
413.549,3
413.617,0
413.685,0
413.753,0
413.821,0
413.889,0
413.957,14
414.025,3
414.093,84
414.161,54
414.229,4
414.297,10
414.365,0
414.433,1
414.501,17
414.569,4
414.637,0
414.705,22
414.773,117
414.841,115
414.909,55
414.977,0
415.045,0
415.113,6
415.181,16
415.249,24
415.317,23
415.385,11
415.453,0
415.521,7
415.589,16
415.657,0
415.725,4
415.793,0
415.861,1
415.929,14
415.997,7
416.065,0
416.132,25
416.2,18
416.268,2
416.336,0
416.404,0
416.472,9
416.54,33
416.608,4
416.676,0
416.744,0
416.811,5
416.879,0
416.947,1
417.015,29
417.083,8
417.151,0
417.219,8
417.287,5
417.354,0
417.422,0
417.49,6
417.558,31
417.626,6
417.694,2
417.761,0
417.829,8
417.897,0
417.965,48
418.033,27
418.1,9
418.168,0
418.236,0
418.304,21
418.372,5
418.439,12
418.507,6
418.575,15
418.643,6
418.711,0
418.778,21
418.846,0
418.914,21
418.982,0
419.049,13
419.117,0
419.185,0
419.253,0
419.32,8
419.388,15
419.456,21
419.524,0
419.591,0
419.659,18
419.727,28
419.795,8
419.862,0
419.93,0
419.998,13
420.065,14
420.133,0
420.201,0
420.268,0
420.336,9
420.404,0
420.471,7
420.539,15
420.607,6
420.674,0
420.742,11
420.81,0
420.877,36
420.945,16
421.013,0
421.08,0
421.148,0
421.216,0
421.283,19
421.351,19
421.419,6
421.486,11
421.554,0
421.621,22
421.689,4
421.757,4
421.824,0
421.892,0
421.96,0
422.027,6
422.095,3
422.162,7
422.23,3
422.297,0
422.365,6
422.433,26
422.5,3
422.568,8
422.635,15
422.703,19
422.77,10
422.838,0
422.906,3
422.973,18
423.041,1
423.108,24
423.176,38
423.243,18
423.311,8
423.378,8
423.446,21
423.513,2
423.581,18
423.648,8
423.716,16
423.783,2
423.851,29
423.918,120
423.986,119
424.053,60
424.121,0
424.188,0
424.256,11
424.323,6
424.391,0
424.458,12
424.526,17
424.593,15
424.661,8
424.728,4
424.796,0
424.863,4
424.93,6
424.998,0
425.065,0
425.133,0
425.2,0
425.268,3
425.335,0
425.402,24
425.47,31
425.537,0
425.605,37
425.672,52
425.74,0
425.807,0
425.874,0
425.942,2
426.009,0
426.076,0
426.144,0
426.211,1
426.279,0
426.346,0
426.413,28
426.481,34
426.548,4
426.615,0
426.683,8
426.75,1
426.817,15
426.885,0
426.952,24
427.02,26
427.087,24
427.154,0
427.222,13
427.289,9
427.356,6
427.423,0
427.491,0
427.558,0
427.625,11
427.693,26
427.76,5
427.827,0
427.895,0
427.962,8
428.029,21
428.096,0
428.164,0
428.231,21
428.298,11
428.366,7
428.433,0
428.5,0
428.567,0
428.635,27
428.702,9
428.769,1
428.836,7
428.904,14
428.971,16
429.038,8
429.105,1
429.173,15
429.24,3
429.307,0
429.374,0
429.441,32
429.509,9
429.576,0
429.643,9
429.71,9
429.777,10
429.845,0
429.912,0
429.979,9
430.046,0
430.113,0
430.181,8
430.248,18
430.315,0
430.382,16
430.449,3
430.516,114
430.584,160
430.651,80
430.718,35
430.785,0
430.852,0
430.919,6
430.986,8
431.054,6
431.121,14
431.188,63
431.255,90
431.322,46
431.389,16
431.456,0
431.523,0
431.59,10
431.658,0
431.725,3
431.792,0
431.859,4
431.926,19
431.993,11
432.06,9
432.127,29
432.194,11
432.261,0
432.328,0
432.396,6
432.463,8
432.53,0
432.597,0
432.664,0
432.731,0
432.798,138
432.865,165
432.932,69
432.999,36
433.066,0
433.133,0
433.2,17
433.267,1
433.334,0
433.401,0
433.468,0
433.535,24
433.602,29
433.669,0
433.736,0
433.803,28
433.87,0
433.937,8
434.004,2
434.071,0
434.138,0
434.205,0
434.272,0
434.339,48
434.406,31
434.473,0
434.54,0
434.607,22
434.674,0
434.741,13
434.808,15
434.875,0
434.942,0
435.009,18
435.076,0
435.143,0
435.209,0
435.276,9
435.343,18
435.41,0
435.477,0
435.544,0
435.611,2
435.678,10
435.745,19
435.812,12
435.879,9
435.946,7
436.012,14
436.079,19
436.146,0
436.213,0
436.28,0
436.347,17
436.414,12
436.481,12
436.547,0
436.614,2
436.681,29
436.748,0
436.815,8
436.882,15
436.949,12
437.015,0
437.082,17
437.149,17
437.216,19
437.283,11
437.35,0
437.417,0
437.483,0
437.55,18
437.617,4
437.684,0
437.751,0
437.817,8
437.884,13
437.951,0
438.018,31
438.085,0
438.151,2
438.218,4
438.285,14
438.352,6
438.419,59
438.485,76
438.552,33
438.619,0
438.686,16
438.752,0
438.819,0
438.886,22
438.953,16
439.019,6
439.086,0
439.153,0
439.22,14
439.286,13
439.353,0
439.42,0
439.487,0
439.553,4
439.62,11
439.687,25
439.754,6
439.82,0
439.887,9
439.954,26
440.02,24
440.087,17
440.154,15
440.22,0
440.287,6
440.354,2
440.421,27
440.487,0
440.554,21
440.621,0
440.687,0
440.754,14
440.821,0
440.887,0
440.954,0
441.021,41
441.087,43
441.154,0
441.221,8
441.287,23
441.354,12
441.421,9
441.487,2
441.554,0
441.62,61
441.687,94
441.754,45
441.82,34
441.887,36
441.954,6
442.02,5
442.087,19
442.153,11
442.22,0
442.287,0
442.353,0
442.42,42
442.486,45
442.553,0
442.62,0
442.686,30
442.753,5
442.819,1
442.886,26
442.953,2
443.019,24
443.086,128
443.152,98
443.219,2
443.285,0
443.352,38
443.418,44
443.485,21
443.552,7
443.618,23
443.685,0
443.751,14
443.818,12
443.884,0
443.951,6
444.017,4
444.084,4
444.15,10
444.217,0
444.283,18
444.35,3
444.416,5
444.483,19
444.549,0
444.616,2
444.682,21
444.749,0
444.815,13
444.882,15
444.948,0
445.015,14
445.081,23
445.148,10
445.214,0
445.281,6
445.347,13
445.414,11
445.48,2
445.547,7
445.613,21
445.68,4
445.746,16
445.812,0
445.879,45
445.945,0
446.012,0
446.078,0
446.145,7
446.211,5
446.278,2
446.344,29
446.41,24
446.477,0
446.543,13
446.61,2
446.676,0
446.742,8
446.809,6
446.875,0
446.942,0
447.008,0
447.074,14
447.141,11
447.207,0
447.274,11
447.34,0
447.406,0
447.473,14
447.539,0
447.606,0
447.672,20
447.738,87
447.805,90
447.871,40
447.937,0
448.004,15
448.07,5
448.136,0
448.203,12
448.269,5
448.335,0
448.402,7
448.468,0
448.534,0
448.601,4
448.667,11
448.733,10
448.8,33
448.866,21
448.932,0
448.999,0
449.065,13
449.131,3
449.198,0
449.264,9
449.33,0
449.396,0
449.463,7
449.529,0
449.595,8
449.662,11
449.728,0
449.794,0
449.86,43
449.927,26
449.993,0
450.059,6
450.126,28
450.192,20
450.258,6
450.324,0
450.391,16
450.457,26
450.523,5
450.589,0
450.656,6
450.722,17
450.788,3
450.854,0
450.921,0
450.987,0
451.053,31
451.119,11
451.185,0
451.252,0
451.318,12
451.384,12
451.45,0
451.516,4
451.583,11
451.649,0
451.715,0
451.781,11
451.847,0
451.914,7
451.98,0
452.046,0
452.112,0
452.178,8
452.245,10
452.311,0
452.377,13
452.443,15
452.509,10
452.575,0
452.642,0
452.708,7
452.774,6
452.84,25
452.906,0
452.972,0
453.038,0
453.105,0
453.171,17
453.237,0
453.303,0
453.369,2
453.435,0
453.501,0
453.568,5
453.634,23
453.7,0
453.766,0
453.832,26
453.898,13
453.964,0
454.03,2
454.096,2
454.162,0
454.229,0
454.295,34
454.361,25
454.427,0
454.493,0
454.559,0
454.625,0
454.691,10
454.757,21
454.823,6
454.889,25
454.955,7
455.022,41
455.088,32
455.154,1
455.22,15
455.286,11
455.352,7
455.418,2
455.484,16
455.55,2
455.616,26
455.682,19
455.748,0
455.814,0
455.88,16
455.946,12
456.012,0
456.078,21
456.144,10
456.21,0
456.276,0
456.342,9
456.408,0
456.474,5
456.54,0
456.606,13
456.672,0
456.738,0
456.804,6
456.87,2
456.936,0
457.002,0
457.068,1
457.134,21
457.2,16
457.266,0
457.332,0
457.398,0
457.464,0
457.53,4
457.596,26
457.662,6
457.728,0
457.794,0
457.86,0
457.926,1
457.992,0
458.058,0
458.124,2
458.19,0
458.255,0
458.321,15
458.387,4
458.453,0
458.519,26
458.585,13
458.651,0
458.717,8
458.783,0
458.849,0
458.915,20
458.981,0
459.046,0
459.112,18
459.178,19
459.244,3
459.31,0
459.376,1
459.442,16
459.508,0
459.574,0
459.64,2
459.705,26
459.771,27
459.837,19
459.903,0
459.969,6
460.035,35
460.101,0
460.166,25
460.232,13
460.298,0
460.364,0
460.43,0
460.496,6
460.562,2
460.627,0
460.693,8
460.759,0
460.825,0
460.891,48
460.957,11
461.022,0
461.088,0
461.154,0
461.22,0
461.286,0
461.352,30
461.417,3
461.483,0
461.549,20
461.615,0
461.681,16
461.746,0
461.812,13
461.878,16
461.944,0
462.01,10
462.075,6
462.141,0
462.207,8
462.273,0
462.339,4
462.404,14
462.47,0
462.536,0
462.602,2
462.667,0
462.733,0
462.799,0
462.865,18
462.93,0
462.996,15
463.062,4
463.128,0
463.193,2
463.259,11
463.325,0
463.391,6
463.456,0
463.522,0
463.588,7
463.654,0
463.719,0
463.785,24
463.851,5
463.917,2
463.982,0
464.048,6
464.114,0
464.179,4
464.245,5
464.311,0
464.377,0
464.442,2
464.508,0
464.574,30
464.639,5
464.705,8
464.771,0
464.836,1
464.902,0
464.968,0
465.033,15
465.099,23
465.165,0
465.23,0
465.296,3
465.362,0
465.427,0
465.493,0
465.559,13
465.624,0
465.69,0
465.756,18
465.821,2
465.887,0
465.953,11
466.018,0
466.084,0
466.15,15
466.215,0
466.281,0
466.347,20
466.412,5
466.478,19
466.543,0
466.609,11
466.675,10
466.74,1
466.806,9
466.872,5
466.937,0
467.003,5
467.068,23
467.134,4
467.2,6
467.265,9
467.331,0
467.396,0
467.462,39
467.528,0
467.593,0
467.659,0
467.724,0
467.79,5
467.855,0
467.921,0
467.987,35
468.052,22
468.118,0
468.183,18
468.249,4
468.314,0
468.38,8
468.446,0
468.511,0
468.577,7
468.642,0
468.708,0
468.773,2
468.839,28
468.904,0
468.97,0
469.035,6
469.101,5
469.167,0
469.232,0
469.298,0
469.363,2
469.429,0
469.494,0
469.56,7
469.625,1
469.691,0
469.756,0
469.822,0
469.887,5
469.953,0
470.018,0
470.084,19
470.149,0
470.215,2
470.28,0
470.346,3
470.411,0
470.477,0
470.542,13
470.608,0
470.673,2
470.739,0
470.804,9
470.87,26
470.935,6
471.001,0
471.066,1
471.131,8
471.197,0
471.262,0
471.328,0
471.393,0
471.459,10
471.524,12
471.59,3
471.655,0
471.721,10
471.786,0
471.851,0
471.917,15
471.982,0
472.048,2
472.113,21
472.179,0
472.244,15
472.309,5
472.375,0
472.44,6
472.506,15
472.571,8
472.637,0
472.702,0
472.767,0
472.833,7
472.898,4
472.964,0
473.029,11
473.094,1
473.16,3
473.225,0
473.291,0
473.356,0
473.421,21
473.487,0
473.552,0
473.617,0
473.683,13
473.748,0
473.814,0
473.879,0
473.944,4
474.01,31
474.075,14
474.14,18
474.206,7
474.271,0
474.337,7
474.402,0
474.467,12
474.533,11
474.598,15
474.663,0
474.729,1
474.794,4
474.859,19
474.925,9
474.99,9
475.055,0
475.121,0
475.186,18
475.251,11
475.317,40
475.382,0
475.447,17
475.513,0
475.578,21
475.643,5
475.709,4
475.774,0
475.839,0
475.904,0
475.97,18
476.035,2
476.1,15
476.166,8
476.231,0
476.296,15
476.362,22
476.427,9
476.492,0
476.557,0
476.623,0
476.688,0
476.753,1
476.819,6
476.884,6
476.949,7
477.014,7
477.08,5
477.145,0
477.21,0
477.275,19
477.341,1
477.406,4
477.471,5
477.536,0
477.602,7
477.667,0
477.732,0
477.797,10
477.863,0
477.928,11
477.993,4
478.058,12
478.124,10
478.189,2
478.254,4
478.319,0
478.384,6
478.45,8
478.515,8
478.58,0
478.645,16
478.711,2
478.776,0
478.841,4
478.906,0
478.971,0
479.037,13
479.102,37
479.167,9
479.232,2
479.297,22
479.363,11
479.428,0
479.493,11
479.558,0
479.623,0
479.689,0
479.754,0
479.819,27
479.884,0
479.949,0
480.014,16
480.08,22
480.145,14
480.21,26
480.275,0
480.34,23
480.405,0
480.471,0
480.536,8
480.601,39
480.666,0
480.731,0
480.796,0
480.862,17
480.927,2
480.992,13
481.057,8
481.122,0
481.187,1
481.252,8
481.318,19
481.383,0
481.448,3
481.513,3
481.578,0
481.643,0
481.708,0
481.773,8
481.839,34
481.904,0
481.969,0
482.034,0
482.099,16
482.164,7
482.229,19
482.294,0
482.359,0
482.424,12
482.49,17
482.555,0
482.62,15
482.685,0
482.75,15
482.815,23
482.88,0
482.945,13
483.01,4
483.075,0
483.14,0
483.206,11
483.271,0
483.336,0
483.401,5
483.466,0
483.531,0
483.596,0
483.661,0
483.726,0
483.791,0
483.856,5
483.921,2
483.986,10
484.051,0
484.116,20
484.181,28
484.246,4
484.312,10
484.377,0
484.442,0
484.507,5
484.572,0
484.637,0
484.702,0
484.767,12
484.832,0
484.897,6
484.962,3
485.027,10
485.092,0
485.157,22
485.222,32
485.287,6
485.352,3
485.417,0
485.482,0
485.547,0
485.612,15
485.677,0
485.742,3
485.807,18
485.872,26
485.937,40
486.002,6
486.067,14
486.132,0
486.197,0
486.262,26
486.327,3
486.392,0
486.457,0
486.522,0
486.587,10
486.652,0
486.717,4
486.782,0
486.847,23
486.912,0
486.977,0
487.042,41
487.107,9
487.172,0
487.237,0
487.301,0
487.366,0
487.431,0
487.496,0
487.561,0
487.626,20
487.691,17
487.756,32
487.821,19
487.886,14
487.951,0
488.016,0
488.081,2
488.146,0
488.211,9
488.276,8
488.341,0
488.405,10
488.47,13
488.535,7
488.6,19
488.665,13
488.73,21
488.795,6
488.86,4
488.925,15
488.99,8
489.055,2
489.119,0
489.184,7
489.249,6
489.314,0
489.379,8
489.444,0
489.509,17
489.574,12
489.639,0
489.704,3
489.768,8
489.833,23
489.898,19
489.963,15
490.028,37
490.093,5
490.158,0
490.223,0
490.287,0
490.352,13
490.417,0
490.482,0
490.547,0
490.612,24
490.677,0
490.742,0
490.806,6
490.871,0
490.936,0
491.001,15
491.066,0
491.131,0
491.195,14
491.26,9
491.325,0
491.39,0
491.455,0
491.52,13
491.585,0
491.649,0
491.714,29
491.779,26
491.844,0
491.909,0
491.973,13
492.038,30
492.103,0
492.168,0
492.233,2
492.298,9
492.362,0
492.427,0
492.492,12
492.557,0
492.622,11
492.686,17
492.751,0
492.816,10
492.881,19
492.946,38
493.01,4
493.075,22
493.14,0
493.205,0
493.27,0
493.334,0
493.399,0
493.464,0
493.529,63
493.594,25
493.658,0
493.723,0
493.788,0
493.853,38
493.917,0
493.982,0
494.047,14
494.112,0
494.177,11
494.241,32
494.306,14
494.371,18
494.436,2
494.5,0
494.565,9
494.63,0
494.695,6
494.759,6
494.824,0
494.889,0
494.954,12
495.018,7
495.083,2
495.148,7
495.213,26
495.277,9
495.342,0
495.407,20
495.472,6
495.536,0
495.601,10
495.666,14
495.73,8
495.795,2
495.86,10
495.925,7
495.989,0
496.054,1
496.119,0
496.183,6
496.248,0
496.313,18
496.378,0
496.442,4
496.507,6
496.572,2
496.636,3
496.701,2
496.766,4
496.831,0
496.895,0
496.96,0
497.025,0
497.089,19
497.154,0
497.219,35
497.283,0
497.348,0
497.413,1
497.477,0
497.542,0
497.607,0
497.671,1
497.736,0
497.801,0
497.865,0
497.93,0
497.995,0
498.059,26
498.124,0
498.189,8
498.253,15
498.318,30
498.383,2
498.447,7
498.512,20
498.577,0
498.641,0
498.706,8
498.771,19
498.835,4
498.9,5
498.965,12
499.029,16
499.094,5
499.159,0
499.223,0
499.288,0
499.352,17
499.417,24
499.482,9
499.546,15
499.611,1
499.676,0
499.74,16
