79.7469,0
79.9006,0
80.0543,44
80.2079,16
80.3616,4
80.5152,0
80.6689,0
80.8225,28
80.9762,0
81.1299,0
81.2835,14
81.4372,0
81.5908,0
81.7445,18
81.8981,10
82.0518,0
82.2055,0
82.3591,12
82.5128,37
82.6664,39
82.8201,12
82.9737,0
83.1274,22
83.2811,0
83.4347,15
83.5884,0
83.742,5
83.8957,0
84.0493,0
84.203,0
84.3567,0
84.5103,0
84.664,0
84.8176,19
84.9713,21
85.1249,19
85.2786,0
85.4323,20
85.5859,1
85.7396,12
85.8932,0
86.0469,12
86.2006,7
86.3542,1
86.5079,1
86.6615,36
86.8152,12
86.9688,0
87.1225,0
87.2762,3
87.4298,0
87.5835,32
87.7371,3
87.8908,6
88.0444,4
88.1981,12
88.3518,12
88.5054,0
88.6591,0
88.8127,15
88.9664,0
89.12,0
89.2737,35
89.4274,12
89.581,9
89.7347,17
89.8883,0
90.042,6
90.1957,10
90.3493,0
90.503,12
90.6566,0
90.8103,10
90.9639,0
91.1176,6
91.2713,0
91.4249,0
91.5786,0
91.7322,0
91.8859,8
92.0395,11
92.1932,0
92.3469,4
92.5005,14
92.6542,31
92.8078,0
92.9615,8
93.1151,12
93.2688,0
93.4225,0
93.5761,0
93.7298,0
93.8834,0
94.0371,0
94.1908,0
94.3444,2
94.4981,23
94.6517,22
94.8054,9
94.959,13
95.1127,0
95.2664,0
95.42,27
95.5737,21
95.7273,3
95.881,0
96.0346,0
96.1883,6
96.342,0
96.4956,3
96.6493,0
96.8029,14
96.9566,7
97.1103,0
97.2639,15
97.4176,1
97.5712,9
97.7249,0
97.8785,11
98.0322,39
98.1859,0
98.3395,10
98.4932,24
98.6468,9
98.8005,7
98.9541,0
99.1078,0
99.2615,19
99.4151,0
99.5688,7
99.7224,10
99.8761,0
100.03,14
100.183,0
100.337,8
100.491,4
100.644,0
100.798,43
100.952,6
101.105,0
101.259,12
101.413,27
101.566,3
101.72,0
101.874,0
102.027,23
102.181,0
102.335,8
102.488,22
102.642,18
102.796,0
102.949,0
103.103,13
103.257,11
103.41,0
103.564,0
103.718,0
103.871,0
104.025,9
104.179,0
104.332,0
104.486,0
104.639,0
104.793,16
104.947,0
105.1,16
105.254,0
105.408,5
105.561,5
105.715,18
105.869,0
106.022,29
106.176,1
106.33,0
106.483,0
106.637,5
106.791,0
106.944,0
107.098,0
107.252,3
107.405,0
107.559,0
107.713,0
107.866,18
108.02,1
108.174,31
108.327,25
108.481,14
108.635,7
108.788,0
108.942,9
109.096,0
109.249,3
109.403,10
109.557,0
109.71,22
109.864,29
110.018,17
110.171,0
110.325,6
110.478,0
110.632,0
110.786,38
110.939,17
111.093,2
111.247,0
111.4,0
111.554,0
111.708,0
111.861,0
112.015,0
112.169,11
112.322,14
112.476,8
112.63,18
112.783,0
112.937,6
113.091,0
113.244,0
113.398,25
113.552,36
113.705,15
113.859,6
114.013,0
114.166,0
114.32,5
114.474,47
114.627,0
114.781,0
114.935,0
115.088,7
115.242,20
115.396,0
115.549,10
115.703,2
115.857,0
116.01,30
116.164,0
116.317,16
116.471,13
116.625,36
116.778,8
116.932,0
117.086,11
117.239,0
117.393,24
117.547,0
117.7,18
117.854,0
118.008,26
118.161,41
118.315,3
118.469,1
118.622,0
118.776,0
118.93,3
119.083,20
119.237,7
119.391,7
119.544,9
119.698,21
119.852,0
120.005,1
120.159,5
120.313,12
120.466,7
120.62,0
120.774,0
120.927,0
121.081,0
121.235,6
121.388,0
121.542,15
121.695,2
121.849,0
122.003,0
122.156,0
122.31,0
122.464,0
122.617,0
122.771,0
122.925,2
123.078,9
123.232,25
123.386,0
123.539,13
123.693,13
123.847,0
124,0
124.154,10
124.308,0
124.461,39
124.615,20
124.769,0
124.922,17
125.076,0
125.23,0
125.383,22
125.537,3
125.691,0
125.844,0
125.998,0
126.152,27
126.305,5
126.459,0
126.613,18
126.766,0
126.92,0
127.074,25
127.227,9
127.381,0
127.534,25
127.688,0
127.842,12
127.995,6
128.149,6
128.303,0
128.456,0
128.61,19
128.764,13
128.917,30
129.071,11
129.225,0
129.378,16
129.532,5
129.686,0
129.839,0
129.993,10
130.147,17
130.3,13
130.454,26
130.608,20
130.761,12
130.915,6
131.069,20
131.222,0
131.376,0
131.53,19
131.683,0
131.837,8
131.991,0
132.144,0
132.298,6
132.452,14
132.605,0
132.759,17
132.912,31
133.066,22
133.22,0
133.373,9
133.527,20
133.681,3
133.834,16
133.988,0
134.142,32
134.295,14
134.449,0
134.603,0
134.756,22
134.91,13
135.064,2
135.217,23
135.371,0
135.525,0
135.678,16
135.832,10
135.986,0
136.139,0
136.293,0
136.447,2
136.6,0
136.754,17
136.908,0
137.061,28
137.215,17
137.369,0
137.522,0
137.676,16
137.83,0
137.983,0
138.137,0
138.29,17
138.444,11
138.598,0
138.751,10
138.905,10
139.059,12
139.212,8
139.366,26
139.52,11
139.673,4
139.827,24
139.981,3
140.134,0
140.288,0
140.442,27
140.595,15
140.749,0
140.903,4
141.056,38
141.21,0
141.364,1
141.517,51
141.671,43
141.825,0
141.978,0
142.132,16
142.286,27
142.439,0
142.593,0
142.747,8
142.9,2
143.054,2
143.207,16
143.361,15
143.515,16
143.668,11
143.822,17
143.976,14
144.129,10
144.283,1
144.437,5
144.59,4
144.744,0
144.898,0
145.051,0
145.205,12
145.359,4
145.512,13
145.666,41
145.82,7
145.973,11
146.127,0
146.281,13
146.434,21
146.588,0
146.742,0
146.895,0
147.049,0
147.203,21
147.356,0
147.51,0
147.664,8
147.817,0
147.971,11
148.124,11
148.278,16
148.432,6
148.585,51
148.739,0
148.893,0
149.046,21
149.2,0
149.354,0
149.507,0
149.661,19
149.815,10
149.968,0
150.122,38
150.276,24
150.429,0
150.583,11
150.737,0
150.89,31
151.044,20
151.198,7
151.351,0
151.505,14
151.659,32
151.812,9
151.966,11
152.12,23
152.273,0
152.427,0
152.58,37
152.734,0
152.888,5
153.041,0
153.195,0
153.349,24
153.502,7
153.656,15
153.81,26
153.963,12
154.117,24
154.271,21
154.424,5
154.578,0
154.732,4
154.885,12
155.039,12
155.193,12
155.346,0
155.5,19
155.654,8
155.807,3
155.961,0
156.115,19
156.268,10
156.422,0
156.576,0
156.729,0
156.883,14
157.036,34
157.19,14
157.344,0
157.497,18
157.651,28
157.805,16
157.958,0
158.112,0
158.266,3
158.419,0
158.573,0
158.727,3
158.88,17
159.034,0
159.188,0
159.341,20
159.495,2
159.649,29
159.802,0
159.956,6
160.11,7
160.263,0
160.417,0
160.571,0
160.724,0
160.878,0
161.032,2
161.185,2
161.339,9
161.492,3
161.646,10
161.8,11
161.953,23
162.107,0
162.261,2
162.414,15
162.568,0
162.722,0
162.875,2
163.029,2
163.183,21
163.336,2
163.49,0
163.644,13
163.797,0
163.951,0
164.105,14
164.258,17
164.412,9
164.566,3
164.719,0
164.873,0
165.027,12
165.18,0
165.334,23
165.487,5
165.641,17
165.795,0
165.948,0
166.102,18
166.256,0
166.409,0
166.563,0
166.717,7
166.87,0
167.024,0
167.178,27
167.331,0
167.485,0
167.639,3
167.792,0
167.946,9
168.1,8
168.253,1
168.407,5
168.561,0
168.714,0
168.868,14
169.022,12
169.175,14
169.329,0
169.482,0
169.636,5
169.79,8
169.943,6
170.097,19
170.251,7
170.404,0
170.558,0
170.712,10
170.865,2
171.019,0
171.173,25
171.326,12
171.48,8
171.634,34
171.787,13
171.941,0
172.095,0
172.248,24
172.402,29
172.556,17
172.709,0
172.863,0
173.016,30
173.17,10
173.324,0
173.477,14
173.631,0
173.785,3
173.938,2
174.092,0
174.246,3
174.399,7
174.553,0
174.707,0
174.86,6
175.014,0
175.168,19
175.321,22
175.475,2
175.629,0
175.782,11
175.936,16
176.09,0
176.243,0
176.397,4
176.551,0
176.704,9
176.858,0
177.011,0
177.165,26
177.319,15
177.472,5
177.626,17
177.78,9
177.933,32
178.087,0
178.241,0
178.394,3
178.548,7
178.702,0
178.855,11
179.009,19
179.163,10
179.316,0
179.47,2
179.624,0
179.777,6
179.931,0
180.085,7
180.238,12
180.392,3
180.545,8
180.699,23
180.853,30
181.006,14
181.16,4
181.314,3
181.467,0
181.621,0
181.775,0
181.928,0
182.082,13
182.236,1
182.389,0
182.543,0
182.697,8
182.85,40
183.004,3
183.158,7
183.311,0
183.465,8
183.618,6
183.772,23
183.926,4
184.079,16
184.233,34
184.387,15
184.54,0
184.694,0
184.848,16
185.001,13
185.155,20
185.309,0
185.462,0
185.616,4
185.77,1
185.923,11
186.077,5
186.231,4
186.384,6
186.538,3
186.692,12
186.845,2
186.999,6
187.152,20
187.306,0
187.46,0
187.613,32
187.767,24
187.921,0
188.074,0
188.228,0
188.382,0
188.535,5
188.689,13
188.843,0
188.996,20
189.15,0
189.304,0
189.457,0
189.611,0
189.765,0
189.918,0
190.072,19
190.225,0
190.379,13
190.533,2
190.686,0
190.84,0
190.994,28
191.147,14
191.301,19
191.455,3
191.608,0
191.762,7
191.916,30
192.069,2
192.223,0
192.377,2
192.53,1
192.684,13
192.838,0
192.991,0
193.145,0
193.298,14
193.452,15
193.606,0
193.759,0
193.913,4
194.067,0
194.22,0
194.374,16
194.528,4
194.681,0
194.835,0
194.989,35
195.142,0
195.296,11
195.45,2
195.603,0
195.757,0
195.911,0
196.064,0
196.218,0
196.371,0
196.525,2
196.679,0
196.832,0
196.986,5
197.14,10
197.293,2
197.447,0
197.601,2
197.754,0
197.908,0
198.062,18
198.215,0
198.369,0
198.523,0
198.676,0
198.83,0
198.983,12
199.137,1
199.291,13
199.444,0
199.598,10
199.752,0
199.905,0
200.059,9
200.213,26
200.366,3
200.52,23
200.674,7
200.827,34
200.981,2
201.135,0
201.288,36
201.442,7
201.596,0
201.749,24
201.903,4
202.056,3
202.21,0
202.364,11
202.517,28
202.671,0
202.825,0
202.978,54
203.132,34
203.286,8
203.439,0
203.593,0
203.747,10
203.9,0
204.054,0
204.208,18
204.361,0
204.515,8
204.668,0
204.822,0
204.976,10
205.129,0
205.283,0
205.437,3
205.59,0
205.744,0
205.898,29
206.051,0
206.205,0
206.359,0
206.512,0
206.666,14
206.82,0
206.973,0
207.127,0
207.28,25
207.434,23
207.588,0
207.741,0
207.895,18
208.049,0
208.202,0
208.356,32
208.51,21
208.663,23
208.817,0
208.971,0
209.124,30
209.278,6
209.432,11
209.585,0
209.739,4
209.892,24
210.046,0
210.2,12
210.353,9
210.507,0
210.661,17
210.814,40
210.968,1
211.122,6
211.275,8
211.429,0
211.583,7
211.736,0
211.89,0
212.044,0
212.197,0
212.351,0
212.504,3
212.658,0
212.812,0
212.965,9
213.119,0
213.273,0
213.426,8
213.58,19
213.734,23
213.887,14
214.041,2
214.195,0
214.348,27
214.502,0
214.655,0
214.809,3
214.963,0
215.116,2
215.27,0
215.424,3
215.577,13
215.731,0
215.885,0
216.038,0
216.192,0
216.346,0
216.499,1
216.653,0
216.807,0
216.96,0
217.114,0
217.267,8
217.421,0
217.575,0
217.728,0
217.882,11
218.036,3
218.189,0
218.343,53
218.497,36
218.65,1
218.804,0
218.958,0
219.111,1
219.265,12
219.418,2
219.572,16
219.726,0
219.879,29
220.033,16
220.187,5
220.34,2
220.494,0
220.648,0
220.801,0
220.955,0
221.109,0
221.262,26
221.416,2
221.569,19
221.723,0
221.877,0
222.03,0
222.184,0
222.338,12
222.491,0
222.645,11
222.799,0
222.952,0
223.106,1
223.26,12
223.413,30
223.567,3
223.72,2
223.874,32
224.028,0
224.181,0
224.335,0
224.489,15
224.642,0
224.796,14
224.95,0
225.103,15
225.257,5
225.411,0
225.564,0
225.718,6
225.871,8
226.025,0
226.179,6
226.332,0
226.486,50
226.64,6
226.793,0
226.947,16
227.101,4
227.254,2
227.408,30
227.562,6
227.715,0
227.869,0
228.022,0
228.176,5
228.33,0
228.483,0
228.637,22
228.791,0
228.944,8
229.098,0
229.252,0
229.405,5
229.559,14
229.713,3
229.866,4
230.02,15
230.173,0
230.327,21
230.481,1
230.634,0
230.788,0
230.942,4
231.095,0
231.249,0
231.403,0
231.556,0
231.71,9
231.864,0
232.017,45
232.171,21
232.324,0
232.478,2
232.632,7
232.785,1
232.939,18
233.093,0
233.246,8
233.4,0
233.554,0
233.707,50
233.861,67
234.014,0
234.168,0
234.322,0
234.475,25
234.629,0
234.783,0
234.936,8
235.09,18
235.244,13
235.397,0
235.551,0
235.705,14
235.858,12
236.012,0
236.165,15
236.319,0
236.473,0
236.626,0
236.78,33
236.934,0
237.087,0
237.241,0
237.395,5
237.548,0
237.702,24
237.855,22
238.009,9
238.163,6
238.316,0
238.47,26
238.624,0
238.777,16
238.931,8
239.085,0
239.238,0
239.392,0
239.546,0
239.699,10
239.853,0
240.006,0
240.16,0
240.314,24
240.467,6
240.621,0
240.775,1
240.928,0
241.082,0
241.236,21
241.389,18
241.543,2
241.696,18
241.85,9
242.004,2
242.157,36
242.311,21
242.465,20
242.618,34
242.772,7
242.926,15
243.079,11
243.233,14
243.386,0
243.54,16
243.694,6
243.847,5
244.001,2
244.155,0
244.308,7
244.462,35
244.616,8
244.769,1
244.923,1
245.076,0
245.23,0
245.384,20
245.537,0
245.691,0
245.845,0
245.998,19
246.152,5
246.306,0
246.459,0
246.613,0
246.766,0
246.92,20
247.074,22
247.227,0
247.381,0
247.535,0
247.688,18
247.842,13
247.996,0
248.149,4
248.303,11
248.456,0
248.61,11
248.764,1
248.917,2
249.071,60
249.225,26
249.378,5
249.532,0
249.686,0
249.839,0
249.993,7
250.146,4
250.3,13
250.454,0
250.607,2
250.761,16
250.915,0
251.068,5
251.222,10
251.376,15
251.529,20
251.683,22
251.836,19
251.99,16
252.144,0
252.297,14
252.451,6
252.605,12
252.758,0
252.912,0
253.066,28
253.219,8
253.373,22
253.526,20
253.68,25
253.834,29
253.987,0
254.141,22
254.295,5
254.448,16
254.602,0
254.756,19
254.909,8
255.063,2
255.216,9
255.37,2
255.524,20
255.677,19
255.831,0
255.985,0
256.138,24
256.292,6
256.446,1
256.599,0
256.753,0
256.906,0
257.06,6
257.214,0
257.367,14
257.521,0
257.675,8
257.828,0
257.982,0
258.135,0
258.289,0
258.443,0
258.596,2
258.75,0
258.904,6
259.057,0
259.211,0
259.365,0
259.518,0
259.672,34
259.825,16
259.979,0
260.133,23
260.286,12
260.44,26
260.594,24
260.747,10
260.901,8
261.055,11
261.208,23
261.362,3
261.515,0
261.669,9
261.823,0
261.976,0
262.13,0
262.284,16
262.437,0
262.591,6
262.744,17
262.898,0
263.052,12
263.205,0
263.359,0
263.513,8
263.666,17
263.82,16
263.974,0
264.127,0
264.281,0
264.434,54
264.588,23
264.742,0
264.895,14
265.049,25
265.203,13
265.356,0
265.51,8
265.663,7
265.817,0
265.971,0
266.124,20
266.278,9
266.432,0
266.585,10
266.739,11
266.893,10
267.046,9
267.2,0
267.353,2
267.507,28
267.661,20
267.814,0
267.968,0
268.122,8
268.275,0
268.429,2
268.582,5
268.736,3
268.89,49
269.043,8
269.197,29
269.351,9
269.504,0
269.658,2
269.811,36
269.965,39
270.119,0
270.272,11
270.426,7
270.58,0
270.733,0
270.887,1
271.041,0
271.194,13
271.348,0
271.501,7
271.655,0
271.809,8
271.962,20
272.116,36
272.27,0
272.423,0
272.577,26
272.73,0
272.884,0
273.038,0
273.191,7
273.345,10
273.499,22
273.652,14
273.806,9
273.959,0
274.113,0
274.267,47
274.42,37
274.574,0
274.728,7
274.881,4
275.035,11
275.188,22
275.342,0
275.496,18
275.649,0
275.803,0
275.957,1
276.11,0
276.264,28
276.417,12
276.571,12
276.725,0
276.878,19
277.032,8
277.186,5
277.339,0
277.493,6
277.647,22
277.8,0
277.954,0
278.107,0
278.261,6
278.415,10
278.568,34
278.722,0
278.876,0
279.029,0
279.183,16
279.336,0
279.49,0
279.644,0
279.797,42
279.951,39
280.105,0
280.258,0
280.412,7
280.565,0
280.719,1
280.873,4
281.026,6
281.18,23
281.334,0
281.487,0
281.641,0
281.794,0
281.948,19
282.102,0
282.255,0
282.409,15
282.563,23
282.716,20
282.87,0
283.023,15
283.177,0
283.331,4
283.484,2
283.638,5
283.792,2
283.945,17
284.099,0
284.252,18
284.406,0
284.56,2
284.713,7
284.867,0
285.021,6
285.174,9
285.328,0
285.481,0
285.635,13
285.789,0
285.942,9
286.096,0
286.25,0
286.403,14
286.557,18
286.71,1
286.864,0
287.018,4
287.171,0
287.325,0
287.479,0
287.632,0
287.786,20
287.939,0
288.093,0
288.247,5
288.4,0
288.554,21
288.707,0
288.861,0
289.015,0
289.168,13
289.322,8
289.476,0
289.629,19
289.783,13
289.936,0
290.09,22
290.244,0
290.397,0
290.551,0
290.705,0
290.858,0
291.012,0
291.165,8
291.319,19
291.473,14
291.626,28
291.78,19
291.934,17
292.087,0
292.241,23
292.394,0
292.548,5
292.702,3
292.855,0
293.009,23
293.163,29
293.316,0
293.47,0
293.623,21
293.777,8
293.931,0
294.084,0
294.238,17
294.391,0
294.545,2
294.699,0
294.852,0
295.006,0
295.16,34
295.313,48
295.467,0
295.62,12
295.774,6
295.928,0
296.081,24
296.235,15
296.389,0
296.542,8
296.696,19
296.849,0
297.003,7
297.157,0
297.31,15
297.464,0
297.618,0
297.771,0
297.925,26
298.078,18
298.232,18
298.386,0
298.539,0
298.693,0
298.846,0
299,0
299.154,12
299.307,23
299.461,0
299.615,0
299.768,14
299.922,1
300.075,2
300.229,3
300.383,18
300.536,15
300.69,0
300.844,7
300.997,2
301.151,0
301.304,31
301.458,0
301.612,0
301.765,12
301.919,12
302.072,2
302.226,0
302.38,0
302.533,13
302.687,0
302.841,0
302.994,2
303.148,11
303.301,0
303.455,2
303.609,0
303.762,0
303.916,0
304.069,0
304.223,8
304.377,0
304.53,0
304.684,0
304.838,0
304.991,1
305.145,0
305.298,4
305.452,0
305.606,0
305.759,0
305.913,0
306.066,6
306.22,3
306.374,0
306.527,0
306.681,7
306.835,7
306.988,0
307.142,21
307.295,0
307.449,0
307.603,4
307.756,0
307.91,0
308.063,8
308.217,18
308.371,0
308.524,0
308.678,0
308.832,0
308.985,22
309.139,5
309.292,14
309.446,0
309.6,15
309.753,18
309.907,0
310.06,13
310.214,0
310.368,0
310.521,30
310.675,36
310.829,0
310.982,2
311.136,6
311.289,0
311.443,0
311.597,0
311.75,7
311.904,7
312.057,11
312.211,24
312.365,10
312.518,0
312.672,1
312.826,0
312.979,13
313.133,0
313.286,0
313.44,0
313.594,0
313.747,0
313.901,0
314.054,0
314.208,2
314.362,6
314.515,0
314.669,5
314.822,7
314.976,29
315.13,17
315.283,2
315.437,4
315.591,0
315.744,0
315.898,7
316.051,0
316.205,0
316.359,16
316.512,0
316.666,0
316.819,0
316.973,13
317.127,11
317.28,0
317.434,16
317.587,25
317.741,11
317.895,0
318.048,0
318.202,0
318.356,0
318.509,0
318.663,3
318.816,0
318.97,0
319.124,14
319.277,0
319.431,0
319.584,0
319.738,0
319.892,0
320.045,0
320.199,0
320.352,4
320.506,0
320.66,23
320.813,25
320.967,45
321.121,0
321.274,5
321.428,19
321.581,0
321.735,14
321.889,12
322.042,7
322.196,0
322.349,0
322.503,1
322.657,0
322.81,0
322.964,13
323.117,10
323.271,0
323.425,10
323.578,6
323.732,1
323.885,0
324.039,0
324.193,34
324.346,2
324.5,0
324.654,0
324.807,0
324.961,0
325.114,9
325.268,0
325.422,0
325.575,0
325.729,0
325.882,20
326.036,30
326.19,2
326.343,0
326.497,0
326.65,0
326.804,3
326.958,11
327.111,4
327.265,0
327.418,16
327.572,3
327.726,0
327.879,16
328.033,6
328.186,10
328.34,0
328.494,0
328.647,13
328.801,2
328.954,0
329.108,0
329.262,0
329.415,24
329.569,0
329.723,0
329.876,0
330.03,0
330.183,34
330.337,0
330.491,0
330.644,0
330.798,0
330.951,0
331.105,19
331.259,2
331.412,6
331.566,0
331.719,0
331.873,16
332.027,0
332.18,15
332.334,11
332.487,1
332.641,20
332.795,3
332.948,0
333.102,15
333.255,5
333.409,19
333.563,19
333.716,1
333.87,13
334.023,10
334.177,0
334.331,26
334.484,0
334.638,0
334.791,2
334.945,0
335.099,13
335.252,0
335.406,0
335.559,0
335.713,20
335.867,14
336.02,6
336.174,0
336.327,28
336.481,4
336.635,11
336.788,9
336.942,0
337.096,0
337.249,0
337.403,19
337.556,9
337.71,13
337.864,0
338.017,0
338.171,8
338.324,10
338.478,9
338.632,0
338.785,0
338.939,11
339.092,0
339.246,0
339.4,0
339.553,0
339.707,0
339.86,0
340.014,13
340.168,14
340.321,0
340.475,0
340.628,13
340.782,0
340.936,0
341.089,0
341.243,31
341.396,9
341.55,0
341.704,3
341.857,0
342.011,38
342.164,0
342.318,9
342.472,0
342.625,18
342.779,15
342.932,0
343.086,0
343.24,0
343.393,13
343.547,9
343.7,15
343.854,10
344.008,2
344.161,36
344.315,20
344.468,11
344.622,1
344.776,0
344.929,10
345.083,0
345.236,0
345.39,3
345.543,6
345.697,10
345.851,2
346.004,41
346.158,0
346.311,0
346.465,0
346.619,10
346.772,0
346.926,11
347.079,0
347.233,13
347.387,0
347.54,15
347.694,0
347.847,15
348.001,0
348.155,0
348.308,49
348.462,8
348.615,11
348.769,6
348.923,0
349.076,0
349.23,10
349.383,0
349.537,0
349.691,0
349.844,2
349.998,0
350.151,0
350.305,17
350.459,5
350.612,0
350.766,3
350.919,31
351.073,0
351.227,3
351.38,11
351.534,0
351.687,0
351.841,0
351.995,24
352.148,0
352.302,15
352.455,17
352.609,0
352.763,10
352.916,2
353.07,17
353.223,0
353.377,0
353.53,0
353.684,33
353.838,0
353.991,0
354.145,9
354.298,0
354.452,4
354.606,1
354.759,18
354.913,9
355.066,0
355.22,0
355.374,8
355.527,45
355.681,16
355.834,11
355.988,0
356.142,0
356.295,0
356.449,0
356.602,21
356.756,45
356.91,33
357.063,0
357.217,0
357.37,0
357.524,0
357.677,0
357.831,27
357.985,0
358.138,0
358.292,18
358.445,0
358.599,2
358.753,15
358.906,0
359.06,0
359.213,13
359.367,0
359.521,0
359.674,23
359.828,0
359.981,0
360.135,6
360.289,14
360.442,8
360.596,0
360.749,28
360.903,6
361.056,1
361.21,1
361.364,25
361.517,3
361.671,12
361.824,1
361.978,19
362.132,0
362.285,11
362.439,14
362.592,0
362.746,0
362.9,0
363.053,8
363.207,0
363.36,0
363.514,0
363.667,4
363.821,20
363.975,0
364.128,12
364.282,4
364.435,0
364.589,9
364.743,0
364.896,0
365.05,0
365.203,5
365.357,33
365.511,4
365.664,15
365.818,0
365.971,0
366.125,0
366.278,0
366.432,0
366.586,1
366.739,10
366.893,0
367.046,0
367.2,0
367.354,0
367.507,0
367.661,0
367.814,8
367.968,10
368.122,19
368.275,17
368.429,0
368.582,0
368.736,22
368.889,0
369.043,7
369.197,1
369.35,16
369.504,6
369.657,0
369.811,0
369.965,0
370.118,35
370.272,1
370.425,19
370.579,0
370.732,14
370.886,18
371.04,1
371.193,0
371.347,12
371.5,0
371.654,0
371.808,0
371.961,20
372.115,23
372.268,0
372.422,0
372.575,0
372.729,26
372.883,28
373.036,0
373.19,22
373.343,10
373.497,0
373.651,0
373.804,3
373.958,0
374.111,5
374.265,19
374.418,17
374.572,26
374.726,0
374.879,2
375.033,19
375.186,0
375.34,13
375.494,11
375.647,2
375.801,0
375.954,0
376.108,0
376.261,21
376.415,0
376.569,0
376.722,5
376.876,1
377.029,8
377.183,8
377.337,0
377.49,0
377.644,0
377.797,33
377.951,0
378.104,0
378.258,9
378.412,0
378.565,0
378.719,16
378.872,0
379.026,3
379.18,0
379.333,16
379.487,23
379.64,6
379.794,0
379.947,0
380.101,0
380.255,19
380.408,0
380.562,0
380.715,0
380.869,4
381.022,14
381.176,3
381.33,0
381.483,0
381.637,0
381.79,30
381.944,8
382.098,0
382.251,0
382.405,0
382.558,0
382.712,0
382.865,11
383.019,14
383.173,2
383.326,0
383.48,0
383.633,21
383.787,3
383.94,11
384.094,0
384.248,0
384.401,1
384.555,7
384.708,2
384.862,0
385.015,7
385.169,1
385.323,0
385.476,0
385.63,24
385.783,0
385.937,0
386.091,0
386.244,3
386.398,19
386.551,0
386.705,7
386.858,24
387.012,0
387.166,0
387.319,37
387.473,2
387.626,7
387.78,0
387.933,0
388.087,6
388.241,30
388.394,9
388.548,0
388.701,28
388.855,16
389.008,0
389.162,0
389.316,9
389.469,4
389.623,0
389.776,0
389.93,0
390.083,0
390.237,2
390.391,21
390.544,0
390.698,10
390.851,7
391.005,0
391.158,4
391.312,21
391.466,0
391.619,3
391.773,0
391.926,9
392.08,8
392.233,13
392.387,11
392.541,0
392.694,0
392.848,5
393.001,0
393.155,0
393.308,7
393.462,0
393.616,2
393.769,22
393.923,3
394.076,0
394.23,8
394.383,5
394.537,10
394.691,0
394.844,0
394.998,21
395.151,28
395.305,7
395.458,0
395.612,0
395.766,7
395.919,9
396.073,4
396.226,2
396.38,0
396.533,0
396.687,0
396.841,0
396.994,0
397.148,0
397.301,0
397.455,0
397.608,0
397.762,18
397.916,12
398.069,10
398.223,0
398.376,0
398.53,1
398.683,0
398.837,1
398.991,5
399.144,0
399.298,0
399.451,19
399.605,0
399.758,38
399.912,0
400.066,0
400.219,4
400.373,16
400.526,0
400.68,0
400.833,20
400.987,0
401.141,3
401.294,0
401.448,0
401.601,0
401.755,0
401.908,0
402.062,0
402.216,27
402.369,0
402.523,0
402.676,22
402.83,49
402.983,0
403.137,0
403.29,0
403.444,7
403.598,8
403.751,0
403.905,3
404.058,0
404.212,0
404.365,12
404.519,31
404.673,21
404.826,0
404.98,14
405.133,35
405.287,4
405.44,0
405.594,0
405.748,0
405.901,9
406.055,0
406.208,12
406.362,0
406.515,17
406.669,0
406.822,0
406.976,2
407.13,2
407.283,0
407.437,6
407.59,1
407.744,0
407.897,9
408.051,15
408.205,0
408.358,0
408.512,31
408.665,29
408.819,0
408.972,0
409.126,12
409.279,0
409.433,0
409.587,9
409.74,6
409.894,13
410.047,0
410.201,32
410.354,17
410.508,18
410.662,4
410.815,20
410.969,2
411.122,0
411.276,0
411.429,0
411.583,0
411.736,0
411.89,11
412.044,0
412.197,0
412.351,0
412.504,6
412.658,1
412.811,0
412.965,17
413.118,0
413.272,8
413.426,0
413.579,19
413.733,6
413.886,0
414.04,15
414.193,0
414.347,14
414.501,0
414.654,4
414.808,19
414.961,0
415.115,0
415.268,18
415.422,0
415.575,30
415.729,0
415.883,22
416.036,5
416.19,2
416.343,13
416.497,0
416.65,0
416.804,16
416.957,0
417.111,15
417.265,19
417.418,9
417.572,5
417.725,0
417.879,1
418.032,17
418.186,0
418.339,0
418.493,0
418.647,16
418.8,15
418.954,0
419.107,0
419.261,0
419.414,30
419.568,4
419.721,0
419.875,0
420.029,0
420.182,0
420.336,3
420.489,0
420.643,0
420.796,1
420.95,8
421.103,11
421.257,1
421.411,0
421.564,0
421.718,0
421.871,8
422.025,5
422.178,31
422.332,13
422.485,0
422.639,0
422.793,10
422.946,14
423.1,5
423.253,0
423.407,0
423.56,10
423.714,10
423.867,0
424.021,15
424.175,7
424.328,20
424.482,7
424.635,9
424.789,35
424.942,2
425.096,4
425.249,0
425.403,10
425.556,0
425.71,0
425.864,43
426.017,0
426.171,3
426.324,41
426.478,13
426.631,36
426.785,0
426.938,15
427.092,8
427.246,0
427.399,33
427.553,21
427.706,0
427.86,0
428.013,0
428.167,4
428.32,10
428.474,0
428.628,0
428.781,16
428.935,0
429.088,0
429.242,0
429.395,5
429.549,0
429.702,11
429.856,0
430.009,0
430.163,25
430.317,34
430.47,0
430.624,0
430.777,17
430.931,0
431.084,0
431.238,24
431.391,0
431.545,2
431.698,0
431.852,6
432.006,2
432.159,0
432.313,16
432.466,17
432.62,2
432.773,0
432.927,25
433.08,0
433.234,0
433.387,40
433.541,49
433.695,9
433.848,6
434.002,0
434.155,17
434.309,22
434.462,0
434.616,0
434.769,6
434.923,8
435.077,0
435.23,24
435.384,2
435.537,13
435.691,0
435.844,7
435.998,0
436.151,0
436.305,0
436.458,0
436.612,0
436.765,0
436.919,0
437.073,0
437.226,0
437.38,0
437.533,22
437.687,10
437.84,34
437.994,26
438.147,0
438.301,4
438.454,1
438.608,0
438.762,1
438.915,3
439.069,12
439.222,10
439.376,0
439.529,2
439.683,6
439.836,0
439.99,17
440.143,0
440.297,4
440.451,10
440.604,15
440.758,0
440.911,0
441.065,18
441.218,5
441.372,0
441.525,0
441.679,0
441.832,0
441.986,0
442.139,2
442.293,16
442.447,0
442.6,0
442.754,6
442.907,16
443.061,0
443.214,0
443.368,9
443.521,10
443.675,14
443.828,3
443.982,0
444.135,8
444.289,0
444.443,0
444.596,0
444.75,0
444.903,0
445.057,0
445.21,0
445.364,22
445.517,0
445.671,0
445.824,3
445.978,29
446.131,0
446.285,0
446.439,22
446.592,0
446.746,0
446.899,0
447.053,13
447.206,10
447.36,3
447.513,22
447.667,18
447.82,30
447.974,0
448.127,0
448.281,7
448.435,0
448.588,0
448.742,38
448.895,43
449.049,26
449.202,6
449.356,0
449.509,0
449.663,0
449.816,0
449.97,1
450.123,7
450.277,0
450.43,0
450.584,15
450.738,1
450.891,0
451.045,0
451.198,4
451.352,0
451.505,7
451.659,9
451.812,13
451.966,11
452.119,18
452.273,0
452.426,8
452.58,21
452.734,8
452.887,0
453.041,0
453.194,8
453.348,9
453.501,16
453.655,0
453.808,17
453.962,21
454.115,26
454.269,27
454.422,1
454.576,2
454.729,22
454.883,0
455.036,0
455.19,16
455.344,0
455.497,0
455.651,15
455.804,11
455.958,0
456.111,0
456.265,12
456.418,30
456.572,6
456.725,0
456.879,0
457.032,27
457.186,19
457.339,0
457.493,0
457.647,22
457.8,0
457.954,0
458.107,14
458.261,0
458.414,17
458.568,11
458.721,28
458.875,21
459.028,0
459.182,0
459.335,6
459.489,22
459.642,0
459.796,0
459.949,12
460.103,15
460.256,6
460.41,4
460.564,28
460.717,2
460.871,0
461.024,33
461.178,0
461.331,0
461.485,0
461.638,0
461.792,0
461.945,0
462.099,15
462.252,25
462.406,0
462.559,4
462.713,14
462.866,22
463.02,0
463.173,23
463.327,28
463.481,14
463.634,19
463.788,2
463.941,0
464.095,53
464.248,19
464.402,0
464.555,0
464.709,0
464.862,13
465.016,0
465.169,0
465.323,0
465.476,0
465.63,19
465.783,0
465.937,2
466.09,2
466.244,0
466.397,0
466.551,1
466.705,0
466.858,5
467.012,7
467.165,0
467.319,5
467.472,47
467.626,0
467.779,0
467.933,10
468.086,16
468.24,34
468.393,0
468.547,7
468.7,7
468.854,0
469.007,2
469.161,0
469.314,12
469.468,0
469.621,0
469.775,3
469.928,3
470.082,0
470.236,4
470.389,14
470.543,4
470.696,34
470.85,4
471.003,31
471.157,0
471.31,0
471.464,2
471.617,0
471.771,0
471.924,0
472.078,24
472.231,20
472.385,7
472.538,0
472.692,0
472.845,6
472.999,26
473.152,0
473.306,15
473.459,6
473.613,8
473.766,0
473.92,21
474.074,0
474.227,0
474.381,5
474.534,12
474.688,18
474.841,22
474.995,17
475.148,0
475.302,22
475.455,2
475.609,20
475.762,9
475.916,0
476.069,0
476.223,15
476.376,0
476.53,0
476.683,25
476.837,0
476.99,2
477.144,15
477.297,0
477.451,34
477.604,0
477.758,0
477.911,0
478.065,7
478.218,0
478.372,0
478.525,4
478.679,0
478.832,0
478.986,0
479.14,0
479.293,0
479.447,27
479.6,32
479.754,10
479.907,0
480.061,0
480.214,14
480.368,0
480.521,8
480.675,0
480.828,5
480.982,26
481.135,6
481.289,1
481.442,0
481.596,6
481.749,3
481.903,13
482.056,24
482.21,0
482.363,0
482.517,0
482.67,13
482.824,0
482.977,21
483.131,30
483.284,29
483.438,0
483.591,22
483.745,31
483.898,7
484.052,3
484.205,0
484.359,14
484.512,26
484.666,8
484.819,0
484.973,0
485.126,28
485.28,14
485.433,15
485.587,16
485.74,8
485.894,24
486.047,21
486.201,24
486.355,15
486.508,6
486.662,23
486.815,0
486.969,0
487.122,36
487.276,21
487.429,0
487.583,0
487.736,0
487.89,8
488.043,0
488.197,0
488.35,11
488.504,0
488.657,28
488.811,2
488.964,0
489.118,0
489.271,0
489.425,14
489.578,8
489.732,3
489.885,0
490.039,7
490.192,19
490.346,0
490.499,7
490.653,5
490.806,17
490.96,0
491.113,12
491.267,0
491.42,0
491.574,0
491.727,0
491.881,6
492.034,0
492.188,0
492.341,20
492.495,0
492.648,23
492.802,0
492.955,18
493.109,0
493.262,0
493.416,13
493.569,0
493.723,29
493.876,0
494.03,0
494.183,0
494.337,0
494.49,0
494.644,0
494.797,26
494.951,21
495.104,28
495.258,10
495.411,16
495.565,0
495.718,15
495.872,0
496.025,0
496.179,9
496.332,8
496.486,0
496.639,6
496.793,16
496.946,4
497.1,4
497.253,19
497.407,23
497.56,0
497.714,10
497.867,15
498.021,22
498.174,8
498.328,12
498.481,6
498.635,0
498.788,4
498.942,1
499.095,0
499.249,0
499.402,6
499.556,0
499.709,6
499.863,14
500.016,0
500.17,1
500.323,6
500.477,0
500.63,6
500.784,8
500.937,0
501.091,13
501.244,6
501.398,2
501.551,0
501.705,15
501.858,0
502.012,0
502.165,8
502.319,0
502.472,13
502.626,18
502.779,24
502.933,6
503.086,0
503.24,0
503.393,16
503.547,21
503.7,0
503.854,4
504.007,16
504.161,0
504.314,0
504.468,0
504.621,0
504.775,0
504.928,18
505.082,0
505.235,6
505.389,0
505.542,0
505.696,9
505.849,0
506.003,13
506.156,34
506.309,0
506.463,0
506.616,11
506.77,0
506.923,0
507.077,0
507.23,17
507.384,0
507.537,0
507.691,5
507.844,9
507.998,0
508.151,20
508.305,23
508.458,0
508.612,0
508.765,10
508.919,0
509.072,0
509.226,11
509.379,2
509.533,9
509.686,8
509.84,0
509.993,0
510.147,21
510.3,37
510.454,0
510.607,2
510.761,0
510.914,0
511.068,7
511.221,0
511.375,0
511.528,6
511.682,0
511.835,0
511.989,21
512.142,42
512.296,0
512.449,13
512.603,33
512.756,2
512.91,10
513.063,13
513.216,0
513.37,0
513.523,7
513.677,0
513.83,0
513.984,6
514.137,17
514.291,0
514.444,14
514.598,0
514.751,0
514.905,28
515.058,14
515.212,7
515.365,10
515.519,5
515.672,4
515.826,0
515.979,3
516.133,10
516.286,6
516.44,0
516.593,1
516.747,25
516.9,20
517.054,0
517.207,12
517.361,0
517.514,10
517.668,0
517.821,18
517.974,8
518.128,5
518.281,0
518.435,22
518.588,0
518.742,0
518.895,16
519.049,0
519.202,9
519.356,8
519.509,1
519.663,17
519.816,0
519.97,0
520.123,7
520.277,0
520.43,0
520.584,5
520.737,7
520.891,0
521.044,0
521.198,0
521.351,0
521.505,2
521.658,25
521.811,0
521.965,11
522.118,0
522.272,8
522.425,0
522.579,0
522.732,0
522.886,0
523.039,0
523.193,22
523.346,36
523.5,4
523.653,0
523.807,18
523.96,0
524.114,0
524.267,3
524.421,0
524.574,0
524.728,0
524.881,0
525.035,14
525.188,3
525.341,0
525.495,37
525.648,48
525.802,8
525.955,0
526.109,0
526.262,10
526.416,8
526.569,0
526.723,0
526.876,0
527.03,6
527.183,2
527.337,21
527.49,30
527.644,14
527.797,2
527.951,4
528.104,4
528.257,13
528.411,0
528.564,0
528.718,5
528.871,0
529.025,0
529.178,6
529.332,7
529.485,8
529.639,0
529.792,0
529.946,2
530.099,0
530.253,0
530.406,16
530.56,0
530.713,20
530.867,0
531.02,2
531.173,0
531.327,0
531.48,0
531.634,0
531.787,0
531.941,0
532.094,0
532.248,0
532.401,0
532.555,7
532.708,0
532.862,0
533.015,0
533.169,19
533.322,13
533.475,7
533.629,8
533.782,23
533.936,36
534.089,15
534.243,7
534.396,0
534.55,0
534.703,26
534.857,37
535.01,0
535.164,0
535.317,11
535.471,0
535.624,23
535.778,0
535.931,0
536.084,7
536.238,0
536.391,8
536.545,0
536.698,11
536.852,0
537.005,16
537.159,0
537.312,0
537.466,3
537.619,17
537.773,0
537.926,0
538.079,0
538.233,5
538.386,17
538.54,0
538.693,4
538.847,0
539,10
539.154,16
539.307,21
539.461,6
539.614,4
539.768,22
539.921,2
540.075,0
540.228,23
540.381,10
540.535,0
540.688,0
540.842,30
540.995,38
541.149,0
541.302,4
541.456,1
541.609,10
541.763,0
541.916,0
542.07,17
542.223,3
542.376,0
542.53,0
542.683,0
542.837,27
542.99,0
543.144,8
543.297,8
543.451,0
543.604,0
543.758,0
543.911,0
544.065,0
544.218,28
544.371,26
544.525,4
544.678,8
544.832,1
544.985,0
545.139,0
545.292,6
545.446,7
545.599,3
545.753,16
545.906,0
546.059,27
546.213,0
546.366,18
546.52,3
546.673,1
546.827,10
546.98,0
547.134,6
547.287,0
547.441,11
547.594,18
547.747,2
547.901,0
548.054,0
548.208,15
548.361,0
548.515,0
548.668,0
548.822,25
548.975,0
549.129,5
549.282,24
549.435,30
549.589,9
549.742,19
549.896,8
550.049,5
550.203,0
550.356,0
550.51,0
550.663,20
550.817,0
550.97,0
551.123,8
551.277,0
551.43,0
551.584,8
551.737,16
551.891,31
552.044,29
552.198,21
552.351,6
552.505,28
552.658,0
552.811,14
552.965,0
553.118,13
553.272,17
553.425,0
553.579,29
553.732,4
553.886,0
554.039,4
554.193,0
554.346,7
554.499,5
554.653,0
554.806,16
554.96,1
555.113,6
555.267,10
555.42,0
555.574,0
555.727,28
555.88,0
556.034,0
556.187,35
556.341,45
556.494,18
556.648,8
556.801,46
556.955,0
557.108,0
557.261,13
557.415,0
557.568,0
557.722,4
557.875,0
558.029,11
558.182,11
558.336,6
558.489,9
558.643,0
558.796,28
558.949,23
559.103,4
559.256,0
559.41,43
559.563,14
559.717,0
559.87,0
560.024,2
560.177,0
560.33,0
560.484,0
560.637,0
560.791,10
560.944,20
561.098,21
561.251,0
561.405,13
561.558,12
561.711,19
561.865,0
562.018,0
562.172,6
562.325,9
562.479,6
562.632,0
562.785,20
562.939,0
563.092,14
563.246,30
563.399,0
563.553,8
563.706,7
563.86,28
564.013,0
564.166,0
564.32,4
564.473,9
564.627,41
564.78,21
564.934,0
565.087,9
565.241,0
565.394,0
565.547,0
565.701,23
565.854,20
566.008,0
566.161,7
566.315,5
566.468,8
566.621,38
566.775,13
566.928,19
567.082,29
567.235,18
567.389,4
567.542,5
567.696,0
567.849,0
568.002,8
568.156,28
568.309,13
568.463,8
568.616,8
568.77,0
568.923,0
569.076,15
569.23,15
569.383,15
569.537,4
569.69,20
569.844,9
569.997,0
570.151,2
570.304,26
570.457,0
570.611,0
570.764,0
570.918,0
571.071,0
571.225,1
571.378,5
571.531,65
571.685,33
571.838,0
571.992,4
572.145,0
572.299,0
572.452,7
572.605,4
572.759,5
572.912,0
573.066,11
573.219,0
573.373,10
573.526,1
573.68,0
573.833,25
573.986,0
574.14,0
574.293,5
574.447,7
574.6,0
574.754,0
574.907,0
575.06,14
575.214,7
575.367,0
575.521,0
575.674,11
575.828,7
575.981,12
576.134,18
576.288,14
576.441,0
576.595,0
576.748,0
576.902,0
577.055,6
577.208,5
577.362,20
577.515,19
577.669,0
577.822,0
577.976,0
578.129,24
578.282,11
578.436,0
578.589,0
578.743,13
578.896,0
579.05,0
579.203,8
579.356,0
579.51,5
579.663,2
579.817,0
579.97,37
580.123,27
580.277,17
580.43,0
580.584,0
580.737,22
580.891,2
581.044,15
581.197,0
581.351,2
581.504,34
581.658,18
581.811,8
581.965,17
582.118,13
582.271,11
582.425,6
582.578,0
582.732,32
582.885,10
583.039,0
583.192,0
583.345,18
583.499,0
583.652,19
583.806,0
583.959,22
584.113,0
584.266,0
584.419,5
584.573,17
584.726,0
584.88,11
585.033,0
585.186,15
585.34,6
585.493,0
585.647,46
585.8,8
585.954,4
586.107,23
586.26,4
586.414,0
586.567,0
586.721,0
586.874,47
587.027,29
587.181,1
587.334,0
587.488,0
587.641,37
587.795,0
587.948,0
588.101,0
588.255,18
588.408,0
588.562,0
588.715,0
588.869,3
589.022,0
589.175,10
589.329,19
589.482,0
589.636,23
589.789,18
589.942,9
590.096,8
590.249,12
590.403,0
590.556,0
590.709,2
590.863,21
591.016,21
591.17,0
591.323,4
591.477,12
591.63,6
591.783,0
591.937,0
592.09,8
592.244,7
592.397,2
592.55,0
592.704,0
592.857,0
593.011,4
593.164,0
593.318,0
593.471,0
593.624,12
593.778,24
593.931,0
594.085,5
594.238,13
594.391,0
594.545,6
594.698,22
594.852,24
595.005,4
595.158,0
595.312,0
595.465,11
595.619,4
595.772,0
595.926,17
596.079,43
596.232,13
596.386,0
596.539,0
596.693,26
596.846,0
596.999,12
597.153,4
597.306,9
597.46,0
597.613,0
597.766,16
597.92,0
598.073,7
598.227,0
598.38,0
598.533,6
598.687,30
598.84,0
598.994,4
599.147,2
599.3,0
599.454,16
599.607,1
599.761,0
599.914,0
600.068,2
600.221,27
600.374,0
600.528,8
600.681,12
600.835,8
600.988,0
601.141,13
601.295,0
601.448,0
601.602,2
601.755,0
601.908,0
602.062,0
602.215,15
602.369,60
602.522,4
602.675,0
602.829,20
602.982,8
603.136,0
603.289,2
603.442,1
603.596,0
603.749,22
603.903,21
604.056,0
604.209,8
604.363,5
604.516,0
604.67,3
604.823,27
604.976,20
605.13,0
605.283,17
605.437,0
605.59,1
605.743,0
605.897,19
606.05,0
606.204,17
606.357,0
606.51,0
606.664,2
606.817,0
606.971,0
607.124,11
607.277,0
607.431,0
607.584,3
607.738,8
607.891,27
608.044,6
608.198,0
608.351,8
608.505,47
608.658,0
608.811,0
608.965,11
609.118,32
609.272,15
609.425,0
609.578,0
609.732,0
609.885,11
610.039,0
610.192,17
610.345,0
610.499,15
610.652,0
610.806,0
610.959,29
611.112,0
611.266,0
611.419,9
611.572,0
611.726,13
611.879,12
612.033,0
612.186,4
612.339,22
612.493,0
612.646,0
612.8,2
612.953,11
613.106,12
613.26,0
613.413,0
613.567,0
613.72,0
613.873,0
614.027,0
614.18,0
614.334,2
614.487,9
614.64,0
614.794,0
614.947,10
615.101,6
615.254,0
615.407,0
615.561,29
615.714,2
615.867,15
616.021,0
616.174,0
616.328,0
616.481,30
616.634,0
616.788,3
616.941,0
617.095,0
617.248,0
617.401,0
617.555,25
617.708,28
617.862,0
618.015,0
618.168,21
618.322,9
618.475,10
618.628,4
618.782,0
618.935,16
619.089,0
619.242,20
619.395,0
619.549,22
619.702,0
619.856,0
620.009,13
620.162,29
620.316,0
620.469,0
620.622,11
620.776,0
620.929,7
621.083,7
621.236,0
621.389,0
621.543,4
621.696,0
621.85,0
622.003,14
622.156,0
622.31,0
622.463,26
622.616,7
622.77,3
622.923,0
623.077,16
623.23,9
623.383,0
623.537,0
623.69,9
623.843,0
623.997,0
624.15,13
624.304,0
624.457,0
624.61,26
624.764,26
624.917,0
625.071,0
625.224,12
625.377,12
625.531,0
625.684,14
625.837,0
625.991,0
626.144,4
626.298,6
626.451,2
626.604,4
626.758,17
626.911,2
627.064,11
627.218,23
627.371,34
627.525,0
627.678,18
627.831,0
627.985,0
628.138,0
628.291,18
628.445,0
628.598,0
628.752,20
628.905,13
629.058,15
629.212,0
629.365,0
629.518,14
629.672,18
629.825,0
629.979,10
630.132,14
630.285,0
630.439,0
630.592,0
630.745,19
630.899,8
631.052,21
631.206,0
631.359,4
631.512,3
631.666,23
631.819,0
631.972,18
632.126,18
632.279,12
632.433,10
632.586,0
632.739,0
632.893,19
633.046,17
633.199,7
633.353,18
633.506,0
633.66,22
633.813,7
633.966,4
634.12,11
634.273,44
634.426,9
634.58,0
634.733,11
634.886,0
635.04,0
635.193,7
635.347,1
635.5,5
635.653,16
635.807,0
635.96,10
636.113,0
636.267,0
636.42,0
636.574,13
636.727,6
636.88,0
637.034,28
637.187,0
637.34,0
637.494,0
637.647,0
637.8,0
637.954,24
638.107,25
638.261,0
638.414,0
638.567,2
638.721,0
638.874,20
639.027,0
639.181,17
639.334,31
639.487,6
639.641,0
639.794,5
639.948,29
640.101,0
640.254,0
640.408,0
640.561,0
640.714,15
640.868,0
641.021,2
641.174,6
641.328,6
641.481,12
641.635,32
641.788,9
641.941,11
642.095,0
642.248,0
642.401,0
642.555,2
642.708,0
642.861,0
643.015,25
643.168,0
643.322,29
643.475,0
643.628,0
643.782,4
643.935,3
644.088,0
644.242,0
644.395,23
644.548,4
644.702,0
644.855,0
645.008,11
645.162,7
645.315,0
645.469,26
645.622,0
645.775,0
645.929,0
646.082,0
646.235,0
646.389,11
646.542,0
646.695,0
646.849,11
647.002,0
647.155,0
647.309,22
647.462,25
647.616,8
647.769,0
647.922,0
648.076,0
648.229,24
648.382,41
648.536,0
648.689,0
648.842,14
648.996,0
649.149,0
649.302,0
649.456,18
649.609,0
649.762,0
649.916,3
650.069,4
650.223,29
650.376,17
650.529,4
650.683,18
650.836,13
650.989,5
651.143,0
651.296,2
651.449,7
651.603,0
651.756,0
651.909,0
652.063,14
652.216,0
652.369,27
652.523,0
652.676,9
652.83,0
652.983,12
653.136,0
653.29,5
653.443,0
653.596,2
653.75,11
653.903,17
654.056,0
654.21,0
654.363,2
654.516,0
654.67,0
654.823,1
654.976,0
655.13,0
655.283,0
655.436,18
655.59,8
655.743,0
655.896,0
656.05,17
656.203,17
656.356,0
656.51,0
656.663,13
656.817,31
656.97,0
657.123,6
657.277,6
657.43,10
657.583,0
657.737,54
657.89,0
658.043,4
658.197,0
658.35,3
658.503,0
658.657,1
658.81,1
658.963,1
659.117,49
659.27,12
659.423,13
659.577,25
659.73,3
659.883,7
660.037,13
660.19,17
660.343,17
660.497,11
660.65,0
660.803,2
660.957,2
661.11,16
661.263,14
661.417,0
661.57,0
661.723,0
661.877,16
662.03,25
662.183,13
662.337,0
662.49,0
662.644,7
662.797,0
662.95,7
663.104,0
663.257,0
663.41,0
663.564,32
663.717,13
663.87,7
664.024,0
664.177,0
664.33,12
664.484,17
664.637,24
664.79,0
664.944,0
665.097,0
665.25,8
665.404,0
665.557,0
665.71,2
665.864,0
666.017,20
666.17,0
666.324,0
666.477,15
666.63,0
666.784,14
666.937,24
667.09,15
667.244,0
667.397,0
667.55,29
667.704,25
667.857,0
668.01,0
668.164,35
668.317,6
668.47,0
668.624,11
668.777,0
668.93,0
669.084,27
669.237,10
669.39,0
669.544,3
669.697,0
669.85,0
670.004,22
670.157,21
670.31,0
670.464,12
670.617,22
670.77,1
670.924,0
671.077,0
671.23,26
671.383,0
671.537,6
671.69,3
671.843,21
671.997,0
672.15,0
672.303,5
672.457,0
672.61,21
672.763,13
672.917,0
673.07,0
673.223,13
673.377,20
673.53,0
673.683,7
673.837,20
673.99,3
674.143,1
674.297,7
674.45,0
674.603,24
674.757,18
674.91,0
675.063,0
675.217,19
675.37,5
675.523,9
675.677,0
675.83,11
675.983,0
676.137,11
676.29,32
676.443,11
676.597,8
676.75,2
676.903,14
677.057,30
677.21,0
677.363,0
677.516,4
677.67,10
677.823,9
677.976,0
678.13,6
678.283,14
678.436,1
678.59,0
678.743,0
678.896,49
679.05,22
679.203,1
679.356,0
679.51,15
679.663,0
679.816,10
679.97,6
680.123,39
680.276,2
680.43,24
680.583,0
680.736,13
680.889,13
681.043,26
681.196,3
681.349,10
681.503,0
681.656,0
681.809,0
681.963,0
682.116,2
682.269,13
682.423,1
682.576,7
682.729,0
682.883,36
683.036,0
683.189,0
683.343,14
683.496,3
683.649,0
683.802,0
683.956,6
684.109,2
684.262,0
684.416,8
684.569,0
684.722,0
684.876,0
685.029,17
685.182,0
685.336,0
685.489,18
685.642,16
685.796,0
685.949,22
686.102,9
686.255,0
686.409,0
686.562,10
686.715,0
686.869,11
687.022,0
687.175,3
687.329,0
687.482,14
687.635,0
687.789,5
687.942,0
688.095,27
688.248,42
688.402,0
688.555,2
688.708,0
688.862,0
689.015,0
689.168,1
689.322,0
689.475,10
689.628,21
689.782,2
689.935,4
690.088,0
690.241,0
690.395,0
690.548,32
690.701,19
690.855,0
691.008,8
691.161,16
691.315,0
691.468,17
691.621,0
691.775,0
691.928,0
692.081,0
692.234,10
692.388,0
692.541,0
692.694,32
692.848,0
693.001,0
693.154,0
693.308,1
693.461,19
693.614,0
693.767,0
693.921,0
694.074,14
694.227,26
694.381,0
694.534,0
694.687,0
694.841,2
694.994,14
695.147,5
695.3,0
695.454,16
695.607,0
695.76,6
695.914,0
696.067,10
696.22,0
696.374,0
696.527,15
696.68,0
696.833,0
696.987,0
697.14,0
697.293,0
697.447,0
697.6,15
697.753,0
697.907,13
698.06,26
698.213,0
698.366,5
698.52,7
698.673,0
698.826,11
698.98,6
699.133,0
699.286,34
699.44,20
699.593,10
699.746,2
699.899,6
700.053,22
700.206,14
700.359,16
700.513,0
700.666,0
700.819,9
700.972,12
701.126,0
701.279,9
701.432,36
701.586,0
701.739,5
701.892,0
702.045,0
702.199,35
702.352,21
702.505,1
702.659,0
702.812,0
702.965,0
703.119,0
703.272,31
703.425,7
703.578,1
703.732,9
703.885,9
704.038,19
704.192,0
704.345,4
704.498,0
704.651,15
704.805,0
704.958,0
705.111,0
705.265,0
705.418,6
705.571,0
705.724,0
705.878,0
706.031,17
706.184,0
706.338,0
706.491,2
706.644,5
706.797,0
706.951,53
707.104,7
707.257,0
707.411,13
707.564,0
707.717,0
707.87,6
708.024,0
708.177,8
708.33,0
708.484,9
708.637,31
708.79,0
708.943,2
709.097,0
709.25,0
709.403,0
709.557,9
709.71,49
709.863,16
710.016,0
710.17,10
710.323,0
710.476,8
710.63,0
710.783,0
710.936,0
711.089,0
711.243,0
711.396,5
711.549,0
711.702,2
711.856,0
712.009,9
712.162,10
712.316,0
712.469,12
712.622,0
712.775,1
712.929,15
713.082,2
713.235,4
713.389,0
713.542,12
713.695,7
713.848,15
714.002,0
714.155,0
714.308,9
714.461,9
714.615,0
714.768,0
714.921,2
715.075,0
715.228,0
715.381,0
715.534,5
715.688,11
715.841,0
715.994,0
716.148,0
716.301,0
716.454,0
716.607,4
716.761,0
716.914,17
717.067,23
717.22,1
717.374,0
717.527,13
717.68,0
717.834,8
717.987,10
718.14,4
718.293,10
718.447,0
718.6,5
718.753,0
718.906,0
719.06,0
719.213,0
719.366,8
719.52,0
719.673,17
719.826,0
719.979,2
720.133,6
720.286,6
720.439,19
720.592,0
720.746,0
720.899,31
721.052,8
721.205,32
721.359,4
721.512,2
721.665,0
721.819,0
721.972,14
722.125,0
722.278,34
722.432,17
722.585,22
722.738,0
722.891,14
723.045,35
723.198,3
723.351,18
723.504,0
723.658,23
723.811,3
723.964,0
724.118,2
724.271,0
724.424,0
724.577,0
724.731,0
724.884,25
725.037,13
725.19,0
725.344,0
725.497,7
725.65,0
725.803,0
725.957,0
726.11,0
726.263,0
726.416,1
726.57,0
726.723,30
726.876,4
727.029,0
727.183,2
727.336,34
727.489,1
727.643,0
727.796,13
727.949,29
728.102,1
728.256,4
728.409,13
728.562,4
728.715,5
728.869,0
729.022,2
729.175,0
729.328,0
729.482,21
729.635,14
729.788,15
729.941,26
730.095,0
730.248,0
730.401,15
730.554,1
730.708,0
730.861,0
731.014,0
731.167,0
731.321,4
731.474,18
731.627,0
731.78,0
731.934,0
732.087,12
732.24,0
732.393,7
732.547,0
732.7,0
732.853,21
733.007,20
733.16,14
733.313,3
733.466,0
733.62,16
733.773,0
733.926,3
734.079,21
734.233,4
734.386,0
734.539,0
734.692,4
734.846,0
734.999,0
735.152,0
735.305,10
735.459,0
735.612,9
735.765,4
735.918,0
736.072,17
736.225,12
736.378,15
736.531,1
736.685,0
736.838,8
736.991,21
737.144,11
737.298,0
737.451,0
737.604,0
737.757,0
737.91,1
738.064,38
738.217,11
738.37,0
738.523,25
738.677,9
738.83,20
738.983,0
739.136,0
739.29,36
739.443,0
739.596,1
739.749,30
739.903,0
740.056,0
740.209,31
740.362,47
740.516,0
740.669,0
740.822,0
740.975,7
741.129,0
741.282,42
741.435,8
741.588,7
741.742,0
741.895,6
742.048,0
742.201,0
742.355,6
742.508,0
742.661,0
742.814,18
742.968,22
743.121,0
743.274,8
743.427,0
743.58,12
743.734,0
743.887,0
744.04,8
744.193,0
744.347,1
744.5,0
744.653,0
744.806,9
744.96,3
745.113,10
745.266,8
745.419,9
745.573,1
745.726,0
745.879,3
746.032,0
746.186,0
746.339,1
746.492,24
746.645,10
746.798,11
746.952,0
747.105,18
747.258,9
747.411,26
747.565,15
747.718,0
747.871,6
748.024,16
748.178,0
748.331,0
748.484,9
748.637,4
748.79,17
748.944,1
749.097,1
749.25,0
749.403,25
749.557,1
749.71,0
749.863,0
750.016,13
750.17,22
750.323,6
750.476,13
750.629,11
750.782,0
750.936,1
751.089,13
751.242,0
751.395,0
751.549,24
751.702,8
751.855,0
752.008,14
752.162,20
752.315,0
752.468,0
752.621,0
752.774,0
752.928,15
753.081,0
753.234,0
753.387,0
753.541,0
753.694,23
753.847,16
754,7
754.154,5
754.307,8
754.46,1
754.613,8
754.766,0
754.92,15
755.073,0
755.226,0
755.379,0
755.533,25
755.686,34
755.839,0
755.992,0
756.145,0
756.299,8
756.452,12
756.605,15
756.758,20
756.912,4
757.065,0
757.218,0
757.371,24
757.524,21
757.678,0
757.831,12
757.984,0
758.137,28
758.291,0
758.444,3
758.597,0
758.75,22
758.903,28
759.057,1
759.21,5
759.363,24
759.516,10
759.669,0
759.823,9
759.976,4
760.129,15
760.282,0
760.436,22
760.589,0
760.742,18
760.895,0
761.048,10
761.202,0
761.355,16
761.508,9
761.661,25
761.815,7
761.968,0
762.121,0
762.274,30
762.427,4
762.581,26
762.734,17
762.887,3
763.04,15
763.193,36
763.347,0
763.5,11
763.653,0
763.806,5
763.959,2
764.113,0
764.266,6
764.419,26
764.572,0
764.726,0
764.879,10
765.032,6
765.185,0
765.338,0
765.492,0
765.645,6
765.798,0
765.951,0
766.104,0
766.258,20
766.411,0
766.564,34
766.717,0
766.87,29
767.024,12
767.177,0
767.33,4
767.483,21
767.637,23
767.79,0
767.943,1
768.096,1
768.249,14
768.403,0
768.556,0
768.709,0
768.862,11
769.015,0
769.169,5
769.322,8
769.475,7
769.628,0
769.781,8
769.935,7
770.088,20
770.241,29
770.394,3
770.547,5
770.701,3
770.854,10
771.007,16
771.16,8
771.313,18
771.467,0
771.62,20
771.773,25
771.926,0
772.079,15
772.233,9
772.386,0
772.539,25
772.692,0
772.845,9
772.999,35
773.152,10
773.305,0
773.458,11
773.611,29
773.765,6
773.918,4
774.071,4
774.224,0
774.377,0
774.531,0
774.684,0
774.837,7
774.99,10
775.143,10
775.297,0
775.45,4
775.603,0
775.756,0
775.909,0
776.063,28
776.216,0
776.369,26
776.522,0
776.675,5
776.829,20
776.982,22
777.135,14
777.288,0
777.441,8
777.595,18
777.748,4
777.901,0
778.054,0
778.207,0
778.361,14
778.514,0
778.667,20
778.82,10
778.973,3
779.126,13
779.28,8
779.433,0
779.586,11
779.739,0
779.892,20
780.046,10
780.199,8
780.352,0
780.505,18
780.658,0
780.812,0
780.965,4
781.118,16
781.271,0
781.424,0
781.578,0
781.731,0
781.884,19
782.037,0
782.19,0
782.343,24
782.497,34
782.65,0
782.803,0
782.956,8
783.109,0
783.263,0
783.416,0
783.569,10
783.722,0
783.875,13
784.029,4
784.182,21
784.335,0
784.488,19
784.641,2
784.794,0
784.948,30
785.101,0
785.254,15
785.407,0
785.56,12
785.714,16
785.867,0
786.02,0
786.173,33
786.326,0
786.479,0
786.633,22
786.786,0
786.939,0
787.092,0
787.245,0
787.399,9
787.552,29
787.705,14
787.858,8
788.011,0
788.164,17
788.318,25
788.471,30
788.624,0
788.777,1
788.93,29
789.083,28
789.237,0
789.39,0
789.543,20
789.696,0
789.849,17
790.003,0
790.156,0
790.309,2
790.462,1
790.615,0
790.768,0
790.922,8
791.075,0
791.228,0
791.381,2
791.534,0
791.687,0
791.841,16
791.994,0
792.147,9
792.3,6
792.453,0
792.607,0
792.76,0
792.913,0
793.066,4
793.219,16
793.372,24
793.526,11
793.679,0
793.832,12
793.985,24
794.138,16
794.291,19
794.445,14
794.598,0
794.751,0
794.904,0
795.057,20
795.21,0
795.364,0
795.517,0
795.67,0
795.823,0
795.976,0
796.129,0
796.283,0
796.436,14
796.589,6
796.742,0
796.895,11
797.048,27
797.202,0
797.355,0
797.508,18
797.661,28
797.814,19
797.967,0
798.121,0
798.274,0
798.427,0
798.58,0
798.733,0
798.886,0
799.04,22
799.193,14
799.346,8
799.499,28
799.652,10
799.805,0
799.959,22
800.112,3
800.265,24
800.418,8
800.571,14
800.724,0
800.878,20
801.031,12
801.184,0
801.337,0
801.49,16
801.643,0
801.796,0
801.95,8
802.103,22
802.256,0
802.409,22
802.562,0
802.715,0
802.869,0
803.022,30
803.175,12
803.328,0
803.481,20
803.634,22
803.788,21
803.941,39
804.094,8
804.247,28
804.4,14
804.553,0
804.706,0
804.86,45
805.013,0
805.166,0
805.319,4
805.472,22
805.625,4
805.779,0
805.932,22
806.085,31
806.238,26
806.391,1
806.544,6
806.697,17
806.851,11
807.004,0
807.157,7
807.31,2
807.463,5
807.616,11
807.77,0
807.923,0
808.076,0
808.229,0
808.382,10
808.535,0
808.688,0
808.842,19
808.995,0
809.148,6
809.301,56
809.454,37
809.607,0
809.761,24
809.914,21
810.067,0
810.22,0
810.373,3
810.526,9
810.679,0
810.833,6
810.986,8
811.139,10
811.292,0
811.445,4
811.598,0
811.751,13
811.905,0
812.058,11
812.211,33
812.364,0
812.517,37
812.67,24
812.823,0
812.977,2
813.13,47
813.283,0
813.436,0
813.589,17
813.742,6
813.895,8
814.049,18
814.202,0
814.355,0
814.508,0
814.661,0
814.814,8
814.967,0
815.121,20
815.274,0
815.427,0
815.58,4
815.733,0
815.886,6
816.039,0
816.193,33
816.346,0
816.499,0
816.652,0
816.805,17
816.958,50
817.111,26
817.265,0
817.418,0
817.571,8
817.724,13
817.877,4
818.03,17
818.183,6
818.336,0
818.49,0
818.643,16
818.796,0
818.949,2
819.102,0
819.255,0
819.408,8
819.562,3
819.715,30
819.868,5
820.021,0
820.174,29
820.327,39
820.48,0
820.633,27
820.787,24
820.94,15
821.093,18
821.246,1
821.399,2
821.552,8
821.705,0
821.859,23
822.012,0
822.165,24
822.318,0
822.471,16
822.624,9
822.777,3
822.93,0
823.084,0
823.237,0
823.39,0
823.543,0
823.696,0
823.849,0
824.002,0
824.155,0
824.309,13
824.462,14
824.615,7
824.768,28
824.921,0
825.074,5
825.227,0
825.38,14
825.534,0
825.687,0
825.84,2
825.993,0
826.146,0
826.299,0
826.452,0
826.605,0
826.759,0
826.912,2
827.065,0
827.218,0
827.371,5
827.524,15
827.677,32
827.83,2
827.984,0
828.137,14
828.29,4
828.443,0
828.596,0
828.749,28
828.902,5
829.055,12
829.209,32
829.362,9
829.515,0
829.668,0
829.821,0
829.974,0
830.127,9
830.28,0
830.434,1
830.587,0
830.74,0
830.893,7
831.046,0
831.199,5
831.352,0
831.505,12
831.658,26
831.812,0
831.965,1
832.118,35
832.271,27
832.424,1
832.577,5
832.73,0
832.883,4
833.036,7
833.19,0
833.343,0
833.496,12
833.649,0
833.802,0
833.955,0
834.108,4
834.261,0
834.415,0
834.568,9
834.721,12
834.874,4
835.027,0
835.18,0
835.333,0
835.486,0
835.639,0
835.793,13
835.946,10
836.099,3
836.252,0
836.405,34
836.558,0
836.711,0
836.864,0
837.017,11
837.17,7
837.324,0
837.477,0
837.63,7
837.783,0
837.936,17
838.089,20
838.242,26
838.395,15
838.548,16
838.702,0
838.855,25
839.008,0
839.161,23
839.314,12
839.467,15
839.62,26
839.773,8
839.926,7
840.08,6
840.233,0
840.386,7
840.539,0
840.692,3
840.845,0
840.998,26
841.151,18
841.304,26
841.457,0
841.611,12
841.764,16
841.917,2
842.07,0
842.223,0
842.376,0
842.529,5
842.682,13
842.835,2
842.988,0
843.142,36
843.295,20
843.448,17
843.601,0
843.754,0
843.907,16
844.06,4
844.213,17
844.366,0
844.519,0
844.673,18
844.826,0
844.979,5
845.132,7
845.285,0
845.438,0
845.591,27
845.744,0
845.897,13
846.05,6
846.203,7
846.357,31
846.51,0
846.663,1
846.816,25
846.969,2
847.122,0
847.275,0
847.428,42
847.581,15
847.734,28
847.888,0
848.041,6
848.194,28
848.347,0
848.5,0
848.653,2
848.806,30
848.959,0
849.112,5
849.265,0
849.418,24
849.572,0
849.725,2
849.878,0
850.031,5
850.184,19
850.337,19
850.49,0
850.643,1
850.796,33
850.949,20
851.102,2
851.255,0
851.409,9
851.562,9
851.715,0
851.868,0
852.021,0
852.174,23
852.327,0
852.48,0
852.633,0
852.786,28
852.939,0
853.093,0
853.246,0
853.399,0
853.552,17
853.705,0
853.858,8
854.011,1
854.164,17
854.317,24
854.47,21
854.623,0
854.776,0
854.929,7
855.083,11
855.236,0
855.389,0
855.542,20
855.695,20
855.848,0
856.001,0
856.154,0
856.307,0
856.46,0
856.613,0
856.766,0
856.92,2
857.073,20
857.226,0
857.379,3
857.532,4
857.685,0
857.838,7
857.991,4
858.144,15
858.297,0
858.45,21
858.603,17
858.756,0
858.91,0
859.063,8
859.216,22
859.369,5
859.522,0
859.675,8
859.828,0
859.981,19
860.134,0
860.287,10
860.44,0
860.593,0
860.746,23
860.899,0
861.053,0
861.206,24
861.359,0
861.512,0
861.665,32
861.818,15
861.971,11
862.124,0
862.277,0
862.43,13
862.583,0
862.736,20
862.889,44
863.042,0
863.196,0
863.349,0
863.502,0
863.655,0
863.808,0
863.961,0
864.114,14
864.267,0
864.42,0
864.573,8
864.726,22
864.879,14
865.032,14
865.185,0
865.338,22
865.492,20
865.645,0
865.798,0
865.951,0
866.104,0
866.257,13
866.41,7
866.563,32
866.716,6
866.869,10
867.022,7
867.175,26
867.328,2
867.481,12
867.634,5
867.788,0
867.941,11
868.094,0
868.247,6
868.4,0
868.553,3
868.706,21
868.859,0
869.012,0
869.165,16
869.318,16
869.471,0
869.624,8
869.777,21
869.93,26
870.083,9
870.236,15
870.39,21
870.543,2
870.696,33
870.849,13
871.002,29
871.155,0
871.308,6
871.461,23
871.614,12
871.767,0
871.92,0
872.073,20
872.226,9
872.379,0
872.532,0
872.685,4
872.838,21
872.991,18
873.145,0
873.298,12
873.451,7
873.604,0
873.757,3
873.91,0
874.063,9
874.216,12
874.369,0
874.522,6
874.675,1
874.828,21
874.981,0
875.134,0
875.287,0
875.44,6
875.593,16
875.746,0
875.899,5
876.052,8
876.206,14
876.359,0
876.512,24
876.665,9
876.818,3
876.971,0
877.124,0
877.277,6
877.43,11
877.583,0
877.736,0
877.889,0
878.042,56
878.195,13
878.348,5
878.501,3
878.654,8
878.807,3
878.96,17
879.113,0
879.266,9
879.419,25
879.573,0
879.726,0
879.879,6
880.032,5
880.185,0
880.338,0
880.491,3
880.644,0
880.797,18
880.95,8
881.103,0
881.256,0
881.409,10
881.562,6
881.715,0
881.868,5
882.021,0
882.174,0
882.327,15
882.48,0
882.633,0
882.786,13
882.939,0
883.092,0
883.246,15
883.399,10
883.552,0
883.705,0
883.858,0
884.011,5
884.164,0
884.317,11
884.47,6
884.623,15
884.776,0
884.929,0
885.082,0
885.235,18
885.388,4
885.541,0
885.694,24
885.847,0
886,17
886.153,0
886.306,0
886.459,0
886.612,0
886.765,20
886.918,10
887.071,0
887.224,0
887.377,19
887.53,0
887.683,31
887.837,29
887.99,0
888.143,10
888.296,14
888.449,9
888.602,26
888.755,36
888.908,0
889.061,10
889.214,15
889.367,4
889.52,0
889.673,30
889.826,13
889.979,0
890.132,4
890.285,21
890.438,27
890.591,19
890.744,15
890.897,0
891.05,15
891.203,0
891.356,0
891.509,7
891.662,14
891.815,0
891.968,0
892.121,10
892.274,14
892.427,0
892.58,0
892.733,12
892.886,6
893.039,0
893.192,0
893.345,8
893.498,36
893.651,12
893.805,6
893.958,0
894.111,31
894.264,0
894.417,22
894.57,0
894.723,0
894.876,1
895.029,6
895.182,41
895.335,20
895.488,0
895.641,0
895.794,0
895.947,0
896.1,20
896.253,26
896.406,17
896.559,0
896.712,3
896.865,5
897.018,1
897.171,0
897.324,10
897.477,0
897.63,0
897.783,7
897.936,13
898.089,0
898.242,11
898.395,15
898.548,3
898.701,0
898.854,0
899.007,2
899.16,16
899.313,0
899.466,0
899.619,2
899.772,1
899.925,3
900.078,0
900.231,0
900.384,4
900.537,7
900.69,11
900.843,0
900.996,0
901.149,16
901.302,0
901.455,19
901.608,3
901.761,0
901.914,6
902.067,26
902.22,12
902.373,15
902.526,0
902.679,0
902.832,28
902.985,15
903.138,23
903.291,0
903.444,0
903.597,17
903.75,0
903.903,3
904.056,0
904.209,0
904.362,0
904.515,0
904.668,0
904.821,0
904.974,0
905.127,0
905.28,0
905.433,25
905.586,29
905.739,21
905.892,2
906.045,6
906.198,27
906.351,0
906.504,28
906.657,17
906.81,0
906.963,0
907.116,0
907.269,0
907.422,0
907.575,0
907.728,0
907.881,0
908.034,18
908.187,8
908.34,0
908.493,0
908.646,43
908.799,24
908.952,0
909.105,0
909.258,19
909.411,12
909.564,0
909.717,0
909.87,0
910.023,2
910.176,0
910.329,0
910.482,14
910.635,0
910.788,11
910.941,1
911.094,19
911.247,0
911.4,0
911.553,0
911.706,0
911.859,0
912.012,0
912.165,0
912.318,8
912.471,0
912.624,0
912.777,0
912.93,6
913.083,0
913.236,15
913.389,0
913.542,10
913.695,17
913.848,10
914.001,19
914.154,4
914.307,0
914.46,19
914.613,11
914.766,0
914.919,0
915.072,27
915.225,0
915.378,13
915.531,9
915.684,13
915.837,0
915.99,13
916.143,0
916.296,7
916.449,0
916.602,2
916.755,0
916.908,0
917.061,8
917.214,29
917.367,0
917.52,0
917.673,0
917.826,9
917.979,0
918.132,21
918.285,0
918.438,35
918.591,14
918.744,0
918.897,0
919.049,0
919.202,15
919.355,16
919.508,0
919.661,0
919.814,0
919.967,7
920.12,8
920.273,9
920.426,10
920.579,0
920.732,0
920.885,27
921.038,6
921.191,0
921.344,1
921.497,17
921.65,23
921.803,21
921.956,9
922.109,0
922.262,0
922.415,0
922.568,0
922.721,6
922.874,13
923.027,0
923.18,0
923.333,0
923.486,9
923.639,0
923.792,2
923.945,39
924.098,35
924.251,0
924.404,1
924.557,0
924.71,8
924.863,16
925.015,0
925.168,0
925.321,26
925.474,5
925.627,10
925.78,1
925.933,0
926.086,0
926.239,0
926.392,7
926.545,7
926.698,0
926.851,0
927.004,29
927.157,27
927.31,0
927.463,0
927.616,2
927.769,0
927.922,0
928.075,0
928.228,1
928.381,11
928.534,0
928.687,10
928.84,0
928.993,14
929.146,22
929.299,7
929.452,0
929.604,1
929.757,26
929.91,0
930.063,0
930.216,3
930.369,23
930.522,17
930.675,19
930.828,0
930.981,0
931.134,30
931.287,13
931.44,0
931.593,0
931.746,0
931.899,0
932.052,7
932.205,0
932.358,0
932.511,0
932.664,0
932.817,0
932.97,0
933.123,20
933.275,30
933.428,0
933.581,9
933.734,0
933.887,4
934.04,0
934.193,0
934.346,0
934.499,7
934.652,0
934.805,0
934.958,0
935.111,0
935.264,4
935.417,21
935.57,0
935.723,23
935.876,25
936.029,0
936.182,2
936.335,4
936.487,5
936.64,0
936.793,0
936.946,2
937.099,1
937.252,0
937.405,14
937.558,0
937.711,0
937.864,5
938.017,0
938.17,11
938.323,0
938.476,4
938.629,6
938.782,0
938.935,10
939.088,0
939.241,7
939.393,23
939.546,0
939.699,9
939.852,25
940.005,0
940.158,0
940.311,7
940.464,0
940.617,2
940.77,5
940.923,12
941.076,8
941.229,0
941.382,22
941.535,0
941.688,9
941.841,21
941.994,0
942.146,0
942.299,14
942.452,10
942.605,19
942.758,0
942.911,0
943.064,5
943.217,0
943.37,15
943.523,13
943.676,0
943.829,4
943.982,0
944.135,3
944.288,0
944.441,9
944.593,0
944.746,0
944.899,0
945.052,0
945.205,0
945.358,0
945.511,0
945.664,11
945.817,33
945.97,2
946.123,16
946.276,0
946.429,15
946.582,0
946.735,0
946.887,9
947.04,2
947.193,6
947.346,19
947.499,0
947.652,29
947.805,31
947.958,0
948.111,0
948.264,16
948.417,25
948.57,42
948.723,0
948.876,0
949.029,4
949.181,0
949.334,6
949.487,0
949.64,9
949.793,0
949.946,19
950.099,9
950.252,7
950.405,13
950.558,1
950.711,53
950.864,0
951.017,0
951.169,0
951.322,8
951.475,0
951.628,0
951.781,0
951.934,9
952.087,5
952.24,32
952.393,23
952.546,3
952.699,0
952.852,0
953.005,25
953.157,0
953.31,30
953.463,0
953.616,8
953.769,20
953.922,8
954.075,0
954.228,0
954.381,0
954.534,40
954.687,58
954.84,0
954.993,0
955.145,0
955.298,21
955.451,0
955.604,0
955.757,2
955.91,0
956.063,0
956.216,0
956.369,0
956.522,12
956.675,0
956.828,8
956.98,19
957.133,16
957.286,0
957.439,4
957.592,6
957.745,0
957.898,9
958.051,0
958.204,10
958.357,0
958.51,4
958.663,24
958.815,1
958.968,0
959.121,0
959.274,0
959.427,15
959.58,2
959.733,2
959.886,0
960.039,11
960.192,9
960.345,4
960.497,0
960.65,18
960.803,1
960.956,24
961.109,0
961.262,0
961.415,1
961.568,12
961.721,0
961.874,4
962.027,18
962.179,2
962.332,0
962.485,14
962.638,10
962.791,0
962.944,12
963.097,0
963.25,8
963.403,18
963.556,4
963.708,27
963.861,0
964.014,0
964.167,5
964.32,8
964.473,13
964.626,0
964.779,11
964.932,25
965.085,0
965.237,3
965.39,0
965.543,0
965.696,5
965.849,0
966.002,10
966.155,0
966.308,14
966.461,28
966.614,0
966.766,0
966.919,4
967.072,0
967.225,9
967.378,0
967.531,0
967.684,0
967.837,0
967.99,0
968.143,24
968.295,12
968.448,7
968.601,12
968.754,1
968.907,22
969.06,4
969.213,10
969.366,3
969.519,0
969.671,0
969.824,12
969.977,17
970.13,6
970.283,0
970.436,0
970.589,15
970.742,0
970.895,0
971.048,30
971.2,26
971.353,4
971.506,5
971.659,11
971.812,17
971.965,0
972.118,0
972.271,26
972.424,0
972.576,0
972.729,1
972.882,12
973.035,0
973.188,0
973.341,0
973.494,9
973.647,0
973.799,0
973.952,0
974.105,17
974.258,0
974.411,0
974.564,13
974.717,0
974.87,0
975.023,0
975.175,0
975.328,0
975.481,0
975.634,0
975.787,0
975.94,16
976.093,0
976.246,11
976.399,8
976.551,13
976.704,0
976.857,0
977.01,11
977.163,19
977.316,0
977.469,0
977.622,19
977.774,14
977.927,0
978.08,16
978.233,0
978.386,14
978.539,0
978.692,0
978.845,14
978.997,0
979.15,13
979.303,16
979.456,0
979.609,22
979.762,0
979.915,0
980.068,0
980.22,0
980.373,26
980.526,0
980.679,0
980.832,13
980.985,0
981.138,13
981.291,12
981.443,30
981.596,25
981.749,4
981.902,0
982.055,0
982.208,4
982.361,3
982.514,0
982.666,0
982.819,12
982.972,13
983.125,0
983.278,32
983.431,8
983.584,0
983.736,0
983.889,1
984.042,15
984.195,0
984.348,4
984.501,18
984.654,0
984.807,0
984.959,0
985.112,20
985.265,10
985.418,7
985.571,0
985.724,0
985.877,0
986.029,3
986.182,3
986.335,0
986.488,0
986.641,0
986.794,0
986.947,19
987.1,0
987.252,8
987.405,1
987.558,0
987.711,26
987.864,5
988.017,0
988.17,0
988.322,0
988.475,3
988.628,11
988.781,0
988.934,0
989.087,16
989.24,0
989.392,0
989.545,10
989.698,12
989.851,0
990.004,0
990.157,17
990.31,12
990.462,0
990.615,6
990.768,0
990.921,22
991.074,11
991.227,0
991.38,3
991.532,0
991.685,25
991.838,9
991.991,0
992.144,0
992.297,5
992.45,0
992.602,0
992.755,1
992.908,0
993.061,0
993.214,0
993.367,11
993.519,0
993.672,0
993.825,17
993.978,14
994.131,0
994.284,0
994.437,0
994.589,18
994.742,6
994.895,0
995.048,5
995.201,6
995.354,1
995.507,5
995.659,14
995.812,0
995.965,0
996.118,3
996.271,0
996.424,0
996.576,5
996.729,3
996.882,0
997.035,0
997.188,12
997.341,15
997.493,0
997.646,1
997.799,19
997.952,8
998.105,10
998.258,0
998.411,0
998.563,0
998.716,0
998.869,10
999.022,15
999.175,0
999.328,0
999.48,0
999.633,1
999.786,39
