39.5139,17
39.7161,0
39.918,33
40.1196,28
40.3209,0
40.5218,0
40.7224,4
40.9227,0
41.1227,0
41.3224,1
41.5217,0
41.7208,25
41.9195,2
42.1179,0
42.316,18
42.5138,0
42.7113,8
42.9084,0
43.1053,21
43.3019,0
43.4982,0
43.6941,14
43.8898,0
44.0852,9
44.2803,21
44.4751,0
44.6696,6
44.8638,0
45.0577,3
45.2514,10
45.4447,0
45.6378,0
45.8306,0
46.0231,19
46.2153,37
46.4072,15
46.5989,18
46.7903,0
46.9814,0
47.1722,0
47.3628,17
47.5531,13
47.7431,0
47.9329,0
48.1223,4
48.3116,3
48.5005,0
48.6892,0
48.8776,8
49.0658,0
49.2537,0
49.4414,0
49.6288,0
49.8159,7
50.0028,0
50.1894,17
50.3757,7
50.5619,0
50.7477,21
50.9333,0
51.1187,33
51.3038,12
51.4887,0
51.6733,0
51.8577,0
52.0418,6
52.2257,0
52.4094,0
52.5928,27
52.7759,6
52.9589,0
53.1416,0
53.324,18
53.5062,0
53.6882,2
53.87,12
54.0515,0
54.2328,22
54.4138,7
54.5947,34
54.7753,0
54.9556,0
55.1358,0
55.3157,0
55.4954,0
55.6748,0
55.8541,1
56.0331,0
56.2119,27
56.3905,8
56.5688,10
56.747,0
56.9249,6
57.1026,37
57.2801,4
57.4574,0
57.6344,5
57.8113,4
57.9879,17
58.1643,20
58.3406,0
58.5166,0
58.6923,18
58.8679,39
59.0433,0
59.2185,0
59.3934,8
59.5682,41
59.7427,19
59.9171,0
60.0912,14
60.2652,7
60.4389,2
60.6125,0
60.7858,39
60.9589,5
61.1319,0
61.3046,8
61.4772,6
61.6495,7
61.8217,0
61.9936,0
62.1654,13
62.337,19
62.5084,0
62.6795,0
62.8505,4
63.0213,18
63.192,0
63.3624,0
63.5326,0
63.7027,12
63.8725,13
64.0422,0
64.2117,0
64.381,26
64.5502,0
64.7191,4
64.8878,12
65.0564,0
65.2248,31
65.393,7
65.5611,19
65.7289,0
65.8966,10
66.0641,0
66.2314,0
66.3985,0
66.5655,9
66.7323,0
66.8989,16
67.0653,24
67.2316,34
67.3977,0
67.5636,0
67.7293,14
67.8949,0
68.0603,4
68.2255,15
68.3906,11
68.5554,5
68.7202,26
68.8847,18
69.0491,0
69.2133,4
69.3774,0
69.5412,0
69.705,3
69.8685,0
70.0319,0
70.1951,7
70.3582,17
70.5211,31
70.6838,13
70.8464,8
71.0088,22
71.171,24
71.3331,2
71.4951,0
71.6568,2
71.8185,0
71.9799,0
72.1412,0
72.3023,0
72.4633,0
72.6242,1
72.7848,1
72.9453,30
73.1057,3
73.2659,3
73.426,6
73.5859,0
73.7456,0
73.9052,0
74.0647,8
74.224,0
74.3831,10
74.5421,1
74.7009,25
74.8596,0
75.0182,4
75.1766,0
75.3348,12
75.4929,33
75.6509,0
75.8087,0
75.9664,15
76.1239,0
76.2813,1
76.4385,0
76.5956,8
76.7525,0
76.9093,18
77.066,15
77.2225,18
77.3788,21
77.5351,0
77.6911,14
77.8471,0
78.0029,0
78.1586,0
78.3141,0
78.4695,1
78.6247,1
78.7798,3
78.9348,8
79.0896,12
79.2443,14
79.3989,7
79.5533,19
79.7076,0
79.8618,10
80.0158,16
80.1697,0
80.3234,0
80.477,31
80.6305,0
80.7838,0
80.9371,8
81.0901,13
81.2431,2
81.3959,0
81.5486,6
81.7012,0
81.8536,8
82.0059,19
82.1581,11
82.3101,15
82.462,2
82.6138,6
82.7654,0
82.917,0
83.0684,0
83.2196,12
83.3708,0
83.5218,0
83.6727,37
83.8234,2
83.9741,0
84.1246,2
84.275,21
84.4253,8
84.5754,12
84.7254,0
84.8753,25
85.0251,22
85.1747,0
85.3243,6
85.4737,7
85.623,5
85.7721,19
85.9212,20
86.0701,0
86.2189,11
86.3676,2
86.5161,0
86.6646,2
86.8129,9
86.9611,0
87.1092,24
87.2572,0
87.405,0
87.5527,13
87.7004,0
87.8479,25
87.9952,0
88.1425,6
88.2897,32
88.4367,23
88.5836,33
88.7304,41
88.8771,9
89.0237,0
89.1701,17
89.3165,16
89.4627,0
89.6089,13
89.7549,0
89.9008,11
90.0465,2
90.1922,0
90.3378,0
90.4832,37
90.6286,11
90.7738,0
90.9189,0
91.0639,2
91.2088,18
91.3536,17
91.4983,22
91.6429,0
91.7873,0
91.9317,8
92.0759,6
92.2201,0
92.3641,0
92.508,25
92.6518,0
92.7955,12
92.9391,0
93.0826,9
93.226,32
93.3693,7
93.5125,0
93.6555,0
93.7985,10
93.9414,12
94.0841,11
94.2268,3
94.3693,6
94.5118,14
94.6541,2
94.7964,36
94.9385,13
95.0805,8
95.2225,4
95.3643,17
95.506,18
95.6476,8
95.7892,24
95.9306,7
96.0719,0
96.2131,0
96.3543,0
96.4953,21
96.6362,0
96.777,0
96.9177,0
97.0584,0
97.1989,19
97.3393,28
97.4796,13
97.6199,0
97.76,0
97.9,6
98.04,0
98.1798,0
98.3195,23
98.4592,0
98.5987,0
98.7382,0
98.8775,5
99.0168,18
99.1559,21
99.295,23
99.434,13
99.5729,6
99.7116,32
99.8503,9
99.9889,15
100.127,7
100.266,0
100.404,0
100.542,11
100.68,27
100.818,0
100.956,0
101.094,11
101.232,11
101.37,7
101.507,2
101.645,8
101.782,19
101.919,0
102.057,10
102.194,12
102.331,0
102.468,16
102.605,12
102.741,8
102.878,4
103.014,3
103.151,4
103.287,16
103.424,6
103.56,5
103.696,0
103.832,0
103.968,7
104.104,25
104.24,0
104.375,0
104.511,29
104.646,0
104.782,0
104.917,0
105.052,0
105.188,0
105.323,0
105.458,2
105.592,0
105.727,33
105.862,1
105.997,0
106.131,12
106.266,4
106.4,13
106.534,0
106.669,16
106.803,0
106.937,9
107.071,15
107.205,0
107.338,0
107.472,6
107.606,0
107.739,19
107.873,0
108.006,10
108.139,24
108.273,11
108.406,11
108.539,0
108.672,17
108.805,0
108.938,0
109.07,12
109.203,0
109.336,0
109.468,19
109.6,24
109.733,16
109.865,6
109.997,3
110.129,16
110.261,0
110.393,4
110.525,0
110.657,19
110.788,0
110.92,11
111.052,0
111.183,0
111.314,4
111.446,0
111.577,0
111.708,13
111.839,14
111.97,0
112.101,0
112.232,13
112.363,4
112.493,0
112.624,0
112.754,0
112.885,12
113.015,15
113.145,6
113.276,0
113.406,31
113.536,10
113.666,20
113.796,10
113.926,10
114.055,12
114.185,15
114.315,29
114.444,0
114.574,0
114.703,0
114.832,6
114.962,0
115.091,2
115.22,0
115.349,0
115.478,0
115.607,0
115.735,20
115.864,17
115.993,0
116.121,0
116.25,5
116.378,12
116.507,0
116.635,0
116.763,0
116.891,8
117.019,15
117.147,11
117.275,6
117.403,0
117.531,0
117.659,51
117.786,6
117.914,18
118.041,0
118.169,0
118.296,6
118.423,7
118.551,2
118.678,0
118.805,2
118.932,6
119.059,0
119.186,22
119.312,0
119.439,0
119.566,0
119.692,8
119.819,4
119.945,6
120.072,11
120.198,0
120.324,0
120.451,2
120.577,17
120.703,0
120.829,10
120.955,5
121.08,0
121.206,0
121.332,0
121.458,2
121.583,16
121.709,0
121.834,10
121.959,32
122.085,0
122.21,19
122.335,12
122.46,14
122.585,0
122.71,0
122.835,0
122.96,7
123.085,2
123.209,0
123.334,0
123.459,26
123.583,0
123.708,0
123.832,0
123.956,16
124.081,0
124.205,28
124.329,4
124.453,0
124.577,25
124.701,8
124.825,21
124.949,8
125.072,0
125.196,0
125.32,10
125.443,22
125.567,0
125.69,27
125.814,6
125.937,15
126.06,17
126.183,4
126.306,0
126.429,0
126.552,18
126.675,0
126.798,0
126.921,6
127.044,13
127.166,0
127.289,6
127.412,24
127.534,0
127.657,32
127.779,0
127.901,10
128.023,24
128.146,0
128.268,1
128.39,0
128.512,3
128.634,9
128.756,0
128.878,8
128.999,15
129.121,1
129.243,22
129.364,0
129.486,2
129.607,6
129.729,4
129.85,0
129.971,0
130.092,25
130.214,0
130.335,0
130.456,0
130.577,7
130.698,7
130.819,0
130.939,1
131.06,7
131.181,0
131.302,4
131.422,16
131.543,0
131.663,5
131.784,0
131.904,3
132.024,8
132.144,1
132.265,6
132.385,8
132.505,0
132.625,0
132.745,15
132.865,12
132.985,0
133.104,0
133.224,8
133.344,14
133.463,16
133.583,0
133.702,19
133.822,0
133.941,8
134.061,0
134.18,0
134.299,7
134.418,13
134.537,3
134.656,8
134.775,19
134.894,4
135.013,7
135.132,4
135.251,2
135.369,34
135.488,0
135.607,0
135.725,0
135.844,3
135.962,2
136.081,0
136.199,37
136.317,2
136.436,12
136.554,7
136.672,5
136.79,0
136.908,22
137.026,18
137.144,0
137.262,0
137.379,0
137.497,0
137.615,0
137.733,21
137.85,20
137.968,0
138.085,0
138.203,37
138.32,16
138.437,3
138.555,24
138.672,0
138.789,0
138.906,2
139.023,6
139.14,0
139.257,15
139.374,34
139.491,0
139.608,0
139.724,0
139.841,6
139.958,4
140.074,0
140.191,14
140.307,24
140.424,36
140.54,0
140.657,0
140.773,8
140.889,16
141.005,2
141.121,0
141.237,8
141.353,11
141.469,10
141.585,0
141.701,0
141.817,0
141.933,39
142.049,24
142.164,0
142.28,4
142.396,3
142.511,7
142.627,0
142.742,18
142.857,20
142.973,15
143.088,4
143.203,28
143.318,9
143.434,28
143.549,0
143.664,8
143.779,26
143.894,19
144.008,0
144.123,0
144.238,0
144.353,0
144.468,0
144.582,0
144.697,0
144.811,22
144.926,0
145.04,23
145.155,5
145.269,10
145.383,0
145.498,36
145.612,2
145.726,5
145.84,0
145.954,0
146.068,5
146.182,0
146.296,0
146.41,0
146.524,0
146.638,3
146.751,1
146.865,6
146.979,6
147.092,14
147.206,0
147.319,38
147.433,2
147.546,0
147.66,0
147.773,0
147.886,0
148,0
148.113,12
148.226,28
148.339,30
148.452,0
148.565,15
148.678,0
148.791,1
148.904,0
149.016,6
149.129,0
149.242,26
149.355,6
149.467,0
149.58,0
149.692,15
149.805,0
149.917,21
150.03,0
150.142,0
150.254,5
150.367,19
150.479,7
150.591,13
150.703,0
150.815,28
150.927,0
151.039,7
151.151,6
151.263,11
151.375,2
151.487,3
151.599,13
151.711,0
151.822,0
151.934,17
152.045,28
152.157,15
152.269,24
152.38,30
152.491,9
152.603,0
152.714,0
152.825,0
152.937,27
153.048,0
153.159,0
153.27,25
153.381,17
153.492,19
153.603,2
153.714,0
153.825,0
153.936,10
154.047,28
154.158,9
154.268,0
154.379,11
154.49,0
154.6,4
154.711,0
154.822,0
154.932,0
155.042,1
155.153,0
155.263,42
155.374,0
155.484,0
155.594,22
155.704,20
155.814,2
155.924,7
156.035,10
156.145,19
156.255,0
156.364,0
156.474,25
156.584,22
156.694,0
156.804,0
156.914,24
157.023,27
157.133,0
157.243,0
157.352,4
157.462,24
157.571,4
157.681,0
157.79,15
157.899,4
158.009,0
158.118,16
158.227,12
158.336,13
158.446,0
158.555,0
158.664,0
158.773,15
158.882,0
158.991,9
159.1,11
159.209,0
159.317,24
159.426,0
159.535,0
159.644,0
159.752,0
159.861,0
159.97,0
160.078,10
160.187,5
160.295,2
160.404,42
160.512,27
160.62,0
160.729,0
160.837,6
160.945,14
161.053,0
161.162,21
161.27,16
161.378,12
161.486,3
161.594,28
161.702,16
161.81,0
161.918,0
162.026,0
162.133,0
162.241,6
162.349,24
162.457,6
162.564,1
162.672,0
162.779,2
162.887,32
162.994,5
163.102,0
163.209,8
163.317,0
163.424,0
163.531,0
163.639,0
163.746,2
163.853,8
163.96,0
164.067,0
164.175,35
164.282,17
164.389,14
164.496,0
164.603,23
164.709,25
164.816,0
164.923,0
165.03,18
165.137,0
165.243,38
165.35,20
165.457,7
165.563,13
165.67,2
165.776,11
165.883,8
165.989,0
166.096,8
166.202,0
166.309,7
166.415,0
166.521,15
166.627,11
166.734,6
166.84,19
166.946,22
167.052,25
167.158,11
167.264,34
167.37,7
167.476,22
167.582,8
167.688,2
167.794,0
167.899,0
168.005,7
168.111,20
168.217,0
168.322,15
168.428,6
168.533,5
168.639,12
168.745,5
168.85,14
168.955,0
169.061,14
169.166,2
169.272,16
169.377,0
169.482,14
169.587,32
169.693,18
169.798,1
169.903,0
170.008,0
170.113,0
170.218,0
170.323,30
170.428,24
170.533,9
170.638,26
170.743,0
170.847,0
170.952,0
171.057,0
171.162,11
171.266,0
171.371,24
171.476,9
171.58,0
171.685,6
171.789,41
171.894,15
171.998,6
172.102,23
172.207,19
172.311,0
172.415,9
172.52,3
172.624,0
172.728,11
172.832,33
172.936,22
173.04,3
173.145,0
173.249,0
173.353,10
173.457,5
173.56,13
173.664,13
173.768,0
173.872,14
173.976,4
174.08,0
174.183,0
174.287,0
174.391,0
174.494,4
174.598,0
174.701,10
174.805,55
174.908,5
175.012,0
175.115,8
175.219,7
175.322,28
175.425,13
175.529,26
175.632,8
175.735,0
175.838,5
175.941,15
176.045,0
176.148,0
176.251,0
176.354,26
176.457,0
176.56,0
176.663,0
176.766,0
176.868,23
176.971,18
177.074,0
177.177,0
177.28,35
177.382,22
177.485,0
177.588,0
177.69,17
177.793,14
177.895,0
177.998,8
178.1,16
178.203,9
178.305,24
178.408,17
178.51,13
178.612,32
178.714,40
178.817,0
178.919,17
179.021,16
179.123,15
179.225,8
179.328,0
179.43,36
179.532,17
179.634,14
179.736,16
179.838,0
179.939,13
180.041,0
180.143,11
180.245,1
180.347,0
180.449,12
180.55,0
180.652,0
180.754,2
180.855,0
180.957,6
181.058,6
181.16,0
181.262,17
181.363,0
181.464,20
181.566,2
181.667,0
181.769,11
181.87,0
181.971,10
182.072,21
182.174,9
182.275,32
182.376,5
182.477,19
182.578,1
182.679,0
182.78,11
182.881,12
182.982,35
183.083,1
183.184,0
183.285,4
183.386,17
183.487,0
183.588,0
183.689,0
183.789,3
183.89,5
183.991,18
184.091,8
184.192,28
184.293,9
184.393,30
184.494,8
184.594,6
184.695,0
184.795,0
184.896,20
184.996,16
185.096,11
185.197,0
185.297,9
185.397,22
185.498,20
185.598,3
185.698,4
185.798,0
185.898,18
185.998,17
186.098,24
186.198,0
186.298,15
186.398,0
186.498,26
186.598,0
186.698,0
186.798,3
186.898,4
186.998,0
187.098,0
187.197,29
187.297,11
187.397,16
187.496,13
187.596,12
187.696,14
187.795,55
187.895,7
187.994,2
188.094,0
188.193,6
188.293,5
188.392,0
188.491,0
188.591,3
188.69,18
188.789,1
188.889,17
188.988,12
189.087,0
189.186,36
189.285,28
189.385,13
189.484,0
189.583,0
189.682,0
189.781,0
189.88,0
189.979,0
190.078,0
190.177,18
190.276,0
190.374,9
190.473,0
190.572,13
190.671,17
190.769,20
190.868,0
190.967,0
191.066,3
191.164,0
191.263,17
191.361,0
191.46,1
191.558,1
191.657,0
191.755,0
191.854,10
191.952,0
192.051,0
192.149,12
192.247,0
192.346,21
192.444,0
192.542,33
192.64,41
192.738,0
192.837,7
192.935,4
193.033,0
193.131,0
193.229,7
193.327,25
193.425,0
193.523,7
193.621,9
193.719,0
193.817,11
193.915,20
194.012,2
194.11,0
194.208,0
194.306,0
194.404,0
194.501,0
194.599,0
194.697,0
194.794,28
194.892,36
194.989,14
195.087,0
195.185,0
195.282,0
195.379,6
195.477,0
195.574,0
195.672,22
195.769,0
195.866,0
195.964,0
196.061,33
196.158,35
196.256,0
196.353,6
196.45,0
196.547,0
196.644,14
196.741,0
196.838,23
196.935,60
197.032,23
197.129,0
197.226,4
197.323,15
197.42,0
197.517,0
197.614,45
197.711,22
197.808,21
197.905,1
198.001,8
198.098,17
198.195,35
198.292,0
198.388,0
198.485,8
198.581,0
198.678,0
198.775,6
198.871,2
198.968,0
199.064,6
199.161,0
199.257,24
199.353,8
199.45,0
199.546,0
199.643,0
199.739,0
199.835,25
199.931,3
200.028,8
200.124,36
200.22,20
200.316,2
200.412,28
200.509,14
200.605,8
200.701,0
200.797,15
200.893,0
200.989,0
201.085,24
201.181,16
201.277,32
201.372,28
201.468,18
201.564,4
201.66,14
201.756,17
201.852,0
201.947,1
202.043,3
202.139,0
202.234,7
202.33,15
202.426,6
202.521,5
202.617,22
202.712,0
202.808,9
202.903,22
202.999,0
203.094,0
203.19,0
203.285,24
203.381,13
203.476,0
203.571,33
203.667,22
203.762,0
203.857,7
203.952,8
204.048,53
204.143,18
204.238,0
204.333,0
204.428,9
204.523,8
204.618,0
204.713,0
204.808,16
204.903,16
204.998,6
205.093,19
205.188,10
205.283,13
205.378,0
205.473,17
205.568,0
205.663,0
205.757,0
205.852,0
205.947,0
206.042,17
206.136,0
206.231,16
206.326,38
206.42,0
206.515,0
206.609,0
206.704,10
206.798,0
206.893,0
206.987,0
207.082,0
207.176,14
207.271,0
207.365,10
207.459,31
207.554,19
207.648,0
207.742,21
207.837,27
207.931,0
208.025,0
208.119,12
208.214,0
208.308,6
208.402,21
208.496,0
208.59,3
208.684,16
208.778,0
208.872,0
208.966,16
209.06,0
209.154,0
209.248,10
209.342,1
209.436,0
209.53,0
209.624,20
209.717,16
209.811,0
209.905,0
209.999,79
210.092,69
210.186,26
210.28,29
210.374,0
210.467,0
210.561,0
210.654,3
210.748,0
210.842,0
210.935,8
211.029,21
211.122,25
211.215,14
211.309,0
211.402,0
211.496,1
211.589,7
211.682,25
211.776,11
211.869,0
211.962,14
212.056,0
212.149,0
212.242,8
212.335,8
212.428,5
212.522,4
212.615,0
212.708,0
212.801,29
212.894,0
212.987,0
213.08,8
213.173,3
213.266,28
213.359,0
213.452,0
213.545,10
213.638,0
213.731,0
213.823,28
213.916,42
214.009,0
214.102,0
214.195,0
214.287,0
214.38,4
214.473,0
214.565,10
214.658,19
214.751,3
214.843,0
214.936,1
215.028,8
215.121,6
215.214,0
215.306,13
215.399,1
215.491,0
215.583,11
215.676,6
215.768,0
215.861,0
215.953,28
216.045,26
216.138,40
216.23,10
216.322,0
216.414,26
216.507,0
216.599,0
216.691,0
216.783,0
216.875,0
216.968,24
217.06,7
217.152,0
217.244,8
217.336,12
217.428,0
217.52,0
217.612,8
217.704,33
217.796,0
217.888,8
217.98,3
218.071,0
218.163,15
218.255,0
218.347,0
218.439,0
218.53,0
218.622,0
218.714,23
218.806,13
218.897,0
218.989,0
219.081,0
219.172,3
219.264,6
219.355,2
219.447,26
219.539,0
219.63,1
219.722,13
219.813,0
219.905,0
219.996,21
220.087,0
220.179,0
220.27,0
220.362,9
220.453,32
220.544,14
220.636,0
220.727,0
220.818,27
220.909,7
221.001,0
221.092,0
221.183,0
221.274,25
221.365,4
221.456,0
221.547,4
221.638,27
221.73,8
221.821,9
221.912,1
222.003,1
222.094,0
222.185,0
222.276,0
222.366,7
222.457,9
222.548,0
222.639,0
222.73,26
222.821,0
222.912,0
223.002,56
223.093,28
223.184,4
223.275,0
223.365,0
223.456,11
223.547,0
223.637,13
223.728,17
223.818,2
223.909,0
224,4
224.09,0
224.181,0
224.271,2
224.362,0
224.452,0
224.543,13
224.633,23
224.723,13
224.814,21
224.904,10
224.995,6
225.085,0
225.175,21
225.266,0
225.356,0
225.446,22
225.536,0
225.627,0
225.717,10
225.807,0
225.897,0
225.987,38
226.077,48
226.167,16
226.258,18
226.348,0
226.438,7
226.528,8
226.618,0
226.708,0
226.798,15
226.888,0
226.978,1
227.067,0
227.157,11
227.247,8
227.337,24
227.427,18
227.517,2
227.607,0
227.696,0
227.786,0
227.876,19
227.966,10
228.055,0
228.145,0
228.235,5
228.324,17
228.414,17
228.504,16
228.593,0
228.683,0
228.772,0
228.862,5
228.951,7
229.041,0
229.13,13
229.22,10
229.309,4
229.399,4
229.488,13
229.577,25
229.667,0
229.756,6
229.845,24
229.935,14
230.024,0
230.113,0
230.203,18
230.292,0
230.381,0
230.47,0
230.559,9
230.649,0
230.738,4
230.827,16
230.916,0
231.005,0
231.094,1
231.183,5
231.272,2
231.361,19
231.45,16
231.539,6
231.628,0
231.717,11
231.806,0
231.895,0
231.984,58
232.073,48
232.162,0
232.251,0
232.339,1
232.428,6
232.517,0
232.606,0
232.695,16
232.783,0
232.872,0
232.961,15
233.049,0
233.138,30
233.227,10
233.315,20
233.404,20
233.493,0
233.581,4
233.67,15
233.758,10
233.847,20
233.935,0
234.024,6
234.112,18
234.201,0
234.289,0
234.378,17
234.466,14
234.554,16
234.643,62
234.731,64
234.819,4
234.908,0
234.996,0
235.084,30
235.172,0
235.261,0
235.349,0
235.437,0
235.525,0
235.613,10
235.702,5
235.79,5
235.878,7
235.966,3
236.054,1
236.142,5
236.23,0
236.318,5
236.406,17
236.494,0
236.582,0
236.67,4
236.758,14
236.846,19
236.934,0
237.022,32
237.11,17
237.198,25
237.285,0
237.373,3
237.461,23
237.549,0
237.637,3
237.724,6
237.812,8
237.9,0
237.988,0
238.075,11
238.163,0
238.251,0
238.338,0
238.426,0
238.513,1
238.601,13
238.689,3
238.776,0
238.864,0
238.951,13
239.039,0
239.126,14
239.214,0
239.301,26
239.389,2
239.476,0
239.563,0
239.651,11
239.738,0
239.826,19
239.913,7
240,12
240.087,0
240.175,8
240.262,1
240.349,0
240.437,78
240.524,76
240.611,0
240.698,0
240.785,30
240.872,26
240.96,0
241.047,0
241.134,24
241.221,9
241.308,12
241.395,0
241.482,0
241.569,6
241.656,0
241.743,0
241.83,19
241.917,11
242.004,0
242.091,10
242.178,3
242.265,0
242.352,12
242.438,0
242.525,21
242.612,31
242.699,0
242.786,2
242.872,18
242.959,0
243.046,0
243.133,8
243.219,0
243.306,0
243.393,13
243.479,7
243.566,3
243.653,2
243.739,4
243.826,17
243.912,14
243.999,0
244.086,20
244.172,40
244.259,30
244.345,13
244.432,0
244.518,17
244.605,22
244.691,0
244.777,21
244.864,44
244.95,26
245.037,0
245.123,10
245.209,9
245.296,26
245.382,26
245.468,12
245.554,11
245.641,22
245.727,0
245.813,0
245.899,0
245.986,22
246.072,25
246.158,17
246.244,0
246.33,18
246.416,0
246.502,0
246.589,7
246.675,0
246.761,0
246.847,0
246.933,52
247.019,6
247.105,0
247.191,3
247.277,2
247.363,7
247.449,8
247.534,20
247.62,0
247.706,5
247.792,14
247.878,12
247.964,0
248.05,0
248.135,8
248.221,9
248.307,0
248.393,0
248.479,35
248.564,26
248.65,13
248.736,8
248.821,24
248.907,11
248.993,0
249.078,1
249.164,12
249.25,0
249.335,0
249.421,47
249.506,36
249.592,0
249.677,0
249.763,0
249.848,0
249.934,12
250.019,0
250.105,21
250.19,5
250.276,42
250.361,0
250.446,0
250.532,12
250.617,22
250.703,2
250.788,0
250.873,4
250.959,0
251.044,4
251.129,0
251.214,20
251.3,35
251.385,7
251.47,8
251.555,0
251.64,36
251.726,0
251.811,7
251.896,0
251.981,0
252.066,0
252.151,8
252.236,30
252.321,0
252.406,10
252.491,0
252.576,17
252.661,10
252.746,0
252.831,4
252.916,0
253.001,6
253.086,0
253.171,1
253.256,0
253.341,0
253.426,8
253.511,6
253.596,0
253.68,0
253.765,5
253.85,16
253.935,0
254.02,0
254.104,0
254.189,3
254.274,1
254.358,0
254.443,18
254.528,3
254.613,2
254.697,0
254.782,0
254.866,0
254.951,72
255.036,77
255.12,37
255.205,25
255.289,0
255.374,0
255.458,17
255.543,2
255.627,6
255.712,8
255.796,0
255.881,12
255.965,5
256.05,2
256.134,0
256.218,0
256.303,0
256.387,4
256.472,3
256.556,16
256.64,0
256.724,8
256.809,24
256.893,7
256.977,0
257.062,0
257.146,0
257.23,9
257.314,0
257.398,0
257.483,0
257.567,6
257.651,0
257.735,0
257.819,2
257.903,19
257.987,19
258.071,0
258.156,0
258.24,0
258.324,0
258.408,19
258.492,0
258.576,0
258.66,0
258.744,18
258.828,23
258.911,0
258.995,0
259.079,7
259.163,0
259.247,23
259.331,0
259.415,2
259.499,13
259.582,0
259.666,0
259.75,6
259.834,0
259.918,0
260.001,0
260.085,3
260.169,0
260.253,24
260.336,25
260.42,1
260.504,0
260.587,24
260.671,78
260.755,76
260.838,25
260.922,0
261.005,4
261.089,3
261.173,6
261.256,0
261.34,13
261.423,22
261.507,2
261.59,8
261.674,0
261.757,0
261.841,0
261.924,27
262.007,40
262.091,153
262.174,108
262.258,43
262.341,0
262.424,24
262.508,5
262.591,0
262.674,12
262.758,0
262.841,4
262.924,1
263.008,37
263.091,0
263.174,0
263.257,14
263.34,0
263.424,5
263.507,0
263.59,9
263.673,24
263.756,0
263.839,21
263.923,12
264.006,0
264.089,0
264.172,0
264.255,20
264.338,0
264.421,16
264.504,22
264.587,28
264.67,0
264.753,31
264.836,0
264.919,0
265.002,0
265.085,0
265.168,0
265.251,0
265.333,0
265.416,30
265.499,22
265.582,0
265.665,0
265.748,11
265.831,8
265.913,16
265.996,14
266.079,0
266.162,0
266.244,19
266.327,25
266.41,0
266.493,0
266.575,0
266.658,9
266.741,0
266.823,11
266.906,10
266.989,10
267.071,3
267.154,1
267.236,24
267.319,0
267.402,0
267.484,9
267.567,10
267.649,17
267.732,7
267.814,7
267.897,0
267.979,6
268.062,5
268.144,11
268.226,0
268.309,6
268.391,20
268.474,0
268.556,0
268.638,34
268.721,6
268.803,0
268.885,0
268.968,11
269.05,2
269.132,0
269.215,0
269.297,45
269.379,0
269.461,0
269.544,0
269.626,12
269.708,0
269.79,0
269.872,0
269.955,11
270.037,30
270.119,8
270.201,0
270.283,11
270.365,3
270.447,0
270.529,13
270.611,12
270.694,0
270.776,0
270.858,0
270.94,18
271.022,12
271.104,0
271.186,0
271.268,6
271.349,0
271.431,0
271.513,0
271.595,3
271.677,0
271.759,32
271.841,0
271.923,10
272.005,4
272.086,0
272.168,29
272.25,19
272.332,0
272.414,1
272.495,0
272.577,0
272.659,26
272.741,80
272.822,76
272.904,37
272.986,97
273.068,67
273.149,51
273.231,95
273.313,85
273.394,31
273.476,0
273.557,0
273.639,17
273.721,0
273.802,0
273.884,0
273.965,3
274.047,5
274.128,0
274.21,0
274.291,77
274.373,58
274.454,35
274.536,29
274.617,0
274.699,2
274.78,0
274.862,0
274.943,3
275.024,0
275.106,0
275.187,20
275.269,0
275.35,5
275.431,4
275.513,0
275.594,0
275.675,13
275.756,0
275.838,10
275.919,7
276,8
276.082,0
276.163,8
276.244,7
276.325,0
276.406,12
276.488,42
276.569,0
276.65,0
276.731,0
276.812,17
276.893,0
276.974,13
277.055,0
277.137,0
277.218,0
277.299,11
277.38,14
277.461,0
277.542,0
277.623,20
277.704,0
277.785,26
277.866,26
277.947,21
278.028,0
278.109,21
278.19,0
278.27,0
278.351,7
278.432,9
278.513,0
278.594,0
278.675,5
278.756,13
278.837,0
278.917,1
278.998,4
279.079,29
279.16,17
279.241,0
279.321,13
279.402,2
279.483,9
279.564,17
279.644,0
279.725,3
279.806,4
279.886,0
279.967,2
280.048,18
280.128,0
280.209,25
280.29,0
280.37,0
280.451,0
280.531,18
280.612,12
280.693,10
280.773,13
280.854,11
280.934,0
281.015,17
281.095,46
281.176,21
281.256,0
281.337,0
281.417,19
281.498,0
281.578,6
281.659,32
281.739,1
281.819,13
281.9,8
281.98,21
282.061,2
282.141,0
282.221,0
282.302,0
282.382,0
282.462,0
282.543,50
282.623,37
282.703,0
282.783,0
282.864,12
282.944,0
283.024,4
283.104,0
283.185,5
283.265,0
283.345,4
283.425,0
283.505,0
283.585,0
283.666,4
283.746,12
283.826,14
283.906,11
283.986,4
284.066,0
284.146,14
284.226,6
284.306,1
284.386,6
284.466,72
284.546,39
284.626,3
284.706,0
284.786,7
284.866,14
284.946,21
285.026,0
285.106,0
285.186,22
285.266,18
285.346,20
285.426,5
285.506,0
285.586,14
285.666,0
285.745,8
285.825,11
285.905,0
285.985,0
286.065,5
286.145,0
286.224,1
286.304,0
286.384,10
286.464,0
286.543,17
286.623,23
286.703,13
286.783,0
286.862,0
286.942,5
287.022,0
287.101,2
287.181,2
287.261,0
287.34,0
287.42,3
287.5,9
287.579,0
287.659,0
287.738,15
287.818,3
287.897,20
287.977,24
288.057,0
288.136,0
288.216,18
288.295,0
288.375,0
288.454,6
288.534,6
288.613,0
288.692,0
288.772,10
288.851,0
288.931,0
289.01,5
289.09,0
289.169,0
289.248,0
289.328,0
289.407,24
289.486,0
289.566,0
289.645,0
289.724,12
289.804,0
289.883,4
289.962,6
290.042,27
290.121,2
290.2,15
290.279,19
290.359,0
290.438,0
290.517,4
290.596,17
290.675,6
290.755,0
290.834,142
290.913,207
290.992,105
291.071,50
291.15,0
291.229,0
291.308,18
291.388,2
291.467,4
291.546,9
291.625,0
291.704,0
291.783,0
291.862,0
291.941,11
292.02,2
292.099,13
292.178,5
292.257,3
292.336,0
292.415,66
292.494,122
292.573,79
292.652,14
292.73,7
292.809,0
292.888,0
292.967,0
293.046,0
293.125,0
293.204,9
293.283,10
293.361,0
293.44,0
293.519,25
293.598,26
293.677,10
293.755,0
293.834,5
293.913,0
293.992,14
294.07,0
294.149,3
294.228,6
294.307,0
294.385,0
294.464,4
294.543,4
294.621,14
294.7,0
294.779,9
294.857,6
294.936,0
295.014,4
295.093,0
295.172,14
295.25,2
295.329,1
295.407,0
295.486,4
295.564,22
295.643,0
295.722,0
295.8,3
295.879,6
295.957,0
296.036,10
296.114,11
296.192,34
296.271,5
296.349,26
296.428,3
296.506,0
296.585,11
296.663,4
296.741,0
296.82,0
296.898,7
296.977,15
297.055,0
297.133,0
297.212,0
297.29,21
297.368,18
297.446,12
297.525,9
297.603,17
297.681,0
297.76,7
297.838,0
297.916,4
297.994,17
298.073,0
298.151,0
298.229,8
298.307,0
298.385,3
298.463,26
298.542,5
298.62,0
298.698,0
298.776,0
298.854,31
298.932,2
299.01,0
299.088,0
299.167,0
299.245,0
299.323,6
299.401,0
299.479,3
299.557,3
299.635,0
299.713,2
299.791,20
299.869,21
299.947,25
300.025,5
300.103,31
300.181,19
300.259,13
300.337,0
300.415,20
300.492,14
300.57,8
300.648,0
300.726,4
300.804,0
300.882,0
300.96,0
301.038,0
301.115,0
301.193,0
301.271,0
301.349,2
301.427,20
301.504,0
301.582,0
301.66,2
301.738,0
301.816,0
301.893,3
301.971,17
302.049,11
302.126,0
302.204,20
302.282,5
302.36,0
302.437,5
302.515,0
302.593,2
302.67,0
302.748,2
302.825,0
302.903,0
302.981,12
303.058,130
303.136,154
303.213,60
303.291,0
303.369,17
303.446,13
303.524,0
303.601,0
303.679,2
303.756,0
303.834,3
303.911,6
303.989,0
304.066,0
304.144,11
304.221,0
304.299,0
304.376,0
304.453,12
304.531,13
304.608,16
304.686,6
304.763,0
304.84,5
304.918,0
304.995,2
305.072,4
305.15,0
305.227,5
305.304,0
305.382,49
305.459,6
305.536,22
305.614,20
305.691,37
305.768,0
305.845,0
305.923,0
306,0
306.077,0
306.154,24
306.232,42
306.309,2
306.386,0
306.463,0
306.54,10
306.618,0
306.695,23
306.772,12
306.849,12
306.926,0
307.003,0
307.08,33
307.157,0
307.234,0
307.312,0
307.389,8
307.466,13
307.543,0
307.62,0
307.697,0
307.774,1
307.851,6
307.928,16
308.005,0
308.082,1
308.159,17
308.236,23
308.313,0
308.39,8
308.467,0
308.544,3
308.621,10
308.697,0
308.774,0
308.851,82
308.928,100
309.005,36
309.082,0
309.159,0
309.236,0
309.312,10
309.389,0
309.466,0
309.543,1
309.62,31
309.697,12
309.773,13
309.85,0
309.927,0
310.004,19
310.08,46
310.157,6
310.234,0
310.311,0
310.387,27
310.464,0
310.541,10
310.617,0
310.694,18
310.771,1
310.847,13
310.924,10
311.001,0
311.077,0
311.154,0
311.231,13
311.307,3
311.384,3
311.46,0
311.537,16
311.614,9
311.69,0
311.767,0
311.843,6
311.92,9
311.996,7
312.073,9
312.149,4
312.226,10
312.302,19
312.379,0
312.455,0
312.532,0
312.608,46
312.685,23
312.761,0
312.838,16
312.914,14
312.99,0
313.067,0
313.143,0
313.22,27
313.296,0
313.372,0
313.449,21
313.525,11
313.601,21
313.678,0
313.754,0
313.83,44
313.907,27
313.983,9
314.059,0
314.136,14
314.212,6
314.288,32
314.364,31
314.441,19
314.517,20
314.593,0
314.669,0
314.746,9
314.822,0
314.898,0
314.974,14
315.05,17
315.127,3
315.203,6
315.279,0
315.355,0
315.431,11
315.507,0
315.583,0
315.66,0
315.736,11
315.812,20
315.888,0
315.964,22
316.04,15
316.116,14
316.192,13
316.268,14
316.344,13
316.42,0
316.496,1
316.572,0
316.648,0
316.724,2
316.8,8
316.876,0
316.952,1
317.028,29
317.104,0
317.18,3
317.256,0
317.332,4
317.408,68
317.484,78
317.56,34
317.635,11
317.711,0
317.787,0
317.863,0
317.939,0
318.015,0
318.091,4
318.166,14
318.242,7
318.318,6
318.394,8
318.47,21
318.546,0
318.621,10
318.697,4
318.773,1
318.849,3
318.924,5
319,37
319.076,0
319.152,0
319.227,0
319.303,14
319.379,15
319.454,0
319.53,0
319.606,4
319.681,27
319.757,35
319.833,6
319.908,2
319.984,13
320.06,7
320.135,0
320.211,13
320.286,9
320.362,0
320.438,19
320.513,10
320.589,7
320.664,0
320.74,4
320.815,0
320.891,0
320.966,3
321.042,0
321.117,2
321.193,13
321.268,0
321.344,0
321.419,32
321.495,29
321.57,0
321.646,0
321.721,0
321.797,4
321.872,6
321.947,4
322.023,0
322.098,40
322.174,0
322.249,0
322.324,0
322.4,0
322.475,2
322.55,0
322.626,0
322.701,6
322.776,0
322.852,0
322.927,0
323.002,0
323.078,19
323.153,0
323.228,0
323.304,46
323.379,8
323.454,0
323.529,0
323.605,0
323.68,24
323.755,11
323.83,0
323.905,27
323.981,22
324.056,0
324.131,4
324.206,20
324.281,0
324.356,2
324.432,20
324.507,11
324.582,21
324.657,0
324.732,15
324.807,0
324.882,0
324.957,26
325.033,0
325.108,8
325.183,11
325.258,0
325.333,7
325.408,18
325.483,12
325.558,8
325.633,17
325.708,90
325.783,69
325.858,2
325.933,6
326.008,0
326.083,11
326.158,0
326.233,0
326.308,0
326.383,15
326.458,22
326.533,0
326.608,8
326.682,0
326.757,0
326.832,0
326.907,11
326.982,4
327.057,0
327.132,0
327.207,0
327.281,4
327.356,28
327.431,2
327.506,0
327.581,13
327.656,5
327.73,5
327.805,36
327.88,0
327.955,23
328.03,0
328.104,0
328.179,42
328.254,13
328.329,0
328.403,6
328.478,8
328.553,26
328.627,84
328.702,62
328.777,0
328.852,0
328.926,29
329.001,26
329.076,15
329.15,0
329.225,0
329.3,15
329.374,0
329.449,0
329.523,10
329.598,0
329.673,15
329.747,11
329.822,5
329.896,0
329.971,22
330.045,26
330.12,0
330.195,0
330.269,30
330.344,16
330.418,4
330.493,27
330.567,0
330.642,0
330.716,28
330.791,20
330.865,24
330.94,2
331.014,8
331.089,2
331.163,0
331.237,0
331.312,13
331.386,6
331.461,0
331.535,0
331.61,17
331.684,8
331.758,20
331.833,18
331.907,31
331.981,0
332.056,14
332.13,0
332.205,7
332.279,10
332.353,10
332.428,1
332.502,0
332.576,0
332.65,0
332.725,0
332.799,0
332.873,6
332.948,9
333.022,14
333.096,25
333.17,0
333.245,7
333.319,15
333.393,10
333.467,8
333.541,24
333.616,12
333.69,0
333.764,0
333.838,53
333.912,102
333.987,94
334.061,20
334.135,0
334.209,0
334.283,23
334.357,0
334.431,0
334.506,0
334.58,15
334.654,8
334.728,7
334.802,0
334.876,0
334.95,0
335.024,0
335.098,3
335.172,0
335.246,0
335.32,33
335.394,15
335.468,4
335.542,2
335.616,4
335.69,12
335.764,9
335.838,0
335.912,0
335.986,0
336.06,3
336.134,1
336.208,0
336.282,0
336.356,46
336.43,29
336.504,0
336.578,0
336.652,1
336.726,10
336.799,0
336.873,4
336.947,0
337.021,0
337.095,0
337.169,0
337.243,13
337.316,63
337.39,139
337.464,68
337.538,36
337.612,81
337.686,74
337.759,36
337.833,0
337.907,32
337.981,83
338.054,48
338.128,29
338.202,0
338.276,35
338.349,35
338.423,0
338.497,0
338.571,4
338.644,0
338.718,0
338.792,34
338.865,18
338.939,12
339.013,0
339.086,14
339.16,71
339.234,68
339.307,26
339.381,34
339.455,38
339.528,14
339.602,5
339.675,27
339.749,17
339.823,32
339.896,0
339.97,34
340.043,0
340.117,0
340.191,5
340.264,28
340.338,29
340.411,31
340.485,102
340.558,89
340.632,43
340.705,0
340.779,0
340.852,11
340.926,136
340.999,145
341.073,76
341.146,33
341.22,21
341.293,82
341.367,65
341.44,84
341.513,157
341.587,129
341.66,50
341.734,36
341.807,188
341.88,224
341.954,97
342.027,40
342.101,28
342.174,131
342.247,161
342.321,84
342.394,22
342.467,0
342.541,0
342.614,7
342.687,15
342.761,114
342.834,215
342.907,228
342.981,117
343.054,48
343.127,5
343.2,172
343.274,205
343.347,184
343.42,316
343.494,249
343.567,51
343.64,7
343.713,16
343.786,0
343.86,0
343.933,0
344.006,5
344.079,8
344.152,0
344.226,0
344.299,13
344.372,26
344.445,0
344.518,0
344.591,12
344.665,19
344.738,18
344.811,17
344.884,0
344.957,0
345.03,17
345.103,12
345.176,0
345.249,0
345.322,12
345.396,0
345.469,0
345.542,28
345.615,26
345.688,19
345.761,0
345.834,0
345.907,23
345.98,4
346.053,0
346.126,0
346.199,2
346.272,0
346.345,0
346.418,0
346.491,28
346.564,11
346.637,11
346.71,0
346.783,18
346.856,3
346.929,10
347.001,0
347.074,0
347.147,0
347.22,0
347.293,0
347.366,0
347.439,0
347.512,0
347.585,0
347.657,0
347.73,3
347.803,18
347.876,8
347.949,14
348.022,0
348.094,0
348.167,3
348.24,8
348.313,0
348.386,0
348.458,0
348.531,0
348.604,0
348.677,14
348.75,3
348.822,10
348.895,25
348.968,6
349.041,28
349.113,4
349.186,0
349.259,8
349.331,17
349.404,0
349.477,30
349.55,0
349.622,17
349.695,0
349.768,5
349.84,11
349.913,8
349.986,7
350.058,0
350.131,1
350.204,25
350.276,15
350.349,0
350.421,13
350.494,17
350.567,3
350.639,0
350.712,13
350.784,0
350.857,0
350.929,0
351.002,54
351.075,23
351.147,0
351.22,0
351.292,2
351.365,19
351.437,38
351.51,17
351.582,19
351.655,25
351.727,9
351.8,0
351.872,0
351.945,0
352.017,0
352.09,6
352.162,36
352.235,1
352.307,0
352.38,0
352.452,16
352.524,9
352.597,1
352.669,20
352.742,14
352.814,18
352.886,4
352.959,18
353.031,27
353.104,9
353.176,0
353.248,8
353.321,33
353.393,1
353.465,0
353.538,12
353.61,7
353.682,17
353.755,29
353.827,17
353.899,0
353.972,0
354.044,0
354.116,18
354.188,0
354.261,13
354.333,0
354.405,3
354.478,37
354.55,0
354.622,0
354.694,0
354.767,21
354.839,5
354.911,4
354.983,25
355.055,0
355.128,2
355.2,0
355.272,0
355.344,19
355.416,4
355.489,26
355.561,5
355.633,0
355.705,3
355.777,30
355.849,0
355.921,0
355.994,9
356.066,8
356.138,0
356.21,0
356.282,10
356.354,0
356.426,0
356.498,0
356.57,7
356.642,15
356.714,17
356.787,4
356.859,8
356.931,7
357.003,0
357.075,3
357.147,22
357.219,17
357.291,0
357.363,0
357.435,0
357.507,21
357.579,1
357.651,12
357.723,0
357.795,30
357.867,0
357.939,0
358.011,44
358.083,0
358.154,0
358.226,40
358.298,28
358.37,32
358.442,6
358.514,16
358.586,4
358.658,14
358.73,17
358.802,18
358.874,35
358.945,69
359.017,61
359.089,0
359.161,0
359.233,0
359.305,20
359.377,14
359.448,0
359.52,5
359.592,5
359.664,8
359.736,18
359.807,12
359.879,13
359.951,24
360.023,24
360.095,2
360.166,0
360.238,10
360.31,18
360.382,0
360.453,8
360.525,14
360.597,0
360.669,14
360.74,0
360.812,0
360.884,21
360.956,0
361.027,0
361.099,17
361.171,24
361.242,0
361.314,1
361.386,0
361.457,18
361.529,4
361.601,0
361.672,3
361.744,0
361.816,25
361.887,195
361.959,172
362.03,76
362.102,25
362.174,0
362.245,0
362.317,30
362.388,0
362.46,0
362.532,15
362.603,43
362.675,17
362.746,26
362.818,8
362.889,0
362.961,12
363.032,43
363.104,19
363.176,22
363.247,8
363.319,12
363.39,29
363.462,17
363.533,10
363.605,0
363.676,0
363.748,0
363.819,0
363.89,0
363.962,3
364.033,0
364.105,11
364.176,8
364.248,27
364.319,37
364.391,2
364.462,38
364.533,0
364.605,36
364.676,73
364.748,71
364.819,11
364.89,0
364.962,7
365.033,0
365.104,0
365.176,0
365.247,0
365.319,0
365.39,14
365.461,4
365.533,0
365.604,0
365.675,11
365.747,0
365.818,0
365.889,12
365.96,0
366.032,0
366.103,0
366.174,0
366.246,12
366.317,5
366.388,21
366.459,0
366.531,0
366.602,9
366.673,0
366.744,8
366.816,24
366.887,16
366.958,0
367.029,0
367.1,2
367.172,0
367.243,0
367.314,21
367.385,0
367.456,0
367.528,16
367.599,19
367.67,0
367.741,0
367.812,0
367.883,2
367.955,9
368.026,26
368.097,11
368.168,3
368.239,3
368.31,20
368.381,12
368.452,8
368.523,45
368.595,172
368.666,82
368.737,42
368.808,0
368.879,6
368.95,12
369.021,6
369.092,4
369.163,0
369.234,0
369.305,0
369.376,0
369.447,14
369.518,0
369.589,0
369.66,6
369.731,42
369.802,25
369.873,0
369.944,3
370.015,0
370.086,0
370.157,0
370.228,0
370.299,0
370.37,0
370.441,14
370.512,11
370.583,0
370.654,0
370.725,12
370.796,29
370.866,21
370.937,0
371.008,0
371.079,1
371.15,0
371.221,58
371.292,41
371.363,22
371.434,4
371.504,14
371.575,0
371.646,0
371.717,0
371.788,0
371.859,43
371.93,12
372,8
372.071,1
372.142,0
372.213,0
372.284,0
372.354,0
372.425,0
372.496,63
372.567,58
372.638,0
372.708,6
372.779,21
372.85,7
372.921,0
372.991,6
373.062,75
373.133,51
373.204,7
373.274,0
373.345,0
373.416,0
373.486,0
373.557,0
373.628,6
373.699,26
373.769,34
373.84,84
373.911,60
373.981,12
374.052,17
374.123,14
374.193,0
374.264,8
374.335,9
374.405,8
374.476,0
374.546,0
374.617,8
374.688,0
374.758,3
374.829,0
374.9,0
374.97,27
375.041,22
375.111,5
375.182,31
375.252,0
375.323,0
375.394,21
375.464,10
375.535,0
375.605,9
375.676,0
375.746,0
375.817,0
375.887,2
375.958,45
376.028,0
376.099,0
376.17,4
376.24,35
376.311,0
376.381,4
376.451,13
376.522,0
376.592,1
376.663,0
376.733,0
376.804,0
376.874,0
376.945,0
377.015,0
377.086,0
377.156,1
377.227,10
377.297,0
377.367,0
377.438,6
377.508,9
377.579,51
377.649,154
377.719,90
377.79,13
377.86,0
377.931,0
378.001,3
378.071,24
378.142,35
378.212,4
378.282,0
378.353,15
378.423,0
378.493,0
378.564,0
378.634,14
378.704,8
378.775,26
378.845,0
378.915,23
378.986,2
379.056,17
379.126,25
379.196,0
379.267,0
379.337,0
379.407,0
379.478,0
379.548,19
379.618,24
379.688,0
379.759,0
379.829,0
379.899,0
379.969,0
380.04,0
380.11,0
380.18,0
380.25,6
380.32,0
380.391,0
380.461,0
380.531,0
380.601,22
380.671,33
380.741,0
380.812,26
380.882,0
380.952,0
381.022,6
381.092,8
381.162,0
381.233,0
381.303,53
381.373,5
381.443,0
381.513,10
381.583,12
381.653,25
381.723,0
381.793,30
381.864,73
381.934,58
382.004,12
382.074,0
382.144,8
382.214,17
382.284,16
382.354,0
382.424,14
382.494,20
382.564,0
382.634,0
382.704,1
382.774,74
382.844,76
382.914,13
382.984,2
383.054,7
383.124,0
383.194,0
383.264,5
383.334,8
383.404,0
383.474,36
383.544,55
383.614,18
383.684,6
383.754,1
383.824,31
383.894,0
383.964,3
384.034,0
384.104,0
384.174,45
384.244,89
384.314,70
384.384,35
384.453,18
384.523,80
384.593,86
384.663,44
384.733,5
384.803,0
384.873,0
384.943,7
385.013,0
385.082,0
385.152,0
385.222,0
385.292,0
385.362,11
385.432,2
385.502,9
385.571,29
385.641,26
385.711,8
385.781,52
385.851,45
385.92,0
385.99,1
386.06,13
386.13,17
386.2,16
386.269,26
386.339,12
386.409,0
386.479,0
386.548,51
386.618,19
386.688,23
386.758,32
386.827,58
386.897,28
386.967,0
387.037,4
387.106,0
387.176,12
387.246,2
387.316,26
387.385,0
387.455,14
387.525,11
387.594,13
387.664,0
387.734,0
387.803,22
387.873,0
387.943,0
388.012,0
388.082,0
388.152,29
388.221,5
388.291,2
388.361,0
388.43,9
388.5,21
388.569,23
388.639,17
388.709,0
388.778,0
388.848,10
388.918,13
388.987,0
389.057,18
389.126,0
389.196,22
389.265,0
389.335,8
389.405,8
389.474,0
389.544,20
389.613,8
389.683,12
389.752,14
389.822,0
389.891,6
389.961,0
390.03,10
390.1,0
390.169,8
390.239,29
390.309,6
390.378,13
390.448,13
390.517,0
390.586,0
390.656,1
390.725,0
390.795,0
390.864,4
390.934,21
391.003,43
391.073,31
391.142,82
391.212,57
391.281,18
391.351,17
391.42,7
391.489,9
391.559,0
391.628,3
391.698,20
391.767,21
391.836,0
391.906,0
391.975,7
392.045,51
392.114,0
392.183,0
392.253,12
392.322,11
392.391,0
392.461,12
392.53,21
392.6,0
392.669,0
392.738,10
392.808,0
392.877,30
392.946,7
393.016,0
393.085,6
393.154,36
393.224,3
393.293,0
393.362,0
393.431,0
393.501,0
393.57,24
393.639,2
393.709,0
393.778,16
393.847,14
393.916,0
393.986,0
394.055,0
394.124,0
394.193,0
394.263,20
394.332,37
394.401,0
394.47,0
394.54,0
394.609,0
394.678,13
394.747,0
394.816,0
394.886,6
394.955,21
395.024,0
395.093,0
395.162,10
395.232,16
395.301,8
395.37,0
395.439,0
395.508,0
395.577,0
395.647,0
395.716,0
395.785,1
395.854,0
395.923,3
395.992,10
396.061,13
396.13,32
396.2,27
396.269,9
396.338,0
396.407,15
396.476,0
396.545,0
396.614,26
396.683,25
396.752,2
396.821,1
396.89,9
396.96,1
397.029,5
397.098,10
397.167,4
397.236,6
397.305,8
397.374,22
397.443,13
397.512,18
397.581,0
397.65,0
397.719,4
397.788,24
397.857,0
397.926,3
397.995,19
398.064,11
398.133,25
398.202,14
398.271,5
398.34,2
398.409,7
398.478,7
398.547,25
398.616,0
398.685,0
398.754,0
398.823,0
398.892,17
398.961,2
399.029,29
399.098,8
399.167,0
399.236,19
399.305,12
399.374,10
399.443,0
399.512,20
399.581,17
399.65,43
399.719,14
399.787,0
399.856,10
399.925,14
399.994,0
400.063,0
400.132,0
400.201,0
400.27,0
400.338,0
400.407,38
400.476,28
400.545,0
400.614,0
400.683,7
400.751,0
400.82,0
400.889,0
400.958,0
401.027,0
401.096,9
401.164,0
401.233,0
401.302,12
401.371,0
401.439,5
401.508,26
401.577,0
401.646,0
401.715,8
401.783,2
401.852,9
401.921,0
401.99,8
402.058,0
402.127,13
402.196,9
402.265,21
402.333,2
402.402,0
402.471,0
402.539,7
402.608,0
402.677,0
402.746,0
402.814,0
402.883,26
402.952,4
403.02,0
403.089,0
403.158,29
403.226,0
403.295,0
403.364,0
403.432,8
403.501,0
403.57,9
403.638,25
403.707,0
403.776,0
403.844,9
403.913,36
403.981,10
404.05,17
404.119,0
404.187,0
404.256,0
404.325,0
404.393,7
404.462,20
404.53,0
404.599,7
404.667,0
404.736,0
404.805,20
404.873,152
404.942,221
405.01,150
405.079,37
405.147,0
405.216,0
405.285,74
405.353,63
405.422,42
405.49,12
405.559,0
405.627,3
405.696,0
405.764,8
405.833,0
405.901,3
405.97,39
406.038,0
406.107,0
406.175,29
406.244,0
406.312,6
406.381,9
406.449,29
406.518,0
406.586,0
406.655,15
406.723,6
406.792,12
406.86,0
406.928,0
406.997,0
407.065,7
407.134,0
407.202,0
407.271,35
407.339,5
407.407,0
407.476,0
407.544,1
407.613,23
407.681,0
407.75,0
407.818,3
407.886,12
407.955,26
408.023,0
408.091,0
408.16,0
408.228,0
408.297,0
408.365,0
408.433,0
408.502,0
408.57,8
408.638,0
408.707,10
408.775,0
408.843,0
408.912,8
408.98,10
409.048,4
409.117,0
409.185,8
409.253,0
409.322,0
409.39,18
409.458,5
409.527,0
409.595,0
409.663,1
409.731,0
409.8,24
409.868,9
409.936,0
410.004,9
410.073,21
410.141,12
410.209,14
410.277,16
410.346,43
410.414,72
410.482,24
410.55,41
410.619,0
410.687,0
410.755,6
410.823,0
410.892,0
410.96,17
411.028,0
411.096,0
411.164,6
411.233,0
411.301,1
411.369,33
411.437,22
411.505,30
411.574,7
411.642,0
411.71,0
411.778,24
411.846,63
411.914,26
411.982,10
412.051,0
412.119,0
412.187,24
412.255,0
412.323,0
412.391,1
412.459,0
412.528,0
412.596,0
412.664,0
412.732,12
412.8,0
412.868,0
412.936,0
413.004,0
413.072,0
413.14,33
413.209,41
413.277,34
413.345,0
413.413,0
413.481,0
413.549,15
413.617,20
413.685,0
413.753,28
413.821,78
413.889,66
413.957,30
414.025,2
414.093,32
414.161,15
414.229,0
414.297,0
414.365,0
414.433,30
414.501,4
414.569,7
414.637,3
414.705,27
414.773,28
414.841,0
414.909,8
414.977,8
415.045,6
415.113,19
415.181,0
415.249,134
415.317,248
415.385,147
415.453,6
415.521,0
415.589,0
415.657,101
415.725,208
415.793,114
415.861,14
415.929,4
415.997,0
416.065,0
416.132,20
416.2,8
416.268,3
416.336,0
416.404,0
416.472,12
416.54,11
416.608,6
416.676,0
416.744,0
416.811,1
416.879,4
416.947,4
417.015,19
417.083,18
417.151,0
417.219,97
417.287,56
417.354,13
417.422,0
417.49,0
417.558,0
417.626,9
417.694,0
417.761,21
417.829,10
417.897,0
417.965,0
418.033,29
418.1,13
418.168,0
418.236,0
418.304,0
418.372,29
418.439,0
418.507,0
418.575,38
418.643,0
418.711,5
418.778,0
418.846,0
418.914,4
418.982,21
419.049,10
419.117,12
419.185,12
419.253,9
419.32,11
419.388,0
419.456,0
419.524,4
419.591,0
419.659,9
419.727,11
419.795,0
419.862,10
419.93,0
419.998,8
420.065,2
420.133,0
420.201,0
420.268,0
420.336,5
420.404,24
420.471,0
420.539,0
420.607,7
420.674,6
420.742,0
420.81,0
420.877,14
420.945,56
421.013,0
421.08,0
421.148,0
421.216,0
421.283,2
421.351,0
421.419,0
421.486,0
421.554,0
421.621,0
421.689,14
421.757,10
421.824,0
421.892,0
421.96,0
422.027,0
422.095,6
422.162,0
422.23,0
422.297,19
422.365,11
422.433,45
422.5,214
422.568,172
422.635,58
422.703,0
422.77,0
422.838,0
422.906,0
422.973,0
423.041,10
423.108,6
423.176,0
423.243,0
423.311,19
423.378,12
423.446,0
423.513,0
423.581,1
423.648,0
423.716,3
423.783,0
423.851,0
423.918,0
423.986,0
424.053,20
424.121,0
424.188,0
424.256,18
424.323,11
424.391,0
424.458,25
424.526,0
424.593,102
424.661,123
424.728,54
424.796,0
424.863,0
424.93,8
424.998,0
425.065,24
425.133,0
425.2,2
425.268,0
425.335,16
425.402,2
425.47,2
425.537,6
425.605,14
425.672,0
425.74,5
425.807,3
425.874,0
425.942,0
426.009,18
426.076,0
426.144,27
426.211,0
426.279,0
426.346,3
426.413,22
426.481,0
426.548,15
426.615,19
426.683,0
426.75,0
426.817,0
426.885,0
426.952,3
427.02,0
427.087,0
427.154,0
427.222,18
427.289,12
427.356,3
427.423,17
427.491,0
427.558,0
427.625,21
427.693,7
427.76,0
427.827,0
427.895,0
427.962,0
428.029,2
428.096,0
428.164,0
428.231,45
428.298,12
428.366,0
428.433,4
428.5,9
428.567,2
428.635,12
428.702,0
428.769,4
428.836,0
428.904,0
428.971,0
429.038,0
429.105,13
429.173,0
429.24,0
429.307,9
429.374,20
429.441,32
429.509,0
429.576,24
429.643,0
429.71,0
429.777,4
429.845,0
429.912,0
429.979,4
430.046,17
430.113,12
430.181,14
430.248,0
430.315,0
430.382,7
430.449,0
430.516,0
430.584,0
430.651,32
430.718,0
430.785,0
430.852,4
430.919,126
430.986,131
431.054,35
431.121,31
431.188,5
431.255,0
431.322,0
431.389,0
431.456,3
431.523,10
431.59,8
431.658,0
431.725,0
431.792,2
431.859,0
431.926,0
431.993,0
432.06,0
432.127,0
432.194,15
432.261,4
432.328,0
432.396,0
432.463,26
432.53,14
432.597,16
432.664,9
432.731,14
432.798,6
432.865,13
432.932,0
432.999,17
433.066,3
433.133,4
433.2,0
433.267,0
433.334,3
433.401,14
433.468,16
433.535,9
433.602,0
433.669,0
433.736,14
433.803,0
433.87,20
433.937,0
434.004,17
434.071,227
434.138,173
434.205,0
434.272,0
434.339,30
434.406,27
434.473,0
434.54,0
434.607,0
434.674,0
434.741,0
434.808,0
434.875,0
434.942,0
435.009,11
435.076,6
435.143,6
435.209,30
435.276,32
435.343,23
435.41,0
435.477,6
435.544,0
435.611,0
435.678,30
435.745,0
435.812,8
435.879,31
435.946,4
436.012,8
436.079,14
436.146,0
436.213,7
436.28,0
436.347,0
436.414,0
436.481,39
436.547,0
436.614,0
436.681,35
436.748,19
436.815,6
436.882,0
436.949,0
437.015,38
437.082,6
437.149,0
437.216,0
437.283,6
437.35,0
437.417,0
437.483,33
437.55,0
437.617,0
437.684,18
437.751,6
437.817,0
437.884,16
437.951,9
438.018,0
438.085,0
438.151,0
438.218,0
438.285,0
438.352,12
438.419,0
438.485,19
438.552,0
438.619,1
438.686,19
438.752,16
438.819,15
438.886,0
438.953,0
439.019,0
439.086,0
439.153,0
439.22,0
439.286,2
439.353,10
439.42,0
439.487,1
439.553,2
439.62,36
439.687,1
439.754,0
439.82,1
439.887,14
439.954,56
440.02,53
440.087,5
440.154,24
440.22,13
440.287,13
440.354,8
440.421,26
440.487,0
440.554,0
440.621,0
440.687,11
440.754,13
440.821,6
440.887,0
440.954,0
441.021,94
441.087,63
441.154,17
441.221,0
441.287,0
441.354,0
441.421,20
441.487,8
441.554,1
441.62,12
441.687,0
441.754,0
441.82,0
441.887,4
441.954,24
442.02,0
442.087,0
442.153,13
442.22,0
442.287,62
442.353,58
442.42,32
442.486,49
442.553,44
442.62,12
442.686,3
442.753,0
442.819,0
442.886,0
442.953,13
443.019,12
443.086,0
443.152,11
443.219,0
443.285,5
443.352,10
443.418,16
443.485,0
443.552,3
443.618,10
443.685,6
443.751,6
443.818,0
443.884,32
443.951,108
444.017,65
444.084,32
444.15,0
444.217,0
444.283,6
444.35,0
444.416,0
444.483,0
444.549,2
444.616,8
444.682,2
444.749,0
444.815,21
444.882,12
444.948,16
445.015,0
445.081,0
445.148,9
445.214,0
445.281,0
445.347,4
445.414,13
445.48,0
445.547,0
445.613,0
445.68,26
445.746,0
445.812,0
445.879,16
445.945,21
446.012,11
446.078,0
446.145,0
446.211,6
446.278,5
446.344,11
446.41,12
446.477,0
446.543,12
446.61,19
446.676,17
446.742,2
446.809,0
446.875,0
446.942,28
447.008,0
447.074,0
447.141,0
447.207,0
447.274,7
447.34,0
447.406,0
447.473,14
447.539,0
447.606,0
447.672,52
447.738,34
447.805,0
447.871,0
447.937,22
448.004,7
448.07,0
448.136,0
448.203,6
448.269,9
448.335,0
448.402,0
448.468,0
448.534,12
448.601,0
448.667,14
448.733,16
448.8,7
448.866,11
448.932,6
448.999,0
449.065,8
449.131,0
449.198,0
449.264,0
449.33,0
449.396,0
449.463,6
449.529,0
449.595,20
449.662,0
449.728,0
449.794,11
449.86,41
449.927,19
449.993,8
450.059,7
450.126,14
450.192,1
450.258,5
450.324,17
450.391,0
450.457,11
450.523,0
450.589,0
450.656,0
450.722,10
450.788,2
450.854,0
450.921,11
450.987,28
451.053,6
451.119,0
451.185,10
451.252,0
451.318,0
451.384,0
451.45,0
451.516,0
451.583,0
451.649,4
451.715,0
451.781,0
451.847,0
451.914,11
451.98,4
452.046,10
452.112,2
452.178,8
452.245,15
452.311,16
452.377,0
452.443,14
452.509,23
452.575,0
452.642,0
452.708,12
452.774,12
452.84,22
452.906,0
452.972,6
453.038,24
453.105,0
453.171,0
453.237,0
453.303,0
453.369,23
453.435,0
453.501,0
453.568,12
453.634,24
453.7,12
453.766,19
453.832,0
453.898,0
453.964,10
454.03,19
454.096,9
454.162,0
454.229,0
454.295,26
454.361,21
454.427,0
454.493,0
454.559,5
454.625,11
454.691,18
454.757,24
454.823,27
454.889,2
454.955,0
455.022,0
455.088,0
455.154,0
455.22,0
455.286,0
455.352,0
455.418,0
455.484,6
455.55,10
455.616,4
455.682,8
455.748,11
455.814,0
455.88,0
455.946,4
456.012,20
456.078,0
456.144,0
456.21,0
456.276,2
456.342,22
456.408,2
456.474,0
456.54,0
456.606,1
456.672,11
456.738,0
456.804,0
456.87,2
456.936,0
457.002,0
457.068,0
457.134,0
457.2,23
457.266,0
457.332,0
457.398,0
457.464,16
457.53,7
457.596,0
457.662,2
457.728,0
457.794,5
457.86,0
457.926,11
457.992,0
458.058,2
458.124,18
458.19,0
458.255,28
458.321,10
458.387,0
458.453,2
458.519,13
458.585,0
458.651,3
458.717,1
458.783,0
458.849,8
458.915,4
458.981,0
459.046,0
459.112,0
459.178,13
459.244,10
459.31,8
459.376,26
459.442,22
459.508,0
459.574,0
459.64,13
459.705,0
459.771,0
459.837,0
459.903,23
459.969,0
460.035,1
460.101,15
460.166,0
460.232,0
460.298,0
460.364,18
460.43,0
460.496,16
460.562,0
460.627,8
460.693,21
460.759,0
460.825,0
460.891,37
460.957,25
461.022,30
461.088,0
461.154,4
461.22,1
461.286,28
461.352,5
461.417,0
461.483,0
461.549,13
461.615,0
461.681,9
461.746,37
461.812,31
461.878,14
461.944,0
462.01,8
462.075,8
462.141,0
462.207,0
462.273,3
462.339,17
462.404,0
462.47,2
462.536,21
462.602,0
462.667,0
462.733,8
462.799,6
462.865,0
462.93,6
462.996,0
463.062,11
463.128,19
463.193,1
463.259,0
463.325,25
463.391,2
463.456,0
463.522,0
463.588,43
463.654,0
463.719,0
463.785,0
463.851,15
463.917,33
463.982,0
464.048,34
464.114,10
464.179,18
464.245,0
464.311,0
464.377,7
464.442,11
464.508,0
464.574,0
464.639,0
464.705,0
464.771,3
464.836,0
464.902,0
464.968,0
465.033,9
465.099,0
465.165,0
465.23,0
465.296,0
465.362,0
465.427,0
465.493,0
465.559,17
465.624,3
465.69,12
465.756,0
465.821,0
465.887,0
465.953,0
466.018,23
466.084,13
466.15,2
466.215,0
466.281,16
466.347,17
466.412,0
466.478,0
466.543,16
466.609,39
466.675,0
466.74,0
466.806,19
466.872,22
466.937,0
467.003,38
467.068,0
467.134,1
467.2,15
467.265,8
467.331,0
467.396,0
467.462,53
467.528,19
467.593,15
467.659,15
467.724,0
467.79,0
467.855,41
467.921,12
467.987,0
468.052,0
468.118,20
468.183,0
468.249,0
468.314,21
468.38,0
468.446,0
468.511,1
468.577,0
468.642,5
468.708,8
468.773,13
468.839,0
468.904,9
468.97,24
469.035,0
469.101,0
469.167,11
469.232,0
469.298,0
469.363,7
469.429,0
469.494,12
469.56,5
469.625,0
469.691,25
469.756,0
469.822,11
469.887,0
469.953,0
470.018,0
470.084,14
470.149,5
470.215,0
470.28,0
470.346,2
470.411,0
470.477,0
470.542,11
470.608,25
470.673,33
470.739,22
470.804,14
470.87,6
470.935,1
471.001,28
471.066,18
471.131,20
471.197,0
471.262,0
471.328,0
471.393,0
471.459,0
471.524,10
471.59,21
471.655,13
471.721,1
471.786,0
471.851,24
471.917,23
471.982,14
472.048,19
472.113,28
472.179,0
472.244,41
472.309,24
472.375,3
472.44,0
472.506,5
472.571,15
472.637,15
472.702,1
472.767,22
472.833,20
472.898,8
472.964,8
473.029,14
473.094,5
473.16,0
473.225,0
473.291,12
473.356,0
473.421,11
473.487,12
473.552,25
473.617,4
473.683,0
473.748,33
473.814,0
473.879,0
473.944,0
474.01,28
474.075,51
474.14,0
474.206,0
474.271,6
474.337,2
474.402,11
474.467,0
474.533,13
474.598,28
474.663,0
474.729,0
474.794,17
474.859,13
474.925,33
474.99,0
475.055,0
475.121,0
475.186,28
475.251,3
475.317,0
475.382,0
475.447,44
475.513,26
475.578,19
475.643,0
475.709,0
475.774,0
475.839,16
475.904,26
475.97,0
476.035,27
476.1,0
476.166,0
476.231,0
476.296,6
476.362,1
476.427,3
476.492,3
476.557,0
476.623,7
476.688,13
476.753,2
476.819,11
476.884,5
476.949,0
477.014,0
477.08,0
477.145,17
477.21,8
477.275,3
477.341,8
477.406,18
477.471,1
477.536,0
477.602,7
477.667,0
477.732,0
477.797,28
477.863,0
477.928,18
477.993,0
478.058,1
478.124,25
478.189,3
478.254,0
478.319,1
478.384,4
478.45,8
478.515,4
478.58,0
478.645,40
478.711,11
478.776,12
478.841,0
478.906,0
478.971,0
479.037,6
479.102,0
479.167,12
479.232,23
479.297,7
479.363,0
479.428,0
479.493,29
479.558,0
479.623,0
479.689,0
479.754,6
479.819,0
479.884,0
479.949,29
480.014,0
480.08,0
480.145,17
480.21,8
480.275,25
480.34,7
480.405,0
480.471,0
480.536,51
480.601,40
480.666,21
480.731,0
480.796,0
480.862,0
480.927,0
480.992,2
481.057,0
481.122,0
481.187,14
481.252,13
481.318,0
481.383,12
481.448,17
481.513,24
481.578,4
481.643,0
481.708,14
481.773,14
481.839,16
481.904,24
481.969,0
482.034,0
482.099,0
482.164,4
482.229,18
482.294,15
482.359,0
482.424,0
482.49,0
482.555,0
482.62,14
482.685,0
482.75,15
482.815,7
482.88,0
482.945,0
483.01,19
483.075,12
483.14,0
483.206,0
483.271,0
483.336,0
483.401,0
483.466,14
483.531,0
483.596,0
483.661,0
483.726,44
483.791,21
483.856,4
483.921,3
483.986,27
484.051,17
484.116,12
484.181,15
484.246,3
484.312,9
484.377,13
484.442,2
484.507,0
484.572,0
484.637,8
484.702,1
484.767,0
484.832,0
484.897,0
484.962,14
485.027,0
485.092,0
485.157,10
485.222,17
485.287,2
485.352,0
485.417,0
485.482,22
485.547,0
485.612,0
485.677,15
485.742,0
485.807,6
485.872,0
485.937,0
486.002,15
486.067,2
486.132,0
486.197,0
486.262,20
486.327,8
486.392,0
486.457,0
486.522,29
486.587,0
486.652,0
486.717,7
486.782,0
486.847,0
486.912,0
486.977,0
487.042,27
487.107,27
487.172,11
487.237,1
487.301,0
487.366,32
487.431,35
487.496,8
487.561,0
487.626,8
487.691,17
487.756,0
487.821,36
487.886,0
487.951,14
488.016,10
488.081,0
488.146,0
488.211,15
488.276,11
488.341,28
488.405,0
488.47,19
488.535,15
488.6,13
488.665,0
488.73,4
488.795,23
488.86,7
488.925,6
488.99,7
489.055,9
489.119,0
489.184,2
489.249,7
489.314,0
489.379,13
489.444,29
489.509,0
489.574,0
489.639,31
489.704,10
489.768,30
489.833,2
489.898,0
489.963,19
490.028,1
490.093,0
490.158,7
490.223,2
490.287,0
490.352,3
490.417,20
490.482,0
490.547,13
490.612,17
490.677,4
490.742,0
490.806,6
490.871,5
490.936,0
491.001,0
491.066,17
491.131,8
491.195,0
491.26,19
491.325,0
491.39,13
491.455,15
491.52,5
491.585,0
491.649,28
491.714,1
491.779,0
491.844,3
491.909,0
491.973,0
492.038,18
492.103,11
492.168,24
492.233,0
492.298,0
492.362,9
492.427,0
492.492,0
492.557,44
492.622,16
492.686,23
492.751,20
492.816,12
492.881,14
492.946,0
493.01,0
493.075,31
493.14,0
493.205,0
493.27,2
493.334,0
493.399,0
493.464,0
493.529,31
493.594,26
493.658,33
493.723,4
493.788,4
493.853,11
493.917,5
493.982,0
494.047,0
494.112,2
494.177,4
494.241,0
494.306,16
494.371,0
494.436,0
494.5,19
494.565,9
494.63,19
494.695,0
494.759,6
494.824,0
494.889,0
494.954,0
495.018,32
495.083,0
495.148,0
495.213,16
495.277,0
495.342,9
495.407,3
495.472,15
495.536,5
495.601,0
495.666,9
495.73,9
495.795,6
495.86,0
495.925,0
495.989,13
496.054,5
496.119,0
496.183,3
496.248,18
496.313,0
496.378,19
496.442,0
496.507,0
496.572,7
496.636,5
496.701,26
496.766,10
496.831,24
496.895,0
496.96,1
497.025,5
497.089,0
497.154,12
497.219,14
497.283,0
497.348,7
497.413,10
497.477,0
497.542,0
497.607,0
497.671,13
497.736,14
497.801,18
497.865,0
497.93,21
497.995,7
498.059,0
498.124,12
498.189,0
498.253,0
498.318,0
498.383,0
498.447,0
498.512,14
498.577,2
498.641,4
498.706,8
498.771,6
498.835,21
498.9,2
498.965,19
499.029,0
499.094,0
499.159,10
499.223,0
499.288,0
499.352,0
499.417,0
499.482,0
499.546,14
499.611,0
499.676,0
499.74,0
