59.6745,0
59.7814,0
59.8883,46
59.9952,21
60.1021,0
60.209,0
60.3159,25
60.4228,19
60.5296,0
60.6365,0
60.7434,0
60.8503,15
60.9572,23
61.0641,8
61.171,16
61.2779,4
61.3848,0
61.4917,3
61.5986,0
61.7055,0
61.8124,37
61.9193,13
62.0261,0
62.133,0
62.2399,0
62.3468,0
62.4537,13
62.5606,9
62.6675,5
62.7744,13
62.8813,36
62.9882,19
63.0951,0
63.202,0
63.3089,2
63.4158,0
63.5226,0
63.6295,0
63.7364,0
63.8433,0
63.9502,12
64.0571,20
64.164,0
64.2709,20
64.3778,0
64.4847,0
64.5916,2
64.6985,20
64.8054,1
64.9123,20
65.0192,0
65.1261,7
65.2329,13
65.3398,0
65.4467,2
65.5536,0
65.6605,24
65.7674,0
65.8743,12
65.9812,0
66.0881,0
66.195,0
66.3019,41
66.4088,27
66.5157,4
66.6226,0
66.7295,20
66.8364,18
66.9433,0
67.0502,5
67.157,19
67.2639,14
67.3708,0
67.4777,9
67.5846,5
67.6915,0
67.7984,7
67.9053,0
68.0122,0
68.1191,20
68.226,29
68.3329,9
68.4398,0
68.5467,31
68.6536,0
68.7605,0
68.8674,44
68.9743,10
69.0812,0
69.1881,0
69.295,9
69.4018,0
69.5087,0
69.6156,17
69.7225,7
69.8294,13
69.9363,17
70.0432,35
70.1501,39
70.257,0
70.3639,0
70.4708,0
70.5777,48
70.6846,33
70.7915,1
70.8984,0
71.0053,0
71.1122,12
71.2191,16
71.326,0
71.4329,21
71.5398,22
71.6467,7
71.7536,0
71.8605,15
71.9674,22
72.0742,6
72.1811,1
72.288,12
72.3949,8
72.5018,12
72.6087,1
72.7156,8
72.8225,0
72.9294,4
73.0363,7
73.1432,16
73.2501,0
73.357,31
73.4639,0
73.5708,0
73.6777,0
73.7846,2
73.8915,18
73.9984,0
74.1053,0
74.2122,0
74.3191,0
74.426,0
74.5329,22
74.6398,0
74.7467,0
74.8536,1
74.9605,26
75.0674,0
75.1743,10
75.2812,0
75.3881,6
75.495,16
75.6019,18
75.7088,0
75.8157,0
75.9225,27
76.0294,0
76.1363,0
76.2432,0
76.3501,0
76.457,0
76.5639,0
76.6708,10
76.7777,23
76.8846,18
76.9915,0
77.0984,16
77.2053,18
77.3122,18
77.4191,0
77.526,0
77.6329,0
77.7398,8
77.8467,0
77.9536,37
78.0605,0
78.1674,0
78.2743,35
78.3812,0
78.4881,4
78.595,0
78.7019,0
78.8088,0
78.9157,0
79.0226,2
79.1295,44
79.2364,0
79.3433,23
79.4502,17
79.5571,10
79.664,2
79.7709,10
79.8778,18
79.9847,0
80.0916,24
80.1985,6
80.3054,12
80.4123,1
80.5192,15
80.6261,2
80.733,0
80.8399,15
80.9468,0
81.0537,0
81.1606,0
81.2675,26
81.3744,15
81.4813,0
81.5882,0
81.6951,21
81.802,27
81.9089,4
82.0158,4
82.1227,11
82.2296,0
82.3365,0
82.4434,0
82.5503,28
82.6572,0
82.7641,0
82.871,12
82.9779,0
83.0848,0
83.1917,13
83.2986,16
83.4055,0
83.5124,0
83.6193,3
83.7262,0
83.8331,0
83.94,11
84.0469,1
84.1538,33
84.2607,24
84.3676,25
84.4745,42
84.5814,0
84.6883,9
84.7952,0
84.9021,0
85.009,4
85.1159,0
85.2228,4
85.3297,0
85.4366,16
85.5435,0
85.6504,34
85.7573,0
85.8642,3
85.9711,0
86.078,0
86.1849,17
86.2918,16
86.3987,11
86.5056,14
86.6125,19
86.7194,0
86.8263,8
86.9332,15
87.0401,5
87.147,0
87.2539,0
87.3608,15
87.4677,11
87.5746,1
87.6815,0
87.7884,34
87.8953,25
88.0022,0
88.1091,3
88.216,14
88.3229,10
88.4298,0
88.5367,0
88.6436,23
88.7505,30
88.8574,0
88.9643,0
89.0712,29
89.1781,0
89.285,24
89.3919,0
89.4988,6
89.6057,0
89.7126,10
89.8195,9
89.9264,0
90.0334,5
90.1403,29
90.2472,0
90.3541,2
90.461,28
90.5679,15
90.6748,10
90.7817,0
90.8886,0
90.9955,16
91.1024,17
91.2093,17
91.3162,0
91.4231,0
91.53,39
91.6369,32
91.7438,0
91.8507,0
91.9576,47
92.0645,26
92.1714,17
92.2783,0
92.3852,12
92.4921,30
92.599,4
92.7059,6
92.8128,19
92.9197,0
93.0266,0
93.1335,0
93.2404,0
93.3473,0
93.4542,20
93.5611,13
93.668,38
93.7749,0
93.8818,0
93.9887,25
94.0956,8
94.2025,0
94.3095,0
94.4164,8
94.5233,1
94.6302,10
94.7371,0
94.844,0
94.9509,0
95.0578,0
95.1647,22
95.2716,13
95.3785,0
95.4854,6
95.5923,20
95.6992,0
95.8061,0
95.913,31
96.0199,0
96.1268,0
96.2337,35
96.3406,2
96.4475,5
96.5544,0
96.6613,0
96.7682,12
96.8751,0
96.982,0
97.0889,12
97.1958,9
97.3027,0
97.4097,23
97.5166,2
97.6235,14
97.7304,12
97.8373,0
97.9442,4
98.0511,12
98.158,34
98.2649,0
98.3718,5
98.4787,9
98.5856,0
98.6925,17
98.7994,1
98.9063,0
99.0132,18
99.1201,7
99.227,16
99.3339,0
99.4408,0
99.5477,9
99.6546,0
99.7615,0
99.8684,24
99.9753,2
100.082,4
100.189,0
100.296,0
100.403,35
100.51,16
100.617,15
100.724,16
100.831,16
100.937,0
101.044,2
101.151,10
101.258,0
101.365,0
101.472,11
101.579,8
101.686,0
101.793,21
101.9,10
102.007,0
102.113,0
102.22,3
102.327,3
102.434,0
102.541,0
102.648,27
102.755,22
102.862,0
102.969,0
103.076,0
103.182,0
103.289,0
103.396,0
103.503,0
103.61,26
103.717,1
103.824,24
103.931,0
104.038,3
104.145,0
104.252,0
104.358,0
104.465,0
104.572,17
104.679,9
104.786,0
104.893,16
105,0
105.107,0
105.214,15
105.321,9
105.427,24
105.534,0
105.641,7
105.748,4
105.855,4
105.962,19
106.069,15
106.176,0
106.283,30
106.39,19
106.497,0
106.603,0
106.71,6
106.817,0
106.924,7
107.031,11
107.138,0
107.245,2
107.352,12
107.459,16
107.566,0
107.673,3
107.779,7
107.886,19
107.993,19
108.1,0
108.207,13
108.314,6
108.421,1
108.528,0
108.635,0
108.742,1
108.848,8
108.955,38
109.062,0
109.169,0
109.276,21
109.383,20
109.49,0
109.597,0
109.704,1
109.811,0
109.918,0
110.024,2
110.131,6
110.238,0
110.345,14
110.452,11
110.559,1
110.666,9
110.773,10
110.88,0
110.987,18
111.094,11
111.2,0
111.307,24
111.414,0
111.521,6
111.628,0
111.735,0
111.842,0
111.949,17
112.056,0
112.163,22
112.269,12
112.376,0
112.483,31
112.59,31
112.697,4
112.804,4
112.911,0
113.018,0
113.125,0
113.232,0
113.339,37
113.445,14
113.552,0
113.659,0
113.766,43
113.873,0
113.98,0
114.087,0
114.194,13
114.301,0
114.408,0
114.515,0
114.621,0
114.728,0
114.835,6
114.942,0
115.049,25
115.156,49
115.263,63
115.37,6
115.477,0
115.584,6
115.69,27
115.797,19
115.904,0
116.011,20
116.118,0
116.225,0
116.332,9
116.439,0
116.546,3
116.653,4
116.76,0
116.866,22
116.973,18
117.08,7
117.187,6
117.294,0
117.401,6
117.508,0
117.615,0
117.722,5
117.829,0
117.936,0
118.042,8
118.149,9
118.256,0
118.363,10
118.47,0
118.577,0
118.684,0
118.791,12
118.898,0
119.005,0
119.112,0
119.218,0
119.325,15
119.432,0
119.539,6
119.646,0
119.753,37
119.86,0
119.967,0
120.074,18
120.181,0
120.287,33
120.394,2
120.501,19
120.608,19
120.715,0
120.822,0
120.929,0
121.036,0
121.143,0
121.25,1
121.357,0
121.463,0
121.57,0
121.677,1
121.784,1
121.891,0
121.998,10
122.105,14
122.212,13
122.319,0
122.426,1
122.533,6
122.639,0
122.746,0
122.853,1
122.96,0
123.067,0
123.174,0
123.281,10
123.388,0
123.495,6
123.602,0
123.709,16
123.815,0
123.922,0
124.029,45
124.136,12
124.243,0
124.35,0
124.457,0
124.564,17
124.671,0
124.778,0
124.885,29
124.991,0
125.098,10
125.205,7
125.312,5
125.419,34
125.526,6
125.633,0
125.74,5
125.847,0
125.954,0
126.061,22
126.167,0
126.274,0
126.381,0
126.488,0
126.595,3
126.702,11
126.809,0
126.916,0
127.023,24
127.13,24
127.236,0
127.343,11
127.45,21
127.557,12
127.664,26
127.771,6
127.878,0
127.985,18
128.092,0
128.199,11
128.306,3
128.412,22
128.519,7
128.626,0
128.733,0
128.84,0
128.947,22
129.054,0
129.161,0
129.268,0
129.375,0
129.482,3
129.588,0
129.695,0
129.802,0
129.909,35
130.016,0
130.123,0
130.23,11
130.337,8
130.444,35
130.551,58
130.658,27
130.764,21
130.871,4
130.978,0
131.085,16
131.192,0
131.299,13
131.406,4
131.513,35
131.62,11
131.727,24
131.834,0
131.94,4
132.047,16
132.154,0
132.261,6
132.368,0
132.475,0
132.582,2
132.689,0
132.796,0
132.903,0
133.01,0
133.116,0
133.223,0
133.33,14
133.437,34
133.544,17
133.651,20
133.758,2
133.865,18
133.972,20
134.079,5
134.186,25
134.292,17
134.399,7
134.506,0
134.613,0
134.72,26
134.827,32
134.934,20
135.041,0
135.148,0
135.255,6
135.362,0
135.468,0
135.575,13
135.682,10
135.789,0
135.896,15
136.003,6
136.11,24
136.217,6
136.324,0
136.431,5
136.538,28
136.644,6
136.751,0
136.858,0
136.965,14
137.072,15
137.179,0
137.286,0
137.393,13
137.5,26
137.607,9
137.714,26
137.82,6
137.927,0
138.034,0
138.141,6
138.248,6
138.355,0
138.462,0
138.569,23
138.676,0
138.783,42
138.89,68
138.996,62
139.103,19
139.21,2
139.317,0
139.424,4
139.531,0
139.638,7
139.745,9
139.852,0
139.959,39
140.065,12
140.172,34
140.279,8
140.386,0
140.493,0
140.6,12
140.707,0
140.814,0
140.921,0
141.028,0
141.135,15
141.241,7
141.348,3
141.455,0
141.562,16
141.669,0
141.776,5
141.883,8
141.99,7
142.097,16
142.204,12
142.311,17
142.417,11
142.524,14
142.631,0
142.738,0
142.845,0
142.952,0
143.059,0
143.166,9
143.273,11
143.38,0
143.487,0
143.593,0
143.7,12
143.807,10
143.914,3
144.021,2
144.128,8
144.235,21
144.342,0
144.449,0
144.556,0
144.663,27
144.769,11
144.876,15
144.983,5
145.09,20
145.197,0
145.304,0
145.411,43
145.518,41
145.625,0
145.732,13
145.839,0
145.945,3
146.052,0
146.159,21
146.266,0
146.373,0
146.48,6
146.587,27
146.694,0
146.801,18
146.908,0
147.015,1
147.121,0
147.228,0
147.335,5
147.442,0
147.549,8
147.656,2
147.763,0
147.87,4
147.977,3
148.084,1
148.191,0
148.297,32
148.404,9
148.511,21
148.618,0
148.725,0
148.832,6
148.939,22
149.046,0
149.153,0
149.26,0
149.367,0
149.473,0
149.58,17
149.687,32
149.794,30
149.901,0
150.008,0
150.115,0
150.222,0
150.329,0
150.436,0
150.543,0
150.649,0
150.756,0
150.863,1
150.97,16
151.077,8
151.184,0
151.291,2
151.398,0
151.505,6
151.612,18
151.719,0
151.825,0
151.932,6
152.039,0
152.146,0
152.253,6
152.36,30
152.467,9
152.574,6
152.681,5
152.788,0
152.894,36
153.001,4
153.108,13
153.215,9
153.322,0
153.429,0
153.536,0
153.643,17
153.75,8
153.857,0
153.964,14
154.07,0
154.177,0
154.284,22
154.391,48
154.498,1
154.605,0
154.712,0
154.819,0
154.926,3
155.033,14
155.14,7
155.246,0
155.353,0
155.46,29
155.567,6
155.674,8
155.781,13
155.888,12
155.995,0
156.102,35
156.209,14
156.316,11
156.422,0
156.529,0
156.636,0
156.743,4
156.85,4
156.957,6
157.064,11
157.171,25
157.278,8
157.385,0
157.492,14
157.598,0
157.705,0
157.812,1
157.919,12
158.026,24
158.133,0
158.24,14
158.347,1
158.454,8
158.561,7
158.668,11
158.774,1
158.881,0
158.988,11
159.095,31
159.202,0
159.309,0
159.416,26
159.523,0
159.63,2
159.737,15
159.844,18
159.95,14
160.057,23
160.164,0
160.271,0
160.378,26
160.485,0
160.592,20
160.699,24
160.806,0
160.913,0
161.019,24
161.126,0
161.233,9
161.34,30
161.447,0
161.554,10
161.661,27
161.768,15
161.875,3
161.982,4
162.089,0
162.195,5
162.302,0
162.409,15
162.516,0
162.623,0
162.73,23
162.837,20
162.944,0
163.051,22
163.158,0
163.265,18
163.371,21
163.478,0
163.585,0
163.692,32
163.799,0
163.906,15
164.013,22
164.12,0
164.227,11
164.334,5
164.441,0
164.547,22
164.654,0
164.761,2
164.868,22
164.975,0
165.082,0
165.189,0
165.296,12
165.403,1
165.51,0
165.616,0
165.723,6
165.83,31
165.937,8
166.044,7
166.151,6
166.258,0
166.365,0
166.472,50
166.579,0
166.686,6
166.792,21
166.899,30
167.006,9
167.113,2
167.22,0
167.327,0
167.434,0
167.541,0
167.648,0
167.755,7
167.862,3
167.968,0
168.075,21
168.182,22
168.289,18
168.396,19
168.503,0
168.61,15
168.717,3
168.824,0
168.931,0
169.037,16
169.144,15
169.251,38
169.358,0
169.465,8
169.572,0
169.679,21
169.786,16
169.893,0
170,13
170.107,1
170.213,8
170.32,0
170.427,0
170.534,1
170.641,9
170.748,37
170.855,14
170.962,10
171.069,0
171.176,2
171.283,7
171.389,0
171.496,0
171.603,0
171.71,17
171.817,23
171.924,0
172.031,2
172.138,21
172.245,7
172.352,7
172.458,20
172.565,11
172.672,13
172.779,0
172.886,0
172.993,8
173.1,23
173.207,0
173.314,0
173.421,4
173.528,0
173.634,1
173.741,7
173.848,6
173.955,0
174.062,31
174.169,8
174.276,0
174.383,11
174.49,0
174.597,25
174.704,0
174.81,0
174.917,17
175.024,16
175.131,0
175.238,20
175.345,1
175.452,2
175.559,0
175.666,4
175.773,15
175.879,12
175.986,0
176.093,6
176.2,10
176.307,36
176.414,0
176.521,0
176.628,5
176.735,0
176.842,0
176.949,28
177.055,5
177.162,0
177.269,2
177.376,22
177.483,56
177.59,21
177.697,17
177.804,7
177.911,0
178.018,15
178.124,0
178.231,0
178.338,7
178.445,24
178.552,0
178.659,10
178.766,0
178.873,5
178.98,0
179.087,0
179.194,0
179.3,6
179.407,0
179.514,3
179.621,0
179.728,27
179.835,0
179.942,0
180.049,0
180.156,2
180.263,27
180.369,4
180.476,3
180.583,0
180.69,13
180.797,21
180.904,0
181.011,2
181.118,2
181.225,0
181.332,13
181.439,0
181.545,0
181.652,0
181.759,25
181.866,5
181.973,30
182.08,5
182.187,0
182.294,10
182.401,42
182.508,0
182.614,12
182.721,1
182.828,10
182.935,0
183.042,9
183.149,7
183.256,1
183.363,0
183.47,0
183.577,15
183.683,3
183.79,0
183.897,3
184.004,0
184.111,58
184.218,9
184.325,0
184.432,34
184.539,9
184.646,28
184.753,0
184.859,11
184.966,35
185.073,7
185.18,11
185.287,4
185.394,0
185.501,25
185.608,2
185.715,19
185.822,24
185.928,0
186.035,26
186.142,6
186.249,19
186.356,2
186.463,0
186.57,14
186.677,20
186.784,0
186.891,32
186.997,10
187.104,0
187.211,20
187.318,55
187.425,5
187.532,0
187.639,0
187.746,11
187.853,26
187.96,0
188.067,0
188.173,30
188.28,14
188.387,10
188.494,0
188.601,7
188.708,25
188.815,16
188.922,0
189.029,8
189.136,0
189.242,2
189.349,13
189.456,0
189.563,17
189.67,16
189.777,0
189.884,0
189.991,20
190.098,0
190.205,0
190.311,13
190.418,40
190.525,13
190.632,0
190.739,0
190.846,6
190.953,0
191.06,0
191.167,15
191.274,12
191.38,15
191.487,12
191.594,0
191.701,8
191.808,12
191.915,15
192.022,9
192.129,0
192.236,0
192.343,8
192.45,9
192.556,6
192.663,13
192.77,10
192.877,8
192.984,8
193.091,1
193.198,0
193.305,7
193.412,16
193.519,6
193.625,29
193.732,4
193.839,7
193.946,0
194.053,16
194.16,0
194.267,0
194.374,6
194.481,0
194.588,0
194.694,20
194.801,15
194.908,16
195.015,0
195.122,14
195.229,0
195.336,28
195.443,44
195.55,0
195.657,26
195.763,14
195.87,0
195.977,11
196.084,21
196.191,15
196.298,0
196.405,4
196.512,19
196.619,0
196.726,30
196.832,29
196.939,9
197.046,0
197.153,0
197.26,0
197.367,7
197.474,14
197.581,0
197.688,1
197.795,5
197.901,0
198.008,0
198.115,0
198.222,0
198.329,12
198.436,33
198.543,27
198.65,0
198.757,0
198.864,40
198.97,13
199.077,0
199.184,0
199.291,0
199.398,4
199.505,0
199.612,0
199.719,0
199.826,0
199.933,0
200.039,5
200.146,8
200.253,0
200.36,0
200.467,12
200.574,14
200.681,40
200.788,0
200.895,0
201.002,2
201.108,0
201.215,4
201.322,1
201.429,0
201.536,20
201.643,25
201.75,11
201.857,27
201.964,0
202.071,0
202.177,19
202.284,14
202.391,0
202.498,0
202.605,18
202.712,5
202.819,0
202.926,0
203.033,18
203.14,25
203.246,11
203.353,35
203.46,0
203.567,10
203.674,34
203.781,0
203.888,14
203.995,10
204.102,1
204.208,4
204.315,0
204.422,2
204.529,21
204.636,28
204.743,3
204.85,0
204.957,0
205.064,6
205.171,2
205.277,21
205.384,14
205.491,18
205.598,0
205.705,14
205.812,15
205.919,14
206.026,0
206.133,7
206.24,0
206.346,8
206.453,0
206.56,0
206.667,0
206.774,14
206.881,18
206.988,1
207.095,14
207.202,20
207.309,0
207.415,8
207.522,2
207.629,0
207.736,0
207.843,25
207.95,0
208.057,0
208.164,0
208.271,14
208.377,2
208.484,0
208.591,11
208.698,10
208.805,24
208.912,0
209.019,5
209.126,0
209.233,0
209.34,0
209.446,0
209.553,29
209.66,12
209.767,10
209.874,0
209.981,24
210.088,24
210.195,6
210.302,0
210.409,4
210.515,8
210.622,1
210.729,13
210.836,14
210.943,0
211.05,0
211.157,9
211.264,2
211.371,0
211.477,7
211.584,17
211.691,13
211.798,30
211.905,0
212.012,0
212.119,23
212.226,0
212.333,0
212.44,8
212.546,0
212.653,0
212.76,0
212.867,0
212.974,4
213.081,12
213.188,0
213.295,0
213.402,25
213.508,2
213.615,24
213.722,22
213.829,11
213.936,2
214.043,0
214.15,11
214.257,8
214.364,0
214.471,0
214.577,0
214.684,3
214.791,10
214.898,21
215.005,7
215.112,2
215.219,17
215.326,1
215.433,30
215.539,7
215.646,9
215.753,0
215.86,14
215.967,2
216.074,5
216.181,0
216.288,7
216.395,0
216.502,7
216.608,36
216.715,7
216.822,22
216.929,0
217.036,33
217.143,13
217.25,18
217.357,0
217.464,0
217.57,0
217.677,0
217.784,0
217.891,5
217.998,13
218.105,8
218.212,0
218.319,0
218.426,16
218.532,8
218.639,5
218.746,0
218.853,0
218.96,14
219.067,0
219.174,0
219.281,4
219.388,0
219.495,27
219.601,7
219.708,0
219.815,8
219.922,29
220.029,0
220.136,10
220.243,42
220.35,24
220.457,18
220.563,3
220.67,0
220.777,14
220.884,0
220.991,0
221.098,0
221.205,43
221.312,12
221.419,0
221.525,0
221.632,18
221.739,9
221.846,0
221.953,0
222.06,0
222.167,29
222.274,2
222.381,0
222.488,0
222.594,10
222.701,0
222.808,11
222.915,8
223.022,0
223.129,3
223.236,8
223.343,16
223.45,0
223.556,0
223.663,0
223.77,16
223.877,23
223.984,0
224.091,0
224.198,22
224.305,15
224.412,0
224.518,0
224.625,25
224.732,14
224.839,39
224.946,0
225.053,0
225.16,5
225.267,20
225.374,0
225.48,0
225.587,0
225.694,49
225.801,0
225.908,4
226.015,0
226.122,0
226.229,0
226.336,8
226.442,15
226.549,0
226.656,7
226.763,9
226.87,0
226.977,0
227.084,10
227.191,0
227.298,0
227.404,0
227.511,15
227.618,0
227.725,0
227.832,3
227.939,5
228.046,19
228.153,0
228.26,0
228.366,0
228.473,4
228.58,26
228.687,0
228.794,123
228.901,180
229.008,73
229.115,19
229.222,0
229.328,0
229.435,10
229.542,0
229.649,1
229.756,15
229.863,0
229.97,2
230.077,0
230.184,5
230.29,0
230.397,8
230.504,0
230.611,0
230.718,0
230.825,0
230.932,23
231.039,52
231.146,14
231.252,0
231.359,0
231.466,14
231.573,5
231.68,0
231.787,11
231.894,29
232.001,3
232.108,0
232.214,0
232.321,1
232.428,0
232.535,13
232.642,0
232.749,0
232.856,16
232.963,21
233.07,0
233.176,0
233.283,12
233.39,0
233.497,6
233.604,16
233.711,24
233.818,0
233.925,13
234.031,12
234.138,0
234.245,17
234.352,1
234.459,11
234.566,21
234.673,0
234.78,15
234.887,2
234.993,0
235.1,0
235.207,0
235.314,9
235.421,0
235.528,10
235.635,0
235.742,0
235.849,18
235.955,13
236.062,21
236.169,0
236.276,10
236.383,23
236.49,0
236.597,0
236.704,44
236.81,0
236.917,0
237.024,11
237.131,0
237.238,0
237.345,5
237.452,0
237.559,12
237.666,27
237.772,6
237.879,30
237.986,0
238.093,24
238.2,37
238.307,14
238.414,0
238.521,0
238.628,9
238.734,14
238.841,10
238.948,0
239.055,0
239.162,11
239.269,0
239.376,9
239.483,23
239.589,0
239.696,18
239.803,36
239.91,11
240.017,0
240.124,10
240.231,0
240.338,0
240.445,0
240.551,11
240.658,6
240.765,0
240.872,0
240.979,0
241.086,29
241.193,14
241.3,11
241.406,0
241.513,0
241.62,38
241.727,28
241.834,0
241.941,0
242.048,1
242.155,21
242.262,0
242.368,0
242.475,11
242.582,32
242.689,30
242.796,32
242.903,0
243.01,5
243.117,8
243.223,4
243.33,0
243.437,15
243.544,6
243.651,9
243.758,0
243.865,16
243.972,12
244.079,0
244.185,0
244.292,0
244.399,1
244.506,3
244.613,5
244.72,0
244.827,13
244.934,31
245.04,0
245.147,0
245.254,18
245.361,12
245.468,11
245.575,15
245.682,0
245.789,2
245.896,4
246.002,20
246.109,3
246.216,0
246.323,0
246.43,0
246.537,30
246.644,15
246.751,5
246.857,5
246.964,13
247.071,1
247.178,0
247.285,35
247.392,43
247.499,52
247.606,36
247.712,0
247.819,26
247.926,0
248.033,0
248.14,0
248.247,0
248.354,0
248.461,17
248.567,0
248.674,8
248.781,0
248.888,19
248.995,0
249.102,27
249.209,0
249.316,25
249.423,26
249.529,0
249.636,13
249.743,9
249.85,0
249.957,4
250.064,0
250.171,3
250.278,4
250.384,13
250.491,0
250.598,0
250.705,3
250.812,13
250.919,0
251.026,8
251.133,22
251.239,30
251.346,11
251.453,5
251.56,0
251.667,2
251.774,11
251.881,26
251.988,6
252.094,0
252.201,0
252.308,34
252.415,29
252.522,0
252.629,0
252.736,11
252.843,0
252.949,0
253.056,11
253.163,3
253.27,0
253.377,6
253.484,0
253.591,0
253.698,0
253.804,26
253.911,38
254.018,9
254.125,0
254.232,10
254.339,12
254.446,16
254.553,0
254.659,0
254.766,0
254.873,0
254.98,29
255.087,14
255.194,7
255.301,3
255.408,15
255.514,8
255.621,25
255.728,0
255.835,0
255.942,7
256.049,2
256.156,1
256.263,1
256.369,0
256.476,12
256.583,0
256.69,0
256.797,0
256.904,3
257.011,25
257.118,0
257.224,0
257.331,36
257.438,48
257.545,18
257.652,8
257.759,6
257.866,0
257.973,0
258.079,1
258.186,2
258.293,12
258.4,0
258.507,0
258.614,28
258.721,0
258.828,1
258.934,8
259.041,14
259.148,5
259.255,13
259.362,18
259.469,0
259.576,0
259.683,0
259.789,7
259.896,12
260.003,0
260.11,0
260.217,20
260.324,33
260.431,11
260.537,0
260.644,0
260.751,0
260.858,16
260.965,0
261.072,0
261.179,8
261.286,0
261.392,13
261.499,3
261.606,0
261.713,1
261.82,31
261.927,0
262.034,4
262.141,23
262.247,0
262.354,2
262.461,0
262.568,0
262.675,0
262.782,0
262.889,0
262.996,9
263.102,37
263.209,0
263.316,6
263.423,1
263.53,0
263.637,12
263.744,76
263.85,72
263.957,33
264.064,0
264.171,0
264.278,0
264.385,0
264.492,10
264.599,6
264.705,0
264.812,0
264.919,0
265.026,0
265.133,0
265.24,9
265.347,0
265.454,0
265.56,8
265.667,3
265.774,0
265.881,0
265.988,26
266.095,20
266.202,20
266.308,0
266.415,8
266.522,16
266.629,11
266.736,0
266.843,22
266.95,8
267.057,25
267.163,2
267.27,10
267.377,27
267.484,0
267.591,12
267.698,9
267.805,0
267.911,33
268.018,6
268.125,27
268.232,2
268.339,0
268.446,11
268.553,12
268.66,0
268.766,6
268.873,0
268.98,0
269.087,0
269.194,1
269.301,0
269.408,0
269.514,0
269.621,0
269.728,11
269.835,0
269.942,11
270.049,6
270.156,0
270.263,0
270.369,12
270.476,1
270.583,0
270.69,14
270.797,0
270.904,1
271.011,0
271.117,15
271.224,3
271.331,0
271.438,3
271.545,0
271.652,6
271.759,0
271.866,13
271.972,0
272.079,0
272.186,9
272.293,17
272.4,12
272.507,0
272.614,44
272.72,0
272.827,0
272.934,7
273.041,0
273.148,0
273.255,0
273.362,11
273.468,0
273.575,0
273.682,26
273.789,28
273.896,7
274.003,0
274.11,2
274.217,0
274.323,0
274.43,0
274.537,0
274.644,20
274.751,0
274.858,19
274.965,0
275.071,0
275.178,0
275.285,5
275.392,6
275.499,0
275.606,0
275.713,8
275.819,0
275.926,0
276.033,0
276.14,0
276.247,0
276.354,12
276.461,11
276.567,33
276.674,21
276.781,6
276.888,0
276.995,0
277.102,0
277.209,0
277.315,0
277.422,0
277.529,0
277.636,0
277.743,0
277.85,19
277.957,14
278.064,0
278.17,0
278.277,15
278.384,6
278.491,0
278.598,0
278.705,10
278.812,8
278.918,0
279.025,0
279.132,0
279.239,5
279.346,0
279.453,1
279.56,0
279.666,0
279.773,12
279.88,9
279.987,17
280.094,0
280.201,11
280.308,0
280.414,0
280.521,23
280.628,14
280.735,0
280.842,0
280.949,0
281.056,18
281.162,0
281.269,2
281.376,9
281.483,0
281.59,21
281.697,0
281.804,12
281.91,14
282.017,36
282.124,7
282.231,0
282.338,0
282.445,4
282.552,13
282.658,0
282.765,15
282.872,4
282.979,0
283.086,0
283.193,25
283.3,23
283.406,0
283.513,0
283.62,13
283.727,4
283.834,0
283.941,0
284.048,0
284.154,0
284.261,0
284.368,52
284.475,62
284.582,28
284.689,0
284.796,0
284.902,0
285.009,0
285.116,12
285.223,10
285.33,0
285.437,0
285.544,0
285.65,0
285.757,9
285.864,6
285.971,0
286.078,12
286.185,0
286.292,14
286.398,14
286.505,0
286.612,0
286.719,0
286.826,0
286.933,0
287.039,0
287.146,0
287.253,0
287.36,4
287.467,0
287.574,0
287.681,0
287.787,0
287.894,30
288.001,0
288.108,15
288.215,0
288.322,0
288.429,0
288.535,1
288.642,0
288.749,0
288.856,0
288.963,0
289.07,15
289.177,8
289.283,0
289.39,12
289.497,3
289.604,2
289.711,0
289.818,15
289.924,0
290.031,16
290.138,19
290.245,20
290.352,6
290.459,0
290.566,0
290.672,0
290.779,0
290.886,0
290.993,0
291.1,19
291.207,9
291.314,32
291.42,18
291.527,15
291.634,0
291.741,0
291.848,0
291.955,7
292.062,0
292.168,0
292.275,15
292.382,0
292.489,2
292.596,2
292.703,0
292.809,8
292.916,2
293.023,0
293.13,0
293.237,1
293.344,0
293.451,29
293.557,0
293.664,0
293.771,0
293.878,10
293.985,7
294.092,0
294.198,3
294.305,0
294.412,27
294.519,15
294.626,0
294.733,7
294.84,0
294.946,0
295.053,29
295.16,6
295.267,0
295.374,0
295.481,0
295.588,2
295.694,27
295.801,0
295.908,0
296.015,0
296.122,0
296.229,5
296.335,39
296.442,1
296.549,0
296.656,0
296.763,14
296.87,14
296.977,6
297.083,16
297.19,6
297.297,8
297.404,0
297.511,3
297.618,0
297.724,2
297.831,5
297.938,0
298.045,0
298.152,0
298.259,8
298.365,0
298.472,0
298.579,0
298.686,3
298.793,0
298.9,3
299.007,0
299.113,8
299.22,1
299.327,0
299.434,2
299.541,0
299.648,0
299.754,4
299.861,10
299.968,0
300.075,0
300.182,0
300.289,21
300.396,0
300.502,0
300.609,0
300.716,10
300.823,17
300.93,0
301.037,4
301.143,4
301.25,5
301.357,9
301.464,0
301.571,30
301.678,0
301.784,0
301.891,0
301.998,0
302.105,9
302.212,0
302.319,4
302.426,19
302.532,42
302.639,26
302.746,5
302.853,0
302.96,12
303.067,18
303.173,1
303.28,0
303.387,0
303.494,7
303.601,0
303.708,0
303.814,19
303.921,17
304.028,6
304.135,0
304.242,0
304.349,34
304.456,8
304.562,0
304.669,0
304.776,14
304.883,0
304.99,0
305.097,21
305.203,26
305.31,0
305.417,0
305.524,7
305.631,0
305.738,21
305.844,15
305.951,15
306.058,0
306.165,0
306.272,13
306.379,0
306.485,16
306.592,0
306.699,0
306.806,4
306.913,0
307.02,13
307.126,5
307.233,22
307.34,8
307.447,24
307.554,9
307.661,4
307.767,0
307.874,19
307.981,0
308.088,0
308.195,24
308.302,4
308.409,22
308.515,0
308.622,2
308.729,28
308.836,37
308.943,1
309.05,28
309.156,27
309.263,0
309.37,14
309.477,9
309.584,11
309.691,5
309.797,25
309.904,0
310.011,0
310.118,0
310.225,21
310.332,38
310.438,0
310.545,0
310.652,0
310.759,0
310.866,8
310.973,3
311.079,16
311.186,0
311.293,0
311.4,0
311.507,0
311.614,0
311.72,1
311.827,0
311.934,17
312.041,43
312.148,12
312.255,35
312.361,15
312.468,69
312.575,53
312.682,34
312.789,0
312.896,6
313.002,0
313.109,0
313.216,13
313.323,0
313.43,16
313.537,10
313.643,0
313.75,22
313.857,15
313.964,0
314.071,0
314.178,32
314.284,17
314.391,8
314.498,0
314.605,16
314.712,0
314.819,0
314.925,9
315.032,29
315.139,43
315.246,47
315.353,45
315.46,0
315.566,15
315.673,0
315.78,0
315.887,6
315.994,22
316.1,0
316.207,0
316.314,0
316.421,24
316.528,33
316.635,0
316.741,0
316.848,58
316.955,36
317.062,17
317.169,7
317.276,20
317.382,8
317.489,0
317.596,26
317.703,1
317.81,0
317.917,0
318.023,0
318.13,0
318.237,0
318.344,0
318.451,11
318.558,34
318.664,11
318.771,0
318.878,14
318.985,10
319.092,4
319.199,0
319.305,0
319.412,0
319.519,0
319.626,0
319.733,5
319.839,0
319.946,0
320.053,0
320.16,4
320.267,10
320.374,0
320.48,0
320.587,23
320.694,2
320.801,0
320.908,9
321.015,1
321.121,0
321.228,0
321.335,0
321.442,0
321.549,29
321.655,22
321.762,0
321.869,0
321.976,10
322.083,0
322.19,22
322.296,0
322.403,4
322.51,24
322.617,13
322.724,0
322.831,12
322.937,0
323.044,21
323.151,0
323.258,0
323.365,0
323.472,0
323.578,11
323.685,9
323.792,0
323.899,0
324.006,30
324.112,18
324.219,0
324.326,3
324.433,12
324.54,0
324.647,0
324.753,7
324.86,0
324.967,6
325.074,17
325.181,3
325.287,4
325.394,9
325.501,10
325.608,0
325.715,9
325.822,0
325.928,0
326.035,0
326.142,0
326.249,6
326.356,0
326.463,0
326.569,10
326.676,7
326.783,14
326.89,14
326.997,0
327.103,70
327.21,30
327.317,27
327.424,0
327.531,3
327.638,17
327.744,25
327.851,15
327.958,14
328.065,34
328.172,53
328.278,2
328.385,13
328.492,0
328.599,0
328.706,10
328.813,26
328.919,10
329.026,19
329.133,0
329.24,38
329.347,17
329.453,0
329.56,16
329.667,10
329.774,5
329.881,0
329.988,22
330.094,22
330.201,0
330.308,1
330.415,8
330.522,26
330.628,0
330.735,14
330.842,5
330.949,15
331.056,135
331.162,106
331.269,75
331.376,9
331.483,0
331.59,5
331.697,25
331.803,13
331.91,0
332.017,8
332.124,25
332.231,2
332.337,0
332.444,0
332.551,0
332.658,14
332.765,0
332.872,0
332.978,1
333.085,28
333.192,0
333.299,14
333.406,7
333.512,0
333.619,3
333.726,15
333.833,28
333.94,0
334.046,1
334.153,0
334.26,0
334.367,15
334.474,5
334.581,0
334.687,0
334.794,0
334.901,1
335.008,15
335.115,0
335.221,6
335.328,8
335.435,0
335.542,0
335.649,3
335.755,8
335.862,8
335.969,0
336.076,9
336.183,0
336.29,15
336.396,31
336.503,1
336.61,0
336.717,4
336.824,4
336.93,18
337.037,9
337.144,0
337.251,0
337.358,7
337.464,0
337.571,0
337.678,0
337.785,38
337.892,27
337.998,14
338.105,0
338.212,0
338.319,18
338.426,0
338.533,18
338.639,24
338.746,8
338.853,0
338.96,0
339.067,6
339.173,11
339.28,0
339.387,0
339.494,13
339.601,0
339.707,16
339.814,17
339.921,0
340.028,0
340.135,4
340.241,2
340.348,0
340.455,35
340.562,0
340.669,0
340.775,17
340.882,0
340.989,0
341.096,12
341.203,0
341.309,6
341.416,3
341.523,0
341.63,0
341.737,0
341.844,16
341.95,0
342.057,0
342.164,0
342.271,134
342.378,158
342.484,44
342.591,0
342.698,0
342.805,7
342.912,0
343.018,6
343.125,0
343.232,0
343.339,0
343.446,10
343.552,7
343.659,0
343.766,0
343.873,25
343.98,7
344.086,2
344.193,0
344.3,0
344.407,4
344.514,0
344.62,0
344.727,8
344.834,0
344.941,0
345.048,8
345.154,38
345.261,0
345.368,0
345.475,0
345.582,15
345.688,0
345.795,0
345.902,22
346.009,10
346.116,0
346.222,0
346.329,0
346.436,0
346.543,0
346.65,16
346.756,0
346.863,0
346.97,21
347.077,17
347.184,24
347.29,0
347.397,0
347.504,0
347.611,13
347.718,27
347.824,0
347.931,11
348.038,0
348.145,0
348.252,0
348.358,0
348.465,46
348.572,36
348.679,0
348.786,0
348.892,21
348.999,0
349.106,0
349.213,8
349.32,27
349.426,13
349.533,2
349.64,14
349.747,15
349.854,0
349.96,0
350.067,22
350.174,0
350.281,0
350.388,3
350.494,0
350.601,0
350.708,15
350.815,0
350.922,0
351.028,0
351.135,0
351.242,0
351.349,0
351.456,2
351.562,22
351.669,24
351.776,0
351.883,0
351.989,18
352.096,0
352.203,0
352.31,0
352.417,7
352.523,0
352.63,0
352.737,26
352.844,20
352.951,0
353.057,1
353.164,12
353.271,16
353.378,6
353.485,18
353.591,0
353.698,0
353.805,13
353.912,0
354.019,0
354.125,14
354.232,9
354.339,0
354.446,0
354.553,0
354.659,15
354.766,21
354.873,1
354.98,0
355.086,0
355.193,0
355.3,0
355.407,25
355.514,0
355.62,0
355.727,7
355.834,13
355.941,7
356.048,0
356.154,32
356.261,44
356.368,11
356.475,0
356.582,0
356.688,17
356.795,2
356.902,0
357.009,0
357.115,10
357.222,0
357.329,0
357.436,4
357.543,27
357.649,20
357.756,19
357.863,4
357.97,17
358.077,46
358.183,7
358.29,15
358.397,41
358.504,30
358.61,8
358.717,19
358.824,0
358.931,0
359.038,30
359.144,78
359.251,43
359.358,0
359.465,5
359.572,15
359.678,0
359.785,0
359.892,2
359.999,22
360.105,0
360.212,2
360.319,25
360.426,8
360.533,0
360.639,2
360.746,0
360.853,13
360.96,15
361.067,11
361.173,0
361.28,0
361.387,7
361.494,0
361.6,0
361.707,0
361.814,8
361.921,0
362.028,0
362.134,13
362.241,0
362.348,0
362.455,28
362.562,11
362.668,0
362.775,27
362.882,14
362.989,0
363.095,3
363.202,0
363.309,0
363.416,8
363.523,0
363.629,0
363.736,8
363.843,0
363.95,0
364.056,16
364.163,0
364.27,20
364.377,14
364.484,58
364.59,119
364.697,99
364.804,22
364.911,3
365.017,0
365.124,7
365.231,9
365.338,5
365.445,0
365.551,0
365.658,6
365.765,3
365.872,8
365.979,0
366.085,30
366.192,11
366.299,0
366.406,3
366.512,79
366.619,159
366.726,76
366.833,42
366.94,0
367.046,0
367.153,2
367.26,15
367.367,10
367.473,0
367.58,0
367.687,18
367.794,24
367.9,0
368.007,2
368.114,0
368.221,0
368.328,8
368.434,18
368.541,14
368.648,0
368.755,19
368.861,21
368.968,0
369.075,0
369.182,0
369.289,29
369.395,8
369.502,0
369.609,0
369.716,0
369.822,36
369.929,13
370.036,13
370.143,8
370.25,0
370.356,7
370.463,0
370.57,0
370.677,27
370.783,13
370.89,8
370.997,29
371.104,5
371.211,0
371.317,19
371.424,13
371.531,0
371.638,0
371.744,25
371.851,6
371.958,0
372.065,0
372.171,0
372.278,30
372.385,22
372.492,5
372.599,0
372.705,18
372.812,32
372.919,0
373.026,4
373.132,0
373.239,0
373.346,0
373.453,8
373.559,17
373.666,6
373.773,17
373.88,4
373.987,23
374.093,4
374.2,26
374.307,30
374.414,7
374.52,13
374.627,0
374.734,12
374.841,3
374.947,0
375.054,0
375.161,0
375.268,0
375.375,0
375.481,0
375.588,22
375.695,0
375.802,12
375.908,22
376.015,19
376.122,1
376.229,10
376.335,0
376.442,0
376.549,0
376.656,0
376.763,0
376.869,36
376.976,23
377.083,0
377.19,15
377.296,2
377.403,9
377.51,54
377.617,1
377.723,0
377.83,10
377.937,6
378.044,0
378.15,32
378.257,34
378.364,0
378.471,24
378.578,9
378.684,12
378.791,3
378.898,0
379.005,0
379.111,0
379.218,15
379.325,7
379.432,0
379.538,12
379.645,28
379.752,7
379.859,0
379.965,0
380.072,22
380.179,0
380.286,0
380.392,0
380.499,21
380.606,27
380.713,5
380.82,0
380.926,39
381.033,7
381.14,0
381.247,25
381.353,14
381.46,13
381.567,0
381.674,12
381.78,0
381.887,0
381.994,0
382.101,0
382.207,12
382.314,0
382.421,0
382.528,14
382.634,28
382.741,20
382.848,1
382.955,17
383.061,0
383.168,8
383.275,0
383.382,0
383.488,13
383.595,0
383.702,0
383.809,25
383.916,11
384.022,6
384.129,0
384.236,0
384.343,1
384.449,0
384.556,23
384.663,4
384.77,0
384.876,6
384.983,4
385.09,3
385.197,2
385.303,8
385.41,0
385.517,14
385.624,11
385.73,0
385.837,22
385.944,20
386.051,7
386.157,0
386.264,9
386.371,11
386.478,6
386.584,18
386.691,47
386.798,7
386.905,0
387.011,5
387.118,0
387.225,0
387.332,26
387.438,5
387.545,0
387.652,20
387.759,6
387.865,2
387.972,0
388.079,3
388.186,10
388.292,0
388.399,11
388.506,30
388.613,0
388.719,2
388.826,17
388.933,22
389.04,0
389.146,0
389.253,6
389.36,6
389.467,4
389.573,8
389.68,0
389.787,1
389.894,7
390,0
390.107,0
390.214,14
390.321,0
390.427,0
390.534,0
390.641,10
390.748,24
390.854,0
390.961,0
391.068,0
391.175,69
391.281,12
391.388,0
391.495,0
391.602,16
391.708,17
391.815,0
391.922,0
392.029,24
392.135,0
392.242,20
392.349,22
392.456,0
392.562,0
392.669,6
392.776,3
392.883,0
392.989,0
393.096,0
393.203,0
393.31,0
393.416,0
393.523,7
393.63,7
393.737,0
393.843,0
393.95,30
394.057,0
394.164,21
394.27,18
394.377,0
394.484,0
394.591,18
394.697,3
394.804,0
394.911,0
395.018,8
395.124,0
395.231,0
395.338,10
395.445,23
395.551,0
395.658,0
395.765,0
395.871,14
395.978,2
396.085,1
396.192,17
396.298,19
396.405,0
396.512,5
396.619,4
396.725,8
396.832,23
396.939,0
397.046,9
397.152,0
397.259,2
397.366,3
397.473,0
397.579,0
397.686,1
397.793,3
397.9,0
398.006,5
398.113,0
398.22,0
398.327,0
398.433,14
398.54,13
398.647,30
398.753,0
398.86,0
398.967,21
399.074,6
399.18,16
399.287,0
399.394,0
399.501,0
399.607,12
399.714,4
399.821,0
399.928,0
400.034,7
400.141,0
400.248,0
400.355,29
400.461,2
400.568,15
400.675,10
400.781,0
400.888,16
400.995,106
401.102,101
401.208,44
401.315,4
401.422,0
401.529,23
401.635,10
401.742,8
401.849,28
401.956,4
402.062,0
402.169,0
402.276,14
402.382,0
402.489,0
402.596,0
402.703,0
402.809,0
402.916,8
403.023,3
403.13,0
403.236,0
403.343,6
403.45,22
403.557,12
403.663,0
403.77,0
403.877,22
403.983,24
404.09,10
404.197,0
404.304,10
404.41,0
404.517,0
404.624,0
404.731,8
404.837,3
404.944,0
405.051,0
405.158,0
405.264,0
405.371,0
405.478,60
405.584,100
405.691,58
405.798,10
405.905,0
406.011,0
406.118,0
406.225,1
406.332,1
406.438,0
406.545,7
406.652,9
406.758,3
406.865,14
406.972,0
407.079,0
407.185,26
407.292,0
407.399,0
407.506,0
407.612,0
407.719,3
407.826,8
407.932,0
408.039,8
408.146,0
408.253,12
408.359,0
408.466,7
408.573,11
408.68,18
408.786,0
408.893,6
409,24
409.106,7
409.213,2
409.32,6
409.427,0
409.533,2
409.64,0
409.747,11
409.853,12
409.96,6
410.067,0
410.174,8
410.28,26
410.387,8
410.494,0
410.601,0
410.707,0
410.814,5
410.921,0
411.027,49
411.134,68
411.241,9
411.348,0
411.454,0
411.561,0
411.668,10
411.774,7
411.881,3
411.988,6
412.095,3
412.201,0
412.308,0
412.415,0
412.522,41
412.628,36
412.735,0
412.842,0
412.948,12
413.055,19
413.162,0
413.269,0
413.375,5
413.482,0
413.589,2
413.695,0
413.802,0
413.909,12
414.016,0
414.122,10
414.229,14
414.336,2
414.442,14
414.549,6
414.656,2
414.763,20
414.869,0
414.976,0
415.083,4
415.189,0
415.296,11
415.403,2
415.51,16
415.616,10
415.723,9
415.83,0
415.936,0
416.043,29
416.15,22
416.257,41
416.363,5
416.47,5
416.577,13
416.683,36
416.79,0
416.897,0
417.004,0
417.11,1
417.217,0
417.324,24
417.43,6
417.537,0
417.644,16
417.751,24
417.857,21
417.964,26
418.071,46
418.177,49
418.284,19
418.391,52
418.498,81
418.604,27
418.711,0
418.818,0
418.924,10
419.031,0
419.138,20
419.245,10
419.351,24
419.458,16
419.565,0
419.671,0
419.778,19
419.885,3
419.992,0
420.098,0
420.205,0
420.312,0
420.418,0
420.525,6
420.632,0
420.738,2
420.845,46
420.952,25
421.059,57
421.165,233
421.272,146
421.379,78
421.485,26
421.592,0
421.699,0
421.806,0
421.912,25
422.019,0
422.126,0
422.232,0
422.339,0
422.446,0
422.552,2
422.659,0
422.766,0
422.873,0
422.979,0
423.086,0
423.193,39
423.299,36
423.406,6
423.513,0
423.62,0
423.726,5
423.833,0
423.94,8
424.046,4
424.153,0
424.26,0
424.366,0
424.473,16
424.58,0
424.687,0
424.793,6
424.9,0
425.007,0
425.113,0
425.22,2
425.327,1
425.433,6
425.54,0
425.647,0
425.754,0
425.86,15
425.967,0
426.074,5
426.18,15
426.287,55
426.394,23
426.5,0
426.607,6
426.714,0
426.821,0
426.927,0
427.034,3
427.141,0
427.247,0
427.354,22
427.461,3
427.567,20
427.674,26
427.781,13
427.888,0
427.994,68
428.101,141
428.208,138
428.314,124
428.421,55
428.528,9
428.634,0
428.741,6
428.848,0
428.955,70
429.061,188
429.168,83
429.275,31
429.381,0
429.488,3
429.595,26
429.701,8
429.808,21
429.915,52
430.021,218
430.128,179
430.235,76
430.342,185
430.448,250
430.555,161
430.662,217
430.768,160
430.875,115
430.982,45
431.088,30
431.195,20
431.302,17
431.409,4
431.515,37
431.622,0
431.729,0
431.835,0
431.942,11
432.049,145
432.155,141
432.262,61
432.369,0
432.475,0
432.582,3
432.689,9
432.796,31
432.902,0
433.009,33
433.116,0
433.222,0
433.329,0
433.436,85
433.542,146
433.649,0
433.756,0
433.862,29
433.969,43
434.076,3
434.182,0
434.289,0
434.396,26
434.503,39
434.609,38
434.716,12
434.823,0
434.929,12
435.036,23
435.143,0
435.249,0
435.356,0
435.463,0
435.569,19
435.676,52
435.783,74
435.889,52
435.996,0
436.103,0
436.21,3
436.316,3
436.423,0
436.53,0
436.636,0
436.743,0
436.85,0
436.956,0
437.063,12
437.17,0
437.276,0
437.383,14
437.49,10
437.596,0
437.703,13
437.81,0
437.916,29
438.023,0
438.13,17
438.237,26
438.343,18
438.45,3
438.557,132
438.663,224
438.77,121
438.877,14
438.983,0
439.09,2
439.197,0
439.303,0
439.41,0
439.517,6
439.623,6
439.73,0
439.837,0
439.943,56
440.05,79
440.157,52
440.263,0
440.37,10
440.477,0
440.583,0
440.69,0
440.797,8
440.904,7
441.01,0
441.117,23
441.224,0
441.33,4
441.437,0
441.544,0
441.65,1
441.757,3
441.864,7
441.97,26
442.077,21
442.184,0
442.29,34
442.397,27
442.504,24
442.61,0
442.717,0
442.824,10
442.93,17
443.037,33
443.144,17
443.25,0
443.357,0
443.464,5
443.57,4
443.677,0
443.784,32
443.89,0
443.997,0
444.104,0
444.21,0
444.317,0
444.424,0
444.53,24
444.637,23
444.744,4
444.851,10
444.957,0
445.064,7
445.171,0
445.277,14
445.384,14
445.491,0
445.597,1
445.704,29
445.811,11
445.917,12
446.024,25
446.131,0
446.237,0
446.344,0
446.451,8
446.557,6
446.664,10
446.771,0
446.877,7
446.984,0
447.091,5
447.197,0
447.304,25
447.411,0
447.517,0
447.624,0
447.731,17
447.837,4
447.944,0
448.051,15
448.157,0
448.264,13
448.371,4
448.477,10
448.584,0
448.691,7
448.797,2
448.904,22
449.011,28
449.117,0
449.224,0
449.331,2
449.437,0
449.544,0
449.651,6
449.757,2
449.864,43
449.971,0
450.077,1
450.184,24
450.291,16
450.397,2
450.504,20
450.611,22
450.717,43
450.824,0
450.931,0
451.037,26
451.144,48
451.251,32
451.357,22
451.464,0
451.571,5
451.677,0
451.784,16
451.891,0
451.997,18
452.104,45
452.21,13
452.317,17
452.424,0
452.53,17
452.637,18
452.744,0
452.85,10
452.957,0
453.064,0
453.17,0
453.277,0
453.384,0
453.49,1
453.597,0
453.704,13
453.81,0
453.917,0
454.024,10
454.13,6
454.237,0
454.344,0
454.45,0
454.557,0
454.664,0
454.77,2
454.877,19
454.984,0
455.09,0
455.197,48
455.304,24
455.41,12
455.517,0
455.624,6
455.73,6
455.837,7
455.944,0
456.05,25
456.157,8
456.263,0
456.37,0
456.477,0
456.583,0
456.69,0
456.797,10
456.903,3
457.01,0
457.117,10
457.223,16
457.33,14
457.437,22
457.543,0
457.65,0
457.757,18
457.863,5
457.97,10
458.077,4
458.183,4
458.29,16
458.397,32
458.503,32
458.61,0
458.716,22
458.823,0
458.93,5
459.036,9
459.143,25
459.25,22
459.356,5
459.463,1
459.57,0
459.676,0
459.783,8
459.89,8
459.996,0
460.103,11
460.21,0
460.316,0
460.423,33
460.53,36
460.636,17
460.743,3
460.849,0
460.956,14
461.063,0
461.169,0
461.276,6
461.383,0
461.489,0
461.596,32
461.703,21
461.809,12
461.916,0
462.023,113
462.129,138
462.236,78
462.342,30
462.449,9
462.556,0
462.662,0
462.769,27
462.876,19
462.982,0
463.089,0
463.196,0
463.302,1
463.409,18
463.516,20
463.622,38
463.729,0
463.835,20
463.942,35
464.049,20
464.155,2
464.262,4
464.369,3
464.475,74
464.582,70
464.689,29
464.795,15
464.902,0
465.009,0
465.115,15
465.222,8
465.328,4
465.435,12
465.542,0
465.648,0
465.755,0
465.862,21
465.968,16
466.075,11
466.182,0
466.288,6
466.395,12
466.501,0
466.608,0
466.715,0
466.821,39
466.928,12
467.035,0
467.141,0
467.248,1
467.355,11
467.461,1
467.568,0
467.674,10
467.781,3
467.888,0
467.994,0
468.101,34
468.208,14
468.314,15
468.421,0
468.528,1
468.634,17
468.741,14
468.847,7
468.954,23
469.061,9
469.167,15
469.274,1
469.381,12
469.487,5
469.594,2
469.701,0
469.807,15
469.914,0
470.02,0
470.127,0
470.234,0
470.34,7
470.447,4
470.554,0
470.66,0
470.767,0
470.873,0
470.98,20
471.087,0
471.193,0
471.3,0
471.407,0
471.513,20
471.62,24
471.727,0
471.833,0
471.94,0
472.046,0
472.153,12
472.26,17
472.366,25
472.473,8
472.58,11
472.686,17
472.793,29
472.899,23
473.006,6
473.113,15
473.219,38
473.326,0
473.433,0
473.539,2
473.646,8
473.752,0
473.859,0
473.966,0
474.072,4
474.179,0
474.286,5
474.392,28
474.499,9
474.605,4
474.712,12
474.819,17
474.925,0
475.032,0
475.139,4
475.245,0
475.352,0
475.458,32
475.565,0
475.672,11
475.778,0
475.885,0
475.992,0
476.098,1
476.205,0
476.311,0
476.418,0
476.525,29
476.631,0
476.738,18
476.844,0
476.951,8
477.058,0
477.164,0
477.271,0
477.378,0
477.484,3
477.591,32
477.697,1
477.804,14
477.911,64
478.017,94
478.124,48
478.231,15
478.337,0
478.444,10
478.55,14
478.657,28
478.764,0
478.87,0
478.977,0
479.083,0
479.19,18
479.297,0
479.403,0
479.51,0
479.617,15
479.723,10
479.83,0
479.936,18
480.043,11
480.15,0
480.256,20
480.363,8
480.469,36
480.576,10
480.683,28
480.789,8
480.896,0
481.003,17
481.109,0
481.216,0
481.322,0
481.429,12
481.536,20
481.642,3
481.749,1
481.855,0
481.962,6
482.069,10
482.175,4
482.282,0
482.388,0
482.495,7
482.602,19
482.708,0
482.815,10
482.922,27
483.028,0
483.135,0
483.241,0
483.348,0
483.455,0
483.561,3
483.668,2
483.774,8
483.881,11
483.988,22
484.094,0
484.201,0
484.307,0
484.414,11
484.521,1
484.627,0
484.734,22
484.84,18
484.947,0
485.054,6
485.16,0
485.267,6
485.373,0
485.48,0
485.587,2
485.693,13
485.8,22
485.907,0
486.013,0
486.12,4
486.226,31
486.333,5
486.44,0
486.546,4
486.653,0
486.759,0
486.866,4
486.973,0
487.079,0
487.186,9
487.292,33
487.399,2
487.506,0
487.612,24
487.719,16
487.825,4
487.932,15
488.039,0
488.145,0
488.252,14
488.358,49
488.465,0
488.572,0
488.678,2
488.785,0
488.891,0
488.998,0
489.105,0
489.211,15
489.318,0
489.424,5
489.531,0
489.638,3
489.744,0
489.851,0
489.957,0
490.064,0
490.171,14
490.277,0
490.384,0
490.49,9
490.597,30
490.704,0
490.81,0
490.917,36
491.023,0
491.13,0
491.237,0
491.343,0
491.45,2
491.556,0
491.663,8
491.769,0
491.876,2
491.983,9
492.089,5
492.196,0
492.302,0
492.409,0
492.516,9
492.622,0
492.729,0
492.835,11
492.942,5
493.049,0
493.155,0
493.262,3
493.368,83
493.475,53
493.582,15
493.688,0
493.795,5
493.901,0
494.008,5
494.114,0
494.221,33
494.328,44
494.434,21
494.541,0
494.647,8
494.754,31
494.861,0
494.967,0
495.074,0
495.18,0
495.287,0
495.394,0
495.5,0
495.607,3
495.713,0
495.82,0
495.926,21
496.033,24
496.14,0
496.246,0
496.353,4
496.459,0
496.566,10
496.673,0
496.779,0
496.886,13
496.992,0
497.099,0
497.206,1
497.312,14
497.419,0
497.525,0
497.632,0
497.738,0
497.845,21
497.952,12
498.058,2
498.165,7
498.271,0
498.378,1
498.485,52
498.591,86
498.698,49
498.804,4
498.911,0
499.017,18
499.124,0
499.231,29
499.337,35
499.444,1
499.55,0
499.657,0
499.763,0
499.87,0
499.977,0
500.083,0
500.19,0
500.296,0
500.403,18
500.51,0
500.616,24
500.723,0
500.829,16
500.936,1
501.042,24
501.149,0
501.256,2
501.362,3
501.469,0
501.575,0
501.682,14
501.788,10
501.895,0
502.002,41
502.108,8
502.215,7
502.321,0
502.428,2
502.534,8
502.641,12
502.748,0
502.854,1
502.961,20
503.067,8
503.174,4
503.281,0
503.387,0
503.494,2
503.6,18
503.707,2
503.813,0
503.92,4
504.027,32
504.133,13
504.24,0
504.346,0
504.453,0
504.559,6
504.666,0
504.773,4
504.879,3
504.986,0
505.092,0
505.199,10
505.305,0
505.412,16
505.518,0
505.625,18
505.732,17
505.838,0
505.945,0
506.051,0
506.158,13
506.264,0
506.371,0
506.478,6
506.584,0
506.691,0
506.797,2
506.904,0
507.01,12
507.117,11
507.224,0
507.33,10
507.437,2
507.543,0
507.65,0
507.756,0
507.863,0
507.97,12
508.076,0
508.183,0
508.289,0
508.396,4
508.502,62
508.609,16
508.715,0
508.822,20
508.929,0
509.035,7
509.142,7
509.248,7
509.355,0
509.461,0
509.568,17
509.675,0
509.781,0
509.888,30
509.994,31
510.101,65
510.207,67
510.314,20
510.42,0
510.527,0
510.634,0
510.74,26
510.847,17
510.953,0
511.06,5
511.166,0
511.273,0
511.379,22
511.486,0
511.593,4
511.699,8
511.806,0
511.912,1
512.019,22
512.125,25
512.232,30
512.339,37
512.445,37
512.552,82
512.658,50
512.765,53
512.871,29
512.978,64
513.084,194
513.191,363
513.298,498
513.404,428
513.511,627
513.617,1075
513.724,1219
513.83,757
513.937,275
514.043,34
514.15,0
514.256,81
514.363,298
514.47,465
514.576,385
514.683,255
514.789,174
514.896,52
515.002,120
515.109,118
515.215,42
515.322,17
515.429,0
515.535,0
515.642,0
515.748,20
515.855,39
515.961,119
516.068,86
516.174,121
516.281,90
516.388,35
516.494,8
516.601,0
516.707,0
516.814,16
516.92,137
517.027,279
517.133,194
517.24,46
517.346,20
517.453,20
517.56,21
517.666,49
517.773,13
517.879,137
517.986,209
518.092,193
518.199,206
518.305,198
518.412,259
518.518,305
518.625,235
518.732,163
518.838,120
518.945,0
519.051,0
519.158,31
519.264,9
519.371,0
519.477,0
519.584,4
519.69,0
519.797,16
519.903,49
520.01,42
520.117,44
520.223,33
520.33,10
520.436,12
520.543,0
520.649,17
520.756,0
520.862,0
520.969,3
521.075,0
521.182,18
521.289,12
521.395,4
521.502,0
521.608,3
521.715,19
521.821,30
521.928,30
522.034,2
522.141,30
522.247,1
522.354,0
522.46,0
522.567,0
522.674,0
522.78,0
522.887,0
522.993,7
523.1,0
523.206,0
523.313,0
523.419,0
523.526,0
523.632,0
523.739,0
523.845,1
523.952,4
524.058,4
524.165,0
524.272,9
524.378,0
524.485,11
524.591,0
524.698,13
524.804,18
524.911,17
525.017,0
525.124,6
525.23,10
525.337,15
525.443,0
525.55,10
525.656,10
525.763,0
525.87,0
525.976,0
526.083,22
526.189,0
526.296,0
526.402,35
526.509,31
526.615,0
526.722,17
526.828,18
526.935,0
527.041,16
527.148,10
527.254,0
527.361,0
527.467,0
527.574,3
527.68,8
527.787,10
527.894,0
528,0
528.107,15
528.213,24
528.32,0
528.426,17
528.533,9
528.639,92
528.746,110
528.852,56
528.959,10
529.065,0
529.172,0
529.278,0
529.385,0
529.491,0
529.598,0
529.704,0
529.811,39
529.918,21
530.024,0
530.131,22
530.237,0
530.344,8
530.45,0
530.557,0
530.663,0
530.77,0
530.876,8
530.983,0
531.089,0
531.196,3
531.302,0
531.409,13
531.515,50
531.622,54
531.728,26
531.835,0
531.941,11
532.048,0
532.154,12
532.261,0
532.367,0
532.474,0
532.581,0
532.687,0
532.794,1
532.9,8
533.007,0
533.113,10
533.22,0
533.326,0
533.433,7
533.539,1
533.646,16
533.752,7
533.859,0
533.965,7
534.072,15
534.178,0
534.285,8
534.391,3
534.498,0
534.604,7
534.711,20
534.817,8
534.924,9
535.03,0
535.137,0
535.243,15
535.35,7
535.456,0
535.563,0
535.669,14
535.776,5
535.882,22
535.989,0
536.095,0
536.202,17
536.308,13
536.415,4
536.521,0
536.628,0
536.735,4
536.841,0
536.948,0
537.054,25
537.161,0
537.267,0
537.374,0
537.48,24
537.587,17
537.693,0
537.8,0
537.906,0
538.013,4
538.119,1
538.226,0
538.332,0
538.439,0
538.545,12
538.652,6
538.758,7
538.865,0
538.971,2
539.078,5
539.184,31
539.291,0
539.397,17
539.504,32
539.61,0
539.717,8
539.823,4
539.93,22
540.036,7
540.143,22
540.249,0
540.356,0
540.462,37
540.569,15
540.675,11
540.782,0
540.888,0
540.995,2
541.101,17
541.208,14
541.314,0
541.421,0
541.527,0
541.634,0
541.74,0
541.847,0
541.953,0
542.06,0
542.166,0
542.273,9
542.379,3
542.486,12
542.592,6
542.699,7
542.805,4
542.912,0
543.018,8
543.125,0
543.231,9
543.338,0
543.444,11
543.551,0
543.657,0
543.764,32
543.87,0
543.977,0
544.083,15
544.19,0
544.296,0
544.403,25
544.509,8
544.616,0
544.722,13
544.829,4
544.935,30
545.042,13
545.148,0
545.255,20
545.361,0
545.467,22
545.574,0
545.68,0
545.787,0
545.893,0
546,0
546.106,0
546.213,6
546.319,1
546.426,27
546.532,97
546.639,101
546.745,10
546.852,0
546.958,0
547.065,1
547.171,3
547.278,10
547.384,8
547.491,47
547.597,48
547.704,17
547.81,1
547.917,8
548.023,0
548.13,16
548.236,11
548.343,0
548.449,4
548.556,25
548.662,0
548.769,0
548.875,0
548.982,0
549.088,10
549.195,0
549.301,0
549.408,5
549.514,0
549.62,28
549.727,18
549.833,14
549.94,0
550.046,4
550.153,5
550.259,0
550.366,0
550.472,1
550.579,16
550.685,0
550.792,7
550.898,1
551.005,0
551.111,42
551.218,59
551.324,0
551.431,0
551.537,2
551.644,32
551.75,6
551.857,4
551.963,0
552.07,0
552.176,0
552.282,0
552.389,0
552.495,0
552.602,0
552.708,1
552.815,16
552.921,36
553.028,50
553.134,26
553.241,13
553.347,0
553.454,0
553.56,25
553.667,5
553.773,0
553.88,0
553.986,0
554.093,29
554.199,9
554.305,1
554.412,5
554.518,5
554.625,0
554.731,13
554.838,0
554.944,0
555.051,11
555.157,0
555.264,0
555.37,0
555.477,0
555.583,23
555.69,0
555.796,24
555.903,9
556.009,4
556.115,0
556.222,0
556.328,0
556.435,16
556.541,0
556.648,0
556.754,4
556.861,0
556.967,23
557.074,15
557.18,13
557.287,6
557.393,21
557.5,0
557.606,0
557.713,14
557.819,4
557.925,0
558.032,0
558.138,0
558.245,0
558.351,8
558.458,12
558.564,3
558.671,0
558.777,0
558.884,5
558.99,11
559.097,0
559.203,16
559.309,10
559.416,0
559.522,0
559.629,16
559.735,0
559.842,0
559.948,3
560.055,15
560.161,0
560.268,11
560.374,5
560.481,17
560.587,0
560.693,6
560.8,2
560.906,0
561.013,0
561.119,9
561.226,0
561.332,96
561.439,102
561.545,0
561.652,0
561.758,27
561.864,56
561.971,0
562.077,0
562.184,2
562.29,17
562.397,0
562.503,0
562.61,4
562.716,6
562.823,31
562.929,5
563.035,0
563.142,0
563.248,0
563.355,3
563.461,16
563.568,0
563.674,4
563.781,42
563.887,3
563.994,0
564.1,0
564.206,37
564.313,0
564.419,0
564.526,3
564.632,16
564.739,0
564.845,3
564.952,5
565.058,0
565.165,0
565.271,2
565.377,19
565.484,19
565.59,8
565.697,0
565.803,0
565.91,22
566.016,4
566.123,0
566.229,0
566.335,12
566.442,0
566.548,0
566.655,0
566.761,0
566.868,0
566.974,5
567.081,0
567.187,0
567.293,0
567.4,0
567.506,0
567.613,0
567.719,3
567.826,0
567.932,21
568.039,0
568.145,14
568.251,0
568.358,15
568.464,7
568.571,0
568.677,11
568.784,37
568.89,0
568.997,8
569.103,14
569.209,0
569.316,0
569.422,0
569.529,11
569.635,7
569.742,0
569.848,0
569.955,17
570.061,24
570.167,8
570.274,3
570.38,3
570.487,8
570.593,0
570.7,28
570.806,18
570.912,0
571.019,22
571.125,30
571.232,3
571.338,0
571.445,0
571.551,0
571.658,0
571.764,8
571.87,0
571.977,0
572.083,0
572.19,0
572.296,0
572.403,11
572.509,20
572.615,0
572.722,0
572.828,0
572.935,0
573.041,0
573.148,3
573.254,8
573.36,8
573.467,28
573.573,46
573.68,12
573.786,14
573.893,0
573.999,9
574.105,18
574.212,0
574.318,0
574.425,0
574.531,0
574.638,0
574.744,15
574.85,0
574.957,0
575.063,4
575.17,21
575.276,0
575.383,4
575.489,0
575.595,13
575.702,0
575.808,2
575.915,25
576.021,0
576.128,0
576.234,0
576.34,22
576.447,6
576.553,0
576.66,21
576.766,28
576.873,29
576.979,0
577.085,11
577.192,26
577.298,0
577.405,0
577.511,0
577.618,23
577.724,0
577.83,23
577.937,13
578.043,0
578.15,9
578.256,14
578.363,20
578.469,10
578.575,21
578.682,8
578.788,7
578.895,0
579.001,0
579.107,4
579.214,0
579.32,0
579.427,0
579.533,2
579.64,0
579.746,19
579.852,19
579.959,12
580.065,0
580.172,26
580.278,13
580.384,0
580.491,1
580.597,35
580.704,12
580.81,0
580.917,0
581.023,4
581.129,0
581.236,20
581.342,0
581.449,0
581.555,7
581.661,0
581.768,0
581.874,16
581.981,1
582.087,8
582.193,6
582.3,8
582.406,5
582.513,0
582.619,0
582.726,10
582.832,0
582.938,0
583.045,32
583.151,17
583.258,8
583.364,0
583.47,8
583.577,0
583.683,14
583.79,15
583.896,12
584.002,0
584.109,0
584.215,0
584.322,7
584.428,22
584.535,0
584.641,0
584.747,0
584.854,14
584.96,6
585.067,0
585.173,4
585.279,13
585.386,2
585.492,0
585.599,0
585.705,21
585.811,0
585.918,0
586.024,26
586.131,7
586.237,0
586.343,0
586.45,0
586.556,18
586.663,8
586.769,0
586.875,13
586.982,4
587.088,0
587.195,8
587.301,3
587.407,11
587.514,30
587.62,0
587.727,0
587.833,10
587.939,14
588.046,0
588.152,29
588.259,0
588.365,0
588.471,0
588.578,10
588.684,16
588.791,0
588.897,0
589.003,151
589.11,137
589.216,71
589.323,28
589.429,10
589.535,0
589.642,0
589.748,10
589.855,0
589.961,0
590.067,7
590.174,0
590.28,0
590.387,14
590.493,4
590.599,11
590.706,20
590.812,4
590.918,12
591.025,1
591.131,0
591.238,8
591.344,2
591.45,0
591.557,39
591.663,31
591.77,31
591.876,0
591.982,7
592.089,26
592.195,0
592.302,17
592.408,36
592.514,0
592.621,0
592.727,15
592.834,6
592.94,0
593.046,4
593.153,20
593.259,27
593.365,0
593.472,0
593.578,0
593.685,15
593.791,8
593.897,0
594.004,3
594.11,14
594.217,9
594.323,0
594.429,0
594.536,7
594.642,14
594.748,0
594.855,0
594.961,29
595.068,9
595.174,0
595.28,0
595.387,25
595.493,0
595.6,0
595.706,0
595.812,0
595.919,0
596.025,13
596.131,24
596.238,2
596.344,15
596.451,1
596.557,0
596.663,0
596.77,0
596.876,12
596.982,10
597.089,4
597.195,0
597.302,14
597.408,30
597.514,32
597.621,14
597.727,6
597.833,0
597.94,11
598.046,28
598.153,0
598.259,0
598.365,29
598.472,20
598.578,0
598.685,0
598.791,11
598.897,29
599.004,0
599.11,22
599.216,17
599.323,0
599.429,37
599.535,0
599.642,25
599.748,7
599.855,41
599.961,15
600.067,19
600.174,22
600.28,0
600.386,0
600.493,0
600.599,2
600.706,0
600.812,8
600.918,0
601.025,12
601.131,3
601.237,21
601.344,0
601.45,11
601.557,8
601.663,2
601.769,7
601.876,11
601.982,0
602.088,0
602.195,24
602.301,12
602.407,0
602.514,0
602.62,0
602.727,23
602.833,31
602.939,0
603.046,7
603.152,10
603.258,0
603.365,11
603.471,14
603.577,20
603.684,2
603.79,0
603.897,0
604.003,0
604.109,0
604.216,0
604.322,46
604.428,52
604.535,9
604.641,13
604.747,4
604.854,0
604.96,0
605.067,0
605.173,0
605.279,0
605.386,9
605.492,6
605.598,0
605.705,0
605.811,0
605.917,0
606.024,26
606.13,0
606.236,0
606.343,0
606.449,10
606.556,5
606.662,0
606.768,14
606.875,4
606.981,0
607.087,0
607.194,37
607.3,1
607.406,0
607.513,15
607.619,8
607.725,13
607.832,33
607.938,8
608.045,2
608.151,4
608.257,10
608.364,39
608.47,12
608.576,13
608.683,0
608.789,0
608.895,11
609.002,0
609.108,0
609.214,0
609.321,2
609.427,0
609.533,4
609.64,8
609.746,3
609.852,0
609.959,1
610.065,12
610.172,32
610.278,0
610.384,0
610.491,3
610.597,15
610.703,6
610.81,19
610.916,11
611.022,0
611.129,27
611.235,2
611.341,11
611.448,3
611.554,0
611.66,18
611.767,22
611.873,5
611.979,12
612.086,24
612.192,14
612.298,0
612.405,10
612.511,9
612.617,6
612.724,18
612.83,0
612.936,21
613.043,2
613.149,0
613.255,0
613.362,0
613.468,0
613.575,0
613.681,17
613.787,16
613.894,0
614,5
614.106,0
614.213,15
614.319,31
614.425,0
614.532,0
614.638,12
614.744,48
614.851,32
614.957,70
615.063,43
615.17,0
615.276,0
615.382,15
615.489,13
615.595,11
615.701,17
615.808,2
615.914,33
616.02,21
616.127,8
616.233,11
616.339,0
616.446,21
616.552,0
616.658,4
616.765,20
616.871,0
616.977,2
617.084,0
617.19,22
617.296,0
617.403,7
617.509,0
617.615,12
617.722,0
617.828,34
617.934,10
618.041,0
618.147,11
618.253,17
618.36,3
618.466,51
618.572,118
618.679,72
618.785,0
618.891,0
618.998,4
619.104,0
619.21,5
619.316,6
619.423,36
619.529,0
619.635,0
619.742,13
619.848,17
619.954,0
620.061,0
620.167,24
620.273,0
620.38,0
620.486,8
620.592,22
620.699,0
620.805,15
620.911,4
621.018,0
621.124,23
621.23,8
621.337,0
621.443,3
621.549,12
621.656,9
621.762,21
621.868,0
621.975,1
622.081,0
622.187,0
622.294,0
622.4,27
622.506,26
622.612,0
622.719,11
622.825,21
622.931,5
623.038,0
623.144,0
623.25,19
623.357,3
623.463,4
623.569,16
623.676,30
623.782,0
623.888,19
623.995,13
624.101,0
624.207,33
624.314,2
624.42,0
624.526,0
624.632,0
624.739,12
624.845,6
624.951,22
625.058,4
625.164,0
625.27,1
625.377,0
625.483,0
625.589,31
625.696,30
625.802,21
625.908,0
626.015,0
626.121,1
626.227,23
626.333,0
626.44,0
626.546,30
626.652,1
626.759,22
626.865,22
626.971,3
627.078,15
627.184,7
627.29,0
627.397,20
627.503,0
627.609,12
627.715,1
627.822,16
627.928,0
628.034,9
628.141,4
628.247,0
628.353,0
628.46,0
628.566,26
628.672,21
628.778,0
628.885,0
628.991,17
629.097,8
629.204,13
629.31,11
629.416,0
629.523,0
629.629,8
629.735,0
629.841,0
629.948,7
630.054,13
630.16,0
630.267,17
630.373,5
630.479,0
630.586,2
630.692,12
630.798,2
630.904,10
631.011,0
631.117,0
631.223,2
631.33,16
631.436,0
631.542,0
631.649,0
631.755,40
631.861,19
631.967,0
632.074,0
632.18,0
632.286,8
632.393,0
632.499,13
632.605,6
632.711,13
632.818,0
632.924,13
633.03,9
633.137,16
633.243,11
633.349,33
633.456,15
633.562,0
633.668,24
633.774,48
633.881,12
633.987,0
634.093,0
634.2,15
634.306,10
634.412,0
634.518,28
634.625,0
634.731,0
634.837,0
634.944,2
635.05,17
635.156,10
635.262,0
635.369,22
635.475,0
635.581,0
635.688,26
635.794,0
635.9,0
636.006,6
636.113,0
636.219,18
636.325,17
636.432,0
636.538,0
636.644,0
636.75,8
636.857,2
636.963,16
637.069,26
637.176,2
637.282,0
637.388,0
637.494,2
637.601,0
637.707,2
637.813,0
637.92,0
638.026,0
638.132,0
638.238,0
638.345,0
638.451,0
638.557,0
638.663,0
638.77,0
638.876,0
638.982,0
639.089,12
639.195,0
639.301,0
639.407,0
639.514,0
639.62,14
639.726,0
639.833,0
639.939,0
640.045,22
640.151,0
640.258,0
640.364,18
640.47,3
640.576,0
640.683,24
640.789,10
640.895,0
641.002,5
641.108,15
641.214,0
641.32,15
641.427,14
641.533,15
641.639,0
641.745,0
641.852,1
641.958,22
642.064,0
642.171,0
642.277,6
642.383,0
642.489,0
642.596,0
642.702,20
642.808,14
642.914,0
643.021,7
643.127,0
643.233,0
643.339,2
643.446,50
643.552,40
643.658,16
643.765,0
643.871,5
643.977,0
644.083,0
644.19,0
644.296,0
644.402,0
644.508,0
644.615,10
644.721,3
644.827,0
644.933,2
645.04,0
645.146,20
645.252,4
645.358,6
645.465,3
645.571,0
645.677,5
645.784,26
645.89,33
645.996,0
646.102,14
646.209,0
646.315,0
646.421,1
646.527,6
646.634,0
646.74,0
646.846,14
646.952,32
647.059,0
647.165,0
647.271,0
647.377,0
647.484,0
647.59,0
647.696,15
647.802,23
647.909,0
648.015,14
648.121,0
648.227,18
648.334,11
648.44,24
648.546,3
648.652,4
648.759,7
648.865,0
648.971,0
649.077,0
649.184,0
649.29,36
649.396,0
649.502,0
649.609,8
649.715,19
649.821,14
649.927,0
650.034,0
650.14,3
650.246,0
650.352,0
650.459,7
650.565,0
650.671,23
650.777,29
650.884,0
650.99,11
651.096,0
651.202,0
651.309,0
651.415,26
651.521,0
651.627,0
651.734,13
651.84,2
651.946,2
652.052,14
652.159,0
652.265,0
652.371,21
652.477,12
652.584,0
652.69,22
652.796,0
652.902,0
653.009,8
653.115,39
653.221,4
653.327,0
653.434,0
653.54,0
653.646,0
653.752,1
653.858,8
653.965,4
654.071,48
654.177,95
654.283,38
654.39,27
654.496,9
654.602,1
654.708,0
654.815,0
654.921,44
655.027,65
655.133,54
655.24,9
655.346,44
655.452,33
655.558,18
655.665,5
655.771,18
655.877,0
655.983,30
656.089,8
656.196,0
656.302,17
656.408,25
656.514,0
656.621,22
656.727,71
656.833,43
656.939,8
657.046,0
657.152,28
657.258,0
657.364,0
657.47,38
657.577,46
657.683,10
657.789,0
657.895,0
658.002,0
658.108,16
658.214,0
658.32,0
658.427,0
658.533,1
658.639,20
658.745,0
658.851,0
658.958,0
659.064,16
659.17,6
659.276,10
659.383,0
659.489,14
659.595,0
659.701,7
659.807,19
659.914,22
660.02,17
660.126,21
660.232,0
660.339,12
660.445,0
660.551,5
660.657,46
660.763,46
660.87,0
660.976,18
661.082,56
661.188,98
661.295,56
661.401,3
661.507,0
661.613,7
661.719,0
661.826,3
661.932,11
662.038,0
662.144,13
662.251,26
662.357,6
662.463,62
662.569,22
662.675,19
662.782,36
662.888,50
662.994,37
663.1,33
663.206,0
663.313,0
663.419,0
663.525,0
663.631,0
663.738,28
663.844,89
663.95,84
664.056,36
664.162,11
664.269,0
664.375,16
664.481,34
664.587,60
664.693,41
664.8,7
664.906,14
665.012,0
665.118,19
665.225,5
665.331,10
665.437,0
665.543,46
665.649,14
665.756,140
665.862,211
665.968,174
666.074,30
666.18,9
666.287,0
666.393,15
666.499,0
666.605,0
666.711,0
666.818,11
666.924,10
667.03,0
667.136,33
667.242,94
667.349,90
667.455,43
667.561,203
667.667,163
667.773,61
667.88,0
667.986,0
668.092,57
668.198,28
668.304,0
668.411,0
668.517,17
668.623,7
668.729,0
668.835,18
668.942,16
669.048,61
669.154,72
669.26,0
669.366,9
669.473,26
669.579,0
669.685,8
669.791,12
669.897,16
670.004,44
670.11,13
670.216,0
670.322,4
670.428,4
670.535,18
670.641,18
670.747,0
670.853,5
670.959,0
671.066,0
671.172,10
671.278,0
671.384,0
671.49,0
671.597,3
671.703,15
671.809,6
671.915,0
672.021,12
672.128,35
672.234,6
672.34,0
672.446,26
672.552,0
672.658,10
672.765,0
672.871,11
672.977,0
673.083,0
673.189,0
673.296,16
673.402,0
673.508,40
673.614,151
673.72,135
673.827,53
673.933,0
674.039,0
674.145,0
674.251,4
674.357,0
674.464,0
674.57,0
674.676,26
674.782,17
674.888,0
674.995,13
675.101,0
675.207,92
675.313,109
675.419,73
675.526,3
675.632,67
675.738,150
675.844,78
675.95,22
676.056,14
676.163,13
676.269,19
676.375,2
676.481,0
676.587,20
676.693,3
676.8,0
676.906,0
677.012,0
677.118,21
677.224,0
677.331,18
677.437,0
677.543,0
677.649,12
677.755,0
677.861,6
677.968,0
678.074,0
678.18,0
678.286,13
678.392,10
678.498,0
678.605,0
678.711,28
678.817,8
678.923,0
679.029,0
679.136,0
679.242,0
679.348,0
679.454,0
679.56,1
679.666,0
679.773,0
679.879,0
679.985,5
680.091,4
680.197,7
680.303,0
680.41,0
680.516,45
680.622,10
680.728,4
680.834,9
680.94,12
681.047,0
681.153,17
681.259,2
681.365,3
681.471,0
681.577,0
681.684,16
681.79,0
681.896,2
682.002,0
682.108,5
682.214,12
682.321,0
682.427,18
682.533,12
682.639,0
682.745,0
682.851,0
682.958,5
683.064,5
683.17,0
683.276,0
683.382,16
683.488,26
683.595,2
683.701,0
683.807,19
683.913,0
684.019,6
684.125,12
684.231,31
684.338,11
684.444,14
684.55,0
684.656,10
684.762,4
684.868,43
684.975,25
685.081,19
685.187,9
685.293,7
685.399,20
685.505,0
685.611,6
685.718,5
685.824,0
685.93,0
686.036,27
686.142,12
686.248,0
686.355,15
686.461,7
686.567,20
686.673,0
686.779,9
686.885,21
686.991,0
687.098,0
687.204,11
687.31,4
687.416,11
687.522,0
687.628,0
687.735,2
687.841,8
687.947,0
688.053,16
688.159,0
688.265,16
688.371,3
688.478,0
688.584,7
688.69,16
688.796,1
688.902,0
689.008,16
689.114,0
689.221,0
689.327,52
689.433,54
689.539,0
689.645,0
689.751,12
689.857,0
689.964,12
690.07,19
690.176,0
690.282,0
690.388,17
690.494,22
690.6,0
690.707,0
690.813,30
690.919,0
691.025,0
691.131,6
691.237,36
691.343,12
691.45,0
691.556,5
691.662,0
691.768,1
691.874,8
691.98,6
692.086,0
692.193,19
692.299,0
692.405,0
692.511,6
692.617,4
692.723,0
692.829,0
692.935,19
693.042,0
693.148,0
693.254,28
693.36,6
693.466,5
693.572,5
693.678,35
693.785,12
693.891,0
693.997,20
694.103,0
694.209,0
694.315,0
694.421,0
694.527,0
694.634,13
694.74,0
694.846,18
694.952,0
695.058,0
695.164,21
695.27,0
695.376,22
695.483,0
695.589,23
695.695,0
695.801,0
695.907,2
696.013,7
696.119,6
696.225,2
696.332,8
696.438,11
696.544,0
696.65,0
696.756,18
696.862,0
696.968,16
697.074,0
697.181,0
697.287,0
697.393,9
697.499,24
697.605,14
697.711,1
697.817,21
697.923,54
698.03,35
698.136,18
698.242,23
698.348,0
698.454,21
698.56,0
698.666,11
698.772,26
698.879,0
698.985,0
699.091,0
699.197,0
699.303,0
699.409,0
699.515,0
