59.6745,0
59.7814,8
59.8883,70
59.9952,32
60.1021,0
60.209,0
60.3159,0
60.4228,6
60.5296,17
60.6365,11
60.7434,9
60.8503,0
60.9572,2
61.0641,0
61.171,5
61.2779,0
61.3848,0
61.4917,21
61.5986,3
61.7055,0
61.8124,5
61.9193,21
62.0261,1
62.133,0
62.2399,25
62.3468,15
62.4537,2
62.5606,5
62.6675,36
62.7744,18
62.8813,0
62.9882,29
63.0951,9
63.202,24
63.3089,3
63.4158,0
63.5226,0
63.6295,30
63.7364,34
63.8433,0
63.9502,0
64.0571,25
64.164,0
64.2709,0
64.3778,0
64.4847,20
64.5916,12
64.6985,12
64.8054,8
64.9123,13
65.0192,15
65.1261,0
65.2329,23
65.3398,46
65.4467,32
65.5536,0
65.6605,0
65.7674,0
65.8743,0
65.9812,0
66.0881,16
66.195,9
66.3019,0
66.4088,0
66.5157,2
66.6226,0
66.7295,0
66.8364,26
66.9433,5
67.0502,0
67.157,10
67.2639,0
67.3708,2
67.4777,5
67.5846,0
67.6915,2
67.7984,0
67.9053,14
68.0122,0
68.1191,16
68.226,1
68.3329,15
68.4398,0
68.5467,6
68.6536,22
68.7605,0
68.8674,14
68.9743,40
69.0812,16
69.1881,21
69.295,0
69.4018,7
69.5087,0
69.6156,0
69.7225,0
69.8294,14
69.9363,0
70.0432,7
70.1501,13
70.257,24
70.3639,16
70.4708,0
70.5777,38
70.6846,15
70.7915,21
70.8984,0
71.0053,1
71.1122,18
71.2191,0
71.326,3
71.4329,0
71.5398,21
71.6467,0
71.7536,0
71.8605,0
71.9674,10
72.0742,0
72.1811,29
72.288,11
72.3949,32
72.5018,0
72.6087,0
72.7156,0
72.8225,0
72.9294,0
73.0363,0
73.1432,8
73.2501,5
73.357,20
73.4639,18
73.5708,14
73.6777,0
73.7846,10
73.8915,33
73.9984,20
74.1053,0
74.2122,1
74.3191,0
74.426,0
74.5329,0
74.6398,0
74.7467,0
74.8536,0
74.9605,5
75.0674,6
75.1743,11
75.2812,11
75.3881,0
75.495,12
75.6019,28
75.7088,16
75.8157,5
75.9225,6
76.0294,0
76.1363,0
76.2432,14
76.3501,19
76.457,0
76.5639,0
76.6708,31
76.7777,27
76.8846,18
76.9915,12
77.0984,36
77.2053,0
77.3122,15
77.4191,0
77.526,8
77.6329,25
77.7398,2
77.8467,7
77.9536,17
78.0605,0
78.1674,0
78.2743,18
78.3812,42
78.4881,0
78.595,0
78.7019,8
78.8088,0
78.9157,9
79.0226,0
79.1295,10
79.2364,23
79.3433,7
79.4502,14
79.5571,4
79.664,0
79.7709,19
79.8778,3
79.9847,0
80.0916,0
80.1985,31
80.3054,22
80.4123,0
80.5192,5
80.6261,3
80.733,0
80.8399,0
80.9468,4
81.0537,0
81.1606,7
81.2675,21
81.3744,32
81.4813,16
81.5882,0
81.6951,9
81.802,28
81.9089,1
82.0158,19
82.1227,5
82.2296,8
82.3365,10
82.4434,26
82.5503,11
82.6572,0
82.7641,1
82.871,4
82.9779,25
83.0848,3
83.1917,26
83.2986,3
83.4055,26
83.5124,18
83.6193,0
83.7262,0
83.8331,10
83.94,0
84.0469,0
84.1538,16
84.2607,10
84.3676,0
84.4745,0
84.5814,22
84.6883,21
84.7952,6
84.9021,0
85.009,5
85.1159,18
85.2228,7
85.3297,0
85.4366,12
85.5435,3
85.6504,29
85.7573,13
85.8642,0
85.9711,1
86.078,13
86.1849,13
86.2918,38
86.3987,22
86.5056,17
86.6125,14
86.7194,0
86.8263,26
86.9332,0
87.0401,0
87.147,36
87.2539,7
87.3608,4
87.4677,2
87.5746,8
87.6815,0
87.7884,0
87.8953,32
88.0022,10
88.1091,10
88.216,8
88.3229,3
88.4298,8
88.5367,0
88.6436,2
88.7505,0
88.8574,0
88.9643,14
89.0712,0
89.1781,0
89.285,0
89.3919,13
89.4988,0
89.6057,15
89.7126,0
89.8195,28
89.9264,0
90.0334,14
90.1403,11
90.2472,0
90.3541,17
90.461,11
90.5679,0
90.6748,0
90.7817,18
90.8886,15
90.9955,4
91.1024,0
91.2093,5
91.3162,25
91.4231,13
91.53,26
91.6369,0
91.7438,0
91.8507,0
91.9576,9
92.0645,51
92.1714,19
92.2783,0
92.3852,0
92.4921,8
92.599,0
92.7059,26
92.8128,29
92.9197,0
93.0266,8
93.1335,19
93.2404,0
93.3473,0
93.4542,27
93.5611,27
93.668,0
93.7749,0
93.8818,9
93.9887,0
94.0956,0
94.2025,0
94.3095,10
94.4164,0
94.5233,0
94.6302,40
94.7371,7
94.844,15
94.9509,0
95.0578,0
95.1647,4
95.2716,2
95.3785,0
95.4854,0
95.5923,11
95.6992,5
95.8061,21
95.913,0
96.0199,22
96.1268,0
96.2337,1
96.3406,0
96.4475,29
96.5544,0
96.6613,26
96.7682,11
96.8751,0
96.982,4
97.0889,0
97.1958,6
97.3027,0
97.4097,16
97.5166,10
97.6235,11
97.7304,0
97.8373,9
97.9442,10
98.0511,39
98.158,0
98.2649,4
98.3718,4
98.4787,16
98.5856,12
98.6925,0
98.7994,0
98.9063,0
99.0132,8
99.1201,11
99.227,35
99.3339,0
99.4408,5
99.5477,0
99.6546,12
99.7615,15
99.8684,29
99.9753,0
100.082,0
100.189,30
100.296,0
100.403,0
100.51,0
100.617,22
100.724,0
100.831,0
100.937,0
101.044,13
101.151,0
101.258,0
101.365,45
101.472,6
101.579,0
101.686,0
101.793,16
101.9,10
102.007,0
102.113,0
102.22,5
102.327,0
102.434,0
102.541,0
102.648,50
102.755,7
102.862,12
102.969,0
103.076,6
103.182,19
103.289,0
103.396,0
103.503,29
103.61,0
103.717,0
103.824,4
103.931,0
104.038,9
104.145,6
104.252,0
104.358,15
104.465,10
104.572,0
104.679,0
104.786,19
104.893,16
105,19
105.107,8
105.214,0
105.321,20
105.427,11
105.534,17
105.641,6
105.748,6
105.855,0
105.962,0
106.069,38
106.176,44
106.283,9
106.39,29
106.497,10
106.603,0
106.71,36
106.817,1
106.924,2
107.031,0
107.138,3
107.245,10
107.352,13
107.459,20
107.566,8
107.673,14
107.779,15
107.886,2
107.993,4
108.1,0
108.207,2
108.314,0
108.421,0
108.528,0
108.635,7
108.742,0
108.848,9
108.955,9
109.062,17
109.169,16
109.276,0
109.383,0
109.49,29
109.597,32
109.704,0
109.811,0
109.918,0
110.024,0
110.131,2
110.238,11
110.345,0
110.452,0
110.559,0
110.666,18
110.773,0
110.88,11
110.987,0
111.094,15
111.2,24
111.307,27
111.414,0
111.521,5
111.628,0
111.735,0
111.842,0
111.949,0
112.056,0
112.163,0
112.269,0
112.376,0
112.483,6
112.59,0
112.697,0
112.804,0
112.911,21
113.018,0
113.125,0
113.232,3
113.339,30
113.445,13
113.552,0
113.659,8
113.766,0
113.873,4
113.98,3
114.087,0
114.194,0
114.301,0
114.408,26
114.515,17
114.621,1
114.728,0
114.835,0
114.942,0
115.049,0
115.156,0
115.263,37
115.37,0
115.477,0
115.584,14
115.69,12
115.797,6
115.904,0
116.011,13
116.118,0
116.225,0
116.332,0
116.439,0
116.546,0
116.653,9
116.76,0
116.866,0
116.973,0
117.08,5
117.187,19
117.294,4
117.401,0
117.508,13
117.615,28
117.722,0
117.829,37
117.936,27
118.042,0
118.149,1
118.256,10
118.363,0
118.47,0
118.577,3
118.684,0
118.791,6
118.898,0
119.005,31
119.112,0
119.218,5
119.325,5
119.432,0
119.539,28
119.646,0
119.753,0
119.86,0
119.967,0
120.074,0
120.181,27
120.287,4
120.394,14
120.501,21
120.608,0
120.715,0
120.822,8
120.929,0
121.036,0
121.143,7
121.25,0
121.357,0
121.463,9
121.57,0
121.677,25
121.784,18
121.891,0
121.998,0
122.105,9
122.212,0
122.319,0
122.426,0
122.533,0
122.639,6
122.746,13
122.853,1
122.96,24
123.067,55
123.174,8
123.281,3
123.388,0
123.495,0
123.602,15
123.709,0
123.815,0
123.922,0
124.029,36
124.136,36
124.243,0
124.35,0
124.457,0
124.564,0
124.671,0
124.778,12
124.885,0
124.991,3
125.098,0
125.205,0
125.312,9
125.419,3
125.526,0
125.633,5
125.74,0
125.847,24
125.954,0
126.061,8
126.167,5
126.274,10
126.381,0
126.488,0
126.595,0
126.702,7
126.809,0
126.916,20
127.023,11
127.13,0
127.236,14
127.343,5
127.45,0
127.557,6
127.664,11
127.771,1
127.878,0
127.985,0
128.092,0
128.199,4
128.306,0
128.412,2
128.519,15
128.626,0
128.733,8
128.84,13
128.947,1
129.054,1
129.161,15
129.268,6
129.375,0
129.482,9
129.588,14
129.695,5
129.802,0
129.909,0
130.016,0
130.123,0
130.23,0
130.337,20
130.444,0
130.551,14
130.658,0
130.764,12
130.871,0
130.978,0
131.085,0
131.192,2
131.299,14
131.406,0
131.513,0
131.62,15
131.727,15
131.834,8
131.94,32
132.047,39
132.154,0
132.261,0
132.368,0
132.475,1
132.582,0
132.689,13
132.796,0
132.903,13
133.01,1
133.116,0
133.223,8
133.33,18
133.437,8
133.544,0
133.651,24
133.758,26
133.865,0
133.972,0
134.079,15
134.186,0
134.292,19
134.399,20
134.506,0
134.613,0
134.72,30
134.827,29
134.934,0
135.041,0
135.148,8
135.255,17
135.362,0
135.468,15
135.575,0
135.682,0
135.789,15
135.896,0
136.003,0
136.11,13
136.217,3
136.324,0
136.431,0
136.538,18
136.644,6
136.751,0
136.858,4
136.965,9
137.072,10
137.179,5
137.286,6
137.393,0
137.5,0
137.607,0
137.714,0
137.82,0
137.927,0
138.034,1
138.141,0
138.248,0
138.355,25
138.462,0
138.569,0
138.676,2
138.783,7
138.89,18
138.996,0
139.103,25
139.21,0
139.317,0
139.424,18
139.531,13
139.638,0
139.745,0
139.852,0
139.959,24
140.065,24
140.172,0
140.279,22
140.386,29
140.493,0
140.6,0
140.707,27
140.814,5
140.921,0
141.028,0
141.135,4
141.241,0
141.348,16
141.455,11
141.562,11
141.669,0
141.776,0
141.883,21
141.99,2
142.097,6
142.204,13
142.311,29
142.417,14
142.524,21
142.631,10
142.738,0
142.845,17
142.952,24
143.059,6
143.166,4
143.273,0
143.38,0
143.487,4
143.593,0
143.7,2
143.807,0
143.914,16
144.021,27
144.128,2
144.235,9
144.342,5
144.449,0
144.556,5
144.663,0
144.769,0
144.876,9
144.983,24
145.09,6
145.197,0
145.304,0
145.411,41
145.518,21
145.625,0
145.732,0
145.839,0
145.945,0
146.052,10
146.159,31
146.266,0
146.373,0
146.48,3
146.587,22
146.694,10
146.801,15
146.908,19
147.015,22
147.121,0
147.228,24
147.335,0
147.442,4
147.549,10
147.656,0
147.763,0
147.87,12
147.977,2
148.084,0
148.191,7
148.297,0
148.404,0
148.511,2
148.618,0
148.725,21
148.832,4
148.939,16
149.046,80
149.153,56
149.26,37
149.367,0
149.473,0
149.58,7
149.687,22
149.794,29
149.901,8
150.008,15
150.115,10
150.222,1
150.329,3
150.436,29
150.543,30
150.649,65
150.756,45
150.863,0
150.97,0
151.077,9
151.184,0
151.291,5
151.398,10
151.505,8
151.612,0
151.719,16
151.825,0
151.932,3
152.039,22
152.146,4
152.253,1
152.36,1
152.467,0
152.574,1
152.681,0
152.788,9
152.894,55
153.001,0
153.108,0
153.215,0
153.322,22
153.429,7
153.536,11
153.643,5
153.75,7
153.857,0
153.964,5
154.07,32
154.177,8
154.284,16
154.391,13
154.498,0
154.605,5
154.712,0
154.819,6
154.926,8
155.033,9
155.14,0
155.246,15
155.353,23
155.46,0
155.567,0
155.674,8
155.781,12
155.888,0
155.995,0
156.102,19
156.209,18
156.316,0
156.422,0
156.529,2
156.636,12
156.743,5
156.85,3
156.957,8
157.064,0
157.171,0
157.278,0
157.385,28
157.492,9
157.598,0
157.705,2
157.812,11
157.919,19
158.026,20
158.133,32
158.24,29
158.347,14
158.454,0
158.561,0
158.668,25
158.774,3
158.881,14
158.988,9
159.095,6
159.202,0
159.309,15
159.416,29
159.523,43
159.63,0
159.737,1
159.844,9
159.95,53
160.057,6
160.164,18
160.271,4
160.378,13
160.485,0
160.592,0
160.699,0
160.806,0
160.913,8
161.019,0
161.126,0
161.233,0
161.34,0
161.447,0
161.554,29
161.661,7
161.768,24
161.875,13
161.982,0
162.089,7
162.195,15
162.302,1
162.409,0
162.516,29
162.623,11
162.73,0
162.837,0
162.944,15
163.051,0
163.158,7
163.265,0
163.371,18
163.478,24
163.585,15
163.692,0
163.799,0
163.906,18
164.013,29
164.12,0
164.227,0
164.334,20
164.441,13
164.547,0
164.654,1
164.761,0
164.868,0
164.975,12
165.082,0
165.189,0
165.296,24
165.403,0
165.51,0
165.616,20
165.723,0
165.83,19
165.937,5
166.044,0
166.151,0
166.258,0
166.365,5
166.472,0
166.579,0
166.686,0
166.792,33
166.899,41
167.006,0
167.113,0
167.22,12
167.327,0
167.434,0
167.541,10
167.648,3
167.755,0
167.862,11
167.968,0
168.075,0
168.182,0
168.289,28
168.396,42
168.503,11
168.61,11
168.717,0
168.824,22
168.931,12
169.037,7
169.144,9
169.251,2
169.358,0
169.465,0
169.572,0
169.679,0
169.786,29
169.893,0
170,0
170.107,0
170.213,24
170.32,0
170.427,0
170.534,0
170.641,5
170.748,0
170.855,2
170.962,13
171.069,10
171.176,22
171.283,0
171.389,0
171.496,17
171.603,25
171.71,25
171.817,0
171.924,0
172.031,0
172.138,1
172.245,1
172.352,0
172.458,0
172.565,4
172.672,0
172.779,5
172.886,0
172.993,6
173.1,24
173.207,0
173.314,12
173.421,42
173.528,9
173.634,0
173.741,10
173.848,8
173.955,0
174.062,0
174.169,0
174.276,14
174.383,0
174.49,4
174.597,33
174.704,20
174.81,12
174.917,14
175.024,18
175.131,8
175.238,6
175.345,18
175.452,0
175.559,0
175.666,2
175.773,0
175.879,0
175.986,0
176.093,0
176.2,0
176.307,24
176.414,21
176.521,11
176.628,0
176.735,13
176.842,0
176.949,0
177.055,24
177.162,8
177.269,0
177.376,0
177.483,48
177.59,52
177.697,0
177.804,0
177.911,0
178.018,0
178.124,1
178.231,0
178.338,10
178.445,1
178.552,1
178.659,1
178.766,5
178.873,0
178.98,3
179.087,23
179.194,5
179.3,0
179.407,6
179.514,2
179.621,0
179.728,4
179.835,0
179.942,0
180.049,0
180.156,1
180.263,2
180.369,0
180.476,0
180.583,0
180.69,13
180.797,4
180.904,1
181.011,0
181.118,0
181.225,0
181.332,0
181.439,8
181.545,0
181.652,4
181.759,0
181.866,0
181.973,0
182.08,0
182.187,0
182.294,0
182.401,0
182.508,37
182.614,0
182.721,0
182.828,19
182.935,17
183.042,0
183.149,0
183.256,23
183.363,1
183.47,0
183.577,0
183.683,20
183.79,0
183.897,0
184.004,16
184.111,0
184.218,0
184.325,12
184.432,15
184.539,0
184.646,0
184.753,0
184.859,10
184.966,0
185.073,0
185.18,0
185.287,0
185.394,19
185.501,0
185.608,20
185.715,0
185.822,15
185.928,20
186.035,0
186.142,16
186.249,6
186.356,7
186.463,0
186.57,1
186.677,0
186.784,0
186.891,2
186.997,0
187.104,0
187.211,17
187.318,0
187.425,6
187.532,15
187.639,7
187.746,0
187.853,10
187.96,0
188.067,0
188.173,30
188.28,42
188.387,11
188.494,0
188.601,0
188.708,8
188.815,4
188.922,0
189.029,0
189.136,1
189.242,21
189.349,0
189.456,12
189.563,12
189.67,0
189.777,0
189.884,2
189.991,16
190.098,0
190.205,8
190.311,17
190.418,2
190.525,7
190.632,20
190.739,33
190.846,20
190.953,0
191.06,10
191.167,0
191.274,0
191.38,11
191.487,21
191.594,2
191.701,0
191.808,21
191.915,2
192.022,0
192.129,2
192.236,0
192.343,0
192.45,6
192.556,14
192.663,0
192.77,17
192.877,20
192.984,0
193.091,0
193.198,0
193.305,18
193.412,0
193.519,0
193.625,4
193.732,0
193.839,0
193.946,0
194.053,0
194.16,0
194.267,15
194.374,21
194.481,10
194.588,0
194.694,2
194.801,0
194.908,0
195.015,0
195.122,0
195.229,0
195.336,6
195.443,56
195.55,50
195.657,21
195.763,0
195.87,24
195.977,0
196.084,6
196.191,12
196.298,0
196.405,0
196.512,0
196.619,0
196.726,1
196.832,0
196.939,0
197.046,15
197.153,2
197.26,30
197.367,4
197.474,39
197.581,14
197.688,0
197.795,0
197.901,0
198.008,0
198.115,0
198.222,0
198.329,0
198.436,0
198.543,21
198.65,0
198.757,0
198.864,65
198.97,35
199.077,0
199.184,0
199.291,0
199.398,0
199.505,0
199.612,0
199.719,0
199.826,0
199.933,4
200.039,32
200.146,4
200.253,9
200.36,32
200.467,0
200.574,11
200.681,20
200.788,11
200.895,0
201.002,2
201.108,0
201.215,0
201.322,0
201.429,0
201.536,0
201.643,0
201.75,0
201.857,0
201.964,0
202.071,0
202.177,20
202.284,10
202.391,6
202.498,0
202.605,0
202.712,0
202.819,0
202.926,0
203.033,0
203.14,26
203.246,21
203.353,0
203.46,8
203.567,0
203.674,11
203.781,8
203.888,4
203.995,0
204.102,26
204.208,0
204.315,0
204.422,0
204.529,17
204.636,10
204.743,0
204.85,0
204.957,35
205.064,16
205.171,0
205.277,0
205.384,12
205.491,34
205.598,0
205.705,7
205.812,2
205.919,27
206.026,0
206.133,0
206.24,22
206.346,1
206.453,23
206.56,18
206.667,15
206.774,10
206.881,4
206.988,13
207.095,12
207.202,0
207.309,0
207.415,2
207.522,0
207.629,0
207.736,15
207.843,2
207.95,27
208.057,0
208.164,13
208.271,4
208.377,10
208.484,0
208.591,16
208.698,25
208.805,0
208.912,0
209.019,15
209.126,0
209.233,0
209.34,0
209.446,0
209.553,25
209.66,0
209.767,0
209.874,0
209.981,6
210.088,0
210.195,21
210.302,10
210.409,18
210.515,7
210.622,8
210.729,9
210.836,0
210.943,8
211.05,0
211.157,0
211.264,0
211.371,0
211.477,0
211.584,3
211.691,0
211.798,2
211.905,0
212.012,0
212.119,0
212.226,11
212.333,0
212.44,0
212.546,6
212.653,15
212.76,13
212.867,0
212.974,0
213.081,0
213.188,14
213.295,0
213.402,0
213.508,11
213.615,7
213.722,4
213.829,0
213.936,8
214.043,0
214.15,1
214.257,0
214.364,0
214.471,0
214.577,0
214.684,0
214.791,0
214.898,10
215.005,16
215.112,0
215.219,29
215.326,20
215.433,0
215.539,1
215.646,16
215.753,1
215.86,0
215.967,0
216.074,0
216.181,8
216.288,0
216.395,12
216.502,17
216.608,0
216.715,7
216.822,8
216.929,0
217.036,17
217.143,25
217.25,34
217.357,0
217.464,0
217.57,0
217.677,0
217.784,0
217.891,2
217.998,0
218.105,3
218.212,0
218.319,2
218.426,18
218.532,10
218.639,11
218.746,3
218.853,0
218.96,0
219.067,6
219.174,9
219.281,18
219.388,0
219.495,0
219.601,24
219.708,26
219.815,0
219.922,0
220.029,1
220.136,0
220.243,61
220.35,33
220.457,30
220.563,0
220.67,4
220.777,12
220.884,0
220.991,6
221.098,0
221.205,0
221.312,28
221.419,19
221.525,0
221.632,0
221.739,28
221.846,30
221.953,4
222.06,13
222.167,0
222.274,0
222.381,0
222.488,5
222.594,5
222.701,20
222.808,3
222.915,0
223.022,16
223.129,0
223.236,13
223.343,10
223.45,5
223.556,0
223.663,0
223.77,6
223.877,5
223.984,0
224.091,0
224.198,18
224.305,0
224.412,10
224.518,0
224.625,0
224.732,12
224.839,5
224.946,14
225.053,0
225.16,0
225.267,8
225.374,31
225.48,0
225.587,0
225.694,24
225.801,4
225.908,10
226.015,0
226.122,0
226.229,0
226.336,0
226.442,18
226.549,4
226.656,30
226.763,20
226.87,12
226.977,11
227.084,0
227.191,7
227.298,38
227.404,10
227.511,0
227.618,0
227.725,13
227.832,20
227.939,7
228.046,8
228.153,44
228.26,2
228.366,10
228.473,2
228.58,24
228.687,32
228.794,166
228.901,159
229.008,29
229.115,0
229.222,0
229.328,2
229.435,0
229.542,21
229.649,1
229.756,0
229.863,0
229.97,0
230.077,18
230.184,0
230.29,0
230.397,11
230.504,1
230.611,0
230.718,0
230.825,0
230.932,28
231.039,20
231.146,8
231.252,0
231.359,0
231.466,28
231.573,10
231.68,5
231.787,26
231.894,11
232.001,0
232.108,0
232.214,0
232.321,2
232.428,0
232.535,0
232.642,14
232.749,20
232.856,27
232.963,0
233.07,22
233.176,4
233.283,12
233.39,23
233.497,0
233.604,0
233.711,20
233.818,13
233.925,4
234.031,18
234.138,0
234.245,3
234.352,0
234.459,0
234.566,12
234.673,23
234.78,0
234.887,3
234.993,11
235.1,0
235.207,0
235.314,8
235.421,6
235.528,0
235.635,19
235.742,0
235.849,18
235.955,0
236.062,6
236.169,0
236.276,17
236.383,0
236.49,6
236.597,0
236.704,11
236.81,6
236.917,0
237.024,0
237.131,19
237.238,13
237.345,0
237.452,0
237.559,19
237.666,25
237.772,0
237.879,17
237.986,19
238.093,16
238.2,0
238.307,0
238.414,0
238.521,0
238.628,36
238.734,26
238.841,66
238.948,29
239.055,0
239.162,8
239.269,0
239.376,4
239.483,0
239.589,21
239.696,29
239.803,15
239.91,4
240.017,0
240.124,0
240.231,0
240.338,0
240.445,29
240.551,5
240.658,0
240.765,21
240.872,0
240.979,16
241.086,44
241.193,0
241.3,0
241.406,0
241.513,0
241.62,31
241.727,20
241.834,12
241.941,0
242.048,11
242.155,8
242.262,0
242.368,0
242.475,26
242.582,0
242.689,25
242.796,2
242.903,0
243.01,45
243.117,9
243.223,0
243.33,0
243.437,7
243.544,7
243.651,0
243.758,2
243.865,15
243.972,6
244.079,0
244.185,12
244.292,0
244.399,0
244.506,0
244.613,6
244.72,0
244.827,4
244.934,4
245.04,5
245.147,0
245.254,0
245.361,7
245.468,0
245.575,0
245.682,0
245.789,0
245.896,0
246.002,0
246.109,13
246.216,0
246.323,28
246.43,0
246.537,0
246.644,0
246.751,0
246.857,10
246.964,3
247.071,0
247.178,3
247.285,17
247.392,0
247.499,8
247.606,0
247.712,19
247.819,16
247.926,0
248.033,2
248.14,0
248.247,0
248.354,23
248.461,17
248.567,0
248.674,2
248.781,4
248.888,18
248.995,11
249.102,0
249.209,0
249.316,10
249.423,6
249.529,0
249.636,0
249.743,31
249.85,17
249.957,0
250.064,0
250.171,12
250.278,3
250.384,14
250.491,19
250.598,0
250.705,2
250.812,24
250.919,0
251.026,8
251.133,12
251.239,0
251.346,13
251.453,0
251.56,15
251.667,0
251.774,7
251.881,0
251.988,9
252.094,0
252.201,0
252.308,46
252.415,34
252.522,0
252.629,0
252.736,0
252.843,0
252.949,17
253.056,20
253.163,0
253.27,15
253.377,0
253.484,0
253.591,0
253.698,0
253.804,2
253.911,4
254.018,9
254.125,21
254.232,17
254.339,0
254.446,22
254.553,10
254.659,24
254.766,0
254.873,0
254.98,22
255.087,0
255.194,0
255.301,17
255.408,0
255.514,22
255.621,16
255.728,14
255.835,33
255.942,0
256.049,2
256.156,17
256.263,0
256.369,0
256.476,27
256.583,0
256.69,0
256.797,38
256.904,9
257.011,0
257.118,0
257.224,0
257.331,0
257.438,24
257.545,15
257.652,9
257.759,2
257.866,11
257.973,0
258.079,7
258.186,0
258.293,0
258.4,0
258.507,0
258.614,29
258.721,32
258.828,0
258.934,14
259.041,24
259.148,1
259.255,0
259.362,0
259.469,0
259.576,4
259.683,0
259.789,4
259.896,16
260.003,0
260.11,39
260.217,24
260.324,0
260.431,25
260.537,0
260.644,9
260.751,0
260.858,2
260.965,14
261.072,0
261.179,11
261.286,4
261.392,0
261.499,0
261.606,6
261.713,0
261.82,1
261.927,0
262.034,25
262.141,30
262.247,7
262.354,13
262.461,21
262.568,13
262.675,29
262.782,13
262.889,4
262.996,53
263.102,26
263.209,0
263.316,0
263.423,0
263.53,0
263.637,14
263.744,0
263.85,23
263.957,0
264.064,0
264.171,15
264.278,18
264.385,0
264.492,18
264.599,10
264.705,0
264.812,2
264.919,2
265.026,0
265.133,13
265.24,0
265.347,0
265.454,0
265.56,11
265.667,1
265.774,0
265.881,12
265.988,2
266.095,0
266.202,22
266.308,4
266.415,14
266.522,27
266.629,47
266.736,70
266.843,12
266.95,19
267.057,0
267.163,10
267.27,4
267.377,7
267.484,0
267.591,0
267.698,23
267.805,0
267.911,0
268.018,0
268.125,0
268.232,0
268.339,10
268.446,10
268.553,0
268.66,0
268.766,6
268.873,19
268.98,23
269.087,19
269.194,16
269.301,14
269.408,6
269.514,0
269.621,0
269.728,24
269.835,0
269.942,0
270.049,3
270.156,0
270.263,19
270.369,0
270.476,0
270.583,13
270.69,0
270.797,15
270.904,0
271.011,21
271.117,11
271.224,0
271.331,0
271.438,0
271.545,0
271.652,26
271.759,6
271.866,23
271.972,10
272.079,0
272.186,24
272.293,7
272.4,0
272.507,18
272.614,19
272.72,2
272.827,0
272.934,11
273.041,11
273.148,0
273.255,11
273.362,21
273.468,0
273.575,14
273.682,30
273.789,11
273.896,0
274.003,15
274.11,0
274.217,0
274.323,0
274.43,0
274.537,16
274.644,12
274.751,0
274.858,0
274.965,6
275.071,0
275.178,0
275.285,15
275.392,4
275.499,15
275.606,12
275.713,0
275.819,0
275.926,26
276.033,0
276.14,13
276.247,105
276.354,142
276.461,50
276.567,8
276.674,20
276.781,0
276.888,0
276.995,37
277.102,0
277.209,0
277.315,20
277.422,6
277.529,5
277.636,0
277.743,21
277.85,13
277.957,0
278.064,3
278.17,9
278.277,10
278.384,2
278.491,11
278.598,9
278.705,0
278.812,0
278.918,8
279.025,24
279.132,6
279.239,11
279.346,7
279.453,2
279.56,25
279.666,18
279.773,0
279.88,0
279.987,0
280.094,11
280.201,17
280.308,9
280.414,22
280.521,4
280.628,4
280.735,25
280.842,6
280.949,24
281.056,0
281.162,3
281.269,2
281.376,0
281.483,0
281.59,2
281.697,9
281.804,13
281.91,6
282.017,4
282.124,19
282.231,12
282.338,0
282.445,0
282.552,0
282.658,22
282.765,0
282.872,13
282.979,0
283.086,19
283.193,6
283.3,9
283.406,15
283.513,18
283.62,7
283.727,0
283.834,24
283.941,22
284.048,10
284.154,0
284.261,0
284.368,32
284.475,40
284.582,0
284.689,0
284.796,0
284.902,6
285.009,17
285.116,12
285.223,0
285.33,13
285.437,2
285.544,0
285.65,13
285.757,19
285.864,36
285.971,0
286.078,0
286.185,0
286.292,0
286.398,3
286.505,11
286.612,5
286.719,0
286.826,0
286.933,30
287.039,18
287.146,13
287.253,8
287.36,11
287.467,15
287.574,0
287.681,2
287.787,8
287.894,10
288.001,0
288.108,0
288.215,18
288.322,18
288.429,0
288.535,8
288.642,14
288.749,0
288.856,21
288.963,0
289.07,0
289.177,16
289.283,27
289.39,6
289.497,0
289.604,9
289.711,0
289.818,0
289.924,5
290.031,30
290.138,0
290.245,12
290.352,11
290.459,0
290.566,0
290.672,0
290.779,5
290.886,0
290.993,6
291.1,5
291.207,24
291.314,1
291.42,13
291.527,0
291.634,20
291.741,0
291.848,5
291.955,0
292.062,13
292.168,11
292.275,0
292.382,0
292.489,25
292.596,0
292.703,0
292.809,19
292.916,11
293.023,14
293.13,23
293.237,9
293.344,0
293.451,11
293.557,5
293.664,0
293.771,3
293.878,20
293.985,2
294.092,6
294.198,1
294.305,0
294.412,8
294.519,22
294.626,0
294.733,20
294.84,0
294.946,0
295.053,39
295.16,24
295.267,3
295.374,0
295.481,4
295.588,0
295.694,0
295.801,2
295.908,3
296.015,0
296.122,8
296.229,5
296.335,0
296.442,3
296.549,0
296.656,18
296.763,30
296.87,0
296.977,11
297.083,8
297.19,40
297.297,0
297.404,0
297.511,1
297.618,0
297.724,10
297.831,2
297.938,53
298.045,78
298.152,29
298.259,4
298.365,0
298.472,12
298.579,17
298.686,0
298.793,0
298.9,0
299.007,3
299.113,0
299.22,0
299.327,25
299.434,0
299.541,0
299.648,25
299.754,12
299.861,0
299.968,0
300.075,18
300.182,4
300.289,5
300.396,0
300.502,0
300.609,16
300.716,0
300.823,0
300.93,2
301.037,0
301.143,30
301.25,0
301.357,0
301.464,18
301.571,10
301.678,14
301.784,0
301.891,0
301.998,10
302.105,18
302.212,0
302.319,0
302.426,0
302.532,8
302.639,0
302.746,20
302.853,11
302.96,15
303.067,22
303.173,11
303.28,17
303.387,0
303.494,2
303.601,0
303.708,15
303.814,0
303.921,0
304.028,0
304.135,27
304.242,1
304.349,14
304.456,0
304.562,14
304.669,43
304.776,0
304.883,8
304.99,17
305.097,0
305.203,7
305.31,0
305.417,0
305.524,0
305.631,0
305.738,34
305.844,24
305.951,12
306.058,0
306.165,4
306.272,0
306.379,17
306.485,0
306.592,17
306.699,13
306.806,0
306.913,14
307.02,0
307.126,13
307.233,0
307.34,4
307.447,0
307.554,0
307.661,3
307.767,5
307.874,0
307.981,0
308.088,1
308.195,26
308.302,6
308.409,0
308.515,0
308.622,23
308.729,14
308.836,6
308.943,0
309.05,0
309.156,32
309.263,36
309.37,5
309.477,0
309.584,16
309.691,13
309.797,22
309.904,16
310.011,16
310.118,23
310.225,4
310.332,9
310.438,0
310.545,0
310.652,21
310.759,24
310.866,0
310.973,13
311.079,19
311.186,0
311.293,16
311.4,20
311.507,5
311.614,18
311.72,0
311.827,11
311.934,0
312.041,8
312.148,5
312.255,0
312.361,6
312.468,0
312.575,13
312.682,4
312.789,0
312.896,3
313.002,7
313.109,0
313.216,32
313.323,0
313.43,8
313.537,0
313.643,8
313.75,30
313.857,0
313.964,0
314.071,28
314.178,17
314.284,0
314.391,21
314.498,0
314.605,14
314.712,15
314.819,10
314.925,4
315.032,21
315.139,0
315.246,9
315.353,0
315.46,4
315.566,0
315.673,0
315.78,0
315.887,14
315.994,3
316.1,0
316.207,14
316.314,0
316.421,19
316.528,51
316.635,2
316.741,0
316.848,9
316.955,0
317.062,10
317.169,0
317.276,0
317.382,3
317.489,1
317.596,12
317.703,0
317.81,16
317.917,11
318.023,21
318.13,3
318.237,0
318.344,7
318.451,1
318.558,3
318.664,7
318.771,0
318.878,6
318.985,18
319.092,18
319.199,8
319.305,31
319.412,0
319.519,1
319.626,1
319.733,18
319.839,4
319.946,0
320.053,0
320.16,17
320.267,18
320.374,7
320.48,41
320.587,9
320.694,6
320.801,0
320.908,31
321.015,33
321.121,4
321.228,22
321.335,0
321.442,0
321.549,0
321.655,0
321.762,0
321.869,0
321.976,0
322.083,0
322.19,28
322.296,3
322.403,0
322.51,0
322.617,25
322.724,0
322.831,4
322.937,10
323.044,0
323.151,8
323.258,0
323.365,17
323.472,0
323.578,3
323.685,0
323.792,0
323.899,17
324.006,8
324.112,0
324.219,0
324.326,15
324.433,4
324.54,0
324.647,17
324.753,30
324.86,0
324.967,0
325.074,17
325.181,0
325.287,4
325.394,11
325.501,0
325.608,0
325.715,32
325.822,17
325.928,5
326.035,18
326.142,0
326.249,10
326.356,57
326.463,56
326.569,0
326.676,1
326.783,0
326.89,7
326.997,0
327.103,37
327.21,73
327.317,58
327.424,0
327.531,0
327.638,6
327.744,0
327.851,0
327.958,0
328.065,14
328.172,0
328.278,0
328.385,0
328.492,21
328.599,2
328.706,12
328.813,22
328.919,14
329.026,0
329.133,35
329.24,0
329.347,6
329.453,0
329.56,11
329.667,0
329.774,7
329.881,0
329.988,7
330.094,0
330.201,0
330.308,0
330.415,28
330.522,3
330.628,21
330.735,0
330.842,24
330.949,3
331.056,18
331.162,0
331.269,10
331.376,0
331.483,0
331.59,0
331.697,3
331.803,0
331.91,14
332.017,15
332.124,32
332.231,20
332.337,32
332.444,17
332.551,28
332.658,0
332.765,13
332.872,5
332.978,0
333.085,7
333.192,25
333.299,1
333.406,13
333.512,28
333.619,18
333.726,60
333.833,12
333.94,0
334.046,33
334.153,23
334.26,0
334.367,1
334.474,0
334.581,30
334.687,27
334.794,0
334.901,6
335.008,0
335.115,0
335.221,1
335.328,26
335.435,36
335.542,4
335.649,22
335.755,30
335.862,0
335.969,0
336.076,26
336.183,0
336.29,0
336.396,5
336.503,11
336.61,11
336.717,10
336.824,0
336.93,0
337.037,0
337.144,1
337.251,0
337.358,2
337.464,13
337.571,3
337.678,0
337.785,27
337.892,34
337.998,10
338.105,0
338.212,0
338.319,0
338.426,1
338.533,1
338.639,0
338.746,12
338.853,0
338.96,9
339.067,0
339.173,33
339.28,21
339.387,0
339.494,4
339.601,5
339.707,0
339.814,15
339.921,0
340.028,3
340.135,2
340.241,13
340.348,0
340.455,0
340.562,9
340.669,11
340.775,11
340.882,8
340.989,0
341.096,32
341.203,2
341.309,4
341.416,0
341.523,1
341.63,29
341.737,22
341.844,1
341.95,72
342.057,102
342.164,50
342.271,10
342.378,0
342.484,0
342.591,50
342.698,147
342.805,109
342.912,32
343.018,0
343.125,0
343.232,28
343.339,34
343.446,3
343.552,0
343.659,0
343.766,17
343.873,17
343.98,0
344.086,14
344.193,0
344.3,0
344.407,0
344.514,3
344.62,0
344.727,0
344.834,0
344.941,0
345.048,8
345.154,0
345.261,16
345.368,20
345.475,0
345.582,13
345.688,0
345.795,0
345.902,12
346.009,2
346.116,10
346.222,13
346.329,0
346.436,31
346.543,14
346.65,0
346.756,31
346.863,46
346.97,0
347.077,18
347.184,17
347.29,0
347.397,0
347.504,0
347.611,0
347.718,0
347.824,9
347.931,17
348.038,0
348.145,26
348.252,0
348.358,0
348.465,25
348.572,13
348.679,0
348.786,8
348.892,10
348.999,6
349.106,0
349.213,3
349.32,17
349.426,0
349.533,0
349.64,26
349.747,25
349.854,0
349.96,0
350.067,4
350.174,11
350.281,0
350.388,37
350.494,11
350.601,0
350.708,0
350.815,16
350.922,8
351.028,2
351.135,0
351.242,0
351.349,0
351.456,1
351.562,0
351.669,9
351.776,0
351.883,0
351.989,0
352.096,0
352.203,0
352.31,9
352.417,25
352.523,18
352.63,0
352.737,5
352.844,0
352.951,7
353.057,14
353.164,13
353.271,8
353.378,0
353.485,10
353.591,19
353.698,0
353.805,16
353.912,21
354.019,13
354.125,1
354.232,0
354.339,0
354.446,0
354.553,0
354.659,0
354.766,9
354.873,0
354.98,16
355.086,32
355.193,0
355.3,0
355.407,0
355.514,7
355.62,6
355.727,0
355.834,0
355.941,0
356.048,6
356.154,17
356.261,0
356.368,28
356.475,2
356.582,29
356.688,6
356.795,0
356.902,14
357.009,15
357.115,1
357.222,0
357.329,0
357.436,5
357.543,7
357.649,0
357.756,0
357.863,19
357.97,0
358.077,2
358.183,3
358.29,0
358.397,0
358.504,22
358.61,34
358.717,0
358.824,0
358.931,0
359.038,0
359.144,55
359.251,33
359.358,33
359.465,0
359.572,4
359.678,11
359.785,0
359.892,0
359.999,11
360.105,0
360.212,0
360.319,12
360.426,38
360.533,9
360.639,0
360.746,0
360.853,0
360.96,26
361.067,28
361.173,4
361.28,11
361.387,0
361.494,0
361.6,39
361.707,44
361.814,0
361.921,0
362.028,0
362.134,5
362.241,0
362.348,0
362.455,0
362.562,0
362.668,8
362.775,36
362.882,13
362.989,0
363.095,0
363.202,8
363.309,30
363.416,3
363.523,0
363.629,0
363.736,36
363.843,0
363.95,0
364.056,0
364.163,0
364.27,17
364.377,0
364.484,0
364.59,21
364.697,15
364.804,25
364.911,0
365.017,0
365.124,8
365.231,15
365.338,4
365.445,2
365.551,0
365.658,0
365.765,13
365.872,8
365.979,0
366.085,5
366.192,17
366.299,26
366.406,8
366.512,12
366.619,0
366.726,0
366.833,1
366.94,22
367.046,15
367.153,0
367.26,6
367.367,15
367.473,11
367.58,15
367.687,0
367.794,7
367.9,0
368.007,0
368.114,2
368.221,0
368.328,0
368.434,9
368.541,0
368.648,0
368.755,11
368.861,4
368.968,0
369.075,9
369.182,8
369.289,37
369.395,19
369.502,5
369.609,4
369.716,0
369.822,41
369.929,26
370.036,0
370.143,0
370.25,0
370.356,0
370.463,22
370.57,14
370.677,0
370.783,0
370.89,0
370.997,0
371.104,24
371.211,1
371.317,0
371.424,0
371.531,0
371.638,30
371.744,21
371.851,13
371.958,0
372.065,1
372.171,8
372.278,28
372.385,0
372.492,6
372.599,10
372.705,0
372.812,0
372.919,7
373.026,5
373.132,0
373.239,0
373.346,14
373.453,11
373.559,0
373.666,23
373.773,0
373.88,2
373.987,10
374.093,18
374.2,0
374.307,0
374.414,2
374.52,5
374.627,15
374.734,0
374.841,10
374.947,9
375.054,0
375.161,11
375.268,4
375.375,0
375.481,8
375.588,6
375.695,12
375.802,0
375.908,0
376.015,0
376.122,13
376.229,0
376.335,0
376.442,0
376.549,2
376.656,1
376.763,10
376.869,0
376.976,4
377.083,0
377.19,11
377.296,9
377.403,7
377.51,0
377.617,6
377.723,24
377.83,11
377.937,23
378.044,0
378.15,0
378.257,2
378.364,0
378.471,15
378.578,6
378.684,0
378.791,0
378.898,0
379.005,0
379.111,0
379.218,18
379.325,0
379.432,0
379.538,0
379.645,0
379.752,0
379.859,0
379.965,4
380.072,0
380.179,18
380.286,0
380.392,0
380.499,18
380.606,31
380.713,6
380.82,7
380.926,0
381.033,14
381.14,0
381.247,0
381.353,0
381.46,0
381.567,15
381.674,0
381.78,8
381.887,5
381.994,0
382.101,12
382.207,13
382.314,2
382.421,9
382.528,0
382.634,17
382.741,1
382.848,1
382.955,13
383.061,12
383.168,7
383.275,4
383.382,0
383.488,0
383.595,4
383.702,14
383.809,17
383.916,0
384.022,12
384.129,4
384.236,9
384.343,3
384.449,0
384.556,6
384.663,1
384.77,12
384.876,0
384.983,0
385.09,0
385.197,7
385.303,0
385.41,0
385.517,7
385.624,28
385.73,0
385.837,0
385.944,0
386.051,4
386.157,0
386.264,13
386.371,4
386.478,0
386.584,2
386.691,0
386.798,2
386.905,0
387.011,0
387.118,8
387.225,20
387.332,9
387.438,6
387.545,7
387.652,0
387.759,12
387.865,0
387.972,13
388.079,5
388.186,7
388.292,0
388.399,6
388.506,17
388.613,0
388.719,7
388.826,10
388.933,0
389.04,0
389.146,8
389.253,4
389.36,1
389.467,15
389.573,0
389.68,0
389.787,29
389.894,9
390,0
390.107,0
390.214,0
390.321,54
390.427,81
390.534,51
390.641,20
390.748,0
390.854,20
390.961,29
391.068,12
391.175,13
391.281,23
391.388,21
391.495,0
391.602,23
391.708,0
391.815,7
391.922,4
392.029,8
392.135,0
392.242,40
392.349,20
392.456,0
392.562,0
392.669,0
392.776,0
392.883,6
392.989,2
393.096,0
393.203,0
393.31,23
393.416,8
393.523,0
393.63,30
393.737,12
393.843,0
393.95,0
394.057,12
394.164,13
394.27,6
394.377,0
394.484,11
394.591,0
394.697,53
394.804,91
394.911,15
395.018,0
395.124,0
395.231,0
395.338,19
395.445,0
395.551,2
395.658,0
395.765,12
395.871,0
395.978,21
396.085,21
396.192,101
396.298,56
396.405,44
396.512,19
396.619,0
396.725,0
396.832,0
396.939,0
397.046,2
397.152,14
397.259,0
397.366,0
397.473,0
397.579,25
397.686,1
397.793,0
397.9,0
398.006,1
398.113,0
398.22,0
398.327,0
398.433,0
398.54,0
398.647,11
398.753,13
398.86,2
398.967,40
399.074,0
399.18,17
399.287,12
399.394,19
399.501,0
399.607,13
399.714,0
399.821,3
399.928,0
400.034,31
400.141,0
400.248,0
400.355,32
400.461,11
400.568,0
400.675,0
400.781,15
400.888,5
400.995,5
401.102,19
401.208,0
401.315,20
401.422,11
401.529,0
401.635,0
401.742,0
401.849,24
401.956,45
402.062,0
402.169,0
402.276,18
402.382,23
402.489,20
402.596,10
402.703,15
402.809,1
402.916,0
403.023,0
403.13,12
403.236,8
403.343,6
403.45,6
403.557,0
403.663,17
403.77,0
403.877,4
403.983,22
404.09,6
404.197,20
404.304,0
404.41,0
404.517,0
404.624,0
404.731,19
404.837,0
404.944,0
405.051,10
405.158,0
405.264,0
405.371,0
405.478,9
405.584,0
405.691,0
405.798,14
405.905,0
406.011,0
406.118,5
406.225,0
406.332,0
406.438,8
406.545,0
406.652,1
406.758,29
406.865,34
406.972,24
407.079,19
407.185,3
407.292,1
407.399,11
407.506,4
407.612,20
407.719,0
407.826,0
407.932,0
408.039,16
408.146,0
408.253,4
408.359,20
408.466,0
408.573,0
408.68,2
408.786,16
408.893,16
409,15
409.106,0
409.213,8
409.32,0
409.427,15
409.533,0
409.64,0
409.747,0
409.853,10
409.96,16
410.067,0
410.174,2
410.28,22
410.387,16
410.494,17
410.601,17
410.707,0
410.814,0
410.921,5
411.027,0
411.134,0
411.241,0
411.348,10
411.454,0
411.561,3
411.668,21
411.774,0
411.881,18
411.988,4
412.095,0
412.201,11
412.308,0
412.415,0
412.522,16
412.628,12
412.735,19
412.842,0
412.948,0
413.055,0
413.162,1
413.269,8
413.375,12
413.482,0
413.589,0
413.695,0
413.802,11
413.909,0
414.016,0
414.122,0
414.229,0
414.336,0
414.442,0
414.549,19
414.656,20
414.763,28
414.869,17
414.976,10
415.083,0
415.189,0
415.296,2
415.403,14
415.51,2
415.616,0
415.723,0
415.83,2
415.936,19
416.043,0
416.15,0
416.257,12
416.363,0
416.47,5
416.577,0
416.683,3
416.79,132
416.897,219
417.004,121
417.11,56
417.217,16
417.324,0
417.43,0
417.537,9
417.644,72
417.751,72
417.857,38
417.964,18
418.071,0
418.177,0
418.284,7
418.391,0
418.498,6
418.604,5
418.711,20
418.818,0
418.924,7
419.031,0
419.138,0
419.245,0
419.351,0
419.458,0
419.565,30
419.671,0
419.778,19
419.885,65
419.992,41
420.098,32
420.205,20
420.312,0
420.418,13
420.525,22
420.632,0
420.738,0
420.845,0
420.952,13
421.059,0
421.165,0
421.272,37
421.379,257
421.485,219
421.592,41
421.699,15
421.806,0
421.912,0
422.019,1
422.126,12
422.232,6
422.339,0
422.446,0
422.552,2
422.659,0
422.766,0
422.873,0
422.979,0
423.086,0
423.193,43
423.299,25
423.406,0
423.513,0
423.62,1
423.726,0
423.833,11
423.94,0
424.046,0
424.153,0
424.26,0
424.366,0
424.473,0
424.58,4
424.687,30
424.793,8
424.9,26
425.007,0
425.113,4
425.22,26
425.327,17
425.433,0
425.54,0
425.647,0
425.754,67
425.86,52
425.967,11
426.074,14
426.18,38
426.287,13
426.394,0
426.5,0
426.607,0
426.714,0
426.821,12
426.927,2
427.034,8
427.141,0
427.247,6
427.354,0
427.461,82
427.567,114
427.674,27
427.781,0
427.888,0
427.994,19
428.101,0
428.208,0
428.314,6
428.421,25
428.528,16
428.634,92
428.741,71
428.848,24
428.955,21
429.061,0
429.168,0
429.275,0
429.381,0
429.488,0
429.595,16
429.701,55
429.808,79
429.915,37
430.021,13
430.128,17
430.235,8
430.342,0
430.448,0
430.555,0
430.662,0
430.768,0
430.875,0
430.982,22
431.088,0
431.195,16
431.302,0
431.409,26
431.515,61
431.622,83
431.729,33
431.835,16
431.942,0
432.049,0
432.155,0
432.262,53
432.369,20
432.475,0
432.582,13
432.689,0
432.796,9
432.902,14
433.009,0
433.116,13
433.222,5
433.329,0
433.436,12
433.542,3
433.649,0
433.756,17
433.862,153
433.969,136
434.076,40
434.182,0
434.289,0
434.396,0
434.503,0
434.609,0
434.716,0
434.823,74
434.929,157
435.036,104
435.143,48
435.249,126
435.356,60
435.463,0
435.569,4
435.676,17
435.783,0
435.889,0
435.996,0
436.103,20
436.21,23
436.316,3
436.423,11
436.53,4
436.636,0
436.743,0
436.85,45
436.956,48
437.063,10
437.17,0
437.276,0
437.383,11
437.49,11
437.596,0
437.703,159
437.81,372
437.916,241
438.023,84
438.13,0
438.237,0
438.343,0
438.45,77
438.557,204
438.663,132
438.77,81
438.877,80
438.983,60
439.09,39
439.197,0
439.303,30
439.41,0
439.517,12
439.623,0
439.73,0
439.837,0
439.943,12
440.05,34
440.157,62
440.263,12
440.37,0
440.477,0
440.583,29
440.69,0
440.797,0
440.904,0
441.01,32
441.117,13
441.224,0
441.33,0
441.437,3
441.544,0
441.65,0
441.757,0
441.864,4
441.97,14
442.077,0
442.184,0
442.29,0
442.397,15
442.504,7
442.61,17
442.717,14
442.824,32
442.93,2
443.037,16
443.144,0
443.25,0
443.357,2
443.464,0
443.57,0
443.677,25
443.784,0
443.89,0
443.997,0
444.104,0
444.21,9
444.317,0
444.424,10
444.53,34
444.637,53
444.744,17
444.851,0
444.957,2
445.064,0
445.171,16
445.277,0
445.384,4
445.491,0
445.597,6
445.704,11
445.811,0
445.917,38
446.024,5
446.131,0
446.237,1
446.344,15
446.451,9
446.557,7
446.664,13
446.771,10
446.877,0
446.984,0
447.091,9
447.197,0
447.304,0
447.411,4
447.517,8
447.624,2
447.731,0
447.837,0
447.944,0
448.051,0
448.157,4
448.264,0
448.371,0
448.477,2
448.584,5
448.691,8
448.797,6
448.904,16
449.011,30
449.117,32
449.224,25
449.331,0
449.437,0
449.544,9
449.651,21
449.757,0
449.864,0
449.971,0
450.077,0
450.184,18
450.291,14
450.397,0
450.504,2
450.611,0
450.717,25
450.824,0
450.931,0
451.037,11
451.144,16
451.251,0
451.357,19
451.464,0
451.571,0
451.677,0
451.784,0
451.891,0
451.997,17
452.104,11
452.21,25
452.317,9
452.424,6
452.53,10
452.637,12
452.744,6
452.85,3
452.957,12
453.064,0
453.17,0
453.277,36
453.384,0
453.49,0
453.597,0
453.704,2
453.81,23
453.917,23
454.024,6
454.13,6
454.237,0
454.344,0
454.45,12
454.557,31
454.664,7
454.77,0
454.877,0
454.984,0
455.09,0
455.197,18
455.304,0
455.41,18
455.517,23
455.624,0
455.73,11
455.837,4
455.944,16
456.05,23
456.157,11
456.263,0
456.37,0
456.477,0
456.583,4
456.69,4
456.797,9
456.903,0
457.01,24
457.117,0
457.223,2
457.33,0
457.437,7
457.543,37
457.65,0
457.757,0
457.863,12
457.97,0
458.077,0
458.183,9
458.29,14
458.397,5
458.503,0
458.61,0
458.716,0
458.823,0
458.93,23
459.036,9
459.143,10
459.25,24
459.356,14
459.463,0
459.57,36
459.676,16
459.783,0
459.89,7
459.996,0
460.103,7
460.21,0
460.316,0
460.423,22
460.53,2
460.636,19
460.743,10
460.849,0
460.956,0
461.063,59
461.169,59
461.276,25
461.383,15
461.489,18
461.596,0
461.703,8
461.809,0
461.916,0
462.023,15
462.129,12
462.236,0
462.342,5
462.449,0
462.556,4
462.662,6
462.769,7
462.876,0
462.982,0
463.089,5
463.196,1
463.302,6
463.409,0
463.516,6
463.622,6
463.729,12
463.835,5
463.942,17
464.049,24
464.155,0
464.262,0
464.369,0
464.475,6
464.582,0
464.689,0
464.795,0
464.902,0
465.009,1
465.115,3
465.222,0
465.328,36
465.435,24
465.542,18
465.648,0
465.755,11
465.862,45
465.968,25
466.075,0
466.182,6
466.288,0
466.395,9
466.501,23
466.608,0
466.715,0
466.821,11
466.928,0
467.035,10
467.141,0
467.248,0
467.355,0
467.461,11
467.568,2
467.674,29
467.781,12
467.888,0
467.994,3
468.101,8
468.208,2
468.314,0
468.421,0
468.528,0
468.634,0
468.741,13
468.847,9
468.954,19
469.061,14
469.167,0
469.274,3
469.381,0
469.487,5
469.594,10
469.701,2
469.807,28
469.914,0
470.02,29
470.127,17
470.234,20
470.34,25
470.447,0
470.554,0
470.66,0
470.767,5
470.873,0
470.98,1
471.087,14
471.193,29
471.3,63
471.407,50
471.513,66
471.62,93
471.727,30
471.833,0
471.94,0
472.046,19
472.153,0
472.26,35
472.366,0
472.473,0
472.58,0
472.686,25
472.793,0
472.899,8
473.006,61
473.113,47
473.219,16
473.326,0
473.433,11
473.539,0
473.646,1
473.752,27
473.859,20
473.966,5
474.072,0
474.179,0
474.286,14
474.392,0
474.499,0
474.605,0
474.712,0
474.819,4
474.925,0
475.032,0
475.139,0
475.245,8
475.352,22
475.458,9
475.565,13
475.672,0
475.778,38
475.885,0
475.992,13
476.098,0
476.205,0
476.311,0
476.418,0
476.525,32
476.631,5
476.738,0
476.844,0
476.951,0
477.058,2
477.164,0
477.271,0
477.378,16
477.484,0
477.591,0
477.697,16
477.804,12
477.911,0
478.017,0
478.124,0
478.231,22
478.337,31
478.444,10
478.55,16
478.657,27
478.764,0
478.87,20
478.977,13
479.083,19
479.19,0
479.297,41
479.403,2
479.51,14
479.617,0
479.723,0
479.83,0
479.936,0
480.043,3
480.15,24
480.256,0
480.363,0
480.469,0
480.576,0
480.683,0
480.789,6
480.896,0
481.003,0
481.109,0
481.216,2
481.322,12
481.429,26
481.536,0
481.642,6
481.749,0
481.855,0
481.962,19
482.069,0
482.175,13
482.282,0
482.388,0
482.495,0
482.602,3
482.708,6
482.815,0
482.922,0
483.028,22
483.135,0
483.241,0
483.348,5
483.455,0
483.561,7
483.668,22
483.774,0
483.881,16
483.988,0
484.094,0
484.201,0
484.307,0
484.414,17
484.521,0
484.627,4
484.734,0
484.84,0
484.947,16
485.054,0
485.16,0
485.267,20
485.373,28
485.48,0
485.587,11
485.693,10
485.8,0
485.907,0
486.013,0
486.12,11
486.226,4
486.333,0
486.44,0
486.546,26
486.653,0
486.759,0
486.866,16
486.973,0
487.079,0
487.186,18
487.292,32
487.399,0
487.506,11
487.612,0
487.719,15
487.825,5
487.932,0
488.039,0
488.145,0
488.252,27
488.358,0
488.465,0
488.572,44
488.678,21
488.785,6
488.891,0
488.998,0
489.105,0
489.211,44
489.318,0
489.424,0
489.531,0
489.638,26
489.744,1
489.851,9
489.957,0
490.064,0
490.171,0
490.277,0
490.384,7
490.49,10
490.597,0
490.704,0
490.81,27
490.917,18
491.023,0
491.13,12
491.237,2
491.343,17
491.45,13
491.556,0
491.663,18
491.769,0
491.876,8
491.983,0
492.089,13
492.196,14
492.302,0
492.409,26
492.516,0
492.622,3
492.729,2
492.835,23
492.942,22
493.049,13
493.155,0
493.262,1
493.368,35
493.475,0
493.582,2
493.688,19
493.795,0
493.901,2
494.008,4
494.114,5
494.221,0
494.328,0
494.434,18
494.541,22
494.647,0
494.754,4
494.861,5
494.967,5
495.074,16
495.18,0
495.287,21
495.394,16
495.5,20
495.607,0
495.713,9
495.82,0
495.926,0
496.033,8
496.14,23
496.246,36
496.353,53
496.459,40
496.566,8
496.673,28
496.779,26
496.886,0
496.992,0
497.099,0
497.206,22
497.312,0
497.419,41
497.525,46
497.632,0
497.738,0
497.845,32
497.952,0
498.058,0
498.165,0
498.271,8
498.378,0
498.485,2
498.591,9
498.698,0
498.804,40
498.911,63
499.017,65
499.124,4
499.231,5
499.337,33
499.444,0
499.55,8
499.657,17
499.763,0
499.87,0
499.977,6
500.083,11
500.19,9
500.296,10
500.403,0
500.51,2
500.616,46
500.723,3
500.829,0
500.936,20
501.042,24
501.149,60
501.256,40
501.362,34
501.469,0
501.575,0
501.682,39
501.788,0
501.895,0
502.002,0
502.108,7
502.215,12
502.321,0
502.428,7
502.534,20
502.641,0
502.748,5
502.854,1
502.961,3
503.067,0
503.174,168
503.281,211
503.387,89
503.494,0
503.6,0
503.707,8
503.813,65
503.92,36
504.027,5
504.133,12
504.24,11
504.346,6
504.453,8
504.559,1
504.666,11
504.773,0
504.879,0
504.986,10
505.092,0
505.199,0
505.305,14
505.412,0
505.518,3
505.625,17
505.732,50
505.838,19
505.945,23
506.051,29
506.158,8
506.264,13
506.371,0
506.478,13
506.584,10
506.691,11
506.797,0
506.904,2
507.01,14
507.117,24
507.224,0
507.33,13
507.437,13
507.543,0
507.65,0
507.756,2
507.863,23
507.97,0
508.076,15
508.183,17
508.289,0
508.396,0
508.502,10
508.609,43
508.715,0
508.822,0
508.929,0
509.035,5
509.142,0
509.248,0
509.355,21
509.461,37
509.568,0
509.675,0
509.781,35
509.888,6
509.994,13
510.101,18
510.207,27
510.314,7
510.42,0
510.527,12
510.634,24
510.74,27
510.847,25
510.953,6
511.06,0
511.166,13
511.273,7
511.379,0
511.486,0
511.593,0
511.699,8
511.806,0
511.912,17
512.019,0
512.125,0
512.232,15
512.339,11
512.445,32
512.552,0
512.658,4
512.765,0
512.871,4
512.978,0
513.084,0
513.191,4
513.298,0
513.404,56
513.511,49
513.617,46
513.724,28
513.83,16
513.937,3
514.043,0
514.15,8
514.256,0
514.363,5
514.47,6
514.576,20
514.683,17
514.789,0
514.896,0
515.002,0
515.109,0
515.215,0
515.322,8
515.429,0
515.535,14
515.642,0
515.748,0
515.855,62
515.961,94
516.068,48
516.174,0
516.281,2
516.388,16
516.494,0
516.601,0
516.707,0
516.814,102
516.92,116
517.027,43
517.133,98
517.24,91
517.346,45
517.453,15
517.56,0
517.666,1
517.773,3
517.879,0
517.986,11
518.092,0
518.199,10
518.305,0
518.412,0
518.518,11
518.625,0
518.732,0
518.838,12
518.945,0
519.051,0
519.158,20
519.264,10
519.371,0
519.477,4
519.584,0
519.69,0
519.797,2
519.903,4
520.01,10
520.117,23
520.223,8
520.33,5
520.436,0
520.543,0
520.649,40
520.756,0
520.862,14
520.969,4
521.075,0
521.182,16
521.289,47
521.395,0
521.502,3
521.608,10
521.715,32
521.821,22
521.928,0
522.034,12
522.141,0
522.247,0
522.354,27
522.46,0
522.567,6
522.674,0
522.78,0
522.887,0
522.993,0
523.1,12
523.206,0
523.313,23
523.419,19
523.526,15
523.632,76
523.739,84
523.845,42
523.952,16
524.058,0
524.165,16
524.272,25
524.378,12
524.485,6
524.591,4
524.698,0
524.804,2
524.911,5
525.017,2
525.124,0
525.23,0
525.337,22
525.443,13
525.55,4
525.656,7
525.763,0
525.87,0
525.976,0
526.083,0
526.189,8
526.296,18
526.402,5
526.509,6
526.615,6
526.722,0
526.828,2
526.935,1
527.041,22
527.148,36
527.254,17
527.361,12
527.467,0
527.574,20
527.68,34
527.787,15
527.894,0
528,18
528.107,9
528.213,0
528.32,0
528.426,0
528.533,4
528.639,0
528.746,0
528.852,17
528.959,4
529.065,16
529.172,12
529.278,22
529.385,0
529.491,1
529.598,0
529.704,0
529.811,44
529.918,16
530.024,1
530.131,0
530.237,10
530.344,4
530.45,23
530.557,26
530.663,4
530.77,29
530.876,0
530.983,0
531.089,4
531.196,0
531.302,0
531.409,9
531.515,0
531.622,0
531.728,0
531.835,27
531.941,0
532.048,0
532.154,4
532.261,15
532.367,11
532.474,7
532.581,1
532.687,6
532.794,0
532.9,0
533.007,5
533.113,0
533.22,0
533.326,0
533.433,0
533.539,0
533.646,0
533.752,19
533.859,29
533.965,83
534.072,46
534.178,42
534.285,23
534.391,26
534.498,7
534.604,0
534.711,0
534.817,0
534.924,4
535.03,6
535.137,0
535.243,0
535.35,10
535.456,35
535.563,0
535.669,2
535.776,2
535.882,8
535.989,0
536.095,0
536.202,0
536.308,8
536.415,3
536.521,0
536.628,0
536.735,7
536.841,22
536.948,17
537.054,11
537.161,13
537.267,2
537.374,7
537.48,0
537.587,26
537.693,33
537.8,0
537.906,0
538.013,0
538.119,4
538.226,12
538.332,0
538.439,0
538.545,29
538.652,21
538.758,0
538.865,18
538.971,11
539.078,2
539.184,0
539.291,41
539.397,0
539.504,1
539.61,0
539.717,7
539.823,9
539.93,7
540.036,0
540.143,0
540.249,0
540.356,0
540.462,51
540.569,25
540.675,0
540.782,12
540.888,7
540.995,7
541.101,1
541.208,0
541.314,14
541.421,21
541.527,0
541.634,2
541.74,0
541.847,8
541.953,16
542.06,3
542.166,0
542.273,11
542.379,0
542.486,0
542.592,4
542.699,0
542.805,20
542.912,10
543.018,8
543.125,0
543.231,0
543.338,7
543.444,0
543.551,13
543.657,16
543.764,9
543.87,4
543.977,20
544.083,0
544.19,0
544.296,36
544.403,1
544.509,10
544.616,0
544.722,0
544.829,5
544.935,0
545.042,17
545.148,18
545.255,0
545.361,19
545.467,14
545.574,0
545.68,15
545.787,0
545.893,0
546,11
546.106,0
546.213,0
546.319,0
546.426,12
546.532,0
546.639,0
546.745,0
546.852,15
546.958,0
547.065,23
547.171,41
547.278,0
547.384,0
547.491,8
547.597,0
547.704,0
547.81,14
547.917,0
548.023,0
548.13,0
548.236,10
548.343,25
548.449,0
548.556,0
548.662,0
548.769,18
548.875,2
548.982,0
549.088,0
549.195,0
549.301,25
549.408,4
549.514,0
549.62,0
549.727,18
549.833,0
549.94,4
550.046,0
550.153,0
550.259,7
550.366,10
550.472,18
550.579,10
550.685,11
550.792,0
550.898,0
551.005,0
551.111,51
551.218,26
551.324,0
551.431,0
551.537,0
551.644,39
551.75,0
551.857,0
551.963,8
552.07,9
552.176,0
552.282,0
552.389,7
552.495,0
552.602,0
552.708,0
552.815,17
552.921,1
553.028,4
553.134,3
553.241,15
553.347,0
553.454,0
553.56,23
553.667,5
553.773,0
553.88,0
553.986,4
554.093,0
554.199,3
554.305,9
554.412,3
554.518,0
554.625,1
554.731,1
554.838,4
554.944,0
555.051,0
555.157,11
555.264,5
555.37,16
555.477,15
555.583,0
555.69,1
555.796,0
555.903,0
556.009,9
556.115,5
556.222,0
556.328,43
556.435,14
556.541,22
556.648,0
556.754,0
556.861,16
556.967,15
557.074,0
557.18,22
557.287,0
557.393,0
557.5,8
557.606,0
557.713,13
557.819,0
557.925,14
558.032,21
558.138,18
558.245,12
558.351,0
558.458,33
558.564,0
558.671,21
558.777,34
558.884,0
558.99,0
559.097,0
559.203,10
559.309,0
559.416,6
559.522,26
559.629,0
559.735,0
559.842,20
559.948,18
560.055,0
560.161,0
560.268,0
560.374,9
560.481,1
560.587,4
560.693,0
560.8,0
560.906,0
561.013,25
561.119,7
561.226,3
561.332,11
561.439,9
561.545,0
561.652,0
561.758,42
561.864,26
561.971,0
562.077,0
562.184,0
562.29,1
562.397,15
562.503,28
562.61,0
562.716,37
562.823,13
562.929,6
563.035,0
563.142,8
563.248,23
563.355,0
563.461,0
563.568,15
563.674,9
563.781,18
563.887,0
563.994,0
564.1,24
564.206,42
564.313,0
564.419,0
564.526,17
564.632,22
564.739,0
564.845,0
564.952,0
565.058,0
565.165,0
565.271,18
565.377,6
565.484,3
565.59,6
565.697,4
565.803,22
565.91,26
566.016,0
566.123,0
566.229,0
566.335,19
566.442,0
566.548,0
566.655,16
566.761,23
566.868,11
566.974,1
567.081,14
567.187,8
567.293,11
567.4,30
567.506,0
567.613,5
567.719,10
567.826,6
567.932,0
568.039,7
568.145,0
568.251,0
568.358,0
568.464,8
568.571,0
568.677,6
568.784,0
568.89,5
568.997,10
569.103,4
569.209,23
569.316,18
569.422,0
569.529,0
569.635,1
569.742,37
569.848,19
569.955,12
570.061,7
570.167,11
570.274,0
570.38,4
570.487,0
570.593,13
570.7,4
570.806,21
570.912,8
571.019,21
571.125,3
571.232,27
571.338,0
571.445,16
571.551,3
571.658,6
571.764,0
571.87,0
571.977,8
572.083,0
572.19,0
572.296,0
572.403,26
572.509,14
572.615,0
572.722,8
572.828,0
572.935,6
573.041,6
573.148,1
573.254,0
573.36,7
573.467,5
573.573,0
573.68,27
573.786,14
573.893,19
573.999,0
574.105,0
574.212,17
574.318,15
574.425,1
574.531,18
574.638,0
574.744,0
574.85,0
574.957,0
575.063,12
575.17,0
575.276,0
575.383,10
575.489,0
575.595,0
575.702,17
575.808,33
575.915,51
576.021,23
576.128,0
576.234,0
576.34,1
576.447,22
576.553,0
576.66,0
576.766,0
576.873,0
576.979,28
577.085,0
577.192,0
577.298,0
577.405,11
577.511,23
577.618,0
577.724,0
577.83,0
577.937,12
578.043,13
578.15,0
578.256,2
578.363,14
578.469,24
578.575,0
578.682,0
578.788,31
578.895,0
579.001,3
579.107,42
579.214,31
579.32,5
579.427,4
579.533,4
579.64,27
579.746,5
579.852,9
579.959,0
580.065,3
580.172,22
580.278,0
580.384,8
580.491,23
580.597,0
580.704,0
580.81,0
580.917,2
581.023,0
581.129,25
581.236,25
581.342,0
581.449,7
581.555,20
581.661,21
581.768,6
581.874,16
581.981,76
582.087,39
582.193,39
582.3,12
582.406,13
582.513,6
582.619,0
582.726,27
582.832,0
582.938,0
583.045,30
583.151,12
583.258,0
583.364,0
583.47,0
583.577,0
583.683,19
583.79,0
583.896,0
584.002,5
584.109,39
584.215,0
584.322,12
584.428,2
584.535,4
584.641,11
584.747,2
584.854,7
584.96,0
585.067,1
585.173,15
585.279,0
585.386,13
585.492,43
585.599,0
585.705,7
585.811,0
585.918,14
586.024,2
586.131,10
586.237,29
586.343,20
586.45,14
586.556,10
586.663,0
586.769,0
586.875,10
586.982,0
587.088,15
587.195,0
587.301,9
587.407,1
587.514,10
587.62,0
587.727,2
587.833,2
587.939,9
588.046,0
588.152,13
588.259,0
588.365,0
588.471,10
588.578,10
588.684,1
588.791,0
588.897,0
589.003,0
589.11,20
589.216,13
589.323,0
589.429,0
589.535,25
589.642,0
589.748,0
589.855,0
589.961,24
590.067,0
590.174,23
590.28,0
590.387,0
590.493,16
590.599,2
590.706,3
590.812,0
590.918,0
591.025,37
591.131,5
591.238,0
591.344,36
591.45,24
591.557,0
591.663,0
591.77,0
591.876,9
591.982,31
592.089,0
592.195,9
592.302,15
592.408,0
592.514,0
592.621,6
592.727,0
592.834,8
592.94,12
593.046,0
593.153,0
593.259,22
593.365,12
593.472,0
593.578,0
593.685,45
593.791,9
593.897,0
594.004,0
594.11,0
594.217,0
594.323,0
594.429,12
594.536,3
594.642,12
594.748,0
594.855,27
594.961,28
595.068,8
595.174,2
595.28,0
595.387,0
595.493,4
595.6,3
595.706,0
595.812,0
595.919,11
596.025,0
596.131,0
596.238,2
596.344,0
596.451,1
596.557,4
596.663,0
596.77,0
596.876,24
596.982,23
597.089,0
597.195,0
597.302,3
597.408,23
597.514,0
597.621,0
597.727,7
597.833,22
597.94,0
598.046,6
598.153,11
598.259,16
598.365,11
598.472,4
598.578,0
598.685,8
598.791,13
598.897,0
599.004,0
599.11,0
599.216,24
599.323,14
599.429,0
599.535,0
599.642,0
599.748,17
599.855,0
599.961,0
600.067,11
600.174,16
600.28,10
600.386,11
600.493,21
600.599,21
600.706,0
600.812,0
600.918,37
601.025,79
601.131,76
601.237,10
601.344,0
601.45,0
601.557,29
601.663,0
601.769,9
601.876,21
601.982,4
602.088,6
602.195,0
602.301,0
602.407,8
602.514,3
602.62,18
602.727,1
602.833,1
602.939,0
603.046,0
603.152,37
603.258,0
603.365,14
603.471,10
603.577,14
603.684,4
603.79,0
603.897,0
604.003,0
604.109,0
604.216,0
604.322,20
604.428,20
604.535,1
604.641,0
604.747,0
604.854,16
604.96,3
605.067,6
605.173,5
605.279,24
605.386,11
605.492,0
605.598,0
605.705,0
605.811,0
605.917,0
606.024,0
606.13,0
606.236,22
606.343,0
606.449,0
606.556,24
606.662,18
606.768,0
606.875,12
606.981,0
607.087,0
607.194,4
607.3,0
607.406,0
607.513,21
607.619,0
607.725,5
607.832,0
607.938,0
608.045,22
608.151,4
608.257,0
608.364,15
608.47,0
608.576,0
608.683,38
608.789,16
608.895,0
609.002,0
609.108,0
609.214,0
609.321,0
609.427,0
609.533,0
609.64,8
609.746,0
609.852,15
609.959,3
610.065,9
610.172,0
610.278,24
610.384,0
610.491,0
610.597,1
610.703,0
610.81,0
610.916,0
611.022,2
611.129,12
611.235,2
611.341,0
611.448,25
611.554,9
611.66,10
611.767,18
611.873,0
611.979,0
612.086,0
612.192,2
612.298,30
612.405,0
612.511,0
612.617,30
612.724,0
612.83,0
612.936,18
613.043,22
613.149,4
613.255,11
613.362,12
613.468,0
613.575,6
613.681,13
613.787,0
613.894,0
614,0
614.106,11
614.213,0
614.319,0
614.425,0
614.532,12
614.638,2
614.744,0
614.851,0
614.957,34
615.063,40
615.17,6
615.276,0
615.382,10
615.489,0
615.595,1
615.701,19
615.808,0
615.914,0
616.02,0
616.127,0
616.233,13
616.339,36
616.446,0
616.552,0
616.658,0
616.765,0
616.871,0
616.977,0
617.084,0
617.19,0
617.296,0
617.403,0
617.509,6
617.615,0
617.722,0
617.828,5
617.934,9
618.041,24
618.147,4
618.253,6
618.36,0
618.466,0
618.572,0
618.679,0
618.785,0
618.891,7
618.998,1
619.104,2
619.21,6
619.316,0
619.423,0
619.529,19
619.635,14
619.742,0
619.848,7
619.954,14
620.061,0
620.167,0
620.273,0
620.38,3
620.486,2
620.592,0
620.699,0
620.805,21
620.911,3
621.018,1
621.124,0
621.23,30
621.337,15
621.443,0
621.549,0
621.656,20
621.762,3
621.868,15
621.975,0
622.081,8
622.187,0
622.294,7
622.4,0
622.506,0
622.612,4
622.719,18
622.825,1
622.931,0
623.038,0
623.144,9
623.25,0
623.357,5
623.463,3
623.569,0
623.676,6
623.782,1
623.888,0
623.995,47
624.101,4
624.207,0
624.314,0
624.42,26
624.526,0
624.632,0
624.739,9
624.845,0
624.951,0
625.058,0
625.164,2
625.27,0
625.377,0
625.483,0
625.589,15
625.696,16
625.802,0
625.908,2
626.015,0
626.121,0
626.227,0
626.333,4
626.44,0
626.546,0
626.652,11
626.759,3
626.865,10
626.971,0
627.078,0
627.184,10
627.29,0
627.397,2
627.503,0
627.609,6
627.715,0
627.822,0
627.928,6
628.034,0
628.141,0
628.247,5
628.353,2
628.46,7
628.566,5
628.672,7
628.778,7
628.885,0
628.991,8
629.097,19
629.204,0
629.31,0
629.416,12
629.523,3
629.629,3
629.735,17
629.841,0
629.948,0
630.054,5
630.16,0
630.267,0
630.373,0
630.479,16
630.586,0
630.692,0
630.798,11
630.904,0
631.011,0
631.117,0
631.223,15
631.33,0
631.436,0
631.542,10
631.649,0
631.755,18
631.861,7
631.967,0
632.074,0
632.18,0
632.286,2
632.393,16
632.499,13
632.605,7
632.711,0
632.818,1
632.924,2
633.03,13
633.137,18
633.243,0
633.349,6
633.456,0
633.562,7
633.668,12
633.774,7
633.881,0
633.987,37
634.093,61
634.2,11
634.306,4
634.412,6
634.518,0
634.625,11
634.731,0
634.837,0
634.944,0
635.05,0
635.156,3
635.262,8
635.369,9
635.475,0
635.581,1
635.688,19
635.794,0
635.9,7
636.006,0
636.113,0
636.219,17
636.325,28
636.432,0
636.538,0
636.644,5
636.75,13
636.857,0
636.963,0
637.069,12
637.176,0
637.282,2
637.388,28
637.494,0
637.601,20
637.707,30
637.813,17
637.92,0
638.026,0
638.132,17
638.238,18
638.345,0
638.451,0
638.557,0
638.663,13
638.77,0
638.876,0
638.982,0
639.089,11
639.195,10
639.301,0
639.407,0
639.514,0
639.62,0
639.726,0
639.833,0
639.939,0
640.045,0
640.151,9
640.258,7
640.364,0
640.47,0
640.576,0
640.683,0
640.789,0
640.895,0
641.002,13
641.108,0
641.214,20
641.32,13
641.427,0
641.533,0
641.639,0
641.745,0
641.852,0
641.958,0
642.064,15
642.171,7
642.277,5
642.383,0
642.489,25
642.596,10
642.702,0
642.808,0
642.914,7
643.021,2
643.127,0
643.233,0
643.339,32
643.446,8
643.552,0
643.658,0
643.765,17
643.871,0
643.977,0
644.083,0
644.19,0
644.296,0
644.402,0
644.508,0
644.615,20
644.721,9
644.827,0
644.933,0
645.04,8
645.146,0
645.252,64
645.358,40
645.465,23
645.571,0
645.677,0
645.784,0
645.89,19
645.996,0
646.102,11
646.209,24
646.315,0
646.421,0
646.527,9
646.634,24
646.74,48
646.846,95
646.952,37
647.059,0
647.165,0
647.271,2
647.377,8
647.484,0
647.59,0
647.696,22
647.802,8
647.909,0
648.015,0
648.121,26
648.227,0
648.334,0
648.44,8
648.546,0
648.652,21
648.759,1
648.865,0
648.971,0
649.077,6
649.184,37
649.29,13
649.396,2
649.502,0
649.609,13
649.715,0
649.821,0
649.927,6
650.034,0
650.14,0
650.246,24
650.352,7
650.459,5
650.565,0
650.671,5
650.777,0
650.884,13
650.99,0
651.096,34
651.202,50
651.309,18
651.415,0
651.521,7
651.627,3
651.734,8
651.84,5
651.946,0
652.052,0
652.159,16
652.265,8
652.371,11
652.477,11
652.584,0
652.69,1
652.796,24
652.902,0
653.009,6
653.115,0
653.221,0
653.327,0
653.434,6
653.54,0
653.646,3
653.752,31
653.858,25
653.965,0
654.071,0
654.177,4
654.283,2
654.39,60
654.496,89
654.602,17
654.708,12
654.815,0
654.921,15
655.027,5
655.133,6
655.24,0
655.346,0
655.452,0
655.558,21
655.665,5
655.771,0
655.877,0
655.983,10
656.089,17
656.196,22
656.302,10
656.408,12
656.514,0
656.621,10
656.727,47
656.833,43
656.939,26
657.046,30
657.152,0
657.258,0
657.364,0
657.47,18
657.577,36
657.683,0
657.789,0
657.895,0
658.002,18
658.108,0
658.214,12
658.32,55
658.427,54
658.533,21
658.639,14
658.745,0
658.851,0
658.958,13
659.064,0
659.17,0
659.276,0
659.383,19
659.489,39
659.595,72
659.701,49
659.807,86
659.914,54
660.02,41
660.126,10
660.232,0
660.339,17
660.445,67
660.551,62
660.657,44
660.763,0
660.87,0
660.976,8
661.082,0
661.188,28
661.295,33
661.401,73
661.507,41
661.613,19
661.719,0
661.826,0
661.932,0
662.038,0
662.144,18
662.251,0
662.357,2
662.463,50
662.569,4
662.675,53
662.782,21
662.888,41
662.994,0
663.1,1
663.206,0
663.313,25
663.419,0
663.525,15
663.631,0
663.738,11
663.844,13
663.95,141
664.056,133
664.162,39
664.269,20
664.375,4
664.481,2
664.587,0
664.693,0
664.8,4
664.906,3
665.012,5
665.118,0
665.225,9
665.331,22
665.437,15
665.543,0
665.649,0
665.756,20
665.862,7
665.968,0
666.074,0
666.18,16
666.287,30
666.393,46
666.499,70
666.605,70
666.711,48
666.818,12
666.924,7
667.03,0
667.136,0
667.242,0
667.349,0
667.455,1
667.561,2
667.667,15
667.773,0
667.88,0
667.986,0
668.092,35
668.198,27
668.304,9
668.411,9
668.517,25
668.623,22
668.729,4
668.835,0
668.942,0
669.048,11
669.154,4
669.26,31
669.366,0
669.473,0
669.579,0
669.685,50
669.791,212
669.897,251
670.004,132
670.11,0
670.216,6
670.322,0
670.428,13
670.535,83
670.641,39
670.747,21
670.853,0
670.959,9
671.066,0
671.172,5
671.278,20
671.384,0
671.49,32
671.597,40
671.703,72
671.809,48
671.915,8
672.021,0
672.128,0
672.234,91
672.34,244
672.446,217
672.552,84
672.658,0
672.765,0
672.871,0
672.977,0
673.083,6
673.189,6
673.296,0
673.402,2
673.508,0
673.614,0
673.72,0
673.827,4
673.933,0
674.039,0
674.145,30
674.251,24
674.357,3
674.464,1
674.57,14
674.676,8
674.782,0
674.888,22
674.995,9
675.101,9
675.207,13
675.313,0
675.419,0
675.526,15
675.632,11
675.738,6
675.844,0
675.95,46
676.056,1
676.163,11
676.269,31
676.375,74
676.481,19
676.587,0
676.693,11
676.8,16
676.906,6
677.012,1
677.118,36
677.224,76
677.331,21
677.437,0
677.543,6
677.649,40
677.755,16
677.861,15
677.968,0
678.074,4
678.18,0
678.286,0
678.392,19
678.498,0
678.605,0
678.711,62
678.817,26
678.923,0
679.029,0
679.136,11
679.242,12
679.348,0
679.454,9
679.56,1
679.666,4
679.773,0
679.879,0
679.985,0
680.091,2
680.197,0
680.303,0
680.41,17
680.516,15
680.622,0
680.728,0
680.834,0
680.94,19
681.047,0
681.153,17
681.259,17
681.365,10
681.471,0
681.577,4
681.684,11
681.79,24
681.896,0
682.002,30
682.108,0
682.214,8
682.321,18
682.427,0
682.533,0
682.639,9
682.745,13
682.851,0
682.958,16
683.064,0
683.17,9
683.276,2
683.382,20
683.488,113
683.595,58
683.701,20
683.807,0
683.913,1
684.019,0
684.125,2
684.231,12
684.338,0
684.444,0
684.55,2
684.656,0
684.762,20
684.868,33
684.975,0
685.081,0
685.187,29
685.293,0
685.399,0
685.505,33
685.611,32
685.718,3
685.824,0
685.93,0
686.036,14
686.142,23
686.248,17
686.355,9
686.461,0
686.567,0
686.673,8
686.779,8
686.885,0
686.991,1
687.098,0
687.204,13
687.31,4
687.416,0
687.522,12
687.628,0
687.735,29
687.841,18
687.947,0
688.053,4
688.159,0
688.265,0
688.371,0
688.478,8
688.584,9
688.69,5
688.796,0
688.902,0
689.008,2
689.114,0
689.221,0
689.327,43
689.433,56
689.539,4
689.645,0
689.751,0
689.857,0
689.964,4
690.07,14
690.176,0
690.282,0
690.388,29
690.494,9
690.6,10
690.707,7
690.813,29
690.919,120
691.025,183
691.131,111
691.237,0
691.343,0
691.45,3
691.556,3
691.662,101
691.768,155
691.874,97
691.98,6
692.086,6
692.193,25
692.299,14
692.405,0
692.511,0
692.617,1
692.723,0
692.829,0
692.935,0
693.042,11
693.148,0
693.254,15
693.36,14
693.466,0
693.572,0
693.678,15
693.785,8
693.891,9
693.997,1
694.103,0
694.209,20
694.315,14
694.421,0
694.527,1
694.634,0
694.74,0
694.846,18
694.952,17
695.058,0
695.164,0
695.27,22
695.376,2
695.483,0
695.589,0
695.695,0
695.801,6
695.907,18
696.013,0
696.119,0
696.225,7
696.332,6
696.438,10
696.544,0
696.65,24
696.756,14
696.862,6
696.968,11
697.074,12
697.181,11
697.287,0
697.393,11
697.499,0
697.605,2
697.711,0
697.817,3
697.923,0
698.03,16
698.136,0
698.242,15
698.348,0
698.454,24
698.56,17
698.666,0
698.772,0
698.879,0
698.985,12
699.091,0
699.197,19
699.303,0
699.409,0
699.515,26
