59.6745,0
59.7814,21
59.8883,39
59.9952,45
60.1021,0
60.209,0
60.3159,0
60.4228,12
60.5296,18
60.6365,6
60.7434,18
60.8503,5
60.9572,0
61.0641,2
61.171,8
61.2779,14
61.3848,31
61.4917,7
61.5986,13
61.7055,25
61.8124,0
61.9193,14
62.0261,21
62.133,6
62.2399,0
62.3468,0
62.4537,13
62.5606,0
62.6675,2
62.7744,2
62.8813,1
62.9882,29
63.0951,0
63.202,2
63.3089,13
63.4158,0
63.5226,0
63.6295,5
63.7364,5
63.8433,12
63.9502,0
64.0571,15
64.164,0
64.2709,0
64.3778,3
64.4847,20
64.5916,18
64.6985,12
64.8054,18
64.9123,31
65.0192,13
65.1261,27
65.2329,4
65.3398,22
65.4467,0
65.5536,30
65.6605,8
65.7674,0
65.8743,11
65.9812,17
66.0881,27
66.195,23
66.3019,16
66.4088,14
66.5157,30
66.6226,2
66.7295,0
66.8364,0
66.9433,0
67.0502,0
67.157,0
67.2639,27
67.3708,8
67.4777,23
67.5846,1
67.6915,6
67.7984,12
67.9053,0
68.0122,0
68.1191,0
68.226,36
68.3329,35
68.4398,0
68.5467,0
68.6536,0
68.7605,2
68.8674,2
68.9743,0
69.0812,0
69.1881,8
69.295,0
69.4018,12
69.5087,8
69.6156,0
69.7225,4
69.8294,0
69.9363,20
70.0432,0
70.1501,16
70.257,8
70.3639,0
70.4708,0
70.5777,24
70.6846,10
70.7915,10
70.8984,5
71.0053,0
71.1122,0
71.2191,21
71.326,15
71.4329,3
71.5398,0
71.6467,23
71.7536,12
71.8605,13
71.9674,0
72.0742,0
72.1811,14
72.288,7
72.3949,0
72.5018,0
72.6087,6
72.7156,17
72.8225,18
72.9294,15
73.0363,0
73.1432,29
73.2501,0
73.357,0
73.4639,26
73.5708,0
73.6777,19
73.7846,5
73.8915,10
73.9984,0
74.1053,17
74.2122,6
74.3191,4
74.426,35
74.5329,0
74.6398,9
74.7467,23
74.8536,2
74.9605,12
75.0674,32
75.1743,11
75.2812,0
75.3881,0
75.495,0
75.6019,33
75.7088,36
75.8157,16
75.9225,0
76.0294,0
76.1363,21
76.2432,19
76.3501,8
76.457,15
76.5639,12
76.6708,27
76.7777,0
76.8846,10
76.9915,0
77.0984,16
77.2053,5
77.3122,0
77.4191,0
77.526,30
77.6329,49
77.7398,0
77.8467,11
77.9536,11
78.0605,29
78.1674,24
78.2743,6
78.3812,12
78.4881,24
78.595,8
78.7019,6
78.8088,0
78.9157,24
79.0226,22
79.1295,17
79.2364,16
79.3433,43
79.4502,24
79.5571,6
79.664,7
79.7709,0
79.8778,0
79.9847,11
80.0916,37
80.1985,0
80.3054,4
80.4123,2
80.5192,7
80.6261,7
80.733,2
80.8399,4
80.9468,0
81.0537,0
81.1606,18
81.2675,17
81.3744,9
81.4813,0
81.5882,0
81.6951,0
81.802,0
81.9089,0
82.0158,15
82.1227,0
82.2296,0
82.3365,19
82.4434,4
82.5503,2
82.6572,17
82.7641,0
82.871,0
82.9779,12
83.0848,5
83.1917,26
83.2986,1
83.4055,0
83.5124,10
83.6193,26
83.7262,5
83.8331,2
83.94,5
84.0469,20
84.1538,24
84.2607,19
84.3676,0
84.4745,21
84.5814,19
84.6883,17
84.7952,2
84.9021,49
85.009,18
85.1159,0
85.2228,0
85.3297,0
85.4366,0
85.5435,3
85.6504,15
85.7573,27
85.8642,0
85.9711,5
86.078,10
86.1849,6
86.2918,23
86.3987,0
86.5056,0
86.6125,16
86.7194,15
86.8263,0
86.9332,28
87.0401,0
87.147,9
87.2539,12
87.3608,0
87.4677,0
87.5746,0
87.6815,6
87.7884,23
87.8953,0
88.0022,2
88.1091,19
88.216,0
88.3229,0
88.4298,0
88.5367,0
88.6436,0
88.7505,0
88.8574,21
88.9643,6
89.0712,0
89.1781,2
89.285,0
89.3919,27
89.4988,25
89.6057,4
89.7126,20
89.8195,27
89.9264,5
90.0334,1
90.1403,0
90.2472,14
90.3541,0
90.461,0
90.5679,5
90.6748,26
90.7817,15
90.8886,0
90.9955,31
91.1024,7
91.2093,24
91.3162,26
91.4231,8
91.53,20
91.6369,0
91.7438,0
91.8507,0
91.9576,5
92.0645,38
92.1714,0
92.2783,5
92.3852,0
92.4921,0
92.599,0
92.7059,22
92.8128,15
92.9197,10
93.0266,0
93.1335,0
93.2404,29
93.3473,14
93.4542,0
93.5611,0
93.668,13
93.7749,9
93.8818,30
93.9887,7
94.0956,0
94.2025,0
94.3095,20
94.4164,12
94.5233,24
94.6302,0
94.7371,4
94.844,4
94.9509,0
95.0578,0
95.1647,0
95.2716,0
95.3785,0
95.4854,5
95.5923,0
95.6992,32
95.8061,22
95.913,18
96.0199,0
96.1268,9
96.2337,24
96.3406,15
96.4475,0
96.5544,0
96.6613,0
96.7682,30
96.8751,7
96.982,0
97.0889,29
97.1958,26
97.3027,41
97.4097,9
97.5166,6
97.6235,5
97.7304,0
97.8373,0
97.9442,3
98.0511,5
98.158,11
98.2649,0
98.3718,25
98.4787,1
98.5856,0
98.6925,22
98.7994,4
98.9063,0
99.0132,0
99.1201,18
99.227,0
99.3339,22
99.4408,36
99.5477,0
99.6546,12
99.7615,0
99.8684,0
99.9753,10
100.082,17
100.189,0
100.296,11
100.403,0
100.51,0
100.617,11
100.724,14
100.831,0
100.937,15
101.044,42
101.151,0
101.258,2
101.365,29
101.472,10
101.579,12
101.686,0
101.793,0
101.9,9
102.007,14
102.113,0
102.22,0
102.327,0
102.434,0
102.541,0
102.648,27
102.755,21
102.862,16
102.969,23
103.076,26
103.182,2
103.289,6
103.396,0
103.503,7
103.61,11
103.717,0
103.824,0
103.931,0
104.038,27
104.145,10
104.252,0
104.358,4
104.465,21
104.572,3
104.679,0
104.786,3
104.893,0
105,0
105.107,5
105.214,8
105.321,18
105.427,22
105.534,47
105.641,10
105.748,2
105.855,5
105.962,20
106.069,0
106.176,0
106.283,1
106.39,4
106.497,22
106.603,12
106.71,5
106.817,6
106.924,0
107.031,0
107.138,1
107.245,6
107.352,20
107.459,0
107.566,14
107.673,0
107.779,13
107.886,3
107.993,0
108.1,0
108.207,12
108.314,13
108.421,12
108.528,0
108.635,30
108.742,0
108.848,0
108.955,8
109.062,4
109.169,0
109.276,0
109.383,0
109.49,9
109.597,12
109.704,0
109.811,0
109.918,7
110.024,0
110.131,14
110.238,11
110.345,8
110.452,0
110.559,11
110.666,10
110.773,0
110.88,13
110.987,21
111.094,0
111.2,0
111.307,0
111.414,0
111.521,0
111.628,16
111.735,0
111.842,0
111.949,0
112.056,13
112.163,21
112.269,10
112.376,24
112.483,34
112.59,17
112.697,5
112.804,14
112.911,7
113.018,14
113.125,8
113.232,0
113.339,12
113.445,23
113.552,22
113.659,0
113.766,32
113.873,0
113.98,0
114.087,17
114.194,24
114.301,12
114.408,16
114.515,23
114.621,0
114.728,0
114.835,19
114.942,8
115.049,2
115.156,15
115.263,0
115.37,20
115.477,29
115.584,6
115.69,8
115.797,0
115.904,8
116.011,20
116.118,0
116.225,0
116.332,4
116.439,0
116.546,12
116.653,0
116.76,0
116.866,0
116.973,0
117.08,41
117.187,0
117.294,0
117.401,0
117.508,6
117.615,7
117.722,0
117.829,0
117.936,6
118.042,10
118.149,0
118.256,0
118.363,20
118.47,13
118.577,0
118.684,13
118.791,12
118.898,2
119.005,0
119.112,1
119.218,3
119.325,19
119.432,0
119.539,8
119.646,15
119.753,32
119.86,0
119.967,0
120.074,22
120.181,1
120.287,0
120.394,5
120.501,26
120.608,4
120.715,0
120.822,4
120.929,12
121.036,7
121.143,0
121.25,13
121.357,0
121.463,20
121.57,21
121.677,0
121.784,7
121.891,28
121.998,0
122.105,0
122.212,23
122.319,0
122.426,0
122.533,0
122.639,7
122.746,26
122.853,16
122.96,30
123.067,7
123.174,0
123.281,1
123.388,33
123.495,0
123.602,0
123.709,9
123.815,0
123.922,0
124.029,44
124.136,10
124.243,10
124.35,18
124.457,19
124.564,0
124.671,24
124.778,6
124.885,0
124.991,0
125.098,0
125.205,0
125.312,0
125.419,4
125.526,18
125.633,0
125.74,0
125.847,23
125.954,0
126.061,0
126.167,5
126.274,8
126.381,0
126.488,0
126.595,6
126.702,3
126.809,11
126.916,6
127.023,11
127.13,6
127.236,4
127.343,20
127.45,0
127.557,0
127.664,0
127.771,0
127.878,0
127.985,0
128.092,4
128.199,27
128.306,0
128.412,0
128.519,6
128.626,0
128.733,0
128.84,0
128.947,0
129.054,11
129.161,2
129.268,16
129.375,0
129.482,12
129.588,0
129.695,40
129.802,11
129.909,0
130.016,16
130.123,37
130.23,9
130.337,6
130.444,12
130.551,0
130.658,0
130.764,0
130.871,0
130.978,9
131.085,13
131.192,4
131.299,8
131.406,38
131.513,0
131.62,0
131.727,0
131.834,3
131.94,12
132.047,17
132.154,3
132.261,3
132.368,4
132.475,6
132.582,9
132.689,32
132.796,5
132.903,0
133.01,0
133.116,0
133.223,2
133.33,5
133.437,11
133.544,0
133.651,0
133.758,16
133.865,14
133.972,0
134.079,15
134.186,28
134.292,20
134.399,29
134.506,0
134.613,0
134.72,47
134.827,41
134.934,0
135.041,0
135.148,0
135.255,18
135.362,2
135.468,0
135.575,0
135.682,0
135.789,7
135.896,4
136.003,3
136.11,8
136.217,13
136.324,20
136.431,11
136.538,5
136.644,0
136.751,24
136.858,29
136.965,0
137.072,10
137.179,0
137.286,8
137.393,0
137.5,7
137.607,0
137.714,3
137.82,13
137.927,22
138.034,0
138.141,12
138.248,0
138.355,0
138.462,26
138.569,0
138.676,0
138.783,0
138.89,0
138.996,0
139.103,0
139.21,2
139.317,0
139.424,0
139.531,32
139.638,0
139.745,2
139.852,9
139.959,0
140.065,0
140.172,9
140.279,4
140.386,16
140.493,0
140.6,2
140.707,22
140.814,0
140.921,10
141.028,0
141.135,12
141.241,6
141.348,0
141.455,10
141.562,3
141.669,6
141.776,26
141.883,3
141.99,0
142.097,0
142.204,0
142.311,3
142.417,0
142.524,5
142.631,0
142.738,19
142.845,13
142.952,0
143.059,19
143.166,0
143.273,0
143.38,0
143.487,8
143.593,0
143.7,3
143.807,0
143.914,0
144.021,0
144.128,0
144.235,0
144.342,2
144.449,0
144.556,0
144.663,16
144.769,30
144.876,0
144.983,8
145.09,7
145.197,0
145.304,0
145.411,8
145.518,21
145.625,0
145.732,10
145.839,3
145.945,4
146.052,39
146.159,0
146.266,0
146.373,0
146.48,21
146.587,0
146.694,6
146.801,18
146.908,0
147.015,0
147.121,0
147.228,9
147.335,1
147.442,10
147.549,0
147.656,46
147.763,20
147.87,20
147.977,22
148.084,42
148.191,0
148.297,1
148.404,0
148.511,20
148.618,28
148.725,54
148.832,36
148.939,2
149.046,19
149.153,14
149.26,0
149.367,27
149.473,15
149.58,0
149.687,0
149.794,13
149.901,6
150.008,0
150.115,0
150.222,0
150.329,0
150.436,3
150.543,0
150.649,9
150.756,19
150.863,10
150.97,0
151.077,24
151.184,19
151.291,9
151.398,1
151.505,0
151.612,0
151.719,0
151.825,7
151.932,10
152.039,56
152.146,58
152.253,41
152.36,0
152.467,0
152.574,0
152.681,1
152.788,11
152.894,0
153.001,11
153.108,0
153.215,0
153.322,8
153.429,26
153.536,6
153.643,15
153.75,0
153.857,12
153.964,0
154.07,21
154.177,0
154.284,0
154.391,15
154.498,45
154.605,0
154.712,12
154.819,14
154.926,5
155.033,0
155.14,0
155.246,0
155.353,0
155.46,0
155.567,12
155.674,9
155.781,0
155.888,0
155.995,0
156.102,38
156.209,24
156.316,1
156.422,0
156.529,0
156.636,9
156.743,4
156.85,0
156.957,19
157.064,8
157.171,23
157.278,2
157.385,2
157.492,14
157.598,0
157.705,3
157.812,0
157.919,22
158.026,0
158.133,0
158.24,20
158.347,10
158.454,0
158.561,0
158.668,14
158.774,19
158.881,0
158.988,12
159.095,0
159.202,18
159.309,0
159.416,32
159.523,23
159.63,0
159.737,0
159.844,31
159.95,17
160.057,0
160.164,0
160.271,14
160.378,3
160.485,0
160.592,0
160.699,1
160.806,2
160.913,8
161.019,6
161.126,0
161.233,3
161.34,1
161.447,16
161.554,27
161.661,4
161.768,0
161.875,0
161.982,9
162.089,4
162.195,10
162.302,9
162.409,16
162.516,0
162.623,0
162.73,14
162.837,4
162.944,7
163.051,17
163.158,0
163.265,0
163.371,22
163.478,0
163.585,22
163.692,22
163.799,0
163.906,4
164.013,14
164.12,13
164.227,0
164.334,9
164.441,0
164.547,0
164.654,0
164.761,25
164.868,8
164.975,0
165.082,0
165.189,11
165.296,10
165.403,0
165.51,24
165.616,0
165.723,0
165.83,16
165.937,13
166.044,12
166.151,5
166.258,15
166.365,10
166.472,19
166.579,2
166.686,0
166.792,23
166.899,21
167.006,0
167.113,0
167.22,0
167.327,5
167.434,2
167.541,0
167.648,6
167.755,1
167.862,0
167.968,0
168.075,6
168.182,12
168.289,24
168.396,0
168.503,0
168.61,9
168.717,0
168.824,6
168.931,13
169.037,0
169.144,20
169.251,3
169.358,0
169.465,2
169.572,4
169.679,0
169.786,6
169.893,0
170,0
170.107,4
170.213,0
170.32,0
170.427,2
170.534,8
170.641,0
170.748,17
170.855,31
170.962,9
171.069,0
171.176,17
171.283,28
171.389,0
171.496,0
171.603,0
171.71,7
171.817,5
171.924,6
172.031,10
172.138,5
172.245,0
172.352,0
172.458,0
172.565,0
172.672,17
172.779,2
172.886,0
172.993,10
173.1,15
173.207,0
173.314,5
173.421,0
173.528,0
173.634,0
173.741,2
173.848,0
173.955,0
174.062,17
174.169,23
174.276,1
174.383,0
174.49,0
174.597,3
174.704,11
174.81,0
174.917,0
175.024,0
175.131,1
175.238,7
175.345,17
175.452,0
175.559,0
175.666,0
175.773,0
175.879,20
175.986,0
176.093,16
176.2,0
176.307,24
176.414,6
176.521,0
176.628,0
176.735,7
176.842,2
176.949,6
177.055,0
177.162,0
177.269,0
177.376,0
177.483,52
177.59,6
177.697,0
177.804,0
177.911,12
178.018,7
178.124,0
178.231,9
178.338,8
178.445,15
178.552,0
178.659,0
178.766,1
178.873,0
178.98,0
179.087,14
179.194,5
179.3,0
179.407,12
179.514,0
179.621,0
179.728,0
179.835,1
179.942,15
180.049,0
180.156,0
180.263,26
180.369,0
180.476,0
180.583,0
180.69,0
180.797,0
180.904,13
181.011,6
181.118,19
181.225,0
181.332,5
181.439,96
181.545,117
181.652,51
181.759,13
181.866,0
181.973,0
182.08,0
182.187,0
182.294,0
182.401,9
182.508,0
182.614,7
182.721,0
182.828,6
182.935,29
183.042,0
183.149,0
183.256,12
183.363,18
183.47,0
183.577,2
183.683,1
183.79,0
183.897,0
184.004,34
184.111,0
184.218,0
184.325,11
184.432,0
184.539,0
184.646,21
184.753,0
184.859,0
184.966,16
185.073,11
185.18,6
185.287,0
185.394,13
185.501,0
185.608,0
185.715,5
185.822,3
185.928,0
186.035,0
186.142,11
186.249,8
186.356,0
186.463,17
186.57,0
186.677,3
186.784,0
186.891,0
186.997,4
187.104,0
187.211,3
187.318,0
187.425,0
187.532,23
187.639,19
187.746,0
187.853,0
187.96,0
188.067,0
188.173,32
188.28,20
188.387,7
188.494,0
188.601,25
188.708,0
188.815,8
188.922,26
189.029,2
189.136,2
189.242,8
189.349,4
189.456,0
189.563,0
189.67,0
189.777,0
189.884,4
189.991,3
190.098,0
190.205,0
190.311,4
190.418,0
190.525,0
190.632,0
190.739,7
190.846,0
190.953,0
191.06,9
191.167,0
191.274,0
191.38,0
191.487,0
191.594,35
191.701,0
191.808,0
191.915,9
192.022,1
192.129,0
192.236,0
192.343,0
192.45,7
192.556,12
192.663,50
192.77,36
192.877,37
192.984,14
193.091,0
193.198,0
193.305,11
193.412,0
193.519,0
193.625,0
193.732,27
193.839,0
193.946,0
194.053,3
194.16,0
194.267,0
194.374,0
194.481,13
194.588,0
194.694,0
194.801,11
194.908,2
195.015,0
195.122,0
195.229,19
195.336,0
195.443,0
195.55,16
195.657,0
195.763,3
195.87,0
195.977,0
196.084,8
196.191,2
196.298,16
196.405,34
196.512,19
196.619,6
196.726,0
196.832,0
196.939,8
197.046,3
197.153,0
197.26,22
197.367,0
197.474,0
197.581,5
197.688,1
197.795,0
197.901,4
198.008,0
198.115,39
198.222,0
198.329,0
198.436,29
198.543,2
198.65,11
198.757,0
198.864,4
198.97,21
199.077,11
199.184,0
199.291,0
199.398,0
199.505,0
199.612,0
199.719,0
199.826,0
199.933,0
200.039,8
200.146,15
200.253,14
200.36,2
200.467,0
200.574,21
200.681,0
200.788,0
200.895,20
201.002,0
201.108,0
201.215,19
201.322,5
201.429,0
201.536,0
201.643,0
201.75,6
201.857,0
201.964,15
202.071,16
202.177,0
202.284,15
202.391,7
202.498,0
202.605,0
202.712,0
202.819,0
202.926,0
203.033,3
203.14,0
203.246,12
203.353,0
203.46,0
203.567,0
203.674,17
203.781,0
203.888,4
203.995,0
204.102,1
204.208,0
204.315,0
204.422,0
204.529,14
204.636,0
204.743,0
204.85,30
204.957,4
205.064,0
205.171,2
205.277,23
205.384,10
205.491,0
205.598,0
205.705,0
205.812,21
205.919,0
206.026,1
206.133,6
206.24,9
206.346,0
206.453,15
206.56,1
206.667,10
206.774,5
206.881,1
206.988,8
207.095,8
207.202,10
207.309,1
207.415,7
207.522,6
207.629,23
207.736,0
207.843,0
207.95,9
208.057,6
208.164,6
208.271,0
208.377,0
208.484,31
208.591,0
208.698,0
208.805,5
208.912,0
209.019,0
209.126,0
209.233,0
209.34,45
209.446,65
209.553,41
209.66,45
209.767,0
209.874,0
209.981,0
210.088,0
210.195,20
210.302,14
210.409,0
210.515,0
210.622,7
210.729,0
210.836,4
210.943,10
211.05,19
211.157,3
211.264,1
211.371,0
211.477,0
211.584,29
211.691,24
211.798,0
211.905,5
212.012,6
212.119,20
212.226,0
212.333,0
212.44,13
212.546,0
212.653,4
212.76,28
212.867,17
212.974,4
213.081,0
213.188,0
213.295,13
213.402,30
213.508,0
213.615,13
213.722,0
213.829,0
213.936,4
214.043,25
214.15,9
214.257,0
214.364,17
214.471,38
214.577,2
214.684,27
214.791,4
214.898,11
215.005,5
215.112,9
215.219,18
215.326,0
215.433,0
215.539,0
215.646,6
215.753,14
215.86,0
215.967,0
216.074,13
216.181,22
216.288,12
216.395,6
216.502,0
216.608,0
216.715,0
216.822,0
216.929,0
217.036,0
217.143,0
217.25,0
217.357,15
217.464,17
217.57,0
217.677,0
217.784,13
217.891,1
217.998,7
218.105,16
218.212,13
218.319,0
218.426,1
218.532,7
218.639,0
218.746,0
218.853,0
218.96,19
219.067,0
219.174,0
219.281,22
219.388,20
219.495,0
219.601,21
219.708,29
219.815,25
219.922,120
220.029,42
220.136,0
220.243,20
220.35,24
220.457,0
220.563,6
220.67,0
220.777,0
220.884,4
220.991,8
221.098,27
221.205,5
221.312,0
221.419,0
221.525,7
221.632,5
221.739,0
221.846,16
221.953,7
222.06,0
222.167,0
222.274,15
222.381,0
222.488,0
222.594,19
222.701,0
222.808,0
222.915,0
223.022,0
223.129,0
223.236,0
223.343,0
223.45,0
223.556,17
223.663,24
223.77,0
223.877,0
223.984,2
224.091,0
224.198,22
224.305,13
224.412,0
224.518,0
224.625,25
224.732,0
224.839,25
224.946,14
225.053,0
225.16,0
225.267,0
225.374,0
225.48,0
225.587,0
225.694,0
225.801,6
225.908,8
226.015,3
226.122,13
226.229,21
226.336,13
226.442,21
226.549,0
226.656,8
226.763,0
226.87,9
226.977,2
227.084,0
227.191,0
227.298,0
227.404,10
227.511,0
227.618,0
227.725,22
227.832,11
227.939,10
228.046,0
228.153,21
228.26,11
228.366,13
228.473,0
228.58,0
228.687,0
228.794,24
228.901,6
229.008,0
229.115,30
229.222,20
229.328,0
229.435,0
229.542,4
229.649,14
229.756,0
229.863,15
229.97,0
230.077,0
230.184,8
230.29,1
230.397,0
230.504,16
230.611,2
230.718,0
230.825,0
230.932,5
231.039,32
231.146,15
231.252,0
231.359,0
231.466,0
231.573,0
231.68,0
231.787,24
231.894,12
232.001,0
232.108,0
232.214,4
232.321,0
232.428,1
232.535,0
232.642,3
232.749,0
232.856,9
232.963,12
233.07,13
233.176,2
233.283,5
233.39,16
233.497,0
233.604,12
233.711,0
233.818,0
233.925,7
234.031,0
234.138,2
234.245,3
234.352,2
234.459,0
234.566,0
234.673,9
234.78,7
234.887,0
234.993,0
235.1,18
235.207,16
235.314,16
235.421,6
235.528,0
235.635,10
235.742,26
235.849,0
235.955,0
236.062,4
236.169,0
236.276,20
236.383,0
236.49,0
236.597,5
236.704,14
236.81,10
236.917,5
237.024,0
237.131,18
237.238,0
237.345,0
237.452,6
237.559,14
237.666,0
237.772,12
237.879,1
237.986,0
238.093,0
238.2,0
238.307,0
238.414,1
238.521,25
238.628,0
238.734,0
238.841,2
238.948,8
239.055,5
239.162,0
239.269,19
239.376,12
239.483,0
239.589,5
239.696,0
239.803,0
239.91,21
240.017,21
240.124,21
240.231,0
240.338,0
240.445,0
240.551,0
240.658,30
240.765,5
240.872,7
240.979,3
241.086,0
241.193,18
241.3,12
241.406,0
241.513,0
241.62,34
241.727,33
241.834,2
241.941,0
242.048,0
242.155,0
242.262,36
242.368,54
242.475,15
242.582,1
242.689,0
242.796,14
242.903,0
243.01,0
243.117,12
243.223,1
243.33,0
243.437,0
243.544,10
243.651,21
243.758,6
243.865,0
243.972,17
244.079,49
244.185,0
244.292,0
244.399,21
244.506,0
244.613,0
244.72,7
244.827,2
244.934,4
245.04,11
245.147,0
245.254,0
245.361,8
245.468,17
245.575,25
245.682,12
245.789,5
245.896,20
246.002,11
246.109,23
246.216,16
246.323,0
246.43,12
246.537,3
246.644,0
246.751,24
246.857,0
246.964,0
247.071,17
247.178,19
247.285,0
247.392,2
247.499,22
247.606,0
247.712,0
247.819,0
247.926,0
248.033,6
248.14,0
248.247,0
248.354,19
248.461,0
248.567,0
248.674,17
248.781,9
248.888,24
248.995,0
249.102,14
249.209,30
249.316,0
249.423,20
249.529,2
249.636,0
249.743,0
249.85,0
249.957,0
250.064,0
250.171,6
250.278,25
250.384,6
250.491,0
250.598,33
250.705,0
250.812,0
250.919,11
251.026,0
251.133,0
251.239,0
251.346,0
251.453,0
251.56,9
251.667,5
251.774,6
251.881,24
251.988,0
252.094,0
252.201,0
252.308,17
252.415,42
252.522,0
252.629,0
252.736,18
252.843,0
252.949,0
253.056,0
253.163,0
253.27,10
253.377,0
253.484,0
253.591,16
253.698,7
253.804,10
253.911,0
254.018,0
254.125,0
254.232,0
254.339,0
254.446,2
254.553,18
254.659,0
254.766,17
254.873,7
254.98,0
255.087,0
255.194,11
255.301,0
255.408,11
255.514,10
255.621,14
255.728,13
255.835,0
255.942,12
256.049,0
256.156,1
256.263,27
256.369,4
256.476,0
256.583,18
256.69,16
256.797,0
256.904,0
257.011,3
257.118,25
257.224,0
257.331,1
257.438,0
257.545,14
257.652,10
257.759,16
257.866,0
257.973,26
258.079,14
258.186,0
258.293,24
258.4,7
258.507,0
258.614,14
258.721,0
258.828,2
258.934,0
259.041,0
259.148,0
259.255,0
259.362,5
259.469,14
259.576,2
259.683,0
259.789,6
259.896,9
260.003,1
260.11,0
260.217,0
260.324,21
260.431,17
260.537,10
260.644,13
260.751,0
260.858,5
260.965,18
261.072,0
261.179,8
261.286,39
261.392,0
261.499,4
261.606,5
261.713,21
261.82,4
261.927,12
262.034,23
262.141,0
262.247,11
262.354,13
262.461,0
262.568,0
262.675,2
262.782,0
262.889,0
262.996,25
263.102,19
263.209,32
263.316,20
263.423,0
263.53,14
263.637,1
263.744,6
263.85,17
263.957,0
264.064,0
264.171,9
264.278,15
264.385,6
264.492,0
264.599,6
264.705,20
264.812,0
264.919,2
265.026,0
265.133,20
265.24,0
265.347,0
265.454,7
265.56,0
265.667,0
265.774,12
265.881,2
265.988,2
266.095,8
266.202,0
266.308,16
266.415,0
266.522,0
266.629,24
266.736,3
266.843,3
266.95,0
267.057,0
267.163,34
267.27,8
267.377,27
267.484,0
267.591,1
267.698,0
267.805,4
267.911,5
268.018,14
268.125,0
268.232,23
268.339,20
268.446,25
268.553,20
268.66,0
268.766,26
268.873,0
268.98,21
269.087,0
269.194,0
269.301,0
269.408,24
269.514,0
269.621,0
269.728,8
269.835,14
269.942,5
270.049,0
270.156,13
270.263,21
270.369,0
270.476,0
270.583,14
270.69,6
270.797,0
270.904,0
271.011,3
271.117,4
271.224,0
271.331,0
271.438,0
271.545,26
271.652,0
271.759,0
271.866,0
271.972,24
272.079,1
272.186,0
272.293,0
272.4,0
272.507,4
272.614,14
272.72,0
272.827,2
272.934,13
273.041,15
273.148,0
273.255,0
273.362,10
273.468,0
273.575,1
273.682,30
273.789,36
273.896,0
274.003,13
274.11,0
274.217,0
274.323,33
274.43,38
274.537,20
274.644,11
274.751,27
274.858,25
274.965,6
275.071,16
275.178,9
275.285,1
275.392,22
275.499,0
275.606,3
275.713,16
275.819,0
275.926,4
276.033,0
276.14,4
276.247,16
276.354,15
276.461,0
276.567,30
276.674,10
276.781,19
276.888,0
276.995,0
277.102,0
277.209,0
277.315,0
277.422,0
277.529,21
277.636,5
277.743,0
277.85,22
277.957,7
278.064,11
278.17,25
278.277,0
278.384,12
278.491,9
278.598,0
278.705,0
278.812,0
278.918,19
279.025,0
279.132,16
279.239,11
279.346,16
279.453,19
279.56,0
279.666,0
279.773,21
279.88,25
279.987,13
280.094,2
280.201,5
280.308,9
280.414,7
280.521,0
280.628,2
280.735,0
280.842,0
280.949,0
281.056,0
281.162,0
281.269,21
281.376,0
281.483,16
281.59,17
281.697,0
281.804,2
281.91,8
282.017,0
282.124,13
282.231,0
282.338,0
282.445,1
282.552,21
282.658,23
282.765,13
282.872,0
282.979,7
283.086,15
283.193,0
283.3,0
283.406,0
283.513,27
283.62,8
283.727,8
283.834,0
283.941,6
284.048,22
284.154,0
284.261,0
284.368,42
284.475,30
284.582,4
284.689,0
284.796,9
284.902,15
285.009,9
285.116,0
285.223,22
285.33,16
285.437,21
285.544,20
285.65,8
285.757,8
285.864,22
285.971,2
286.078,0
286.185,11
286.292,36
286.398,0
286.505,7
286.612,0
286.719,0
286.826,0
286.933,1
287.039,4
287.146,14
287.253,0
287.36,36
287.467,14
287.574,6
287.681,8
287.787,0
287.894,0
288.001,0
288.108,1
288.215,27
288.322,7
288.429,0
288.535,0
288.642,11
288.749,0
288.856,0
288.963,0
289.07,8
289.177,1
289.283,0
289.39,11
289.497,16
289.604,0
289.711,7
289.818,37
289.924,28
290.031,16
290.138,3
290.245,0
290.352,3
290.459,0
290.566,24
290.672,13
290.779,76
290.886,56
290.993,23
291.1,8
291.207,34
291.314,0
291.42,10
291.527,2
291.634,0
291.741,4
291.848,4
291.955,31
292.062,0
292.168,0
292.275,30
292.382,13
292.489,0
292.596,0
292.703,19
292.809,0
292.916,0
293.023,0
293.13,13
293.237,38
293.344,82
293.451,56
293.557,16
293.664,6
293.771,2
293.878,1
293.985,9
294.092,17
294.198,2
294.305,12
294.412,0
294.519,3
294.626,0
294.733,0
294.84,0
294.946,0
295.053,26
295.16,16
295.267,0
295.374,0
295.481,13
295.588,17
295.694,16
295.801,30
295.908,4
296.015,4
296.122,0
296.229,11
296.335,12
296.442,1
296.549,0
296.656,0
296.763,8
296.87,9
296.977,0
297.083,0
297.19,14
297.297,0
297.404,0
297.511,1
297.618,26
297.724,0
297.831,26
297.938,0
298.045,20
298.152,0
298.259,13
298.365,11
298.472,6
298.579,0
298.686,14
298.793,9
298.9,0
299.007,12
299.113,7
299.22,2
299.327,8
299.434,16
299.541,0
299.648,6
299.754,0
299.861,0
299.968,0
300.075,15
300.182,12
300.289,0
300.396,15
300.502,12
300.609,19
300.716,0
300.823,0
300.93,26
301.037,0
301.143,0
301.25,11
301.357,0
301.464,5
301.571,10
301.678,12
301.784,3
301.891,12
301.998,0
302.105,14
302.212,6
302.319,4
302.426,0
302.532,12
302.639,20
302.746,22
302.853,4
302.96,0
303.067,15
303.173,0
303.28,18
303.387,17
303.494,0
303.601,12
303.708,0
303.814,6
303.921,22
304.028,17
304.135,5
304.242,0
304.349,18
304.456,0
304.562,0
304.669,0
304.776,13
304.883,0
304.99,4
305.097,0
305.203,11
305.31,0
305.417,0
305.524,0
305.631,0
305.738,32
305.844,31
305.951,0
306.058,0
306.165,0
306.272,0
306.379,16
306.485,0
306.592,0
306.699,0
306.806,26
306.913,22
307.02,0
307.126,0
307.233,29
307.34,7
307.447,16
307.554,0
307.661,1
307.767,0
307.874,8
307.981,6
308.088,7
308.195,0
308.302,0
308.409,13
308.515,0
308.622,0
308.729,32
308.836,0
308.943,24
309.05,4
309.156,11
309.263,5
309.37,8
309.477,0
309.584,21
309.691,22
309.797,19
309.904,16
310.011,0
310.118,16
310.225,11
310.332,8
310.438,8
310.545,0
310.652,4
310.759,26
310.866,0
310.973,2
311.079,0
311.186,8
311.293,0
311.4,11
311.507,2
311.614,8
311.72,14
311.827,0
311.934,3
312.041,22
312.148,19
312.255,0
312.361,0
312.468,0
312.575,8
312.682,11
312.789,1
312.896,0
313.002,26
313.109,2
313.216,17
313.323,0
313.43,5
313.537,0
313.643,0
313.75,0
313.857,29
313.964,11
314.071,5
314.178,14
314.284,0
314.391,0
314.498,27
314.605,0
314.712,15
314.819,0
314.925,2
315.032,7
315.139,0
315.246,15
315.353,26
315.46,24
315.566,3
315.673,0
315.78,14
315.887,17
315.994,0
316.1,0
316.207,0
316.314,0
316.421,42
316.528,6
316.635,12
316.741,4
316.848,5
316.955,11
317.062,2
317.169,0
317.276,18
317.382,0
317.489,0
317.596,0
317.703,18
317.81,11
317.917,18
318.023,0
318.13,15
318.237,13
318.344,21
318.451,6
318.558,11
318.664,4
318.771,0
318.878,25
318.985,9
319.092,0
319.199,0
319.305,4
319.412,0
319.519,0
319.626,0
319.733,4
319.839,0
319.946,22
320.053,0
320.16,0
320.267,11
320.374,0
320.48,3
320.587,3
320.694,0
320.801,0
320.908,0
321.015,1
321.121,0
321.228,14
321.335,0
321.442,0
321.549,17
321.655,35
321.762,0
321.869,4
321.976,21
322.083,34
322.19,17
322.296,0
322.403,0
322.51,16
322.617,0
322.724,14
322.831,0
322.937,0
323.044,4
323.151,21
323.258,8
323.365,15
323.472,13
323.578,0
323.685,2
323.792,32
323.899,41
324.006,0
324.112,0
324.219,25
324.326,12
324.433,0
324.54,0
324.647,0
324.753,6
324.86,0
324.967,13
325.074,2
325.181,0
325.287,27
325.394,22
325.501,0
325.608,0
325.715,0
325.822,3
325.928,0
326.035,0
326.142,0
326.249,8
326.356,0
326.463,64
326.569,153
326.676,140
326.783,24
326.89,0
326.997,0
327.103,28
327.21,21
327.317,0
327.424,0
327.531,0
327.638,0
327.744,17
327.851,0
327.958,0
328.065,0
328.172,3
328.278,7
328.385,29
328.492,0
328.599,0
328.706,2
328.813,25
328.919,0
329.026,0
329.133,11
329.24,0
329.347,8
329.453,0
329.56,11
329.667,17
329.774,17
329.881,0
329.988,8
330.094,14
330.201,19
330.308,28
330.415,23
330.522,0
330.628,0
330.735,0
330.842,0
330.949,0
331.056,3
331.162,10
331.269,0
331.376,11
331.483,0
331.59,17
331.697,13
331.803,7
331.91,2
332.017,5
332.124,36
332.231,15
332.337,0
332.444,0
332.551,0
332.658,22
332.765,0
332.872,0
332.978,26
333.085,1
333.192,13
333.299,0
333.406,0
333.512,22
333.619,12
333.726,17
333.833,5
333.94,0
334.046,17
334.153,0
334.26,0
334.367,0
334.474,0
334.581,10
334.687,0
334.794,16
334.901,12
335.008,0
335.115,0
335.221,0
335.328,2
335.435,0
335.542,3
335.649,0
335.755,14
335.862,0
335.969,6
336.076,0
336.183,0
336.29,0
336.396,30
336.503,24
336.61,6
336.717,0
336.824,8
336.93,2
337.037,1
337.144,0
337.251,0
337.358,0
337.464,3
337.571,2
337.678,0
337.785,45
337.892,45
337.998,2
338.105,0
338.212,12
338.319,7
338.426,8
338.533,19
338.639,0
338.746,8
338.853,17
338.96,0
339.067,0
339.173,28
339.28,0
339.387,16
339.494,0
339.601,0
339.707,0
339.814,14
339.921,18
340.028,0
340.135,0
340.241,0
340.348,0
340.455,0
340.562,18
340.669,16
340.775,8
340.882,6
340.989,0
341.096,26
341.203,0
341.309,0
341.416,0
341.523,0
341.63,3
341.737,2
341.844,0
341.95,0
342.057,0
342.164,12
342.271,0
342.378,0
342.484,104
342.591,110
342.698,154
342.805,169
342.912,77
343.018,34
343.125,0
343.232,14
343.339,25
343.446,1
343.552,0
343.659,7
343.766,13
343.873,0
343.98,0
344.086,0
344.193,23
344.3,27
344.407,2
344.514,6
344.62,2
344.727,2
344.834,14
344.941,29
345.048,0
345.154,0
345.261,22
345.368,2
345.475,0
345.582,0
345.688,0
345.795,15
345.902,12
346.009,0
346.116,16
346.222,0
346.329,0
346.436,0
346.543,0
346.65,5
346.756,25
346.863,7
346.97,13
347.077,21
347.184,7
347.29,0
347.397,0
347.504,11
347.611,9
347.718,0
347.824,0
347.931,10
348.038,0
348.145,0
348.252,0
348.358,0
348.465,36
348.572,8
348.679,0
348.786,20
348.892,7
348.999,0
349.106,2
349.213,0
349.32,0
349.426,0
349.533,1
349.64,0
349.747,0
349.854,0
349.96,19
350.067,9
350.174,0
350.281,0
350.388,2
350.494,18
350.601,0
350.708,6
350.815,39
350.922,0
351.028,2
351.135,8
351.242,17
351.349,0
351.456,12
351.562,6
351.669,0
351.776,1
351.883,17
351.989,7
352.096,0
352.203,0
352.31,13
352.417,0
352.523,7
352.63,3
352.737,30
352.844,14
352.951,0
353.057,0
353.164,2
353.271,0
353.378,11
353.485,24
353.591,0
353.698,0
353.805,17
353.912,9
354.019,0
354.125,0
354.232,12
354.339,0
354.446,0
354.553,0
354.659,13
354.766,13
354.873,0
354.98,0
355.086,20
355.193,0
355.3,3
355.407,0
355.514,3
355.62,1
355.727,4
355.834,0
355.941,8
356.048,32
356.154,18
356.261,9
356.368,8
356.475,8
356.582,26
356.688,3
356.795,0
356.902,0
357.009,8
357.115,5
357.222,0
357.329,1
357.436,12
357.543,2
357.649,12
357.756,0
357.863,3
357.97,6
358.077,0
358.183,16
358.29,21
358.397,0
358.504,2
358.61,21
358.717,0
358.824,19
358.931,0
359.038,0
359.144,44
359.251,27
359.358,14
359.465,0
359.572,6
359.678,21
359.785,0
359.892,0
359.999,14
360.105,1
360.212,2
360.319,12
360.426,23
360.533,0
360.639,17
360.746,0
360.853,0
360.96,9
361.067,8
361.173,0
361.28,12
361.387,30
361.494,0
361.6,0
361.707,10
361.814,7
361.921,12
362.028,17
362.134,18
362.241,0
362.348,0
362.455,10
362.562,5
362.668,0
362.775,19
362.882,15
362.989,16
363.095,15
363.202,0
363.309,7
363.416,24
363.523,6
363.629,0
363.736,5
363.843,17
363.95,0
364.056,17
364.163,0
364.27,14
364.377,0
364.484,0
364.59,7
364.697,15
364.804,0
364.911,0
365.017,13
365.124,2
365.231,6
365.338,8
365.445,8
365.551,23
365.658,0
365.765,8
365.872,12
365.979,0
366.085,0
366.192,2
366.299,49
366.406,110
366.512,48
366.619,18
366.726,31
366.833,0
366.94,13
367.046,14
367.153,6
367.26,9
367.367,0
367.473,4
367.58,19
367.687,0
367.794,3
367.9,0
368.007,0
368.114,12
368.221,8
368.328,5
368.434,0
368.541,0
368.648,24
368.755,13
368.861,0
368.968,11
369.075,10
369.182,2
369.289,20
369.395,18
369.502,11
369.609,0
369.716,0
369.822,34
369.929,15
370.036,0
370.143,0
370.25,0
370.356,40
370.463,16
370.57,0
370.677,9
370.783,15
370.89,0
370.997,0
371.104,0
371.211,0
371.317,8
371.424,0
371.531,0
371.638,0
371.744,0
371.851,20
371.958,15
372.065,1
372.171,0
372.278,0
372.385,7
372.492,0
372.599,16
372.705,0
372.812,0
372.919,0
373.026,189
373.132,170
373.239,48
373.346,0
373.453,0
373.559,0
373.666,0
373.773,0
373.88,0
373.987,0
374.093,24
374.2,0
374.307,5
374.414,3
374.52,6
374.627,15
374.734,2
374.841,0
374.947,31
375.054,0
375.161,0
375.268,0
375.375,6
375.481,6
375.588,0
375.695,0
375.802,14
375.908,27
376.015,0
376.122,13
376.229,0
376.335,0
376.442,0
376.549,0
376.656,7
376.763,30
376.869,16
376.976,8
377.083,0
377.19,9
377.296,21
377.403,13
377.51,0
377.617,0
377.723,33
377.83,75
377.937,76
378.044,0
378.15,0
378.257,0
378.364,0
378.471,13
378.578,2
378.684,0
378.791,5
378.898,0
379.005,13
379.111,0
379.218,32
379.325,8
379.432,0
379.538,0
379.645,0
379.752,30
379.859,12
379.965,7
380.072,0
380.179,23
380.286,0
380.392,0
380.499,24
380.606,23
380.713,0
380.82,0
380.926,0
381.033,8
381.14,1
381.247,16
381.353,5
381.46,14
381.567,12
381.674,40
381.78,31
381.887,0
381.994,0
382.101,3
382.207,0
382.314,4
382.421,21
382.528,36
382.634,0
382.741,0
382.848,0
382.955,0
383.061,4
383.168,7
383.275,9
383.382,9
383.488,0
383.595,0
383.702,0
383.809,0
383.916,0
384.022,24
384.129,0
384.236,8
384.343,75
384.449,64
384.556,0
384.663,0
384.77,20
384.876,0
384.983,0
385.09,9
385.197,0
385.303,1
385.41,0
385.517,5
385.624,26
385.73,18
385.837,14
385.944,0
386.051,24
386.157,20
386.264,17
386.371,0
386.478,0
386.584,17
386.691,0
386.798,8
386.905,5
387.011,10
387.118,16
387.225,7
387.332,0
387.438,2
387.545,35
387.652,0
387.759,12
387.865,0
387.972,0
388.079,14
388.186,15
388.292,0
388.399,0
388.506,22
388.613,5
388.719,16
388.826,0
388.933,1
389.04,12
389.146,12
389.253,0
389.36,6
389.467,8
389.573,7
389.68,0
389.787,16
389.894,0
390,13
390.107,5
390.214,8
390.321,14
390.427,23
390.534,22
390.641,0
390.748,0
390.854,14
390.961,0
391.068,0
391.175,7
391.281,32
391.388,0
391.495,9
391.602,0
391.708,0
391.815,22
391.922,0
392.029,0
392.135,22
392.242,0
392.349,0
392.456,0
392.562,7
392.669,0
392.776,0
392.883,5
392.989,6
393.096,18
393.203,0
393.31,0
393.416,0
393.523,21
393.63,10
393.737,0
393.843,0
393.95,2
394.057,4
394.164,0
394.27,5
394.377,6
394.484,0
394.591,0
394.697,15
394.804,0
394.911,0
395.018,16
395.124,55
395.231,129
395.338,86
395.445,18
395.551,0
395.658,0
395.765,8
395.871,0
395.978,0
396.085,0
396.192,33
396.298,14
396.405,0
396.512,0
396.619,5
396.725,0
396.832,0
396.939,21
397.046,29
397.152,0
397.259,0
397.366,0
397.473,0
397.579,17
397.686,141
397.793,116
397.9,35
398.006,0
398.113,0
398.22,0
398.327,0
398.433,3
398.54,6
398.647,7
398.753,15
398.86,0
398.967,0
399.074,0
399.18,17
399.287,28
399.394,7
399.501,0
399.607,21
399.714,19
399.821,0
399.928,11
400.034,0
400.141,25
400.248,59
400.355,0
400.461,0
400.568,2
400.675,1
400.781,78
400.888,54
400.995,15
401.102,0
401.208,4
401.315,14
401.422,11
401.529,0
401.635,0
401.742,0
401.849,51
401.956,38
402.062,0
402.169,0
402.276,0
402.382,3
402.489,10
402.596,4
402.703,8
402.809,19
402.916,0
403.023,0
403.13,10
403.236,0
403.343,0
403.45,21
403.557,24
403.663,5
403.77,0
403.877,1
403.983,0
404.09,5
404.197,1
404.304,0
404.41,0
404.517,0
404.624,0
404.731,0
404.837,0
404.944,0
405.051,0
405.158,0
405.264,0
405.371,0
405.478,0
405.584,0
405.691,0
405.798,18
405.905,0
406.011,0
406.118,0
406.225,12
406.332,18
406.438,0
406.545,4
406.652,8
406.758,13
406.865,0
406.972,8
407.079,34
407.185,23
407.292,0
407.399,0
407.506,0
407.612,0
407.719,0
407.826,0
407.932,0
408.039,0
408.146,18
408.253,0
408.359,18
408.466,0
408.573,0
408.68,10
408.786,0
408.893,19
409,19
409.106,19
409.213,13
409.32,0
409.427,20
409.533,13
409.64,0
409.747,0
409.853,6
409.96,0
410.067,3
410.174,0
410.28,25
410.387,30
410.494,2
410.601,0
410.707,0
410.814,0
410.921,0
411.027,4
411.134,0
411.241,8
411.348,4
411.454,0
411.561,3
411.668,1
411.774,0
411.881,0
411.988,0
412.095,3
412.201,9
412.308,0
412.415,0
412.522,18
412.628,23
412.735,21
412.842,0
412.948,5
413.055,10
413.162,10
413.269,0
413.375,75
413.482,101
413.589,36
413.695,20
413.802,0
413.909,0
414.016,0
414.122,18
414.229,0
414.336,12
414.442,20
414.549,9
414.656,52
414.763,34
414.869,46
414.976,4
415.083,8
415.189,0
415.296,3
415.403,0
415.51,1
415.616,11
415.723,0
415.83,0
415.936,0
416.043,9
416.15,0
416.257,60
416.363,168
416.47,119
416.577,47
416.683,0
416.79,0
416.897,0
417.004,0
417.11,0
417.217,0
417.324,7
417.43,11
417.537,48
417.644,59
417.751,28
417.857,18
417.964,0
418.071,0
418.177,0
418.284,0
418.391,3
418.498,14
418.604,2
418.711,4
418.818,25
418.924,0
419.031,0
419.138,24
419.245,0
419.351,0
419.458,0
419.565,0
419.671,0
419.778,12
419.885,0
419.992,0
420.098,0
420.205,0
420.312,2
420.418,0
420.525,0
420.632,13
420.738,0
420.845,3
420.952,11
421.059,14
421.165,0
421.272,0
421.379,8
421.485,45
421.592,51
421.699,12
421.806,7
421.912,18
422.019,4
422.126,0
422.232,0
422.339,10
422.446,0
422.552,0
422.659,22
422.766,11
422.873,4
422.979,7
423.086,0
423.193,67
423.299,23
423.406,0
423.513,0
423.62,0
423.726,0
423.833,0
423.94,11
424.046,76
424.153,49
424.26,12
424.366,3
424.473,29
424.58,0
424.687,0
424.793,0
424.9,1
425.007,5
425.113,6
425.22,0
425.327,0
425.433,0
425.54,0
425.647,0
425.754,8
425.86,0
425.967,0
426.074,0
426.18,12
426.287,0
426.394,0
426.5,13
426.607,0
426.714,0
426.821,23
426.927,0
427.034,4
427.141,0
427.247,7
427.354,0
427.461,8
427.567,17
427.674,2
427.781,0
427.888,0
427.994,11
428.101,31
428.208,0
428.314,22
428.421,28
428.528,27
428.634,0
428.741,15
428.848,0
428.955,0
429.061,5
429.168,0
429.275,0
429.381,21
429.488,0
429.595,0
429.701,0
429.808,0
429.915,0
430.021,0
430.128,0
430.235,46
430.342,85
430.448,80
430.555,22
430.662,15
430.768,0
430.875,20
430.982,26
431.088,0
431.195,2
431.302,26
431.409,0
431.515,0
431.622,0
431.729,18
431.835,14
431.942,4
432.049,4
432.155,0
432.262,63
432.369,117
432.475,37
432.582,16
432.689,7
432.796,0
432.902,0
433.009,41
433.116,40
433.222,3
433.329,0
433.436,4
433.542,2
433.649,0
433.756,0
433.862,54
433.969,99
434.076,48
434.182,3
434.289,0
434.396,25
434.503,0
434.609,3
434.716,5
434.823,0
434.929,12
435.036,19
435.143,8
435.249,16
435.356,15
435.463,0
435.569,5
435.676,1
435.783,6
435.889,0
435.996,45
436.103,84
436.21,4
436.316,21
436.423,0
436.53,0
436.636,13
436.743,0
436.85,3
436.956,10
437.063,41
437.17,96
437.276,139
437.383,164
437.49,97
437.596,36
437.703,3
437.81,0
437.916,20
438.023,40
438.13,36
438.237,96
438.343,305
438.45,232
438.557,76
438.663,19
438.77,0
438.877,59
438.983,215
439.09,167
439.197,63
439.303,17
439.41,21
439.517,152
439.623,97
439.73,48
439.837,178
439.943,151
440.05,64
440.157,1
440.263,0
440.37,18
440.477,7
440.583,0
440.69,0
440.797,1
440.904,0
441.01,0
441.117,0
441.224,19
441.33,0
441.437,0
441.544,0
441.65,5
441.757,10
441.864,21
441.97,0
442.077,0
442.184,0
442.29,42
442.397,0
442.504,0
442.61,0
442.717,34
442.824,1
442.93,1
443.037,25
443.144,23
443.25,22
443.357,0
443.464,0
443.57,0
443.677,14
443.784,6
443.89,0
443.997,5
444.104,0
444.21,15
444.317,0
444.424,0
444.53,32
444.637,45
444.744,15
444.851,0
444.957,0
445.064,41
445.171,6
445.277,0
445.384,20
445.491,0
445.597,14
445.704,0
445.811,26
445.917,0
446.024,0
446.131,0
446.237,20
446.344,4
446.451,0
446.557,0
446.664,7
446.771,17
446.877,0
446.984,13
447.091,0
447.197,0
447.304,0
447.411,1
447.517,5
447.624,0
447.731,0
447.837,11
447.944,0
448.051,0
448.157,0
448.264,10
448.371,28
448.477,16
448.584,12
448.691,2
448.797,6
448.904,11
449.011,0
449.117,3
449.224,0
449.331,12
449.437,0
449.544,27
449.651,0
449.757,0
449.864,33
449.971,9
450.077,0
450.184,13
450.291,13
450.397,8
450.504,2
450.611,6
450.717,2
450.824,0
450.931,1
451.037,0
451.144,0
451.251,0
451.357,0
451.464,0
451.571,0
451.677,19
451.784,5
451.891,0
451.997,4
452.104,12
452.21,0
452.317,13
452.424,30
452.53,1
452.637,0
452.744,0
452.85,1
452.957,0
453.064,0
453.17,9
453.277,6
453.384,13
453.49,0
453.597,19
453.704,25
453.81,0
453.917,3
454.024,19
454.13,0
454.237,0
454.344,0
454.45,6
454.557,2
454.664,70
454.77,105
454.877,61
454.984,0
455.09,0
455.197,34
455.304,29
455.41,0
455.517,0
455.624,0
455.73,0
455.837,0
455.944,20
456.05,0
456.157,16
456.263,0
456.37,0
456.477,10
456.583,2
456.69,24
456.797,36
456.903,0
457.01,0
457.117,0
457.223,0
457.33,11
457.437,8
457.543,0
457.65,0
457.757,16
457.863,8
457.97,0
458.077,7
458.183,12
458.29,0
458.397,0
458.503,0
458.61,4
458.716,0
458.823,10
458.93,0
459.036,28
459.143,0
459.25,0
459.356,12
459.463,0
459.57,0
459.676,0
459.783,0
459.89,19
459.996,0
460.103,0
460.21,0
460.316,6
460.423,11
460.53,0
460.636,0
460.743,22
460.849,0
460.956,11
461.063,23
461.169,11
461.276,17
461.383,27
461.489,26
461.596,0
461.703,5
461.809,0
461.916,4
462.023,0
462.129,0
462.236,0
462.342,0
462.449,7
462.556,17
462.662,12
462.769,0
462.876,10
462.982,5
463.089,0
463.196,4
463.302,10
463.409,0
463.516,13
463.622,6
463.729,17
463.835,32
463.942,12
464.049,9
464.155,19
464.262,34
464.369,18
464.475,0
464.582,0
464.689,0
464.795,0
464.902,0
465.009,4
465.115,0
465.222,11
465.328,0
465.435,0
465.542,14
465.648,0
465.755,0
465.862,16
465.968,24
466.075,0
466.182,1
466.288,0
466.395,0
466.501,0
466.608,8
466.715,12
466.821,0
466.928,0
467.035,0
467.141,9
467.248,17
467.355,16
467.461,0
467.568,0
467.674,21
467.781,25
467.888,0
467.994,7
468.101,8
468.208,2
468.314,4
468.421,0
468.528,21
468.634,0
468.741,6
468.847,15
468.954,9
469.061,0
469.167,0
469.274,8
469.381,51
469.487,29
469.594,0
469.701,15
469.807,1
469.914,0
470.02,0
470.127,0
470.234,12
470.34,0
470.447,0
470.554,0
470.66,0
470.767,15
470.873,21
470.98,0
471.087,0
471.193,55
471.3,16
471.407,0
471.513,13
471.62,0
471.727,1
471.833,3
471.94,0
472.046,18
472.153,0
472.26,0
472.366,7
472.473,0
472.58,0
472.686,18
472.793,0
472.899,4
473.006,26
473.113,74
473.219,63
473.326,24
473.433,10
473.539,4
473.646,16
473.752,6
473.859,0
473.966,0
474.072,0
474.179,4
474.286,11
474.392,2
474.499,0
474.605,0
474.712,0
474.819,0
474.925,23
475.032,0
475.139,0
475.245,8
475.352,37
475.458,14
475.565,16
475.672,0
475.778,0
475.885,0
475.992,0
476.098,4
476.205,0
476.311,0
476.418,0
476.525,43
476.631,37
476.738,3
476.844,0
476.951,0
477.058,0
477.164,17
477.271,0
477.378,0
477.484,15
477.591,0
477.697,22
477.804,6
477.911,14
478.017,1
478.124,0
478.231,0
478.337,16
478.444,6
478.55,4
478.657,0
478.764,11
478.87,0
478.977,10
479.083,3
479.19,0
479.297,7
479.403,13
479.51,0
479.617,11
479.723,14
479.83,30
479.936,0
480.043,40
480.15,36
480.256,21
480.363,2
480.469,0
480.576,17
480.683,0
480.789,4
480.896,8
481.003,20
481.109,6
481.216,14
481.322,0
481.429,9
481.536,0
481.642,0
481.749,18
481.855,8
481.962,0
482.069,21
482.175,8
482.282,0
482.388,0
482.495,0
482.602,14
482.708,0
482.815,0
482.922,1
483.028,0
483.135,7
483.241,0
483.348,0
483.455,0
483.561,0
483.668,0
483.774,34
483.881,14
483.988,0
484.094,13
484.201,9
484.307,0
484.414,5
484.521,7
484.627,6
484.734,0
484.84,6
484.947,17
485.054,2
485.16,0
485.267,6
485.373,0
485.48,0
485.587,29
485.693,0
485.8,1
485.907,18
486.013,30
486.12,0
486.226,8
486.333,15
486.44,0
486.546,0
486.653,0
486.759,0
486.866,5
486.973,0
487.079,0
487.186,61
487.292,21
487.399,3
487.506,0
487.612,0
487.719,25
487.825,0
487.932,0
488.039,28
488.145,24
488.252,0
488.358,14
488.465,0
488.572,0
488.678,0
488.785,0
488.891,0
488.998,18
489.105,0
489.211,0
489.318,5
489.424,14
489.531,26
489.638,0
489.744,4
489.851,15
489.957,0
490.064,14
490.171,0
490.277,13
490.384,0
490.49,8
490.597,14
490.704,0
490.81,0
490.917,6
491.023,9
491.13,13
491.237,0
491.343,0
491.45,0
491.556,1
491.663,226
491.769,211
491.876,80
491.983,0
492.089,0
492.196,0
492.302,8
492.409,0
492.516,22
492.622,0
492.729,0
492.835,0
492.942,9
493.049,34
493.155,8
493.262,0
493.368,4
493.475,11
493.582,3
493.688,9
493.795,12
493.901,34
494.008,12
494.114,28
494.221,2
494.328,0
494.434,0
494.541,0
494.647,39
494.754,4
494.861,0
494.967,0
495.074,13
495.18,4
495.287,0
495.394,4
495.5,11
495.607,18
495.713,9
495.82,8
495.926,20
496.033,24
496.14,1
496.246,10
496.353,0
496.459,0
496.566,4
496.673,0
496.779,12
496.886,0
496.992,0
497.099,0
497.206,8
497.312,5
497.419,4
497.525,19
497.632,0
497.738,0
497.845,44
497.952,45
498.058,0
498.165,0
498.271,3
498.378,12
498.485,25
498.591,39
498.698,8
498.804,0
498.911,24
499.017,0
499.124,0
499.231,12
499.337,0
499.444,11
499.55,0
499.657,8
499.763,0
499.87,6
499.977,0
500.083,5
500.19,2
500.296,0
500.403,14
500.51,4
500.616,37
500.723,13
500.829,0
500.936,21
501.042,18
501.149,0
501.256,16
501.362,46
501.469,23
501.575,0
501.682,0
501.788,0
501.895,6
502.002,3
502.108,6
502.215,38
502.321,24
502.428,1
502.534,0
502.641,0
502.748,0
502.854,0
502.961,15
503.067,0
503.174,22
503.281,34
503.387,22
503.494,1
503.6,0
503.707,9
503.813,0
503.92,6
504.027,13
504.133,0
504.24,0
504.346,6
504.453,7
504.559,0
504.666,0
504.773,0
504.879,22
504.986,0
505.092,17
505.199,18
505.305,15
505.412,0
505.518,0
505.625,13
505.732,0
505.838,0
505.945,0
506.051,7
506.158,0
506.264,0
506.371,25
506.478,16
506.584,6
506.691,0
506.797,0
506.904,6
507.01,0
507.117,26
507.224,0
507.33,27
507.437,14
507.543,0
507.65,0
507.756,0
507.863,0
507.97,5
508.076,0
508.183,16
508.289,0
508.396,0
508.502,33
508.609,54
508.715,7
508.822,0
508.929,5
509.035,18
509.142,11
509.248,0
509.355,0
509.461,14
509.568,0
509.675,0
509.781,9
509.888,40
509.994,22
510.101,14
510.207,0
510.314,12
510.42,14
510.527,0
510.634,8
510.74,0
510.847,0
510.953,3
511.06,0
511.166,24
511.273,0
511.379,15
511.486,0
511.593,4
511.699,22
511.806,1
511.912,5
512.019,17
512.125,0
512.232,3
512.339,14
512.445,9
512.552,5
512.658,0
512.765,46
512.871,11
512.978,0
513.084,0
513.191,0
513.298,20
513.404,2
513.511,0
513.617,0
513.724,14
513.83,15
513.937,13
514.043,12
514.15,0
514.256,0
514.363,9
514.47,4
514.576,0
514.683,12
514.789,20
514.896,18
515.002,0
515.109,11
515.215,0
515.322,10
515.429,6
515.535,1
515.642,42
515.748,0
515.855,3
515.961,16
516.068,0
516.174,10
516.281,2
516.388,0
516.494,8
516.601,0
516.707,0
516.814,13
516.92,14
517.027,4
517.133,0
517.24,9
517.346,0
517.453,18
517.56,0
517.666,24
517.773,75
517.879,25
517.986,11
518.092,8
518.199,0
518.305,0
518.412,79
518.518,128
518.625,45
518.732,18
518.838,0
518.945,0
519.051,0
519.158,2
519.264,35
519.371,0
519.477,0
519.584,0
519.69,0
519.797,23
519.903,61
520.01,43
520.117,23
520.223,0
520.33,0
520.436,0
520.543,0
520.649,0
520.756,0
520.862,9
520.969,0
521.075,1
521.182,13
521.289,13
521.395,6
521.502,8
521.608,11
521.715,24
521.821,0
521.928,0
522.034,17
522.141,0
522.247,0
522.354,16
522.46,0
522.567,0
522.674,0
522.78,0
522.887,0
522.993,6
523.1,0
523.206,20
523.313,3
523.419,26
523.526,19
523.632,0
523.739,0
523.845,0
523.952,0
524.058,0
524.165,14
524.272,5
524.378,18
524.485,0
524.591,64
524.698,105
524.804,17
524.911,0
525.017,0
525.124,6
525.23,0
525.337,12
525.443,0
525.55,0
525.656,0
525.763,14
525.87,23
525.976,0
526.083,0
526.189,20
526.296,0
526.402,7
526.509,10
526.615,21
526.722,24
526.828,6
526.935,15
527.041,30
527.148,32
527.254,0
527.361,0
527.467,0
527.574,0
527.68,9
527.787,11
527.894,6
528,31
528.107,0
528.213,0
528.32,0
528.426,15
528.533,0
528.639,8
528.746,0
528.852,0
528.959,2
529.065,14
529.172,2
529.278,0
529.385,3
529.491,3
529.598,0
529.704,0
529.811,41
529.918,34
530.024,17
530.131,0
530.237,10
530.344,12
530.45,16
530.557,31
530.663,11
530.77,0
530.876,0
530.983,5
531.089,11
531.196,0
531.302,14
531.409,2
531.515,10
531.622,17
531.728,10
531.835,8
531.941,6
532.048,0
532.154,0
532.261,4
532.367,28
532.474,5
532.581,5
532.687,0
532.794,0
532.9,26
533.007,8
533.113,4
533.22,0
533.326,14
533.433,16
533.539,0
533.646,0
533.752,0
533.859,0
533.965,0
534.072,1
534.178,0
534.285,14
534.391,0
534.498,15
534.604,6
534.711,9
534.817,13
534.924,26
535.03,0
535.137,0
535.243,0
535.35,0
535.456,8
535.563,0
535.669,3
535.776,2
535.882,0
535.989,16
536.095,4
536.202,0
536.308,14
536.415,30
536.521,8
536.628,4
536.735,15
536.841,0
536.948,0
537.054,0
537.161,0
537.267,9
537.374,0
537.48,0
537.587,30
537.693,28
537.8,0
537.906,9
538.013,39
538.119,10
538.226,8
538.332,0
538.439,16
538.545,0
538.652,0
538.758,0
538.865,0
538.971,58
539.078,51
539.184,0
539.291,0
539.397,22
539.504,0
539.61,3
539.717,0
539.823,0
539.93,0
540.036,0
540.143,21
540.249,0
540.356,8
540.462,27
540.569,34
540.675,0
540.782,0
540.888,6
540.995,0
541.101,8
541.208,0
541.314,30
541.421,0
541.527,7
541.634,5
541.74,1
541.847,4
541.953,10
542.06,0
542.166,19
542.273,66
542.379,63
542.486,26
542.592,0
542.699,2
542.805,22
542.912,8
543.018,90
543.125,69
543.231,19
543.338,0
543.444,0
543.551,0
543.657,0
543.764,0
543.87,4
543.977,0
544.083,6
544.19,6
544.296,2
544.403,8
544.509,42
544.616,0
544.722,0
544.829,0
544.935,8
545.042,0
545.148,15
545.255,0
545.361,0
545.467,7
545.574,0
545.68,19
545.787,4
545.893,16
546,27
546.106,8
546.213,6
546.319,6
546.426,1
546.532,14
546.639,6
546.745,0
546.852,0
546.958,24
547.065,0
547.171,0
547.278,16
547.384,15
547.491,10
547.597,8
547.704,9
547.81,2
547.917,0
548.023,9
548.13,0
548.236,12
548.343,0
548.449,13
548.556,0
548.662,1
548.769,4
548.875,0
548.982,12
549.088,10
549.195,35
549.301,21
549.408,4
549.514,20
549.62,0
549.727,17
549.833,0
549.94,0
550.046,18
550.153,1
550.259,0
550.366,20
550.472,18
550.579,6
550.685,0
550.792,14
550.898,0
551.005,0
551.111,43
551.218,22
551.324,0
551.431,0
551.537,0
551.644,23
551.75,48
551.857,68
551.963,14
552.07,20
552.176,0
552.282,29
552.389,20
552.495,0
552.602,0
552.708,6
552.815,0
552.921,0
553.028,22
553.134,0
553.241,10
553.347,0
553.454,2
553.56,0
553.667,28
553.773,5
553.88,0
553.986,14
554.093,20
554.199,0
554.305,6
554.412,3
554.518,0
554.625,0
554.731,29
554.838,0
554.944,0
555.051,8
555.157,0
555.264,0
555.37,13
555.477,0
555.583,1
555.69,22
555.796,17
555.903,26
556.009,24
556.115,6
556.222,8
556.328,0
556.435,0
556.541,0
556.648,7
556.754,2
556.861,7
556.967,6
557.074,0
557.18,0
557.287,30
557.393,0
557.5,0
557.606,34
557.713,0
557.819,4
557.925,12
558.032,9
558.138,0
558.245,26
558.351,18
558.458,26
558.564,8
558.671,10
558.777,0
558.884,0
558.99,14
559.097,0
559.203,0
559.309,0
559.416,0
559.522,0
559.629,10
559.735,21
559.842,6
559.948,0
560.055,25
560.161,8
560.268,10
560.374,27
560.481,8
560.587,0
560.693,0
560.8,0
560.906,0
561.013,19
561.119,0
561.226,0
561.332,0
561.439,0
561.545,0
561.652,0
561.758,39
561.864,16
561.971,0
562.077,0
562.184,23
562.29,0
562.397,0
562.503,14
562.61,19
562.716,0
562.823,0
562.929,0
563.035,7
563.142,0
563.248,1
563.355,23
563.461,0
563.568,0
563.674,0
563.781,0
563.887,0
563.994,7
564.1,0
564.206,8
564.313,0
564.419,0
564.526,0
564.632,2
564.739,2
564.845,8
564.952,8
565.058,14
565.165,0
565.271,0
565.377,48
565.484,26
565.59,0
565.697,0
565.803,0
565.91,0
566.016,0
566.123,18
566.229,4
566.335,0
566.442,0
566.548,16
566.655,22
566.761,2
566.868,9
566.974,0
567.081,23
567.187,2
567.293,0
567.4,20
567.506,0
567.613,0
567.719,0
567.826,4
567.932,0
568.039,26
568.145,0
568.251,0
568.358,0
568.464,6
568.571,18
568.677,0
568.784,1
568.89,10
568.997,16
569.103,0
569.209,19
569.316,0
569.422,0
569.529,1
569.635,0
569.742,12
569.848,6
569.955,0
570.061,0
570.167,36
570.274,17
570.38,42
570.487,111
570.593,49
570.7,5
570.806,15
570.912,0
571.019,0
571.125,5
571.232,0
571.338,0
571.445,34
571.551,7
571.658,20
571.764,0
571.87,20
571.977,1
572.083,0
572.19,0
572.296,0
572.403,39
572.509,0
572.615,0
572.722,0
572.828,1
572.935,15
573.041,0
573.148,0
573.254,0
573.36,21
573.467,12
573.573,7
573.68,5
573.786,15
573.893,10
573.999,12
574.105,2
574.212,6
574.318,0
574.425,1
574.531,0
574.638,6
574.744,25
574.85,4
574.957,8
575.063,21
575.17,0
575.276,0
575.383,12
575.489,0
575.595,8
575.702,0
575.808,0
575.915,14
576.021,8
576.128,7
576.234,15
576.34,0
576.447,37
576.553,8
576.66,3
576.766,8
576.873,0
576.979,13
577.085,32
577.192,0
577.298,0
577.405,3
577.511,3
577.618,2
577.724,0
577.83,7
577.937,9
578.043,28
578.15,0
578.256,21
578.363,36
578.469,11
578.575,10
578.682,0
578.788,0
578.895,9
579.001,0
579.107,0
579.214,22
579.32,0
579.427,24
579.533,41
579.64,18
579.746,30
579.852,21
579.959,19
580.065,7
580.172,0
580.278,0
580.384,21
580.491,11
580.597,0
580.704,0
580.81,0
580.917,0
581.023,20
581.129,0
581.236,14
581.342,15
581.449,0
581.555,5
581.661,5
581.768,15
581.874,18
581.981,12
582.087,12
582.193,5
582.3,0
582.406,0
582.513,0
582.619,0
582.726,0
582.832,0
582.938,0
583.045,52
583.151,36
583.258,7
583.364,5
583.47,0
583.577,12
583.683,67
583.79,109
583.896,152
584.002,96
584.109,47
584.215,0
584.322,0
584.428,9
584.535,0
584.641,9
584.747,0
584.854,0
584.96,13
585.067,8
585.173,0
585.279,6
585.386,4
585.492,0
585.599,0
585.705,5
585.811,1
585.918,0
586.024,0
586.131,0
586.237,6
586.343,15
586.45,6
586.556,7
586.663,0
586.769,0
586.875,14
586.982,0
587.088,0
587.195,0
587.301,6
587.407,0
587.514,4
587.62,0
587.727,23
587.833,0
587.939,0
588.046,0
588.152,0
588.259,0
588.365,2
588.471,17
588.578,33
588.684,0
588.791,9
588.897,14
589.003,12
589.11,0
589.216,16
589.323,18
589.429,0
589.535,35
589.642,0
589.748,7
589.855,0
589.961,15
590.067,21
590.174,0
590.28,0
590.387,2
590.493,2
590.599,0
590.706,0
590.812,34
590.918,0
591.025,3
591.131,4
591.238,0
591.344,0
591.45,0
591.557,11
591.663,10
591.77,18
591.876,15
591.982,9
592.089,0
592.195,0
592.302,17
592.408,0
592.514,0
592.621,0
592.727,14
592.834,0
592.94,19
593.046,2
593.153,19
593.259,0
593.365,12
593.472,0
593.578,0
593.685,21
593.791,43
593.897,0
594.004,15
594.11,6
594.217,0
594.323,18
594.429,36
594.536,0
594.642,7
594.748,11
594.855,3
594.961,7
595.068,7
595.174,1
595.28,24
595.387,2
595.493,14
595.6,0
595.706,0
595.812,0
595.919,11
596.025,1
596.131,0
596.238,24
596.344,2
596.451,16
596.557,6
596.663,0
596.77,14
596.876,36
596.982,7
597.089,0
597.195,0
597.302,16
597.408,19
597.514,0
597.621,3
597.727,31
597.833,8
597.94,0
598.046,42
598.153,2
598.259,0
598.365,0
598.472,0
598.578,0
598.685,0
598.791,0
598.897,2
599.004,16
599.11,0
599.216,8
599.323,0
599.429,14
599.535,18
599.642,0
599.748,0
599.855,0
599.961,0
600.067,21
600.174,0
600.28,0
600.386,6
600.493,4
600.599,0
600.706,20
600.812,0
600.918,6
601.025,13
601.131,0
601.237,4
601.344,0
601.45,7
601.557,21
601.663,0
601.769,0
601.876,1
601.982,0
602.088,0
602.195,0
602.301,0
602.407,0
602.514,0
602.62,14
602.727,0
602.833,0
602.939,4
603.046,8
603.152,0
603.258,0
603.365,0
603.471,0
603.577,0
603.684,7
603.79,11
603.897,17
604.003,2
604.109,0
604.216,0
604.322,23
604.428,38
604.535,15
604.641,0
604.747,0
604.854,8
604.96,0
605.067,4
605.173,7
605.279,0
605.386,0
605.492,0
605.598,35
605.705,11
605.811,0
605.917,0
606.024,0
606.13,5
606.236,0
606.343,15
606.449,0
606.556,0
606.662,2
606.768,0
606.875,0
606.981,13
607.087,0
607.194,18
607.3,13
607.406,22
607.513,0
607.619,13
607.725,0
607.832,0
607.938,0
608.045,9
608.151,17
608.257,0
608.364,0
608.47,0
608.576,0
608.683,25
608.789,67
608.895,6
609.002,8
609.108,0
609.214,0
609.321,0
609.427,0
609.533,0
609.64,0
609.746,0
609.852,4
609.959,2
610.065,9
610.172,0
610.278,0
610.384,0
610.491,0
610.597,7
610.703,0
610.81,0
610.916,0
611.022,0
611.129,0
611.235,0
611.341,4
611.448,0
611.554,3
611.66,0
611.767,30
611.873,10
611.979,3
612.086,9
612.192,2
612.298,12
612.405,14
612.511,19
612.617,7
612.724,0
612.83,0
612.936,32
613.043,5
613.149,0
613.255,0
613.362,4
613.468,0
613.575,9
613.681,11
613.787,0
613.894,0
614,15
614.106,0
614.213,0
614.319,14
614.425,25
614.532,0
614.638,0
614.744,0
614.851,0
614.957,5
615.063,0
615.17,0
615.276,0
615.382,20
615.489,0
615.595,0
615.701,0
615.808,0
615.914,0
616.02,0
616.127,0
616.233,0
616.339,2
616.446,0
616.552,0
616.658,7
616.765,0
616.871,0
616.977,21
617.084,7
617.19,0
617.296,0
617.403,0
617.509,13
617.615,0
617.722,0
617.828,6
617.934,1
618.041,14
618.147,14
618.253,0
618.36,0
618.466,4
618.572,6
618.679,0
618.785,2
618.891,20
618.998,20
619.104,0
619.21,160
619.316,183
619.423,56
619.529,0
619.635,0
619.742,0
619.848,0
619.954,0
620.061,0
620.167,0
620.273,0
620.38,0
620.486,9
620.592,0
620.699,0
620.805,30
620.911,0
621.018,0
621.124,0
621.23,0
621.337,8
621.443,0
621.549,0
621.656,0
621.762,4
621.868,0
621.975,12
622.081,13
622.187,0
622.294,0
622.4,29
622.506,0
622.612,3
622.719,0
622.825,16
622.931,0
623.038,0
623.144,0
623.25,0
623.357,11
623.463,16
623.569,24
623.676,0
623.782,0
623.888,0
623.995,12
624.101,0
624.207,5
624.314,0
624.42,0
624.526,0
624.632,0
624.739,17
624.845,50
624.951,49
625.058,11
625.164,0
625.27,0
625.377,0
625.483,0
625.589,23
625.696,31
625.802,7
625.908,3
626.015,0
626.121,0
626.227,3
626.333,16
626.44,0
626.546,1
626.652,4
626.759,0
626.865,0
626.971,0
627.078,0
627.184,0
627.29,0
627.397,27
627.503,35
627.609,2
627.715,0
627.822,0
627.928,0
628.034,29
628.141,0
628.247,89
628.353,100
628.46,73
628.566,22
628.672,0
628.778,0
628.885,21
628.991,21
629.097,0
629.204,2
629.31,0
629.416,5
629.523,0
629.629,27
629.735,25
629.841,0
629.948,4
630.054,0
630.16,3
630.267,0
630.373,15
630.479,0
630.586,6
630.692,0
630.798,0
630.904,0
631.011,0
631.117,0
631.223,0
631.33,11
631.436,0
631.542,0
631.649,6
631.755,0
631.861,13
631.967,0
632.074,2
632.18,0
632.286,2
632.393,0
632.499,44
632.605,5
632.711,0
632.818,18
632.924,2
633.03,13
633.137,0
633.243,28
633.349,8
633.456,0
633.562,26
633.668,10
633.774,0
633.881,0
633.987,23
634.093,0
634.2,7
634.306,1
634.412,0
634.518,0
634.625,0
634.731,4
634.837,0
634.944,0
635.05,10
635.156,1
635.262,0
635.369,13
635.475,6
635.581,0
635.688,0
635.794,0
635.9,6
636.006,0
636.113,0
636.219,26
636.325,54
636.432,46
636.538,0
636.644,8
636.75,25
636.857,1
636.963,0
637.069,8
637.176,13
637.282,0
637.388,0
637.494,2
637.601,0
637.707,0
637.813,0
637.92,5
638.026,0
638.132,0
638.238,2
638.345,6
638.451,7
638.557,0
638.663,0
638.77,21
638.876,17
638.982,15
639.089,0
639.195,0
639.301,8
639.407,11
639.514,10
639.62,16
639.726,27
639.833,30
639.939,2
640.045,6
640.151,22
640.258,9
640.364,0
640.47,0
640.576,1
640.683,17
640.789,0
640.895,0
641.002,0
641.108,41
641.214,21
641.32,0
641.427,4
641.533,10
641.639,0
641.745,11
641.852,0
641.958,0
642.064,17
642.171,0
642.277,2
642.383,21
642.489,0
642.596,0
642.702,0
642.808,11
642.914,0
643.021,0
643.127,0
643.233,0
643.339,0
643.446,0
643.552,0
643.658,0
643.765,2
643.871,0
643.977,0
644.083,42
644.19,30
644.296,0
644.402,0
644.508,27
644.615,6
644.721,1
644.827,16
644.933,17
645.04,0
645.146,0
645.252,17
645.358,12
645.465,0
645.571,8
645.677,4
645.784,4
645.89,32
645.996,4
646.102,7
646.209,0
646.315,19
646.421,15
646.527,0
646.634,22
646.74,0
646.846,26
646.952,13
647.059,0
647.165,11
647.271,0
647.377,0
647.484,30
647.59,14
647.696,0
647.802,1
647.909,16
648.015,0
648.121,0
648.227,10
648.334,0
648.44,0
648.546,0
648.652,0
648.759,5
648.865,0
648.971,17
649.077,0
649.184,0
649.29,0
649.396,1
649.502,12
649.609,21
649.715,0
649.821,20
649.927,0
650.034,3
650.14,0
650.246,0
650.352,6
650.459,3
650.565,0
650.671,0
650.777,0
650.884,10
650.99,1
651.096,7
651.202,110
651.309,53
651.415,8
651.521,0
651.627,11
651.734,11
651.84,25
651.946,20
652.052,4
652.159,0
652.265,133
652.371,78
652.477,46
652.584,13
652.69,21
652.796,57
652.902,15
653.009,6
653.115,17
653.221,16
653.327,0
653.434,0
653.54,0
653.646,0
653.752,4
653.858,8
653.965,0
654.071,11
654.177,15
654.283,28
654.39,0
654.496,0
654.602,33
654.708,4
654.815,0
654.921,0
655.027,0
655.133,0
655.24,0
655.346,0
655.452,0
655.558,0
655.665,8
655.771,6
655.877,17
655.983,39
656.089,0
656.196,0
656.302,0
656.408,0
656.514,1
656.621,0
656.727,0
656.833,11
656.939,0
657.046,0
657.152,0
657.258,7
657.364,0
657.47,32
657.577,10
657.683,35
657.789,19
657.895,3
658.002,13
658.108,56
658.214,150
658.32,64
658.427,22
658.533,0
658.639,0
658.745,0
658.851,36
658.958,0
659.064,0
659.17,0
659.276,0
659.383,43
659.489,3
659.595,0
659.701,14
659.807,0
659.914,0
660.02,0
660.126,10
660.232,23
660.339,43
660.445,29
660.551,34
660.657,11
660.763,5
660.87,0
660.976,2
661.082,9
661.188,0
661.295,0
661.401,0
661.507,13
661.613,0
661.719,2
661.826,14
661.932,2
662.038,0
662.144,0
662.251,0
662.357,31
662.463,0
662.569,0
662.675,0
662.782,10
662.888,0
662.994,0
663.1,27
663.206,148
663.313,182
663.419,170
663.525,49
663.631,8
663.738,5
663.844,20
663.95,0
664.056,7
664.162,8
664.269,0
664.375,0
664.481,62
664.587,86
664.693,67
664.8,7
664.906,28
665.012,29
665.118,1
665.225,2
665.331,31
665.437,8
665.543,0
665.649,0
665.756,0
665.862,3
665.968,0
666.074,0
666.18,0
666.287,0
666.393,5
666.499,0
666.605,0
666.711,12
666.818,0
666.924,0
667.03,0
667.136,8
667.242,0
667.349,17
667.455,11
667.561,0
667.667,28
667.773,22
667.88,0
667.986,0
668.092,76
668.198,65
668.304,40
668.411,0
668.517,0
668.623,0
668.729,2
668.835,0
668.942,40
669.048,126
669.154,100
669.26,26
669.366,0
669.473,6
669.579,59
669.685,56
669.791,20
669.897,2
670.004,0
670.11,18
670.216,15
670.322,0
670.428,17
670.535,29
670.641,13
670.747,6
670.853,0
670.959,0
671.066,14
671.172,0
671.278,0
671.384,0
671.49,2
671.597,0
671.703,0
671.809,0
671.915,15
672.021,114
672.128,122
672.234,38
672.34,0
672.446,0
672.552,5
672.658,0
672.765,0
672.871,0
672.977,2
673.083,0
673.189,0
673.296,0
673.402,29
673.508,1
673.614,0
673.72,0
673.827,28
673.933,6
674.039,0
674.145,0
674.251,0
674.357,0
674.464,0
674.57,8
674.676,0
674.782,0
674.888,17
674.995,26
675.101,16
675.207,18
675.313,0
675.419,30
675.526,28
675.632,37
675.738,7
675.844,0
675.95,0
676.056,22
676.163,7
676.269,23
676.375,6
676.481,8
676.587,10
676.693,3
676.8,2
676.906,17
677.012,7
677.118,12
677.224,0
677.331,2
677.437,15
677.543,0
677.649,0
677.755,15
677.861,0
677.968,1
678.074,4
678.18,22
678.286,2
678.392,0
678.498,0
678.605,0
678.711,45
678.817,63
678.923,25
679.029,0
679.136,0
679.242,0
679.348,0
679.454,0
679.56,0
679.666,11
679.773,0
679.879,0
679.985,9
680.091,17
680.197,0
680.303,7
680.41,0
680.516,0
680.622,0
680.728,9
680.834,13
680.94,5
681.047,17
681.153,8
681.259,27
681.365,7
681.471,11
681.577,0
681.684,0
681.79,34
681.896,6
682.002,26
682.108,24
682.214,30
682.321,6
682.427,0
682.533,0
682.639,34
682.745,24
682.851,3
682.958,0
683.064,16
683.17,12
683.276,0
683.382,2
683.488,19
683.595,92
683.701,188
683.807,128
683.913,20
684.019,0
684.125,0
684.231,0
684.338,11
684.444,3
684.55,0
684.656,13
684.762,21
684.868,11
684.975,10
685.081,3
685.187,0
685.293,3
685.399,3
685.505,2
685.611,0
685.718,14
685.824,0
685.93,2
686.036,0
686.142,0
686.248,7
686.355,14
686.461,4
686.567,7
686.673,0
686.779,12
686.885,0
686.991,0
687.098,0
687.204,8
687.31,0
687.416,0
687.522,0
687.628,18
687.735,0
687.841,0
687.947,14
688.053,10
688.159,0
688.265,0
688.371,14
688.478,14
688.584,16
688.69,17
688.796,0
688.902,2
689.008,15
689.114,0
689.221,0
689.327,21
689.433,5
689.539,1
689.645,0
689.751,7
689.857,19
689.964,6
690.07,0
690.176,4
690.282,7
690.388,0
690.494,0
690.6,0
690.707,26
690.813,0
690.919,0
691.025,0
691.131,8
691.237,15
691.343,13
691.45,11
691.556,8
691.662,0
691.768,0
691.874,20
691.98,0
692.086,8
692.193,0
692.299,23
692.405,0
692.511,3
692.617,0
692.723,27
692.829,4
692.935,0
693.042,0
693.148,0
693.254,0
693.36,0
693.466,0
693.572,0
693.678,5
693.785,0
693.891,0
693.997,4
694.103,7
694.209,0
694.315,0
694.421,7
694.527,0
694.634,0
694.74,4
694.846,16
694.952,0
695.058,0
695.164,26
695.27,0
695.376,0
695.483,0
695.589,3
695.695,0
695.801,10
695.907,0
696.013,0
696.119,5
696.225,0
696.332,13
696.438,0
696.544,0
696.65,15
696.756,0
696.862,8
696.968,0
697.074,3
697.181,15
697.287,0
697.393,0
697.499,13
697.605,24
697.711,0
697.817,0
697.923,13
698.03,0
698.136,0
698.242,0
698.348,5
698.454,0
698.56,2
698.666,0
698.772,0
698.879,6
698.985,41
699.091,3
699.197,0
699.303,0
699.409,11
699.515,0
