39.5139,0
39.7161,16
39.918,34
40.1196,19
40.3209,1
40.5218,0
40.7224,0
40.9227,20
41.1227,30
41.3224,2
41.5217,0
41.7208,28
41.9195,28
42.1179,12
42.316,0
42.5138,1
42.7113,3
42.9084,0
43.1053,0
43.3019,22
43.4982,0
43.6941,14
43.8898,6
44.0852,3
44.2803,0
44.4751,0
44.6696,12
44.8638,3
45.0577,0
45.2514,0
45.4447,0
45.6378,0
45.8306,0
46.0231,0
46.2153,0
46.4072,3
46.5989,17
46.7903,0
46.9814,14
47.1722,12
47.3628,4
47.5531,7
47.7431,8
47.9329,18
48.1223,0
48.3116,19
48.5005,0
48.6892,0
48.8776,16
49.0658,13
49.2537,0
49.4414,4
49.6288,8
49.8159,4
50.0028,9
50.1894,0
50.3757,0
50.5619,18
50.7477,19
50.9333,11
51.1187,0
51.3038,20
51.4887,40
51.6733,0
51.8577,18
52.0418,13
52.2257,0
52.4094,17
52.5928,0
52.7759,0
52.9589,14
53.1416,34
53.324,14
53.5062,25
53.6882,9
53.87,7
54.0515,4
54.2328,19
54.4138,0
54.5947,0
54.7753,2
54.9556,22
55.1358,0
55.3157,7
55.4954,1
55.6748,20
55.8541,6
56.0331,7
56.2119,27
56.3905,0
56.5688,7
56.747,0
56.9249,0
57.1026,1
57.2801,0
57.4574,0
57.6344,6
57.8113,1
57.9879,0
58.1643,1
58.3406,0
58.5166,0
58.6923,36
58.8679,33
59.0433,0
59.2185,0
59.3934,0
59.5682,0
59.7427,12
59.9171,4
60.0912,26
60.2652,15
60.4389,6
60.6125,40
60.7858,31
60.9589,8
61.1319,4
61.3046,12
61.4772,0
61.6495,15
61.8217,0
61.9936,0
62.1654,28
62.337,38
62.5084,0
62.6795,0
62.8505,10
63.0213,15
63.192,1
63.3624,2
63.5326,27
63.7027,22
63.8725,4
64.0422,5
64.2117,6
64.381,3
64.5502,0
64.7191,0
64.8878,0
65.0564,0
65.2248,8
65.393,0
65.5611,0
65.7289,8
65.8966,11
66.0641,20
66.2314,22
66.3985,0
66.5655,0
66.7323,0
66.8989,23
67.0653,5
67.2316,0
67.3977,23
67.5636,7
67.7293,0
67.8949,0
68.0603,24
68.2255,22
68.3906,4
68.5554,18
68.7202,0
68.8847,32
69.0491,8
69.2133,5
69.3774,0
69.5412,0
69.705,12
69.8685,0
70.0319,0
70.1951,0
70.3582,0
70.5211,0
70.6838,6
70.8464,9
71.0088,0
71.171,10
71.3331,15
71.4951,0
71.6568,0
71.8185,0
71.9799,0
72.1412,8
72.3023,14
72.4633,0
72.6242,0
72.7848,19
72.9453,13
73.1057,3
73.2659,0
73.426,13
73.5859,0
73.7456,4
73.9052,0
74.0647,0
74.224,0
74.3831,0
74.5421,21
74.7009,0
74.8596,0
75.0182,0
75.1766,0
75.3348,58
75.4929,34
75.6509,0
75.8087,0
75.9664,0
76.1239,11
76.2813,31
76.4385,15
76.5956,10
76.7525,21
76.9093,21
77.066,6
77.2225,0
77.3788,0
77.5351,0
77.6911,0
77.8471,18
78.0029,27
78.1586,25
78.3141,8
78.4695,6
78.6247,15
78.7798,26
78.9348,19
79.0896,11
79.2443,0
79.3989,0
79.5533,1
79.7076,8
79.8618,0
80.0158,8
80.1697,10
80.3234,0
80.477,12
80.6305,10
80.7838,33
80.9371,14
81.0901,0
81.2431,0
81.3959,7
81.5486,14
81.7012,0
81.8536,0
82.0059,14
82.1581,8
82.3101,8
82.462,0
82.6138,28
82.7654,7
82.917,11
83.0684,30
83.2196,0
83.3708,13
83.5218,0
83.6727,7
83.8234,30
83.9741,6
84.1246,16
84.275,12
84.4253,13
84.5754,0
84.7254,11
84.8753,21
85.0251,14
85.1747,0
85.3243,0
85.4737,21
85.623,6
85.7721,7
85.9212,13
86.0701,4
86.2189,1
86.3676,9
86.5161,0
86.6646,7
86.8129,12
86.9611,13
87.1092,36
87.2572,2
87.405,0
87.5527,0
87.7004,16
87.8479,18
87.9952,17
88.1425,0
88.2897,0
88.4367,0
88.5836,0
88.7304,2
88.8771,0
89.0237,5
89.1701,7
89.3165,10
89.4627,0
89.6089,1
89.7549,0
89.9008,10
90.0465,22
90.1922,0
90.3378,0
90.4832,57
90.6286,20
90.7738,0
90.9189,0
91.0639,0
91.2088,0
91.3536,0
91.4983,0
91.6429,9
91.7873,0
91.9317,18
92.0759,10
92.2201,10
92.3641,0
92.508,0
92.6518,0
92.7955,0
92.9391,0
93.0826,0
93.226,6
93.3693,0
93.5125,15
93.6555,10
93.7985,0
93.9414,16
94.0841,14
94.2268,5
94.3693,21
94.5118,17
94.6541,0
94.7964,0
94.9385,41
95.0805,0
95.2225,0
95.3643,0
95.506,16
95.6476,21
95.7892,0
95.9306,4
96.0719,41
96.2131,20
96.3543,11
96.4953,0
96.6362,0
96.777,12
96.9177,16
97.0584,0
97.1989,0
97.3393,14
97.4796,17
97.6199,0
97.76,0
97.9,11
98.04,0
98.1798,6
98.3195,5
98.4592,3
98.5987,0
98.7382,9
98.8775,21
99.0168,0
99.1559,21
99.295,0
99.434,6
99.5729,9
99.7116,0
99.8503,0
99.9889,0
100.127,13
100.266,24
100.404,3
100.542,24
100.68,0
100.818,0
100.956,0
101.094,28
101.232,23
101.37,1
101.507,0
101.645,16
101.782,37
101.919,14
102.057,0
102.194,5
102.331,8
102.468,4
102.605,22
102.741,0
102.878,9
103.014,28
103.151,0
103.287,21
103.424,3
103.56,0
103.696,0
103.832,20
103.968,4
104.104,0
104.24,0
104.375,0
104.511,32
104.646,39
104.782,0
104.917,17
105.052,0
105.188,0
105.323,0
105.458,0
105.592,16
105.727,14
105.862,0
105.997,0
106.131,0
106.266,0
106.4,2
106.534,10
106.669,4
106.803,6
106.937,0
107.071,17
107.205,18
107.338,0
107.472,2
107.606,0
107.739,6
107.873,0
108.006,6
108.139,1
108.273,22
108.406,0
108.539,2
108.672,24
108.805,19
108.938,11
109.07,6
109.203,0
109.336,18
109.468,5
109.6,0
109.733,0
109.865,0
109.997,0
110.129,0
110.261,6
110.393,5
110.525,19
110.657,0
110.788,0
110.92,0
111.052,12
111.183,18
111.314,9
111.446,12
111.577,3
111.708,0
111.839,19
111.97,12
112.101,0
112.232,2
112.363,14
112.493,8
112.624,0
112.754,0
112.885,0
113.015,0
113.145,11
113.276,7
113.406,0
113.536,0
113.666,17
113.796,13
113.926,0
114.055,0
114.185,0
114.315,6
114.444,10
114.574,21
114.703,15
114.832,31
114.962,5
115.091,3
115.22,8
115.349,19
115.478,0
115.607,4
115.735,9
115.864,0
115.993,0
116.121,4
116.25,2
116.378,22
116.507,9
116.635,8
116.763,2
116.891,20
117.019,22
117.147,0
117.275,0
117.403,0
117.531,0
117.659,17
117.786,13
117.914,0
118.041,26
118.169,0
118.296,8
118.423,29
118.551,26
118.678,0
118.805,0
118.932,18
119.059,0
119.186,8
119.312,1
119.439,2
119.566,0
119.692,0
119.819,5
119.945,0
120.072,0
120.198,0
120.324,8
120.451,0
120.577,0
120.703,10
120.829,0
120.955,0
121.08,29
121.206,15
121.332,0
121.458,20
121.583,0
121.709,0
121.834,0
121.959,38
122.085,19
122.21,0
122.335,0
122.46,10
122.585,3
122.71,10
122.835,7
122.96,13
123.085,11
123.209,6
123.334,6
123.459,0
123.583,2
123.708,0
123.832,11
123.956,0
124.081,0
124.205,0
124.329,20
124.453,0
124.577,0
124.701,0
124.825,10
124.949,20
125.072,10
125.196,0
125.32,3
125.443,0
125.567,1
125.69,2
125.814,0
125.937,2
126.06,20
126.183,0
126.306,1
126.429,0
126.552,0
126.675,14
126.798,12
126.921,9
127.044,1
127.166,0
127.289,39
127.412,0
127.534,0
127.657,0
127.779,36
127.901,0
128.023,8
128.146,0
128.268,29
128.39,18
128.512,16
128.634,2
128.756,5
128.878,0
128.999,0
129.121,0
129.243,12
129.364,0
129.486,8
129.607,0
129.729,1
129.85,0
129.971,0
130.092,42
130.214,17
130.335,0
130.456,0
130.577,0
130.698,5
130.819,4
130.939,4
131.06,0
131.181,0
131.302,13
131.422,0
131.543,0
131.663,0
131.784,0
131.904,10
132.024,0
132.144,1
132.265,2
132.385,22
132.505,0
132.625,2
132.745,27
132.865,4
132.985,4
133.104,10
133.224,28
133.344,0
133.463,4
133.583,0
133.702,10
133.822,14
133.941,3
134.061,20
134.18,2
134.299,0
134.418,102
134.537,110
134.656,47
134.775,6
134.894,0
135.013,5
135.132,0
135.251,0
135.369,0
135.488,8
135.607,12
135.725,6
135.844,0
135.962,0
136.081,11
136.199,0
136.317,0
136.436,0
136.554,2
136.672,0
136.79,0
136.908,14
137.026,0
137.144,17
137.262,10
137.379,13
137.497,24
137.615,13
137.733,10
137.85,0
137.968,0
138.085,0
138.203,0
138.32,15
138.437,0
138.555,0
138.672,2
138.789,0
138.906,8
139.023,0
139.14,4
139.257,28
139.374,2
139.491,0
139.608,13
139.724,15
139.841,0
139.958,1
140.074,0
140.191,0
140.307,0
140.424,6
140.54,11
140.657,28
140.773,4
140.889,13
141.005,26
141.121,8
141.237,3
141.353,0
141.469,2
141.585,14
141.701,0
141.817,0
141.933,1
142.049,11
142.164,0
142.28,0
142.396,4
142.511,13
142.627,26
142.742,20
142.857,6
142.973,0
143.088,0
143.203,1
143.318,0
143.434,0
143.549,0
143.664,0
143.779,5
143.894,7
144.008,0
144.123,4
144.238,16
144.353,15
144.468,11
144.582,11
144.697,23
144.811,5
144.926,5
145.04,0
145.155,0
145.269,29
145.383,23
145.498,0
145.612,15
145.726,0
145.84,0
145.954,4
146.068,8
146.182,0
146.296,0
146.41,0
146.524,0
146.638,13
146.751,3
146.865,0
146.979,2
147.092,5
147.206,0
147.319,0
147.433,0
147.546,22
147.66,0
147.773,11
147.886,0
148,0
148.113,48
148.226,0
148.339,0
148.452,0
148.565,0
148.678,0
148.791,0
148.904,8
149.016,0
149.129,12
149.242,4
149.355,3
149.467,10
149.58,0
149.692,0
149.805,8
149.917,10
150.03,0
150.142,8
150.254,8
150.367,0
150.479,9
150.591,0
150.703,0
150.815,7
150.927,4
151.039,0
151.151,14
151.263,6
151.375,17
151.487,0
151.599,0
151.711,13
151.822,0
151.934,0
152.045,0
152.157,0
152.269,0
152.38,25
152.491,0
152.603,4
152.714,20
152.825,13
152.937,23
153.048,19
153.159,0
153.27,41
153.381,40
153.492,8
153.603,2
153.714,2
153.825,0
153.936,3
154.047,4
154.158,0
154.268,0
154.379,16
154.49,0
154.6,0
154.711,0
154.822,5
154.932,1
155.042,12
155.153,0
155.263,7
155.374,0
155.484,19
155.594,0
155.704,0
155.814,0
155.924,3
156.035,12
156.145,0
156.255,11
156.364,18
156.474,0
156.584,0
156.694,17
156.804,25
156.914,12
157.023,0
157.133,14
157.243,0
157.352,1
157.462,0
157.571,4
157.681,0
157.79,0
157.899,0
158.009,0
158.118,0
158.227,10
158.336,7
158.446,0
158.555,0
158.664,26
158.773,2
158.882,0
158.991,0
159.1,0
159.209,32
159.317,104
159.426,24
159.535,0
159.644,19
159.752,26
159.861,2
159.97,6
160.078,20
160.187,24
160.295,1
160.404,0
160.512,0
160.62,0
160.729,0
160.837,4
160.945,34
161.053,0
161.162,0
161.27,30
161.378,19
161.486,8
161.594,0
161.702,30
161.81,14
161.918,9
162.026,0
162.133,0
162.241,22
162.349,9
162.457,0
162.564,0
162.672,10
162.779,9
162.887,3
162.994,25
163.102,21
163.209,0
163.317,11
163.424,5
163.531,9
163.639,1
163.746,0
163.853,0
163.96,0
164.067,0
164.175,36
164.282,24
164.389,0
164.496,2
164.603,8
164.709,0
164.816,0
164.923,0
165.03,0
165.137,2
165.243,0
165.35,0
165.457,0
165.563,1
165.67,3
165.776,0
165.883,0
165.989,0
166.096,0
166.202,21
166.309,38
166.415,14
166.521,0
166.627,6
166.734,3
166.84,0
166.946,5
167.052,8
167.158,0
167.264,0
167.37,0
167.476,17
167.582,14
167.688,27
167.794,6
167.899,0
168.005,12
168.111,28
168.217,0
168.322,0
168.428,4
168.533,4
168.639,0
168.745,9
168.85,21
168.955,30
169.061,2
169.166,0
169.272,8
169.377,27
169.482,0
169.587,0
169.693,27
169.798,26
169.903,0
170.008,17
170.113,0
170.218,6
170.323,0
170.428,0
170.533,1
170.638,17
170.743,15
170.847,0
170.952,22
171.057,14
171.162,0
171.266,2
171.371,0
171.476,12
171.58,23
171.685,16
171.789,0
171.894,0
171.998,5
172.102,0
172.207,0
172.311,5
172.415,14
172.52,14
172.624,0
172.728,7
172.832,11
172.936,0
173.04,1
173.145,20
173.249,24
173.353,2
173.457,0
173.56,23
173.664,0
173.768,0
173.872,0
173.976,35
174.08,0
174.183,0
174.287,0
174.391,13
174.494,0
174.598,0
174.701,34
174.805,43
174.908,7
175.012,0
175.115,0
175.219,4
175.322,0
175.425,17
175.529,0
175.632,0
175.735,0
175.838,0
175.941,3
176.045,0
176.148,0
176.251,23
176.354,0
176.457,0
176.56,4
176.663,2
176.766,3
176.868,7
176.971,0
177.074,7
177.177,18
177.28,0
177.382,23
177.485,0
177.588,20
177.69,48
177.793,45
177.895,11
177.998,0
178.1,0
178.203,0
178.305,0
178.408,0
178.51,11
178.612,10
178.714,0
178.817,0
178.919,11
179.021,28
179.123,7
179.225,0
179.328,11
179.43,16
179.532,28
179.634,0
179.736,7
179.838,1
179.939,0
180.041,0
180.143,0
180.245,0
180.347,35
180.449,0
180.55,1
180.652,0
180.754,13
180.855,0
180.957,2
181.058,0
181.16,0
181.262,4
181.363,0
181.464,0
181.566,16
181.667,8
181.769,22
181.87,0
181.971,5
182.072,6
182.174,0
182.275,0
182.376,28
182.477,4
182.578,0
182.679,16
182.78,0
182.881,0
182.982,0
183.083,0
183.184,3
183.285,0
183.386,19
183.487,21
183.588,0
183.689,13
183.789,15
183.89,2
183.991,0
184.091,0
184.192,0
184.293,8
184.393,0
184.494,0
184.594,12
184.695,0
184.795,7
184.896,34
184.996,22
185.096,6
185.197,8
185.297,0
185.397,0
185.498,0
185.598,1
185.698,6
185.798,0
185.898,24
185.998,1
186.098,0
186.198,0
186.298,0
186.398,8
186.498,8
186.598,1
186.698,9
186.798,7
186.898,0
186.998,0
187.098,0
187.197,0
187.297,0
187.397,19
187.496,0
187.596,0
187.696,30
187.795,24
187.895,0
187.994,13
188.094,12
188.193,0
188.293,0
188.392,10
188.491,16
188.591,0
188.69,0
188.789,10
188.889,0
188.988,0
189.087,14
189.186,1
189.285,0
189.385,0
189.484,1
189.583,10
189.682,0
189.781,0
189.88,19
189.979,8
190.078,0
190.177,9
190.276,2
190.374,23
190.473,7
190.572,0
190.671,0
190.769,0
190.868,6
190.967,26
191.066,0
191.164,8
191.263,31
191.361,8
191.46,28
191.558,34
191.657,10
191.755,15
191.854,0
191.952,19
192.051,0
192.149,0
192.247,20
192.346,0
192.444,0
192.542,0
192.64,19
192.738,4
192.837,0
192.935,0
193.033,19
193.131,0
193.229,8
193.327,0
193.425,3
193.523,19
193.621,46
193.719,18
193.817,24
193.915,86
194.012,44
194.11,41
194.208,0
194.306,0
194.404,15
194.501,5
194.599,0
194.697,3
194.794,29
194.892,32
194.989,0
195.087,0
195.185,0
195.282,10
195.379,11
195.477,0
195.574,0
195.672,11
195.769,0
195.866,14
195.964,4
196.061,0
196.158,0
196.256,0
196.353,0
196.45,0
196.547,16
196.644,13
196.741,0
196.838,5
196.935,0
197.032,0
197.129,0
197.226,0
197.323,1
197.42,0
197.517,5
197.614,2
197.711,15
197.808,18
197.905,9
198.001,0
198.098,11
198.195,0
198.292,14
198.388,21
198.485,0
198.581,0
198.678,0
198.775,20
198.871,19
198.968,10
199.064,18
199.161,0
199.257,3
199.353,28
199.45,0
199.546,2
199.643,18
199.739,18
199.835,0
199.931,4
200.028,2
200.124,14
200.22,0
200.316,8
200.412,2
200.509,0
200.605,2
200.701,17
200.797,0
200.893,10
200.989,0
201.085,14
201.181,0
201.277,6
201.372,1
201.468,5
201.564,0
201.66,12
201.756,12
201.852,2
201.947,0
202.043,4
202.139,22
202.234,0
202.33,0
202.426,14
202.521,2
202.617,4
202.712,17
202.808,0
202.903,10
202.999,8
203.094,0
203.19,7
203.285,0
203.381,0
203.476,0
203.571,0
203.667,11
203.762,4
203.857,0
203.952,16
204.048,25
204.143,14
204.238,0
204.333,0
204.428,24
204.523,33
204.618,23
204.713,7
204.808,0
204.903,5
204.998,6
205.093,0
205.188,1
205.283,21
205.378,4
205.473,1
205.568,0
205.663,18
205.757,34
205.852,0
205.947,0
206.042,11
206.136,28
206.231,17
206.326,11
206.42,0
206.515,11
206.609,19
206.704,0
206.798,27
206.893,9
206.987,27
207.082,16
207.176,7
207.271,23
207.365,29
207.459,0
207.554,30
207.648,66
207.742,49
207.837,0
207.931,0
208.025,0
208.119,11
208.214,1
208.308,1
208.402,0
208.496,36
208.59,0
208.684,0
208.778,8
208.872,0
208.966,8
209.06,0
209.154,1
209.248,11
209.342,3
209.436,0
209.53,4
209.624,6
209.717,12
209.811,0
209.905,28
209.999,21
210.092,0
210.186,38
210.28,20
210.374,0
210.467,0
210.561,12
210.654,36
210.748,11
210.842,13
210.935,0
211.029,0
211.122,7
211.215,6
211.309,0
211.402,0
211.496,23
211.589,9
211.682,0
211.776,6
211.869,19
211.962,0
212.056,0
212.149,21
212.242,18
212.335,0
212.428,0
212.522,6
212.615,24
212.708,12
212.801,3
212.894,4
212.987,0
213.08,10
213.173,21
213.266,37
213.359,5
213.452,4
213.545,3
213.638,0
213.731,0
213.823,0
213.916,50
214.009,2
214.102,2
214.195,0
214.287,0
214.38,0
214.473,0
214.565,0
214.658,39
214.751,19
214.843,57
214.936,49
215.028,4
215.121,0
215.214,16
215.306,0
215.399,0
215.491,0
215.583,1
215.676,0
215.768,27
215.861,2
215.953,8
216.045,2
216.138,24
216.23,0
216.322,0
216.414,1
216.507,0
216.599,0
216.691,0
216.783,21
216.875,6
216.968,13
217.06,4
217.152,0
217.244,14
217.336,0
217.428,0
217.52,0
217.612,12
217.704,0
217.796,13
217.888,0
217.98,14
218.071,8
218.163,37
218.255,19
218.347,3
218.439,5
218.53,0
218.622,21
218.714,0
218.806,23
218.897,15
218.989,1
219.081,13
219.172,0
219.264,9
219.355,0
219.447,0
219.539,25
219.63,18
219.722,2
219.813,0
219.905,42
219.996,11
220.087,0
220.179,7
220.27,15
220.362,3
220.453,0
220.544,0
220.636,0
220.727,0
220.818,0
220.909,18
221.001,11
221.092,20
221.183,0
221.274,31
221.365,3
221.456,0
221.547,1
221.638,12
221.73,30
221.821,0
221.912,26
222.003,0
222.094,3
222.185,25
222.276,0
222.366,3
222.457,0
222.548,0
222.639,13
222.73,1
222.821,0
222.912,0
223.002,29
223.093,10
223.184,8
223.275,0
223.365,8
223.456,19
223.547,11
223.637,19
223.728,0
223.818,0
223.909,18
224,13
224.09,0
224.181,0
224.271,40
224.362,0
224.452,0
224.543,0
224.633,8
224.723,0
224.814,16
224.904,15
224.995,16
225.085,0
225.175,15
225.266,5
225.356,19
225.446,0
225.536,19
225.627,0
225.717,9
225.807,7
225.897,36
225.987,9
226.077,0
226.167,24
226.258,19
226.348,0
226.438,12
226.528,0
226.618,0
226.708,33
226.798,21
226.888,20
226.978,15
227.067,12
227.157,18
227.247,7
227.337,17
227.427,0
227.517,0
227.607,0
227.696,0
227.786,2
227.876,1
227.966,3
228.055,5
228.145,0
228.235,11
228.324,0
228.414,21
228.504,0
228.593,7
228.683,1
228.772,17
228.862,0
228.951,0
229.041,0
229.13,22
229.22,8
229.309,0
229.399,10
229.488,0
229.577,0
229.667,6
229.756,27
229.845,20
229.935,0
230.024,0
230.113,14
230.203,19
230.292,0
230.381,11
230.47,0
230.559,3
230.649,29
230.738,13
230.827,0
230.916,34
231.005,26
231.094,0
231.183,0
231.272,0
231.361,0
231.45,0
231.539,4
231.628,29
231.717,6
231.806,0
231.895,0
231.984,24
232.073,42
232.162,0
232.251,0
232.339,8
232.428,0
232.517,0
232.606,0
232.695,0
232.783,2
232.872,24
232.961,24
233.049,0
233.138,14
233.227,0
233.315,0
233.404,0
233.493,18
233.581,0
233.67,0
233.758,24
233.847,16
233.935,0
234.024,24
234.112,0
234.201,0
234.289,13
234.378,4
234.466,0
234.554,0
234.643,0
234.731,3
234.819,6
234.908,0
234.996,9
235.084,6
235.172,0
235.261,7
235.349,5
235.437,8
235.525,4
235.613,4
235.702,0
235.79,27
235.878,5
235.966,0
236.054,15
236.142,11
236.23,10
236.318,4
236.406,23
236.494,24
236.582,13
236.67,1
236.758,23
236.846,21
236.934,0
237.022,0
237.11,0
237.198,20
237.285,23
237.373,0
237.461,27
237.549,18
237.637,0
237.724,12
237.812,0
237.9,0
237.988,4
238.075,0
238.163,0
238.251,0
238.338,0
238.426,0
238.513,0
238.601,0
238.689,0
238.776,0
238.864,22
238.951,18
239.039,18
239.126,14
239.214,0
239.301,19
239.389,9
239.476,10
239.563,14
239.651,0
239.738,0
239.826,4
239.913,17
240,33
240.087,0
240.175,23
240.262,14
240.349,5
240.437,0
240.524,0
240.611,0
240.698,0
240.785,49
240.872,26
240.96,0
241.047,0
241.134,0
241.221,10
241.308,8
241.395,0
241.482,9
241.569,0
241.656,9
241.743,0
241.83,0
241.917,0
242.004,0
242.091,7
242.178,0
242.265,0
242.352,0
242.438,5
242.525,24
242.612,0
242.699,0
242.786,27
242.872,0
242.959,17
243.046,0
243.133,17
243.219,0
243.306,0
243.393,3
243.479,7
243.566,1
243.653,155
243.739,137
243.826,54
243.912,23
243.999,0
244.086,6
244.172,0
244.259,30
244.345,1
244.432,13
244.518,17
244.605,12
244.691,0
244.777,0
244.864,4
244.95,2
245.037,0
245.123,23
245.209,0
245.296,8
245.382,0
245.468,1
245.554,10
245.641,0
245.727,12
245.813,0
245.899,0
245.986,5
246.072,36
246.158,6
246.244,8
246.33,13
246.416,0
246.502,0
246.589,10
246.675,18
246.761,0
246.847,0
246.933,10
247.019,25
247.105,0
247.191,3
247.277,0
247.363,7
247.449,6
247.534,0
247.62,0
247.706,13
247.792,7
247.878,0
247.964,2
248.05,8
248.135,11
248.221,17
248.307,0
248.393,10
248.479,74
248.564,113
248.65,44
248.736,0
248.821,4
248.907,0
248.993,0
249.078,23
249.164,0
249.25,11
249.335,0
249.421,21
249.506,12
249.592,0
249.677,0
249.763,0
249.848,0
249.934,13
250.019,0
250.105,0
250.19,0
250.276,19
250.361,0
250.446,0
250.532,7
250.617,22
250.703,11
250.788,3
250.873,4
250.959,8
251.044,0
251.129,0
251.214,0
251.3,0
251.385,26
251.47,19
251.555,0
251.64,0
251.726,0
251.811,0
251.896,13
251.981,19
252.066,11
252.151,2
252.236,10
252.321,0
252.406,30
252.491,0
252.576,0
252.661,13
252.746,0
252.831,0
252.916,0
253.001,14
253.086,2
253.171,0
253.256,0
253.341,17
253.426,34
253.511,28
253.596,13
253.68,20
253.765,6
253.85,0
253.935,33
254.02,0
254.104,0
254.189,0
254.274,7
254.358,0
254.443,0
254.528,0
254.613,0
254.697,13
254.782,0
254.866,28
254.951,25
255.036,15
255.12,4
255.205,0
255.289,34
255.374,11
255.458,9
255.543,0
255.627,0
255.712,19
255.796,6
255.881,0
255.965,18
256.05,0
256.134,1
256.218,7
256.303,14
256.387,5
256.472,0
256.556,2
256.64,5
256.724,5
256.809,0
256.893,29
256.977,0
257.062,0
257.146,0
257.23,11
257.314,0
257.398,0
257.483,30
257.567,11
257.651,32
257.735,0
257.819,0
257.903,49
257.987,28
258.071,0
258.156,0
258.24,0
258.324,0
258.408,14
258.492,11
258.576,8
258.66,28
258.744,12
258.828,9
258.911,16
258.995,12
259.079,0
259.163,0
259.247,0
259.331,4
259.415,5
259.499,12
259.582,10
259.666,0
259.75,12
259.834,0
259.918,20
260.001,0
260.085,8
260.169,9
260.253,0
260.336,25
260.42,4
260.504,0
260.587,0
260.671,8
260.755,23
260.838,0
260.922,0
261.005,7
261.089,0
261.173,12
261.256,14
261.34,7
261.423,0
261.507,13
261.59,19
261.674,7
261.757,0
261.841,0
261.924,11
262.007,0
262.091,6
262.174,0
262.258,20
262.341,0
262.424,14
262.508,0
262.591,22
262.674,58
262.758,29
262.841,0
262.924,0
263.008,6
263.091,6
263.174,5
263.257,41
263.34,16
263.424,8
263.507,20
263.59,74
263.673,55
263.756,13
263.839,6
263.923,0
264.006,4
264.089,0
264.172,8
264.255,6
264.338,0
264.421,30
264.504,10
264.587,0
264.67,18
264.753,2
264.836,34
264.919,24
265.002,0
265.085,0
265.168,45
265.251,7
265.333,0
265.416,38
265.499,0
265.582,7
265.665,0
265.748,0
265.831,0
265.913,4
265.996,29
266.079,0
266.162,0
266.244,35
266.327,32
266.41,11
266.493,0
266.575,8
266.658,39
266.741,0
266.823,0
266.906,24
266.989,18
267.071,0
267.154,0
267.236,8
267.319,0
267.402,10
267.484,23
267.567,18
267.649,0
267.732,13
267.814,11
267.897,0
267.979,0
268.062,0
268.144,0
268.226,0
268.309,0
268.391,0
268.474,4
268.556,38
268.638,15
268.721,15
268.803,2
268.885,0
268.968,2
269.05,0
269.132,0
269.215,0
269.297,4
269.379,19
269.461,0
269.544,0
269.626,32
269.708,16
269.79,0
269.872,9
269.955,21
270.037,11
270.119,22
270.201,12
270.283,27
270.365,23
270.447,20
270.529,9
270.611,53
270.694,37
270.776,24
270.858,0
270.94,5
271.022,18
271.104,13
271.186,0
271.268,11
271.349,41
271.431,11
271.513,0
271.595,0
271.677,0
271.759,0
271.841,8
271.923,0
272.005,0
272.086,15
272.168,21
272.25,20
272.332,0
272.414,5
272.495,0
272.577,10
272.659,7
272.741,0
272.822,0
272.904,0
272.986,9
273.068,0
273.149,12
273.231,23
273.313,0
273.394,9
273.476,38
273.557,18
273.639,0
273.721,2
273.802,49
273.884,29
273.965,46
274.047,44
274.128,9
274.21,27
274.291,0
274.373,0
274.454,42
274.536,35
274.617,13
274.699,3
274.78,0
274.862,4
274.943,0
275.024,21
275.106,16
275.187,6
275.269,0
275.35,0
275.431,0
275.513,0
275.594,0
275.675,4
275.756,0
275.838,6
275.919,0
276,7
276.082,12
276.163,20
276.244,13
276.325,0
276.406,11
276.488,15
276.569,0
276.65,15
276.731,1
276.812,12
276.893,0
276.974,4
277.055,0
277.137,0
277.218,0
277.299,0
277.38,5
277.461,14
277.542,9
277.623,19
277.704,0
277.785,0
277.866,0
277.947,13
278.028,0
278.109,0
278.19,16
278.27,12
278.351,0
278.432,0
278.513,0
278.594,0
278.675,0
278.756,14
278.837,0
278.917,0
278.998,5
279.079,6
279.16,2
279.241,3
279.321,0
279.402,16
279.483,34
279.564,28
279.644,0
279.725,0
279.806,0
279.886,0
279.967,17
280.048,0
280.128,28
280.209,6
280.29,0
280.37,0
280.451,12
280.531,19
280.612,0
280.693,0
280.773,3
280.854,3
280.934,27
281.015,27
281.095,21
281.176,23
281.256,0
281.337,15
281.417,5
281.498,0
281.578,0
281.659,15
281.739,19
281.819,0
281.9,22
281.98,10
282.061,0
282.141,4
282.221,23
282.302,5
282.382,0
282.462,0
282.543,45
282.623,32
282.703,0
282.783,0
282.864,12
282.944,0
283.024,0
283.104,0
283.185,0
283.265,11
283.345,25
283.425,6
283.505,0
283.585,19
283.666,1
283.746,0
283.826,0
283.906,0
283.986,5
284.066,0
284.146,0
284.226,0
284.306,20
284.386,11
284.466,0
284.546,0
284.626,0
284.706,36
284.786,0
284.866,0
284.946,0
285.026,37
285.106,20
285.186,18
285.266,9
285.346,0
285.426,7
285.506,16
285.586,0
285.666,18
285.745,31
285.825,0
285.905,0
285.985,0
286.065,40
286.145,19
286.224,0
286.304,21
286.384,3
286.464,31
286.543,5
286.623,12
286.703,24
286.783,16
286.862,21
286.942,0
287.022,16
287.101,8
287.181,24
287.261,0
287.34,0
287.42,1
287.5,0
287.579,8
287.659,0
287.738,0
287.818,4
287.897,19
287.977,22
288.057,2
288.136,0
288.216,2
288.295,16
288.375,6
288.454,20
288.534,11
288.613,10
288.692,0
288.772,0
288.851,17
288.931,19
289.01,0
289.09,0
289.169,2
289.248,3
289.328,16
289.407,0
289.486,4
289.566,12
289.645,13
289.724,12
289.804,22
289.883,0
289.962,0
290.042,1
290.121,7
290.2,74
290.279,80
290.359,0
290.438,7
290.517,102
290.596,52
290.675,0
290.755,0
290.834,0
290.913,18
290.992,0
291.071,0
291.15,0
291.229,24
291.308,0
291.388,16
291.467,3
291.546,20
291.625,0
291.704,0
291.783,1
291.862,2
291.941,0
292.02,5
292.099,24
292.178,0
292.257,20
292.336,21
292.415,0
292.494,0
292.573,5
292.652,13
292.73,0
292.809,0
292.888,12
292.967,19
293.046,0
293.125,0
293.204,7
293.283,0
293.361,0
293.44,1
293.519,19
293.598,15
293.677,16
293.755,34
293.834,23
293.913,0
293.992,25
294.07,6
294.149,1
294.228,17
294.307,22
294.385,0
294.464,0
294.543,5
294.621,8
294.7,5
294.779,14
294.857,9
294.936,30
295.014,89
295.093,60
295.172,8
295.25,0
295.329,0
295.407,0
295.486,10
295.564,0
295.643,3
295.722,3
295.8,15
295.879,17
295.957,65
296.036,49
296.114,15
296.192,0
296.271,0
296.349,0
296.428,0
296.506,18
296.585,12
296.663,0
296.741,8
296.82,26
296.898,0
296.977,3
297.055,18
297.133,22
297.212,0
297.29,15
297.368,0
297.446,0
297.525,0
297.603,0
297.681,0
297.76,9
297.838,0
297.916,17
297.994,5
298.073,7
298.151,0
298.229,0
298.307,8
298.385,117
298.463,79
298.542,33
298.62,12
298.698,0
298.776,5
298.854,9
298.932,15
299.01,23
299.088,19
299.167,2
299.245,14
299.323,0
299.401,0
299.479,0
299.557,0
299.635,0
299.713,16
299.791,17
299.869,1
299.947,0
300.025,0
300.103,0
300.181,11
300.259,36
300.337,9
300.415,31
300.492,16
300.57,0
300.648,0
300.726,0
300.804,5
300.882,0
300.96,0
301.038,0
301.115,7
301.193,0
301.271,0
301.349,11
301.427,0
301.504,36
301.582,29
301.66,1
301.738,8
301.816,0
301.893,0
301.971,8
302.049,0
302.126,9
302.204,0
302.282,0
302.36,25
302.437,0
302.515,0
302.593,4
302.67,16
302.748,15
302.825,2
302.903,0
302.981,19
303.058,17
303.136,0
303.213,0
303.291,0
303.369,2
303.446,2
303.524,9
303.601,0
303.679,0
303.756,7
303.834,19
303.911,0
303.989,0
304.066,6
304.144,0
304.221,0
304.299,0
304.376,0
304.453,17
304.531,9
304.608,0
304.686,3
304.763,0
304.84,7
304.918,10
304.995,0
305.072,26
305.15,14
305.227,0
305.304,0
305.382,7
305.459,0
305.536,0
305.614,0
305.691,9
305.768,11
305.845,0
305.923,0
306,0
306.077,0
306.154,33
306.232,15
306.309,0
306.386,0
306.463,0
306.54,8
306.618,15
306.695,0
306.772,2
306.849,10
306.926,25
307.003,0
307.08,0
307.157,12
307.234,0
307.312,17
307.389,6
307.466,4
307.543,11
307.62,2
307.697,3
307.774,1
307.851,2
307.928,19
308.005,0
308.082,0
308.159,0
308.236,0
308.313,0
308.39,0
308.467,6
308.544,5
308.621,0
308.697,0
308.774,0
308.851,8
308.928,24
309.005,0
309.082,0
309.159,0
309.236,2
309.312,0
309.389,0
309.466,0
309.543,0
309.62,38
309.697,3
309.773,0
309.85,0
309.927,5
310.004,0
310.08,0
310.157,13
310.234,11
310.311,0
310.387,0
310.464,6
310.541,0
310.617,1
310.694,0
310.771,11
310.847,14
310.924,2
311.001,0
311.077,20
311.154,13
311.231,5
311.307,0
311.384,0
311.46,1
311.537,0
311.614,0
311.69,0
311.767,0
311.843,2
311.92,0
311.996,17
312.073,0
312.149,0
312.226,0
312.302,20
312.379,0
312.455,0
312.532,0
312.608,0
312.685,38
312.761,103
312.838,90
312.914,23
312.99,3
313.067,0
313.143,0
313.22,0
313.296,4
313.372,34
313.449,7
313.525,0
313.601,21
313.678,0
313.754,0
313.83,20
313.907,32
313.983,0
314.059,0
314.136,1
314.212,0
314.288,11
314.364,12
314.441,15
314.517,0
314.593,34
314.669,106
314.746,76
314.822,25
314.898,0
314.974,0
315.05,6
315.127,2
315.203,3
315.279,0
315.355,0
315.431,4
315.507,21
315.583,0
315.66,8
315.736,6
315.812,3
315.888,15
315.964,0
316.04,9
316.116,13
316.192,0
316.268,0
316.344,34
316.42,0
316.496,10
316.572,19
316.648,20
316.724,51
316.8,146
316.876,103
316.952,26
317.028,0
317.104,0
317.18,0
317.256,0
317.332,4
317.408,0
317.484,0
317.56,7
317.635,0
317.711,12
317.787,0
317.863,5
317.939,27
318.015,22
318.091,13
318.166,51
318.242,83
318.318,44
318.394,0
318.47,10
318.546,0
318.621,0
318.697,13
318.773,0
318.849,12
318.924,0
319,5
319.076,30
319.152,0
319.227,16
319.303,17
319.379,0
319.454,0
319.53,0
319.606,35
319.681,39
319.757,0
319.833,0
319.908,11
319.984,9
320.06,0
320.135,0
320.211,19
320.286,14
320.362,0
320.438,1
320.513,0
320.589,11
320.664,0
320.74,0
320.815,12
320.891,0
320.966,19
321.042,0
321.117,24
321.193,0
321.268,0
321.344,0
321.419,27
321.495,27
321.57,0
321.646,0
321.721,15
321.797,9
321.872,12
321.947,0
322.023,13
322.098,8
322.174,34
322.249,12
322.324,0
322.4,4
322.475,0
322.55,0
322.626,18
322.701,0
322.776,0
322.852,2
322.927,0
323.002,0
323.078,6
323.153,0
323.228,0
323.304,22
323.379,38
323.454,4
323.529,1
323.605,28
323.68,27
323.755,0
323.83,2
323.905,13
323.981,0
324.056,0
324.131,0
324.206,0
324.281,0
324.356,11
324.432,7
324.507,0
324.582,0
324.657,0
324.732,24
324.807,0
324.882,0
324.957,0
325.033,10
325.108,0
325.183,0
325.258,20
325.333,5
325.408,1
325.483,4
325.558,0
325.633,0
325.708,0
325.783,0
325.858,0
325.933,0
326.008,0
326.083,1
326.158,0
326.233,0
326.308,0
326.383,0
326.458,14
326.533,0
326.608,0
326.682,34
326.757,0
326.832,0
326.907,2
326.982,8
327.057,0
327.132,0
327.207,1
327.281,16
327.356,0
327.431,19
327.506,0
327.581,14
327.656,0
327.73,1
327.805,4
327.88,0
327.955,6
328.03,12
328.104,17
328.179,0
328.254,0
328.329,7
328.403,4
328.478,17
328.553,33
328.627,4
328.702,0
328.777,58
328.852,19
328.926,36
329.001,17
329.076,0
329.15,0
329.225,10
329.3,0
329.374,4
329.449,9
329.523,8
329.598,12
329.673,29
329.747,0
329.822,0
329.896,3
329.971,0
330.045,1
330.12,2
330.195,10
330.269,40
330.344,46
330.418,29
330.493,12
330.567,0
330.642,0
330.716,19
330.791,0
330.865,2
330.94,11
331.014,25
331.089,20
331.163,12
331.237,4
331.312,6
331.386,1
331.461,0
331.535,0
331.61,0
331.684,4
331.758,16
331.833,0
331.907,0
331.981,41
332.056,13
332.13,10
332.205,0
332.279,0
332.353,0
332.428,14
332.502,0
332.576,0
332.65,30
332.725,28
332.799,0
332.873,0
332.948,12
333.022,0
333.096,19
333.17,16
333.245,0
333.319,4
333.393,0
333.467,0
333.541,7
333.616,0
333.69,0
333.764,0
333.838,0
333.912,0
333.987,0
334.061,8
334.135,0
334.209,0
334.283,1
334.357,0
334.431,0
334.506,0
334.58,7
334.654,8
334.728,11
334.802,0
334.876,0
334.95,18
335.024,18
335.098,18
335.172,0
335.246,4
335.32,22
335.394,13
335.468,13
335.542,0
335.616,20
335.69,26
335.764,0
335.838,0
335.912,15
335.986,0
336.06,1
336.134,15
336.208,0
336.282,0
336.356,27
336.43,16
336.504,0
336.578,0
336.652,0
336.726,14
336.799,0
336.873,7
336.947,0
337.021,8
337.095,30
337.169,11
337.243,2
337.316,5
337.39,34
337.464,53
337.538,8
337.612,9
337.686,29
337.759,37
337.833,0
337.907,0
337.981,8
338.054,29
338.128,0
338.202,0
338.276,23
338.349,0
338.423,0
338.497,10
338.571,4
338.644,7
338.718,0
338.792,0
338.865,10
338.939,0
339.013,0
339.086,0
339.16,0
339.234,31
339.307,0
339.381,0
339.455,0
339.528,8
339.602,0
339.675,0
339.749,28
339.823,80
339.896,22
339.97,18
340.043,0
340.117,16
340.191,0
340.264,9
340.338,54
340.411,105
340.485,91
340.558,41
340.632,34
340.705,28
340.779,2
340.852,3
340.926,22
340.999,0
341.073,19
341.146,0
341.22,0
341.293,0
341.367,17
341.44,1
341.513,15
341.587,27
341.66,53
341.734,18
341.807,31
341.88,4
341.954,0
342.027,0
342.101,2
342.174,7
342.247,48
342.321,129
342.394,164
342.467,72
342.541,108
342.614,136
342.687,380
342.761,306
342.834,135
342.907,34
342.981,0
343.054,0
343.127,0
343.2,23
343.274,1
343.347,8
343.42,9
343.494,44
343.567,7
343.64,0
343.713,33
343.786,14
343.86,15
343.933,0
344.006,8
344.079,25
344.152,13
344.226,0
344.299,0
344.372,0
344.445,0
344.518,17
344.591,0
344.665,26
344.738,146
344.811,125
344.884,46
344.957,11
345.03,0
345.103,6
345.176,160
345.249,198
345.322,83
345.396,4
345.469,0
345.542,0
345.615,14
345.688,11
345.761,13
345.834,6
345.907,3
345.98,11
346.053,0
346.126,17
346.199,3
346.272,16
346.345,30
346.418,16
346.491,5
346.564,0
346.637,15
346.71,15
346.783,6
346.856,0
346.929,14
347.001,28
347.074,0
347.147,0
347.22,19
347.293,4
347.366,1
347.439,19
347.512,0
347.585,4
347.657,0
347.73,0
347.803,6
347.876,0
347.949,0
348.022,10
348.094,11
348.167,22
348.24,17
348.313,25
348.386,7
348.458,15
348.531,0
348.604,0
348.677,0
348.75,0
348.822,0
348.895,0
348.968,0
349.041,40
349.113,28
349.186,0
349.259,0
349.331,0
349.404,0
349.477,4
349.55,12
349.622,112
349.695,115
349.768,45
349.84,5
349.913,0
349.986,0
350.058,0
350.131,17
350.204,0
350.276,0
350.349,0
350.421,4
350.494,21
350.567,0
350.639,0
350.712,0
350.784,17
350.857,36
350.929,22
351.002,29
351.075,38
351.147,0
351.22,2
351.292,4
351.365,0
351.437,0
351.51,0
351.582,0
351.655,0
351.727,6
351.8,0
351.872,0
351.945,0
352.017,12
352.09,0
352.162,8
352.235,0
352.307,19
352.38,0
352.452,0
352.524,0
352.597,29
352.669,2
352.742,0
352.814,12
352.886,28
352.959,24
353.031,7
353.104,29
353.176,0
353.248,0
353.321,7
353.393,16
353.465,16
353.538,0
353.61,2
353.682,21
353.755,0
353.827,31
353.899,0
353.972,20
354.044,5
354.116,6
354.188,0
354.261,0
354.333,0
354.405,24
354.478,0
354.55,0
354.622,1
354.694,6
354.767,30
354.839,11
354.911,25
354.983,0
355.055,0
355.128,16
355.2,3
355.272,0
355.344,1
355.416,0
355.489,4
355.561,0
355.633,0
355.705,0
355.777,0
355.849,0
355.921,18
355.994,20
356.066,29
356.138,0
356.21,0
356.282,28
356.354,13
356.426,30
356.498,12
356.57,10
356.642,24
356.714,0
356.787,4
356.859,17
356.931,0
357.003,4
357.075,0
357.147,8
357.219,24
357.291,6
357.363,10
357.435,0
357.507,4
357.579,18
357.651,0
357.723,0
357.795,2
357.867,0
357.939,4
358.011,8
358.083,0
358.154,0
358.226,36
358.298,22
358.37,0
358.442,0
358.514,12
358.586,4
358.658,0
358.73,0
358.802,1
358.874,0
358.945,0
359.017,0
359.089,10
359.161,37
359.233,5
359.305,16
359.377,19
359.448,0
359.52,13
359.592,8
359.664,0
359.736,0
359.807,0
359.879,18
359.951,30
360.023,0
360.095,0
360.166,9
360.238,11
360.31,13
360.382,0
360.453,0
360.525,0
360.597,31
360.669,3
360.74,3
360.812,11
360.884,13
360.956,3
361.027,34
361.099,5
361.171,21
361.242,10
361.314,2
361.386,40
361.457,10
361.529,4
361.601,0
361.672,0
361.744,10
361.816,0
361.887,17
361.959,0
362.03,0
362.102,0
362.174,32
362.245,92
362.317,97
362.388,63
362.46,21
362.532,0
362.603,0
362.675,0
362.746,19
362.818,0
362.889,0
362.961,19
363.032,0
363.104,0
363.176,0
363.247,6
363.319,2
363.39,1
363.462,2
363.533,43
363.605,30
363.676,4
363.748,9
363.819,0
363.89,12
363.962,12
364.033,8
364.105,4
364.176,3
364.248,4
364.319,6
364.391,20
364.462,6
364.533,5
364.605,14
364.676,8
364.748,0
364.819,0
364.89,0
364.962,5
365.033,8
365.104,0
365.176,18
365.247,0
365.319,0
365.39,21
365.461,24
365.533,0
365.604,0
365.675,45
365.747,52
365.818,43
365.889,4
365.96,0
366.032,19
366.103,7
366.174,22
366.246,6
366.317,2
366.388,4
366.459,4
366.531,9
366.602,0
366.673,4
366.744,1
366.816,10
366.887,0
366.958,11
367.029,2
367.1,10
367.172,2
367.243,8
367.314,39
367.385,0
367.456,0
367.528,18
367.599,20
367.67,0
367.741,4
367.812,0
367.883,15
367.955,0
368.026,24
368.097,11
368.168,8
368.239,0
368.31,7
368.381,4
368.452,0
368.523,0
368.595,39
368.666,4
368.737,8
368.808,0
368.879,0
368.95,15
369.021,8
369.092,20
369.163,3
369.234,30
369.305,17
369.376,6
369.447,2
369.518,20
369.589,0
369.66,7
369.731,15
369.802,0
369.873,5
369.944,0
370.015,20
370.086,0
370.157,0
370.228,44
370.299,62
370.37,32
370.441,54
370.512,0
370.583,19
370.654,0
370.725,0
370.796,20
370.866,0
370.937,9
371.008,0
371.079,0
371.15,0
371.221,32
371.292,6
371.363,20
371.434,0
371.504,0
371.575,3
371.646,28
371.717,60
371.788,36
371.859,13
371.93,26
372,0
372.071,21
372.142,33
372.213,20
372.284,42
372.354,0
372.425,5
372.496,39
372.567,26
372.638,8
372.708,0
372.779,41
372.85,15
372.921,0
372.991,3
373.062,7
373.133,0
373.204,2
373.274,14
373.345,5
373.416,20
373.486,22
373.557,5
373.628,5
373.699,9
373.769,2
373.84,1
373.911,0
373.981,10
374.052,16
374.123,17
374.193,0
374.264,0
374.335,0
374.405,0
374.476,29
374.546,3
374.617,10
374.688,8
374.758,22
374.829,32
374.9,11
374.97,0
375.041,0
375.111,0
375.182,20
375.252,51
375.323,59
375.394,30
375.464,8
375.535,0
375.605,0
375.676,13
375.746,17
375.817,0
375.887,0
375.958,5
376.028,0
376.099,5
376.17,15
376.24,0
376.311,0
376.381,17
376.451,9
376.522,21
376.592,0
376.663,8
376.733,12
376.804,0
376.874,0
376.945,0
377.015,0
377.086,11
377.156,4
377.227,0
377.297,0
377.367,16
377.438,12
377.508,1
377.579,0
377.649,13
377.719,0
377.79,0
377.86,9
377.931,8
378.001,18
378.071,0
378.142,14
378.212,14
378.282,0
378.353,17
378.423,0
378.493,11
378.564,0
378.634,0
378.704,0
378.775,0
378.845,16
378.915,0
378.986,15
379.056,6
379.126,8
379.196,0
379.267,18
379.337,0
379.407,0
379.478,0
379.548,47
379.618,13
379.688,0
379.759,9
379.829,18
379.899,21
379.969,0
380.04,0
380.11,6
380.18,29
380.25,4
380.32,12
380.391,0
380.461,0
380.531,0
380.601,29
380.671,2
380.741,18
380.812,0
380.882,17
380.952,0
381.022,19
381.092,0
381.162,0
381.233,10
381.303,24
381.373,16
381.443,12
381.513,0
381.583,124
381.653,179
381.723,84
381.793,10
381.864,0
381.934,0
382.004,0
382.074,17
382.144,20
382.214,0
382.284,0
382.354,0
382.424,0
382.494,26
382.564,2
382.634,2
382.704,0
382.774,0
382.844,0
382.914,17
382.984,19
383.054,21
383.124,8
383.194,13
383.264,16
383.334,15
383.404,19
383.474,10
383.544,5
383.614,32
383.684,15
383.754,2
383.824,10
383.894,36
383.964,0
384.034,30
384.104,15
384.174,0
384.244,14
384.314,0
384.384,9
384.453,1
384.523,19
384.593,0
384.663,0
384.733,16
384.803,0
384.873,1
384.943,24
385.013,0
385.082,49
385.152,47
385.222,27
385.292,0
385.362,16
385.432,0
385.502,0
385.571,0
385.641,2
385.711,0
385.781,0
385.851,0
385.92,0
385.99,2
386.06,0
386.13,8
386.2,10
386.269,8
386.339,0
386.409,0
386.479,0
386.548,35
386.618,34
386.688,0
386.758,0
386.827,0
386.897,0
386.967,13
387.037,0
387.106,31
387.176,23
387.246,6
387.316,1
387.385,6
387.455,0
387.525,1
387.594,13
387.664,4
387.734,21
387.803,0
387.873,0
387.943,0
388.012,6
388.082,9
388.152,20
388.221,20
388.291,22
388.361,0
388.43,2
388.5,0
388.569,0
388.639,26
388.709,0
388.778,11
388.848,67
388.918,38
388.987,4
389.057,0
389.126,0
389.196,3
389.265,0
389.335,0
389.405,21
389.474,13
389.544,15
389.613,0
389.683,22
389.752,11
389.822,0
389.891,0
389.961,0
390.03,5
390.1,2
390.169,0
390.239,11
390.309,17
390.378,6
390.448,17
390.517,0
390.586,1
390.656,7
390.725,10
390.795,0
390.864,5
390.934,0
391.003,30
391.073,0
391.142,0
391.212,26
391.281,18
391.351,2
391.42,26
391.489,3
391.559,4
391.628,2
391.698,7
391.767,0
391.836,9
391.906,9
391.975,0
392.045,0
392.114,14
392.183,0
392.253,0
392.322,7
392.391,0
392.461,29
392.53,20
392.6,0
392.669,0
392.738,0
392.808,3
392.877,11
392.946,0
393.016,8
393.085,1
393.154,10
393.224,8
393.293,0
393.362,0
393.431,0
393.501,19
393.57,16
393.639,20
393.709,0
393.778,30
393.847,0
393.916,0
393.986,0
394.055,4
394.124,0
394.193,10
394.263,0
394.332,5
394.401,32
394.47,15
394.54,11
394.609,0
394.678,1
394.747,29
394.816,10
394.886,0
394.955,2
395.024,1
395.093,0
395.162,0
395.232,0
395.301,16
395.37,27
395.439,15
395.508,10
395.577,0
395.647,4
395.716,0
395.785,2
395.854,15
395.923,0
395.992,0
396.061,0
396.13,22
396.2,0
396.269,0
396.338,12
396.407,11
396.476,5
396.545,4
396.614,7
396.683,0
396.752,21
396.821,12
396.89,0
396.96,12
397.029,0
397.098,12
397.167,12
397.236,0
397.305,0
397.374,4
397.443,2
397.512,0
397.581,8
397.65,0
397.719,1
397.788,0
397.857,0
397.926,22
397.995,17
398.064,2
398.133,19
398.202,0
398.271,5
398.34,8
398.409,0
398.478,0
398.547,25
398.616,4
398.685,12
398.754,0
398.823,7
398.892,3
398.961,14
399.029,13
399.098,0
399.167,14
399.236,0
399.305,0
399.374,5
399.443,0
399.512,2
399.581,0
399.65,0
399.719,0
399.787,0
399.856,31
399.925,0
399.994,2
400.063,2
400.132,5
400.201,0
400.27,1
400.338,0
400.407,33
400.476,0
400.545,0
400.614,0
400.683,18
400.751,24
400.82,59
400.889,67
400.958,20
401.027,14
401.096,1
401.164,0
401.233,12
401.302,17
401.371,13
401.439,0
401.508,22
401.577,0
401.646,0
401.715,3
401.783,0
401.852,0
401.921,4
401.99,1
402.058,0
402.127,17
402.196,3
402.265,6
402.333,0
402.402,4
402.471,3
402.539,2
402.608,7
402.677,0
402.746,0
402.814,5
402.883,7
402.952,0
403.02,0
403.089,28
403.158,30
403.226,18
403.295,0
403.364,0
403.432,14
403.501,4
403.57,0
403.638,10
403.707,0
403.776,0
403.844,18
403.913,0
403.981,1
404.05,13
404.119,3
404.187,0
404.256,28
404.325,29
404.393,0
404.462,0
404.53,0
404.599,11
404.667,11
404.736,98
404.805,57
404.873,33
404.942,0
405.01,0
405.079,0
405.147,14
405.216,0
405.285,0
405.353,12
405.422,7
405.49,3
405.559,0
405.627,6
405.696,10
405.764,0
405.833,0
405.901,9
405.97,0
406.038,15
406.107,0
406.175,19
406.244,0
406.312,15
406.381,47
406.449,13
406.518,0
406.586,24
406.655,0
406.723,8
406.792,1
406.86,0
406.928,0
406.997,39
407.065,16
407.134,0
407.202,0
407.271,5
407.339,2
407.407,0
407.476,0
407.544,0
407.613,0
407.681,3
407.75,13
407.818,16
407.886,0
407.955,3
408.023,11
408.091,0
408.16,0
408.228,0
408.297,13
408.365,0
408.433,0
408.502,0
408.57,30
408.638,0
408.707,0
408.775,30
408.843,41
408.912,0
408.98,4
409.048,0
409.117,0
409.185,0
409.253,26
409.322,8
409.39,1
409.458,2
409.527,0
409.595,4
409.663,12
409.731,11
409.8,0
409.868,0
409.936,0
410.004,17
410.073,0
410.141,19
410.209,42
410.277,0
410.346,25
410.414,0
410.482,0
410.55,10
410.619,0
410.687,25
410.755,7
410.823,16
410.892,36
410.96,109
411.028,62
411.096,0
411.164,11
411.233,0
411.301,19
411.369,8
411.437,10
411.505,9
411.574,14
411.642,0
411.71,13
411.778,11
411.846,2
411.914,0
411.982,0
412.051,7
412.119,0
412.187,26
412.255,7
412.323,4
412.391,0
412.459,10
412.528,20
412.596,0
412.664,0
412.732,4
412.8,6
412.868,0
412.936,3
413.004,23
413.072,2
413.14,0
413.209,0
413.277,9
413.345,3
413.413,0
413.481,0
413.549,0
413.617,10
413.685,29
413.753,0
413.821,0
413.889,7
413.957,0
414.025,0
414.093,30
414.161,29
414.229,0
414.297,0
414.365,0
414.433,0
414.501,23
414.569,0
414.637,0
414.705,37
414.773,26
414.841,25
414.909,0
414.977,17
415.045,4
415.113,0
415.181,9
415.249,10
415.317,0
415.385,0
415.453,9
415.521,21
415.589,0
415.657,11
415.725,24
415.793,13
415.861,0
415.929,0
415.997,8
416.065,7
416.132,5
416.2,0
416.268,10
416.336,39
416.404,0
416.472,10
416.54,43
416.608,30
416.676,17
416.744,16
416.811,36
416.879,0
416.947,0
417.015,0
417.083,15
417.151,24
417.219,0
417.287,2
417.354,39
417.422,25
417.49,0
417.558,0
417.626,2
417.694,25
417.761,0
417.829,1
417.897,0
417.965,10
418.033,0
418.1,7
418.168,5
418.236,0
418.304,11
418.372,28
418.439,0
418.507,0
418.575,25
418.643,43
418.711,28
418.778,16
418.846,1
418.914,25
418.982,0
419.049,0
419.117,0
419.185,0
419.253,0
419.32,20
419.388,0
419.456,2
419.524,0
419.591,13
419.659,3
419.727,3
419.795,35
419.862,12
419.93,4
419.998,3
420.065,3
420.133,0
420.201,12
420.268,20
420.336,12
420.404,0
420.471,2
420.539,26
420.607,16
420.674,3
420.742,0
420.81,0
420.877,25
420.945,35
421.013,2
421.08,0
421.148,0
421.216,12
421.283,0
421.351,0
421.419,9
421.486,0
421.554,6
421.621,0
421.689,0
421.757,24
421.824,0
421.892,2
421.96,14
422.027,0
422.095,37
422.162,17
422.23,0
422.297,0
422.365,0
422.433,0
422.5,7
422.568,41
422.635,0
422.703,0
422.77,12
422.838,9
422.906,0
422.973,0
423.041,13
423.108,2
423.176,0
423.243,0
423.311,0
423.378,12
423.446,0
423.513,0
423.581,28
423.648,0
423.716,0
423.783,12
423.851,0
423.918,22
423.986,18
424.053,9
424.121,0
424.188,1
424.256,0
424.323,10
424.391,4
424.458,0
424.526,11
424.593,6
424.661,0
424.728,9
424.796,25
424.863,0
424.93,22
424.998,28
425.065,0
425.133,0
425.2,0
425.268,0
425.335,65
425.402,53
425.47,38
425.537,0
425.605,1
425.672,41
425.74,8
425.807,8
425.874,28
425.942,0
426.009,0
426.076,0
426.144,19
426.211,0
426.279,5
426.346,6
426.413,0
426.481,0
426.548,0
426.615,22
426.683,0
426.75,0
426.817,27
426.885,19
426.952,7
427.02,17
427.087,20
427.154,5
427.222,5
427.289,6
427.356,11
427.423,0
427.491,0
427.558,0
427.625,17
427.693,17
427.76,15
427.827,8
427.895,4
427.962,0
428.029,0
428.096,23
428.164,9
428.231,9
428.298,0
428.366,0
428.433,2
428.5,10
428.567,0
428.635,0
428.702,0
428.769,20
428.836,0
428.904,0
428.971,4
429.038,0
429.105,0
429.173,3
429.24,0
429.307,5
429.374,0
429.441,44
429.509,28
429.576,36
429.643,6
429.71,18
429.777,5
429.845,0
429.912,10
429.979,27
430.046,0
430.113,0
430.181,0
430.248,0
430.315,1
430.382,1
430.449,0
430.516,12
430.584,0
430.651,0
430.718,18
430.785,12
430.852,18
430.919,26
430.986,1
431.054,8
431.121,10
431.188,10
431.255,86
431.322,63
431.389,32
431.456,0
431.523,0
431.59,22
431.658,8
431.725,6
431.792,20
431.859,0
431.926,24
431.993,26
432.06,10
432.127,2
432.194,0
432.261,3
432.328,11
432.396,15
432.463,0
432.53,11
432.597,17
432.664,0
432.731,20
432.798,7
432.865,2
432.932,0
432.999,0
433.066,0
433.133,1
433.2,23
433.267,0
433.334,0
433.401,24
433.468,12
433.535,90
433.602,50
433.669,40
433.736,10
433.803,4
433.87,24
433.937,12
434.004,4
434.071,15
434.138,0
434.205,11
434.272,0
434.339,51
434.406,38
434.473,0
434.54,0
434.607,0
434.674,2
434.741,0
434.808,2
434.875,10
434.942,0
435.009,12
435.076,20
435.143,17
435.209,8
435.276,18
435.343,0
435.41,0
435.477,0
435.544,5
435.611,0
435.678,18
435.745,21
435.812,0
435.879,7
435.946,10
436.012,0
436.079,0
436.146,23
436.213,0
436.28,0
436.347,0
436.414,1
436.481,9
436.547,16
436.614,7
436.681,0
436.748,0
436.815,6
436.882,0
436.949,13
437.015,0
437.082,12
437.149,0
437.216,29
437.283,14
437.35,8
437.417,12
437.483,2
437.55,0
437.617,13
437.684,0
437.751,5
437.817,0
437.884,23
437.951,8
438.018,12
438.085,0
438.151,26
438.218,0
438.285,0
438.352,0
438.419,6
438.485,0
438.552,11
438.619,0
438.686,2
438.752,0
438.819,0
438.886,0
438.953,9
439.019,0
439.086,0
439.153,14
439.22,28
439.286,0
439.353,0
439.42,2
439.487,0
439.553,0
439.62,0
439.687,0
439.754,9
439.82,0
439.887,0
439.954,0
440.02,0
440.087,13
440.154,0
440.22,9
440.287,20
440.354,14
440.421,9
440.487,12
440.554,0
440.621,0
440.687,11
440.754,0
440.821,0
440.887,0
440.954,0
441.021,36
441.087,42
441.154,0
441.221,0
441.287,0
441.354,23
441.421,0
441.487,0
441.554,10
441.62,0
441.687,0
441.754,7
441.82,14
441.887,12
441.954,0
442.02,9
442.087,27
442.153,6
442.22,2
442.287,13
442.353,0
442.42,0
442.486,19
442.553,14
442.62,0
442.686,16
442.753,0
442.819,9
442.886,13
442.953,0
443.019,11
443.086,0
443.152,0
443.219,18
443.285,0
443.352,0
443.418,29
443.485,19
443.552,0
443.618,4
443.685,47
443.751,0
443.818,0
443.884,25
443.951,0
444.017,0
444.084,22
444.15,0
444.217,0
444.283,9
444.35,31
444.416,0
444.483,0
444.549,26
444.616,6
444.682,0
444.749,0
444.815,12
444.882,0
444.948,20
445.015,0
445.081,1
445.148,1
445.214,0
445.281,0
445.347,10
445.414,7
445.48,0
445.547,22
445.613,22
445.68,0
445.746,0
445.812,0
445.879,0
445.945,2
446.012,0
446.078,0
446.145,0
446.211,34
446.278,3
446.344,9
446.41,33
446.477,18
446.543,26
446.61,0
446.676,0
446.742,0
446.809,0
446.875,9
446.942,13
447.008,0
447.074,28
447.141,2
447.207,0
447.274,0
447.34,7
447.406,9
447.473,0
447.539,0
447.606,0
447.672,3
447.738,40
447.805,0
447.871,0
447.937,49
448.004,42
448.07,48
448.136,28
448.203,0
448.269,0
448.335,0
448.402,14
448.468,18
448.534,0
448.601,19
448.667,0
448.733,0
448.8,0
448.866,14
448.932,21
448.999,0
449.065,0
449.131,0
449.198,0
449.264,3
449.33,0
449.396,0
449.463,6
449.529,0
449.595,0
449.662,0
449.728,0
449.794,0
449.86,0
449.927,0
449.993,16
450.059,0
450.126,0
450.192,2
450.258,11
450.324,0
450.391,0
450.457,0
450.523,0
450.589,26
450.656,5
450.722,0
450.788,0
450.854,0
450.921,0
450.987,7
451.053,10
451.119,0
451.185,27
451.252,1
451.318,11
451.384,19
451.45,0
451.516,9
451.583,0
451.649,1
451.715,0
451.781,6
451.847,0
451.914,0
451.98,0
452.046,21
452.112,21
452.178,10
452.245,0
452.311,28
452.377,0
452.443,0
452.509,0
452.575,0
452.642,0
452.708,0
452.774,0
452.84,0
452.906,26
452.972,0
453.038,6
453.105,31
453.171,5
453.237,12
453.303,0
453.369,0
453.435,9
453.501,0
453.568,0
453.634,0
453.7,8
453.766,0
453.832,4
453.898,0
453.964,0
454.03,4
454.096,0
454.162,0
454.229,0
454.295,19
454.361,44
454.427,0
454.493,0
454.559,18
454.625,2
454.691,0
454.757,0
454.823,0
454.889,5
454.955,0
455.022,0
455.088,8
455.154,0
455.22,0
455.286,6
455.352,0
455.418,0
455.484,0
455.55,21
455.616,30
455.682,0
455.748,0
455.814,32
455.88,0
455.946,20
456.012,15
456.078,0
456.144,12
456.21,0
456.276,5
456.342,3
456.408,3
456.474,0
456.54,15
456.606,1
456.672,6
456.738,25
456.804,0
456.87,21
456.936,0
457.002,0
457.068,14
457.134,0
457.2,0
457.266,21
457.332,0
457.398,0
457.464,28
457.53,13
457.596,0
457.662,8
457.728,0
457.794,0
457.86,1
457.926,0
457.992,0
458.058,0
458.124,0
458.19,14
458.255,12
458.321,0
458.387,0
458.453,0
458.519,0
458.585,0
458.651,0
458.717,0
458.783,0
458.849,0
458.915,0
458.981,0
459.046,11
459.112,0
459.178,0
459.244,0
459.31,27
459.376,0
459.442,0
459.508,11
459.574,13
459.64,22
459.705,27
459.771,0
459.837,10
459.903,13
459.969,4
460.035,6
460.101,14
460.166,0
460.232,0
460.298,0
460.364,17
460.43,9
460.496,20
460.562,0
460.627,9
460.693,24
460.759,0
460.825,0
460.891,17
460.957,40
461.022,0
461.088,0
461.154,13
461.22,0
461.286,0
461.352,0
461.417,0
461.483,0
461.549,11
461.615,10
461.681,13
461.746,0
461.812,9
461.878,0
461.944,11
462.01,0
462.075,0
462.141,11
462.207,10
462.273,0
462.339,18
462.404,0
462.47,0
462.536,6
462.602,3
462.667,8
462.733,8
462.799,0
462.865,0
462.93,11
462.996,0
463.062,0
463.128,0
463.193,7
463.259,3
463.325,0
463.391,0
463.456,20
463.522,3
463.588,6
463.654,2
463.719,19
463.785,0
463.851,18
463.917,0
463.982,0
464.048,31
464.114,0
464.179,0
464.245,27
464.311,24
464.377,14
464.442,14
464.508,0
464.574,0
464.639,0
464.705,0
464.771,0
464.836,4
464.902,2
464.968,13
465.033,16
465.099,11
465.165,0
465.23,0
465.296,6
465.362,20
465.427,7
465.493,4
465.559,0
465.624,0
465.69,0
465.756,0
465.821,8
465.887,7
465.953,11
466.018,10
466.084,2
466.15,9
466.215,0
466.281,24
466.347,0
466.412,0
466.478,3
466.543,9
466.609,0
466.675,0
466.74,10
466.806,0
466.872,17
466.937,0
467.003,0
467.068,27
467.134,8
467.2,25
467.265,8
467.331,0
467.396,0
467.462,20
467.528,26
467.593,0
467.659,0
467.724,0
467.79,0
467.855,0
467.921,6
467.987,0
468.052,8
468.118,16
468.183,0
468.249,0
468.314,0
468.38,12
468.446,0
468.511,3
468.577,9
468.642,0
468.708,13
468.773,0
468.839,0
468.904,0
468.97,0
469.035,0
469.101,17
469.167,0
469.232,0
469.298,10
469.363,0
469.429,10
469.494,0
469.56,10
469.625,3
469.691,0
469.756,0
469.822,7
469.887,14
469.953,0
470.018,0
470.084,5
470.149,0
470.215,0
470.28,1
470.346,0
470.411,10
470.477,9
470.542,7
470.608,7
470.673,0
470.739,44
470.804,7
470.87,0
470.935,0
471.001,21
471.066,10
471.131,0
471.197,0
471.262,26
471.328,21
471.393,0
471.459,0
471.524,28
471.59,11
471.655,0
471.721,0
471.786,21
471.851,0
471.917,0
471.982,0
472.048,0
472.113,0
472.179,0
472.244,0
472.309,0
472.375,16
472.44,0
472.506,0
472.571,0
472.637,0
472.702,0
472.767,0
472.833,25
472.898,9
472.964,4
473.029,0
473.094,7
473.16,17
473.225,0
473.291,8
473.356,18
473.421,25
473.487,0
473.552,7
473.617,15
473.683,11
473.748,0
473.814,0
473.879,0
473.944,0
474.01,16
474.075,18
474.14,0
474.206,1
474.271,2
474.337,0
474.402,0
474.467,8
474.533,0
474.598,0
474.663,4
474.729,0
474.794,0
474.859,0
474.925,0
474.99,5
475.055,6
475.121,10
475.186,6
475.251,13
475.317,15
475.382,0
475.447,0
475.513,0
475.578,0
475.643,0
475.709,0
475.774,0
475.839,0
475.904,0
475.97,13
476.035,0
476.1,0
476.166,14
476.231,3
476.296,0
476.362,0
476.427,6
476.492,0
476.557,0
476.623,0
476.688,18
476.753,0
476.819,0
476.884,0
476.949,0
477.014,5
477.08,25
477.145,3
477.21,0
477.275,0
477.341,1
477.406,0
477.471,4
477.536,0
477.602,0
477.667,22
477.732,9
477.797,7
477.863,0
477.928,0
477.993,19
478.058,0
478.124,0
478.189,0
478.254,4
478.319,22
478.384,26
478.45,8
478.515,8
478.58,9
478.645,2
478.711,1
478.776,0
478.841,1
478.906,0
478.971,0
479.037,2
479.102,4
479.167,25
479.232,0
479.297,0
479.363,13
479.428,14
479.493,10
479.558,12
479.623,19
479.689,0
479.754,0
479.819,0
479.884,0
479.949,15
480.014,0
480.08,0
480.145,30
480.21,20
480.275,15
480.34,19
480.405,0
480.471,0
480.536,0
480.601,23
480.666,6
480.731,0
480.796,0
480.862,17
480.927,1
480.992,29
481.057,0
481.122,1
481.187,0
481.252,0
481.318,4
481.383,0
481.448,52
481.513,7
481.578,3
481.643,0
481.708,0
481.773,0
481.839,23
481.904,31
481.969,0
482.034,1
482.099,0
482.164,13
482.229,0
482.294,0
482.359,24
482.424,0
482.49,2
482.555,10
482.62,0
482.685,0
482.75,0
482.815,8
482.88,0
482.945,12
483.01,0
483.075,4
483.14,6
483.206,11
483.271,8
483.336,2
483.401,18
483.466,0
483.531,0
483.596,5
483.661,3
483.726,0
483.791,22
483.856,31
483.921,0
483.986,0
484.051,16
484.116,24
484.181,0
484.246,0
484.312,0
484.377,0
484.442,3
484.507,0
484.572,0
484.637,8
484.702,0
484.767,0
484.832,5
484.897,13
484.962,0
485.027,0
485.092,31
485.157,15
485.222,0
485.287,16
485.352,30
485.417,0
485.482,0
485.547,0
485.612,4
485.677,1
485.742,6
485.807,0
485.872,14
485.937,17
486.002,0
486.067,32
486.132,0
486.197,0
486.262,6
486.327,2
486.392,18
486.457,0
486.522,26
486.587,12
486.652,0
486.717,0
486.782,15
486.847,0
486.912,15
486.977,0
487.042,19
487.107,26
487.172,0
487.237,0
487.301,0
487.366,10
487.431,9
487.496,8
487.561,7
487.626,5
487.691,0
487.756,36
487.821,30
487.886,5
487.951,0
488.016,27
488.081,0
488.146,0
488.211,0
488.276,0
488.341,0
488.405,0
488.47,13
488.535,0
488.6,0
488.665,0
488.73,0
488.795,0
488.86,0
488.925,0
488.99,0
489.055,3
489.119,3
489.184,17
489.249,0
489.314,9
489.379,12
489.444,6
489.509,19
489.574,0
489.639,4
489.704,14
489.768,2
489.833,2
489.898,0
489.963,2
490.028,0
490.093,13
490.158,4
490.223,7
490.287,0
490.352,12
490.417,2
490.482,0
490.547,0
490.612,9
490.677,1
490.742,24
490.806,2
490.871,0
490.936,0
491.001,26
491.066,19
491.131,0
491.195,44
491.26,13
491.325,20
491.39,0
491.455,0
491.52,0
491.585,0
491.649,0
491.714,0
491.779,16
491.844,0
491.909,15
491.973,15
492.038,0
492.103,0
492.168,18
492.233,24
492.298,0
492.362,0
492.427,0
492.492,0
492.557,0
492.622,0
492.686,0
492.751,38
492.816,16
492.881,0
492.946,24
493.01,11
493.075,7
493.14,0
493.205,34
493.27,12
493.334,10
493.399,0
493.464,0
493.529,36
493.594,57
493.658,0
493.723,0
493.788,0
493.853,12
493.917,20
493.982,0
494.047,0
494.112,8
494.177,0
494.241,0
494.306,20
494.371,0
494.436,0
494.5,0
494.565,0
494.63,0
494.695,7
494.759,17
494.824,0
494.889,8
494.954,10
495.018,26
495.083,5
495.148,2
495.213,12
495.277,0
495.342,0
495.407,11
495.472,0
495.536,0
495.601,5
495.666,0
495.73,3
495.795,0
495.86,0
495.925,10
495.989,0
496.054,0
496.119,37
496.183,4
496.248,1
496.313,0
496.378,0
496.442,16
496.507,0
496.572,0
496.636,0
496.701,0
496.766,10
496.831,4
496.895,0
496.96,0
497.025,15
497.089,14
497.154,0
497.219,0
497.283,23
497.348,2
497.413,0
497.477,13
497.542,11
497.607,0
497.671,0
497.736,0
497.801,12
497.865,13
497.93,7
497.995,11
498.059,32
498.124,11
498.189,17
498.253,0
498.318,0
498.383,0
498.447,12
498.512,5
498.577,0
498.641,0
498.706,27
498.771,10
498.835,9
498.9,36
498.965,23
499.029,0
499.094,29
499.159,0
499.223,2
499.288,7
499.352,6
499.417,10
499.482,0
499.546,0
499.611,0
499.676,0
499.74,8
