59.6745,13
59.7814,2
59.8883,24
59.9952,33
60.1021,0
60.209,0
60.3159,0
60.4228,1
60.5296,16
60.6365,6
60.7434,0
60.8503,20
60.9572,0
61.0641,32
61.171,4
61.2779,0
61.3848,0
61.4917,0
61.5986,0
61.7055,1
61.8124,34
61.9193,8
62.0261,46
62.133,0
62.2399,0
62.3468,36
62.4537,32
62.5606,0
62.6675,30
62.7744,0
62.8813,26
62.9882,0
63.0951,0
63.202,49
63.3089,0
63.4158,0
63.5226,14
63.6295,15
63.7364,0
63.8433,14
63.9502,3
64.0571,14
64.164,1
64.2709,0
64.3778,26
64.4847,0
64.5916,14
64.6985,24
64.8054,0
64.9123,10
65.0192,14
65.1261,0
65.2329,8
65.3398,8
65.4467,12
65.5536,0
65.6605,0
65.7674,0
65.8743,0
65.9812,3
66.0881,0
66.195,8
66.3019,39
66.4088,22
66.5157,0
66.6226,16
66.7295,17
66.8364,11
66.9433,41
67.0502,0
67.157,23
67.2639,0
67.3708,0
67.4777,0
67.5846,30
67.6915,0
67.7984,0
67.9053,27
68.0122,10
68.1191,12
68.226,2
68.3329,0
68.4398,20
68.5467,26
68.6536,0
68.7605,29
68.8674,19
68.9743,0
69.0812,0
69.1881,0
69.295,33
69.4018,13
69.5087,32
69.6156,2
69.7225,15
69.8294,10
69.9363,15
70.0432,4
70.1501,29
70.257,24
70.3639,0
70.4708,0
70.5777,33
70.6846,13
70.7915,0
70.8984,0
71.0053,0
71.1122,0
71.2191,25
71.326,14
71.4329,9
71.5398,34
71.6467,17
71.7536,8
71.8605,6
71.9674,15
72.0742,21
72.1811,0
72.288,0
72.3949,5
72.5018,0
72.6087,1
72.7156,0
72.8225,13
72.9294,8
73.0363,0
73.1432,6
73.2501,0
73.357,0
73.4639,0
73.5708,12
73.6777,0
73.7846,10
73.8915,20
73.9984,12
74.1053,18
74.2122,9
74.3191,0
74.426,0
74.5329,4
74.6398,8
74.7467,0
74.8536,0
74.9605,4
75.0674,10
75.1743,18
75.2812,2
75.3881,0
75.495,16
75.6019,17
75.7088,17
75.8157,0
75.9225,0
76.0294,0
76.1363,15
76.2432,0
76.3501,6
76.457,19
76.5639,0
76.6708,0
76.7777,15
76.8846,0
76.9915,0
77.0984,5
77.2053,0
77.3122,4
77.4191,0
77.526,19
77.6329,14
77.7398,0
77.8467,20
77.9536,14
78.0605,7
78.1674,0
78.2743,30
78.3812,0
78.4881,0
78.595,24
78.7019,10
78.8088,8
78.9157,0
79.0226,14
79.1295,0
79.2364,0
79.3433,7
79.4502,29
79.5571,2
79.664,35
79.7709,9
79.8778,27
79.9847,0
80.0916,10
80.1985,15
80.3054,0
80.4123,0
80.5192,32
80.6261,11
80.733,35
80.8399,8
80.9468,17
81.0537,0
81.1606,0
81.2675,55
81.3744,36
81.4813,0
81.5882,0
81.6951,0
81.802,0
81.9089,4
82.0158,0
82.1227,0
82.2296,0
82.3365,0
82.4434,0
82.5503,29
82.6572,0
82.7641,0
82.871,19
82.9779,2
83.0848,0
83.1917,0
83.2986,0
83.4055,0
83.5124,0
83.6193,14
83.7262,0
83.8331,15
83.94,11
84.0469,28
84.1538,47
84.2607,2
84.3676,28
84.4745,39
84.5814,0
84.6883,0
84.7952,0
84.9021,0
85.009,22
85.1159,0
85.2228,0
85.3297,16
85.4366,52
85.5435,0
85.6504,12
85.7573,13
85.8642,16
85.9711,0
86.078,34
86.1849,1
86.2918,0
86.3987,0
86.5056,7
86.6125,7
86.7194,0
86.8263,0
86.9332,0
87.0401,21
87.147,0
87.2539,0
87.3608,8
87.4677,9
87.5746,0
87.6815,13
87.7884,11
87.8953,0
88.0022,0
88.1091,18
88.216,5
88.3229,2
88.4298,15
88.5367,0
88.6436,0
88.7505,0
88.8574,1
88.9643,0
89.0712,12
89.1781,3
89.285,0
89.3919,1
89.4988,1
89.6057,12
89.7126,1
89.8195,8
89.9264,5
90.0334,0
90.1403,5
90.2472,0
90.3541,15
90.461,34
90.5679,19
90.6748,0
90.7817,0
90.8886,26
90.9955,17
91.1024,15
91.2093,17
91.3162,4
91.4231,6
91.53,0
91.6369,18
91.7438,0
91.8507,0
91.9576,30
92.0645,5
92.1714,8
92.2783,7
92.3852,0
92.4921,4
92.599,0
92.7059,17
92.8128,28
92.9197,3
93.0266,0
93.1335,20
93.2404,0
93.3473,2
93.4542,29
93.5611,1
93.668,0
93.7749,0
93.8818,0
93.9887,9
94.0956,20
94.2025,22
94.3095,1
94.4164,0
94.5233,12
94.6302,0
94.7371,15
94.844,15
94.9509,0
95.0578,13
95.1647,15
95.2716,0
95.3785,0
95.4854,0
95.5923,17
95.6992,6
95.8061,8
95.913,16
96.0199,31
96.1268,4
96.2337,2
96.3406,12
96.4475,9
96.5544,1
96.6613,0
96.7682,15
96.8751,9
96.982,6
97.0889,25
97.1958,17
97.3027,0
97.4097,0
97.5166,0
97.6235,0
97.7304,4
97.8373,0
97.9442,0
98.0511,8
98.158,4
98.2649,0
98.3718,15
98.4787,16
98.5856,3
98.6925,8
98.7994,0
98.9063,19
99.0132,21
99.1201,25
99.227,35
99.3339,2
99.4408,0
99.5477,14
99.6546,13
99.7615,0
99.8684,4
99.9753,8
100.082,15
100.189,0
100.296,0
100.403,14
100.51,17
100.617,13
100.724,20
100.831,0
100.937,18
101.044,37
101.151,0
101.258,3
101.365,0
101.472,0
101.579,0
101.686,10
101.793,14
101.9,21
102.007,0
102.113,27
102.22,30
102.327,8
102.434,0
102.541,0
102.648,16
102.755,0
102.862,17
102.969,0
103.076,0
103.182,0
103.289,3
103.396,11
103.503,18
103.61,0
103.717,23
103.824,3
103.931,14
104.038,8
104.145,12
104.252,0
104.358,0
104.465,0
104.572,0
104.679,14
104.786,0
104.893,0
105,27
105.107,17
105.214,0
105.321,2
105.427,17
105.534,0
105.641,0
105.748,19
105.855,0
105.962,8
106.069,21
106.176,0
106.283,0
106.39,24
106.497,0
106.603,0
106.71,0
106.817,14
106.924,10
107.031,0
107.138,0
107.245,25
107.352,0
107.459,36
107.566,34
107.673,30
107.779,24
107.886,10
107.993,8
108.1,0
108.207,0
108.314,36
108.421,0
108.528,0
108.635,2
108.742,0
108.848,13
108.955,0
109.062,28
109.169,17
109.276,0
109.383,0
109.49,0
109.597,27
109.704,29
109.811,0
109.918,0
110.024,1
110.131,0
110.238,30
110.345,0
110.452,0
110.559,0
110.666,14
110.773,7
110.88,0
110.987,0
111.094,0
111.2,34
111.307,0
111.414,27
111.521,6
111.628,0
111.735,1
111.842,13
111.949,0
112.056,3
112.163,0
112.269,1
112.376,0
112.483,17
112.59,0
112.697,11
112.804,31
112.911,14
113.018,0
113.125,0
113.232,0
113.339,40
113.445,35
113.552,0
113.659,0
113.766,0
113.873,14
113.98,35
114.087,26
114.194,2
114.301,0
114.408,0
114.515,13
114.621,0
114.728,14
114.835,18
114.942,0
115.049,0
115.156,69
115.263,104
115.37,24
115.477,17
115.584,0
115.69,0
115.797,8
115.904,2
116.011,0
116.118,4
116.225,0
116.332,6
116.439,0
116.546,0
116.653,2
116.76,0
116.866,14
116.973,2
117.08,19
117.187,0
117.294,8
117.401,19
117.508,17
117.615,16
117.722,1
117.829,11
117.936,26
118.042,0
118.149,0
118.256,3
118.363,5
118.47,0
118.577,0
118.684,0
118.791,7
118.898,0
119.005,0
119.112,0
119.218,38
119.325,0
119.432,0
119.539,0
119.646,0
119.753,0
119.86,0
119.967,10
120.074,22
120.181,0
120.287,5
120.394,0
120.501,24
120.608,0
120.715,0
120.822,0
120.929,0
121.036,32
121.143,21
121.25,0
121.357,0
121.463,0
121.57,4
121.677,0
121.784,0
121.891,0
121.998,9
122.105,0
122.212,0
122.319,0
122.426,0
122.533,0
122.639,31
122.746,0
122.853,0
122.96,22
123.067,19
123.174,14
123.281,18
123.388,0
123.495,23
123.602,3
123.709,0
123.815,0
123.922,0
124.029,29
124.136,29
124.243,0
124.35,0
124.457,0
124.564,24
124.671,21
124.778,5
124.885,5
124.991,19
125.098,4
125.205,0
125.312,0
125.419,10
125.526,0
125.633,0
125.74,0
125.847,0
125.954,0
126.061,26
126.167,10
126.274,30
126.381,0
126.488,19
126.595,1
126.702,0
126.809,0
126.916,8
127.023,13
127.13,11
127.236,0
127.343,0
127.45,0
127.557,0
127.664,0
127.771,13
127.878,0
127.985,6
128.092,30
128.199,2
128.306,0
128.412,16
128.519,0
128.626,0
128.733,0
128.84,10
128.947,0
129.054,0
129.161,22
129.268,6
129.375,20
129.482,5
129.588,24
129.695,32
129.802,6
129.909,0
130.016,17
130.123,8
130.23,17
130.337,11
130.444,11
130.551,15
130.658,0
130.764,27
130.871,0
130.978,10
131.085,4
131.192,7
131.299,0
131.406,0
131.513,0
131.62,20
131.727,8
131.834,0
131.94,0
132.047,0
132.154,0
132.261,9
132.368,0
132.475,8
132.582,4
132.689,12
132.796,11
132.903,0
133.01,0
133.116,0
133.223,0
133.33,12
133.437,0
133.544,0
133.651,0
133.758,25
133.865,0
133.972,0
134.079,0
134.186,0
134.292,2
134.399,0
134.506,0
134.613,0
134.72,42
134.827,25
134.934,0
135.041,0
135.148,0
135.255,8
135.362,0
135.468,12
135.575,2
135.682,4
135.789,11
135.896,0
136.003,0
136.11,0
136.217,18
136.324,0
136.431,2
136.538,0
136.644,0
136.751,0
136.858,9
136.965,4
137.072,44
137.179,17
137.286,0
137.393,0
137.5,24
137.607,21
137.714,8
137.82,0
137.927,1
138.034,12
138.141,13
138.248,3
138.355,13
138.462,0
138.569,10
138.676,0
138.783,19
138.89,17
138.996,11
139.103,0
139.21,0
139.317,17
139.424,24
139.531,18
139.638,0
139.745,18
139.852,0
139.959,5
140.065,15
140.172,4
140.279,20
140.386,40
140.493,15
140.6,0
140.707,0
140.814,0
140.921,26
141.028,20
141.135,0
141.241,2
141.348,3
141.455,0
141.562,10
141.669,0
141.776,0
141.883,11
141.99,0
142.097,10
142.204,0
142.311,28
142.417,0
142.524,0
142.631,0
142.738,0
142.845,0
142.952,0
143.059,0
143.166,3
143.273,0
143.38,4
143.487,0
143.593,15
143.7,0
143.807,15
143.914,0
144.021,0
144.128,0
144.235,13
144.342,3
144.449,0
144.556,0
144.663,3
144.769,0
144.876,0
144.983,5
145.09,0
145.197,0
145.304,0
145.411,26
145.518,12
145.625,2
145.732,5
145.839,26
145.945,0
146.052,0
146.159,0
146.266,0
146.373,14
146.48,0
146.587,14
146.694,0
146.801,0
146.908,2
147.015,0
147.121,5
147.228,0
147.335,0
147.442,5
147.549,0
147.656,0
147.763,12
147.87,20
147.977,21
148.084,8
148.191,2
148.297,6
148.404,3
148.511,30
148.618,24
148.725,0
148.832,0
148.939,0
149.046,0
149.153,10
149.26,0
149.367,0
149.473,24
149.58,13
149.687,0
149.794,0
149.901,0
150.008,7
150.115,0
150.222,0
150.329,0
150.436,16
150.543,0
150.649,0
150.756,11
150.863,0
150.97,8
151.077,0
151.184,0
151.291,15
151.398,0
151.505,5
151.612,17
151.719,0
151.825,5
151.932,0
152.039,6
152.146,18
152.253,0
152.36,7
152.467,4
152.574,20
152.681,4
152.788,20
152.894,0
153.001,0
153.108,14
153.215,16
153.322,0
153.429,0
153.536,9
153.643,32
153.75,0
153.857,0
153.964,0
154.07,0
154.177,0
154.284,23
154.391,0
154.498,0
154.605,0
154.712,0
154.819,3
154.926,0
155.033,0
155.14,9
155.246,10
155.353,13
155.46,0
155.567,0
155.674,11
155.781,10
155.888,0
155.995,0
156.102,52
156.209,45
156.316,18
156.422,0
156.529,0
156.636,5
156.743,0
156.85,7
156.957,0
157.064,19
157.171,0
157.278,0
157.385,8
157.492,16
157.598,6
157.705,19
157.812,17
157.919,2
158.026,0
158.133,0
158.24,0
158.347,0
158.454,16
158.561,4
158.668,0
158.774,0
158.881,0
158.988,6
159.095,6
159.202,3
159.309,9
159.416,10
159.523,0
159.63,23
159.737,0
159.844,0
159.95,0
160.057,7
160.164,6
160.271,0
160.378,21
160.485,12
160.592,0
160.699,6
160.806,15
160.913,0
161.019,0
161.126,18
161.233,0
161.34,0
161.447,6
161.554,6
161.661,0
161.768,24
161.875,2
161.982,0
162.089,0
162.195,0
162.302,13
162.409,25
162.516,22
162.623,0
162.73,0
162.837,8
162.944,8
163.051,15
163.158,0
163.265,0
163.371,4
163.478,0
163.585,8
163.692,43
163.799,10
163.906,0
164.013,18
164.12,5
164.227,17
164.334,0
164.441,0
164.547,0
164.654,0
164.761,0
164.868,0
164.975,7
165.082,0
165.189,0
165.296,16
165.403,32
165.51,0
165.616,0
165.723,0
165.83,0
165.937,20
166.044,7
166.151,0
166.258,0
166.365,0
166.472,7
166.579,0
166.686,0
166.792,46
166.899,24
167.006,0
167.113,21
167.22,3
167.327,0
167.434,7
167.541,0
167.648,0
167.755,23
167.862,0
167.968,8
168.075,9
168.182,15
168.289,0
168.396,9
168.503,34
168.61,0
168.717,15
168.824,3
168.931,2
169.037,3
169.144,24
169.251,11
169.358,0
169.465,11
169.572,14
169.679,0
169.786,0
169.893,0
170,13
170.107,15
170.213,0
170.32,3
170.427,19
170.534,25
170.641,10
170.748,0
170.855,2
170.962,0
171.069,0
171.176,0
171.283,3
171.389,0
171.496,0
171.603,0
171.71,16
171.817,33
171.924,0
172.031,0
172.138,5
172.245,5
172.352,14
172.458,19
172.565,10
172.672,9
172.779,8
172.886,0
172.993,0
173.1,0
173.207,0
173.314,23
173.421,0
173.528,0
173.634,17
173.741,0
173.848,0
173.955,15
174.062,0
174.169,0
174.276,8
174.383,0
174.49,11
174.597,6
174.704,11
174.81,0
174.917,24
175.024,0
175.131,10
175.238,0
175.345,20
175.452,9
175.559,0
175.666,0
175.773,26
175.879,0
175.986,18
176.093,0
176.2,2
176.307,0
176.414,0
176.521,8
176.628,0
176.735,4
176.842,24
176.949,0
177.055,20
177.162,0
177.269,0
177.376,0
177.483,44
177.59,15
177.697,0
177.804,0
177.911,10
178.018,21
178.124,1
178.231,0
178.338,0
178.445,15
178.552,10
178.659,8
178.766,0
178.873,0
178.98,0
179.087,12
179.194,16
179.3,1
179.407,0
179.514,0
179.621,120
179.728,154
179.835,95
179.942,21
180.049,0
180.156,0
180.263,0
180.369,3
180.476,0
180.583,0
180.69,3
180.797,0
180.904,11
181.011,4
181.118,0
181.225,12
181.332,16
181.439,0
181.545,0
181.652,5
181.759,5
181.866,0
181.973,0
182.08,20
182.187,0
182.294,1
182.401,11
182.508,0
182.614,1
182.721,8
182.828,16
182.935,0
183.042,44
183.149,0
183.256,6
183.363,0
183.47,5
183.577,34
183.683,2
183.79,0
183.897,15
184.004,3
184.111,0
184.218,19
184.325,10
184.432,0
184.539,7
184.646,6
184.753,0
184.859,14
184.966,25
185.073,8
185.18,35
185.287,0
185.394,0
185.501,0
185.608,23
185.715,6
185.822,1
185.928,0
186.035,0
186.142,0
186.249,0
186.356,2
186.463,0
186.57,2
186.677,29
186.784,0
186.891,0
186.997,0
187.104,4
187.211,0
187.318,15
187.425,0
187.532,0
187.639,24
187.746,0
187.853,8
187.96,0
188.067,0
188.173,56
188.28,14
188.387,4
188.494,0
188.601,3
188.708,23
188.815,11
188.922,5
189.029,7
189.136,10
189.242,2
189.349,24
189.456,0
189.563,2
189.67,4
189.777,13
189.884,0
189.991,30
190.098,8
190.205,4
190.311,11
190.418,0
190.525,13
190.632,4
190.739,8
190.846,0
190.953,2
191.06,0
191.167,5
191.274,0
191.38,0
191.487,0
191.594,0
191.701,10
191.808,12
191.915,7
192.022,15
192.129,0
192.236,12
192.343,17
192.45,6
192.556,28
192.663,1
192.77,7
192.877,33
192.984,0
193.091,15
193.198,18
193.305,13
193.412,0
193.519,0
193.625,0
193.732,0
193.839,0
193.946,0
194.053,3
194.16,12
194.267,0
194.374,6
194.481,17
194.588,0
194.694,15
194.801,18
194.908,0
195.015,6
195.122,16
195.229,20
195.336,2
195.443,0
195.55,0
195.657,0
195.763,0
195.87,6
195.977,0
196.084,0
196.191,0
196.298,4
196.405,4
196.512,7
196.619,0
196.726,1
196.832,8
196.939,4
197.046,0
197.153,20
197.26,21
197.367,2
197.474,0
197.581,5
197.688,0
197.795,24
197.901,0
198.008,18
198.115,0
198.222,2
198.329,11
198.436,0
198.543,22
198.65,8
198.757,1
198.864,46
198.97,32
199.077,0
199.184,0
199.291,8
199.398,19
199.505,0
199.612,9
199.719,34
199.826,9
199.933,12
200.039,14
200.146,13
200.253,3
200.36,13
200.467,0
200.574,0
200.681,0
200.788,0
200.895,1
201.002,1
201.108,0
201.215,0
201.322,11
201.429,2
201.536,7
201.643,15
201.75,0
201.857,9
201.964,12
202.071,0
202.177,0
202.284,0
202.391,6
202.498,0
202.605,12
202.712,0
202.819,26
202.926,11
203.033,0
203.14,5
203.246,0
203.353,9
203.46,7
203.567,27
203.674,0
203.781,0
203.888,0
203.995,1
204.102,21
204.208,0
204.315,11
204.422,14
204.529,5
204.636,0
204.743,0
204.85,12
204.957,5
205.064,0
205.171,27
205.277,25
205.384,0
205.491,5
205.598,0
205.705,0
205.812,0
205.919,9
206.026,31
206.133,68
206.24,69
206.346,44
206.453,8
206.56,5
206.667,1
206.774,29
206.881,28
206.988,8
207.095,0
207.202,0
207.309,8
207.415,0
207.522,0
207.629,0
207.736,28
207.843,0
207.95,0
208.057,10
208.164,0
208.271,2
208.377,13
208.484,27
208.591,0
208.698,8
208.805,12
208.912,31
209.019,16
209.126,0
209.233,13
209.34,0
209.446,0
209.553,24
209.66,56
209.767,16
209.874,2
209.981,3
210.088,23
210.195,0
210.302,0
210.409,19
210.515,19
210.622,0
210.729,11
210.836,0
210.943,0
211.05,2
211.157,8
211.264,11
211.371,9
211.477,7
211.584,22
211.691,0
211.798,34
211.905,18
212.012,0
212.119,0
212.226,9
212.333,8
212.44,0
212.546,0
212.653,8
212.76,22
212.867,8
212.974,0
213.081,7
213.188,0
213.295,0
213.402,27
213.508,0
213.615,0
213.722,10
213.829,4
213.936,14
214.043,0
214.15,0
214.257,21
214.364,11
214.471,0
214.577,8
214.684,8
214.791,64
214.898,73
215.005,28
215.112,15
215.219,0
215.326,0
215.433,3
215.539,10
215.646,0
215.753,44
215.86,25
215.967,18
216.074,11
216.181,14
216.288,0
216.395,0
216.502,23
216.608,5
216.715,8
216.822,0
216.929,6
217.036,0
217.143,0
217.25,1
217.357,39
217.464,0
217.57,0
217.677,14
217.784,23
217.891,0
217.998,21
218.105,0
218.212,0
218.319,8
218.426,6
218.532,17
218.639,6
218.746,1
218.853,10
218.96,0
219.067,0
219.174,7
219.281,2
219.388,26
219.495,14
219.601,13
219.708,17
219.815,0
219.922,0
220.029,0
220.136,0
220.243,25
220.35,7
220.457,13
220.563,0
220.67,9
220.777,21
220.884,0
220.991,0
221.098,0
221.205,29
221.312,0
221.419,0
221.525,27
221.632,0
221.739,0
221.846,6
221.953,10
222.06,17
222.167,0
222.274,4
222.381,26
222.488,25
222.594,2
222.701,4
222.808,0
222.915,0
223.022,0
223.129,0
223.236,9
223.343,0
223.45,11
223.556,0
223.663,9
223.77,13
223.877,2
223.984,0
224.091,0
224.198,22
224.305,0
224.412,2
224.518,0
224.625,22
224.732,14
224.839,22
224.946,1
225.053,0
225.16,7
225.267,6
225.374,0
225.48,0
225.587,14
225.694,9
225.801,0
225.908,8
226.015,25
226.122,5
226.229,0
226.336,23
226.442,20
226.549,0
226.656,3
226.763,0
226.87,0
226.977,22
227.084,0
227.191,0
227.298,0
227.404,0
227.511,20
227.618,0
227.725,24
227.832,0
227.939,26
228.046,26
228.153,0
228.26,0
228.366,18
228.473,0
228.58,0
228.687,33
228.794,5
228.901,28
229.008,16
229.115,4
229.222,24
229.328,15
229.435,29
229.542,0
229.649,2
229.756,20
229.863,5
229.97,28
230.077,0
230.184,15
230.29,4
230.397,0
230.504,33
230.611,0
230.718,0
230.825,6
230.932,30
231.039,14
231.146,0
231.252,0
231.359,0
231.466,0
231.573,0
231.68,0
231.787,2
231.894,25
232.001,6
232.108,2
232.214,7
232.321,4
232.428,28
232.535,0
232.642,2
232.749,0
232.856,30
232.963,0
233.07,0
233.176,11
233.283,22
233.39,0
233.497,0
233.604,23
233.711,6
233.818,3
233.925,28
234.031,3
234.138,0
234.245,17
234.352,29
234.459,0
234.566,7
234.673,0
234.78,0
234.887,0
234.993,23
235.1,25
235.207,7
235.314,0
235.421,24
235.528,8
235.635,14
235.742,12
235.849,10
235.955,0
236.062,7
236.169,17
236.276,0
236.383,0
236.49,24
236.597,0
236.704,26
236.81,15
236.917,1
237.024,25
237.131,36
237.238,14
237.345,65
237.452,96
237.559,80
237.666,3
237.772,0
237.879,8
237.986,55
238.093,206
238.2,223
238.307,150
238.414,102
238.521,56
238.628,2
238.734,0
238.841,47
238.948,28
239.055,133
239.162,126
239.269,62
239.376,30
239.483,50
239.589,66
239.696,19
239.803,0
239.91,8
240.017,15
240.124,0
240.231,0
240.338,0
240.445,25
240.551,0
240.658,16
240.765,90
240.872,59
240.979,22
241.086,17
241.193,27
241.3,5
241.406,0
241.513,0
241.62,34
241.727,18
241.834,0
241.941,16
242.048,9
242.155,24
242.262,15
242.368,0
242.475,2
242.582,16
242.689,48
242.796,36
242.903,0
243.01,5
243.117,20
243.223,24
243.33,14
243.437,0
243.544,18
243.651,15
243.758,10
243.865,3
243.972,0
244.079,10
244.185,17
244.292,0
244.399,166
244.506,179
244.613,81
244.72,9
244.827,0
244.934,0
245.04,13
245.147,45
245.254,46
245.361,8
245.468,18
245.575,0
245.682,2
245.789,0
245.896,10
246.002,6
246.109,0
246.216,0
246.323,0
246.43,1
246.537,34
246.644,0
246.751,0
246.857,6
246.964,0
247.071,0
247.178,0
247.285,0
247.392,0
247.499,0
247.606,5
247.712,7
247.819,0
247.926,0
248.033,3
248.14,22
248.247,15
248.354,0
248.461,0
248.567,0
248.674,17
248.781,14
248.888,30
248.995,21
249.102,18
249.209,20
249.316,5
249.423,2
249.529,0
249.636,0
249.743,24
249.85,0
249.957,23
250.064,0
250.171,3
250.278,0
250.384,12
250.491,32
250.598,0
250.705,0
250.812,0
250.919,11
251.026,4
251.133,0
251.239,17
251.346,18
251.453,0
251.56,0
251.667,0
251.774,0
251.881,5
251.988,0
252.094,44
252.201,42
252.308,31
252.415,4
252.522,18
252.629,16
252.736,0
252.843,0
252.949,18
253.056,9
253.163,5
253.27,0
253.377,14
253.484,5
253.591,16
253.698,10
253.804,0
253.911,0
254.018,22
254.125,0
254.232,28
254.339,2
254.446,0
254.553,0
254.659,0
254.766,41
254.873,15
254.98,25
255.087,44
255.194,14
255.301,0
255.408,0
255.514,0
255.621,0
255.728,0
255.835,0
255.942,22
256.049,30
256.156,7
256.263,0
256.369,0
256.476,5
256.583,4
256.69,5
256.797,14
256.904,0
257.011,0
257.118,13
257.224,1
257.331,4
257.438,24
257.545,22
257.652,0
257.759,8
257.866,0
257.973,0
258.079,10
258.186,5
258.293,0
258.4,0
258.507,6
258.614,0
258.721,0
258.828,0
258.934,13
259.041,0
259.148,0
259.255,0
259.362,0
259.469,6
259.576,0
259.683,11
259.789,20
259.896,6
260.003,19
260.11,16
260.217,0
260.324,30
260.431,0
260.537,0
260.644,0
260.751,16
260.858,0
260.965,0
261.072,12
261.179,0
261.286,0
261.392,0
261.499,13
261.606,7
261.713,0
261.82,7
261.927,0
262.034,0
262.141,7
262.247,2
262.354,1
262.461,0
262.568,0
262.675,5
262.782,0
262.889,0
262.996,30
263.102,36
263.209,12
263.316,0
263.423,0
263.53,0
263.637,0
263.744,0
263.85,16
263.957,14
264.064,0
264.171,0
264.278,14
264.385,0
264.492,6
264.599,0
264.705,0
264.812,5
264.919,8
265.026,30
265.133,0
265.24,0
265.347,0
265.454,8
265.56,0
265.667,0
265.774,0
265.881,9
265.988,0
266.095,0
266.202,4
266.308,9
266.415,7
266.522,0
266.629,19
266.736,23
266.843,5
266.95,6
267.057,35
267.163,0
267.27,16
267.377,26
267.484,0
267.591,30
267.698,0
267.805,0
267.911,0
268.018,11
268.125,17
268.232,6
268.339,0
268.446,0
268.553,25
268.66,8
268.766,0
268.873,0
268.98,1
269.087,15
269.194,7
269.301,8
269.408,21
269.514,0
269.621,21
269.728,0
269.835,0
269.942,3
270.049,0
270.156,0
270.263,0
270.369,14
270.476,8
270.583,0
270.69,0
270.797,39
270.904,9
271.011,0
271.117,0
271.224,38
271.331,50
271.438,35
271.545,98
271.652,89
271.759,20
271.866,7
271.972,0
272.079,10
272.186,18
272.293,0
272.4,0
272.507,3
272.614,4
272.72,26
272.827,17
272.934,17
273.041,39
273.148,120
273.255,93
273.362,29
273.468,0
273.575,0
273.682,2
273.789,28
273.896,0
274.003,0
274.11,0
274.217,2
274.323,17
274.43,19
274.537,12
274.644,0
274.751,23
274.858,4
274.965,0
275.071,12
275.178,0
275.285,9
275.392,1
275.499,0
275.606,0
275.713,20
275.819,0
275.926,0
276.033,10
276.14,63
276.247,127
276.354,56
276.461,2
276.567,26
276.674,0
276.781,0
276.888,0
276.995,0
277.102,0
277.209,3
277.315,0
277.422,0
277.529,1
277.636,5
277.743,0
277.85,6
277.957,11
278.064,29
278.17,1
278.277,0
278.384,0
278.491,25
278.598,28
278.705,36
278.812,26
278.918,9
279.025,0
279.132,32
279.239,7
279.346,44
279.453,69
279.56,32
279.666,0
279.773,0
279.88,0
279.987,2
280.094,14
280.201,0
280.308,0
280.414,0
280.521,0
280.628,18
280.735,0
280.842,0
280.949,11
281.056,0
281.162,0
281.269,18
281.376,8
281.483,20
281.59,20
281.697,0
281.804,34
281.91,0
282.017,0
282.124,0
282.231,0
282.338,0
282.445,11
282.552,20
282.658,0
282.765,0
282.872,19
282.979,0
283.086,0
283.193,17
283.3,36
283.406,3
283.513,0
283.62,10
283.727,2
283.834,6
283.941,0
284.048,10
284.154,0
284.261,16
284.368,47
284.475,39
284.582,0
284.689,0
284.796,0
284.902,0
285.009,0
285.116,0
285.223,0
285.33,0
285.437,32
285.544,11
285.65,0
285.757,2
285.864,15
285.971,10
286.078,6
286.185,0
286.292,0
286.398,0
286.505,9
286.612,20
286.719,0
286.826,7
286.933,0
287.039,0
287.146,5
287.253,0
287.36,0
287.467,0
287.574,0
287.681,30
287.787,0
287.894,0
288.001,17
288.108,17
288.215,17
288.322,0
288.429,0
288.535,0
288.642,13
288.749,5
288.856,0
288.963,2
289.07,21
289.177,0
289.283,0
289.39,17
289.497,6
289.604,0
289.711,0
289.818,15
289.924,0
290.031,0
290.138,19
290.245,6
290.352,0
290.459,11
290.566,15
290.672,0
290.779,6
290.886,23
290.993,0
291.1,0
291.207,48
291.314,0
291.42,2
291.527,0
291.634,0
291.741,12
291.848,5
291.955,0
292.062,21
292.168,9
292.275,0
292.382,0
292.489,16
292.596,38
292.703,12
292.809,0
292.916,0
293.023,6
293.13,5
293.237,0
293.344,9
293.451,16
293.557,0
293.664,11
293.771,0
293.878,0
293.985,12
294.092,10
294.198,21
294.305,40
294.412,9
294.519,2
294.626,0
294.733,4
294.84,0
294.946,0
295.053,37
295.16,14
295.267,8
295.374,3
295.481,7
295.588,15
295.694,0
295.801,8
295.908,10
296.015,0
296.122,0
296.229,0
296.335,2
296.442,0
296.549,0
296.656,0
296.763,5
296.87,0
296.977,11
297.083,0
297.19,0
297.297,0
297.404,0
297.511,2
297.618,9
297.724,9
297.831,0
297.938,10
298.045,19
298.152,15
298.259,0
298.365,0
298.472,0
298.579,0
298.686,14
298.793,7
298.9,0
299.007,0
299.113,9
299.22,16
299.327,0
299.434,0
299.541,10
299.648,12
299.754,1
299.861,0
299.968,9
300.075,23
300.182,0
300.289,23
300.396,3
300.502,0
300.609,27
300.716,2
300.823,0
300.93,0
301.037,43
301.143,0
301.25,0
301.357,0
301.464,9
301.571,21
301.678,0
301.784,0
301.891,26
301.998,8
302.105,4
302.212,0
302.319,0
302.426,0
302.532,0
302.639,0
302.746,17
302.853,15
302.96,6
303.067,0
303.173,2
303.28,0
303.387,20
303.494,23
303.601,0
303.708,0
303.814,14
303.921,24
304.028,2
304.135,2
304.242,19
304.349,7
304.456,186
304.562,247
304.669,112
304.776,12
304.883,0
304.99,0
305.097,0
305.203,0
305.31,10
305.417,24
305.524,0
305.631,0
305.738,36
305.844,29
305.951,0
306.058,0
306.165,32
306.272,66
306.379,21
306.485,3
306.592,43
306.699,37
306.806,0
306.913,1
307.02,8
307.126,7
307.233,14
307.34,0
307.447,32
307.554,0
307.661,0
307.767,0
307.874,0
307.981,13
308.088,15
308.195,0
308.302,40
308.409,35
308.515,15
308.622,9
308.729,5
308.836,0
308.943,17
309.05,4
309.156,0
309.263,0
309.37,0
309.477,0
309.584,12
309.691,0
309.797,12
309.904,4
310.011,10
310.118,4
310.225,0
310.332,22
310.438,10
310.545,6
310.652,8
310.759,0
310.866,0
310.973,7
311.079,0
311.186,0
311.293,13
311.4,0
311.507,0
311.614,14
311.72,0
311.827,5
311.934,0
312.041,7
312.148,13
312.255,23
312.361,3
312.468,0
312.575,33
312.682,0
312.789,0
312.896,0
313.002,14
313.109,19
313.216,0
313.323,0
313.43,23
313.537,2
313.643,8
313.75,0
313.857,15
313.964,0
314.071,0
314.178,0
314.284,8
314.391,13
314.498,0
314.605,8
314.712,7
314.819,1
314.925,11
315.032,6
315.139,2
315.246,0
315.353,13
315.46,17
315.566,0
315.673,0
315.78,0
315.887,0
315.994,0
316.1,37
316.207,0
316.314,0
316.421,29
316.528,21
316.635,25
316.741,0
316.848,8
316.955,10
317.062,4
317.169,0
317.276,0
317.382,0
317.489,0
317.596,18
317.703,0
317.81,2
317.917,2
318.023,14
318.13,18
318.237,0
318.344,0
318.451,13
318.558,28
318.664,0
318.771,0
318.878,42
318.985,22
319.092,0
319.199,10
319.305,0
319.412,22
319.519,51
319.626,7
319.733,12
319.839,0
319.946,2
320.053,9
320.16,0
320.267,14
320.374,17
320.48,18
320.587,14
320.694,0
320.801,0
320.908,0
321.015,8
321.121,0
321.228,53
321.335,65
321.442,85
321.549,126
321.655,127
321.762,85
321.869,14
321.976,0
322.083,0
322.19,0
322.296,0
322.403,0
322.51,14
322.617,19
322.724,0
322.831,8
322.937,22
323.044,19
323.151,6
323.258,0
323.365,0
323.472,9
323.578,12
323.685,19
323.792,1
323.899,0
324.006,0
324.112,0
324.219,0
324.326,2
324.433,17
324.54,4
324.647,13
324.753,0
324.86,12
324.967,5
325.074,19
325.181,10
325.287,25
325.394,1
325.501,14
325.608,24
325.715,1
325.822,0
325.928,4
326.035,7
326.142,0
326.249,102
326.356,73
326.463,40
326.569,12
326.676,4
326.783,20
326.89,0
326.997,0
327.103,30
327.21,11
327.317,0
327.424,0
327.531,17
327.638,0
327.744,5
327.851,0
327.958,18
328.065,16
328.172,21
328.278,13
328.385,0
328.492,0
328.599,0
328.706,0
328.813,17
328.919,19
329.026,0
329.133,12
329.24,2
329.347,0
329.453,11
329.56,8
329.667,2
329.774,12
329.881,19
329.988,2
330.094,14
330.201,0
330.308,0
330.415,0
330.522,13
330.628,0
330.735,3
330.842,0
330.949,4
331.056,1
331.162,0
331.269,51
331.376,74
331.483,29
331.59,0
331.697,4
331.803,0
331.91,22
332.017,0
332.124,2
332.231,0
332.337,0
332.444,0
332.551,0
332.658,4
332.765,0
332.872,12
332.978,14
333.085,14
333.192,0
333.299,36
333.406,0
333.512,12
333.619,3
333.726,9
333.833,4
333.94,0
334.046,11
334.153,3
334.26,0
334.367,0
334.474,20
334.581,32
334.687,11
334.794,0
334.901,14
335.008,0
335.115,7
335.221,0
335.328,0
335.435,0
335.542,0
335.649,13
335.755,0
335.862,1
335.969,18
336.076,4
336.183,2
336.29,16
336.396,0
336.503,16
336.61,154
336.717,178
336.824,58
336.93,2
337.037,0
337.144,0
337.251,35
337.358,6
337.464,0
337.571,0
337.678,0
337.785,45
337.892,82
337.998,48
338.105,15
338.212,0
338.319,0
338.426,10
338.533,6
338.639,0
338.746,0
338.853,6
338.96,15
339.067,3
339.173,11
339.28,24
339.387,20
339.494,8
339.601,0
339.707,0
339.814,28
339.921,18
340.028,349
340.135,405
340.241,192
340.348,12
340.455,0
340.562,0
340.669,0
340.775,2
340.882,16
340.989,0
341.096,4
341.203,2
341.309,5
341.416,12
341.523,0
341.63,26
341.737,1
341.844,0
341.95,15
342.057,32
342.164,17
342.271,37
342.378,29
342.484,158
342.591,214
342.698,136
342.805,60
342.912,0
343.018,0
343.125,15
343.232,0
343.339,0
343.446,0
343.552,17
343.659,3
343.766,0
343.873,0
343.98,0
344.086,15
344.193,30
344.3,0
344.407,0
344.514,26
344.62,0
344.727,0
344.834,0
344.941,2
345.048,0
345.154,0
345.261,0
345.368,4
345.475,11
345.582,28
345.688,6
345.795,6
345.902,0
346.009,5
346.116,17
346.222,10
346.329,5
346.436,0
346.543,0
346.65,24
346.756,0
346.863,0
346.97,0
347.077,3
347.184,0
347.29,2
347.397,22
347.504,4
347.611,9
347.718,7
347.824,21
347.931,0
348.038,0
348.145,26
348.252,0
348.358,0
348.465,19
348.572,0
348.679,1
348.786,0
348.892,0
348.999,10
349.106,0
349.213,1
349.32,9
349.426,0
349.533,0
349.64,0
349.747,0
349.854,0
349.96,0
350.067,0
350.174,0
350.281,18
350.388,5
350.494,3
350.601,8
350.708,0
350.815,0
350.922,0
351.028,25
351.135,16
351.242,0
351.349,24
351.456,0
351.562,16
351.669,1
351.776,0
351.883,0
351.989,15
352.096,0
352.203,0
352.31,0
352.417,13
352.523,20
352.63,0
352.737,0
352.844,0
352.951,8
353.057,20
353.164,2
353.271,9
353.378,0
353.485,0
353.591,0
353.698,7
353.805,0
353.912,0
354.019,22
354.125,22
354.232,12
354.339,10
354.446,5
354.553,64
354.659,108
354.766,61
354.873,3
354.98,97
355.086,131
355.193,46
355.3,0
355.407,0
355.514,10
355.62,38
355.727,109
355.834,109
355.941,22
356.048,8
356.154,0
356.261,13
356.368,3
356.475,0
356.582,0
356.688,0
356.795,0
356.902,0
357.009,0
357.115,0
357.222,19
357.329,34
357.436,14
357.543,3
357.649,0
357.756,0
357.863,0
357.97,8
358.077,0
358.183,0
358.29,0
358.397,0
358.504,26
358.61,0
358.717,0
358.824,0
358.931,0
359.038,0
359.144,39
359.251,12
359.358,3
359.465,0
359.572,0
359.678,4
359.785,0
359.892,0
359.999,0
360.105,0
360.212,4
360.319,2
360.426,29
360.533,0
360.639,13
360.746,4
360.853,26
360.96,8
361.067,21
361.173,0
361.28,2
361.387,17
361.494,0
361.6,0
361.707,0
361.814,34
361.921,5
362.028,20
362.134,0
362.241,0
362.348,0
362.455,0
362.562,7
362.668,0
362.775,3
362.882,6
362.989,0
363.095,0
363.202,11
363.309,0
363.416,0
363.523,15
363.629,0
363.736,0
363.843,12
363.95,0
364.056,0
364.163,0
364.27,13
364.377,10
364.484,0
364.59,0
364.697,13
364.804,10
364.911,0
365.017,0
365.124,14
365.231,12
365.338,0
365.445,0
365.551,0
365.658,16
365.765,0
365.872,0
365.979,0
366.085,2
366.192,6
366.299,1
366.406,2
366.512,27
366.619,22
366.726,0
366.833,23
366.94,10
367.046,0
367.153,0
367.26,0
367.367,34
367.473,11
367.58,31
367.687,8
367.794,7
367.9,4
368.007,0
368.114,18
368.221,0
368.328,0
368.434,0
368.541,0
368.648,0
368.755,0
368.861,1
368.968,2
369.075,31
369.182,8
369.289,8
369.395,18
369.502,9
369.609,0
369.716,0
369.822,21
369.929,46
370.036,0
370.143,0
370.25,0
370.356,2
370.463,4
370.57,6
370.677,19
370.783,2
370.89,64
370.997,44
371.104,22
371.211,7
371.317,0
371.424,24
371.531,11
371.638,0
371.744,0
371.851,19
371.958,0
372.065,5
372.171,9
372.278,6
372.385,18
372.492,0
372.599,25
372.705,0
372.812,0
372.919,1
373.026,8
373.132,0
373.239,0
373.346,31
373.453,22
373.559,3
373.666,0
373.773,54
373.88,45
373.987,39
374.093,48
374.2,0
374.307,0
374.414,12
374.52,0
374.627,1
374.734,0
374.841,0
374.947,3
375.054,30
375.161,0
375.268,0
375.375,5
375.481,0
375.588,0
375.695,15
375.802,16
375.908,0
376.015,0
376.122,0
376.229,2
376.335,0
376.442,0
376.549,0
376.656,6
376.763,1
376.869,0
376.976,18
377.083,0
377.19,49
377.296,88
377.403,62
377.51,6
377.617,28
377.723,0
377.83,0
377.937,10
378.044,0
378.15,15
378.257,25
378.364,0
378.471,3
378.578,19
378.684,0
378.791,0
378.898,11
379.005,26
379.111,22
379.218,0
379.325,0
379.432,0
379.538,22
379.645,0
379.752,0
379.859,27
379.965,5
380.072,0
380.179,12
380.286,0
380.392,0
380.499,43
380.606,21
380.713,4
380.82,0
380.926,0
381.033,12
381.14,0
381.247,0
381.353,6
381.46,0
381.567,19
381.674,4
381.78,4
381.887,20
381.994,2
382.101,3
382.207,4
382.314,0
382.421,0
382.528,4
382.634,8
382.741,4
382.848,1
382.955,0
383.061,4
383.168,7
383.275,0
383.382,8
383.488,20
383.595,0
383.702,0
383.809,0
383.916,16
384.022,0
384.129,13
384.236,0
384.343,0
384.449,0
384.556,17
384.663,15
384.77,0
384.876,0
384.983,0
385.09,6
385.197,39
385.303,0
385.41,9
385.517,0
385.624,1
385.73,0
385.837,0
385.944,15
386.051,1
386.157,0
386.264,25
386.371,13
386.478,10
386.584,0
386.691,0
386.798,0
386.905,21
387.011,13
387.118,0
387.225,7
387.332,0
387.438,15
387.545,21
387.652,0
387.759,0
387.865,15
387.972,9
388.079,29
388.186,0
388.292,12
388.399,29
388.506,0
388.613,0
388.719,12
388.826,21
388.933,0
389.04,0
389.146,0
389.253,21
389.36,9
389.467,0
389.573,2
389.68,0
389.787,4
389.894,16
390,0
390.107,6
390.214,7
390.321,28
390.427,5
390.534,0
390.641,0
390.748,10
390.854,0
390.961,0
391.068,0
391.175,30
391.281,19
391.388,0
391.495,0
391.602,8
391.708,2
391.815,0
391.922,0
392.029,0
392.135,0
392.242,2
392.349,0
392.456,0
392.562,17
392.669,2
392.776,13
392.883,0
392.989,5
393.096,23
393.203,13
393.31,0
393.416,1
393.523,6
393.63,0
393.737,16
393.843,28
393.95,44
394.057,0
394.164,4
394.27,0
394.377,9
394.484,0
394.591,11
394.697,15
394.804,29
394.911,25
395.018,0
395.124,13
395.231,9
395.338,0
395.445,26
395.551,7
395.658,0
395.765,0
395.871,8
395.978,16
396.085,8
396.192,0
396.298,5
396.405,26
396.512,0
396.619,0
396.725,0
396.832,0
396.939,9
397.046,0
397.152,0
397.259,0
397.366,0
397.473,26
397.579,0
397.686,3
397.793,0
397.9,0
398.006,13
398.113,36
398.22,36
398.327,17
398.433,0
398.54,11
398.647,6
398.753,0
398.86,2
398.967,0
399.074,0
399.18,11
399.287,0
399.394,0
399.501,20
399.607,3
399.714,0
399.821,24
399.928,0
400.034,0
400.141,2
400.248,16
400.355,4
400.461,0
400.568,25
400.675,36
400.781,0
400.888,14
400.995,11
401.102,0
401.208,0
401.315,19
401.422,16
401.529,0
401.635,0
401.742,0
401.849,1
401.956,35
402.062,3
402.169,0
402.276,0
402.382,0
402.489,14
402.596,13
402.703,0
402.809,0
402.916,51
403.023,0
403.13,2
403.236,24
403.343,14
403.45,34
403.557,0
403.663,0
403.77,0
403.877,3
403.983,0
404.09,20
404.197,26
404.304,0
404.41,8
404.517,1
404.624,18
404.731,13
404.837,11
404.944,0
405.051,0
405.158,13
405.264,24
405.371,7
405.478,13
405.584,12
405.691,51
405.798,0
405.905,0
406.011,19
406.118,18
406.225,4
406.332,0
406.438,0
406.545,0
406.652,15
406.758,0
406.865,0
406.972,0
407.079,0
407.185,9
407.292,0
407.399,0
407.506,2
407.612,17
407.719,20
407.826,0
407.932,21
408.039,0
408.146,5
408.253,13
408.359,2
408.466,0
408.573,14
408.68,6
408.786,2
408.893,0
409,21
409.106,0
409.213,5
409.32,11
409.427,8
409.533,5
409.64,18
409.747,0
409.853,12
409.96,0
410.067,6
410.174,0
410.28,0
410.387,6
410.494,13
410.601,0
410.707,0
410.814,22
410.921,2
411.027,0
411.134,7
411.241,14
411.348,0
411.454,0
411.561,2
411.668,8
411.774,1
411.881,0
411.988,0
412.095,8
412.201,1
412.308,0
412.415,0
412.522,39
412.628,32
412.735,0
412.842,0
412.948,0
413.055,0
413.162,11
413.269,0
413.375,32
413.482,40
413.589,4
413.695,7
413.802,3
413.909,0
414.016,0
414.122,47
414.229,23
414.336,121
414.442,37
414.549,12
414.656,0
414.763,11
414.869,25
414.976,2
415.083,0
415.189,5
415.296,11
415.403,0
415.51,0
415.616,0
415.723,8
415.83,0
415.936,15
416.043,13
416.15,11
416.257,66
416.363,112
416.47,32
416.577,0
416.683,0
416.79,0
416.897,0
417.004,0
417.11,12
417.217,25
417.324,0
417.43,0
417.537,25
417.644,38
417.751,0
417.857,0
417.964,3
418.071,8
418.177,0
418.284,32
418.391,30
418.498,90
418.604,194
418.711,149
418.818,25
418.924,0
419.031,8
419.138,4
419.245,8
419.351,0
419.458,0
419.565,0
419.671,10
419.778,0
419.885,0
419.992,0
420.098,6
420.205,0
420.312,0
420.418,10
420.525,25
420.632,21
420.738,0
420.845,11
420.952,0
421.059,9
421.165,17
421.272,15
421.379,20
421.485,5
421.592,0
421.699,0
421.806,0
421.912,4
422.019,0
422.126,0
422.232,0
422.339,0
422.446,13
422.552,12
422.659,6
422.766,0
422.873,15
422.979,0
423.086,0
423.193,48
423.299,17
423.406,10
423.513,0
423.62,0
423.726,12
423.833,6
423.94,0
424.046,16
424.153,0
424.26,0
424.366,0
424.473,0
424.58,4
424.687,16
424.793,2
424.9,14
425.007,0
425.113,0
425.22,0
425.327,7
425.433,0
425.54,0
425.647,26
425.754,4
425.86,0
425.967,6
426.074,0
426.18,0
426.287,0
426.394,0
426.5,19
426.607,37
426.714,0
426.821,0
426.927,1
427.034,0
427.141,4
427.247,2
427.354,0
427.461,10
427.567,0
427.674,14
427.781,30
427.888,0
427.994,16
428.101,0
428.208,20
428.314,6
428.421,0
428.528,29
428.634,22
428.741,3
428.848,20
428.955,14
429.061,19
429.168,0
429.275,15
429.381,17
429.488,0
429.595,1
429.701,3
429.808,0
429.915,0
430.021,33
430.128,7
430.235,0
430.342,0
430.448,0
430.555,20
430.662,28
430.768,0
430.875,32
430.982,117
431.088,82
431.195,54
431.302,0
431.409,6
431.515,0
431.622,21
431.729,0
431.835,5
431.942,4
432.049,12
432.155,11
432.262,0
432.369,0
432.475,3
432.582,9
432.689,0
432.796,0
432.902,0
433.009,0
433.116,17
433.222,0
433.329,11
433.436,13
433.542,11
433.649,0
433.756,0
433.862,21
433.969,45
434.076,0
434.182,12
434.289,90
434.396,49
434.503,35
434.609,0
434.716,13
434.823,0
434.929,13
435.036,13
435.143,0
435.249,33
435.356,14
435.463,14
435.569,0
435.676,30
435.783,8
435.889,0
435.996,5
436.103,3
436.21,0
436.316,0
436.423,0
436.53,15
436.636,0
436.743,32
436.85,38
436.956,48
437.063,69
437.17,64
437.276,0
437.383,0
437.49,0
437.596,0
437.703,0
437.81,76
437.916,58
438.023,20
438.13,0
438.237,3
438.343,23
438.45,57
438.557,76
438.663,2
438.77,33
438.877,0
438.983,5
439.09,0
439.197,1
439.303,0
439.41,6
439.517,126
439.623,234
439.73,356
439.837,272
439.943,94
440.05,18
440.157,0
440.263,0
440.37,0
440.477,29
440.583,0
440.69,10
440.797,14
440.904,6
441.01,0
441.117,24
441.224,116
441.33,89
441.437,70
441.544,51
441.65,26
441.757,0
441.864,16
441.97,1
442.077,0
442.184,3
442.29,0
442.397,29
442.504,26
442.61,15
442.717,8
442.824,18
442.93,8
443.037,0
443.144,0
443.25,20
443.357,10
443.464,7
443.57,2
443.677,17
443.784,1
443.89,0
443.997,34
444.104,0
444.21,0
444.317,0
444.424,0
444.53,46
444.637,77
444.744,73
444.851,25
444.957,3
445.064,19
445.171,0
445.277,10
445.384,0
445.491,0
445.597,35
445.704,10
445.811,0
445.917,0
446.024,0
446.131,9
446.237,0
446.344,11
446.451,0
446.557,8
446.664,42
446.771,0
446.877,6
446.984,0
447.091,4
447.197,8
447.304,25
447.411,12
447.517,0
447.624,19
447.731,18
447.837,16
447.944,0
448.051,21
448.157,0
448.264,15
448.371,0
448.477,0
448.584,11
448.691,0
448.797,0
448.904,2
449.011,4
449.117,0
449.224,0
449.331,2
449.437,0
449.544,0
449.651,4
449.757,11
449.864,13
449.971,8
450.077,0
450.184,0
450.291,0
450.397,41
450.504,0
450.611,0
450.717,6
450.824,23
450.931,9
451.037,14
451.144,5
451.251,0
451.357,0
451.464,2
451.571,1
451.677,8
451.784,6
451.891,0
451.997,0
452.104,14
452.21,3
452.317,2
452.424,0
452.53,28
452.637,104
452.744,46
452.85,17
452.957,0
453.064,0
453.17,31
453.277,37
453.384,34
453.49,23
453.597,4
453.704,13
453.81,0
453.917,0
454.024,0
454.13,0
454.237,0
454.344,3
454.45,0
454.557,2
454.664,0
454.77,7
454.877,17
454.984,0
455.09,0
455.197,42
455.304,10
455.41,10
455.517,0
455.624,0
455.73,11
455.837,0
455.944,9
456.05,0
456.157,6
456.263,10
456.37,18
456.477,0
456.583,0
456.69,0
456.797,11
456.903,17
457.01,0
457.117,5
457.223,20
457.33,7
457.437,0
457.543,0
457.65,6
457.757,13
457.863,2
457.97,6
458.077,7
458.183,32
458.29,0
458.397,0
458.503,8
458.61,11
458.716,0
458.823,14
458.93,22
459.036,0
459.143,0
459.25,2
459.356,60
459.463,39
459.57,10
459.676,7
459.783,9
459.89,21
459.996,7
460.103,16
460.21,0
460.316,6
460.423,4
460.53,0
460.636,11
460.743,29
460.849,0
460.956,0
461.063,0
461.169,5
461.276,0
461.383,4
461.489,3
461.596,0
461.703,0
461.809,3
461.916,15
462.023,0
462.129,0
462.236,1
462.342,0
462.449,19
462.556,0
462.662,15
462.769,0
462.876,0
462.982,0
463.089,2
463.196,32
463.302,51
463.409,19
463.516,0
463.622,18
463.729,2
463.835,17
463.942,0
464.049,5
464.155,0
464.262,0
464.369,0
464.475,9
464.582,1
464.689,3
464.795,7
464.902,0
465.009,0
465.115,16
465.222,19
465.328,71
465.435,23
465.542,1
465.648,12
465.755,0
465.862,24
465.968,24
466.075,16
466.182,0
466.288,20
466.395,117
466.501,76
466.608,19
466.715,14
466.821,0
466.928,2
467.035,0
467.141,0
467.248,5
467.355,2
467.461,2
467.568,29
467.674,0
467.781,37
467.888,2
467.994,0
468.101,0
468.208,14
468.314,1
468.421,0
468.528,0
468.634,4
468.741,0
468.847,0
468.954,0
469.061,0
469.167,0
469.274,7
469.381,0
469.487,44
469.594,30
469.701,23
469.807,13
469.914,14
470.02,0
470.127,28
470.234,2
470.34,2
470.447,0
470.554,0
470.66,0
470.767,0
470.873,3
470.98,7
471.087,11
471.193,14
471.3,9
471.407,8
471.513,36
471.62,0
471.727,0
471.833,0
471.94,0
472.046,0
472.153,11
472.26,0
472.366,37
472.473,118
472.58,78
472.686,28
472.793,0
472.899,16
473.006,0
473.113,16
473.219,15
473.326,13
473.433,0
473.539,1
473.646,46
473.752,35
473.859,0
473.966,0
474.072,5
474.179,0
474.286,0
474.392,2
474.499,4
474.605,64
474.712,49
474.819,0
474.925,0
475.032,2
475.139,0
475.245,0
475.352,32
475.458,25
475.565,3
475.672,0
475.778,13
475.885,30
475.992,1
476.098,0
476.205,4
476.311,0
476.418,0
476.525,24
476.631,36
476.738,0
476.844,0
476.951,6
477.058,0
477.164,12
477.271,16
477.378,16
477.484,6
477.591,9
477.697,24
477.804,0
477.911,9
478.017,8
478.124,5
478.231,0
478.337,3
478.444,2
478.55,11
478.657,129
478.764,104
478.87,32
478.977,0
479.083,1
479.19,12
479.297,0
479.403,3
479.51,34
479.617,0
479.723,0
479.83,24
479.936,0
480.043,22
480.15,0
480.256,16
480.363,0
480.469,0
480.576,15
480.683,8
480.789,12
480.896,9
481.003,6
481.109,8
481.216,8
481.322,0
481.429,0
481.536,0
481.642,5
481.749,21
481.855,0
481.962,0
482.069,14
482.175,0
482.282,0
482.388,12
482.495,12
482.602,14
482.708,14
482.815,0
482.922,9
483.028,22
483.135,0
483.241,18
483.348,4
483.455,6
483.561,0
483.668,28
483.774,4
483.881,3
483.988,0
484.094,0
484.201,0
484.307,10
484.414,11
484.521,7
484.627,8
484.734,14
484.84,6
484.947,0
485.054,0
485.16,8
485.267,0
485.373,0
485.48,3
485.587,21
485.693,5
485.8,11
485.907,3
486.013,13
486.12,15
486.226,24
486.333,11
486.44,0
486.546,0
486.653,27
486.759,11
486.866,0
486.973,0
487.079,0
487.186,52
487.292,24
487.399,0
487.506,14
487.612,24
487.719,0
487.825,2
487.932,16
488.039,0
488.145,19
488.252,25
488.358,0
488.465,0
488.572,1
488.678,0
488.785,0
488.891,4
488.998,10
489.105,3
489.211,0
489.318,0
489.424,20
489.531,5
489.638,17
489.744,4
489.851,0
489.957,0
490.064,0
490.171,0
490.277,0
490.384,0
490.49,1
490.597,20
490.704,3
490.81,0
490.917,6
491.023,12
491.13,0
491.237,0
491.343,11
491.45,0
491.556,14
491.663,0
491.769,0
491.876,0
491.983,0
492.089,0
492.196,0
492.302,0
492.409,32
492.516,0
492.622,13
492.729,0
492.835,0
492.942,0
493.049,0
493.155,35
493.262,0
493.368,0
493.475,3
493.582,15
493.688,3
493.795,0
493.901,29
494.008,9
494.114,3
494.221,0
494.328,0
494.434,1
494.541,8
494.647,0
494.754,4
494.861,0
494.967,0
495.074,24
495.18,8
495.287,0
495.394,0
495.5,0
495.607,14
495.713,0
495.82,10
495.926,14
496.033,20
496.14,0
496.246,12
496.353,4
496.459,12
496.566,3
496.673,10
496.779,7
496.886,0
496.992,12
497.099,23
497.206,6
497.312,12
497.419,50
497.525,120
497.632,0
497.738,0
497.845,13
497.952,14
498.058,0
498.165,0
498.271,0
498.378,0
498.485,28
498.591,14
498.698,9
498.804,21
498.911,40
499.017,62
499.124,34
499.231,5
499.337,0
499.444,8
499.55,5
499.657,0
499.763,8
499.87,1
499.977,14
500.083,33
500.19,2
500.296,0
500.403,16
500.51,16
500.616,2
500.723,0
500.829,17
500.936,11
501.042,0
501.149,3
501.256,0
501.362,4
501.469,0
501.575,6
501.682,0
501.788,5
501.895,21
502.002,38
502.108,0
502.215,20
502.321,19
502.428,11
502.534,0
502.641,0
502.748,15
502.854,0
502.961,0
503.067,3
503.174,0
503.281,0
503.387,11
503.494,15
503.6,20
503.707,52
503.813,0
503.92,99
504.027,133
504.133,69
504.24,0
504.346,15
504.453,0
504.559,42
504.666,96
504.773,50
504.879,65
504.986,30
505.092,0
505.199,0
505.305,8
505.412,44
505.518,164
505.625,161
505.732,193
505.838,253
505.945,584
506.051,659
506.158,406
506.264,164
506.371,72
506.478,166
506.584,139
506.691,142
506.797,185
506.904,343
507.01,328
507.117,176
507.224,328
507.33,535
507.437,372
507.543,137
507.65,0
507.756,0
507.863,0
507.97,0
508.076,21
508.183,14
508.289,81
508.396,65
508.502,58
508.609,29
508.715,102
508.822,128
508.929,92
509.035,40
509.142,0
509.248,0
509.355,0
509.461,11
509.568,0
509.675,54
509.781,272
509.888,200
509.994,72
510.101,8
510.207,0
510.314,0
510.42,8
510.527,25
510.634,0
510.74,0
510.847,0
510.953,23
511.06,4
511.166,9
511.273,4
511.379,0
511.486,11
511.593,0
511.699,4
511.806,0
511.912,8
512.019,20
512.125,0
512.232,8
512.339,29
512.445,0
512.552,9
512.658,13
512.765,0
512.871,29
512.978,6
513.084,5
513.191,2
513.298,2
513.404,0
513.511,25
513.617,7
513.724,32
513.83,126
513.937,61
514.043,22
514.15,0
514.256,0
514.363,0
514.47,44
514.576,105
514.683,44
514.789,20
514.896,7
515.002,33
515.109,0
515.215,0
515.322,31
515.429,0
515.535,32
515.642,18
515.748,0
515.855,0
515.961,10
516.068,11
516.174,3
516.281,58
516.388,21
516.494,17
516.601,0
516.707,0
516.814,15
516.92,5
517.027,0
517.133,8
517.24,0
517.346,15
517.453,16
517.56,14
517.666,18
517.773,0
517.879,11
517.986,0
518.092,1
518.199,6
518.305,9
518.412,13
518.518,0
518.625,27
518.732,5
518.838,47
518.945,81
519.051,45
519.158,32
519.264,11
519.371,0
519.477,0
519.584,0
519.69,0
519.797,0
519.903,8
520.01,5
520.117,0
520.223,0
520.33,29
520.436,23
520.543,7
520.649,18
520.756,15
520.862,0
520.969,6
521.075,0
521.182,23
521.289,0
521.395,0
521.502,19
521.608,12
521.715,0
521.821,19
521.928,0
522.034,0
522.141,16
522.247,15
522.354,0
522.46,6
522.567,26
522.674,4
522.78,0
522.887,13
522.993,5
523.1,19
523.206,0
523.313,0
523.419,21
523.526,0
523.632,6
523.739,0
523.845,13
523.952,0
524.058,15
524.165,2
524.272,9
524.378,30
524.485,43
524.591,19
524.698,13
524.804,8
524.911,18
525.017,30
525.124,1
525.23,0
525.337,19
525.443,36
525.55,20
525.656,0
525.763,0
525.87,0
525.976,22
526.083,0
526.189,0
526.296,0
526.402,17
526.509,0
526.615,0
526.722,24
526.828,25
526.935,0
527.041,0
527.148,0
527.254,9
527.361,0
527.467,0
527.574,23
527.68,3
527.787,0
527.894,3
528,0
528.107,2
528.213,3
528.32,0
528.426,0
528.533,94
528.639,97
528.746,82
528.852,43
528.959,1
529.065,0
529.172,4
529.278,20
529.385,4
529.491,0
529.598,0
529.704,0
529.811,27
529.918,8
530.024,0
530.131,0
530.237,34
530.344,17
530.45,2
530.557,0
530.663,0
530.77,0
530.876,0
530.983,14
531.089,0
531.196,0
531.302,3
531.409,6
531.515,0
531.622,12
531.728,0
531.835,25
531.941,0
532.048,0
532.154,1
532.261,24
532.367,0
532.474,0
532.581,25
532.687,16
532.794,7
532.9,0
533.007,0
533.113,26
533.22,3
533.326,11
533.433,8
533.539,20
533.646,0
533.752,1
533.859,13
533.965,11
534.072,0
534.178,3
534.285,32
534.391,26
534.498,1
534.604,0
534.711,0
534.817,0
534.924,0
535.03,0
535.137,5
535.243,0
535.35,16
535.456,0
535.563,0
535.669,0
535.776,11
535.882,18
535.989,5
536.095,8
536.202,7
536.308,27
536.415,0
536.521,19
536.628,0
536.735,0
536.841,0
536.948,7
537.054,0
537.161,0
537.267,0
537.374,14
537.48,5
537.587,15
537.693,35
537.8,16
537.906,0
538.013,0
538.119,21
538.226,5
538.332,0
538.439,0
538.545,29
538.652,7
538.758,0
538.865,7
538.971,15
539.078,0
539.184,0
539.291,20
539.397,0
539.504,3
539.61,26
539.717,11
539.823,0
539.93,11
540.036,0
540.143,0
540.249,0
540.356,0
540.462,33
540.569,25
540.675,0
540.782,0
540.888,0
540.995,0
541.101,0
541.208,12
541.314,21
541.421,80
541.527,46
541.634,11
541.74,0
541.847,7
541.953,33
542.06,0
542.166,17
542.273,19
542.379,0
542.486,0
542.592,3
542.699,0
542.805,0
542.912,0
543.018,0
543.125,0
543.231,0
543.338,0
543.444,0
543.551,0
543.657,0
543.764,12
543.87,0
543.977,0
544.083,0
544.19,0
544.296,7
544.403,16
544.509,18
544.616,2
544.722,0
544.829,0
544.935,0
545.042,16
545.148,24
545.255,31
545.361,0
545.467,0
545.574,22
545.68,0
545.787,2
545.893,38
546,26
546.106,0
546.213,3
546.319,9
546.426,0
546.532,10
546.639,0
546.745,9
546.852,23
546.958,0
547.065,0
547.171,2
547.278,11
547.384,20
547.491,0
547.597,0
547.704,19
547.81,6
547.917,18
548.023,0
548.13,0
548.236,12
548.343,3
548.449,19
548.556,2
548.662,17
548.769,0
548.875,6
548.982,0
549.088,13
549.195,19
549.301,0
549.408,0
549.514,0
549.62,0
549.727,0
549.833,0
549.94,0
550.046,7
550.153,0
550.259,0
550.366,21
550.472,0
550.579,11
550.685,6
550.792,2
550.898,0
551.005,0
551.111,40
551.218,21
551.324,0
551.431,0
551.537,0
551.644,13
551.75,28
551.857,7
551.963,19
552.07,2
552.176,21
552.282,0
552.389,0
552.495,10
552.602,10
552.708,0
552.815,0
552.921,11
553.028,17
553.134,0
553.241,0
553.347,13
553.454,6
553.56,0
553.667,17
553.773,38
553.88,0
553.986,0
554.093,17
554.199,13
554.305,0
554.412,0
554.518,0
554.625,8
554.731,18
554.838,0
554.944,8
555.051,12
555.157,0
555.264,0
555.37,20
555.477,10
555.583,8
555.69,0
555.796,0
555.903,0
556.009,11
556.115,25
556.222,22
556.328,11
556.435,0
556.541,0
556.648,3
556.754,12
556.861,0
556.967,0
557.074,0
557.18,0
557.287,0
557.393,0
557.5,0
557.606,0
557.713,2
557.819,0
557.925,8
558.032,0
558.138,5
558.245,2
558.351,0
558.458,10
558.564,15
558.671,12
558.777,11
558.884,0
558.99,17
559.097,24
559.203,0
559.309,0
559.416,9
559.522,0
559.629,0
559.735,0
559.842,0
559.948,0
560.055,0
560.161,0
560.268,11
560.374,8
560.481,0
560.587,0
560.693,0
560.8,13
560.906,0
561.013,3
561.119,21
561.226,0
561.332,18
561.439,7
561.545,0
561.652,0
561.758,29
561.864,13
561.971,0
562.077,0
562.184,0
562.29,0
562.397,8
562.503,0
562.61,0
562.716,0
562.823,0
562.929,0
563.035,0
563.142,0
563.248,0
563.355,0
563.461,0
563.568,1
563.674,13
563.781,3
563.887,19
563.994,11
564.1,0
564.206,6
564.313,0
564.419,6
564.526,21
564.632,1
564.739,5
564.845,0
564.952,18
565.058,0
565.165,18
565.271,178
565.377,160
565.484,39
565.59,0
565.697,0
565.803,18
565.91,5
566.016,0
566.123,0
566.229,0
566.335,1
566.442,25
566.548,0
566.655,0
566.761,5
566.868,25
566.974,0
567.081,6
567.187,0
567.293,0
567.4,0
567.506,0
567.613,0
567.719,0
567.826,49
567.932,30
568.039,7
568.145,0
568.251,2
568.358,20
568.464,19
568.571,0
568.677,28
568.784,0
568.89,7
568.997,14
569.103,3
569.209,2
569.316,0
569.422,10
569.529,0
569.635,22
569.742,7
569.848,1
569.955,10
570.061,4
570.167,1
570.274,17
570.38,0
570.487,6
570.593,25
570.7,0
570.806,11
570.912,28
571.019,0
571.125,0
571.232,85
571.338,98
571.445,47
571.551,0
571.658,0
571.764,6
571.87,0
571.977,0
572.083,11
572.19,0
572.296,0
572.403,7
572.509,46
572.615,0
572.722,0
572.828,0
572.935,6
573.041,9
573.148,11
573.254,2
573.36,0
573.467,4
573.573,17
573.68,0
573.786,0
573.893,5
573.999,1
574.105,0
574.212,0
574.318,10
574.425,0
574.531,0
574.638,31
574.744,0
574.85,9
574.957,21
575.063,0
575.17,0
575.276,3
575.383,0
575.489,0
575.595,0
575.702,2
575.808,41
575.915,41
576.021,14
576.128,0
576.234,14
576.34,5
576.447,9
576.553,0
576.66,4
576.766,5
576.873,0
576.979,0
577.085,0
577.192,0
577.298,0
577.405,0
577.511,0
577.618,0
577.724,14
577.83,8
577.937,20
578.043,1
578.15,3
578.256,0
578.363,13
578.469,12
578.575,58
578.682,45
578.788,29
578.895,1
579.001,0
579.107,0
579.214,0
579.32,0
579.427,0
579.533,0
579.64,0
579.746,8
579.852,0
579.959,5
580.065,3
580.172,6
580.278,0
580.384,9
580.491,2
580.597,0
580.704,0
580.81,0
580.917,12
581.023,0
581.129,0
581.236,34
581.342,26
581.449,14
581.555,15
581.661,0
581.768,6
581.874,20
581.981,0
582.087,0
582.193,0
582.3,0
582.406,0
582.513,0
582.619,2
582.726,0
582.832,3
582.938,0
583.045,5
583.151,35
583.258,0
583.364,0
583.47,0
583.577,0
583.683,0
583.79,8
583.896,0
584.002,0
584.109,0
584.215,32
584.322,0
584.428,0
584.535,0
584.641,0
584.747,22
584.854,13
584.96,0
585.067,0
585.173,6
585.279,21
585.386,28
585.492,0
585.599,0
585.705,174
585.811,146
585.918,56
586.024,0
586.131,0
586.237,0
586.343,23
586.45,0
586.556,0
586.663,0
586.769,0
586.875,0
586.982,16
587.088,3
587.195,0
587.301,0
587.407,6
587.514,0
587.62,15
587.727,0
587.833,2
587.939,13
588.046,0
588.152,8
588.259,11
588.365,0
588.471,0
588.578,0
588.684,6
588.791,0
588.897,1
589.003,0
589.11,0
589.216,0
589.323,0
589.429,14
589.535,5
589.642,12
589.748,0
589.855,2
589.961,7
590.067,0
590.174,0
590.28,0
590.387,0
590.493,0
590.599,6
590.706,0
590.812,4
590.918,0
591.025,7
591.131,0
591.238,0
591.344,1
591.45,3
591.557,0
591.663,2
591.77,0
591.876,0
591.982,0
592.089,36
592.195,15
592.302,13
592.408,0
592.514,0
592.621,16
592.727,26
592.834,11
592.94,0
593.046,31
593.153,45
593.259,29
593.365,3
593.472,8
593.578,0
593.685,21
593.791,20
593.897,0
594.004,4
594.11,8
594.217,0
594.323,0
594.429,0
594.536,17
594.642,2
594.748,6
594.855,0
594.961,0
595.068,0
595.174,0
595.28,0
595.387,6
595.493,0
595.6,0
595.706,7
595.812,16
595.919,0
596.025,7
596.131,0
596.238,0
596.344,10
596.451,0
596.557,0
596.663,0
596.77,0
596.876,0
596.982,0
597.089,16
597.195,0
597.302,0
597.408,0
597.514,2
597.621,0
597.727,0
597.833,1
597.94,21
598.046,5
598.153,0
598.259,12
598.365,11
598.472,0
598.578,10
598.685,24
598.791,0
598.897,28
599.004,18
599.11,0
599.216,1
599.323,12
599.429,0
599.535,0
599.642,1
599.748,0
599.855,9
599.961,19
600.067,0
600.174,8
600.28,24
600.386,9
600.493,0
600.599,16
600.706,0
600.812,15
600.918,33
601.025,13
601.131,0
601.237,0
601.344,10
601.45,6
601.557,0
601.663,0
601.769,0
601.876,0
601.982,26
602.088,24
602.195,0
602.301,14
602.407,148
602.514,294
602.62,222
602.727,49
602.833,0
602.939,0
603.046,0
603.152,0
603.258,1
603.365,0
603.471,0
603.577,0
603.684,0
603.79,0
603.897,0
604.003,4
604.109,0
604.216,0
604.322,10
604.428,11
604.535,0
604.641,0
604.747,0
604.854,14
604.96,0
605.067,3
605.173,0
605.279,0
605.386,16
605.492,16
605.598,13
605.705,22
605.811,13
605.917,0
606.024,0
606.13,1
606.236,0
606.343,0
606.449,11
606.556,0
606.662,16
606.768,0
606.875,0
606.981,1
607.087,12
607.194,0
607.3,7
607.406,18
607.513,11
607.619,16
607.725,20
607.832,11
607.938,10
608.045,18
608.151,0
608.257,12
608.364,25
608.47,8
608.576,24
608.683,0
608.789,2
608.895,0
609.002,9
609.108,12
609.214,0
609.321,10
609.427,0
609.533,0
609.64,23
609.746,17
609.852,0
609.959,0
610.065,2
610.172,60
610.278,37
610.384,21
610.491,13
610.597,0
610.703,16
610.81,19
610.916,17
611.022,0
611.129,0
611.235,7
611.341,0
611.448,0
611.554,12
611.66,25
611.767,6
611.873,22
611.979,10
612.086,6
612.192,28
612.298,23
612.405,22
612.511,9
612.617,0
612.724,0
612.83,21
612.936,0
613.043,0
613.149,9
613.255,0
613.362,0
613.468,24
613.575,32
613.681,0
613.787,10
613.894,14
614,9
614.106,9
614.213,8
614.319,0
614.425,0
614.532,35
614.638,58
614.744,38
614.851,0
614.957,14
615.063,11
615.17,0
615.276,10
615.382,0
615.489,0
615.595,10
615.701,0
615.808,3
615.914,0
616.02,0
616.127,0
616.233,4
616.339,0
616.446,40
616.552,16
616.658,23
616.765,0
616.871,0
616.977,0
617.084,0
617.19,0
617.296,0
617.403,0
617.509,2
617.615,8
617.722,0
617.828,0
617.934,0
618.041,0
618.147,0
618.253,0
618.36,11
618.466,0
618.572,0
618.679,36
618.785,13
618.891,0
618.998,0
619.104,16
619.21,0
619.316,0
619.423,11
619.529,0
619.635,0
619.742,9
619.848,0
619.954,9
620.061,26
620.167,0
620.273,1
620.38,29
620.486,11
620.592,3
620.699,12
620.805,0
620.911,0
621.018,0
621.124,0
621.23,0
621.337,6
621.443,4
621.549,37
621.656,13
621.762,0
621.868,0
621.975,10
622.081,2
622.187,17
622.294,0
622.4,15
622.506,0
622.612,0
622.719,8
622.825,2
622.931,16
623.038,6
623.144,5
623.25,0
623.357,19
623.463,14
623.569,0
623.676,19
623.782,0
623.888,21
623.995,0
624.101,0
624.207,0
624.314,0
624.42,0
624.526,0
624.632,0
624.739,3
624.845,0
624.951,0
625.058,4
625.164,0
625.27,0
625.377,4
625.483,0
625.589,24
625.696,9
625.802,0
625.908,0
626.015,0
626.121,0
626.227,0
626.333,0
626.44,0
626.546,0
626.652,0
626.759,3
626.865,13
626.971,17
627.078,0
627.184,0
627.29,24
627.397,4
627.503,4
627.609,12
627.715,0
627.822,0
627.928,0
628.034,0
628.141,1
628.247,0
628.353,0
628.46,0
628.566,32
628.672,10
628.778,23
628.885,0
628.991,5
629.097,0
629.204,13
629.31,4
629.416,0
629.523,4
629.629,7
629.735,11
629.841,0
629.948,0
630.054,28
630.16,0
630.267,10
630.373,0
630.479,0
630.586,0
630.692,0
630.798,1
630.904,0
631.011,18
631.117,0
631.223,0
631.33,8
631.436,17
631.542,15
631.649,0
631.755,3
631.861,8
631.967,13
632.074,0
632.18,6
632.286,5
632.393,0
632.499,1
632.605,8
632.711,7
632.818,0
632.924,12
633.03,1
633.137,0
633.243,20
633.349,6
633.456,0
633.562,15
633.668,12
633.774,0
633.881,9
633.987,16
634.093,80
634.2,101
634.306,60
634.412,0
634.518,0
634.625,0
634.731,3
634.837,15
634.944,0
635.05,5
635.156,0
635.262,12
635.369,0
635.475,2
635.581,0
635.688,0
635.794,19
635.9,0
636.006,0
636.113,5
636.219,40
636.325,0
636.432,0
636.538,0
636.644,11
636.75,0
636.857,6
636.963,29
637.069,0
637.176,1
637.282,8
637.388,2
637.494,0
637.601,8
637.707,12
637.813,0
637.92,20
638.026,46
638.132,24
638.238,7
638.345,0
638.451,11
638.557,0
638.663,0
638.77,0
638.876,12
638.982,4
639.089,0
639.195,4
639.301,0
639.407,11
639.514,32
639.62,6
639.726,0
639.833,0
639.939,29
640.045,37
640.151,34
640.258,27
640.364,9
640.47,0
640.576,0
640.683,1
640.789,0
640.895,0
641.002,0
641.108,23
641.214,0
641.32,0
641.427,10
641.533,19
641.639,0
641.745,0
641.852,3
641.958,0
642.064,1
642.171,19
642.277,0
642.383,0
642.489,5
642.596,0
642.702,0
642.808,13
642.914,3
643.021,0
643.127,0
643.233,20
643.339,6
643.446,0
643.552,9
643.658,0
643.765,0
643.871,4
643.977,9
644.083,72
644.19,84
644.296,57
644.402,0
644.508,0
644.615,4
644.721,19
644.827,0
644.933,0
645.04,0
645.146,36
645.252,26
645.358,0
645.465,3
645.571,44
645.677,140
645.784,97
645.89,53
645.996,0
646.102,0
646.209,11
646.315,0
646.421,0
646.527,4
646.634,18
646.74,0
646.846,40
646.952,5
647.059,23
647.165,0
647.271,9
647.377,7
647.484,0
647.59,2
647.696,21
647.802,3
647.909,0
648.015,28
648.121,0
648.227,15
648.334,112
648.44,101
648.546,57
648.652,20
648.759,2
648.865,0
648.971,0
649.077,0
649.184,10
649.29,22
649.396,10
649.502,8
649.609,36
649.715,24
649.821,10
649.927,0
650.034,0
650.14,5
650.246,0
650.352,14
650.459,30
650.565,39
650.671,19
650.777,41
650.884,116
650.99,122
651.096,29
651.202,0
651.309,0
651.415,6
651.521,0
651.627,26
651.734,0
651.84,4
651.946,35
652.052,13
652.159,0
652.265,14
652.371,5
652.477,22
652.584,83
652.69,70
652.796,23
652.902,0
653.009,0
653.115,10
653.221,0
653.327,0
653.434,0
653.54,0
653.646,21
653.752,8
653.858,3
653.965,0
654.071,6
654.177,20
654.283,67
654.39,72
654.496,25
654.602,15
654.708,18
654.815,10
654.921,42
655.027,49
655.133,21
655.24,0
655.346,0
655.452,18
655.558,0
655.665,18
655.771,74
655.877,30
655.983,17
656.089,0
656.196,15
656.302,9
656.408,0
656.514,0
656.621,15
656.727,0
656.833,0
656.939,0
657.046,0
657.152,11
657.258,15
657.364,0
657.47,62
657.577,61
657.683,0
657.789,0
657.895,0
658.002,0
658.108,15
658.214,0
658.32,7
658.427,5
658.533,0
658.639,9
658.745,3
658.851,10
658.958,22
659.064,72
659.17,73
659.276,46
659.383,52
659.489,92
659.595,76
659.701,63
659.807,0
659.914,7
660.02,17
660.126,0
660.232,24
660.339,0
660.445,2
660.551,20
660.657,5
660.763,15
660.87,17
660.976,13
661.082,28
661.188,0
661.295,0
661.401,0
661.507,0
661.613,0
661.719,0
661.826,0
661.932,11
662.038,12
662.144,1
662.251,21
662.357,28
662.463,0
662.569,0
662.675,13
662.782,20
662.888,12
662.994,0
663.1,0
663.206,5
663.313,0
663.419,0
663.525,0
663.631,4
663.738,17
663.844,9
663.95,6
664.056,124
664.162,134
664.269,46
664.375,11
664.481,0
664.587,0
664.693,0
664.8,62
664.906,49
665.012,4
665.118,32
665.225,0
665.331,0
665.437,11
665.543,0
665.649,10
665.756,0
665.862,0
665.968,75
666.074,78
666.18,47
666.287,29
666.393,0
666.499,0
666.605,11
666.711,14
666.818,16
666.924,11
667.03,8
667.136,0
667.242,0
667.349,0
667.455,8
667.561,11
667.667,89
667.773,105
667.88,41
667.986,46
668.092,92
668.198,21
668.304,8
668.411,0
668.517,14
668.623,11
668.729,6
668.835,4
668.942,21
669.048,0
669.154,0
669.26,11
669.366,0
669.473,0
669.579,75
669.685,82
669.791,40
669.897,8
670.004,16
670.11,11
670.216,47
670.322,85
670.428,72
670.535,28
670.641,102
670.747,184
670.853,100
670.959,51
671.066,0
671.172,0
671.278,0
671.384,2
671.49,0
671.597,0
671.703,52
671.809,90
671.915,71
672.021,28
672.128,0
672.234,9
672.34,0
672.446,0
672.552,2
672.658,0
672.765,0
672.871,11
672.977,20
673.083,0
673.189,2
673.296,11
673.402,0
673.508,2
673.614,0
673.72,7
673.827,0
673.933,0
674.039,14
674.145,5
674.251,21
674.357,0
674.464,0
674.57,0
674.676,27
674.782,8
674.888,0
674.995,15
675.101,0
675.207,22
675.313,60
675.419,50
675.526,81
675.632,46
675.738,0
675.844,0
675.95,0
676.056,0
676.163,0
676.269,4
676.375,21
676.481,14
676.587,23
676.693,0
676.8,9
676.906,40
677.012,29
677.118,10
677.224,0
677.331,0
677.437,0
677.543,8
677.649,4
677.755,65
677.861,89
677.968,21
678.074,0
678.18,0
678.286,0
678.392,0
678.498,0
678.605,0
678.711,33
678.817,36
678.923,0
679.029,0
679.136,0
679.242,14
679.348,27
679.454,0
679.56,3
679.666,14
679.773,21
679.879,0
679.985,16
680.091,16
680.197,1
680.303,0
680.41,0
680.516,11
680.622,0
680.728,0
680.834,13
680.94,0
681.047,14
681.153,8
681.259,24
681.365,10
681.471,0
681.577,0
681.684,28
681.79,0
681.896,11
682.002,5
682.108,0
682.214,9
682.321,4
682.427,0
682.533,0
682.639,0
682.745,0
682.851,29
682.958,13
683.064,0
683.17,0
683.276,23
683.382,19
683.488,12
683.595,17
683.701,32
683.807,9
683.913,0
684.019,10
684.125,5
684.231,0
684.338,4
684.444,8
684.55,19
684.656,0
684.762,21
684.868,8
684.975,3
685.081,0
685.187,0
685.293,29
685.399,9
685.505,0
685.611,4
685.718,16
685.824,30
685.93,16
686.036,0
686.142,0
686.248,38
686.355,0
686.461,0
686.567,0
686.673,13
686.779,25
686.885,4
686.991,0
687.098,21
687.204,17
687.31,0
687.416,0
687.522,5
687.628,15
687.735,0
687.841,4
687.947,0
688.053,12
688.159,4
688.265,2
688.371,0
688.478,5
688.584,0
688.69,3
688.796,18
688.902,1
689.008,0
689.114,0
689.221,0
689.327,40
689.433,26
689.539,29
689.645,0
689.751,0
689.857,0
689.964,9
690.07,0
690.176,0
690.282,0
690.388,0
690.494,0
690.6,22
690.707,0
690.813,0
690.919,14
691.025,16
691.131,17
691.237,15
691.343,5
691.45,16
691.556,10
691.662,6
691.768,0
691.874,0
691.98,25
692.086,0
692.193,0
692.299,13
692.405,0
692.511,0
692.617,0
692.723,28
692.829,0
692.935,9
693.042,0
693.148,0
693.254,0
693.36,19
693.466,0
693.572,0
693.678,0
693.785,0
693.891,0
693.997,0
694.103,0
694.209,22
694.315,0
694.421,0
694.527,5
694.634,24
694.74,7
694.846,9
694.952,0
695.058,0
695.164,0
695.27,8
695.376,13
695.483,0
695.589,0
695.695,20
695.801,0
695.907,0
696.013,17
696.119,0
696.225,0
696.332,37
696.438,11
696.544,0
696.65,0
696.756,18
696.862,0
696.968,0
697.074,0
697.181,4
697.287,0
697.393,11
697.499,0
697.605,9
697.711,28
697.817,36
697.923,0
698.03,0
698.136,0
698.242,0
698.348,0
698.454,0
698.56,0
698.666,10
698.772,4
698.879,0
698.985,0
699.091,0
699.197,6
699.303,0
699.409,21
699.515,0
