79.7469,0
79.9006,0
80.0543,60
80.2079,36
80.3616,23
80.5152,9
80.6689,0
80.8225,0
80.9762,38
81.1299,0
81.2835,29
81.4372,31
81.5908,13
81.7445,0
81.8981,5
82.0518,24
82.2055,32
82.3591,0
82.5128,16
82.6664,14
82.8201,0
82.9737,10
83.1274,34
83.2811,11
83.4347,19
83.5884,0
83.742,13
83.8957,20
84.0493,8
84.203,2
84.3567,4
84.5103,4
84.664,30
84.8176,12
84.9713,9
85.1249,0
85.2786,27
85.4323,9
85.5859,8
85.7396,22
85.8932,11
86.0469,18
86.2006,34
86.3542,37
86.5079,8
86.6615,0
86.8152,11
86.9688,24
87.1225,0
87.2762,4
87.4298,34
87.5835,0
87.7371,0
87.8908,33
88.0444,14
88.1981,0
88.3518,16
88.5054,18
88.6591,1
88.8127,8
88.9664,33
89.12,1
89.2737,0
89.4274,11
89.581,0
89.7347,1
89.8883,10
90.042,25
90.1957,0
90.3493,0
90.503,0
90.6566,13
90.8103,16
90.9639,0
91.1176,32
91.2713,0
91.4249,0
91.5786,2
91.7322,32
91.8859,0
92.0395,14
92.1932,30
92.3469,4
92.5005,0
92.6542,0
92.8078,37
92.9615,10
93.1151,2
93.2688,0
93.4225,0
93.5761,2
93.7298,0
93.8834,0
94.0371,2
94.1908,2
94.3444,13
94.4981,0
94.6517,17
94.8054,18
94.959,15
95.1127,0
95.2664,0
95.42,34
95.5737,24
95.7273,10
95.881,0
96.0346,15
96.1883,0
96.342,16
96.4956,46
96.6493,26
96.8029,7
96.9566,6
97.1103,7
97.2639,13
97.4176,21
97.5712,2
97.7249,17
97.8785,0
98.0322,0
98.1859,7
98.3395,0
98.4932,0
98.6468,3
98.8005,19
98.9541,12
99.1078,13
99.2615,0
99.4151,0
99.5688,5
99.7224,0
99.8761,5
100.03,28
100.183,6
100.337,0
100.491,14
100.644,9
100.798,0
100.952,16
101.105,20
101.259,0
101.413,12
101.566,16
101.72,24
101.874,25
102.027,0
102.181,0
102.335,9
102.488,10
102.642,0
102.796,29
102.949,14
103.103,12
103.257,11
103.41,0
103.564,0
103.718,21
103.871,0
104.025,12
104.179,0
104.332,0
104.486,4
104.639,32
104.793,41
104.947,0
105.1,19
105.254,21
105.408,17
105.561,14
105.715,16
105.869,0
106.022,10
106.176,4
106.33,0
106.483,17
106.637,15
106.791,3
106.944,0
107.098,13
107.252,0
107.405,7
107.559,0
107.713,3
107.866,29
108.02,22
108.174,0
108.327,6
108.481,9
108.635,0
108.788,10
108.942,0
109.096,3
109.249,0
109.403,9
109.557,8
109.71,7
109.864,0
110.018,26
110.171,0
110.325,12
110.478,0
110.632,0
110.786,22
110.939,42
111.093,0
111.247,3
111.4,0
111.554,0
111.708,29
111.861,30
112.015,0
112.169,3
112.322,28
112.476,0
112.63,0
112.783,10
112.937,0
113.091,29
113.244,0
113.398,0
113.552,0
113.705,1
113.859,20
114.013,0
114.166,3
114.32,0
114.474,23
114.627,3
114.781,5
114.935,0
115.088,25
115.242,0
115.396,0
115.549,0
115.703,0
115.857,9
116.01,17
116.164,15
116.317,0
116.471,16
116.625,0
116.778,0
116.932,3
117.086,18
117.239,26
117.393,11
117.547,0
117.7,0
117.854,0
118.008,33
118.161,26
118.315,0
118.469,0
118.622,0
118.776,0
118.93,12
119.083,0
119.237,0
119.391,3
119.544,0
119.698,0
119.852,0
120.005,0
120.159,36
120.313,26
120.466,0
120.62,0
120.774,0
120.927,7
121.081,11
121.235,0
121.388,11
121.542,0
121.695,6
121.849,23
122.003,0
122.156,0
122.31,6
122.464,0
122.617,6
122.771,22
122.925,21
123.078,0
123.232,33
123.386,9
123.539,0
123.693,2
123.847,12
124,0
124.154,6
124.308,6
124.461,11
124.615,0
124.769,14
124.922,17
125.076,13
125.23,8
125.383,0
125.537,25
125.691,8
125.844,0
125.998,0
126.152,17
126.305,42
126.459,0
126.613,0
126.766,11
126.92,0
127.074,0
127.227,2
127.381,0
127.534,20
127.688,5
127.842,4
127.995,30
128.149,0
128.303,0
128.456,0
128.61,0
128.764,0
128.917,0
129.071,0
129.225,13
129.378,0
129.532,5
129.686,6
129.839,0
129.993,0
130.147,20
130.3,0
130.454,0
130.608,17
130.761,2
130.915,17
131.069,0
131.222,0
131.376,14
131.53,0
131.683,7
131.837,6
131.991,0
132.144,10
132.298,18
132.452,0
132.605,0
132.759,15
132.912,16
133.066,0
133.22,1
133.373,15
133.527,0
133.681,8
133.834,3
133.988,0
134.142,0
134.295,6
134.449,16
134.603,0
134.756,16
134.91,0
135.064,23
135.217,0
135.371,19
135.525,7
135.678,15
135.832,0
135.986,0
136.139,21
136.293,0
136.447,24
136.6,26
136.754,16
136.908,0
137.061,3
137.215,10
137.369,33
137.522,4
137.676,4
137.83,0
137.983,0
138.137,10
138.29,0
138.444,23
138.598,0
138.751,0
138.905,23
139.059,0
139.212,0
139.366,6
139.52,3
139.673,0
139.827,0
139.981,0
140.134,0
140.288,0
140.442,0
140.595,5
140.749,6
140.903,0
141.056,19
141.21,0
141.364,0
141.517,7
141.671,40
141.825,27
141.978,7
142.132,0
142.286,11
142.439,0
142.593,0
142.747,24
142.9,0
143.054,26
143.207,2
143.361,1
143.515,0
143.668,22
143.822,13
143.976,0
144.129,0
144.283,5
144.437,25
144.59,36
144.744,0
144.898,3
145.051,0
145.205,2
145.359,16
145.512,10
145.666,0
145.82,0
145.973,23
146.127,2
146.281,0
146.434,18
146.588,0
146.742,16
146.895,0
147.049,28
147.203,24
147.356,10
147.51,0
147.664,34
147.817,0
147.971,2
148.124,0
148.278,13
148.432,0
148.585,0
148.739,20
148.893,32
149.046,0
149.2,0
149.354,1
149.507,0
149.661,0
149.815,17
149.968,9
150.122,0
150.276,7
150.429,1
150.583,3
150.737,2
150.89,0
151.044,3
151.198,19
151.351,0
151.505,6
151.659,0
151.812,22
151.966,23
152.12,2
152.273,0
152.427,26
152.58,7
152.734,4
152.888,35
153.041,36
153.195,4
153.349,22
153.502,0
153.656,5
153.81,2
153.963,3
154.117,12
154.271,0
154.424,12
154.578,20
154.732,13
154.885,0
155.039,13
155.193,20
155.346,18
155.5,2
155.654,0
155.807,17
155.961,15
156.115,8
156.268,0
156.422,0
156.576,0
156.729,0
156.883,52
157.036,14
157.19,2
157.344,0
157.497,5
157.651,12
157.805,0
157.958,0
158.112,0
158.266,12
158.419,0
158.573,6
158.727,0
158.88,0
159.034,12
159.188,0
159.341,24
159.495,34
159.649,0
159.802,16
159.956,14
160.11,8
160.263,0
160.417,0
160.571,18
160.724,0
160.878,6
161.032,0
161.185,0
161.339,0
161.492,36
161.646,0
161.8,8
161.953,0
162.107,13
162.261,6
162.414,8
162.568,0
162.722,8
162.875,17
163.029,0
163.183,0
163.336,2
163.49,5
163.644,0
163.797,0
163.951,0
164.105,0
164.258,14
164.412,15
164.566,0
164.719,2
164.873,24
165.027,23
165.18,0
165.334,13
165.487,32
165.641,8
165.795,14
165.948,1
166.102,20
166.256,2
166.409,2
166.563,29
166.717,5
166.87,0
167.024,22
167.178,21
167.331,0
167.485,25
167.639,0
167.792,0
167.946,21
168.1,23
168.253,0
168.407,0
168.561,6
168.714,0
168.868,0
169.022,0
169.175,6
169.329,2
169.482,36
169.636,35
169.79,10
169.943,0
170.097,0
170.251,3
170.404,12
170.558,0
170.712,0
170.865,16
171.019,0
171.173,0
171.326,2
171.48,22
171.634,15
171.787,3
171.941,0
172.095,0
172.248,24
172.402,35
172.556,24
172.709,0
172.863,0
173.016,17
173.17,28
173.324,19
173.477,0
173.631,32
173.785,12
173.938,0
174.092,0
174.246,40
174.399,18
174.553,0
174.707,7
174.86,27
175.014,41
175.168,9
175.321,12
175.475,16
175.629,18
175.782,0
175.936,0
176.09,0
176.243,22
176.397,16
176.551,15
176.704,0
176.858,0
177.011,36
177.165,0
177.319,0
177.472,31
177.626,24
177.78,18
177.933,16
178.087,17
178.241,4
178.394,0
178.548,25
178.702,9
178.855,15
179.009,12
179.163,0
179.316,28
179.47,1
179.624,0
179.777,3
179.931,11
180.085,0
180.238,11
180.392,24
180.545,11
180.699,0
180.853,0
181.006,18
181.16,4
181.314,1
181.467,0
181.621,0
181.775,17
181.928,0
182.082,0
182.236,10
182.389,0
182.543,0
182.697,21
182.85,2
183.004,18
183.158,6
183.311,0
183.465,3
183.618,6
183.772,0
183.926,5
184.079,11
184.233,13
184.387,0
184.54,0
184.694,0
184.848,25
185.001,0
185.155,0
185.309,0
185.462,0
185.616,1
185.77,16
185.923,6
186.077,0
186.231,4
186.384,2
186.538,3
186.692,34
186.845,5
186.999,0
187.152,7
187.306,0
187.46,0
187.613,20
187.767,33
187.921,9
188.074,4
188.228,0
188.382,11
188.535,15
188.689,25
188.843,0
188.996,10
189.15,7
189.304,0
189.457,16
189.611,0
189.765,21
189.918,29
190.072,6
190.225,0
190.379,21
190.533,14
190.686,14
190.84,1
190.994,0
191.147,0
191.301,0
191.455,0
191.608,0
191.762,5
191.916,0
192.069,11
192.223,10
192.377,7
192.53,0
192.684,0
192.838,13
192.991,0
193.145,5
193.298,33
193.452,9
193.606,16
193.759,18
193.913,13
194.067,12
194.22,0
194.374,9
194.528,21
194.681,11
194.835,0
194.989,25
195.142,17
195.296,21
195.45,13
195.603,0
195.757,17
195.911,14
196.064,0
196.218,20
196.371,0
196.525,15
196.679,0
196.832,10
196.986,17
197.14,18
197.293,13
197.447,1
197.601,19
197.754,1
197.908,0
198.062,0
198.215,21
198.369,2
198.523,3
198.676,0
198.83,5
198.983,0
199.137,0
199.291,5
199.444,0
199.598,0
199.752,6
199.905,2
200.059,9
200.213,0
200.366,0
200.52,1
200.674,0
200.827,17
200.981,0
201.135,0
201.288,0
201.442,18
201.596,0
201.749,0
201.903,0
202.056,10
202.21,12
202.364,24
202.517,0
202.671,0
202.825,0
202.978,24
203.132,22
203.286,0
203.439,0
203.593,0
203.747,16
203.9,31
204.054,0
204.208,0
204.361,0
204.515,4
204.668,0
204.822,0
204.976,14
205.129,0
205.283,1
205.437,3
205.59,6
205.744,17
205.898,0
206.051,1
206.205,29
206.359,33
206.512,4
206.666,12
206.82,35
206.973,2
207.127,12
207.28,8
207.434,33
207.588,8
207.741,0
207.895,0
208.049,18
208.202,7
208.356,0
208.51,0
208.663,9
208.817,30
208.971,2
209.124,0
209.278,2
209.432,5
209.585,4
209.739,8
209.892,12
210.046,6
210.2,0
210.353,0
210.507,13
210.661,7
210.814,0
210.968,14
211.122,0
211.275,15
211.429,20
211.583,0
211.736,14
211.89,0
212.044,9
212.197,0
212.351,0
212.504,0
212.658,12
212.812,4
212.965,0
213.119,12
213.273,0
213.426,0
213.58,44
213.734,11
213.887,0
214.041,0
214.195,0
214.348,0
214.502,0
214.655,22
214.809,6
214.963,8
215.116,0
215.27,0
215.424,0
215.577,34
215.731,0
215.885,0
216.038,12
216.192,11
216.346,0
216.499,13
216.653,18
216.807,2
216.96,23
217.114,11
217.267,0
217.421,0
217.575,9
217.728,10
217.882,0
218.036,3
218.189,0
218.343,19
218.497,35
218.65,30
218.804,0
218.958,0
219.111,0
219.265,14
219.418,0
219.572,8
219.726,5
219.879,9
220.033,8
220.187,0
220.34,0
220.494,0
220.648,2
220.801,0
220.955,12
221.109,17
221.262,0
221.416,0
221.569,0
221.723,0
221.877,0
222.03,10
222.184,6
222.338,35
222.491,5
222.645,16
222.799,14
222.952,0
223.106,14
223.26,10
223.413,0
223.567,0
223.72,0
223.874,0
224.028,18
224.181,25
224.335,0
224.489,0
224.642,6
224.796,0
224.95,0
225.103,0
225.257,3
225.411,9
225.564,6
225.718,16
225.871,13
226.025,0
226.179,0
226.332,0
226.486,14
226.64,49
226.793,4
226.947,8
227.101,0
227.254,16
227.408,10
227.562,13
227.715,8
227.869,4
228.022,8
228.176,0
228.33,17
228.483,0
228.637,0
228.791,0
228.944,20
229.098,0
229.252,6
229.405,1
229.559,13
229.713,30
229.866,0
230.02,1
230.173,7
230.327,0
230.481,0
230.634,0
230.788,8
230.942,17
231.095,0
231.249,0
231.403,33
231.556,0
231.71,1
231.864,0
232.017,3
232.171,0
232.324,0
232.478,0
232.632,30
232.785,9
232.939,0
233.093,15
233.246,21
233.4,0
233.554,0
233.707,22
233.861,50
234.014,4
234.168,0
234.322,7
234.475,0
234.629,19
234.783,0
234.936,0
235.09,0
235.244,3
235.397,9
235.551,0
235.705,7
235.858,0
236.012,4
236.165,14
236.319,0
236.473,0
236.626,6
236.78,10
236.934,0
237.087,0
237.241,0
237.395,25
237.548,3
237.702,0
237.855,0
238.009,0
238.163,14
238.316,0
238.47,0
238.624,0
238.777,0
238.931,14
239.085,0
239.238,0
239.392,0
239.546,15
239.699,0
239.853,22
240.006,6
240.16,0
240.314,0
240.467,17
240.621,0
240.775,13
240.928,6
241.082,0
241.236,2
241.389,0
241.543,21
241.696,0
241.85,12
242.004,37
242.157,0
242.311,24
242.465,0
242.618,0
242.772,10
242.926,0
243.079,0
243.233,0
243.386,0
243.54,31
243.694,0
243.847,0
244.001,0
244.155,5
244.308,4
244.462,1
244.616,28
244.769,5
244.923,2
245.076,0
245.23,0
245.384,0
245.537,7
245.691,9
245.845,14
245.998,0
246.152,10
246.306,17
246.459,5
246.613,6
246.766,9
246.92,0
247.074,0
247.227,0
247.381,8
247.535,10
247.688,17
247.842,0
247.996,13
248.149,0
248.303,0
248.456,0
248.61,7
248.764,0
248.917,10
249.071,51
249.225,25
249.378,0
249.532,0
249.686,0
249.839,9
249.993,15
250.146,0
250.3,11
250.454,0
250.607,3
250.761,21
250.915,13
251.068,0
251.222,3
251.376,4
251.529,15
251.683,5
251.836,0
251.99,0
252.144,0
252.297,0
252.451,16
252.605,1
252.758,0
252.912,0
253.066,2
253.219,0
253.373,3
253.526,19
253.68,0
253.834,0
253.987,21
254.141,0
254.295,4
254.448,11
254.602,8
254.756,1
254.909,17
255.063,0
255.216,6
255.37,2
255.524,0
255.677,0
255.831,2
255.985,0
256.138,26
256.292,13
256.446,0
256.599,25
256.753,12
256.906,0
257.06,0
257.214,0
257.367,14
257.521,29
257.675,0
257.828,0
257.982,16
258.135,16
258.289,24
258.443,6
258.596,6
258.75,25
258.904,0
259.057,8
259.211,0
259.365,2
259.518,6
259.672,4
259.825,0
259.979,0
260.133,0
260.286,39
260.44,15
260.594,0
260.747,5
260.901,4
261.055,16
261.208,0
261.362,10
261.515,0
261.669,0
261.823,0
261.976,27
262.13,11
262.284,0
262.437,8
262.591,28
262.744,10
262.898,0
263.052,7
263.205,14
263.359,0
263.513,16
263.666,14
263.82,0
263.974,0
264.127,8
264.281,0
264.434,16
264.588,4
264.742,0
264.895,0
265.049,0
265.203,12
265.356,0
265.51,30
265.663,17
265.817,0
265.971,2
266.124,0
266.278,0
266.432,0
266.585,0
266.739,16
266.893,19
267.046,24
267.2,12
267.353,5
267.507,0
267.661,0
267.814,0
267.968,0
268.122,13
268.275,6
268.429,0
268.582,19
268.736,0
268.89,8
269.043,4
269.197,0
269.351,8
269.504,4
269.658,4
269.811,17
269.965,0
270.119,0
270.272,6
270.426,0
270.58,15
270.733,3
270.887,0
271.041,0
271.194,0
271.348,2
271.501,10
271.655,5
271.809,0
271.962,32
272.116,0
272.27,10
272.423,0
272.577,6
272.73,6
272.884,0
273.038,26
273.191,24
273.345,10
273.499,22
273.652,4
273.806,1
273.959,0
274.113,19
274.267,21
274.42,2
274.574,3
274.728,15
274.881,0
275.035,21
275.188,16
275.342,0
275.496,4
275.649,4
275.803,0
275.957,7
276.11,4
276.264,3
276.417,10
276.571,0
276.725,18
276.878,11
277.032,10
277.186,0
277.339,34
277.493,4
277.647,11
277.8,15
277.954,33
278.107,10
278.261,18
278.415,7
278.568,12
278.722,0
278.876,6
279.029,10
279.183,0
279.336,0
279.49,0
279.644,9
279.797,32
279.951,34
280.105,10
280.258,0
280.412,0
280.565,0
280.719,19
280.873,19
281.026,0
281.18,10
281.334,12
281.487,0
281.641,29
281.794,0
281.948,0
282.102,5
282.255,0
282.409,0
282.563,4
282.716,11
282.87,0
283.023,12
283.177,9
283.331,7
283.484,0
283.638,0
283.792,0
283.945,26
284.099,11
284.252,13
284.406,19
284.56,0
284.713,0
284.867,4
285.021,0
285.174,8
285.328,35
285.481,0
285.635,11
285.789,22
285.942,0
286.096,8
286.25,17
286.403,5
286.557,2
286.71,3
286.864,0
287.018,0
287.171,0
287.325,0
287.479,0
287.632,0
287.786,33
287.939,2
288.093,1
288.247,19
288.4,0
288.554,29
288.707,23
288.861,6
289.015,15
289.168,2
289.322,0
289.476,0
289.629,0
289.783,0
289.936,0
290.09,9
290.244,0
290.397,5
290.551,4
290.705,45
290.858,0
291.012,0
291.165,0
291.319,14
291.473,10
291.626,30
291.78,7
291.934,0
292.087,28
292.241,2
292.394,15
292.548,0
292.702,21
292.855,14
293.009,18
293.163,0
293.316,0
293.47,5
293.623,0
293.777,6
293.931,7
294.084,21
294.238,24
294.391,8
294.545,10
294.699,0
294.852,0
295.006,0
295.16,66
295.313,54
295.467,24
295.62,3
295.774,6
295.928,17
296.081,16
296.235,0
296.389,0
296.542,0
296.696,24
296.849,0
297.003,0
297.157,0
297.31,21
297.464,0
297.618,1
297.771,32
297.925,25
298.078,21
298.232,3
298.386,0
298.539,0
298.693,0
298.846,10
299,0
299.154,0
299.307,0
299.461,10
299.615,9
299.768,0
299.922,0
300.075,13
300.229,34
300.383,13
300.536,34
300.69,0
300.844,0
300.997,9
301.151,24
301.304,17
301.458,16
301.612,0
301.765,10
301.919,0
302.072,17
302.226,19
302.38,24
302.533,0
302.687,0
302.841,0
302.994,0
303.148,0
303.301,33
303.455,27
303.609,0
303.762,14
303.916,29
304.069,7
304.223,0
304.377,8
304.53,38
304.684,0
304.838,8
304.991,5
305.145,17
305.298,0
305.452,0
305.606,33
305.759,0
305.913,14
306.066,4
306.22,1
306.374,34
306.527,5
306.681,19
306.835,32
306.988,6
307.142,12
307.295,34
307.449,20
307.603,2
307.756,2
307.91,0
308.063,3
308.217,2
308.371,10
308.524,12
308.678,25
308.832,33
308.985,2
309.139,33
309.292,11
309.446,17
309.6,0
309.753,3
309.907,33
310.06,0
310.214,0
310.368,0
310.521,54
310.675,11
310.829,0
310.982,0
311.136,24
311.289,0
311.443,9
311.597,0
311.75,0
311.904,36
312.057,3
312.211,18
312.365,1
312.518,0
312.672,0
312.826,12
312.979,0
313.133,0
313.286,4
313.44,0
313.594,0
313.747,0
313.901,6
314.054,24
314.208,0
314.362,0
314.515,21
314.669,6
314.822,0
314.976,0
315.13,0
315.283,9
315.437,17
315.591,0
315.744,5
315.898,17
316.051,2
316.205,8
316.359,25
316.512,3
316.666,7
316.819,17
316.973,30
317.127,0
317.28,0
317.434,0
317.587,19
317.741,19
317.895,10
318.048,0
318.202,8
318.356,0
318.509,0
318.663,6
318.816,2
318.97,37
319.124,0
319.277,0
319.431,20
319.584,28
319.738,4
319.892,0
320.045,6
320.199,14
320.352,0
320.506,0
320.66,13
320.813,0
320.967,22
321.121,11
321.274,9
321.428,28
321.581,2
321.735,9
321.889,36
322.042,0
322.196,0
322.349,0
322.503,0
322.657,8
322.81,16
322.964,26
323.117,0
323.271,0
323.425,28
323.578,4
323.732,0
323.885,0
324.039,0
324.193,22
324.346,0
324.5,0
324.654,11
324.807,4
324.961,0
325.114,0
325.268,28
325.422,0
325.575,0
325.729,0
325.882,29
326.036,48
326.19,11
326.343,0
326.497,7
326.65,11
326.804,0
326.958,14
327.111,0
327.265,0
327.418,0
327.572,11
327.726,12
327.879,0
328.033,0
328.186,0
328.34,29
328.494,19
328.647,5
328.801,0
328.954,11
329.108,1
329.262,4
329.415,18
329.569,0
329.723,14
329.876,30
330.03,32
330.183,8
330.337,16
330.491,0
330.644,0
330.798,0
330.951,0
331.105,14
331.259,0
331.412,0
331.566,7
331.719,0
331.873,0
332.027,24
332.18,0
332.334,0
332.487,19
332.641,16
332.795,0
332.948,13
333.102,24
333.255,19
333.409,0
333.563,0
333.716,0
333.87,0
334.023,0
334.177,28
334.331,0
334.484,24
334.638,26
334.791,5
334.945,14
335.099,0
335.252,1
335.406,7
335.559,5
335.713,0
335.867,14
336.02,17
336.174,0
336.327,7
336.481,24
336.635,0
336.788,29
336.942,3
337.096,14
337.249,30
337.403,4
337.556,18
337.71,14
337.864,2
338.017,29
338.171,10
338.324,0
338.478,7
338.632,0
338.785,0
338.939,4
339.092,0
339.246,0
339.4,5
339.553,41
339.707,7
339.86,29
340.014,0
340.168,0
340.321,0
340.475,12
340.628,13
340.782,4
340.936,17
341.089,0
341.243,28
341.396,30
341.55,0
341.704,0
341.857,0
342.011,3
342.164,0
342.318,0
342.472,12
342.625,0
342.779,8
342.932,15
343.086,17
343.24,0
343.393,13
343.547,0
343.7,24
343.854,0
344.008,3
344.161,40
344.315,10
344.468,29
344.622,0
344.776,28
344.929,0
345.083,18
345.236,19
345.39,0
345.543,1
345.697,0
345.851,30
346.004,5
346.158,0
346.311,5
346.465,0
346.619,17
346.772,21
346.926,0
347.079,0
347.233,17
347.387,0
347.54,14
347.694,0
347.847,6
348.001,15
348.155,0
348.308,0
348.462,13
348.615,23
348.769,12
348.923,0
349.076,8
349.23,0
349.383,21
349.537,6
349.691,0
349.844,4
349.998,21
350.151,30
350.305,3
350.459,0
350.612,0
350.766,15
350.919,0
351.073,4
351.227,15
351.38,0
351.534,0
351.687,0
351.841,0
351.995,0
352.148,0
352.302,32
352.455,0
352.609,7
352.763,0
352.916,0
353.07,0
353.223,19
353.377,14
353.53,16
353.684,0
353.838,19
353.991,0
354.145,0
354.298,6
354.452,22
354.606,41
354.759,14
354.913,7
355.066,0
355.22,0
355.374,2
355.527,0
355.681,11
355.834,14
355.988,0
356.142,12
356.295,0
356.449,0
356.602,20
356.756,22
356.91,13
357.063,0
357.217,0
357.37,0
357.524,10
357.677,0
357.831,23
357.985,15
358.138,0
358.292,1
358.445,0
358.599,8
358.753,23
358.906,12
359.06,0
359.213,8
359.367,7
359.521,9
359.674,0
359.828,28
359.981,0
360.135,0
360.289,26
360.442,12
360.596,0
360.749,0
360.903,13
361.056,6
361.21,21
361.364,6
361.517,12
361.671,0
361.824,0
361.978,0
362.132,0
362.285,0
362.439,6
362.592,8
362.746,6
362.9,0
363.053,0
363.207,4
363.36,13
363.514,0
363.667,0
363.821,11
363.975,12
364.128,6
364.282,0
364.435,0
364.589,0
364.743,0
364.896,0
365.05,2
365.203,2
365.357,12
365.511,27
365.664,21
365.818,0
365.971,4
366.125,42
366.278,22
366.432,3
366.586,0
366.739,0
366.893,15
367.046,11
367.2,14
367.354,13
367.507,2
367.661,13
367.814,2
367.968,6
368.122,19
368.275,17
368.429,1
368.582,0
368.736,28
368.889,20
369.043,5
369.197,16
369.35,8
369.504,0
369.657,24
369.811,12
369.965,0
370.118,0
370.272,20
370.425,27
370.579,45
370.732,0
370.886,5
371.04,5
371.193,6
371.347,0
371.5,4
371.654,0
371.808,0
371.961,18
372.115,39
372.268,40
372.422,0
372.575,0
372.729,5
372.883,30
373.036,0
373.19,0
373.343,0
373.497,0
373.651,12
373.804,4
373.958,0
374.111,2
374.265,25
374.418,18
374.572,0
374.726,26
374.879,9
375.033,16
375.186,31
375.34,18
375.494,0
375.647,20
375.801,22
375.954,0
376.108,17
376.261,0
376.415,0
376.569,0
376.722,7
376.876,16
377.029,13
377.183,6
377.337,1
377.49,0
377.644,0
377.797,19
377.951,11
378.104,10
378.258,8
378.412,2
378.565,3
378.719,13
378.872,21
379.026,4
379.18,0
379.333,11
379.487,10
379.64,0
379.794,20
379.947,22
380.101,0
380.255,0
380.408,16
380.562,17
380.715,4
380.869,0
381.022,0
381.176,15
381.33,1
381.483,0
381.637,36
381.79,16
381.944,4
382.098,0
382.251,20
382.405,22
382.558,0
382.712,0
382.865,16
383.019,0
383.173,0
383.326,16
383.48,0
383.633,16
383.787,8
383.94,0
384.094,41
384.248,17
384.401,10
384.555,1
384.708,26
384.862,13
385.015,0
385.169,0
385.323,49
385.476,18
385.63,0
385.783,0
385.937,10
386.091,16
386.244,1
386.398,22
386.551,0
386.705,0
386.858,19
387.012,0
387.166,8
387.319,29
387.473,46
387.626,27
387.78,0
387.933,0
388.087,8
388.241,7
388.394,5
388.548,0
388.701,41
388.855,24
389.008,0
389.162,0
389.316,3
389.469,0
389.623,0
389.776,14
389.93,4
390.083,0
390.237,0
390.391,0
390.544,6
390.698,22
390.851,0
391.005,0
391.158,14
391.312,6
391.466,0
391.619,32
391.773,2
391.926,23
392.08,0
392.233,0
392.387,0
392.541,0
392.694,18
392.848,0
393.001,0
393.155,14
393.308,0
393.462,10
393.616,25
393.769,17
393.923,12
394.076,20
394.23,4
394.383,0
394.537,0
394.691,0
394.844,0
394.998,24
395.151,0
395.305,0
395.458,6
395.612,0
395.766,22
395.919,25
396.073,8
396.226,11
396.38,17
396.533,21
396.687,11
396.841,32
396.994,0
397.148,26
397.301,9
397.455,0
397.608,4
397.762,27
397.916,0
398.069,5
398.223,41
398.376,0
398.53,0
398.683,5
398.837,23
398.991,9
399.144,0
399.298,0
399.451,0
399.605,11
399.758,6
399.912,8
400.066,22
400.219,11
400.373,10
400.526,6
400.68,13
400.833,0
400.987,0
401.141,0
401.294,0
401.448,0
401.601,0
401.755,0
401.908,26
402.062,21
402.216,19
402.369,21
402.523,0
402.676,32
402.83,65
402.983,0
403.137,0
403.29,0
403.444,0
403.598,0
403.751,2
403.905,18
404.058,11
404.212,20
404.365,0
404.519,13
404.673,0
404.826,0
404.98,31
405.133,10
405.287,1
405.44,0
405.594,0
405.748,3
405.901,0
406.055,0
406.208,3
406.362,16
406.515,0
406.669,0
406.822,29
406.976,26
407.13,21
407.283,14
407.437,14
407.59,28
407.744,0
407.897,0
408.051,23
408.205,29
408.358,0
408.512,23
408.665,0
408.819,0
408.972,1
409.126,8
409.279,14
409.433,1
409.587,24
409.74,11
409.894,8
410.047,12
410.201,23
410.354,32
410.508,23
410.662,0
410.815,0
410.969,19
411.122,15
411.276,0
411.429,0
411.583,2
411.736,20
411.89,4
412.044,0
412.197,0
412.351,26
412.504,0
412.658,0
412.811,0
412.965,20
413.118,8
413.272,39
413.426,9
413.579,0
413.733,0
413.886,0
414.04,18
414.193,0
414.347,10
414.501,8
414.654,29
414.808,0
414.961,9
415.115,0
415.268,5
415.422,0
415.575,1
415.729,24
415.883,0
416.036,0
416.19,2
416.343,0
416.497,16
416.65,0
416.804,16
416.957,14
417.111,8
417.265,29
417.418,30
417.572,0
417.725,16
417.879,0
418.032,40
418.186,20
418.339,0
418.493,0
418.647,15
418.8,0
418.954,4
419.107,0
419.261,13
419.414,29
419.568,0
419.721,0
419.875,12
420.029,15
420.182,0
420.336,0
420.489,12
420.643,0
420.796,2
420.95,5
421.103,0
421.257,9
421.411,0
421.564,0
421.718,13
421.871,1
422.025,0
422.178,0
422.332,0
422.485,0
422.639,0
422.793,0
422.946,0
423.1,10
423.253,4
423.407,6
423.56,26
423.714,0
423.867,0
424.021,13
424.175,0
424.328,0
424.482,0
424.635,14
424.789,24
424.942,1
425.096,0
425.249,0
425.403,19
425.556,11
425.71,0
425.864,11
426.017,0
426.171,14
426.324,24
426.478,0
426.631,11
426.785,52
426.938,32
427.092,4
427.246,0
427.399,18
427.553,0
427.706,34
427.86,4
428.013,3
428.167,0
428.32,6
428.474,0
428.628,0
428.781,21
428.935,15
429.088,3
429.242,12
429.395,14
429.549,0
429.702,0
429.856,1
430.009,0
430.163,0
430.317,20
430.47,15
430.624,22
430.777,0
430.931,33
431.084,0
431.238,6
431.391,28
431.545,8
431.698,12
431.852,0
432.006,0
432.159,17
432.313,0
432.466,0
432.62,0
432.773,15
432.927,0
433.08,0
433.234,0
433.387,19
433.541,17
433.695,0
433.848,0
434.002,0
434.155,0
434.309,0
434.462,0
434.616,22
434.769,0
434.923,6
435.077,0
435.23,0
435.384,0
435.537,7
435.691,11
435.844,4
435.998,0
436.151,7
436.305,0
436.458,25
436.612,0
436.765,17
436.919,9
437.073,10
437.226,12
437.38,0
437.533,16
437.687,16
437.84,5
437.994,0
438.147,4
438.301,32
438.454,15
438.608,6
438.762,0
438.915,0
439.069,0
439.222,19
439.376,4
439.529,0
439.683,0
439.836,26
439.99,6
440.143,0
440.297,0
440.451,0
440.604,18
440.758,0
440.911,28
441.065,16
441.218,0
441.372,30
441.525,0
441.679,0
441.832,25
441.986,3
442.139,0
442.293,29
442.447,19
442.6,0
442.754,11
442.907,28
443.061,0
443.214,0
443.368,0
443.521,2
443.675,0
443.828,0
443.982,2
444.135,6
444.289,10
444.443,0
444.596,0
444.75,16
444.903,1
445.057,0
445.21,0
445.364,0
445.517,15
445.671,0
445.824,0
445.978,25
446.131,4
446.285,0
446.439,27
446.592,17
446.746,6
446.899,8
447.053,16
447.206,0
447.36,1
447.513,14
447.667,0
447.82,0
447.974,18
448.127,0
448.281,4
448.435,0
448.588,0
448.742,36
448.895,7
449.049,0
449.202,0
449.356,2
449.509,0
449.663,0
449.816,5
449.97,19
450.123,2
450.277,6
450.43,8
450.584,9
450.738,6
450.891,24
451.045,0
451.198,0
451.352,0
451.505,0
451.659,31
451.812,0
451.966,0
452.119,0
452.273,13
452.426,0
452.58,17
452.734,0
452.887,4
453.041,0
453.194,11
453.348,0
453.501,16
453.655,0
453.808,5
453.962,18
454.115,0
454.269,0
454.422,27
454.576,29
454.729,0
454.883,0
455.036,29
455.19,0
455.344,0
455.497,4
455.651,0
455.804,0
455.958,3
456.111,15
456.265,0
456.418,0
456.572,0
456.725,40
456.879,28
457.032,11
457.186,5
457.339,0
457.493,0
457.647,0
457.8,25
457.954,13
458.107,0
458.261,0
458.414,3
458.568,19
458.721,0
458.875,0
459.028,14
459.182,0
459.335,12
459.489,24
459.642,0
459.796,12
459.949,12
460.103,12
460.256,0
460.41,22
460.564,6
460.717,0
460.871,0
461.024,13
461.178,12
461.331,1
461.485,0
461.638,25
461.792,1
461.945,0
462.099,0
462.252,21
462.406,8
462.559,4
462.713,0
462.866,4
463.02,0
463.173,3
463.327,25
463.481,0
463.634,11
463.788,0
463.941,0
464.095,46
464.248,5
464.402,1
464.555,0
464.709,2
464.862,8
465.016,0
465.169,0
465.323,14
465.476,0
465.63,0
465.783,0
465.937,0
466.09,10
466.244,0
466.397,0
466.551,16
466.705,2
466.858,12
467.012,0
467.165,5
467.319,20
467.472,0
467.626,0
467.779,37
467.933,2
468.086,0
468.24,2
468.393,0
468.547,8
468.7,0
468.854,0
469.007,8
469.161,2
469.314,0
469.468,1
469.621,0
469.775,0
469.928,40
470.082,6
470.236,5
470.389,0
470.543,0
470.696,0
470.85,26
471.003,0
471.157,39
471.31,26
471.464,22
471.617,0
471.771,0
471.924,10
472.078,0
472.231,0
472.385,0
472.538,4
472.692,0
472.845,20
472.999,0
473.152,0
473.306,0
473.459,0
473.613,23
473.766,0
473.92,0
474.074,17
474.227,0
474.381,0
474.534,2
474.688,3
474.841,16
474.995,6
475.148,15
475.302,0
475.455,0
475.609,0
475.762,21
475.916,28
476.069,0
476.223,0
476.376,6
476.53,8
476.683,0
476.837,0
476.99,1
477.144,0
477.297,0
477.451,16
477.604,0
477.758,5
477.911,7
478.065,0
478.218,25
478.372,17
478.525,2
478.679,0
478.832,6
478.986,0
479.14,0
479.293,0
479.447,7
479.6,37
479.754,11
479.907,7
480.061,1
480.214,8
480.368,0
480.521,0
480.675,0
480.828,8
480.982,3
481.135,10
481.289,0
481.442,0
481.596,6
481.749,0
481.903,0
482.056,1
482.21,0
482.363,0
482.517,10
482.67,0
482.824,0
482.977,0
483.131,23
483.284,0
483.438,0
483.591,11
483.745,32
483.898,0
484.052,11
484.205,0
484.359,0
484.512,0
484.666,0
484.819,5
484.973,4
485.126,5
485.28,0
485.433,8
485.587,0
485.74,11
485.894,0
486.047,0
486.201,0
486.355,0
486.508,2
486.662,0
486.815,0
486.969,16
487.122,3
487.276,36
487.429,0
487.583,0
487.736,6
487.89,29
488.043,29
488.197,3
488.35,0
488.504,13
488.657,0
488.811,26
488.964,0
489.118,4
489.271,0
489.425,4
489.578,4
489.732,2
489.885,17
490.039,0
490.192,0
490.346,14
490.499,7
490.653,0
490.806,24
490.96,43
491.113,26
491.267,0
491.42,0
491.574,0
491.727,0
491.881,16
492.034,0
492.188,0
492.341,0
492.495,0
492.648,0
492.802,5
492.955,15
493.109,0
493.262,0
493.416,28
493.569,15
493.723,5
493.876,0
494.03,0
494.183,17
494.337,0
494.49,0
494.644,0
494.797,21
494.951,47
495.104,0
495.258,0
495.411,0
495.565,13
495.718,0
495.872,6
496.025,27
496.179,0
496.332,6
496.486,46
496.639,6
496.793,0
496.946,0
497.1,6
497.253,38
497.407,0
497.56,4
497.714,0
497.867,0
498.021,0
498.174,8
498.328,0
498.481,20
498.635,0
498.788,0
498.942,0
499.095,4
499.249,9
499.402,30
499.556,8
499.709,0
499.863,18
500.016,8
500.17,19
500.323,6
500.477,1
500.63,0
500.784,0
500.937,15
501.091,11
501.244,0
501.398,0
501.551,12
501.705,0
501.858,0
502.012,0
502.165,21
502.319,0
502.472,0
502.626,9
502.779,13
502.933,7
503.086,0
503.24,5
503.393,21
503.547,0
503.7,0
503.854,19
504.007,23
504.161,8
504.314,0
504.468,11
504.621,0
504.775,0
504.928,23
505.082,10
505.235,0
505.389,17
505.542,22
505.696,1
505.849,0
506.003,0
506.156,27
506.309,16
506.463,0
506.616,15
506.77,9
506.923,28
507.077,9
507.23,2
507.384,0
507.537,21
507.691,0
507.844,0
507.998,4
508.151,9
508.305,14
508.458,13
508.612,4
508.765,5
508.919,0
509.072,0
509.226,8
509.379,9
509.533,0
509.686,23
509.84,0
509.993,0
510.147,38
510.3,8
510.454,0
510.607,10
510.761,0
510.914,0
511.068,0
511.221,21
511.375,0
511.528,0
511.682,9
511.835,5
511.989,0
512.142,14
512.296,22
512.449,0
512.603,14
512.756,0
512.91,0
513.063,16
513.216,14
513.37,0
513.523,0
513.677,21
513.83,15
513.984,16
514.137,22
514.291,0
514.444,0
514.598,13
514.751,15
514.905,11
515.058,0
515.212,7
515.365,20
515.519,29
515.672,0
515.826,0
515.979,0
516.133,10
516.286,0
516.44,0
516.593,0
516.747,2
516.9,7
517.054,2
517.207,0
517.361,24
517.514,0
517.668,0
517.821,7
517.974,10
518.128,3
518.281,6
518.435,8
518.588,0
518.742,8
518.895,12
519.049,1
519.202,6
519.356,18
519.509,0
519.663,12
519.816,10
519.97,3
520.123,0
520.277,0
520.43,12
520.584,0
520.737,23
520.891,5
521.044,0
521.198,0
521.351,10
521.505,0
521.658,0
521.811,0
521.965,9
522.118,15
522.272,0
522.425,0
522.579,15
522.732,0
522.886,0
523.039,9
523.193,19
523.346,5
523.5,0
523.653,0
523.807,0
523.96,4
524.114,0
524.267,0
524.421,0
524.574,0
524.728,4
524.881,0
525.035,0
525.188,0
525.341,0
525.495,11
525.648,25
525.802,0
525.955,0
526.109,0
526.262,4
526.416,12
526.569,0
526.723,0
526.876,0
527.03,0
527.183,11
527.337,4
527.49,2
527.644,0
527.797,11
527.951,7
528.104,0
528.257,0
528.411,5
528.564,8
528.718,0
528.871,29
529.025,11
529.178,0
529.332,11
529.485,1
529.639,0
529.792,14
529.946,0
530.099,0
530.253,0
530.406,0
530.56,0
530.713,13
530.867,25
531.02,7
531.173,13
531.327,6
531.48,11
531.634,0
531.787,18
531.941,0
532.094,0
532.248,6
532.401,0
532.555,0
532.708,5
532.862,5
533.015,1
533.169,7
533.322,0
533.475,0
533.629,17
533.782,13
533.936,0
534.089,0
534.243,21
534.396,27
534.55,0
534.703,0
534.857,13
535.01,16
535.164,3
535.317,8
535.471,0
535.624,16
535.778,12
535.931,8
536.084,24
536.238,26
536.391,22
536.545,0
536.698,12
536.852,0
537.005,4
537.159,0
537.312,15
537.466,9
537.619,0
537.773,1
537.926,14
538.079,9
538.233,8
538.386,10
538.54,0
538.693,14
538.847,0
539,0
539.154,4
539.307,10
539.461,19
539.614,19
539.768,0
539.921,0
540.075,0
540.228,8
540.381,0
540.535,0
540.688,0
540.842,27
540.995,60
541.149,0
541.302,0
541.456,0
541.609,0
541.763,25
541.916,7
542.07,0
542.223,6
542.376,11
542.53,0
542.683,0
542.837,1
542.99,6
543.144,30
543.297,0
543.451,30
543.604,8
543.758,0
543.911,0
544.065,0
544.218,6
544.371,0
544.525,0
544.678,6
544.832,0
544.985,0
545.139,30
545.292,18
545.446,0
545.599,3
545.753,18
545.906,0
546.059,0
546.213,0
546.366,2
546.52,0
546.673,2
546.827,0
546.98,4
547.134,12
547.287,0
547.441,0
547.594,18
547.747,5
547.901,0
548.054,1
548.208,34
548.361,0
548.515,0
548.668,0
548.822,26
548.975,0
549.129,0
549.282,5
549.435,7
549.589,0
549.742,4
549.896,6
550.049,6
550.203,10
550.356,0
550.51,0
550.663,0
550.817,19
550.97,0
551.123,4
551.277,15
551.43,8
551.584,14
551.737,6
551.891,0
552.044,0
552.198,9
552.351,14
552.505,0
552.658,16
552.811,5
552.965,3
553.118,0
553.272,7
553.425,0
553.579,15
553.732,15
553.886,0
554.039,10
554.193,8
554.346,0
554.499,8
554.653,19
554.806,15
554.96,0
555.113,0
555.267,0
555.42,0
555.574,15
555.727,0
555.88,0
556.034,0
556.187,26
556.341,25
556.494,0
556.648,0
556.801,44
556.955,0
557.108,0
557.261,0
557.415,32
557.568,26
557.722,0
557.875,0
558.029,0
558.182,14
558.336,0
558.489,0
558.643,0
558.796,0
558.949,2
559.103,0
559.256,0
559.41,0
559.563,0
559.717,6
559.87,23
560.024,3
560.177,0
560.33,3
560.484,0
560.637,37
560.791,23
560.944,11
561.098,21
561.251,0
561.405,0
561.558,0
561.711,4
561.865,0
562.018,5
562.172,17
562.325,8
562.479,19
562.632,0
562.785,0
562.939,34
563.092,0
563.246,0
563.399,0
563.553,6
563.706,0
563.86,0
564.013,0
564.166,18
564.32,16
564.473,0
564.627,0
564.78,13
564.934,12
565.087,16
565.241,10
565.394,0
565.547,0
565.701,0
565.854,0
566.008,10
566.161,11
566.315,0
566.468,1
566.621,20
566.775,16
566.928,0
567.082,8
567.235,0
567.389,11
567.542,17
567.696,0
567.849,24
568.002,14
568.156,0
568.309,0
568.463,0
568.616,9
568.77,0
568.923,7
569.076,0
569.23,1
569.383,22
569.537,7
569.69,0
569.844,0
569.997,8
570.151,14
570.304,2
570.457,0
570.611,12
570.764,20
570.918,9
571.071,0
571.225,0
571.378,0
571.531,46
571.685,12
571.838,0
571.992,2
572.145,5
572.299,0
572.452,0
572.605,13
572.759,16
572.912,0
573.066,38
573.219,26
573.373,23
573.526,6
573.68,6
573.833,0
573.986,10
574.14,0
574.293,2
574.447,8
574.6,12
574.754,0
574.907,0
575.06,0
575.214,8
575.367,2
575.521,0
575.674,4
575.828,39
575.981,0
576.134,8
576.288,6
576.441,0
576.595,6
576.748,10
576.902,0
577.055,5
577.208,2
577.362,0
577.515,0
577.669,29
577.822,11
577.976,0
578.129,0
578.282,0
578.436,33
578.589,26
578.743,21
578.896,0
579.05,34
579.203,15
579.356,17
579.51,0
579.663,24
579.817,29
579.97,3
580.123,44
580.277,17
580.43,25
580.584,21
580.737,47
580.891,0
581.044,0
581.197,10
581.351,0
581.504,0
581.658,13
581.811,9
581.965,5
582.118,0
582.271,4
582.425,21
582.578,15
582.732,0
582.885,0
583.039,0
583.192,26
583.345,0
583.499,0
583.652,0
583.806,0
583.959,0
584.113,24
584.266,17
584.419,9
584.573,12
584.726,32
584.88,8
585.033,16
585.186,0
585.34,2
585.493,20
585.647,11
585.8,2
585.954,0
586.107,19
586.26,0
586.414,10
586.567,0
586.721,0
586.874,36
587.027,14
587.181,13
587.334,7
587.488,16
587.641,17
587.795,21
587.948,0
588.101,0
588.255,13
588.408,30
588.562,15
588.715,0
588.869,22
589.022,41
589.175,7
589.329,0
589.482,0
589.636,16
589.789,16
589.942,0
590.096,0
590.249,0
590.403,4
590.556,10
590.709,15
590.863,0
591.016,6
591.17,15
591.323,28
591.477,0
591.63,8
591.783,10
591.937,13
592.09,11
592.244,4
592.397,9
592.55,0
592.704,16
592.857,15
593.011,12
593.164,28
593.318,2
593.471,0
593.624,24
593.778,3
593.931,0
594.085,1
594.238,0
594.391,6
594.545,0
594.698,0
594.852,13
595.005,0
595.158,33
595.312,0
595.465,24
595.619,0
595.772,0
595.926,0
596.079,0
596.232,35
596.386,34
596.539,8
596.693,0
596.846,7
596.999,0
597.153,0
597.306,0
597.46,18
597.613,0
597.766,13
597.92,0
598.073,0
598.227,23
598.38,0
598.533,20
598.687,19
598.84,2
598.994,0
599.147,0
599.3,8
599.454,0
599.607,11
599.761,20
599.914,19
600.068,8
600.221,0
600.374,0
600.528,2
600.681,2
600.835,5
600.988,0
601.141,0
601.295,7
601.448,21
601.602,15
601.755,13
601.908,0
602.062,2
602.215,29
602.369,29
602.522,3
602.675,0
602.829,0
602.982,0
603.136,12
603.289,4
603.442,0
603.596,6
603.749,7
603.903,28
604.056,0
604.209,7
604.363,0
604.516,2
604.67,5
604.823,13
604.976,0
605.13,0
605.283,7
605.437,0
605.59,1
605.743,0
605.897,0
606.05,0
606.204,43
606.357,11
606.51,1
606.664,14
606.817,0
606.971,22
607.124,25
607.277,1
607.431,4
607.584,0
607.738,0
607.891,0
608.044,5
608.198,40
608.351,0
608.505,0
608.658,0
608.811,0
608.965,20
609.118,10
609.272,0
609.425,0
609.578,9
609.732,6
609.885,8
610.039,15
610.192,0
610.345,10
610.499,18
610.652,19
610.806,13
610.959,8
611.112,0
611.266,0
611.419,5
611.572,21
611.726,0
611.879,0
612.033,0
612.186,0
612.339,14
612.493,9
612.646,0
612.8,0
612.953,0
613.106,11
613.26,0
613.413,0
613.567,11
613.72,11
613.873,0
614.027,0
614.18,0
614.334,10
614.487,0
614.64,1
614.794,0
614.947,0
615.101,0
615.254,0
615.407,16
615.561,22
615.714,0
615.867,0
616.021,12
616.174,2
616.328,9
616.481,0
616.634,21
616.788,7
616.941,0
617.095,0
617.248,0
617.401,0
617.555,44
617.708,61
617.862,0
618.015,0
618.168,0
618.322,0
618.475,0
618.628,9
618.782,7
618.935,0
619.089,2
619.242,4
619.395,9
619.549,24
619.702,20
619.856,0
620.009,11
620.162,7
620.316,1
620.469,30
620.622,20
620.776,0
620.929,0
621.083,0
621.236,12
621.389,13
621.543,0
621.696,16
621.85,16
622.003,8
622.156,5
622.31,6
622.463,0
622.616,16
622.77,0
622.923,18
623.077,0
623.23,4
623.383,23
623.537,0
623.69,1
623.843,25
623.997,0
624.15,5
624.304,21
624.457,0
624.61,23
624.764,0
624.917,23
625.071,0
625.224,18
625.377,0
625.531,5
625.684,2
625.837,9
625.991,8
626.144,13
626.298,0
626.451,0
626.604,0
626.758,0
626.911,22
627.064,12
627.218,1
627.371,0
627.525,4
627.678,0
627.831,10
627.985,10
628.138,1
628.291,0
628.445,23
628.598,22
628.752,3
628.905,0
629.058,3
629.212,9
629.365,26
629.518,11
629.672,22
629.825,19
629.979,0
630.132,15
630.285,0
630.439,5
630.592,17
630.745,16
630.899,18
631.052,0
631.206,4
631.359,0
631.512,0
631.666,16
631.819,9
631.972,14
632.126,11
632.279,5
632.433,0
632.586,0
632.739,0
632.893,40
633.046,37
633.199,0
633.353,0
633.506,0
633.66,18
633.813,23
633.966,0
634.12,0
634.273,33
634.426,0
634.58,0
634.733,16
634.886,0
635.04,0
635.193,29
635.347,0
635.5,0
635.653,6
635.807,18
635.96,24
636.113,0
636.267,8
636.42,0
636.574,29
636.727,10
636.88,0
637.034,8
637.187,5
637.34,0
637.494,0
637.647,0
637.8,0
637.954,0
638.107,1
638.261,25
638.414,3
638.567,15
638.721,0
638.874,9
639.027,29
639.181,36
639.334,0
639.487,17
639.641,0
639.794,0
639.948,15
640.101,15
640.254,0
640.408,0
640.561,0
640.714,3
640.868,0
641.021,0
641.174,5
641.328,3
641.481,16
641.635,1
641.788,0
641.941,9
642.095,10
642.248,11
642.401,3
642.555,0
642.708,24
642.861,6
643.015,0
643.168,27
643.322,0
643.475,0
643.628,10
643.782,0
643.935,0
644.088,0
644.242,0
644.395,11
644.548,0
644.702,0
644.855,0
645.008,0
645.162,0
645.315,10
645.469,0
645.622,58
645.775,2
645.929,13
646.082,25
646.235,0
646.389,9
646.542,4
646.695,7
646.849,6
647.002,0
647.155,17
647.309,11
647.462,0
647.616,5
647.769,0
647.922,0
648.076,0
648.229,22
648.382,31
648.536,0
648.689,0
648.842,14
648.996,0
649.149,0
649.302,16
649.456,20
649.609,7
649.762,18
649.916,0
650.069,5
650.223,4
650.376,14
650.529,33
650.683,4
650.836,25
650.989,0
651.143,0
651.296,1
651.449,0
651.603,0
651.756,5
651.909,0
652.063,8
652.216,5
652.369,14
652.523,18
652.676,19
652.83,0
652.983,0
653.136,16
653.29,25
653.443,4
653.596,0
653.75,0
653.903,0
654.056,0
654.21,24
654.363,1
654.516,0
654.67,0
654.823,14
654.976,14
655.13,0
655.283,0
655.436,8
655.59,11
655.743,0
655.896,1
656.05,21
656.203,0
656.356,2
656.51,8
656.663,0
656.817,4
656.97,0
657.123,28
657.277,0
657.43,24
657.583,0
657.737,0
657.89,26
658.043,0
658.197,0
658.35,26
658.503,0
658.657,2
658.81,0
658.963,19
659.117,0
659.27,4
659.423,8
659.577,6
659.73,0
659.883,3
660.037,0
660.19,0
660.343,0
660.497,22
660.65,0
660.803,29
660.957,0
661.11,0
661.263,13
661.417,0
661.57,2
661.723,17
661.877,0
662.03,0
662.183,20
662.337,0
662.49,21
662.644,0
662.797,16
662.95,14
663.104,12
663.257,0
663.41,0
663.564,37
663.717,17
663.87,0
664.024,0
664.177,11
664.33,0
664.484,16
664.637,8
664.79,25
664.944,4
665.097,0
665.25,1
665.404,0
665.557,0
665.71,3
665.864,0
666.017,0
666.17,0
666.324,0
666.477,18
666.63,5
666.784,0
666.937,14
667.09,24
667.244,15
667.397,6
667.55,0
667.704,0
667.857,2
668.01,0
668.164,0
668.317,0
668.47,5
668.624,18
668.777,36
668.93,9
669.084,6
669.237,8
669.39,0
669.544,7
669.697,0
669.85,0
670.004,7
670.157,10
670.31,0
670.464,0
670.617,22
670.77,0
670.924,29
671.077,31
671.23,0
671.383,2
671.537,29
671.69,0
671.843,0
671.997,0
672.15,8
672.303,18
672.457,0
672.61,9
672.763,0
672.917,10
673.07,0
673.223,0
673.377,14
673.53,5
673.683,25
673.837,11
673.99,0
674.143,1
674.297,0
674.45,0
674.603,0
674.757,28
674.91,5
675.063,19
675.217,0
675.37,8
675.523,0
675.677,16
675.83,9
675.983,0
676.137,2
676.29,0
676.443,2
676.597,15
676.75,0
676.903,2
677.057,0
677.21,0
677.363,0
677.516,24
677.67,16
677.823,9
677.976,28
678.13,6
678.283,6
678.436,2
678.59,0
678.743,0
678.896,37
679.05,19
679.203,13
679.356,0
679.51,0
679.663,6
679.816,2
679.97,0
680.123,32
680.276,0
680.43,11
680.583,6
680.736,13
680.889,0
681.043,8
681.196,3
681.349,3
681.503,13
681.656,6
681.809,0
681.963,21
682.116,5
682.269,7
682.423,5
682.576,17
682.729,0
682.883,18
683.036,14
683.189,16
683.343,0
683.496,19
683.649,0
683.802,0
683.956,7
684.109,37
684.262,0
684.416,0
684.569,0
684.722,20
684.876,9
685.029,0
685.182,0
685.336,28
685.489,0
685.642,16
685.796,13
685.949,9
686.102,10
686.255,3
686.409,0
686.562,6
686.715,13
686.869,0
687.022,2
687.175,0
687.329,0
687.482,12
687.635,0
687.789,0
687.942,11
688.095,10
688.248,1
688.402,0
688.555,0
688.708,0
688.862,0
689.015,18
689.168,4
689.322,0
689.475,2
689.628,8
689.782,2
689.935,15
690.088,24
690.241,0
690.395,13
690.548,0
690.701,0
690.855,2
691.008,0
691.161,17
691.315,18
691.468,0
691.621,3
691.775,4
691.928,16
692.081,0
692.234,26
692.388,0
692.541,0
692.694,0
692.848,7
693.001,16
693.154,16
693.308,18
693.461,5
693.614,14
693.767,10
693.921,0
694.074,0
694.227,68
694.381,24
694.534,0
694.687,0
694.841,0
694.994,31
695.147,0
695.3,0
695.454,11
695.607,0
695.76,3
695.914,0
696.067,0
696.22,3
696.374,0
696.527,0
696.68,21
696.833,0
696.987,4
697.14,26
697.293,0
697.447,25
697.6,2
697.753,19
697.907,9
698.06,30
698.213,0
698.366,4
698.52,7
698.673,18
698.826,7
698.98,17
699.133,8
699.286,6
699.44,32
699.593,18
699.746,0
699.899,7
700.053,14
700.206,0
700.359,0
700.513,6
700.666,0
700.819,5
700.972,1
701.126,9
701.279,25
701.432,0
701.586,0
701.739,37
701.892,18
702.045,0
702.199,1
702.352,0
702.505,11
702.659,0
702.812,0
702.965,0
703.119,36
703.272,11
703.425,0
703.578,0
703.732,20
703.885,17
704.038,5
704.192,0
704.345,10
704.498,2
704.651,0
704.805,17
704.958,5
705.111,19
705.265,2
705.418,24
705.571,20
705.724,8
705.878,1
706.031,0
706.184,0
706.338,0
706.491,2
706.644,26
706.797,15
706.951,0
707.104,7
707.257,0
707.411,17
707.564,5
707.717,0
707.87,0
708.024,0
708.177,7
708.33,3
708.484,0
708.637,0
708.79,15
708.943,11
709.097,0
709.25,0
709.403,0
709.557,37
709.71,44
709.863,0
710.016,13
710.17,7
710.323,29
710.476,0
710.63,0
710.783,0
710.936,10
711.089,33
711.243,0
711.396,0
711.549,11
711.702,0
711.856,0
712.009,0
712.162,6
712.316,16
712.469,12
712.622,0
712.775,14
712.929,24
713.082,0
713.235,1
713.389,27
713.542,21
713.695,0
713.848,6
714.002,0
714.155,23
714.308,0
714.461,7
714.615,3
714.768,1
714.921,5
715.075,6
715.228,18
715.381,0
715.534,0
715.688,19
715.841,13
715.994,0
716.148,15
716.301,0
716.454,0
716.607,1
716.761,0
716.914,0
717.067,0
717.22,6
717.374,0
717.527,0
717.68,0
717.834,14
717.987,24
718.14,0
718.293,13
718.447,0
718.6,0
718.753,6
718.906,0
719.06,33
719.213,9
719.366,4
719.52,0
719.673,0
719.826,0
719.979,0
720.133,23
720.286,0
720.439,7
720.592,12
720.746,0
720.899,14
721.052,12
721.205,0
721.359,0
721.512,0
721.665,9
721.819,22
721.972,19
722.125,0
722.278,15
722.432,21
722.585,0
722.738,0
722.891,14
723.045,0
723.198,8
723.351,15
723.504,0
723.658,10
723.811,0
723.964,1
724.118,20
724.271,0
724.424,0
724.577,0
724.731,0
724.884,20
725.037,40
725.19,0
725.344,0
725.497,0
725.65,27
725.803,0
725.957,0
726.11,13
726.263,34
726.416,0
726.57,25
726.723,34
726.876,8
727.029,5
727.183,0
727.336,8
727.489,9
727.643,13
727.796,0
727.949,9
728.102,0
728.256,6
728.409,15
728.562,0
728.715,20
728.869,18
729.022,0
729.175,0
729.328,30
729.482,13
729.635,32
729.788,2
729.941,8
730.095,0
730.248,13
730.401,0
730.554,26
730.708,6
730.861,0
731.014,0
731.167,8
731.321,12
731.474,9
731.627,0
731.78,32
731.934,3
732.087,5
732.24,0
732.393,0
732.547,0
732.7,39
732.853,15
733.007,0
733.16,16
733.313,0
733.466,18
733.62,0
733.773,0
733.926,0
734.079,2
734.233,0
734.386,29
734.539,13
734.692,0
734.846,1
734.999,4
735.152,0
735.305,0
735.459,0
735.612,0
735.765,4
735.918,1
736.072,8
736.225,0
736.378,0
736.531,14
736.685,0
736.838,0
736.991,16
737.144,0
737.298,2
737.451,16
737.604,0
737.757,0
737.91,18
738.064,0
738.217,14
738.37,0
738.523,0
738.677,0
738.83,0
738.983,0
739.136,3
739.29,26
739.443,26
739.596,3
739.749,0
739.903,0
740.056,0
740.209,52
740.362,28
740.516,9
740.669,0
740.822,17
740.975,20
741.129,28
741.282,0
741.435,11
741.588,0
741.742,0
741.895,2
742.048,0
742.201,0
742.355,0
742.508,22
742.661,0
742.814,0
742.968,14
743.121,0
743.274,9
743.427,3
743.58,14
743.734,2
743.887,1
744.04,0
744.193,2
744.347,0
744.5,0
744.653,0
744.806,0
744.96,22
745.113,0
745.266,11
745.419,1
745.573,0
745.726,0
745.879,18
746.032,0
746.186,0
746.339,7
746.492,9
746.645,0
746.798,14
746.952,12
747.105,0
747.258,0
747.411,0
747.565,0
747.718,7
747.871,0
748.024,0
748.178,0
748.331,22
748.484,0
748.637,0
748.79,0
748.944,2
749.097,0
749.25,26
749.403,0
749.557,0
749.71,0
749.863,0
750.016,0
750.17,0
750.323,0
750.476,0
750.629,0
750.782,11
750.936,1
751.089,0
751.242,5
751.395,0
751.549,14
751.702,0
751.855,0
752.008,18
752.162,7
752.315,29
752.468,42
752.621,8
752.774,3
752.928,10
753.081,0
753.234,32
753.387,0
753.541,0
753.694,0
753.847,17
754,0
754.154,0
754.307,8
754.46,24
754.613,0
754.766,0
754.92,0
755.073,30
755.226,0
755.379,0
755.533,28
755.686,38
755.839,18
755.992,0
756.145,0
756.299,6
756.452,12
756.605,4
756.758,18
756.912,0
757.065,4
757.218,0
757.371,0
757.524,21
757.678,0
757.831,0
757.984,17
758.137,1
758.291,0
758.444,2
758.597,0
758.75,0
758.903,0
759.057,19
759.21,11
759.363,0
759.516,22
759.669,15
759.823,0
759.976,0
760.129,0
760.282,16
760.436,0
760.589,0
760.742,5
760.895,0
761.048,3
761.202,0
761.355,0
761.508,30
761.661,2
761.815,0
761.968,27
762.121,5
762.274,21
762.427,24
762.581,16
762.734,5
762.887,0
763.04,14
763.193,0
763.347,2
763.5,14
763.653,10
763.806,0
763.959,9
764.113,0
764.266,0
764.419,4
764.572,36
764.726,0
764.879,0
765.032,37
765.185,0
765.338,0
765.492,0
765.645,20
765.798,0
765.951,2
766.104,18
766.258,4
766.411,6
766.564,9
766.717,0
766.87,0
767.024,2
767.177,4
767.33,14
767.483,11
767.637,0
767.79,0
767.943,8
768.096,8
768.249,16
768.403,0
768.556,8
768.709,5
768.862,0
769.015,4
769.169,3
769.322,0
769.475,10
769.628,0
769.781,0
769.935,0
770.088,3
770.241,18
770.394,14
770.547,0
770.701,0
770.854,27
771.007,20
771.16,8
771.313,0
771.467,4
771.62,0
771.773,17
771.926,29
772.079,0
772.233,0
772.386,4
772.539,13
772.692,0
772.845,0
772.999,24
773.152,2
773.305,18
773.458,1
773.611,7
773.765,0
773.918,0
774.071,0
774.224,0
774.377,0
774.531,0
774.684,10
774.837,8
774.99,14
775.143,0
775.297,0
775.45,0
775.603,16
775.756,13
775.909,0
776.063,0
776.216,29
776.369,4
776.522,2
776.675,0
776.829,10
776.982,15
777.135,0
777.288,18
777.441,11
777.595,5
777.748,0
777.901,18
778.054,22
778.207,5
778.361,0
778.514,22
778.667,14
778.82,0
778.973,0
779.126,0
779.28,0
779.433,7
779.586,25
779.739,15
779.892,21
780.046,0
780.199,26
780.352,15
780.505,13
780.658,0
780.812,12
780.965,0
781.118,4
781.271,0
781.424,0
781.578,0
781.731,1
781.884,0
782.037,0
782.19,4
782.343,0
782.497,18
782.65,0
782.803,2
782.956,10
783.109,16
783.263,18
783.416,19
783.569,0
783.722,0
783.875,13
784.029,5
784.182,15
784.335,7
784.488,0
784.641,14
784.794,14
784.948,4
785.101,0
785.254,6
785.407,0
785.56,11
785.714,0
785.867,0
786.02,0
786.173,6
786.326,17
786.479,0
786.633,0
786.786,7
786.939,0
787.092,0
787.245,14
787.399,0
787.552,0
787.705,24
787.858,0
788.011,0
788.164,16
788.318,0
788.471,22
788.624,20
788.777,9
788.93,0
789.083,0
789.237,0
789.39,0
789.543,19
789.696,17
789.849,0
790.003,18
790.156,0
790.309,0
790.462,0
790.615,18
790.768,11
790.922,0
791.075,20
791.228,2
791.381,12
791.534,0
791.687,20
791.841,22
791.994,0
792.147,0
792.3,30
792.453,21
792.607,0
792.76,0
792.913,24
793.066,0
793.219,0
793.372,0
793.526,4
793.679,0
793.832,2
793.985,11
794.138,0
794.291,0
794.445,0
794.598,7
794.751,0
794.904,21
795.057,0
795.21,0
795.364,0
795.517,11
795.67,15
795.823,0
795.976,23
796.129,7
796.283,1
796.436,22
796.589,3
796.742,10
796.895,1
797.048,0
797.202,9
797.355,9
797.508,0
797.661,0
797.814,27
797.967,1
798.121,0
798.274,0
798.427,6
798.58,11
798.733,5
798.886,22
799.04,9
799.193,25
799.346,5
799.499,49
799.652,0
799.805,0
799.959,0
800.112,0
800.265,20
800.418,0
800.571,0
800.724,26
800.878,0
801.031,0
801.184,0
801.337,0
801.49,2
801.643,0
801.796,0
801.95,0
802.103,16
802.256,3
802.409,8
802.562,4
802.715,0
802.869,3
803.022,26
803.175,25
803.328,0
803.481,26
803.634,5
803.788,3
803.941,20
804.094,0
804.247,2
804.4,34
804.553,0
804.706,0
804.86,22
805.013,0
805.166,17
805.319,0
805.472,3
805.625,0
805.779,0
805.932,26
806.085,20
806.238,11
806.391,0
806.544,0
806.697,0
806.851,10
807.004,14
807.157,0
807.31,12
807.463,16
807.616,0
807.77,0
807.923,5
808.076,16
808.229,8
808.382,0
808.535,3
808.688,0
808.842,13
808.995,42
809.148,13
809.301,0
809.454,28
809.607,12
809.761,0
809.914,0
810.067,29
810.22,0
810.373,9
810.526,5
810.679,9
810.833,0
810.986,0
811.139,54
811.292,3
811.445,7
811.598,0
811.751,7
811.905,16
812.058,20
812.211,0
812.364,5
812.517,0
812.67,0
812.823,11
812.977,16
813.13,10
813.283,24
813.436,0
813.589,7
813.742,15
813.895,2
814.049,12
814.202,22
814.355,9
814.508,35
814.661,12
814.814,0
814.967,0
815.121,9
815.274,8
815.427,2
815.58,24
815.733,5
815.886,4
816.039,26
816.193,0
816.346,0
816.499,0
816.652,0
816.805,26
816.958,29
817.111,0
817.265,0
817.418,0
817.571,0
817.724,15
817.877,0
818.03,0
818.183,0
818.336,0
818.49,14
818.643,0
818.796,0
818.949,0
819.102,0
819.255,11
819.408,0
819.562,0
819.715,35
819.868,8
820.021,17
820.174,39
820.327,28
820.48,0
820.633,15
820.787,0
820.94,0
821.093,0
821.246,25
821.399,18
821.552,0
821.705,4
821.859,0
822.012,5
822.165,0
822.318,0
822.471,3
822.624,5
822.777,10
822.93,5
823.084,0
823.237,0
823.39,33
823.543,10
823.696,0
823.849,8
824.002,6
824.155,24
824.309,3
824.462,2
824.615,1
824.768,7
824.921,0
825.074,39
825.227,21
825.38,0
825.534,0
825.687,0
825.84,3
825.993,6
826.146,0
826.299,4
826.452,8
826.605,0
826.759,15
826.912,0
827.065,22
827.218,15
827.371,9
827.524,0
827.677,23
827.83,24
827.984,0
828.137,0
828.29,3
828.443,0
828.596,0
828.749,2
828.902,0
829.055,0
829.209,9
829.362,0
829.515,0
829.668,24
829.821,0
829.974,0
830.127,7
830.28,0
830.434,4
830.587,0
830.74,0
830.893,0
831.046,0
831.199,0
831.352,7
831.505,2
831.658,13
831.812,0
831.965,0
832.118,24
832.271,15
832.424,0
832.577,8
832.73,8
832.883,0
833.036,9
833.19,2
833.343,0
833.496,0
833.649,34
833.802,0
833.955,0
834.108,22
834.261,0
834.415,0
834.568,19
834.721,7
834.874,4
835.027,0
835.18,7
835.333,8
835.486,14
835.639,9
835.793,0
835.946,0
836.099,0
836.252,0
836.405,1
836.558,0
836.711,0
836.864,0
837.017,9
837.17,0
837.324,4
837.477,0
837.63,0
837.783,0
837.936,0
838.089,6
838.242,6
838.395,0
838.548,4
838.702,43
838.855,3
839.008,7
839.161,2
839.314,0
839.467,11
839.62,0
839.773,0
839.926,25
840.08,13
840.233,0
840.386,0
840.539,0
840.692,1
840.845,21
840.998,0
841.151,4
841.304,0
841.457,0
841.611,20
841.764,46
841.917,28
842.07,0
842.223,13
842.376,0
842.529,0
842.682,0
842.835,0
842.988,0
843.142,13
843.295,13
843.448,0
843.601,17
843.754,0
843.907,3
844.06,0
844.213,0
844.366,0
844.519,0
844.673,0
844.826,0
844.979,12
845.132,5
845.285,13
845.438,0
845.591,0
845.744,19
845.897,7
846.05,0
846.203,0
846.357,0
846.51,0
846.663,0
846.816,0
846.969,6
847.122,0
847.275,0
847.428,41
847.581,11
847.734,0
847.888,0
848.041,16
848.194,38
848.347,0
848.5,0
848.653,10
848.806,13
848.959,0
849.112,5
849.265,0
849.418,10
849.572,5
849.725,28
849.878,12
850.031,4
850.184,0
850.337,2
850.49,0
850.643,0
850.796,22
850.949,8
851.102,0
851.255,0
851.409,8
851.562,30
851.715,5
851.868,0
852.021,6
852.174,14
852.327,14
852.48,8
852.633,0
852.786,36
852.939,26
853.093,0
853.246,0
853.399,0
853.552,2
853.705,1
853.858,0
854.011,2
854.164,17
854.317,0
854.47,3
854.623,4
854.776,0
854.929,28
855.083,3
855.236,13
855.389,0
855.542,0
855.695,3
855.848,0
856.001,0
856.154,19
856.307,10
856.46,0
856.613,0
856.766,14
856.92,0
857.073,0
857.226,0
857.379,14
857.532,0
857.685,0
857.838,23
857.991,0
858.144,13
858.297,28
858.45,11
858.603,0
858.756,0
858.91,30
859.063,0
859.216,0
859.369,31
859.522,0
859.675,8
859.828,15
859.981,30
860.134,0
860.287,12
860.44,31
860.593,0
860.746,24
860.899,17
861.053,6
861.206,0
861.359,10
861.512,0
861.665,0
861.818,0
861.971,33
862.124,0
862.277,0
862.43,7
862.583,0
862.736,15
862.889,17
863.042,0
863.196,0
863.349,21
863.502,4
863.655,7
863.808,21
863.961,0
864.114,0
864.267,19
864.42,0
864.573,3
864.726,14
864.879,0
865.032,17
865.185,4
865.338,0
865.492,11
865.645,3
865.798,0
865.951,15
866.104,9
866.257,0
866.41,0
866.563,1
866.716,3
866.869,35
867.022,5
867.175,34
867.328,14
867.481,7
867.634,6
867.788,0
867.941,11
868.094,7
868.247,0
868.4,10
868.553,2
868.706,0
868.859,16
869.012,0
869.165,0
869.318,0
869.471,0
869.624,7
869.777,0
869.93,0
870.083,0
870.236,0
870.39,23
870.543,0
870.696,0
870.849,13
871.002,32
871.155,0
871.308,12
871.461,10
871.614,0
871.767,0
871.92,0
872.073,0
872.226,0
872.379,0
872.532,0
872.685,6
872.838,0
872.991,28
873.145,12
873.298,0
873.451,0
873.604,7
873.757,6
873.91,18
874.063,0
874.216,0
874.369,4
874.522,20
874.675,18
874.828,8
874.981,0
875.134,0
875.287,0
875.44,0
875.593,0
875.746,13
875.899,0
876.052,0
876.206,0
876.359,6
876.512,0
876.665,0
876.818,2
876.971,11
877.124,0
877.277,10
877.43,24
877.583,22
877.736,4
877.889,0
878.042,33
878.195,16
878.348,6
878.501,0
878.654,24
878.807,2
878.96,3
879.113,29
879.266,19
879.419,8
879.573,4
879.726,0
879.879,0
880.032,0
880.185,0
880.338,3
880.491,0
880.644,0
880.797,9
880.95,28
881.103,0
881.256,0
881.409,15
881.562,0
881.715,0
881.868,0
882.021,20
882.174,0
882.327,0
882.48,0
882.633,2
882.786,13
882.939,0
883.092,25
883.246,23
883.399,19
883.552,0
883.705,31
883.858,22
884.011,0
884.164,0
884.317,13
884.47,0
884.623,6
884.776,12
884.929,0
885.082,0
885.235,7
885.388,8
885.541,26
885.694,2
885.847,0
886,0
886.153,13
886.306,21
886.459,0
886.612,0
886.765,11
886.918,0
887.071,14
887.224,17
887.377,0
887.53,0
887.683,0
887.837,14
887.99,0
888.143,0
888.296,0
888.449,2
888.602,11
888.755,0
888.908,0
889.061,0
889.214,0
889.367,31
889.52,4
889.673,0
889.826,11
889.979,7
890.132,0
890.285,0
890.438,14
890.591,20
890.744,8
890.897,6
891.05,1
891.203,4
891.356,28
891.509,19
891.662,16
891.815,16
891.968,2
892.121,5
892.274,0
892.427,0
892.58,25
892.733,0
892.886,5
893.039,22
893.192,0
893.345,44
893.498,14
893.651,0
893.805,0
893.958,0
894.111,0
894.264,13
894.417,1
894.57,6
894.723,0
894.876,11
895.029,0
895.182,0
895.335,12
895.488,8
895.641,0
895.794,0
895.947,12
896.1,0
896.253,0
896.406,0
896.559,17
896.712,3
896.865,10
897.018,17
897.171,5
897.324,0
897.477,19
897.63,7
897.783,0
897.936,6
898.089,13
898.242,0
898.395,8
898.548,0
898.701,15
898.854,14
899.007,0
899.16,19
899.313,3
899.466,5
899.619,0
899.772,40
899.925,10
900.078,0
900.231,7
900.384,9
900.537,0
900.69,0
900.843,0
900.996,0
901.149,0
901.302,0
901.455,25
901.608,1
901.761,0
901.914,8
902.067,2
902.22,27
902.373,0
902.526,16
902.679,18
902.832,22
902.985,8
903.138,11
903.291,24
903.444,29
903.597,12
903.75,3
903.903,0
904.056,12
904.209,26
904.362,35
904.515,0
904.668,21
904.821,34
904.974,0
905.127,29
905.28,0
905.433,0
905.586,0
905.739,6
905.892,0
906.045,14
906.198,19
906.351,0
906.504,0
906.657,1
906.81,0
906.963,5
907.116,0
907.269,0
907.422,9
907.575,0
907.728,4
907.881,0
908.034,23
908.187,0
908.34,0
908.493,0
908.646,29
908.799,44
908.952,0
909.105,0
909.258,7
909.411,0
909.564,0
909.717,12
909.87,0
910.023,13
910.176,0
910.329,0
910.482,0
910.635,4
910.788,0
910.941,15
911.094,0
911.247,11
911.4,0
911.553,0
911.706,0
911.859,41
912.012,0
912.165,0
912.318,1
912.471,2
912.624,13
912.777,2
912.93,11
913.083,14
913.236,2
913.389,30
913.542,4
913.695,5
913.848,2
914.001,1
914.154,31
914.307,0
914.46,0
914.613,8
914.766,0
914.919,3
915.072,6
915.225,10
915.378,1
915.531,21
915.684,16
915.837,7
915.99,19
916.143,0
916.296,4
916.449,0
916.602,16
916.755,0
916.908,6
917.061,7
917.214,15
917.367,28
917.52,9
917.673,0
917.826,0
917.979,6
918.132,2
918.285,3
918.438,16
918.591,0
918.744,0
918.897,0
919.049,0
919.202,2
919.355,7
919.508,0
919.661,0
919.814,30
919.967,0
920.12,5
920.273,17
920.426,0
920.579,0
920.732,0
920.885,17
921.038,1
921.191,0
921.344,0
921.497,0
921.65,8
921.803,2
921.956,1
922.109,0
922.262,11
922.415,0
922.568,16
922.721,28
922.874,6
923.027,0
923.18,0
923.333,14
923.486,0
923.639,0
923.792,0
923.945,5
924.098,30
924.251,0
924.404,0
924.557,0
924.71,31
924.863,17
925.015,4
925.168,1
925.321,0
925.474,0
925.627,4
925.78,8
925.933,0
926.086,5
926.239,6
926.392,2
926.545,0
926.698,0
926.851,0
927.004,25
927.157,11
927.31,0
927.463,0
927.616,12
927.769,0
927.922,0
928.075,0
928.228,0
928.381,0
928.534,2
928.687,0
928.84,6
928.993,0
929.146,11
929.299,10
929.452,17
929.604,0
929.757,16
929.91,14
930.063,0
930.216,21
930.369,0
930.522,4
930.675,1
930.828,0
930.981,0
931.134,16
931.287,17
931.44,40
931.593,15
931.746,0
931.899,7
932.052,11
932.205,1
932.358,17
932.511,33
932.664,0
932.817,29
932.97,0
933.123,1
933.275,9
933.428,4
933.581,12
933.734,25
933.887,11
934.04,21
934.193,10
934.346,2
934.499,18
934.652,16
934.805,0
934.958,0
935.111,12
935.264,1
935.417,0
935.57,0
935.723,6
935.876,0
936.029,0
936.182,32
936.335,12
936.487,20
936.64,6
936.793,0
936.946,0
937.099,18
937.252,0
937.405,0
937.558,0
937.711,0
937.864,0
938.017,4
938.17,0
938.323,15
938.476,0
938.629,0
938.782,27
938.935,0
939.088,0
939.241,33
939.393,47
939.546,13
939.699,0
939.852,14
940.005,5
940.158,2
940.311,0
940.464,0
940.617,0
940.77,22
940.923,0
941.076,0
941.229,5
941.382,11
941.535,18
941.688,0
941.841,13
941.994,0
942.146,0
942.299,6
942.452,0
942.605,0
942.758,0
942.911,0
943.064,0
943.217,0
943.37,8
943.523,15
943.676,10
943.829,0
943.982,4
944.135,6
944.288,17
944.441,10
944.593,13
944.746,8
944.899,0
945.052,0
945.205,0
945.358,0
945.511,0
945.664,12
945.817,11
945.97,0
946.123,6
946.276,0
946.429,0
946.582,16
946.735,0
946.887,16
947.04,3
947.193,0
947.346,0
947.499,30
947.652,0
947.805,9
947.958,51
948.111,0
948.264,0
948.417,10
948.57,10
948.723,0
948.876,0
949.029,1
949.181,0
949.334,0
949.487,6
949.64,0
949.793,0
949.946,8
950.099,0
950.252,6
950.405,14
950.558,9
950.711,10
950.864,0
951.017,2
951.169,1
951.322,0
951.475,24
951.628,0
951.781,0
951.934,8
952.087,17
952.24,13
952.393,1
952.546,18
952.699,3
952.852,17
953.005,0
953.157,17
953.31,0
953.463,3
953.616,23
953.769,0
953.922,4
954.075,0
954.228,0
954.381,0
954.534,8
954.687,12
954.84,2
954.993,16
955.145,4
955.298,4
955.451,0
955.604,9
955.757,15
955.91,5
956.063,0
956.216,0
956.369,0
956.522,0
956.675,0
956.828,4
956.98,0
957.133,0
957.286,0
957.439,0
957.592,0
957.745,19
957.898,13
958.051,0
958.204,0
958.357,8
958.51,12
958.663,0
958.815,2
958.968,0
959.121,0
959.274,0
959.427,0
959.58,14
959.733,0
959.886,34
960.039,0
960.192,0
960.345,11
960.497,8
960.65,6
960.803,2
960.956,12
961.109,0
961.262,17
961.415,0
961.568,0
961.721,8
961.874,0
962.027,34
962.179,24
962.332,0
962.485,0
962.638,0
962.791,0
962.944,0
963.097,0
963.25,0
963.403,15
963.556,0
963.708,0
963.861,24
964.014,13
964.167,0
964.32,0
964.473,4
964.626,5
964.779,0
964.932,22
965.085,12
965.237,0
965.39,0
965.543,0
965.696,0
965.849,0
966.002,1
966.155,9
966.308,26
966.461,17
966.614,0
966.766,0
966.919,19
967.072,0
967.225,0
967.378,13
967.531,16
967.684,0
967.837,0
967.99,0
968.143,0
968.295,0
968.448,0
968.601,0
968.754,8
968.907,0
969.06,0
969.213,0
969.366,0
969.519,0
969.671,0
969.824,24
969.977,49
970.13,3
970.283,0
970.436,0
970.589,0
970.742,0
970.895,0
971.048,0
971.2,0
971.353,0
971.506,9
971.659,1
971.812,0
971.965,0
972.118,0
972.271,19
972.424,0
972.576,0
972.729,4
972.882,12
973.035,0
973.188,0
973.341,21
973.494,1
973.647,0
973.799,0
973.952,21
974.105,0
974.258,28
974.411,0
974.564,14
974.717,29
974.87,0
975.023,1
975.175,9
975.328,19
975.481,9
975.634,7
975.787,20
975.94,35
976.093,13
976.246,14
976.399,9
976.551,0
976.704,0
976.857,14
977.01,0
977.163,0
977.316,0
977.469,0
977.622,0
977.774,17
977.927,22
978.08,3
978.233,24
978.386,4
978.539,34
978.692,8
978.845,0
978.997,0
979.15,0
979.303,23
979.456,9
979.609,0
979.762,0
979.915,34
980.068,0
980.22,0
980.373,19
980.526,0
980.679,7
980.832,19
980.985,0
981.138,14
981.291,14
981.443,0
981.596,10
981.749,0
981.902,0
982.055,14
982.208,13
982.361,0
982.514,0
982.666,5
982.819,28
982.972,0
983.125,46
983.278,18
983.431,0
983.584,16
983.736,13
983.889,28
984.042,17
984.195,0
984.348,0
984.501,22
984.654,0
984.807,19
984.959,0
985.112,53
985.265,37
985.418,17
985.571,0
985.724,0
985.877,0
986.029,25
986.182,8
986.335,8
986.488,4
986.641,18
986.794,0
986.947,8
987.1,11
987.252,4
987.405,0
987.558,10
987.711,6
987.864,3
988.017,0
988.17,0
988.322,0
988.475,21
988.628,28
988.781,0
988.934,10
989.087,30
989.24,8
989.392,0
989.545,2
989.698,0
989.851,13
990.004,0
990.157,0
990.31,24
990.462,10
990.615,14
990.768,0
990.921,16
991.074,2
991.227,1
991.38,14
991.532,25
991.685,0
991.838,0
991.991,9
992.144,17
992.297,18
992.45,0
992.602,10
992.755,0
992.908,0
993.061,2
993.214,14
993.367,3
993.519,19
993.672,0
993.825,8
993.978,5
994.131,0
994.284,0
994.437,0
994.589,22
994.742,0
994.895,0
995.048,11
995.201,0
995.354,6
995.507,12
995.659,28
995.812,9
995.965,0
996.118,0
996.271,6
996.424,0
996.576,10
996.729,9
996.882,18
997.035,7
997.188,24
997.341,14
997.493,0
997.646,0
997.799,18
997.952,10
998.105,21
998.258,0
998.411,0
998.563,0
998.716,0
998.869,10
999.022,10
999.175,33
999.328,21
999.48,2
999.633,0
999.786,0
