39.5139,0
39.7161,6
39.918,51
40.1196,12
40.3209,0
40.5218,0
40.7224,6
40.9227,0
41.1227,2
41.3224,0
41.5217,16
41.7208,7
41.9195,2
42.1179,0
42.316,16
42.5138,3
42.7113,8
42.9084,34
43.1053,2
43.3019,7
43.4982,0
43.6941,0
43.8898,21
44.0852,0
44.2803,23
44.4751,0
44.6696,0
44.8638,0
45.0577,0
45.2514,0
45.4447,16
45.6378,7
45.8306,4
46.0231,0
46.2153,21
46.4072,24
46.5989,13
46.7903,0
46.9814,0
47.1722,0
47.3628,0
47.5531,0
47.7431,10
47.9329,1
48.1223,0
48.3116,0
48.5005,32
48.6892,0
48.8776,1
49.0658,5
49.2537,0
49.4414,19
49.6288,38
49.8159,0
50.0028,0
50.1894,48
50.3757,24
50.5619,0
50.7477,0
50.9333,0
51.1187,17
51.3038,0
51.4887,0
51.6733,4
51.8577,0
52.0418,14
52.2257,42
52.4094,26
52.5928,0
52.7759,0
52.9589,6
53.1416,0
53.324,0
53.5062,0
53.6882,29
53.87,3
54.0515,4
54.2328,9
54.4138,0
54.5947,16
54.7753,16
54.9556,0
55.1358,0
55.3157,0
55.4954,5
55.6748,17
55.8541,0
56.0331,0
56.2119,8
56.3905,0
56.5688,0
56.747,15
56.9249,45
57.1026,1
57.2801,0
57.4574,4
57.6344,24
57.8113,0
57.9879,0
58.1643,1
58.3406,0
58.5166,0
58.6923,8
58.8679,21
59.0433,13
59.2185,0
59.3934,0
59.5682,0
59.7427,18
59.9171,7
60.0912,0
60.2652,19
60.4389,9
60.6125,30
60.7858,8
60.9589,0
61.1319,0
61.3046,1
61.4772,33
61.6495,4
61.8217,0
61.9936,6
62.1654,8
62.337,2
62.5084,0
62.6795,0
62.8505,0
63.0213,6
63.192,8
63.3624,2
63.5326,0
63.7027,0
63.8725,13
64.0422,4
64.2117,2
64.381,12
64.5502,4
64.7191,22
64.8878,7
65.0564,26
65.2248,10
65.393,4
65.5611,44
65.7289,23
65.8966,0
66.0641,0
66.2314,0
66.3985,11
66.5655,8
66.7323,7
66.8989,0
67.0653,6
67.2316,0
67.3977,7
67.5636,12
67.7293,0
67.8949,27
68.0603,18
68.2255,16
68.3906,0
68.5554,14
68.7202,13
68.8847,11
69.0491,0
69.2133,6
69.3774,6
69.5412,14
69.705,0
69.8685,5
70.0319,27
70.1951,0
70.3582,0
70.5211,5
70.6838,0
70.8464,0
71.0088,15
71.171,6
71.3331,0
71.4951,18
71.6568,7
71.8185,0
71.9799,0
72.1412,23
72.3023,27
72.4633,12
72.6242,38
72.7848,44
72.9453,13
73.1057,0
73.2659,2
73.426,20
73.5859,13
73.7456,15
73.9052,0
74.0647,4
74.224,0
74.3831,11
74.5421,8
74.7009,0
74.8596,15
75.0182,0
75.1766,0
75.3348,34
75.4929,22
75.6509,0
75.8087,0
75.9664,13
76.1239,16
76.2813,7
76.4385,0
76.5956,22
76.7525,28
76.9093,0
77.066,52
77.2225,14
77.3788,0
77.5351,29
77.6911,49
77.8471,32
78.0029,14
78.1586,0
78.3141,0
78.4695,0
78.6247,0
78.7798,0
78.9348,0
79.0896,0
79.2443,0
79.3989,27
79.5533,0
79.7076,0
79.8618,11
80.0158,8
80.1697,0
80.3234,0
80.477,10
80.6305,15
80.7838,6
80.9371,11
81.0901,19
81.2431,22
81.3959,14
81.5486,0
81.7012,0
81.8536,17
82.0059,21
82.1581,20
82.3101,0
82.462,6
82.6138,0
82.7654,13
82.917,0
83.0684,0
83.2196,10
83.3708,0
83.5218,10
83.6727,33
83.8234,11
83.9741,25
84.1246,0
84.275,12
84.4253,1
84.5754,8
84.7254,44
84.8753,22
85.0251,16
85.1747,12
85.3243,15
85.4737,0
85.623,0
85.7721,13
85.9212,7
86.0701,0
86.2189,17
86.3676,12
86.5161,13
86.6646,0
86.8129,0
86.9611,21
87.1092,0
87.2572,0
87.405,0
87.5527,22
87.7004,0
87.8479,0
87.9952,11
88.1425,0
88.2897,11
88.4367,24
88.5836,0
88.7304,25
88.8771,14
89.0237,7
89.1701,0
89.3165,2
89.4627,28
89.6089,28
89.7549,30
89.9008,25
90.0465,5
90.1922,0
90.3378,0
90.4832,29
90.6286,40
90.7738,0
90.9189,0
91.0639,14
91.2088,5
91.3536,0
91.4983,0
91.6429,3
91.7873,4
91.9317,21
92.0759,12
92.2201,0
92.3641,0
92.508,31
92.6518,4
92.7955,0
92.9391,0
93.0826,7
93.226,2
93.3693,1
93.5125,21
93.6555,13
93.7985,0
93.9414,0
94.0841,0
94.2268,3
94.3693,10
94.5118,28
94.6541,1
94.7964,0
94.9385,0
95.0805,13
95.2225,13
95.3643,2
95.506,4
95.6476,0
95.7892,0
95.9306,13
96.0719,0
96.2131,5
96.3543,5
96.4953,0
96.6362,0
96.777,33
96.9177,0
97.0584,19
97.1989,0
97.3393,10
97.4796,20
97.6199,14
97.76,0
97.9,16
98.04,0
98.1798,5
98.3195,8
98.4592,30
98.5987,1
98.7382,12
98.8775,0
99.0168,9
99.1559,19
99.295,2
99.434,8
99.5729,26
99.7116,28
99.8503,27
99.9889,0
100.127,2
100.266,27
100.404,0
100.542,0
100.68,16
100.818,20
100.956,0
101.094,6
101.232,0
101.37,0
101.507,0
101.645,0
101.782,16
101.919,0
102.057,0
102.194,20
102.331,17
102.468,8
102.605,0
102.741,0
102.878,0
103.014,0
103.151,5
103.287,50
103.424,48
103.56,0
103.696,4
103.832,19
103.968,15
104.104,0
104.24,0
104.375,0
104.511,11
104.646,10
104.782,0
104.917,0
105.052,15
105.188,0
105.323,15
105.458,23
105.592,5
105.727,21
105.862,1
105.997,22
106.131,21
106.266,10
106.4,19
106.534,4
106.669,0
106.803,1
106.937,0
107.071,0
107.205,5
107.338,14
107.472,8
107.606,16
107.739,22
107.873,34
108.006,0
108.139,7
108.273,18
108.406,24
108.539,9
108.672,0
108.805,0
108.938,4
109.07,0
109.203,0
109.336,12
109.468,0
109.6,0
109.733,23
109.865,12
109.997,9
110.129,21
110.261,9
110.393,19
110.525,12
110.657,14
110.788,3
110.92,7
111.052,2
111.183,14
111.314,0
111.446,0
111.577,0
111.708,8
111.839,16
111.97,4
112.101,20
112.232,6
112.363,2
112.493,0
112.624,0
112.754,6
112.885,22
113.015,2
113.145,0
113.276,10
113.406,31
113.536,0
113.666,44
113.796,33
113.926,8
114.055,18
114.185,4
114.315,17
114.444,0
114.574,0
114.703,14
114.832,11
114.962,0
115.091,0
115.22,18
115.349,0
115.478,16
115.607,0
115.735,0
115.864,0
115.993,6
116.121,11
116.25,0
116.378,7
116.507,1
116.635,4
116.763,0
116.891,0
117.019,14
117.147,10
117.275,11
117.403,0
117.531,0
117.659,43
117.786,28
117.914,0
118.041,0
118.169,0
118.296,8
118.423,27
118.551,0
118.678,0
118.805,2
118.932,35
119.059,1
119.186,22
119.312,24
119.439,8
119.566,7
119.692,4
119.819,12
119.945,0
120.072,4
120.198,8
120.324,16
120.451,25
120.577,0
120.703,0
120.829,0
120.955,2
121.08,27
121.206,0
121.332,0
121.458,3
121.583,0
121.709,18
121.834,10
121.959,13
122.085,0
122.21,8
122.335,21
122.46,22
122.585,4
122.71,0
122.835,2
122.96,0
123.085,4
123.209,24
123.334,19
123.459,0
123.583,17
123.708,0
123.832,24
123.956,32
124.081,12
124.205,4
124.329,0
124.453,0
124.577,0
124.701,0
124.825,5
124.949,5
125.072,0
125.196,13
125.32,3
125.443,0
125.567,0
125.69,13
125.814,7
125.937,0
126.06,3
126.183,0
126.306,21
126.429,0
126.552,0
126.675,11
126.798,0
126.921,0
127.044,5
127.166,0
127.289,6
127.412,22
127.534,29
127.657,0
127.779,0
127.901,17
128.023,11
128.146,0
128.268,0
128.39,0
128.512,0
128.634,26
128.756,9
128.878,0
128.999,0
129.121,0
129.243,0
129.364,25
129.486,18
129.607,10
129.729,0
129.85,0
129.971,0
130.092,45
130.214,8
130.335,22
130.456,0
130.577,8
130.698,3
130.819,1
130.939,0
131.06,0
131.181,29
131.302,12
131.422,0
131.543,14
131.663,30
131.784,17
131.904,0
132.024,0
132.144,11
132.265,0
132.385,0
132.505,2
132.625,0
132.745,11
132.865,18
132.985,0
133.104,17
133.224,0
133.344,0
133.463,5
133.583,0
133.702,15
133.822,0
133.941,0
134.061,0
134.18,14
134.299,2
134.418,0
134.537,0
134.656,11
134.775,12
134.894,0
135.013,15
135.132,3
135.251,28
135.369,16
135.488,26
135.607,0
135.725,0
135.844,4
135.962,31
136.081,9
136.199,0
136.317,0
136.436,30
136.554,0
136.672,0
136.79,19
136.908,5
137.026,28
137.144,16
137.262,0
137.379,11
137.497,0
137.615,0
137.733,16
137.85,16
137.968,13
138.085,0
138.203,9
138.32,27
138.437,0
138.555,0
138.672,24
138.789,24
138.906,0
139.023,0
139.14,0
139.257,19
139.374,0
139.491,0
139.608,0
139.724,3
139.841,0
139.958,1
140.074,14
140.191,0
140.307,6
140.424,12
140.54,20
140.657,0
140.773,0
140.889,12
141.005,4
141.121,25
141.237,0
141.353,14
141.469,7
141.585,6
141.701,0
141.817,0
141.933,61
142.049,47
142.164,0
142.28,0
142.396,13
142.511,0
142.627,0
142.742,11
142.857,0
142.973,0
143.088,0
143.203,0
143.318,8
143.434,0
143.549,12
143.664,0
143.779,15
143.894,0
144.008,7
144.123,31
144.238,17
144.353,2
144.468,9
144.582,19
144.697,0
144.811,0
144.926,21
145.04,10
145.155,0
145.269,0
145.383,28
145.498,19
145.612,19
145.726,6
145.84,18
145.954,0
146.068,0
146.182,0
146.296,3
146.41,13
146.524,0
146.638,0
146.751,0
146.865,32
146.979,0
147.092,31
147.206,0
147.319,8
147.433,26
147.546,20
147.66,0
147.773,0
147.886,0
148,1
148.113,0
148.226,0
148.339,11
148.452,23
148.565,17
148.678,4
148.791,20
148.904,21
149.016,28
149.129,0
149.242,28
149.355,0
149.467,0
149.58,13
149.692,10
149.805,22
149.917,11
150.03,21
150.142,0
150.254,0
150.367,13
150.479,0
150.591,3
150.703,0
150.815,0
150.927,7
151.039,12
151.151,0
151.263,0
151.375,20
151.487,0
151.599,2
151.711,0
151.822,0
151.934,0
152.045,19
152.157,20
152.269,11
152.38,0
152.491,8
152.603,11
152.714,20
152.825,8
152.937,36
153.048,0
153.159,0
153.27,46
153.381,23
153.492,11
153.603,2
153.714,0
153.825,0
153.936,4
154.047,13
154.158,6
154.268,13
154.379,8
154.49,18
154.6,146
154.711,168
154.822,77
154.932,0
155.042,0
155.153,16
155.263,17
155.374,4
155.484,0
155.594,3
155.704,28
155.814,0
155.924,21
156.035,0
156.145,0
156.255,0
156.364,20
156.474,25
156.584,0
156.694,0
156.804,0
156.914,0
157.023,0
157.133,18
157.243,2
157.352,9
157.462,1
157.571,9
157.681,3
157.79,11
157.899,11
158.009,5
158.118,3
158.227,5
158.336,0
158.446,16
158.555,23
158.664,6
158.773,0
158.882,0
158.991,11
159.1,1
159.209,0
159.317,10
159.426,11
159.535,4
159.644,13
159.752,8
159.861,0
159.97,0
160.078,0
160.187,0
160.295,26
160.404,4
160.512,11
160.62,8
160.729,0
160.837,2
160.945,6
161.053,21
161.162,89
161.27,59
161.378,9
161.486,8
161.594,0
161.702,0
161.81,34
161.918,1
162.026,0
162.133,0
162.241,4
162.349,9
162.457,23
162.564,0
162.672,15
162.779,9
162.887,4
162.994,0
163.102,0
163.209,0
163.317,3
163.424,4
163.531,0
163.639,33
163.746,7
163.853,0
163.96,0
164.067,0
164.175,19
164.282,42
164.389,12
164.496,5
164.603,3
164.709,14
164.816,0
164.923,13
165.03,0
165.137,0
165.243,32
165.35,0
165.457,0
165.563,19
165.67,0
165.776,0
165.883,20
165.989,13
166.096,2
166.202,0
166.309,5
166.415,0
166.521,0
166.627,0
166.734,9
166.84,22
166.946,0
167.052,3
167.158,28
167.264,3
167.37,0
167.476,0
167.582,17
167.688,6
167.794,0
167.899,14
168.005,0
168.111,0
168.217,22
168.322,0
168.428,0
168.533,0
168.639,0
168.745,16
168.85,15
168.955,0
169.061,0
169.166,0
169.272,17
169.377,0
169.482,0
169.587,27
169.693,0
169.798,0
169.903,14
170.008,2
170.113,0
170.218,0
170.323,26
170.428,0
170.533,8
170.638,19
170.743,0
170.847,0
170.952,26
171.057,11
171.162,0
171.266,23
171.371,56
171.476,14
171.58,20
171.685,0
171.789,14
171.894,17
171.998,0
172.102,0
172.207,28
172.311,22
172.415,0
172.52,0
172.624,2
172.728,0
172.832,4
172.936,2
173.04,0
173.145,0
173.249,0
173.353,1
173.457,0
173.56,35
173.664,38
173.768,20
173.872,16
173.976,0
174.08,2
174.183,9
174.287,7
174.391,0
174.494,0
174.598,0
174.701,54
174.805,24
174.908,1
175.012,0
175.115,0
175.219,0
175.322,6
175.425,0
175.529,15
175.632,15
175.735,0
175.838,0
175.941,21
176.045,0
176.148,0
176.251,0
176.354,6
176.457,4
176.56,24
176.663,0
176.766,11
176.868,18
176.971,0
177.074,0
177.177,0
177.28,21
177.382,14
177.485,14
177.588,0
177.69,11
177.793,4
177.895,2
177.998,8
178.1,0
178.203,4
178.305,0
178.408,0
178.51,0
178.612,8
178.714,23
178.817,6
178.919,0
179.021,5
179.123,12
179.225,0
179.328,2
179.43,2
179.532,0
179.634,6
179.736,13
179.838,29
179.939,11
180.041,39
180.143,33
180.245,0
180.347,0
180.449,5
180.55,6
180.652,0
180.754,0
180.855,10
180.957,17
181.058,38
181.16,24
181.262,1
181.363,25
181.464,0
181.566,0
181.667,3
181.769,15
181.87,0
181.971,0
182.072,0
182.174,0
182.275,10
182.376,2
182.477,17
182.578,3
182.679,1
182.78,14
182.881,0
182.982,0
183.083,0
183.184,24
183.285,16
183.386,4
183.487,3
183.588,0
183.689,0
183.789,6
183.89,2
183.991,0
184.091,10
184.192,30
184.293,10
184.393,0
184.494,17
184.594,0
184.695,13
184.795,0
184.896,19
184.996,34
185.096,7
185.197,0
185.297,0
185.397,25
185.498,0
185.598,0
185.698,0
185.798,0
185.898,11
185.998,17
186.098,30
186.198,0
186.298,0
186.398,0
186.498,9
186.598,6
186.698,0
186.798,2
186.898,0
186.998,14
187.098,22
187.197,0
187.297,11
187.397,27
187.496,0
187.596,14
187.696,9
187.795,20
187.895,0
187.994,0
188.094,7
188.193,0
188.293,0
188.392,0
188.491,13
188.591,34
188.69,7
188.789,0
188.889,0
188.988,11
189.087,0
189.186,15
189.285,0
189.385,22
189.484,20
189.583,12
189.682,16
189.781,0
189.88,0
189.979,15
190.078,14
190.177,13
190.276,12
190.374,0
190.473,23
190.572,2
190.671,9
190.769,0
190.868,0
190.967,0
191.066,0
191.164,0
191.263,0
191.361,4
191.46,11
191.558,20
191.657,0
191.755,18
191.854,19
191.952,22
192.051,7
192.149,0
192.247,26
192.346,10
192.444,0
192.542,2
192.64,7
192.738,0
192.837,0
192.935,8
193.033,0
193.131,0
193.229,11
193.327,24
193.425,11
193.523,25
193.621,9
193.719,9
193.817,0
193.915,9
194.012,29
194.11,0
194.208,3
194.306,18
194.404,0
194.501,0
194.599,0
194.697,0
194.794,33
194.892,42
194.989,20
195.087,0
195.185,0
195.282,0
195.379,0
195.477,0
195.574,0
195.672,24
195.769,0
195.866,0
195.964,16
196.061,1
196.158,10
196.256,0
196.353,28
196.45,4
196.547,1
196.644,16
196.741,2
196.838,11
196.935,28
197.032,0
197.129,0
197.226,0
197.323,0
197.42,0
197.517,0
197.614,6
197.711,0
197.808,0
197.905,0
198.001,11
198.098,4
198.195,0
198.292,0
198.388,8
198.485,0
198.581,0
198.678,16
198.775,7
198.871,0
198.968,0
199.064,43
199.161,0
199.257,7
199.353,20
199.45,10
199.546,25
199.643,14
199.739,7
199.835,11
199.931,1
200.028,0
200.124,19
200.22,0
200.316,11
200.412,1
200.509,0
200.605,1
200.701,0
200.797,21
200.893,7
200.989,0
201.085,0
201.181,2
201.277,0
201.372,0
201.468,2
201.564,0
201.66,25
201.756,34
201.852,30
201.947,23
202.043,52
202.139,55
202.234,10
202.33,0
202.426,0
202.521,8
202.617,0
202.712,4
202.808,4
202.903,2
202.999,4
203.094,0
203.19,0
203.285,15
203.381,0
203.476,0
203.571,1
203.667,14
203.762,23
203.857,0
203.952,29
204.048,19
204.143,0
204.238,9
204.333,0
204.428,37
204.523,50
204.618,0
204.713,0
204.808,0
204.903,1
204.998,0
205.093,0
205.188,16
205.283,0
205.378,29
205.473,14
205.568,13
205.663,13
205.757,1
205.852,8
205.947,19
206.042,0
206.136,0
206.231,2
206.326,15
206.42,0
206.515,0
206.609,20
206.704,0
206.798,0
206.893,0
206.987,0
207.082,1
207.176,0
207.271,6
207.365,7
207.459,0
207.554,0
207.648,8
207.742,0
207.837,0
207.931,16
208.025,0
208.119,0
208.214,2
208.308,12
208.402,6
208.496,11
208.59,7
208.684,4
208.778,0
208.872,12
208.966,0
209.06,0
209.154,18
209.248,0
209.342,22
209.436,18
209.53,20
209.624,15
209.717,32
209.811,13
209.905,0
209.999,9
210.092,0
210.186,11
210.28,0
210.374,0
210.467,0
210.561,0
210.654,0
210.748,0
210.842,17
210.935,16
211.029,20
211.122,7
211.215,0
211.309,0
211.402,20
211.496,0
211.589,0
211.682,2
211.776,0
211.869,5
211.962,29
212.056,19
212.149,0
212.242,4
212.335,21
212.428,10
212.522,9
212.615,38
212.708,0
212.801,0
212.894,22
212.987,41
213.08,104
213.173,66
213.266,28
213.359,0
213.452,38
213.545,0
213.638,0
213.731,0
213.823,39
213.916,32
214.009,19
214.102,0
214.195,0
214.287,0
214.38,0
214.473,0
214.565,2
214.658,0
214.751,0
214.843,8
214.936,0
215.028,12
215.121,0
215.214,11
215.306,0
215.399,0
215.491,0
215.583,19
215.676,0
215.768,10
215.861,0
215.953,0
216.045,0
216.138,0
216.23,1
216.322,34
216.414,0
216.507,13
216.599,8
216.691,11
216.783,0
216.875,11
216.968,0
217.06,0
217.152,17
217.244,0
217.336,0
217.428,0
217.52,17
217.612,15
217.704,1
217.796,1
217.888,0
217.98,13
218.071,0
218.163,29
218.255,33
218.347,1
218.439,0
218.53,10
218.622,0
218.714,11
218.806,0
218.897,5
218.989,0
219.081,0
219.172,28
219.264,107
219.355,83
219.447,36
219.539,7
219.63,0
219.722,0
219.813,0
219.905,8
219.996,14
220.087,0
220.179,2
220.27,0
220.362,0
220.453,12
220.544,0
220.636,0
220.727,16
220.818,0
220.909,3
221.001,15
221.092,0
221.183,0
221.274,0
221.365,0
221.456,29
221.547,0
221.638,5
221.73,0
221.821,0
221.912,16
222.003,0
222.094,20
222.185,7
222.276,0
222.366,14
222.457,0
222.548,0
222.639,6
222.73,0
222.821,0
222.912,0
223.002,17
223.093,37
223.184,9
223.275,41
223.365,42
223.456,41
223.547,13
223.637,4
223.728,0
223.818,36
223.909,0
224,36
224.09,1
224.181,6
224.271,13
224.362,4
224.452,28
224.543,0
224.633,14
224.723,0
224.814,9
224.904,18
224.995,19
225.085,0
225.175,24
225.266,0
225.356,0
225.446,0
225.536,0
225.627,8
225.717,6
225.807,0
225.897,6
225.987,0
226.077,5
226.167,0
226.258,9
226.348,0
226.438,16
226.528,0
226.618,10
226.708,0
226.798,16
226.888,4
226.978,0
227.067,0
227.157,0
227.247,3
227.337,13
227.427,2
227.517,0
227.607,4
227.696,18
227.786,18
227.876,15
227.966,0
228.055,0
228.145,17
228.235,0
228.324,2
228.414,0
228.504,0
228.593,2
228.683,22
228.772,0
228.862,15
228.951,0
229.041,8
229.13,4
229.22,15
229.309,0
229.399,0
229.488,0
229.577,1
229.667,15
229.756,74
229.845,154
229.935,111
230.024,12
230.113,0
230.203,0
230.292,13
230.381,11
230.47,0
230.559,0
230.649,3
230.738,0
230.827,0
230.916,12
231.005,0
231.094,0
231.183,0
231.272,0
231.361,0
231.45,0
231.539,3
231.628,0
231.717,0
231.806,0
231.895,0
231.984,16
232.073,24
232.162,32
232.251,0
232.339,1
232.428,79
232.517,98
232.606,45
232.695,11
232.783,0
232.872,3
232.961,29
233.049,0
233.138,26
233.227,35
233.315,6
233.404,5
233.493,0
233.581,12
233.67,0
233.758,0
233.847,0
233.935,12
234.024,0
234.112,0
234.201,0
234.289,0
234.378,6
234.466,30
234.554,9
234.643,0
234.731,46
234.819,13
234.908,0
234.996,0
235.084,7
235.172,0
235.261,12
235.349,0
235.437,0
235.525,0
235.613,14
235.702,8
235.79,14
235.878,21
235.966,6
236.054,0
236.142,0
236.23,12
236.318,2
236.406,0
236.494,0
236.582,0
236.67,11
236.758,0
236.846,21
236.934,15
237.022,10
237.11,18
237.198,38
237.285,0
237.373,11
237.461,0
237.549,0
237.637,11
237.724,9
237.812,0
237.9,0
237.988,0
238.075,0
238.163,19
238.251,1
238.338,0
238.426,16
238.513,22
238.601,12
238.689,12
238.776,0
238.864,0
238.951,5
239.039,10
239.126,0
239.214,0
239.301,6
239.389,0
239.476,4
239.563,19
239.651,64
239.738,287
239.826,226
239.913,70
240,0
240.087,0
240.175,8
240.262,14
240.349,1
240.437,0
240.524,27
240.611,0
240.698,0
240.785,14
240.872,32
240.96,12
241.047,0
241.134,15
241.221,32
241.308,19
241.395,18
241.482,0
241.569,4
241.656,7
241.743,13
241.83,4
241.917,0
242.004,0
242.091,6
242.178,0
242.265,13
242.352,0
242.438,25
242.525,20
242.612,6
242.699,2
242.786,19
242.872,10
242.959,0
243.046,0
243.133,18
243.219,24
243.306,19
243.393,7
243.479,55
243.566,22
243.653,40
243.739,0
243.826,14
243.912,26
243.999,0
244.086,0
244.172,0
244.259,0
244.345,0
244.432,12
244.518,0
244.605,0
244.691,0
244.777,3
244.864,0
244.95,0
245.037,0
245.123,22
245.209,16
245.296,21
245.382,6
245.468,10
245.554,11
245.641,18
245.727,0
245.813,2
245.899,0
245.986,0
246.072,6
246.158,9
246.244,6
246.33,0
246.416,3
246.502,3
246.589,0
246.675,0
246.761,0
246.847,38
246.933,58
247.019,52
247.105,11
247.191,0
247.277,0
247.363,0
247.449,0
247.534,14
247.62,0
247.706,0
247.792,0
247.878,12
247.964,4
248.05,0
248.135,13
248.221,16
248.307,0
248.393,0
248.479,15
248.564,5
248.65,0
248.736,0
248.821,9
248.907,13
248.993,12
249.078,0
249.164,0
249.25,80
249.335,11
249.421,31
249.506,28
249.592,0
249.677,0
249.763,5
249.848,2
249.934,0
250.019,0
250.105,80
250.19,86
250.276,26
250.361,0
250.446,0
250.532,0
250.617,27
250.703,0
250.788,0
250.873,3
250.959,1
251.044,0
251.129,24
251.214,23
251.3,26
251.385,4
251.47,19
251.555,20
251.64,10
251.726,9
251.811,0
251.896,13
251.981,32
252.066,51
252.151,13
252.236,0
252.321,4
252.406,21
252.491,0
252.576,20
252.661,10
252.746,14
252.831,0
252.916,13
253.001,0
253.086,12
253.171,16
253.256,0
253.341,0
253.426,12
253.511,0
253.596,0
253.68,0
253.765,0
253.85,17
253.935,3
254.02,18
254.104,12
254.189,30
254.274,2
254.358,19
254.443,22
254.528,0
254.613,0
254.697,0
254.782,13
254.866,47
254.951,0
255.036,0
255.12,24
255.205,0
255.289,6
255.374,0
255.458,21
255.543,26
255.627,0
255.712,10
255.796,0
255.881,0
255.965,0
256.05,21
256.134,3
256.218,2
256.303,15
256.387,0
256.472,18
256.556,26
256.64,29
256.724,8
256.809,0
256.893,41
256.977,24
257.062,18
257.146,20
257.23,0
257.314,11
257.398,0
257.483,1
257.567,0
257.651,7
257.735,0
257.819,0
257.903,54
257.987,0
258.071,8
258.156,1
258.24,1
258.324,0
258.408,1
258.492,15
258.576,0
258.66,8
258.744,16
258.828,0
258.911,0
258.995,8
259.079,33
259.163,30
259.247,0
259.331,1
259.415,10
259.499,8
259.582,13
259.666,36
259.75,0
259.834,18
259.918,0
260.001,0
260.085,0
260.169,0
260.253,0
260.336,5
260.42,4
260.504,0
260.587,8
260.671,26
260.755,0
260.838,0
260.922,0
261.005,26
261.089,0
261.173,0
261.256,3
261.34,0
261.423,0
261.507,21
261.59,33
261.674,7
261.757,0
261.841,4
261.924,16
262.007,32
262.091,0
262.174,1
262.258,3
262.341,2
262.424,0
262.508,13
262.591,0
262.674,0
262.758,48
262.841,0
262.924,0
263.008,2
263.091,20
263.174,0
263.257,18
263.34,0
263.424,0
263.507,2
263.59,3
263.673,18
263.756,1
263.839,0
263.923,0
264.006,19
264.089,11
264.172,0
264.255,0
264.338,24
264.421,30
264.504,32
264.587,0
264.67,8
264.753,32
264.836,0
264.919,0
265.002,0
265.085,7
265.168,0
265.251,0
265.333,4
265.416,30
265.499,7
265.582,0
265.665,6
265.748,25
265.831,0
265.913,26
265.996,0
266.079,6
266.162,0
266.244,37
266.327,0
266.41,0
266.493,0
266.575,2
266.658,0
266.741,14
266.823,5
266.906,0
266.989,0
267.071,8
267.154,30
267.236,11
267.319,0
267.402,15
267.484,18
267.567,0
267.649,0
267.732,21
267.814,0
267.897,0
267.979,15
268.062,0
268.144,1
268.226,0
268.309,0
268.391,0
268.474,15
268.556,0
268.638,0
268.721,15
268.803,0
268.885,7
268.968,5
269.05,0
269.132,0
269.215,13
269.297,7
269.379,29
269.461,1
269.544,10
269.626,20
269.708,6
269.79,1
269.872,0
269.955,33
270.037,71
270.119,51
270.201,0
270.283,2
270.365,20
270.447,13
270.529,104
270.611,92
270.694,44
270.776,8
270.858,13
270.94,0
271.022,0
271.104,0
271.186,0
271.268,0
271.349,10
271.431,0
271.513,0
271.595,32
271.677,28
271.759,3
271.841,22
271.923,3
272.005,6
272.086,20
272.168,4
272.25,0
272.332,22
272.414,0
272.495,1
272.577,0
272.659,8
272.741,0
272.822,0
272.904,10
272.986,7
273.068,2
273.149,0
273.231,2
273.313,0
273.394,0
273.476,23
273.557,17
273.639,0
273.721,0
273.802,31
273.884,15
273.965,0
274.047,7
274.128,0
274.21,14
274.291,0
274.373,0
274.454,53
274.536,30
274.617,28
274.699,9
274.78,0
274.862,0
274.943,0
275.024,0
275.106,0
275.187,0
275.269,2
275.35,23
275.431,19
275.513,3
275.594,7
275.675,25
275.756,67
275.838,63
275.919,4
276,0
276.082,0
276.163,13
276.244,11
276.325,8
276.406,0
276.488,0
276.569,0
276.65,7
276.731,0
276.812,10
276.893,0
276.974,3
277.055,0
277.137,0
277.218,3
277.299,7
277.38,2
277.461,4
277.542,0
277.623,14
277.704,0
277.785,0
277.866,0
277.947,24
278.028,0
278.109,0
278.19,19
278.27,11
278.351,12
278.432,10
278.513,7
278.594,19
278.675,0
278.756,0
278.837,13
278.917,0
278.998,0
279.079,0
279.16,0
279.241,7
279.321,28
279.402,0
279.483,14
279.564,12
279.644,24
279.725,0
279.806,8
279.886,0
279.967,26
280.048,4
280.128,0
280.209,0
280.29,0
280.37,4
280.451,17
280.531,15
280.612,17
280.693,0
280.773,11
280.854,0
280.934,0
281.015,0
281.095,12
281.176,0
281.256,8
281.337,0
281.417,4
281.498,4
281.578,0
281.659,0
281.739,6
281.819,0
281.9,1
281.98,16
282.061,0
282.141,31
282.221,0
282.302,0
282.382,0
282.462,0
282.543,5
282.623,0
282.703,0
282.783,0
282.864,0
282.944,0
283.024,0
283.104,0
283.185,10
283.265,17
283.345,0
283.425,0
283.505,16
283.585,8
283.666,0
283.746,17
283.826,0
283.906,4
283.986,0
284.066,0
284.146,5
284.226,0
284.306,0
284.386,19
284.466,8
284.546,24
284.626,7
284.706,20
284.786,0
284.866,0
284.946,0
285.026,0
285.106,0
285.186,0
285.266,29
285.346,6
285.426,0
285.506,30
285.586,0
285.666,10
285.745,0
285.825,0
285.905,0
285.985,0
286.065,0
286.145,5
286.224,24
286.304,2
286.384,7
286.464,5
286.543,19
286.623,1
286.703,13
286.783,18
286.862,6
286.942,0
287.022,0
287.101,16
287.181,3
287.261,0
287.34,0
287.42,4
287.5,0
287.579,0
287.659,0
287.738,32
287.818,9
287.897,2
287.977,0
288.057,0
288.136,21
288.216,0
288.295,14
288.375,0
288.454,0
288.534,0
288.613,4
288.692,18
288.772,0
288.851,0
288.931,0
289.01,22
289.09,0
289.169,22
289.248,14
289.328,0
289.407,14
289.486,0
289.566,0
289.645,22
289.724,0
289.804,0
289.883,0
289.962,5
290.042,0
290.121,0
290.2,0
290.279,21
290.359,0
290.438,0
290.517,64
290.596,38
290.675,26
290.755,0
290.834,0
290.913,0
290.992,0
291.071,13
291.15,0
291.229,0
291.308,44
291.388,24
291.467,13
291.546,14
291.625,5
291.704,5
291.783,17
291.862,0
291.941,0
292.02,0
292.099,27
292.178,3
292.257,0
292.336,16
292.415,0
292.494,19
292.573,17
292.652,7
292.73,19
292.809,0
292.888,1
292.967,7
293.046,24
293.125,42
293.204,18
293.283,9
293.361,0
293.44,0
293.519,0
293.598,4
293.677,25
293.755,17
293.834,18
293.913,26
293.992,0
294.07,11
294.149,0
294.228,2
294.307,11
294.385,13
294.464,0
294.543,0
294.621,78
294.7,9
294.779,0
294.857,2
294.936,0
295.014,0
295.093,8
295.172,11
295.25,6
295.329,0
295.407,5
295.486,27
295.564,0
295.643,0
295.722,12
295.8,0
295.879,0
295.957,19
296.036,0
296.114,16
296.192,1
296.271,12
296.349,20
296.428,36
296.506,14
296.585,4
296.663,10
296.741,3
296.82,0
296.898,3
296.977,5
297.055,0
297.133,0
297.212,0
297.29,4
297.368,27
297.446,46
297.525,0
297.603,12
297.681,3
297.76,17
297.838,35
297.916,19
297.994,0
298.073,0
298.151,0
298.229,0
298.307,0
298.385,55
298.463,31
298.542,0
298.62,5
298.698,6
298.776,11
298.854,0
298.932,1
299.01,10
299.088,0
299.167,0
299.245,19
299.323,16
299.401,24
299.479,19
299.557,13
299.635,1
299.713,10
299.791,6
299.869,0
299.947,12
300.025,22
300.103,2
300.181,0
300.259,14
300.337,0
300.415,6
300.492,10
300.57,6
300.648,9
300.726,10
300.804,7
300.882,3
300.96,6
301.038,18
301.115,33
301.193,6
301.271,19
301.349,16
301.427,29
301.504,18
301.582,17
301.66,0
301.738,0
301.816,6
301.893,5
301.971,17
302.049,22
302.126,6
302.204,15
302.282,9
302.36,0
302.437,0
302.515,0
302.593,0
302.67,0
302.748,23
302.825,5
302.903,0
302.981,5
303.058,7
303.136,9
303.213,0
303.291,36
303.369,44
303.446,0
303.524,2
303.601,0
303.679,9
303.756,7
303.834,0
303.911,0
303.989,0
304.066,1
304.144,19
304.221,10
304.299,5
304.376,15
304.453,3
304.531,21
304.608,0
304.686,28
304.763,20
304.84,7
304.918,0
304.995,0
305.072,21
305.15,0
305.227,0
305.304,0
305.382,7
305.459,0
305.536,0
305.614,30
305.691,6
305.768,6
305.845,16
305.923,10
306,0
306.077,0
306.154,20
306.232,32
306.309,0
306.386,0
306.463,0
306.54,20
306.618,0
306.695,0
306.772,13
306.849,1
306.926,3
307.003,2
307.08,5
307.157,13
307.234,0
307.312,9
307.389,13
307.466,0
307.543,0
307.62,0
307.697,0
307.774,22
307.851,0
307.928,0
308.005,0
308.082,3
308.159,22
308.236,25
308.313,0
308.39,0
308.467,33
308.544,0
308.621,15
308.697,3
308.774,20
308.851,0
308.928,26
309.005,10
309.082,0
309.159,18
309.236,0
309.312,0
309.389,22
309.466,3
309.543,8
309.62,0
309.697,10
309.773,0
309.85,0
309.927,0
310.004,10
310.08,33
310.157,4
310.234,0
310.311,8
310.387,14
310.464,2
310.541,24
310.617,23
310.694,8
310.771,0
310.847,0
310.924,15
311.001,45
311.077,50
311.154,41
311.231,18
311.307,10
311.384,0
311.46,9
311.537,6
311.614,13
311.69,0
311.767,0
311.843,10
311.92,4
311.996,0
312.073,0
312.149,0
312.226,19
312.302,15
312.379,1
312.455,2
312.532,2
312.608,0
312.685,0
312.761,6
312.838,0
312.914,0
312.99,0
313.067,4
313.143,4
313.22,0
313.296,4
313.372,0
313.449,2
313.525,0
313.601,0
313.678,0
313.754,0
313.83,22
313.907,33
313.983,21
314.059,0
314.136,0
314.212,6
314.288,4
314.364,0
314.441,0
314.517,0
314.593,10
314.669,0
314.746,0
314.822,0
314.898,16
314.974,37
315.05,0
315.127,4
315.203,9
315.279,7
315.355,19
315.431,35
315.507,2
315.583,5
315.66,0
315.736,21
315.812,0
315.888,0
315.964,0
316.04,45
316.116,20
316.192,0
316.268,0
316.344,0
316.42,0
316.496,0
316.572,143
316.648,195
316.724,98
316.8,20
316.876,0
316.952,0
317.028,0
317.104,18
317.18,11
317.256,1
317.332,5
317.408,4
317.484,0
317.56,11
317.635,0
317.711,11
317.787,10
317.863,0
317.939,0
318.015,0
318.091,12
318.166,1
318.242,0
318.318,0
318.394,13
318.47,23
318.546,0
318.621,0
318.697,17
318.773,19
318.849,0
318.924,0
319,2
319.076,5
319.152,11
319.227,0
319.303,0
319.379,1
319.454,3
319.53,0
319.606,12
319.681,1
319.757,41
319.833,16
319.908,0
319.984,0
320.06,19
320.135,6
320.211,5
320.286,0
320.362,16
320.438,22
320.513,2
320.589,0
320.664,14
320.74,19
320.815,23
320.891,0
320.966,15
321.042,24
321.117,0
321.193,0
321.268,0
321.344,0
321.419,45
321.495,38
321.57,0
321.646,6
321.721,20
321.797,8
321.872,32
321.947,0
322.023,16
322.098,0
322.174,0
322.249,0
322.324,0
322.4,3
322.475,0
322.55,9
322.626,10
322.701,0
322.776,0
322.852,0
322.927,0
323.002,9
323.078,4
323.153,0
323.228,9
323.304,26
323.379,4
323.454,4
323.529,9
323.605,2
323.68,0
323.755,12
323.83,0
323.905,0
323.981,4
324.056,12
324.131,4
324.206,0
324.281,32
324.356,27
324.432,26
324.507,3
324.582,0
324.657,0
324.732,6
324.807,0
324.882,0
324.957,0
325.033,15
325.108,0
325.183,0
325.258,0
325.333,0
325.408,29
325.483,3
325.558,0
325.633,0
325.708,24
325.783,0
325.858,22
325.933,0
326.008,0
326.083,0
326.158,0
326.233,2
326.308,0
326.383,24
326.458,13
326.533,0
326.608,0
326.682,37
326.757,0
326.832,1
326.907,0
326.982,20
327.057,0
327.132,0
327.207,0
327.281,0
327.356,0
327.431,0
327.506,1
327.581,11
327.656,16
327.73,24
327.805,13
327.88,3
327.955,0
328.03,16
328.104,27
328.179,0
328.254,0
328.329,0
328.403,5
328.478,14
328.553,6
328.627,4
328.702,0
328.777,0
328.852,0
328.926,22
329.001,25
329.076,13
329.15,0
329.225,0
329.3,0
329.374,14
329.449,21
329.523,4
329.598,0
329.673,4
329.747,0
329.822,0
329.896,0
329.971,6
330.045,20
330.12,0
330.195,9
330.269,0
330.344,13
330.418,28
330.493,0
330.567,8
330.642,0
330.716,10
330.791,0
330.865,14
330.94,25
331.014,0
331.089,0
331.163,24
331.237,10
331.312,2
331.386,37
331.461,116
331.535,64
331.61,56
331.684,16
331.758,0
331.833,0
331.907,39
331.981,0
332.056,0
332.13,0
332.205,78
332.279,88
332.353,7
332.428,11
332.502,0
332.576,6
332.65,8
332.725,37
332.799,29
332.873,13
332.948,0
333.022,53
333.096,58
333.17,45
333.245,0
333.319,0
333.393,5
333.467,0
333.541,12
333.616,13
333.69,3
333.764,0
333.838,25
333.912,0
333.987,0
334.061,12
334.135,12
334.209,0
334.283,22
334.357,0
334.431,11
334.506,0
334.58,0
334.654,1
334.728,0
334.802,6
334.876,8
334.95,0
335.024,22
335.098,3
335.172,0
335.246,0
335.32,0
335.394,14
335.468,24
335.542,21
335.616,0
335.69,12
335.764,91
335.838,50
335.912,29
335.986,0
336.06,8
336.134,11
336.208,0
336.282,0
336.356,11
336.43,44
336.504,12
336.578,0
336.652,0
336.726,23
336.799,24
336.873,0
336.947,15
337.021,0
337.095,7
337.169,1
337.243,0
337.316,19
337.39,0
337.464,0
337.538,0
337.612,0
337.686,4
337.759,0
337.833,9
337.907,0
337.981,25
338.054,95
338.128,129
338.202,25
338.276,0
338.349,0
338.423,0
338.497,12
338.571,16
338.644,0
338.718,2
338.792,26
338.865,33
338.939,56
339.013,40
339.086,23
339.16,5
339.234,7
339.307,0
339.381,29
339.455,8
339.528,0
339.602,12
339.675,17
339.749,0
339.823,3
339.896,19
339.97,21
340.043,19
340.117,16
340.191,0
340.264,24
340.338,34
340.411,12
340.485,9
340.558,18
340.632,21
340.705,14
340.779,16
340.852,0
340.926,12
340.999,0
341.073,0
341.146,18
341.22,30
341.293,6
341.367,0
341.44,0
341.513,23
341.587,67
341.66,58
341.734,11
341.807,24
341.88,112
341.954,97
342.027,78
342.101,236
342.174,161
342.247,111
342.321,0
342.394,0
342.467,26
342.541,166
342.614,134
342.687,90
342.761,6
342.834,0
342.907,0
342.981,50
343.054,148
343.127,155
343.2,68
343.274,17
343.347,1
343.42,80
343.494,181
343.567,0
343.64,0
343.713,18
343.786,27
343.86,0
343.933,0
344.006,13
344.079,0
344.152,0
344.226,0
344.299,0
344.372,0
344.445,0
344.518,0
344.591,0
344.665,33
344.738,176
344.811,164
344.884,48
344.957,0
345.03,0
345.103,0
345.176,0
345.249,17
345.322,0
345.396,13
345.469,1
345.542,19
345.615,7
345.688,0
345.761,8
345.834,5
345.907,0
345.98,28
346.053,4
346.126,20
346.199,2
346.272,0
346.345,0
346.418,0
346.491,6
346.564,0
346.637,0
346.71,26
346.783,3
346.856,19
346.929,11
347.001,0
347.074,15
347.147,1
347.22,0
347.293,24
347.366,25
347.439,31
347.512,0
347.585,12
347.657,16
347.73,0
347.803,19
347.876,11
347.949,0
348.022,5
348.094,20
348.167,8
348.24,4
348.313,2
348.386,0
348.458,0
348.531,0
348.604,0
348.677,0
348.75,12
348.822,10
348.895,18
348.968,10
349.041,0
349.113,0
349.186,0
349.259,0
349.331,5
349.404,0
349.477,16
349.55,0
349.622,0
349.695,7
349.768,0
349.84,0
349.913,13
349.986,0
350.058,19
350.131,31
350.204,10
350.276,0
350.349,12
350.421,14
350.494,13
350.567,15
350.639,0
350.712,0
350.784,22
350.857,0
350.929,0
351.002,30
351.075,35
351.147,17
351.22,0
351.292,0
351.365,0
351.437,13
351.51,0
351.582,0
351.655,5
351.727,25
351.8,9
351.872,0
351.945,13
352.017,0
352.09,19
352.162,0
352.235,0
352.307,21
352.38,52
352.452,63
352.524,32
352.597,19
352.669,0
352.742,17
352.814,0
352.886,0
352.959,0
353.031,0
353.104,13
353.176,4
353.248,8
353.321,34
353.393,2
353.465,0
353.538,0
353.61,2
353.682,3
353.755,2
353.827,7
353.899,0
353.972,10
354.044,32
354.116,73
354.188,34
354.261,0
354.333,0
354.405,4
354.478,15
354.55,17
354.622,0
354.694,39
354.767,0
354.839,5
354.911,0
354.983,0
355.055,0
355.128,0
355.2,0
355.272,1
355.344,1
355.416,2
355.489,18
355.561,0
355.633,0
355.705,5
355.777,21
355.849,0
355.921,7
355.994,0
356.066,0
356.138,5
356.21,0
356.282,15
356.354,0
356.426,11
356.498,0
356.57,0
356.642,0
356.714,0
356.787,13
356.859,3
356.931,0
357.003,10
357.075,20
357.147,14
357.219,8
357.291,0
357.363,3
357.435,10
357.507,0
357.579,0
357.651,6
357.723,0
357.795,3
357.867,14
357.939,0
358.011,19
358.083,0
358.154,0
358.226,26
358.298,19
358.37,0
358.442,0
358.514,15
358.586,42
358.658,0
358.73,26
358.802,0
358.874,0
358.945,20
359.017,27
359.089,32
359.161,0
359.233,0
359.305,0
359.377,0
359.448,2
359.52,19
359.592,0
359.664,24
359.736,7
359.807,2
359.879,6
359.951,23
360.023,0
360.095,5
360.166,8
360.238,9
360.31,4
360.382,2
360.453,0
360.525,0
360.597,0
360.669,0
360.74,0
360.812,1
360.884,29
360.956,27
361.027,13
361.099,6
361.171,0
361.242,0
361.314,0
361.386,21
361.457,16
361.529,0
361.601,0
361.672,0
361.744,0
361.816,0
361.887,0
361.959,40
362.03,10
362.102,0
362.174,16
362.245,5
362.317,11
362.388,7
362.46,15
362.532,21
362.603,12
362.675,11
362.746,14
362.818,10
362.889,0
362.961,0
363.032,55
363.104,93
363.176,5
363.247,12
363.319,9
363.39,14
363.462,0
363.533,3
363.605,17
363.676,0
363.748,9
363.819,12
363.89,0
363.962,0
364.033,10
364.105,0
364.176,0
364.248,0
364.319,2
364.391,7
364.462,0
364.533,3
364.605,15
364.676,4
364.748,2
364.819,0
364.89,0
364.962,0
365.033,15
365.104,28
365.176,42
365.247,10
365.319,0
365.39,4
365.461,51
365.533,12
365.604,0
365.675,4
365.747,0
365.818,0
365.889,0
365.96,2
366.032,0
366.103,14
366.174,2
366.246,2
366.317,28
366.388,16
366.459,0
366.531,3
366.602,0
366.673,34
366.744,0
366.816,5
366.887,0
366.958,0
367.029,2
367.1,18
367.172,0
367.243,9
367.314,0
367.385,33
367.456,0
367.528,0
367.599,8
367.67,0
367.741,10
367.812,0
367.883,0
367.955,22
368.026,30
368.097,0
368.168,0
368.239,0
368.31,8
368.381,0
368.452,0
368.523,0
368.595,0
368.666,22
368.737,0
368.808,4
368.879,16
368.95,36
369.021,3
369.092,0
369.163,0
369.234,14
369.305,4
369.376,0
369.447,0
369.518,5
369.589,0
369.66,2
369.731,2
369.802,33
369.873,21
369.944,37
370.015,6
370.086,11
370.157,7
370.228,12
370.299,1
370.37,8
370.441,6
370.512,0
370.583,0
370.654,61
370.725,141
370.796,117
370.866,49
370.937,0
371.008,0
371.079,19
371.15,0
371.221,8
371.292,21
371.363,0
371.434,2
371.504,10
371.575,21
371.646,17
371.717,0
371.788,10
371.859,29
371.93,12
372,22
372.071,20
372.142,0
372.213,28
372.284,0
372.354,0
372.425,0
372.496,32
372.567,68
372.638,106
372.708,35
372.779,9
372.85,0
372.921,2
372.991,43
373.062,15
373.133,0
373.204,5
373.274,30
373.345,1
373.416,10
373.486,0
373.557,0
373.628,10
373.699,0
373.769,0
373.84,3
373.911,10
373.981,0
374.052,0
374.123,8
374.193,46
374.264,43
374.335,34
374.405,8
374.476,2
374.546,30
374.617,0
374.688,0
374.758,19
374.829,11
374.9,18
374.97,0
375.041,0
375.111,0
375.182,8
375.252,10
375.323,0
375.394,5
375.464,10
375.535,2
375.605,12
375.676,17
375.746,0
375.817,0
375.887,12
375.958,1
376.028,8
376.099,4
376.17,21
376.24,14
376.311,0
376.381,6
376.451,14
376.522,0
376.592,0
376.663,22
376.733,16
376.804,0
376.874,20
376.945,14
377.015,0
377.086,7
377.156,0
377.227,0
377.297,0
377.367,0
377.438,2
377.508,76
377.579,66
377.649,33
377.719,17
377.79,0
377.86,0
377.931,0
378.001,30
378.071,0
378.142,5
378.212,2
378.282,12
378.353,8
378.423,34
378.493,23
378.564,16
378.634,3
378.704,17
378.775,3
378.845,1
378.915,0
378.986,0
379.056,0
379.126,0
379.196,0
379.267,0
379.337,8
379.407,0
379.478,0
379.548,57
379.618,37
379.688,12
379.759,0
379.829,0
379.899,1
379.969,11
380.04,0
380.11,0
380.18,9
380.25,9
380.32,0
380.391,13
380.461,103
380.531,179
380.601,97
380.671,43
380.741,0
380.812,0
380.882,0
380.952,5
381.022,0
381.092,0
381.162,0
381.233,1
381.303,7
381.373,28
381.443,6
381.513,14
381.583,16
381.653,0
381.723,20
381.793,5
381.864,0
381.934,0
382.004,0
382.074,2
382.144,20
382.214,15
382.284,35
382.354,83
382.424,49
382.494,28
382.564,0
382.634,0
382.704,17
382.774,16
382.844,0
382.914,0
382.984,34
383.054,18
383.124,17
383.194,0
383.264,17
383.334,23
383.404,0
383.474,0
383.544,10
383.614,0
383.684,0
383.754,0
383.824,21
383.894,22
383.964,20
384.034,0
384.104,0
384.174,0
384.244,0
384.314,0
384.384,0
384.453,0
384.523,0
384.593,0
384.663,0
384.733,2
384.803,19
384.873,0
384.943,28
385.013,0
385.082,10
385.152,0
385.222,0
385.292,0
385.362,0
385.432,0
385.502,0
385.571,7
385.641,0
385.711,0
385.781,8
385.851,0
385.92,0
385.99,9
386.06,0
386.13,0
386.2,0
386.269,23
386.339,20
386.409,0
386.479,0
386.548,29
386.618,31
386.688,0
386.758,0
386.827,0
386.897,0
386.967,0
387.037,37
387.106,0
387.176,4
387.246,30
387.316,20
387.385,5
387.455,0
387.525,0
387.594,6
387.664,10
387.734,33
387.803,56
387.873,15
387.943,0
388.012,0
388.082,0
388.152,7
388.221,11
388.291,0
388.361,0
388.43,2
388.5,0
388.569,0
388.639,0
388.709,24
388.778,0
388.848,0
388.918,7
388.987,2
389.057,13
389.126,5
389.196,6
389.265,17
389.335,5
389.405,0
389.474,0
389.544,0
389.613,5
389.683,0
389.752,6
389.822,0
389.891,4
389.961,15
390.03,0
390.1,0
390.169,0
390.239,0
390.309,0
390.378,0
390.448,0
390.517,9
390.586,0
390.656,0
390.725,45
390.795,66
390.864,71
390.934,72
391.003,44
391.073,0
391.142,0
391.212,34
391.281,9
391.351,12
391.42,10
391.489,0
391.559,11
391.628,0
391.698,14
391.767,0
391.836,8
391.906,28
391.975,0
392.045,0
392.114,0
392.183,21
392.253,0
392.322,6
392.391,0
392.461,0
392.53,0
392.6,0
392.669,0
392.738,0
392.808,6
392.877,11
392.946,0
393.016,19
393.085,15
393.154,10
393.224,39
393.293,20
393.362,0
393.431,0
393.501,23
393.57,27
393.639,10
393.709,0
393.778,0
393.847,0
393.916,0
393.986,1
394.055,0
394.124,0
394.193,0
394.263,0
394.332,5
394.401,15
394.47,17
394.54,6
394.609,11
394.678,4
394.747,5
394.816,24
394.886,56
394.955,108
395.024,79
395.093,23
395.162,0
395.232,0
395.301,27
395.37,5
395.439,12
395.508,113
395.577,103
395.647,35
395.716,6
395.785,0
395.854,0
395.923,13
395.992,10
396.061,0
396.13,0
396.2,13
396.269,0
396.338,18
396.407,29
396.476,4
396.545,8
396.614,3
396.683,0
396.752,0
396.821,25
396.89,0
396.96,0
397.029,7
397.098,0
397.167,0
397.236,14
397.305,4
397.374,8
397.443,0
397.512,11
397.581,0
397.65,0
397.719,10
397.788,6
397.857,0
397.926,0
397.995,0
398.064,1
398.133,0
398.202,0
398.271,0
398.34,0
398.409,0
398.478,27
398.547,0
398.616,19
398.685,23
398.754,0
398.823,2
398.892,59
398.961,33
399.029,22
399.098,0
399.167,0
399.236,12
399.305,10
399.374,0
399.443,0
399.512,8
399.581,5
399.65,5
399.719,12
399.787,0
399.856,11
399.925,10
399.994,10
400.063,15
400.132,18
400.201,12
400.27,33
400.338,0
400.407,16
400.476,22
400.545,13
400.614,0
400.683,0
400.751,13
400.82,0
400.889,0
400.958,0
401.027,0
401.096,0
401.164,4
401.233,12
401.302,6
401.371,0
401.439,23
401.508,8
401.577,13
401.646,9
401.715,19
401.783,0
401.852,0
401.921,0
401.99,25
402.058,15
402.127,0
402.196,0
402.265,0
402.333,14
402.402,0
402.471,0
402.539,24
402.608,14
402.677,13
402.746,0
402.814,9
402.883,12
402.952,0
403.02,1
403.089,23
403.158,12
403.226,0
403.295,0
403.364,4
403.432,19
403.501,0
403.57,3
403.638,0
403.707,0
403.776,1
403.844,8
403.913,4
403.981,0
404.05,0
404.119,0
404.187,0
404.256,15
404.325,7
404.393,0
404.462,0
404.53,0
404.599,0
404.667,0
404.736,0
404.805,11
404.873,0
404.942,7
405.01,0
405.079,5
405.147,21
405.216,0
405.285,15
405.353,16
405.422,0
405.49,3
405.559,21
405.627,42
405.696,0
405.764,23
405.833,0
405.901,0
405.97,0
406.038,0
406.107,17
406.175,24
406.244,28
406.312,0
406.381,0
406.449,0
406.518,16
406.586,0
406.655,7
406.723,15
406.792,0
406.86,6
406.928,24
406.997,0
407.065,33
407.134,0
407.202,0
407.271,33
407.339,23
407.407,4
407.476,0
407.544,0
407.613,17
407.681,19
407.75,1
407.818,0
407.886,0
407.955,8
408.023,26
408.091,26
408.16,1
408.228,0
408.297,12
408.365,17
408.433,28
408.502,0
408.57,0
408.638,0
408.707,18
408.775,10
408.843,0
408.912,21
408.98,5
409.048,14
409.117,0
409.185,0
409.253,19
409.322,9
409.39,4
409.458,21
409.527,12
409.595,11
409.663,0
409.731,29
409.8,24
409.868,0
409.936,0
410.004,0
410.073,8
410.141,0
410.209,0
410.277,0
410.346,8
410.414,1
410.482,14
410.55,0
410.619,0
410.687,30
410.755,0
410.823,22
410.892,15
410.96,10
411.028,7
411.096,10
411.164,14
411.233,25
411.301,5
411.369,4
411.437,0
411.505,0
411.574,0
411.642,35
411.71,28
411.778,0
411.846,18
411.914,0
411.982,26
412.051,16
412.119,12
412.187,11
412.255,2
412.323,0
412.391,0
412.459,20
412.528,20
412.596,3
412.664,1
412.732,0
412.8,0
412.868,0
412.936,33
413.004,40
413.072,40
413.14,0
413.209,7
413.277,0
413.345,12
413.413,3
413.481,1
413.549,0
413.617,0
413.685,0
413.753,0
413.821,0
413.889,0
413.957,0
414.025,0
414.093,103
414.161,91
414.229,73
414.297,23
414.365,4
414.433,48
414.501,71
414.569,40
414.637,0
414.705,9
414.773,0
414.841,0
414.909,0
414.977,6
415.045,16
415.113,8
415.181,24
415.249,11
415.317,6
415.385,26
415.453,7
415.521,0
415.589,5
415.657,0
415.725,0
415.793,0
415.861,0
415.929,15
415.997,0
416.065,0
416.132,0
416.2,38
416.268,1
416.336,0
416.404,16
416.472,26
416.54,15
416.608,0
416.676,0
416.744,0
416.811,22
416.879,16
416.947,0
417.015,1
417.083,17
417.151,0
417.219,12
417.287,9
417.354,0
417.422,1
417.49,0
417.558,5
417.626,0
417.694,21
417.761,0
417.829,8
417.897,0
417.965,0
418.033,0
418.1,0
418.168,11
418.236,0
418.304,0
418.372,0
418.439,9
418.507,14
418.575,0
418.643,12
418.711,4
418.778,29
418.846,18
418.914,0
418.982,0
419.049,16
419.117,0
419.185,13
419.253,0
419.32,11
419.388,11
419.456,20
419.524,41
419.591,18
419.659,36
419.727,4
419.795,15
419.862,0
419.93,0
419.998,6
420.065,0
420.133,12
420.201,11
420.268,3
420.336,22
420.404,25
420.471,0
420.539,6
420.607,30
420.674,0
420.742,0
420.81,9
420.877,4
420.945,40
421.013,25
421.08,0
421.148,2
421.216,0
421.283,13
421.351,0
421.419,0
421.486,7
421.554,0
421.621,16
421.689,0
421.757,0
421.824,0
421.892,0
421.96,0
422.027,12
422.095,16
422.162,18
422.23,0
422.297,30
422.365,16
422.433,5
422.5,5
422.568,13
422.635,24
422.703,11
422.77,14
422.838,5
422.906,12
422.973,37
423.041,11
423.108,11
423.176,8
423.243,2
423.311,0
423.378,0
423.446,25
423.513,0
423.581,0
423.648,8
423.716,0
423.783,0
423.851,16
423.918,0
423.986,0
424.053,0
424.121,6
424.188,7
424.256,0
424.323,25
424.391,12
424.458,74
424.526,80
424.593,150
424.661,118
424.728,56
424.796,15
424.863,31
424.93,28
424.998,0
425.065,0
425.133,0
425.2,11
425.268,12
425.335,0
425.402,30
425.47,30
425.537,7
425.605,0
425.672,0
425.74,0
425.807,10
425.874,0
425.942,0
426.009,32
426.076,0
426.144,0
426.211,0
426.279,0
426.346,30
426.413,26
426.481,0
426.548,0
426.615,24
426.683,25
426.75,32
426.817,5
426.885,0
426.952,0
427.02,13
427.087,0
427.154,0
427.222,0
427.289,0
427.356,0
427.423,0
427.491,0
427.558,0
427.625,54
427.693,39
427.76,0
427.827,15
427.895,0
427.962,0
428.029,31
428.096,4
428.164,0
428.231,5
428.298,14
428.366,12
428.433,26
428.5,0
428.567,19
428.635,4
428.702,32
428.769,17
428.836,4
428.904,0
428.971,0
429.038,0
429.105,24
429.173,2
429.24,0
429.307,29
429.374,0
429.441,0
429.509,13
429.576,13
429.643,3
429.71,9
429.777,19
429.845,9
429.912,0
429.979,0
430.046,0
430.113,19
430.181,0
430.248,4
430.315,0
430.382,47
430.449,57
430.516,17
430.584,0
430.651,0
430.718,0
430.785,0
430.852,0
430.919,4
430.986,0
431.054,0
431.121,0
431.188,9
431.255,13
431.322,1
431.389,22
431.456,15
431.523,4
431.59,39
431.658,18
431.725,0
431.792,21
431.859,27
431.926,3
431.993,0
432.06,0
432.127,29
432.194,0
432.261,14
432.328,22
432.396,0
432.463,3
432.53,0
432.597,0
432.664,12
432.731,11
432.798,13
432.865,4
432.932,32
432.999,11
433.066,0
433.133,0
433.2,14
433.267,75
433.334,251
433.401,164
433.468,53
433.535,0
433.602,0
433.669,0
433.736,10
433.803,0
433.87,17
433.937,23
434.004,30
434.071,27
434.138,11
434.205,0
434.272,0
434.339,23
434.406,27
434.473,0
434.54,0
434.607,0
434.674,16
434.741,0
434.808,0
434.875,5
434.942,5
435.009,0
435.076,0
435.143,8
435.209,0
435.276,0
435.343,0
435.41,0
435.477,24
435.544,5
435.611,10
435.678,0
435.745,7
435.812,0
435.879,0
435.946,0
436.012,0
436.079,27
436.146,3
436.213,0
436.28,0
436.347,19
436.414,23
436.481,8
436.547,4
436.614,18
436.681,16
436.748,0
436.815,0
436.882,15
436.949,11
437.015,1
437.082,0
437.149,0
437.216,30
437.283,17
437.35,0
437.417,3
437.483,21
437.55,10
437.617,0
437.684,0
437.751,7
437.817,5
437.884,0
437.951,11
438.018,21
438.085,29
438.151,0
438.218,0
438.285,3
438.352,0
438.419,1
438.485,9
438.552,24
438.619,10
438.686,6
438.752,0
438.819,7
438.886,0
438.953,20
439.019,25
439.086,18
439.153,2
439.22,0
439.286,4
439.353,12
439.42,4
439.487,0
439.553,6
439.62,11
439.687,12
439.754,30
439.82,11
439.887,6
439.954,1
440.02,16
440.087,34
440.154,14
440.22,1
440.287,3
440.354,0
440.421,0
440.487,17
440.554,22
440.621,0
440.687,0
440.754,0
440.821,0
440.887,0
440.954,0
441.021,67
441.087,48
441.154,0
441.221,0
441.287,0
441.354,0
441.421,0
441.487,13
441.554,33
441.62,62
441.687,30
441.754,0
441.82,0
441.887,31
441.954,27
442.02,0
442.087,0
442.153,0
442.22,6
442.287,0
442.353,0
442.42,14
442.486,6
442.553,14
442.62,0
442.686,0
442.753,0
442.819,0
442.886,0
442.953,0
443.019,0
443.086,0
443.152,11
443.219,0
443.285,0
443.352,56
443.418,86
443.485,56
443.552,26
443.618,6
443.685,0
443.751,0
443.818,27
443.884,0
443.951,0
444.017,48
444.084,71
444.15,99
444.217,56
444.283,11
444.35,0
444.416,11
444.483,76
444.549,49
444.616,34
444.682,0
444.749,0
444.815,2
444.882,1
444.948,24
445.015,0
445.081,3
445.148,0
445.214,7
445.281,0
445.347,0
445.414,49
445.48,58
445.547,5
445.613,0
445.68,29
445.746,0
445.812,0
445.879,4
445.945,12
446.012,17
446.078,0
446.145,13
446.211,24
446.278,2
446.344,13
446.41,27
446.477,0
446.543,0
446.61,14
446.676,0
446.742,0
446.809,1
446.875,8
446.942,0
447.008,19
447.074,30
447.141,0
447.207,8
447.274,2
447.34,4
447.406,0
447.473,0
447.539,0
447.606,0
447.672,46
447.738,16
447.805,0
447.871,0
447.937,0
448.004,0
448.07,0
448.136,2
448.203,0
448.269,0
448.335,0
448.402,0
448.468,0
448.534,2
448.601,0
448.667,2
448.733,0
448.8,8
448.866,0
448.932,0
448.999,0
449.065,0
449.131,0
449.198,0
449.264,0
449.33,17
449.396,0
449.463,0
449.529,6
449.595,12
449.662,24
449.728,0
449.794,0
449.86,4
449.927,0
449.993,0
450.059,4
450.126,19
450.192,9
450.258,0
450.324,0
450.391,0
450.457,0
450.523,0
450.589,36
450.656,5
450.722,0
450.788,15
450.854,0
450.921,0
450.987,11
451.053,0
451.119,0
451.185,3
451.252,45
451.318,0
451.384,9
451.45,0
451.516,39
451.583,31
451.649,25
451.715,0
451.781,0
451.847,19
451.914,8
451.98,0
452.046,0
452.112,4
452.178,0
452.245,0
452.311,4
452.377,0
452.443,0
452.509,28
452.575,0
452.642,8
452.708,8
452.774,0
452.84,0
452.906,4
452.972,2
453.038,17
453.105,6
453.171,0
453.237,0
453.303,1
453.369,0
453.435,0
453.501,0
453.568,16
453.634,25
453.7,32
453.766,20
453.832,0
453.898,3
453.964,11
454.03,0
454.096,6
454.162,0
454.229,0
454.295,19
454.361,17
454.427,0
454.493,0
454.559,2
454.625,28
454.691,10
454.757,8
454.823,12
454.889,15
454.955,14
455.022,0
455.088,5
455.154,37
455.22,17
455.286,0
455.352,2
455.418,0
455.484,0
455.55,0
455.616,0
455.682,11
455.748,39
455.814,0
455.88,0
455.946,8
456.012,3
456.078,56
456.144,32
456.21,0
456.276,5
456.342,0
456.408,4
456.474,10
456.54,0
456.606,0
456.672,24
456.738,10
456.804,9
456.87,10
456.936,29
457.002,6
457.068,0
457.134,15
457.2,28
457.266,12
457.332,0
457.398,0
457.464,13
457.53,9
457.596,18
457.662,1
457.728,16
457.794,11
457.86,0
457.926,14
457.992,0
458.058,12
458.124,20
458.19,0
458.255,0
458.321,8
458.387,28
458.453,4
458.519,11
458.585,0
458.651,0
458.717,0
458.783,21
458.849,9
458.915,0
458.981,0
459.046,6
459.112,0
459.178,22
459.244,14
459.31,0
459.376,3
459.442,19
459.508,0
459.574,0
459.64,0
459.705,0
459.771,0
459.837,0
459.903,12
459.969,6
460.035,0
460.101,0
460.166,1
460.232,10
460.298,3
460.364,0
460.43,17
460.496,0
460.562,9
460.627,0
460.693,0
460.759,13
460.825,0
460.891,13
460.957,18
461.022,11
461.088,0
461.154,0
461.22,0
461.286,29
461.352,10
461.417,0
461.483,0
461.549,5
461.615,43
461.681,0
461.746,0
461.812,27
461.878,0
461.944,0
462.01,24
462.075,8
462.141,0
462.207,0
462.273,4
462.339,2
462.404,0
462.47,6
462.536,0
462.602,18
462.667,17
462.733,9
462.799,0
462.865,8
462.93,16
462.996,7
463.062,8
463.128,25
463.193,3
463.259,25
463.325,0
463.391,6
463.456,25
463.522,10
463.588,0
463.654,4
463.719,23
463.785,16
463.851,0
463.917,15
463.982,14
464.048,0
464.114,6
464.179,22
464.245,12
464.311,0
464.377,0
464.442,0
464.508,0
464.574,11
464.639,7
464.705,9
464.771,0
464.836,14
464.902,12
464.968,18
465.033,14
465.099,11
465.165,0
465.23,0
465.296,0
465.362,8
465.427,26
465.493,3
465.559,0
465.624,0
465.69,9
465.756,21
465.821,3
465.887,18
465.953,49
466.018,0
466.084,13
466.15,0
466.215,0
466.281,4
466.347,0
466.412,0
466.478,0
466.543,11
466.609,7
466.675,0
466.74,3
466.806,16
466.872,0
466.937,0
467.003,0
467.068,15
467.134,0
467.2,0
467.265,24
467.331,0
467.396,0
467.462,29
467.528,9
467.593,0
467.659,1
467.724,0
467.79,7
467.855,0
467.921,10
467.987,26
468.052,0
468.118,15
468.183,6
468.249,0
468.314,42
468.38,9
468.446,12
468.511,0
468.577,0
468.642,15
468.708,0
468.773,0
468.839,7
468.904,0
468.97,0
469.035,0
469.101,3
469.167,0
469.232,0
469.298,22
469.363,8
469.429,4
469.494,12
469.56,0
469.625,31
469.691,12
469.756,0
469.822,0
469.887,0
469.953,2
470.018,24
470.084,2
470.149,0
470.215,0
470.28,0
470.346,0
470.411,0
470.477,0
470.542,11
470.608,0
470.673,0
470.739,23
470.804,25
470.87,31
470.935,0
471.001,8
471.066,0
471.131,8
471.197,8
471.262,0
471.328,11
471.393,14
471.459,26
471.524,0
471.59,9
471.655,0
471.721,11
471.786,18
471.851,0
471.917,0
471.982,17
472.048,0
472.113,0
472.179,6
472.244,0
472.309,23
472.375,8
472.44,0
472.506,4
472.571,24
472.637,0
472.702,0
472.767,20
472.833,0
472.898,0
472.964,5
473.029,16
473.094,17
473.16,0
473.225,0
473.291,0
473.356,0
473.421,0
473.487,0
473.552,0
473.617,0
473.683,6
473.748,0
473.814,0
473.879,4
473.944,0
474.01,26
474.075,48
474.14,22
474.206,0
474.271,0
474.337,12
474.402,28
474.467,0
474.533,0
474.598,0
474.663,0
474.729,5
474.794,10
474.859,17
474.925,21
474.99,6
475.055,0
475.121,21
475.186,5
475.251,10
475.317,0
475.382,12
475.447,0
475.513,18
475.578,12
475.643,8
475.709,0
475.774,2
475.839,43
475.904,0
475.97,7
476.035,0
476.1,43
476.166,28
476.231,0
476.296,2
476.362,14
476.427,0
476.492,0
476.557,30
476.623,0
476.688,0
476.753,11
476.819,30
476.884,0
476.949,12
477.014,7
477.08,25
477.145,0
477.21,0
477.275,0
477.341,0
477.406,0
477.471,17
477.536,6
477.602,25
477.667,17
477.732,0
477.797,6
477.863,20
477.928,16
477.993,0
478.058,4
478.124,10
478.189,0
478.254,13
478.319,0
478.384,3
478.45,0
478.515,12
478.58,1
478.645,36
478.711,4
478.776,5
478.841,24
478.906,2
478.971,14
479.037,20
479.102,19
479.167,0
479.232,0
479.297,0
479.363,0
479.428,0
479.493,0
479.558,7
479.623,0
479.689,3
479.754,4
479.819,4
479.884,15
479.949,14
480.014,21
480.08,0
480.145,0
480.21,21
480.275,0
480.34,0
480.405,0
480.471,0
480.536,26
480.601,38
480.666,22
480.731,0
480.796,6
480.862,0
480.927,24
480.992,3
481.057,5
481.122,0
481.187,0
481.252,18
481.318,0
481.383,0
481.448,12
481.513,12
481.578,6
481.643,11
481.708,18
481.773,0
481.839,0
481.904,11
481.969,11
482.034,3
482.099,6
482.164,3
482.229,0
482.294,0
482.359,0
482.424,0
482.49,2
482.555,3
482.62,0
482.685,21
482.75,0
482.815,0
482.88,0
482.945,10
483.01,2
483.075,6
483.14,0
483.206,0
483.271,0
483.336,0
483.401,0
483.466,7
483.531,0
483.596,0
483.661,15
483.726,1
483.791,0
483.856,0
483.921,6
483.986,27
484.051,0
484.116,0
484.181,23
484.246,0
484.312,0
484.377,4
484.442,28
484.507,15
484.572,15
484.637,0
484.702,1
484.767,34
484.832,36
484.897,0
484.962,8
485.027,6
485.092,15
485.157,0
485.222,0
485.287,16
485.352,6
485.417,9
485.482,0
485.547,0
485.612,5
485.677,2
485.742,16
485.807,0
485.872,0
485.937,0
486.002,13
486.067,0
486.132,0
486.197,0
486.262,21
486.327,0
486.392,8
486.457,13
486.522,0
486.587,0
486.652,0
486.717,2
486.782,19
486.847,19
486.912,0
486.977,0
487.042,20
487.107,3
487.172,0
487.237,0
487.301,0
487.366,0
487.431,0
487.496,0
487.561,0
487.626,24
487.691,0
487.756,4
487.821,22
487.886,14
487.951,0
488.016,0
488.081,0
488.146,14
488.211,5
488.276,0
488.341,0
488.405,3
488.47,8
488.535,1
488.6,4
488.665,29
488.73,0
488.795,0
488.86,21
488.925,13
488.99,5
489.055,0
489.119,0
489.184,16
489.249,0
489.314,0
489.379,0
489.444,0
489.509,9
489.574,0
489.639,0
489.704,0
489.768,16
489.833,6
489.898,2
489.963,9
490.028,0
490.093,0
490.158,24
490.223,9
490.287,4
490.352,0
490.417,8
490.482,0
490.547,0
490.612,0
490.677,1
490.742,44
490.806,0
490.871,0
490.936,0
491.001,10
491.066,28
491.131,3
491.195,0
491.26,4
491.325,9
491.39,11
491.455,0
491.52,2
491.585,0
491.649,26
491.714,27
491.779,0
491.844,0
491.909,12
491.973,3
492.038,6
492.103,0
492.168,8
492.233,20
492.298,0
492.362,0
492.427,12
492.492,2
492.557,0
492.622,2
492.686,32
492.751,29
492.816,0
492.881,48
492.946,13
493.01,6
493.075,0
493.14,24
493.205,0
493.27,17
493.334,10
493.399,0
493.464,0
493.529,29
493.594,44
493.658,0
493.723,26
493.788,0
493.853,12
493.917,10
493.982,0
494.047,4
494.112,0
494.177,28
494.241,0
494.306,0
494.371,15
494.436,24
494.5,5
494.565,0
494.63,7
494.695,0
494.759,4
494.824,0
494.889,10
494.954,11
495.018,0
495.083,17
495.148,21
495.213,0
495.277,0
495.342,19
495.407,0
495.472,15
495.536,5
495.601,3
495.666,0
495.73,16
495.795,19
495.86,14
495.925,0
495.989,0
496.054,0
496.119,0
496.183,0
496.248,0
496.313,6
496.378,0
496.442,33
496.507,17
496.572,0
496.636,15
496.701,0
496.766,0
496.831,11
496.895,0
496.96,13
497.025,14
497.089,0
497.154,10
497.219,0
497.283,19
497.348,8
497.413,0
497.477,20
497.542,25
497.607,11
497.671,0
497.736,10
497.801,8
497.865,8
497.93,18
497.995,8
498.059,0
498.124,0
498.189,3
498.253,30
498.318,0
498.383,10
498.447,0
498.512,0
498.577,8
498.641,25
498.706,13
498.771,12
498.835,0
498.9,0
498.965,0
499.029,6
499.094,6
499.159,7
499.223,0
499.288,3
499.352,17
499.417,8
499.482,3
499.546,0
499.611,4
499.676,0
499.74,2
