59.6745,0
59.7827,25
59.8909,61
59.9991,24
60.1073,0
60.2156,0
60.3238,2
60.432,8
60.5402,13
60.6484,13
60.7566,22
60.8648,47
60.973,32
61.0812,4
61.1894,11
61.2976,0
61.4059,0
61.5141,9
61.6223,14
61.7305,0
61.8387,0
61.9469,7
62.0551,28
62.1633,11
62.2715,0
62.3797,0
62.488,20
62.5962,17
62.7044,12
62.8126,18
62.9208,0
63.029,9
63.1372,23
63.2454,0
63.3536,0
63.4618,0
63.5701,5
63.6783,19
63.7865,0
63.8947,6
64.0029,14
64.1111,15
64.2193,0
64.3275,0
64.4357,1
64.5439,12
64.6522,14
64.7604,13
64.8686,0
64.9768,3
65.085,3
65.1932,19
65.3014,0
65.4096,0
65.5178,0
65.6261,20
65.7343,1
65.8425,0
65.9507,13
66.0589,48
66.1671,0
66.2753,21
66.3835,7
66.4917,0
66.6,5
66.7082,6
66.8164,0
66.9246,0
67.0328,5
67.141,10
67.2492,2
67.3574,5
67.4656,3
67.5739,0
67.6821,36
67.7903,0
67.8985,0
68.0067,1
68.1149,0
68.2231,15
68.3313,0
68.4396,0
68.5478,0
68.656,45
68.7642,5
68.8724,14
68.9806,20
69.0888,10
69.197,10
69.3053,0
69.4135,0
69.5217,0
69.6299,0
69.7381,0
69.8463,0
69.9545,17
70.0627,0
70.171,12
70.2792,8
70.3874,0
70.4956,0
70.6038,0
70.712,36
70.8202,28
70.9284,0
71.0367,0
71.1449,0
71.2531,0
71.3613,0
71.4695,5
71.5777,8
71.6859,0
71.7941,0
71.9024,0
72.0106,0
72.1188,4
72.227,5
72.3352,20
72.4434,6
72.5516,14
72.6599,5
72.7681,0
72.8763,0
72.9845,8
73.0927,6
73.2009,0
73.3091,11
73.4174,14
73.5256,0
73.6338,0
73.742,18
73.8502,19
73.9584,14
74.0666,22
74.1748,4
74.2831,26
74.3913,14
74.4995,2
74.6077,0
74.7159,0
74.8241,16
74.9323,11
75.0406,0
75.1488,22
75.257,0
75.3652,0
75.4734,0
75.5816,0
75.6899,5
75.7981,0
75.9063,0
76.0145,0
76.1227,0
76.2309,0
76.3391,22
76.4474,19
76.5556,17
76.6638,0
76.772,16
76.8802,18
76.9884,3
77.0966,5
77.2049,2
77.3131,0
77.4213,0
77.5295,30
77.6377,14
77.7459,0
77.8542,2
77.9624,7
78.0706,0
78.1788,0
78.287,30
78.3952,13
78.5034,0
78.6117,0
78.7199,23
78.8281,0
78.9363,0
79.0445,2
79.1527,24
79.261,3
79.3692,12
79.4774,20
79.5856,0
79.6938,0
79.802,0
79.9102,0
80.0185,8
80.1267,3
80.2349,0
80.3431,44
80.4513,17
80.5595,0
80.6678,0
80.776,22
80.8842,30
80.9924,4
81.1006,6
81.2088,6
81.3171,0
81.4253,0
81.5335,52
81.6417,10
81.7499,0
81.8581,0
81.9664,0
82.0746,35
82.1828,10
82.291,4
82.3992,0
82.5074,6
82.6157,0
82.7239,0
82.8321,6
82.9403,0
83.0485,0
83.1567,9
83.265,0
83.3732,0
83.4814,0
83.5896,0
83.6978,0
83.806,13
83.9143,3
84.0225,28
84.1307,3
84.2389,19
84.3471,8
84.4553,4
84.5636,0
84.6718,0
84.78,0
84.8882,0
84.9964,0
85.1047,0
85.2129,21
85.3211,0
85.4293,4
85.5375,17
85.6457,4
85.754,6
85.8622,24
85.9704,0
86.0786,4
86.1868,0
86.295,13
86.4033,24
86.5115,25
86.6197,1
86.7279,4
86.8361,7
86.9444,0
87.0526,0
87.1608,14
87.269,9
87.3772,0
87.4854,17
87.5937,15
87.7019,0
87.8101,26
87.9183,5
88.0265,9
88.1348,3
88.243,8
88.3512,0
88.4594,0
88.5676,8
88.6758,1
88.7841,1
88.8923,14
89.0005,11
89.1087,6
89.2169,0
89.3252,0
89.4334,19
89.5416,8
89.6498,27
89.758,0
89.8663,4
89.9745,0
90.0827,13
90.1909,13
90.2991,32
90.4074,0
90.5156,0
90.6238,27
90.732,5
90.8402,0
90.9484,1
91.0567,0
91.1649,13
91.2731,0
91.3813,6
91.4895,0
91.5978,0
91.706,0
91.8142,19
91.9224,0
92.0306,0
92.1389,23
92.2471,0
92.3553,20
92.4635,24
92.5717,21
92.68,0
92.7882,0
92.8964,0
93.0046,0
93.1128,19
93.2211,2
93.3293,0
93.4375,0
93.5457,19
93.6539,36
93.7622,0
93.8704,15
93.9786,0
94.0868,19
94.195,25
94.3033,10
94.4115,0
94.5197,11
94.6279,11
94.7361,31
94.8444,0
94.9526,0
95.0608,9
95.169,0
95.2772,4
95.3855,2
95.4937,0
95.6019,6
95.7101,16
95.8183,0
95.9266,0
96.0348,2
96.143,0
96.2512,0
96.3594,29
96.4677,7
96.5759,0
96.6841,8
96.7923,36
96.9005,31
97.0088,0
97.117,0
97.2252,16
97.3334,15
97.4416,1
97.5499,0
97.6581,35
97.7663,0
97.8745,1
97.9827,16
98.091,0
98.1992,5
98.3074,8
98.4156,0
98.5238,19
98.6321,2
98.7403,23
98.8485,0
98.9567,0
99.065,6
99.1732,17
99.2814,0
99.3896,4
99.4978,31
99.6061,8
99.7143,0
99.8225,2
99.9307,0
100.039,8
100.147,9
100.255,4
100.364,0
100.472,4
100.58,42
100.688,13
100.796,0
100.905,4
101.013,14
101.121,0
101.229,0
101.338,0
101.446,11
101.554,0
101.662,0
101.77,6
101.879,20
101.987,0
102.095,22
102.203,0
102.312,0
102.42,29
102.528,4
102.636,0
102.744,0
102.853,0
102.961,0
103.069,0
103.177,34
103.286,27
103.394,0
103.502,0
103.61,1
103.718,0
103.827,13
103.935,28
104.043,9
104.151,0
104.26,0
104.368,2
104.476,0
104.584,0
104.692,0
104.801,0
104.909,26
105.017,5
105.125,0
105.234,0
105.342,0
105.45,2
105.558,5
105.666,18
105.775,0
105.883,17
105.991,18
106.099,5
106.208,0
106.316,0
106.424,0
106.532,21
106.64,0
106.749,8
106.857,0
106.965,9
107.073,5
107.182,0
107.29,18
107.398,0
107.506,0
107.614,0
107.723,5
107.831,0
107.939,0
108.047,0
108.156,0
108.264,22
108.372,0
108.48,21
108.588,13
108.697,15
108.805,3
108.913,30
109.021,7
109.13,8
109.238,32
109.346,0
109.454,0
109.562,0
109.671,0
109.779,0
109.887,1
109.995,0
110.104,7
110.212,17
110.32,16
110.428,19
110.537,26
110.645,0
110.753,0
110.861,39
110.969,12
111.078,0
111.186,4
111.294,16
111.402,6
111.511,0
111.619,11
111.727,0
111.835,16
111.943,27
112.052,0
112.16,22
112.268,17
112.376,0
112.485,12
112.593,17
112.701,0
112.809,0
112.917,7
113.026,14
113.134,0
113.242,0
113.35,6
113.459,17
113.567,0
113.675,0
113.783,0
113.891,0
114,61
114.108,36
114.216,1
114.324,0
114.433,0
114.541,12
114.649,15
114.757,0
114.865,0
114.974,11
115.082,20
115.19,4
115.298,24
115.407,4
115.515,4
115.623,0
115.731,18
115.839,18
115.948,0
116.056,0
116.164,0
116.272,18
116.381,0
116.489,0
116.597,0
116.705,21
116.813,4
116.922,18
117.03,4
117.138,16
117.246,4
117.355,2
117.463,20
117.571,0
117.679,0
117.787,0
117.896,0
118.004,3
118.112,2
118.22,13
118.329,18
118.437,12
118.545,21
118.653,6
118.762,0
118.87,15
118.978,4
119.086,0
119.194,19
119.303,6
119.411,0
119.519,0
119.627,0
119.736,31
119.844,43
119.952,10
120.06,12
120.168,16
120.277,24
120.385,16
120.493,11
120.601,1
120.71,0
120.818,29
120.926,0
121.034,2
121.142,0
121.251,1
121.359,0
121.467,9
121.575,6
121.684,1
121.792,0
121.9,11
122.008,12
122.116,0
122.225,0
122.333,0
122.441,17
122.549,12
122.658,12
122.766,6
122.874,0
122.982,14
123.09,0
123.199,0
123.307,37
123.415,6
123.523,32
123.632,7
123.74,8
123.848,0
123.956,0
124.065,12
124.173,6
124.281,25
124.389,7
124.497,4
124.606,0
124.714,0
124.822,67
124.93,15
125.039,11
125.147,5
125.255,0
125.363,0
125.471,12
125.58,0
125.688,0
125.796,12
125.904,34
126.013,15
126.121,12
126.229,5
126.337,0
126.445,6
126.554,6
126.662,10
126.77,0
126.878,8
126.987,11
127.095,11
127.203,0
127.311,0
127.419,0
127.528,0
127.636,0
127.744,0
127.852,0
127.961,9
128.069,0
128.177,12
128.285,17
128.394,27
128.502,24
128.61,0
128.718,0
128.826,0
128.935,2
129.043,8
129.151,6
129.259,0
129.368,0
129.476,9
129.584,14
129.692,0
129.8,25
129.909,8
130.017,21
130.125,0
130.233,11
130.342,14
130.45,13
130.558,0
130.666,16
130.774,19
130.883,8
130.991,9
131.099,1
131.207,0
131.316,10
131.424,9
131.532,0
131.64,0
131.748,12
131.857,0
131.965,19
132.073,11
132.181,21
132.29,21
132.398,2
132.506,6
132.614,0
132.723,0
132.831,2
132.939,0
133.047,2
133.155,6
133.264,20
133.372,7
133.48,8
133.588,12
133.697,0
133.805,0
133.913,12
134.021,16
134.129,0
134.238,0
134.346,1
134.454,0
134.562,2
134.671,14
134.779,13
134.887,0
134.995,11
135.103,49
135.212,0
135.32,0
135.428,6
135.536,0
135.645,15
135.753,24
135.861,0
135.969,0
136.077,0
136.186,0
136.294,8
136.402,0
136.51,0
136.619,0
136.727,12
136.835,30
136.943,15
137.052,0
137.16,5
137.268,0
137.376,0
137.484,4
137.593,14
137.701,2
137.809,0
137.917,0
138.026,8
138.134,0
138.242,0
138.35,4
138.458,30
138.567,0
138.675,9
138.783,33
138.891,0
139,12
139.108,0
139.216,0
139.324,14
139.432,0
139.541,3
139.649,21
139.757,10
139.865,0
139.974,1
140.082,20
140.19,0
140.298,0
140.407,13
140.515,12
140.623,8
140.731,6
140.839,3
140.948,0
141.056,0
141.164,0
141.272,9
141.381,4
141.489,20
141.597,0
141.705,4
141.813,3
141.922,24
142.03,10
142.138,10
142.246,13
142.355,0
142.463,11
142.571,22
142.679,10
142.787,0
142.896,0
143.004,20
143.112,0
143.22,21
143.329,2
143.437,14
143.545,0
143.653,0
143.761,28
143.87,12
143.978,0
144.086,0
144.194,3
144.303,6
144.411,2
144.519,25
144.627,24
144.736,0
144.844,15
144.952,25
145.06,3
145.168,8
145.277,17
145.385,0
145.493,0
145.601,0
145.71,0
145.818,4
145.926,0
146.034,1
146.142,0
146.251,0
146.359,0
146.467,19
146.575,16
146.684,0
146.792,7
146.9,3
147.008,17
147.116,0
147.225,3
147.333,0
147.441,0
147.549,20
147.658,0
147.766,16
147.874,21
147.982,0
148.091,10
148.199,29
148.307,1
148.415,0
148.523,2
148.632,25
148.74,0
148.848,0
148.956,0
149.065,16
149.173,11
149.281,5
149.389,0
149.497,20
149.606,31
149.714,4
149.822,0
149.93,12
150.039,24
150.147,0
150.255,0
150.363,13
150.471,9
150.58,24
150.688,32
150.796,7
150.904,2
151.013,9
151.121,24
151.229,6
151.337,15
151.445,25
151.554,0
151.662,15
151.77,43
151.878,3
151.987,0
152.095,14
152.203,6
152.311,11
152.42,30
152.528,2
152.636,11
152.744,42
152.852,20
152.961,0
153.069,7
153.177,12
153.285,0
153.394,0
153.502,12
153.61,22
153.718,21
153.826,0
153.935,0
154.043,15
154.151,0
154.259,0
154.368,0
154.476,0
154.584,5
154.692,19
154.8,6
154.909,20
155.017,23
155.125,3
155.233,9
155.342,8
155.45,11
155.558,10
155.666,0
155.774,0
155.883,0
155.991,3
156.099,6
156.207,6
156.316,8
156.424,15
156.532,29
156.64,6
156.749,0
156.857,8
156.965,6
157.073,1
157.181,0
157.29,41
157.398,56
157.506,0
157.614,0
157.723,0
157.831,0
157.939,6
158.047,25
158.155,16
158.264,19
158.372,30
158.48,8
158.588,0
158.697,12
158.805,1
158.913,0
159.021,0
159.129,6
159.238,0
159.346,0
159.454,0
159.562,13
159.671,10
159.779,18
159.887,31
159.995,32
160.103,0
160.212,14
160.32,0
160.428,0
160.536,0
160.645,6
160.753,0
160.861,0
160.969,22
161.077,0
161.186,28
161.294,13
161.402,17
161.51,28
161.619,6
161.727,0
161.835,0
161.943,0
162.052,0
162.16,25
162.268,0
162.376,0
162.484,13
162.593,4
162.701,6
162.809,5
162.917,0
163.026,26
163.134,20
163.242,0
163.35,0
163.458,10
163.567,0
163.675,0
163.783,0
163.891,0
164,1
164.108,0
164.216,8
164.324,0
164.432,0
164.541,18
164.649,41
164.757,6
164.865,1
164.974,0
165.082,11
165.19,33
165.298,0
165.406,0
165.515,7
165.623,0
165.731,12
165.839,23
165.948,0
166.056,0
166.164,23
166.272,10
166.38,14
166.489,5
166.597,0
166.705,26
166.813,0
166.922,0
167.03,14
167.138,9
167.246,0
167.354,4
167.463,11
167.571,13
167.679,3
167.787,1
167.896,11
168.004,0
168.112,38
168.22,22
168.328,5
168.437,5
168.545,13
168.653,13
168.761,0
168.87,13
168.978,0
169.086,0
169.194,8
169.303,4
169.411,4
169.519,0
169.627,10
169.735,8
169.844,31
169.952,2
170.06,13
170.168,27
170.277,0
170.385,3
170.493,20
170.601,23
170.709,1
170.818,0
170.926,0
171.034,11
171.142,0
171.251,0
171.359,33
171.467,14
171.575,18
171.683,10
171.792,25
171.9,12
172.008,0
172.116,9
172.225,24
172.333,6
172.441,0
172.549,0
172.657,16
172.766,28
172.874,9
172.982,14
173.09,0
173.199,0
173.307,15
173.415,22
173.523,0
173.631,0
173.74,18
173.848,12
173.956,2
174.064,6
174.173,5
174.281,14
174.389,20
174.497,0
174.605,20
174.714,0
174.822,16
174.93,34
175.038,0
175.147,9
175.255,0
175.363,2
175.471,6
175.579,14
175.688,0
175.796,0
175.904,7
176.012,0
176.121,2
176.229,6
176.337,16
176.445,8
176.553,8
176.662,10
176.77,8
176.878,0
176.986,0
177.095,0
177.203,41
177.311,10
177.419,0
177.527,1
177.636,28
177.744,4
177.852,0
177.96,6
178.069,0
178.177,7
178.285,14
178.393,32
178.501,11
178.61,8
178.718,6
178.826,0
178.934,13
179.043,29
179.151,17
179.259,0
179.367,30
179.475,17
179.584,11
179.692,34
179.8,13
179.908,29
180.017,13
180.125,0
180.233,0
180.341,26
180.449,0
180.558,21
180.666,0
180.774,0
180.882,21
180.991,0
181.099,0
181.207,27
181.315,4
181.423,30
181.532,20
181.64,8
181.748,1
181.856,6
181.965,0
182.073,0
182.181,5
182.289,0
182.397,0
182.506,28
182.614,0
182.722,0
182.83,0
182.938,0
183.047,38
183.155,1
183.263,1
183.371,11
183.48,12
183.588,0
183.696,8
183.804,0
183.912,0
184.021,0
184.129,30
184.237,2
184.345,0
184.454,0
184.562,0
184.67,8
184.778,6
184.886,0
184.995,0
185.103,6
185.211,9
185.319,13
185.428,5
185.536,1
185.644,22
185.752,6
185.86,0
185.969,11
186.077,7
186.185,24
186.293,0
186.402,0
186.51,4
186.618,3
186.726,26
186.834,13
186.943,44
187.051,0
187.159,0
187.267,0
187.376,9
187.484,21
187.592,0
187.7,0
187.808,19
187.917,3
188.025,26
188.133,13
188.241,37
188.349,27
188.458,0
188.566,18
188.674,40
188.782,10
188.891,0
188.999,30
189.107,5
189.215,0
189.323,0
189.432,28
189.54,0
189.648,0
189.756,54
189.865,10
189.973,0
190.081,0
190.189,2
190.297,0
190.406,11
190.514,34
190.622,30
190.73,22
190.839,15
190.947,29
191.055,0
191.163,0
191.271,20
191.38,23
191.488,0
191.596,0
191.704,0
191.813,29
191.921,0
192.029,4
192.137,3
192.245,0
192.354,0
192.462,0
192.57,13
192.678,0
192.786,16
192.895,0
193.003,0
193.111,4
193.219,6
193.328,0
193.436,13
193.544,19
193.652,0
193.76,28
193.869,17
193.977,0
194.085,19
194.193,20
194.302,20
194.41,13
194.518,10
194.626,8
194.734,16
194.843,15
194.951,15
195.059,0
195.167,36
195.275,26
195.384,34
195.492,15
195.6,0
195.708,0
195.817,20
195.925,22
196.033,2
196.141,34
196.249,19
196.358,0
196.466,0
196.574,0
196.682,0
196.791,0
196.899,19
197.007,6
197.115,0
197.223,0
197.332,14
197.44,0
197.548,0
197.656,18
197.764,14
197.873,6
197.981,0
198.089,0
198.197,31
198.306,0
198.414,0
198.522,0
198.63,17
198.738,0
198.847,6
198.955,0
199.063,20
199.171,6
199.28,34
199.388,28
199.496,3
199.604,0
199.712,0
199.821,24
199.929,6
200.037,21
200.145,0
200.253,22
200.362,0
200.47,0
200.578,17
200.686,39
200.795,0
200.903,0
201.011,9
201.119,12
201.227,5
201.336,0
201.444,0
201.552,0
201.66,0
201.768,4
201.877,0
201.985,0
202.093,0
202.201,5
202.31,0
202.418,12
202.526,36
202.634,2
202.742,0
202.851,2
202.959,37
203.067,0
203.175,0
203.284,0
203.392,0
203.5,9
203.608,0
203.716,6
203.825,4
203.933,0
204.041,0
204.149,4
204.257,22
204.366,5
204.474,0
204.582,0
204.69,0
204.799,7
204.907,0
205.015,1
205.123,0
205.231,3
205.34,21
205.448,19
205.556,13
205.664,7
205.772,18
205.881,21
205.989,0
206.097,0
206.205,20
206.314,16
206.422,0
206.53,0
206.638,0
206.746,46
206.855,13
206.963,0
207.071,0
207.179,25
207.287,32
207.396,9
207.504,11
207.612,0
207.72,0
207.829,0
207.937,16
208.045,0
208.153,0
208.261,0
208.37,8
208.478,0
208.586,7
208.694,0
208.802,0
208.911,6
209.019,24
209.127,12
209.235,7
209.343,15
209.452,0
209.56,35
209.668,31
209.776,0
209.885,11
209.993,13
210.101,0
210.209,0
210.317,22
210.426,1
210.534,5
210.642,12
210.75,0
210.858,0
210.967,26
211.075,0
211.183,0
211.291,0
211.4,51
211.508,12
211.616,0
211.724,0
211.832,0
211.941,3
212.049,1
212.157,2
212.265,0
212.373,0
212.482,0
212.59,17
212.698,0
212.806,9
212.915,0
213.023,0
213.131,0
213.239,0
213.347,34
213.456,14
213.564,0
213.672,24
213.78,14
213.888,16
213.997,0
214.105,35
214.213,23
214.321,0
214.429,10
214.538,0
214.646,14
214.754,11
214.862,11
214.971,0
215.079,29
215.187,0
215.295,0
215.403,14
215.512,0
215.62,0
215.728,0
215.836,22
215.944,24
216.053,34
216.161,17
216.269,7
216.377,0
216.485,0
216.594,0
216.702,2
216.81,15
216.918,13
217.027,0
217.135,0
217.243,10
217.351,17
217.459,0
217.568,13
217.676,0
217.784,30
217.892,28
218,29
218.109,11
218.217,0
218.325,0
218.433,0
218.541,10
218.65,0
218.758,0
218.866,20
218.974,0
219.083,21
219.191,15
219.299,10
219.407,9
219.515,0
219.624,0
219.732,9
219.84,21
219.948,5
220.056,1
220.165,0
220.273,14
220.381,8
220.489,14
220.597,0
220.706,0
220.814,7
220.922,35
221.03,0
221.138,0
221.247,1
221.355,7
221.463,15
221.571,0
221.68,0
221.788,29
221.896,16
222.004,0
222.112,0
222.221,34
222.329,28
222.437,0
222.545,0
222.653,0
222.762,13
222.87,0
222.978,12
223.086,23
223.194,0
223.303,0
223.411,0
223.519,15
223.627,0
223.735,4
223.844,22
223.952,22
224.06,2
224.168,22
224.277,0
224.385,17
224.493,6
224.601,0
224.709,0
224.818,17
224.926,0
225.034,11
225.142,0
225.25,26
225.359,20
225.467,12
225.575,15
225.683,0
225.791,4
225.9,13
226.008,8
226.116,0
226.224,9
226.332,32
226.441,2
226.549,68
226.657,86
226.765,47
226.873,2
226.982,26
227.09,3
227.198,0
227.306,0
227.415,16
227.523,1
227.631,19
227.739,0
227.847,0
227.956,14
228.064,13
228.172,0
228.28,0
228.388,0
228.497,0
228.605,6
228.713,0
228.821,10
228.929,36
229.038,0
229.146,0
229.254,0
229.362,48
229.47,13
229.579,0
229.687,0
229.795,0
229.903,11
230.011,24
230.12,0
230.228,11
230.336,11
230.444,2
230.552,2
230.661,17
230.769,17
230.877,24
230.985,4
231.093,0
231.202,0
231.31,20
231.418,12
231.526,17
231.634,0
231.743,1
231.851,0
231.959,5
232.067,50
232.176,0
232.284,7
232.392,0
232.5,5
232.608,1
232.717,0
232.825,0
232.933,0
233.041,50
233.149,8
233.258,0
233.366,5
233.474,0
233.582,22
233.69,17
233.799,2
233.907,4
234.015,0
234.123,9
234.231,6
234.34,5
234.448,0
234.556,0
234.664,23
234.772,8
234.881,11
234.989,7
235.097,31
235.205,0
235.313,0
235.422,14
235.53,8
235.638,0
235.746,2
235.854,32
235.963,0
236.071,26
236.179,0
236.287,3
236.395,2
236.504,0
236.612,0
236.72,14
236.828,8
236.936,7
237.045,0
237.153,0
237.261,19
237.369,17
237.477,0
237.586,10
237.694,11
237.802,0
237.91,4
238.018,18
238.127,5
238.235,3
238.343,0
238.451,25
238.559,40
238.668,10
238.776,17
238.884,16
238.992,0
239.1,0
239.209,3
239.317,14
239.425,0
239.533,6
239.641,19
239.75,23
239.858,2
239.966,0
240.074,8
240.182,0
240.291,9
240.399,5
240.507,7
240.615,43
240.723,13
240.832,20
240.94,1
241.048,29
241.156,0
241.264,0
241.373,0
241.481,0
241.589,10
241.697,3
241.805,16
241.914,0
242.022,12
242.13,7
242.238,0
242.346,32
242.455,12
242.563,14
242.671,0
242.779,0
242.887,7
242.996,0
243.104,9
243.212,0
243.32,0
243.428,0
243.537,0
243.645,0
243.753,0
243.861,17
243.969,39
244.078,12
244.186,0
244.294,0
244.402,0
244.51,13
244.619,0
244.727,4
244.835,8
244.943,20
245.051,21
245.16,0
245.268,7
245.376,0
245.484,35
245.592,8
245.701,0
245.809,0
245.917,0
246.025,1
246.133,2
246.242,0
246.35,17
246.458,43
246.566,5
246.674,21
246.783,3
246.891,3
246.999,0
247.107,35
247.215,37
247.323,26
247.432,15
247.54,11
247.648,14
247.756,0
247.864,29
247.973,15
248.081,18
248.189,0
248.297,0
248.405,4
248.514,0
248.622,7
248.73,0
248.838,2
248.946,2
249.055,0
249.163,0
249.271,5
249.379,18
249.487,9
249.596,0
249.704,0
249.812,8
249.92,4
250.028,0
250.137,3
250.245,0
250.353,1
250.461,0
250.569,0
250.678,0
250.786,3
250.894,18
251.002,0
251.11,8
251.219,36
251.327,5
251.435,0
251.543,3
251.651,0
251.759,16
251.868,11
251.976,0
252.084,1
252.192,15
252.3,20
252.409,5
252.517,0
252.625,30
252.733,0
252.841,3
252.95,2
253.058,2
253.166,0
253.274,0
253.382,14
253.491,0
253.599,18
253.707,40
253.815,28
253.923,1
254.032,0
254.14,13
254.248,0
254.356,0
254.464,3
254.572,0
254.681,30
254.789,24
254.897,9
255.005,12
255.113,0
255.222,22
255.33,16
255.438,10
255.546,0
255.654,0
255.763,0
255.871,1
255.979,0
256.087,13
256.195,14
256.304,10
256.412,8
256.52,7
256.628,1
256.736,0
256.844,8
256.953,20
257.061,6
257.169,0
257.277,14
257.385,14
257.494,0
257.602,13
257.71,7
257.818,1
257.926,17
258.035,0
258.143,14
258.251,18
258.359,0
258.467,15
258.576,27
258.684,13
258.792,16
258.9,0
259.008,16
259.116,0
259.225,8
259.333,15
259.441,2
259.549,0
259.657,64
259.766,74
259.874,32
259.982,11
260.09,14
260.198,0
260.307,2
260.415,11
260.523,7
260.631,18
260.739,17
260.847,0
260.956,0
261.064,0
261.172,0
261.28,4
261.388,0
261.497,16
261.605,19
261.713,14
261.821,7
261.929,12
262.038,0
262.146,8
262.254,0
262.362,7
262.47,0
262.578,5
262.687,0
262.795,23
262.903,0
263.011,0
263.119,0
263.228,1
263.336,13
263.444,0
263.552,0
263.66,3
263.769,0
263.877,0
263.985,17
264.093,16
264.201,0
264.309,10
264.418,0
264.526,0
264.634,13
264.742,22
264.85,8
264.959,28
265.067,0
265.175,23
265.283,0
265.391,0
265.5,33
265.608,15
265.716,0
265.824,0
265.932,0
266.04,9
266.149,22
266.257,29
266.365,0
266.473,15
266.581,25
266.69,0
266.798,0
266.906,5
267.014,10
267.122,33
267.23,0
267.339,11
267.447,0
267.555,0
267.663,13
267.771,0
267.88,4
267.988,21
268.096,22
268.204,6
268.312,5
268.42,0
268.529,14
268.637,23
268.745,0
268.853,15
268.961,0
269.07,0
269.178,0
269.286,0
269.394,1
269.502,0
269.61,0
269.719,0
269.827,26
269.935,0
270.043,0
270.151,10
270.26,19
270.368,6
270.476,0
270.584,17
270.692,11
270.8,12
270.909,0
271.017,0
271.125,0
271.233,26
271.341,0
271.45,4
271.558,13
271.666,0
271.774,29
271.882,0
271.99,11
272.099,53
272.207,17
272.315,17
272.423,15
272.531,0
272.64,0
272.748,0
272.856,12
272.964,0
273.072,0
273.18,3
273.289,0
273.397,0
273.505,0
273.613,11
273.721,10
273.83,6
273.938,14
274.046,12
274.154,5
274.262,0
274.37,15
274.479,0
274.587,0
274.695,29
274.803,0
274.911,0
275.02,0
275.128,0
275.236,20
275.344,0
275.452,8
275.56,0
275.669,5
275.777,0
275.885,0
275.993,0
276.101,0
276.209,0
276.318,7
276.426,19
276.534,6
276.642,10
276.75,0
276.859,16
276.967,29
277.075,16
277.183,0
277.291,0
277.399,0
277.508,0
277.616,0
277.724,0
277.832,0
277.94,0
278.048,16
278.157,16
278.265,4
278.373,4
278.481,4
278.589,14
278.698,0
278.806,9
278.914,10
279.022,30
279.13,0
279.238,0
279.347,0
279.455,0
279.563,0
279.671,0
279.779,0
279.887,7
279.996,0
280.104,4
280.212,23
280.32,7
280.428,0
280.537,6
280.645,2
280.753,0
280.861,1
280.969,6
281.077,25
281.186,0
281.294,1
281.402,0
281.51,1
281.618,0
281.726,6
281.835,22
281.943,3
282.051,0
282.159,0
282.267,16
282.375,13
282.484,13
282.592,0
282.7,2
282.808,13
282.916,19
283.025,2
283.133,17
283.241,28
283.349,0
283.457,0
283.565,0
283.674,0
283.782,0
283.89,18
283.998,0
284.106,0
284.214,0
284.323,0
284.431,0
284.539,0
284.647,11
284.755,6
284.863,0
284.972,22
285.08,14
285.188,74
285.296,118
285.404,77
285.512,0
285.621,3
285.729,0
285.837,6
285.945,20
286.053,0
286.161,0
286.27,14
286.378,35
286.486,0
286.594,0
286.702,4
286.811,0
286.919,53
287.027,35
287.135,63
287.243,28
287.351,0
287.46,0
287.568,2
287.676,25
287.784,5
287.892,5
288,11
288.109,0
288.217,0
288.325,0
288.433,2
288.541,29
288.649,5
288.758,7
288.866,12
288.974,8
289.082,0
289.19,12
289.298,0
289.407,2
289.515,5
289.623,5
289.731,13
289.839,0
289.947,18
290.056,30
290.164,8
290.272,0
290.38,38
290.488,45
290.596,103
290.705,32
290.813,36
290.921,0
291.029,0
291.137,18
291.245,4
291.354,0
291.462,29
291.57,7
291.678,0
291.786,4
291.894,13
292.003,0
292.111,0
292.219,4
292.327,7
292.435,2
292.543,0
292.652,0
292.76,0
292.868,2
292.976,17
293.084,3
293.192,0
293.301,5
293.409,0
293.517,58
293.625,54
293.733,17
293.841,78
293.95,58
294.058,0
294.166,0
294.274,3
294.382,0
294.49,0
294.599,12
294.707,12
294.815,9
294.923,14
295.031,6
295.139,17
295.248,0
295.356,0
295.464,11
295.572,0
295.68,8
295.788,0
295.896,0
296.005,0
296.113,30
296.221,21
296.329,0
296.437,2
296.545,0
296.654,6
296.762,10
296.87,1
296.978,0
297.086,8
297.194,17
297.303,4
297.411,13
297.519,0
297.627,0
297.735,6
297.843,0
297.952,26
298.06,57
298.168,1
298.276,11
298.384,0
298.492,0
298.601,8
298.709,1
298.817,0
298.925,3
299.033,5
299.141,0
299.249,0
299.358,0
299.466,11
299.574,10
299.682,7
299.79,0
299.898,14
300.007,0
300.115,0
300.223,7
300.331,0
300.439,0
300.547,36
300.656,19
300.764,26
300.872,4
300.98,3
301.088,29
301.196,6
301.305,8
301.413,0
301.521,0
301.629,0
301.737,0
301.845,0
301.953,3
302.062,0
302.17,0
302.278,0
302.386,19
302.494,0
302.602,9
302.711,0
302.819,22
302.927,0
303.035,7
303.143,26
303.251,0
303.36,4
303.468,4
303.576,8
303.684,0
303.792,25
303.9,0
304.008,0
304.117,0
304.225,4
304.333,0
304.441,0
304.549,4
304.657,15
304.766,0
304.874,0
304.982,0
305.09,1
305.198,21
305.306,5
305.414,6
305.523,0
305.631,0
305.739,13
305.847,0
305.955,0
306.063,0
306.172,26
306.28,0
306.388,25
306.496,13
306.604,0
306.712,0
306.82,0
306.929,18
307.037,6
307.145,0
307.253,16
307.361,16
307.469,0
307.578,7
307.686,0
307.794,0
307.902,13
308.01,10
308.118,1
308.226,26
308.335,14
308.443,1
308.551,0
308.659,0
308.767,30
308.875,22
308.984,13
309.092,0
309.2,0
309.308,14
309.416,0
309.524,0
309.632,0
309.741,0
309.849,0
309.957,0
310.065,20
310.173,0
310.281,4
310.39,0
310.498,3
310.606,0
310.714,65
310.822,56
310.93,88
311.038,63
311.147,28
311.255,0
311.363,0
311.471,0
311.579,2
311.687,0
311.795,13
311.904,0
312.012,0
312.12,9
312.228,5
312.336,5
312.444,0
312.553,0
312.661,2
312.769,22
312.877,0
312.985,15
313.093,0
313.201,16
313.31,1
313.418,1
313.526,22
313.634,0
313.742,18
313.85,0
313.958,26
314.067,4
314.175,8
314.283,0
314.391,0
314.499,24
314.607,11
314.715,14
314.824,15
314.932,15
315.04,0
315.148,10
315.256,0
315.364,0
315.472,19
315.581,0
315.689,0
315.797,19
315.905,12
316.013,0
316.121,20
316.23,38
316.338,17
316.446,42
316.554,29
316.662,0
316.77,0
316.878,0
316.987,0
317.095,0
317.203,0
317.311,17
317.419,0
317.527,19
317.635,0
317.744,0
317.852,0
317.96,37
318.068,8
318.176,4
318.284,0
318.392,0
318.501,7
318.609,0
318.717,0
318.825,0
318.933,0
319.041,0
319.149,42
319.258,31
319.366,0
319.474,0
319.582,53
319.69,48
319.798,4
319.906,0
320.015,16
320.123,2
320.231,5
320.339,0
320.447,0
320.555,0
320.663,21
320.772,6
320.88,0
320.988,4
321.096,29
321.204,3
321.312,15
321.42,0
321.529,4
321.637,20
321.745,3
321.853,0
321.961,17
322.069,0
322.177,0
322.286,0
322.394,19
322.502,18
322.61,0
322.718,0
322.826,7
322.934,13
323.042,0
323.151,4
323.259,84
323.367,76
323.475,40
323.583,16
323.691,0
323.799,9
323.908,0
324.016,0
324.124,0
324.232,19
324.34,3
324.448,7
324.556,0
324.665,8
324.773,77
324.881,63
324.989,27
325.097,2
325.205,11
325.313,4
325.422,18
325.53,0
325.638,3
325.746,17
325.854,5
325.962,0
326.07,7
326.178,0
326.287,0
326.395,16
326.503,5
326.611,0
326.719,0
326.827,15
326.935,12
327.044,0
327.152,0
327.26,0
327.368,6
327.476,0
327.584,7
327.692,8
327.801,0
327.909,17
328.017,0
328.125,25
328.233,1
328.341,4
328.449,8
328.557,7
328.666,0
328.774,0
328.882,1
328.99,7
329.098,0
329.206,0
329.314,11
329.423,0
329.531,0
329.639,2
329.747,25
329.855,4
329.963,0
330.071,0
330.179,0
330.288,0
330.396,14
330.504,24
330.612,17
330.72,0
330.828,0
330.936,2
331.045,0
331.153,15
331.261,0
331.369,0
331.477,18
331.585,0
331.693,0
331.801,9
331.91,0
332.018,3
332.126,18
332.234,0
332.342,0
332.45,35
332.558,31
332.666,1
332.775,0
332.883,1
332.991,32
333.099,16
333.207,0
333.315,0
333.423,3
333.532,0
333.64,0
333.748,0
333.856,20
333.964,5
334.072,20
334.18,13
334.288,13
334.397,0
334.505,0
334.613,14
334.721,0
334.829,14
334.937,6
335.045,5
335.153,0
335.262,0
335.37,7
335.478,0
335.586,10
335.694,0
335.802,0
335.91,4
336.018,22
336.127,0
336.235,9
336.343,0
336.451,0
336.559,13
336.667,17
336.775,0
336.883,11
336.992,13
337.1,0
337.208,0
337.316,0
337.424,0
337.532,6
337.64,0
337.748,0
337.857,26
337.965,8
338.073,0
338.181,13
338.289,0
338.397,0
338.505,0
338.613,4
338.722,4
338.83,28
338.938,0
339.046,3
339.154,17
339.262,0
339.37,8
339.478,15
339.587,0
339.695,2
339.803,7
339.911,0
340.019,0
340.127,0
340.235,6
340.343,0
340.452,0
340.56,0
340.668,14
340.776,5
340.884,0
340.992,7
341.1,0
341.208,16
341.317,33
341.425,0
341.533,4
341.641,0
341.749,0
341.857,12
341.965,24
342.073,0
342.181,20
342.29,0
342.398,12
342.506,11
342.614,0
342.722,0
342.83,0
342.938,2
343.046,4
343.155,24
343.263,0
343.371,2
343.479,4
343.587,0
343.695,21
343.803,0
343.911,0
344.02,0
344.128,16
344.236,31
344.344,3
344.452,0
344.56,0
344.668,18
344.776,1
344.884,0
344.993,0
345.101,0
345.209,0
345.317,12
345.425,13
345.533,0
345.641,0
345.749,27
345.857,12
345.966,0
346.074,0
346.182,20
346.29,0
346.398,7
346.506,11
346.614,0
346.722,18
346.831,23
346.939,0
347.047,6
347.155,3
347.263,7
347.371,0
347.479,0
347.587,15
347.695,0
347.804,5
347.912,12
348.02,0
348.128,0
348.236,2
348.344,12
348.452,0
348.56,21
348.668,8
348.777,25
348.885,6
348.993,34
349.101,0
349.209,20
349.317,0
349.425,0
349.533,0
349.641,7
349.75,0
349.858,17
349.966,0
350.074,0
350.182,21
350.29,10
350.398,25
350.506,0
350.615,0
350.723,4
350.831,19
350.939,0
351.047,0
351.155,18
351.263,0
351.371,14
351.479,21
351.588,4
351.696,10
351.804,9
351.912,0
352.02,24
352.128,14
352.236,11
352.344,0
352.452,0
352.56,10
352.669,24
352.777,0
352.885,10
352.993,0
353.101,0
353.209,0
353.317,18
353.425,11
353.533,0
353.642,10
353.75,0
353.858,21
353.966,0
354.074,15
354.182,8
354.29,0
354.398,8
354.506,0
354.615,0
354.723,0
354.831,0
354.939,7
355.047,26
355.155,15
355.263,0
355.371,0
355.479,24
355.587,9
355.696,0
355.804,0
355.912,5
356.02,0
356.128,33
356.236,14
356.344,0
356.452,0
356.56,0
356.669,0
356.777,0
356.885,0
356.993,0
357.101,0
357.209,29
357.317,12
357.425,8
357.533,41
357.641,21
357.75,0
357.858,0
357.966,19
358.074,47
358.182,0
358.29,8
358.398,0
358.506,0
358.614,19
358.723,21
358.831,6
358.939,0
359.047,0
359.155,0
359.263,23
359.371,0
359.479,48
359.587,32
359.695,38
359.804,11
359.912,0
360.02,9
360.128,37
360.236,0
360.344,0
360.452,0
360.56,0
360.668,0
360.776,0
360.885,3
360.993,0
361.101,0
361.209,4
361.317,0
361.425,0
361.533,5
361.641,0
361.749,3
361.857,0
361.966,18
362.074,15
362.182,21
362.29,0
362.398,2
362.506,0
362.614,0
362.722,0
362.83,19
362.938,1
363.047,0
363.155,0
363.263,0
363.371,18
363.479,17
363.587,0
363.695,0
363.803,0
363.911,0
364.019,1
364.127,9
364.236,0
364.344,0
364.452,0
364.56,8
364.668,0
364.776,0
364.884,0
364.992,13
365.1,13
365.208,23
365.317,18
365.425,5
365.533,0
365.641,0
365.749,12
365.857,25
365.965,0
366.073,4
366.181,21
366.289,0
366.397,0
366.506,22
366.614,21
366.722,0
366.83,0
366.938,17
367.046,25
367.154,11
367.262,0
367.37,19
367.478,6
367.586,8
367.695,13
367.803,28
367.911,8
368.019,6
368.127,1
368.235,0
368.343,7
368.451,19
368.559,0
368.667,20
368.775,7
368.884,0
368.992,19
369.1,2
369.208,20
369.316,12
369.424,0
369.532,1
369.64,0
369.748,0
369.856,11
369.964,23
370.073,0
370.181,0
370.289,30
370.397,60
370.505,40
370.613,0
370.721,0
370.829,18
370.937,0
371.045,15
371.153,0
371.262,0
371.37,10
371.478,25
371.586,0
371.694,6
371.802,21
371.91,14
372.018,2
372.126,5
372.234,1
372.342,8
372.451,0
372.559,5
372.667,24
372.775,0
372.883,13
372.991,12
373.099,0
373.207,8
373.315,13
373.423,0
373.531,0
373.639,30
373.748,29
373.856,0
373.964,7
374.072,9
374.18,0
374.288,0
374.396,25
374.504,16
374.612,2
374.72,0
374.828,0
374.936,17
375.045,35
375.153,92
375.261,41
375.369,0
375.477,0
375.585,7
375.693,0
375.801,0
375.909,0
376.017,0
376.125,5
376.233,0
376.342,0
376.45,17
376.558,9
376.666,0
376.774,28
376.882,28
376.99,24
377.098,3
377.206,0
377.314,0
377.422,5
377.53,0
377.638,0
377.747,7
377.855,0
377.963,0
378.071,0
378.179,18
378.287,5
378.395,15
378.503,27
378.611,13
378.719,0
378.827,0
378.935,19
379.044,17
379.152,0
379.26,13
379.368,0
379.476,19
379.584,15
379.692,30
379.8,20
379.908,2
380.016,38
380.124,14
380.232,6
380.34,14
380.449,22
380.557,13
380.665,2
380.773,1
380.881,0
380.989,23
381.097,8
381.205,0
381.313,0
381.421,18
381.529,0
381.637,12
381.745,11
381.854,0
381.962,17
382.07,5
382.178,21
382.286,13
382.394,0
382.502,0
382.61,0
382.718,21
382.826,15
382.934,0
383.042,10
383.15,7
383.258,0
383.367,17
383.475,1
383.583,6
383.691,0
383.799,11
383.907,0
384.015,0
384.123,0
384.231,0
384.339,0
384.447,20
384.555,10
384.663,0
384.771,7
384.88,18
384.988,12
385.096,15
385.204,24
385.312,37
385.42,38
385.528,0
385.636,21
385.744,13
385.852,11
385.96,15
386.068,0
386.176,19
386.284,7
386.393,88
386.501,76
386.609,32
386.717,0
386.825,23
386.933,2
387.041,24
387.149,3
387.257,0
387.365,0
387.473,0
387.581,16
387.689,13
387.797,0
387.905,0
388.014,12
388.122,4
388.23,0
388.338,13
388.446,18
388.554,23
388.662,0
388.77,33
388.878,10
388.986,11
389.094,4
389.202,0
389.31,16
389.418,20
389.526,0
389.635,0
389.743,0
389.851,0
389.959,0
390.067,0
390.175,29
390.283,0
390.391,14
390.499,28
390.607,3
390.715,22
390.823,4
390.931,9
391.039,0
391.147,0
391.256,0
391.364,4
391.472,0
391.58,17
391.688,8
391.796,2
391.904,15
392.012,2
392.12,2
392.228,0
392.336,4
392.444,5
392.552,0
392.66,0
392.768,0
392.876,0
392.985,29
393.093,18
393.201,14
393.309,20
393.417,28
393.525,17
393.633,0
393.741,9
393.849,0
393.957,1
394.065,3
394.173,0
394.281,9
394.389,49
394.497,34
394.605,14
394.713,0
394.822,32
394.93,8
395.038,0
395.146,0
395.254,39
395.362,21
395.47,17
395.578,36
395.686,13
395.794,27
395.902,33
396.01,16
396.118,21
396.226,35
396.334,78
396.442,51
396.55,27
396.658,10
396.767,19
396.875,8
396.983,0
397.091,0
397.199,4
397.307,18
397.415,21
397.523,18
397.631,0
397.739,9
397.847,0
397.955,0
398.063,0
398.171,9
398.279,34
398.387,0
398.495,2
398.603,12
398.712,6
398.82,0
398.928,30
399.036,4
399.144,0
399.252,14
399.36,11
399.468,0
399.576,16
399.684,0
399.792,4
399.9,25
400.008,15
400.116,12
400.224,17
400.332,0
400.44,10
400.548,8
400.656,13
400.765,2
400.873,0
400.981,7
401.089,8
401.197,0
401.305,6
401.413,19
401.521,0
401.629,3
401.737,18
401.845,0
401.953,10
402.061,23
402.169,13
402.277,0
402.385,10
402.493,16
402.601,0
402.709,10
402.817,9
402.925,34
403.034,15
403.142,0
403.25,8
403.358,22
403.466,22
403.574,14
403.682,0
403.79,1
403.898,0
404.006,14
404.114,0
404.222,0
404.33,18
404.438,26
404.546,0
404.654,0
404.762,24
404.87,0
404.978,21
405.086,30
405.194,0
405.302,4
405.411,0
405.519,1
405.627,0
405.735,1
405.843,0
405.951,0
406.059,38
406.167,44
406.275,0
406.383,14
406.491,0
406.599,7
406.707,58
406.815,62
406.923,23
407.031,26
407.139,4
407.247,13
407.355,17
407.463,0
407.571,14
407.679,0
407.787,16
407.896,18
408.004,16
408.112,0
408.22,0
408.328,20
408.436,65
408.544,33
408.652,14
408.76,10
408.868,17
408.976,0
409.084,8
409.192,11
409.3,0
409.408,25
409.516,32
409.624,15
409.732,39
409.84,20
409.948,30
410.056,4
410.164,0
410.272,6
410.38,41
410.488,11
410.596,0
410.705,0
410.813,0
410.921,0
411.029,6
411.137,0
411.245,10
411.353,0
411.461,26
411.569,0
411.677,5
411.785,3
411.893,0
412.001,0
412.109,10
412.217,0
412.325,0
412.433,13
412.541,1
412.649,6
412.757,20
412.865,0
412.973,25
413.081,7
413.189,0
413.297,12
413.405,19
413.513,0
413.621,0
413.729,14
413.838,0
413.946,0
414.054,9
414.162,0
414.27,17
414.378,4
414.486,14
414.594,2
414.702,24
414.81,0
414.918,21
415.026,30
415.134,0
415.242,4
415.35,2
415.458,0
415.566,0
415.674,1
415.782,6
415.89,1
415.998,13
416.106,5
416.214,4
416.322,0
416.43,34
416.538,20
416.646,0
416.754,0
416.862,42
416.97,21
417.078,2
417.186,0
417.294,0
417.403,0
417.511,0
417.619,8
417.727,0
417.835,0
417.943,18
418.051,2
418.159,3
418.267,5
418.375,2
418.483,19
418.591,17
418.699,6
418.807,0
418.915,23
419.023,0
419.131,3
419.239,1
419.347,0
419.455,5
419.563,0
419.671,0
419.779,26
419.887,5
419.995,15
420.103,4
420.211,0
420.319,21
420.427,0
420.535,0
420.643,9
420.751,4
420.859,0
420.967,5
421.075,2
421.183,0
421.291,0
421.399,12
421.507,0
421.615,11
421.723,0
421.832,29
421.94,0
422.048,0
422.156,4
422.264,3
422.372,48
422.48,38
422.588,16
422.696,5
422.804,8
422.912,0
423.02,21
423.128,13
423.236,11
423.344,0
423.452,21
423.56,37
423.668,8
423.776,0
423.884,0
423.992,24
424.1,26
424.208,0
424.316,23
424.424,17
424.532,0
424.64,8
424.748,18
424.856,6
424.964,16
425.072,0
425.18,0
425.288,0
425.396,11
425.504,0
425.612,0
425.72,4
425.828,0
425.936,0
426.044,26
426.152,0
426.26,10
426.368,0
426.476,0
426.584,0
426.692,32
426.8,6
426.908,0
427.016,0
427.124,5
427.232,0
427.34,0
427.448,0
427.556,0
427.664,26
427.772,52
427.88,0
427.988,23
428.096,0
428.204,0
428.312,34
428.42,19
428.529,1
428.637,22
428.745,28
428.853,17
428.961,19
429.069,0
429.177,14
429.285,10
429.393,20
429.501,9
429.609,4
429.717,2
429.825,0
429.933,2
430.041,5
430.149,0
430.257,4
430.365,25
430.473,0
430.581,0
430.689,6
430.797,20
430.905,1
431.013,0
431.121,0
431.229,0
431.337,12
431.445,17
431.553,0
431.661,16
431.769,0
431.877,8
431.985,23
432.093,0
432.201,0
432.309,0
432.417,48
432.525,23
432.633,8
432.741,0
432.849,0
432.957,14
433.065,16
433.173,6
433.281,2
433.389,4
433.497,0
433.605,30
433.713,0
433.821,0
433.929,2
434.037,33
434.145,14
434.253,0
434.361,8
434.469,23
434.577,0
434.685,8
434.793,0
434.901,2
435.009,34
435.117,1
435.225,0
435.333,0
435.441,0
435.549,13
435.657,0
435.765,0
435.873,28
435.981,3
436.089,0
436.197,12
436.305,8
436.413,3
436.521,32
436.629,28
436.737,31
436.845,13
436.953,0
437.061,10
437.169,0
437.277,0
437.385,0
437.493,0
437.601,8
437.709,0
437.817,13
437.925,12
438.033,12
438.141,24
438.249,0
438.357,0
438.465,4
438.573,30
438.681,20
438.789,0
438.897,0
439.005,0
439.113,0
439.221,6
439.329,0
439.437,5
439.545,0
439.653,36
439.761,0
439.869,0
439.977,8
440.085,0
440.193,0
440.301,0
440.409,0
440.517,12
440.625,0
440.733,5
440.841,0
440.949,9
441.057,0
441.165,0
441.273,0
441.381,0
441.489,10
441.597,1
441.705,0
441.813,6
441.921,5
442.029,0
442.137,2
442.245,14
442.353,0
442.461,0
442.569,21
442.677,4
442.785,2
442.893,12
443.001,4
443.109,0
443.217,0
443.325,15
443.432,4
443.54,0
443.648,19
443.756,23
443.864,0
443.972,17
444.08,19
444.188,0
444.296,0
444.404,13
444.512,11
444.62,0
444.728,14
444.836,22
444.944,15
445.052,0
445.16,0
445.268,0
445.376,0
445.484,0
445.592,0
445.7,2
445.808,8
445.916,7
446.024,31
446.132,12
446.24,17
446.348,15
446.456,22
446.564,15
446.672,0
446.78,0
446.888,21
446.996,2
447.104,0
447.212,3
447.32,26
447.428,36
447.536,14
447.644,31
447.752,3
447.86,0
447.968,0
448.076,22
448.184,2
448.292,0
448.4,0
448.508,22
448.616,26
448.724,0
448.832,10
448.94,4
449.048,0
449.156,0
449.264,42
449.372,19
449.48,9
449.588,0
449.696,0
449.804,12
449.911,15
450.019,0
450.127,16
450.235,0
450.343,0
450.451,14
450.559,0
450.667,4
450.775,14
450.883,1
450.991,17
451.099,2
451.207,0
451.315,0
451.423,2
451.531,0
451.639,0
451.747,19
451.855,9
451.963,0
452.071,0
452.179,21
452.287,2
452.395,0
452.503,0
452.611,11
452.719,0
452.827,5
452.935,5
453.043,4
453.151,21
453.259,14
453.367,0
453.475,26
453.583,0
453.691,0
453.799,7
453.907,0
454.015,0
454.123,2
454.23,0
454.338,16
454.446,15
454.554,19
454.662,0
454.77,0
454.878,8
454.986,0
455.094,0
455.202,0
455.31,0
455.418,20
455.526,8
455.634,0
455.742,23
455.85,0
455.958,0
456.066,2
456.174,38
456.282,32
456.39,5
456.498,38
456.606,44
456.714,87
456.822,87
456.93,39
457.038,5
457.146,0
457.254,0
457.362,11
457.47,0
457.578,0
457.685,17
457.793,0
457.901,0
458.009,5
458.117,2
458.225,26
458.333,17
458.441,0
458.549,0
458.657,6
458.765,0
458.873,4
458.981,17
459.089,18
459.197,0
459.305,4
459.413,16
459.521,0
459.629,0
459.737,24
459.845,0
459.953,0
460.061,15
460.169,48
460.277,86
460.385,68
460.493,14
460.6,20
460.708,0
460.816,9
460.924,0
461.032,0
461.14,26
461.248,29
461.356,43
461.464,5
461.572,0
461.68,0
461.788,19
461.896,0
462.004,0
462.112,0
462.22,11
462.328,32
462.436,0
462.544,0
462.652,4
462.76,0
462.868,33
462.976,6
463.084,2
463.192,0
463.299,31
463.407,0
463.515,24
463.623,6
463.731,0
463.839,0
463.947,32
464.055,10
464.163,44
464.271,51
464.379,0
464.487,14
464.595,0
464.703,0
464.811,15
464.919,16
465.027,0
465.135,4
465.243,23
465.351,0
465.459,0
465.567,0
465.674,28
465.782,42
465.89,29
465.998,8
466.106,0
466.214,0
466.322,11
466.43,5
466.538,0
466.646,0
466.754,0
466.862,29
466.97,0
467.078,7
467.186,24
467.294,0
467.402,5
467.51,17
467.618,0
467.726,23
467.833,7
467.941,0
468.049,2
468.157,14
468.265,7
468.373,2
468.481,0
468.589,0
468.697,4
468.805,9
468.913,0
469.021,0
469.129,0
469.237,15
469.345,0
469.453,0
469.561,0
469.669,0
469.777,19
469.884,0
469.992,13
470.1,35
470.208,83
470.316,35
470.424,21
470.532,31
470.64,0
470.748,0
470.856,30
470.964,32
471.072,0
471.18,1
471.288,0
471.396,0
471.504,0
471.612,0
471.72,0
471.827,0
471.935,0
472.043,21
472.151,52
472.259,30
472.367,15
472.475,0
472.583,10
472.691,14
472.799,7
472.907,0
473.015,0
473.123,7
473.231,0
473.339,0
473.447,24
473.555,11
473.662,2
473.77,10
473.878,4
473.986,2
474.094,13
474.202,7
474.31,4
474.418,1
474.526,8
474.634,17
474.742,3
474.85,0
474.958,0
475.066,0
475.174,0
475.282,8
475.389,28
475.497,3
475.605,0
475.713,0
475.821,0
475.929,0
476.037,24
476.145,0
476.253,0
476.361,20
476.469,0
476.577,0
476.685,0
476.793,30
476.901,4
477.008,0
477.116,5
477.224,12
477.332,0
477.44,0
477.548,1
477.656,16
477.764,0
477.872,0
477.98,0
478.088,41
478.196,8
478.304,0
478.412,11
478.52,31
478.627,42
478.735,0
478.843,0
478.951,43
479.059,12
479.167,0
479.275,0
479.383,21
479.491,0
479.599,2
479.707,0
479.815,2
479.923,22
480.031,6
480.138,10
480.246,20
480.354,0
480.462,1
480.57,26
480.678,31
480.786,0
480.894,0
481.002,33
481.11,16
481.218,22
481.326,2
481.434,0
481.541,0
481.649,24
481.757,43
481.865,3
481.973,0
482.081,0
482.189,0
482.297,23
482.405,0
482.513,0
482.621,0
482.729,30
482.837,11
482.945,0
483.052,0
483.16,12
483.268,4
483.376,0
483.484,12
483.592,10
483.7,1
483.808,0
483.916,0
484.024,0
484.132,0
484.24,0
484.347,0
484.455,30
484.563,0
484.671,0
484.779,0
484.887,5
484.995,7
485.103,0
485.211,0
485.319,30
485.427,29
485.535,0
485.643,0
485.75,21
485.858,0
485.966,0
486.074,22
486.182,21
486.29,0
486.398,0
486.506,0
486.614,0
486.722,0
486.83,2
486.938,22
487.045,0
487.153,23
487.261,2
487.369,2
487.477,1
487.585,34
487.693,13
487.801,6
487.909,3
488.017,0
488.125,0
488.233,0
488.34,21
488.448,22
488.556,9
488.664,13
488.772,9
488.88,0
488.988,20
489.096,24
489.204,0
489.312,0
489.42,0
489.527,11
489.635,21
489.743,0
489.851,4
489.959,8
490.067,0
490.175,1
490.283,20
490.391,3
490.499,0
490.607,0
490.714,0
490.822,0
490.93,6
491.038,0
491.146,10
491.254,0
491.362,18
491.47,8
491.578,8
491.686,10
491.794,2
491.901,4
492.009,19
492.117,0
492.225,0
492.333,0
492.441,31
492.549,0
492.657,0
492.765,0
492.873,0
492.981,4
493.088,0
493.196,14
493.304,0
493.412,0
493.52,6
493.628,27
493.736,0
493.844,11
493.952,23
494.06,23
494.167,0
494.275,0
494.383,0
494.491,3
494.599,0
494.707,0
494.815,19
494.923,0
495.031,0
495.139,19
495.246,0
495.354,7
495.462,0
495.57,15
495.678,0
495.786,0
495.894,0
496.002,3
496.11,4
496.218,0
496.325,8
496.433,28
496.541,0
496.649,0
496.757,30
496.865,16
496.973,27
497.081,12
497.189,0
497.297,0
497.404,13
497.512,14
497.62,0
497.728,43
497.836,8
497.944,0
498.052,0
498.16,32
498.268,15
498.376,0
498.483,13
498.591,13
498.699,2
498.807,15
498.915,0
499.023,0
499.131,0
499.239,17
499.347,0
499.454,0
499.562,0
499.67,0
499.778,0
499.886,2
499.994,5
500.102,1
500.21,0
500.318,0
500.425,18
500.533,0
500.641,0
500.749,28
500.857,51
500.965,20
501.073,0
501.181,0
501.289,19
501.396,1
501.504,8
501.612,3
501.72,6
501.828,20
501.936,0
502.044,0
502.152,0
502.26,6
502.367,12
502.475,0
502.583,0
502.691,0
502.799,15
502.907,0
503.015,0
503.123,5
503.231,56
503.338,66
503.446,0
503.554,0
503.662,0
503.77,0
503.878,12
503.986,18
504.094,0
504.202,8
504.309,0
504.417,8
504.525,0
504.633,44
504.741,43
504.849,53
504.957,38
505.065,16
505.173,24
505.28,2
505.388,19
505.496,12
505.604,26
505.712,64
505.82,51
505.928,31
506.036,24
506.143,0
506.251,15
506.359,9
506.467,7
506.575,69
506.683,64
506.791,26
506.899,37
507.006,23
507.114,15
507.222,0
507.33,19
507.438,2
507.546,0
507.654,11
507.762,0
507.869,46
507.977,8
508.085,10
508.193,15
508.301,0
508.409,0
508.517,33
508.625,4
508.733,7
508.84,6
508.948,18
509.056,19
509.164,48
509.272,29
509.38,0
509.488,0
509.596,0
509.703,3
509.811,1
509.919,28
510.027,0
510.135,4
510.243,0
510.351,13
510.458,20
510.566,0
510.674,24
510.782,11
510.89,0
510.998,3
511.106,0
511.214,14
511.321,3
511.429,0
511.537,0
511.645,0
511.753,7
511.861,0
511.969,0
512.077,0
512.184,1
512.292,0
512.4,0
512.508,0
512.616,0
512.724,20
512.832,0
512.94,0
513.047,2
513.155,8
513.263,12
513.371,0
513.479,0
513.587,18
513.695,0
513.802,10
513.91,0
514.018,61
514.126,66
514.234,11
514.342,8
514.45,0
514.558,16
514.665,0
514.773,67
514.881,83
514.989,22
515.097,0
515.205,13
515.313,26
515.42,1
515.528,0
515.636,19
515.744,15
515.852,1
515.96,0
516.068,1
516.175,0
516.283,4
516.391,0
516.499,0
516.607,20
516.715,30
516.823,0
516.93,0
517.038,9
517.146,26
517.254,8
517.362,0
517.47,0
517.578,0
517.685,0
517.793,0
517.901,0
518.009,0
518.117,2
518.225,6
518.333,0
518.44,0
518.548,2
518.656,0
518.764,10
518.872,0
518.98,0
519.088,8
519.195,5
519.303,14
519.411,15
519.519,34
519.627,36
519.735,14
519.843,0
519.95,0
520.058,10
520.166,6
520.274,17
520.382,15
520.49,16
520.598,7
520.705,0
520.813,2
520.921,0
521.029,0
521.137,0
521.245,0
521.353,0
521.46,18
521.568,19
521.676,0
521.784,0
521.892,10
522,0
522.108,16
522.215,0
522.323,36
522.431,11
522.539,16
522.647,0
522.755,18
522.862,0
522.97,0
523.078,19
523.186,19
523.294,6
523.402,0
523.51,0
523.617,17
523.725,19
523.833,21
523.941,0
524.049,0
524.157,11
524.264,27
524.372,16
524.48,0
524.588,0
524.696,0
524.804,28
524.912,0
525.019,14
525.127,17
525.235,0
525.343,0
525.451,13
525.559,0
525.666,0
525.774,19
525.882,29
525.99,13
526.098,13
526.206,0
526.314,0
526.421,30
526.529,40
526.637,6
526.745,0
526.853,0
526.961,11
527.068,6
527.176,10
527.284,23
527.392,0
527.5,17
527.608,8
527.715,16
527.823,37
527.931,4
528.039,11
528.147,0
528.255,0
528.362,12
528.47,0
528.578,0
528.686,0
528.794,0
528.902,0
529.009,0
529.117,17
529.225,0
529.333,0
529.441,0
529.549,7
529.656,12
529.764,2
529.872,0
529.98,14
530.088,2
530.196,0
530.304,11
530.411,14
530.519,10
530.627,5
530.735,0
530.843,0
530.951,28
531.058,28
531.166,5
531.274,17
531.382,1
531.49,14
531.597,0
531.705,0
531.813,13
531.921,2
532.029,0
532.137,4
532.244,0
532.352,0
532.46,14
532.568,0
532.676,0
532.784,10
532.891,6
532.999,3
533.107,0
533.215,0
533.323,18
533.431,0
533.538,0
533.646,9
533.754,2
533.862,0
533.97,26
534.078,21
534.185,0
534.293,0
534.401,14
534.509,4
534.617,0
534.725,20
534.832,9
534.94,0
535.048,0
535.156,1
535.264,19
535.371,0
535.479,0
535.587,39
535.695,23
535.803,0
535.911,0
536.018,10
536.126,0
536.234,0
536.342,14
536.45,3
536.557,0
536.665,17
536.773,22
536.881,19
536.989,10
537.097,0
537.204,0
537.312,0
537.42,0
537.528,1
537.636,11
537.744,9
537.851,14
537.959,0
538.067,26
538.175,2
538.283,7
538.39,0
538.498,8
538.606,6
538.714,0
538.822,4
538.93,0
539.037,17
539.145,12
539.253,3
539.361,4
539.469,14
539.576,60
539.684,67
539.792,21
539.9,0
540.008,0
540.115,0
540.223,0
540.331,0
540.439,0
540.547,2
540.655,0
540.762,0
540.87,29
540.978,5
541.086,0
541.194,2
541.301,3
541.409,8
541.517,0
541.625,0
541.733,3
541.84,0
541.948,0
542.056,0
542.164,0
542.272,0
542.38,0
542.487,0
542.595,3
542.703,5
542.811,0
542.919,0
543.026,14
543.134,36
543.242,0
543.35,2
543.458,16
543.565,0
543.673,0
543.781,0
543.889,0
543.997,0
544.104,0
544.212,9
544.32,0
544.428,6
544.536,15
544.643,37
544.751,8
544.859,4
544.967,0
545.075,0
545.182,4
545.29,18
545.398,0
545.506,2
545.614,9
545.721,14
545.829,0
545.937,13
546.045,10
546.153,0
546.261,0
546.368,26
546.476,28
546.584,2
546.692,12
546.8,0
546.907,0
547.015,0
547.123,11
547.231,0
547.339,10
547.446,0
547.554,25
547.662,0
547.77,0
547.877,25
547.985,18
548.093,0
548.201,4
548.309,12
548.416,1
548.524,0
548.632,0
548.74,0
548.848,1
548.955,0
549.063,0
549.171,0
549.279,0
549.387,0
549.494,0
549.602,0
549.71,0
549.818,4
549.926,16
550.033,0
550.141,0
550.249,0
550.357,6
550.465,9
550.572,0
550.68,0
550.788,11
550.896,10
551.004,0
551.111,0
551.219,16
551.327,27
551.435,0
551.542,0
551.65,0
551.758,17
551.866,0
551.974,0
552.081,36
552.189,25
552.297,0
552.405,13
552.513,0
552.62,0
552.728,0
552.836,7
552.944,9
553.052,0
553.159,24
553.267,30
553.375,15
553.483,0
553.59,20
553.698,0
553.806,0
553.914,0
554.022,0
554.129,21
554.237,0
554.345,0
554.453,0
554.561,4
554.668,23
554.776,4
554.884,0
554.992,0
555.099,3
555.207,44
555.315,40
555.423,27
555.531,2
555.638,0
555.746,21
555.854,0
555.962,0
556.069,0
556.177,22
556.285,11
556.393,20
556.501,0
556.608,11
556.716,8
556.824,4
556.932,0
557.039,0
557.147,43
557.255,28
557.363,22
557.471,0
557.578,0
557.686,10
557.794,0
557.902,0
558.009,0
558.117,3
558.225,3
558.333,5
558.441,0
558.548,21
558.656,7
558.764,8
558.872,21
558.979,8
559.087,27
559.195,1
559.303,0
559.411,0
559.518,5
559.626,28
559.734,8
559.842,0
559.949,12
560.057,0
560.165,0
560.273,3
560.381,2
560.488,0
560.596,5
560.704,64
560.812,66
560.919,28
561.027,0
561.135,23
561.243,0
561.35,0
561.458,33
561.566,14
561.674,0
561.782,0
561.889,17
561.997,34
562.105,0
562.213,0
562.32,61
562.428,54
562.536,33
562.644,0
562.751,13
562.859,5
562.967,0
563.075,8
563.182,49
563.29,30
563.398,0
563.506,12
563.614,0
563.721,0
563.829,5
563.937,20
564.045,0
564.152,0
564.26,13
564.368,0
564.476,24
564.583,0
564.691,0
564.799,0
564.907,0
565.014,0
565.122,0
565.23,1
565.338,5
565.446,0
565.553,14
565.661,13
565.769,0
565.877,0
565.984,18
566.092,20
566.2,16
566.308,29
566.415,2
566.523,0
566.631,0
566.739,4
566.846,0
566.954,0
567.062,19
567.17,13
567.277,0
567.385,21
567.493,17
567.601,1
567.708,0
567.816,0
567.924,40
568.032,46
568.139,0
568.247,0
568.355,0
568.463,0
568.57,0
568.678,22
568.786,2
568.894,11
569.001,18
569.109,6
569.217,0
569.325,5
569.432,18
569.54,32
569.648,0
569.756,0
569.863,0
569.971,1
570.079,0
570.187,9
570.294,0
570.402,0
570.51,7
570.618,0
570.725,0
570.833,30
570.941,4
571.049,0
571.156,39
571.264,0
571.372,0
571.48,4
571.587,0
571.695,0
571.803,23
571.911,6
572.018,4
572.126,10
572.234,14
572.342,21
572.449,42
572.557,48
572.665,58
572.773,11
572.88,0
572.988,10
573.096,0
573.204,30
573.311,5
573.419,0
573.527,0
573.635,27
573.742,39
573.85,5
573.958,0
574.066,0
574.173,12
574.281,0
574.389,6
574.497,0
574.604,20
574.712,0
574.82,0
574.927,0
575.035,14
575.143,0
575.251,0
575.358,2
575.466,27
575.574,34
575.682,16
575.789,21
575.897,28
576.005,0
576.113,24
576.22,0
576.328,0
576.436,0
576.544,0
576.651,0
576.759,14
576.867,0
576.974,8
577.082,29
577.19,15
577.298,22
577.405,18
577.513,17
577.621,0
577.729,6
577.836,0
577.944,0
578.052,10
578.16,15
578.267,0
578.375,3
578.483,0
578.59,0
578.698,23
578.806,21
578.914,13
579.021,0
579.129,0
579.237,21
579.345,18
579.452,16
579.56,12
579.668,0
579.776,0
579.883,7
579.991,32
580.099,10
580.206,0
580.314,0
580.422,4
580.53,15
580.637,27
580.745,33
580.853,0
580.961,0
581.068,32
581.176,0
581.284,0
581.391,0
581.499,1
581.607,25
581.715,8
581.822,0
581.93,13
582.038,0
582.145,2
582.253,0
582.361,6
582.469,11
582.576,0
582.684,13
582.792,0
582.9,15
583.007,0
583.115,0
583.223,9
583.33,0
583.438,17
583.546,29
583.654,19
583.761,0
583.869,10
583.977,25
584.084,20
584.192,4
584.3,0
584.408,0
584.515,0
584.623,21
584.731,0
584.838,13
584.946,0
585.054,9
585.162,17
585.269,10
585.377,0
585.485,0
585.593,54
585.7,24
585.808,16
585.916,17
586.023,0
586.131,0
586.239,14
586.347,0
586.454,4
586.562,23
586.67,76
586.777,37
586.885,15
586.993,25
587.101,16
587.208,12
587.316,7
587.424,12
587.531,0
587.639,1
587.747,14
587.854,26
587.962,0
588.07,6
588.178,29
588.285,0
588.393,2
588.501,9
588.608,22
588.716,15
588.824,3
588.932,10
589.039,29
589.147,4
589.255,0
589.362,0
589.47,53
589.578,49
589.686,0
589.793,29
589.901,0
590.009,7
590.116,5
590.224,0
590.332,28
590.439,0
590.547,0
590.655,0
590.763,37
590.87,0
590.978,0
591.086,0
591.193,24
591.301,8
591.409,26
591.516,0
591.624,15
591.732,40
591.84,17
591.947,18
592.055,30
592.163,38
592.27,25
592.378,0
592.486,4
592.593,9
592.701,23
592.809,9
592.917,4
593.024,8
593.132,0
593.24,16
593.347,37
593.455,0
593.563,0
593.67,0
593.778,30
593.886,15
593.994,0
594.101,4
594.209,16
594.317,4
594.424,7
594.532,0
594.64,0
594.747,0
594.855,0
594.963,1
595.071,0
595.178,0
595.286,4
595.394,13
595.501,0
595.609,0
595.717,15
595.824,10
595.932,3
596.04,0
596.147,0
596.255,0
596.363,13
596.471,0
596.578,2
596.686,5
596.794,0
596.901,18
597.009,8
597.117,19
597.224,0
597.332,0
597.44,0
597.547,0
597.655,0
597.763,30
597.87,11
597.978,12
598.086,2
598.194,44
598.301,6
598.409,0
598.517,0
598.624,12
598.732,1
598.84,0
598.947,43
599.055,12
599.163,0
599.27,0
599.378,16
599.486,0
599.593,0
599.701,0
599.809,26
