59.6745,10
59.7814,0
59.8883,25
59.9952,41
60.1021,0
60.209,2
60.3159,0
60.4228,7
60.5296,7
60.6365,4
60.7434,5
60.8503,26
60.9572,0
61.0641,0
61.171,18
61.2779,10
61.3848,0
61.4917,0
61.5986,0
61.7055,17
61.8124,3
61.9193,19
62.0261,13
62.133,16
62.2399,0
62.3468,14
62.4537,0
62.5606,4
62.6675,10
62.7744,0
62.8813,0
62.9882,13
63.0951,0
63.202,6
63.3089,0
63.4158,20
63.5226,26
63.6295,8
63.7364,0
63.8433,8
63.9502,18
64.0571,0
64.164,0
64.2709,0
64.3778,1
64.4847,9
64.5916,0
64.6985,21
64.8054,0
64.9123,3
65.0192,21
65.1261,0
65.2329,26
65.3398,29
65.4467,13
65.5536,16
65.6605,0
65.7674,7
65.8743,0
65.9812,18
66.0881,0
66.195,0
66.3019,0
66.4088,8
66.5157,32
66.6226,13
66.7295,0
66.8364,0
66.9433,0
67.0502,15
67.157,23
67.2639,0
67.3708,8
67.4777,20
67.5846,15
67.6915,4
67.7984,3
67.9053,34
68.0122,1
68.1191,17
68.226,15
68.3329,0
68.4398,17
68.5467,28
68.6536,0
68.7605,0
68.8674,8
68.9743,18
69.0812,2
69.1881,9
69.295,16
69.4018,0
69.5087,1
69.6156,14
69.7225,0
69.8294,10
69.9363,22
70.0432,6
70.1501,45
70.257,19
70.3639,0
70.4708,0
70.5777,25
70.6846,17
70.7915,8
70.8984,15
71.0053,19
71.1122,12
71.2191,0
71.326,6
71.4329,12
71.5398,11
71.6467,12
71.7536,8
71.8605,19
71.9674,4
72.0742,0
72.1811,0
72.288,13
72.3949,0
72.5018,0
72.6087,0
72.7156,22
72.8225,0
72.9294,1
73.0363,0
73.1432,0
73.2501,12
73.357,4
73.4639,0
73.5708,1
73.6777,18
73.7846,19
73.8915,19
73.9984,23
74.1053,0
74.2122,0
74.3191,4
74.426,0
74.5329,0
74.6398,0
74.7467,8
74.8536,21
74.9605,0
75.0674,11
75.1743,5
75.2812,0
75.3881,6
75.495,30
75.6019,43
75.7088,0
75.8157,0
75.9225,7
76.0294,7
76.1363,13
76.2432,0
76.3501,9
76.457,1
76.5639,27
76.6708,29
76.7777,0
76.8846,4
76.9915,1
77.0984,19
77.2053,0
77.3122,0
77.4191,12
77.526,0
77.6329,12
77.7398,3
77.8467,0
77.9536,0
78.0605,0
78.1674,0
78.2743,0
78.3812,10
78.4881,0
78.595,0
78.7019,0
78.8088,13
78.9157,9
79.0226,0
79.1295,0
79.2364,0
79.3433,4
79.4502,0
79.5571,0
79.664,6
79.7709,0
79.8778,23
79.9847,14
80.0916,11
80.1985,8
80.3054,0
80.4123,26
80.5192,28
80.6261,10
80.733,24
80.8399,5
80.9468,32
81.0537,0
81.1606,0
81.2675,28
81.3744,42
81.4813,3
81.5882,0
81.6951,15
81.802,3
81.9089,0
82.0158,12
82.1227,2
82.2296,12
82.3365,18
82.4434,32
82.5503,0
82.6572,9
82.7641,26
82.871,14
82.9779,0
83.0848,15
83.1917,1
83.2986,0
83.4055,22
83.5124,0
83.6193,0
83.7262,0
83.8331,9
83.94,0
84.0469,0
84.1538,32
84.2607,0
84.3676,0
84.4745,29
84.5814,1
84.6883,2
84.7952,4
84.9021,26
85.009,45
85.1159,0
85.2228,0
85.3297,6
85.4366,5
85.5435,19
85.6504,0
85.7573,0
85.8642,29
85.9711,11
86.078,0
86.1849,11
86.2918,0
86.3987,0
86.5056,0
86.6125,0
86.7194,15
86.8263,0
86.9332,0
87.0401,11
87.147,15
87.2539,0
87.3608,0
87.4677,13
87.5746,1
87.6815,4
87.7884,14
87.8953,0
88.0022,0
88.1091,19
88.216,20
88.3229,9
88.4298,0
88.5367,0
88.6436,3
88.7505,0
88.8574,0
88.9643,17
89.0712,10
89.1781,3
89.285,0
89.3919,12
89.4988,3
89.6057,33
89.7126,1
89.8195,0
89.9264,9
90.0334,7
90.1403,4
90.2472,0
90.3541,8
90.461,7
90.5679,0
90.6748,0
90.7817,4
90.8886,0
90.9955,6
91.1024,13
91.2093,0
91.3162,0
91.4231,25
91.53,15
91.6369,0
91.7438,19
91.8507,0
91.9576,38
92.0645,17
92.1714,9
92.2783,0
92.3852,15
92.4921,16
92.599,36
92.7059,16
92.8128,1
92.9197,0
93.0266,13
93.1335,0
93.2404,14
93.3473,22
93.4542,0
93.5611,2
93.668,48
93.7749,0
93.8818,0
93.9887,0
94.0956,17
94.2025,9
94.3095,1
94.4164,12
94.5233,0
94.6302,0
94.7371,16
94.844,1
94.9509,34
95.0578,0
95.1647,20
95.2716,7
95.3785,0
95.4854,0
95.5923,0
95.6992,12
95.8061,38
95.913,0
96.0199,0
96.1268,15
96.2337,22
96.3406,15
96.4475,0
96.5544,17
96.6613,24
96.7682,0
96.8751,6
96.982,28
97.0889,0
97.1958,4
97.3027,0
97.4097,17
97.5166,0
97.6235,7
97.7304,0
97.8373,8
97.9442,21
98.0511,0
98.158,10
98.2649,28
98.3718,0
98.4787,21
98.5856,18
98.6925,25
98.7994,12
98.9063,0
99.0132,11
99.1201,0
99.227,44
99.3339,14
99.4408,0
99.5477,4
99.6546,28
99.7615,0
99.8684,41
99.9753,30
100.082,23
100.189,43
100.296,20
100.403,23
100.51,9
100.617,13
100.724,8
100.831,0
100.937,22
101.044,20
101.151,27
101.258,11
101.365,22
101.472,0
101.579,29
101.686,13
101.793,0
101.9,0
102.007,38
102.113,28
102.22,12
102.327,0
102.434,0
102.541,0
102.648,32
102.755,32
102.862,16
102.969,33
103.076,10
103.182,0
103.289,0
103.396,9
103.503,16
103.61,9
103.717,0
103.824,12
103.931,6
104.038,0
104.145,17
104.252,0
104.358,18
104.465,2
104.572,22
104.679,0
104.786,0
104.893,0
105,0
105.107,0
105.214,8
105.321,6
105.427,0
105.534,3
105.641,17
105.748,21
105.855,0
105.962,0
106.069,26
106.176,17
106.283,0
106.39,21
106.497,4
106.603,11
106.71,7
106.817,0
106.924,13
107.031,9
107.138,23
107.245,20
107.352,0
107.459,3
107.566,8
107.673,28
107.779,0
107.886,32
107.993,36
108.1,2
108.207,0
108.314,4
108.421,33
108.528,15
108.635,0
108.742,0
108.848,0
108.955,33
109.062,0
109.169,0
109.276,19
109.383,15
109.49,0
109.597,12
109.704,0
109.811,52
109.918,11
110.024,12
110.131,0
110.238,0
110.345,0
110.452,10
110.559,7
110.666,0
110.773,0
110.88,37
110.987,23
111.094,6
111.2,0
111.307,0
111.414,12
111.521,15
111.628,0
111.735,0
111.842,10
111.949,0
112.056,0
112.163,0
112.269,0
112.376,6
112.483,17
112.59,1
112.697,8
112.804,7
112.911,17
113.018,0
113.125,0
113.232,0
113.339,37
113.445,35
113.552,0
113.659,31
113.766,28
113.873,10
113.98,0
114.087,9
114.194,25
114.301,11
114.408,0
114.515,8
114.621,0
114.728,4
114.835,8
114.942,0
115.049,0
115.156,0
115.263,23
115.37,10
115.477,11
115.584,31
115.69,11
115.797,3
115.904,0
116.011,0
116.118,21
116.225,28
116.332,11
116.439,2
116.546,16
116.653,6
116.76,0
116.866,5
116.973,0
117.08,0
117.187,6
117.294,0
117.401,18
117.508,16
117.615,16
117.722,0
117.829,0
117.936,7
118.042,20
118.149,9
118.256,4
118.363,0
118.47,0
118.577,0
118.684,43
118.791,0
118.898,0
119.005,20
119.112,14
119.218,6
119.325,0
119.432,5
119.539,0
119.646,2
119.753,8
119.86,0
119.967,0
120.074,0
120.181,24
120.287,6
120.394,0
120.501,25
120.608,2
120.715,6
120.822,0
120.929,0
121.036,10
121.143,0
121.25,16
121.357,5
121.463,15
121.57,0
121.677,0
121.784,8
121.891,0
121.998,0
122.105,2
122.212,11
122.319,11
122.426,30
122.533,15
122.639,0
122.746,11
122.853,17
122.96,0
123.067,4
123.174,0
123.281,0
123.388,2
123.495,0
123.602,0
123.709,4
123.815,0
123.922,0
124.029,46
124.136,51
124.243,16
124.35,0
124.457,0
124.564,0
124.671,0
124.778,35
124.885,0
124.991,0
125.098,13
125.205,20
125.312,12
125.419,12
125.526,2
125.633,0
125.74,14
125.847,17
125.954,3
126.061,0
126.167,0
126.274,8
126.381,0
126.488,0
126.595,12
126.702,7
126.809,0
126.916,2
127.023,3
127.13,0
127.236,0
127.343,17
127.45,21
127.557,24
127.664,0
127.771,24
127.878,5
127.985,0
128.092,0
128.199,0
128.306,0
128.412,38
128.519,0
128.626,0
128.733,0
128.84,26
128.947,2
129.054,0
129.161,0
129.268,0
129.375,10
129.482,35
129.588,29
129.695,23
129.802,0
129.909,0
130.016,28
130.123,0
130.23,0
130.337,41
130.444,29
130.551,17
130.658,5
130.764,34
130.871,12
130.978,15
131.085,0
131.192,28
131.299,4
131.406,3
131.513,4
131.62,5
131.727,14
131.834,0
131.94,0
132.047,7
132.154,0
132.261,14
132.368,0
132.475,4
132.582,5
132.689,18
132.796,0
132.903,0
133.01,1
133.116,0
133.223,31
133.33,0
133.437,18
133.544,31
133.651,12
133.758,13
133.865,0
133.972,30
134.079,25
134.186,0
134.292,4
134.399,11
134.506,6
134.613,0
134.72,39
134.827,25
134.934,1
135.041,3
135.148,0
135.255,23
135.362,14
135.468,0
135.575,0
135.682,0
135.789,0
135.896,0
136.003,0
136.11,0
136.217,8
136.324,3
136.431,22
136.538,16
136.644,6
136.751,0
136.858,23
136.965,0
137.072,6
137.179,0
137.286,0
137.393,0
137.5,8
137.607,0
137.714,7
137.82,2
137.927,0
138.034,4
138.141,30
138.248,0
138.355,1
138.462,0
138.569,8
138.676,3
138.783,0
138.89,0
138.996,24
139.103,21
139.21,0
139.317,0
139.424,21
139.531,17
139.638,18
139.745,24
139.852,38
139.959,0
140.065,0
140.172,0
140.279,6
140.386,11
140.493,0
140.6,19
140.707,3
140.814,0
140.921,0
141.028,0
141.135,7
141.241,3
141.348,4
141.455,0
141.562,21
141.669,26
141.776,16
141.883,20
141.99,0
142.097,0
142.204,18
142.311,0
142.417,0
142.524,15
142.631,8
142.738,7
142.845,0
142.952,22
143.059,23
143.166,1
143.273,0
143.38,4
143.487,20
143.593,0
143.7,26
143.807,4
143.914,2
144.021,16
144.128,2
144.235,0
144.342,0
144.449,0
144.556,0
144.663,5
144.769,12
144.876,5
144.983,0
145.09,16
145.197,0
145.304,0
145.411,24
145.518,30
145.625,2
145.732,0
145.839,0
145.945,0
146.052,0
146.159,0
146.266,0
146.373,6
146.48,0
146.587,0
146.694,0
146.801,0
146.908,0
147.015,22
147.121,0
147.228,38
147.335,25
147.442,0
147.549,0
147.656,16
147.763,8
147.87,20
147.977,20
148.084,0
148.191,4
148.297,19
148.404,0
148.511,0
148.618,22
148.725,27
148.832,0
148.939,18
149.046,0
149.153,4
149.26,13
149.367,8
149.473,7
149.58,10
149.687,0
149.794,8
149.901,10
150.008,0
150.115,21
150.222,23
150.329,1
150.436,0
150.543,15
150.649,0
150.756,9
150.863,28
150.97,9
151.077,0
151.184,19
151.291,0
151.398,10
151.505,0
151.612,0
151.719,4
151.825,15
151.932,1
152.039,0
152.146,0
152.253,0
152.36,0
152.467,12
152.574,36
152.681,0
152.788,8
152.894,5
153.001,0
153.108,2
153.215,0
153.322,28
153.429,0
153.536,0
153.643,0
153.75,0
153.857,10
153.964,0
154.07,8
154.177,0
154.284,0
154.391,9
154.498,1
154.605,0
154.712,0
154.819,6
154.926,3
155.033,2
155.14,18
155.246,0
155.353,22
155.46,8
155.567,0
155.674,18
155.781,0
155.888,0
155.995,0
156.102,20
156.209,13
156.316,4
156.422,0
156.529,0
156.636,11
156.743,0
156.85,1
156.957,6
157.064,10
157.171,0
157.278,5
157.385,12
157.492,19
157.598,5
157.705,27
157.812,0
157.919,37
158.026,23
158.133,0
158.24,0
158.347,0
158.454,0
158.561,12
158.668,0
158.774,0
158.881,1
158.988,0
159.095,5
159.202,0
159.309,1
159.416,0
159.523,0
159.63,20
159.737,36
159.844,0
159.95,16
160.057,0
160.164,11
160.271,20
160.378,12
160.485,13
160.592,0
160.699,0
160.806,17
160.913,15
161.019,0
161.126,0
161.233,16
161.34,27
161.447,10
161.554,0
161.661,0
161.768,8
161.875,25
161.982,8
162.089,10
162.195,0
162.302,0
162.409,1
162.516,0
162.623,0
162.73,0
162.837,10
162.944,32
163.051,21
163.158,24
163.265,0
163.371,0
163.478,19
163.585,2
163.692,0
163.799,0
163.906,0
164.013,5
164.12,0
164.227,4
164.334,8
164.441,0
164.547,0
164.654,6
164.761,11
164.868,6
164.975,6
165.082,18
165.189,6
165.296,5
165.403,0
165.51,0
165.616,2
165.723,19
165.83,0
165.937,3
166.044,6
166.151,4
166.258,0
166.365,14
166.472,0
166.579,0
166.686,0
166.792,24
166.899,6
167.006,0
167.113,3
167.22,13
167.327,6
167.434,0
167.541,12
167.648,1
167.755,0
167.862,0
167.968,7
168.075,15
168.182,0
168.289,0
168.396,22
168.503,2
168.61,2
168.717,0
168.824,0
168.931,0
169.037,2
169.144,0
169.251,16
169.358,21
169.465,32
169.572,12
169.679,0
169.786,15
169.893,5
170,0
170.107,2
170.213,7
170.32,0
170.427,10
170.534,19
170.641,0
170.748,0
170.855,19
170.962,0
171.069,3
171.176,1
171.283,7
171.389,4
171.496,0
171.603,17
171.71,19
171.817,11
171.924,27
172.031,0
172.138,0
172.245,0
172.352,12
172.458,7
172.565,14
172.672,4
172.779,7
172.886,0
172.993,17
173.1,5
173.207,20
173.314,8
173.421,24
173.528,26
173.634,27
173.741,12
173.848,6
173.955,0
174.062,22
174.169,0
174.276,0
174.383,43
174.49,1
174.597,0
174.704,0
174.81,28
174.917,26
175.024,5
175.131,22
175.238,0
175.345,0
175.452,19
175.559,0
175.666,0
175.773,0
175.879,0
175.986,24
176.093,12
176.2,4
176.307,6
176.414,39
176.521,10
176.628,20
176.735,0
176.842,12
176.949,16
177.055,0
177.162,0
177.269,0
177.376,0
177.483,57
177.59,11
177.697,0
177.804,13
177.911,2
178.018,8
178.124,7
178.231,6
178.338,26
178.445,0
178.552,0
178.659,17
178.766,13
178.873,0
178.98,9
179.087,4
179.194,0
179.3,7
179.407,10
179.514,8
179.621,0
179.728,0
179.835,8
179.942,0
180.049,0
180.156,0
180.263,0
180.369,0
180.476,2
180.583,0
180.69,0
180.797,0
180.904,20
181.011,0
181.118,26
181.225,20
181.332,0
181.439,14
181.545,8
181.652,2
181.759,12
181.866,0
181.973,4
182.08,25
182.187,0
182.294,0
182.401,4
182.508,0
182.614,27
182.721,0
182.828,0
182.935,8
183.042,41
183.149,0
183.256,2
183.363,16
183.47,0
183.577,5
183.683,3
183.79,0
183.897,12
184.004,3
184.111,6
184.218,0
184.325,15
184.432,25
184.539,0
184.646,27
184.753,0
184.859,8
184.966,17
185.073,12
185.18,0
185.287,0
185.394,6
185.501,17
185.608,1
185.715,30
185.822,7
185.928,5
186.035,0
186.142,12
186.249,6
186.356,31
186.463,0
186.57,0
186.677,34
186.784,13
186.891,0
186.997,0
187.104,15
187.211,0
187.318,0
187.425,0
187.532,33
187.639,13
187.746,27
187.853,0
187.96,0
188.067,0
188.173,13
188.28,15
188.387,0
188.494,0
188.601,0
188.708,15
188.815,0
188.922,0
189.029,0
189.136,13
189.242,35
189.349,3
189.456,0
189.563,12
189.67,34
189.777,4
189.884,0
189.991,15
190.098,0
190.205,0
190.311,0
190.418,0
190.525,0
190.632,19
190.739,12
190.846,26
190.953,14
191.06,33
191.167,8
191.274,18
191.38,8
191.487,0
191.594,36
191.701,17
191.808,24
191.915,0
192.022,8
192.129,0
192.236,2
192.343,16
192.45,30
192.556,0
192.663,10
192.77,5
192.877,13
192.984,0
193.091,5
193.198,0
193.305,0
193.412,0
193.519,0
193.625,4
193.732,0
193.839,6
193.946,18
194.053,0
194.16,6
194.267,11
194.374,6
194.481,7
194.588,0
194.694,15
194.801,0
194.908,10
195.015,0
195.122,0
195.229,0
195.336,7
195.443,0
195.55,4
195.657,10
195.763,0
195.87,3
195.977,0
196.084,0
196.191,7
196.298,0
196.405,0
196.512,0
196.619,3
196.726,0
196.832,18
196.939,8
197.046,0
197.153,3
197.26,0
197.367,0
197.474,15
197.581,0
197.688,8
197.795,15
197.901,0
198.008,0
198.115,0
198.222,7
198.329,0
198.436,1
198.543,9
198.65,0
198.757,0
198.864,74
198.97,52
199.077,18
199.184,0
199.291,0
199.398,3
199.505,13
199.612,0
199.719,0
199.826,12
199.933,0
200.039,8
200.146,9
200.253,0
200.36,8
200.467,0
200.574,14
200.681,23
200.788,0
200.895,0
201.002,25
201.108,11
201.215,10
201.322,3
201.429,0
201.536,0
201.643,0
201.75,0
201.857,17
201.964,0
202.071,0
202.177,0
202.284,5
202.391,12
202.498,24
202.605,0
202.712,0
202.819,0
202.926,0
203.033,0
203.14,0
203.246,8
203.353,0
203.46,0
203.567,0
203.674,0
203.781,5
203.888,23
203.995,12
204.102,0
204.208,3
204.315,2
204.422,0
204.529,0
204.636,35
204.743,4
204.85,0
204.957,0
205.064,6
205.171,35
205.277,0
205.384,2
205.491,3
205.598,0
205.705,0
205.812,7
205.919,8
206.026,0
206.133,18
206.24,18
206.346,5
206.453,0
206.56,0
206.667,0
206.774,12
206.881,0
206.988,20
207.095,1
207.202,0
207.309,0
207.415,2
207.522,14
207.629,0
207.736,0
207.843,0
207.95,0
208.057,0
208.164,0
208.271,0
208.377,12
208.484,0
208.591,0
208.698,26
208.805,0
208.912,0
209.019,16
209.126,0
209.233,11
209.34,0
209.446,10
209.553,45
209.66,19
209.767,67
209.874,54
209.981,29
210.088,3
210.195,0
210.302,24
210.409,3
210.515,2
210.622,0
210.729,30
210.836,0
210.943,0
211.05,1
211.157,0
211.264,19
211.371,0
211.477,0
211.584,0
211.691,13
211.798,12
211.905,0
212.012,14
212.119,19
212.226,0
212.333,0
212.44,0
212.546,0
212.653,0
212.76,0
212.867,0
212.974,0
213.081,13
213.188,4
213.295,0
213.402,0
213.508,0
213.615,3
213.722,0
213.829,8
213.936,0
214.043,0
214.15,0
214.257,10
214.364,8
214.471,0
214.577,5
214.684,11
214.791,0
214.898,9
215.005,12
215.112,0
215.219,0
215.326,17
215.433,18
215.539,20
215.646,0
215.753,5
215.86,0
215.967,6
216.074,21
216.181,0
216.288,0
216.395,0
216.502,0
216.608,9
216.715,0
216.822,17
216.929,12
217.036,0
217.143,6
217.25,19
217.357,0
217.464,0
217.57,10
217.677,7
217.784,0
217.891,0
217.998,29
218.105,28
218.212,0
218.319,15
218.426,0
218.532,10
218.639,0
218.746,0
218.853,0
218.96,0
219.067,29
219.174,6
219.281,0
219.388,20
219.495,0
219.601,14
219.708,0
219.815,0
219.922,24
220.029,0
220.136,0
220.243,35
220.35,32
220.457,12
220.563,0
220.67,0
220.777,0
220.884,4
220.991,6
221.098,0
221.205,0
221.312,0
221.419,25
221.525,0
221.632,10
221.739,12
221.846,23
221.953,21
222.06,0
222.167,22
222.274,6
222.381,0
222.488,1
222.594,0
222.701,0
222.808,14
222.915,3
223.022,0
223.129,22
223.236,16
223.343,0
223.45,12
223.556,0
223.663,0
223.77,15
223.877,0
223.984,0
224.091,0
224.198,0
224.305,0
224.412,7
224.518,0
224.625,0
224.732,6
224.839,0
224.946,0
225.053,13
225.16,0
225.267,0
225.374,0
225.48,5
225.587,0
225.694,0
225.801,0
225.908,0
226.015,17
226.122,0
226.229,2
226.336,8
226.442,0
226.549,0
226.656,18
226.763,19
226.87,0
226.977,0
227.084,2
227.191,7
227.298,2
227.404,0
227.511,16
227.618,0
227.725,2
227.832,26
227.939,0
228.046,8
228.153,1
228.26,9
228.366,0
228.473,0
228.58,16
228.687,17
228.794,6
228.901,0
229.008,5
229.115,0
229.222,0
229.328,17
229.435,7
229.542,0
229.649,14
229.756,20
229.863,0
229.97,1
230.077,0
230.184,25
230.29,7
230.397,0
230.504,2
230.611,10
230.718,0
230.825,0
230.932,31
231.039,11
231.146,0
231.252,0
231.359,0
231.466,13
231.573,0
231.68,11
231.787,13
231.894,0
232.001,0
232.108,35
232.214,0
232.321,1
232.428,0
232.535,19
232.642,0
232.749,4
232.856,11
232.963,0
233.07,6
233.176,15
233.283,0
233.39,0
233.497,16
233.604,2
233.711,0
233.818,0
233.925,0
234.031,0
234.138,0
234.245,0
234.352,8
234.459,0
234.566,0
234.673,18
234.78,24
234.887,0
234.993,0
235.1,4
235.207,0
235.314,0
235.421,5
235.528,13
235.635,6
235.742,0
235.849,2
235.955,12
236.062,0
236.169,0
236.276,11
236.383,25
236.49,0
236.597,17
236.704,0
236.81,11
236.917,0
237.024,1
237.131,0
237.238,0
237.345,0
237.452,10
237.559,11
237.666,27
237.772,0
237.879,24
237.986,14
238.093,0
238.2,0
238.307,0
238.414,0
238.521,0
238.628,0
238.734,6
238.841,21
238.948,0
239.055,22
239.162,0
239.269,2
239.376,0
239.483,8
239.589,22
239.696,0
239.803,0
239.91,16
240.017,0
240.124,32
240.231,0
240.338,0
240.445,12
240.551,8
240.658,0
240.765,0
240.872,8
240.979,8
241.086,16
241.193,0
241.3,23
241.406,0
241.513,0
241.62,59
241.727,38
241.834,0
241.941,0
242.048,0
242.155,0
242.262,0
242.368,0
242.475,22
242.582,15
242.689,0
242.796,5
242.903,23
243.01,27
243.117,13
243.223,0
243.33,6
243.437,14
243.544,0
243.651,0
243.758,1
243.865,0
243.972,0
244.079,0
244.185,0
244.292,11
244.399,0
244.506,16
244.613,7
244.72,10
244.827,0
244.934,2
245.04,6
245.147,58
245.254,71
245.361,17
245.468,3
245.575,0
245.682,3
245.789,16
245.896,127
246.002,124
246.109,51
246.216,0
246.323,0
246.43,0
246.537,0
246.644,0
246.751,0
246.857,11
246.964,29
247.071,96
247.178,145
247.285,83
247.392,14
247.499,0
247.606,0
247.712,32
247.819,0
247.926,30
248.033,20
248.14,28
248.247,28
248.354,16
248.461,0
248.567,0
248.674,0
248.781,14
248.888,0
248.995,33
249.102,12
249.209,0
249.316,9
249.423,0
249.529,27
249.636,0
249.743,0
249.85,0
249.957,0
250.064,33
250.171,0
250.278,0
250.384,22
250.491,20
250.598,17
250.705,4
250.812,23
250.919,0
251.026,12
251.133,22
251.239,3
251.346,0
251.453,17
251.56,1
251.667,11
251.774,0
251.881,0
251.988,0
252.094,4
252.201,1
252.308,13
252.415,0
252.522,17
252.629,8
252.736,0
252.843,2
252.949,0
253.056,8
253.163,0
253.27,0
253.377,0
253.484,0
253.591,11
253.698,0
253.804,0
253.911,4
254.018,19
254.125,23
254.232,0
254.339,12
254.446,31
254.553,13
254.659,8
254.766,10
254.873,13
254.98,0
255.087,0
255.194,0
255.301,9
255.408,0
255.514,20
255.621,26
255.728,0
255.835,17
255.942,17
256.049,8
256.156,0
256.263,0
256.369,15
256.476,0
256.583,0
256.69,7
256.797,20
256.904,2
257.011,4
257.118,24
257.224,12
257.331,20
257.438,0
257.545,16
257.652,37
257.759,0
257.866,0
257.973,13
258.079,17
258.186,3
258.293,0
258.4,0
258.507,0
258.614,3
258.721,6
258.828,9
258.934,0
259.041,15
259.148,1
259.255,0
259.362,5
259.469,11
259.576,4
259.683,0
259.789,4
259.896,0
260.003,0
260.11,38
260.217,0
260.324,4
260.431,8
260.537,8
260.644,0
260.751,0
260.858,0
260.965,9
261.072,0
261.179,14
261.286,0
261.392,0
261.499,4
261.606,5
261.713,7
261.82,0
261.927,18
262.034,30
262.141,17
262.247,0
262.354,0
262.461,22
262.568,0
262.675,0
262.782,0
262.889,2
262.996,57
263.102,12
263.209,0
263.316,20
263.423,1
263.53,2
263.637,11
263.744,0
263.85,0
263.957,4
264.064,1
264.171,0
264.278,4
264.385,23
264.492,16
264.599,0
264.705,12
264.812,28
264.919,0
265.026,5
265.133,12
265.24,8
265.347,15
265.454,9
265.56,11
265.667,18
265.774,30
265.881,16
265.988,30
266.095,3
266.202,0
266.308,0
266.415,0
266.522,0
266.629,1
266.736,71
266.843,109
266.95,87
267.057,37
267.163,10
267.27,0
267.377,16
267.484,16
267.591,13
267.698,0
267.805,2
267.911,24
268.018,4
268.125,0
268.232,0
268.339,16
268.446,2
268.553,17
268.66,0
268.766,0
268.873,25
268.98,0
269.087,1
269.194,19
269.301,8
269.408,24
269.514,0
269.621,0
269.728,23
269.835,0
269.942,0
270.049,0
270.156,0
270.263,5
270.369,0
270.476,23
270.583,0
270.69,0
270.797,22
270.904,6
271.011,6
271.117,0
271.224,0
271.331,6
271.438,0
271.545,0
271.652,1
271.759,2
271.866,0
271.972,21
272.079,0
272.186,0
272.293,10
272.4,12
272.507,0
272.614,0
272.72,8
272.827,7
272.934,0
273.041,0
273.148,0
273.255,0
273.362,0
273.468,0
273.575,0
273.682,34
273.789,51
273.896,1
274.003,0
274.11,0
274.217,0
274.323,0
274.43,0
274.537,0
274.644,3
274.751,0
274.858,0
274.965,2
275.071,0
275.178,2
275.285,7
275.392,36
275.499,0
275.606,6
275.713,0
275.819,0
275.926,0
276.033,0
276.14,25
276.247,28
276.354,0
276.461,0
276.567,7
276.674,4
276.781,0
276.888,12
276.995,4
277.102,15
277.209,0
277.315,0
277.422,16
277.529,14
277.636,0
277.743,0
277.85,0
277.957,0
278.064,9
278.17,0
278.277,21
278.384,22
278.491,0
278.598,16
278.705,39
278.812,2
278.918,0
279.025,4
279.132,0
279.239,0
279.346,10
279.453,0
279.56,13
279.666,3
279.773,8
279.88,0
279.987,0
280.094,32
280.201,0
280.308,0
280.414,18
280.521,0
280.628,0
280.735,10
280.842,0
280.949,0
281.056,23
281.162,24
281.269,14
281.376,0
281.483,14
281.59,0
281.697,8
281.804,0
281.91,11
282.017,0
282.124,0
282.231,11
282.338,21
282.445,19
282.552,0
282.658,6
282.765,0
282.872,0
282.979,0
283.086,26
283.193,13
283.3,4
283.406,0
283.513,0
283.62,20
283.727,0
283.834,0
283.941,0
284.048,12
284.154,0
284.261,0
284.368,70
284.475,40
284.582,4
284.689,0
284.796,0
284.902,20
285.009,24
285.116,1
285.223,16
285.33,13
285.437,2
285.544,0
285.65,0
285.757,8
285.864,0
285.971,0
286.078,2
286.185,9
286.292,0
286.398,0
286.505,4
286.612,7
286.719,0
286.826,0
286.933,2
287.039,0
287.146,2
287.253,0
287.36,6
287.467,8
287.574,18
287.681,0
287.787,10
287.894,0
288.001,0
288.108,14
288.215,13
288.322,14
288.429,0
288.535,2
288.642,28
288.749,0
288.856,0
288.963,11
289.07,4
289.177,0
289.283,19
289.39,0
289.497,11
289.604,0
289.711,17
289.818,17
289.924,0
290.031,0
290.138,0
290.245,18
290.352,5
290.459,0
290.566,11
290.672,10
290.779,7
290.886,3
290.993,4
291.1,0
291.207,6
291.314,15
291.42,0
291.527,0
291.634,30
291.741,11
291.848,0
291.955,0
292.062,20
292.168,0
292.275,0
292.382,10
292.489,22
292.596,0
292.703,34
292.809,19
292.916,30
293.023,0
293.13,0
293.237,6
293.344,6
293.451,14
293.557,28
293.664,6
293.771,0
293.878,0
293.985,0
294.092,0
294.198,21
294.305,34
294.412,0
294.519,8
294.626,12
294.733,0
294.84,13
294.946,0
295.053,38
295.16,53
295.267,10
295.374,0
295.481,0
295.588,24
295.694,0
295.801,0
295.908,21
296.015,6
296.122,0
296.229,11
296.335,7
296.442,4
296.549,0
296.656,2
296.763,9
296.87,0
296.977,0
297.083,11
297.19,10
297.297,0
297.404,0
297.511,11
297.618,7
297.724,0
297.831,27
297.938,0
298.045,30
298.152,0
298.259,15
298.365,33
298.472,0
298.579,4
298.686,0
298.793,0
298.9,16
299.007,2
299.113,0
299.22,0
299.327,0
299.434,4
299.541,3
299.648,37
299.754,11
299.861,12
299.968,0
300.075,11
300.182,19
300.289,0
300.396,13
300.502,0
300.609,0
300.716,13
300.823,15
300.93,0
301.037,13
301.143,6
301.25,9
301.357,0
301.464,0
301.571,26
301.678,9
301.784,0
301.891,1
301.998,1
302.105,0
302.212,0
302.319,6
302.426,0
302.532,0
302.639,31
302.746,10
302.853,0
302.96,21
303.067,0
303.173,0
303.28,2
303.387,6
303.494,0
303.601,0
303.708,0
303.814,0
303.921,0
304.028,9
304.135,3
304.242,0
304.349,9
304.456,0
304.562,22
304.669,18
304.776,0
304.883,0
304.99,0
305.097,26
305.203,6
305.31,0
305.417,0
305.524,0
305.631,0
305.738,40
305.844,45
305.951,16
306.058,8
306.165,1
306.272,15
306.379,0
306.485,7
306.592,41
306.699,0
306.806,14
306.913,0
307.02,8
307.126,0
307.233,0
307.34,0
307.447,0
307.554,4
307.661,18
307.767,0
307.874,19
307.981,38
308.088,16
308.195,6
308.302,17
308.409,8
308.515,4
308.622,0
308.729,0
308.836,0
308.943,24
309.05,34
309.156,5
309.263,1
309.37,4
309.477,30
309.584,28
309.691,0
309.797,1
309.904,22
310.011,0
310.118,5
310.225,0
310.332,0
310.438,0
310.545,0
310.652,0
310.759,9
310.866,0
310.973,0
311.079,13
311.186,0
311.293,0
311.4,21
311.507,5
311.614,13
311.72,0
311.827,14
311.934,8
312.041,33
312.148,9
312.255,20
312.361,11
312.468,0
312.575,0
312.682,7
312.789,17
312.896,6
313.002,3
313.109,0
313.216,0
313.323,12
313.43,16
313.537,6
313.643,4
313.75,6
313.857,3
313.964,4
314.071,0
314.178,17
314.284,14
314.391,6
314.498,2
314.605,1
314.712,16
314.819,1
314.925,4
315.032,0
315.139,2
315.246,9
315.353,22
315.46,23
315.566,0
315.673,0
315.78,11
315.887,2
315.994,0
316.1,23
316.207,0
316.314,0
316.421,37
316.528,26
316.635,9
316.741,0
316.848,0
316.955,26
317.062,0
317.169,0
317.276,2
317.382,3
317.489,0
317.596,8
317.703,0
317.81,0
317.917,0
318.023,4
318.13,0
318.237,0
318.344,10
318.451,3
318.558,6
318.664,9
318.771,0
318.878,28
318.985,3
319.092,6
319.199,0
319.305,7
319.412,30
319.519,0
319.626,0
319.733,0
319.839,29
319.946,0
320.053,13
320.16,0
320.267,0
320.374,0
320.48,29
320.587,6
320.694,19
320.801,17
320.908,24
321.015,2
321.121,7
321.228,0
321.335,2
321.442,12
321.549,21
321.655,0
321.762,0
321.869,0
321.976,19
322.083,5
322.19,0
322.296,23
322.403,5
322.51,2
322.617,0
322.724,14
322.831,34
322.937,0
323.044,7
323.151,2
323.258,1
323.365,3
323.472,0
323.578,0
323.685,6
323.792,13
323.899,0
324.006,23
324.112,0
324.219,21
324.326,12
324.433,13
324.54,19
324.647,97
324.753,105
324.86,53
324.967,0
325.074,0
325.181,0
325.287,18
325.394,0
325.501,0
325.608,44
325.715,15
325.822,22
325.928,8
326.035,28
326.142,39
326.249,5
326.356,0
326.463,9
326.569,0
326.676,0
326.783,1
326.89,21
326.997,0
327.103,27
327.21,45
327.317,0
327.424,0
327.531,1
327.638,12
327.744,5
327.851,0
327.958,12
328.065,16
328.172,2
328.278,0
328.385,4
328.492,6
328.599,5
328.706,7
328.813,0
328.919,32
329.026,35
329.133,31
329.24,10
329.347,0
329.453,18
329.56,14
329.667,0
329.774,0
329.881,2
329.988,7
330.094,0
330.201,10
330.308,0
330.415,36
330.522,17
330.628,0
330.735,20
330.842,6
330.949,5
331.056,0
331.162,16
331.269,4
331.376,7
331.483,6
331.59,5
331.697,7
331.803,0
331.91,25
332.017,9
332.124,7
332.231,0
332.337,0
332.444,0
332.551,24
332.658,0
332.765,24
332.872,0
332.978,0
333.085,0
333.192,21
333.299,0
333.406,0
333.512,8
333.619,0
333.726,0
333.833,2
333.94,6
334.046,32
334.153,0
334.26,5
334.367,14
334.474,6
334.581,8
334.687,8
334.794,14
334.901,0
335.008,16
335.115,0
335.221,17
335.328,0
335.435,4
335.542,5
335.649,2
335.755,0
335.862,0
335.969,5
336.076,0
336.183,0
336.29,25
336.396,15
336.503,0
336.61,0
336.717,23
336.824,23
336.93,6
337.037,13
337.144,5
337.251,4
337.358,0
337.464,14
337.571,0
337.678,0
337.785,8
337.892,4
337.998,5
338.105,0
338.212,16
338.319,4
338.426,1
338.533,26
338.639,0
338.746,0
338.853,6
338.96,0
339.067,0
339.173,17
339.28,22
339.387,0
339.494,0
339.601,12
339.707,81
339.814,40
339.921,0
340.028,6
340.135,0
340.241,0
340.348,4
340.455,3
340.562,0
340.669,0
340.775,2
340.882,0
340.989,14
341.096,17
341.203,0
341.309,15
341.416,6
341.523,18
341.63,16
341.737,12
341.844,0
341.95,0
342.057,15
342.164,10
342.271,0
342.378,20
342.484,11
342.591,0
342.698,0
342.805,0
342.912,26
343.018,0
343.125,0
343.232,10
343.339,0
343.446,0
343.552,0
343.659,29
343.766,5
343.873,0
343.98,24
344.086,26
344.193,0
344.3,0
344.407,22
344.514,23
344.62,0
344.727,0
344.834,19
344.941,13
345.048,0
345.154,0
345.261,0
345.368,28
345.475,0
345.582,0
345.688,18
345.795,13
345.902,0
346.009,3
346.116,18
346.222,0
346.329,0
346.436,19
346.543,0
346.65,0
346.756,9
346.863,18
346.97,7
347.077,9
347.184,11
347.29,0
347.397,17
347.504,13
347.611,2
347.718,9
347.824,0
347.931,0
348.038,0
348.145,12
348.252,0
348.358,0
348.465,18
348.572,40
348.679,22
348.786,0
348.892,0
348.999,0
349.106,18
349.213,25
349.32,0
349.426,6
349.533,0
349.64,0
349.747,0
349.854,0
349.96,0
350.067,7
350.174,2
350.281,0
350.388,3
350.494,7
350.601,5
350.708,7
350.815,8
350.922,0
351.028,40
351.135,0
351.242,0
351.349,11
351.456,0
351.562,0
351.669,7
351.776,0
351.883,0
351.989,0
352.096,8
352.203,7
352.31,19
352.417,6
352.523,6
352.63,33
352.737,37
352.844,0
352.951,0
353.057,22
353.164,0
353.271,11
353.378,5
353.485,8
353.591,8
353.698,8
353.805,0
353.912,14
354.019,0
354.125,0
354.232,26
354.339,0
354.446,0
354.553,0
354.659,19
354.766,29
354.873,2
354.98,6
355.086,14
355.193,14
355.3,0
355.407,0
355.514,24
355.62,27
355.727,15
355.834,0
355.941,21
356.048,0
356.154,0
356.261,0
356.368,0
356.475,9
356.582,17
356.688,8
356.795,5
356.902,18
357.009,28
357.115,17
357.222,0
357.329,0
357.436,0
357.543,0
357.649,3
357.756,0
357.863,1
357.97,5
358.077,0
358.183,0
358.29,10
358.397,0
358.504,10
358.61,50
358.717,157
358.824,220
358.931,0
359.038,0
359.144,11
359.251,14
359.358,0
359.465,0
359.572,2
359.678,38
359.785,58
359.892,24
359.999,0
360.105,14
360.212,0
360.319,0
360.426,11
360.533,0
360.639,0
360.746,11
360.853,11
360.96,0
361.067,2
361.173,5
361.28,0
361.387,7
361.494,0
361.6,9
361.707,0
361.814,4
361.921,0
362.028,9
362.134,0
362.241,0
362.348,8
362.455,10
362.562,3
362.668,4
362.775,0
362.882,10
362.989,0
363.095,0
363.202,0
363.309,16
363.416,11
363.523,21
363.629,0
363.736,7
363.843,9
363.95,0
364.056,0
364.163,0
364.27,20
364.377,15
364.484,0
364.59,0
364.697,2
364.804,0
364.911,0
365.017,0
365.124,0
365.231,14
365.338,0
365.445,3
365.551,32
365.658,22
365.765,18
365.872,9
365.979,0
366.085,0
366.192,0
366.299,26
366.406,45
366.512,0
366.619,0
366.726,17
366.833,28
366.94,0
367.046,15
367.153,0
367.26,0
367.367,30
367.473,15
367.58,0
367.687,5
367.794,35
367.9,0
368.007,0
368.114,18
368.221,0
368.328,0
368.434,0
368.541,0
368.648,3
368.755,0
368.861,0
368.968,16
369.075,0
369.182,0
369.289,2
369.395,13
369.502,0
369.609,0
369.716,0
369.822,35
369.929,28
370.036,0
370.143,8
370.25,0
370.356,0
370.463,2
370.57,0
370.677,0
370.783,0
370.89,0
370.997,14
371.104,37
371.211,0
371.317,0
371.424,0
371.531,22
371.638,0
371.744,0
371.851,0
371.958,18
372.065,25
372.171,2
372.278,0
372.385,20
372.492,16
372.599,26
372.705,0
372.812,0
372.919,17
373.026,0
373.132,1
373.239,22
373.346,0
373.453,0
373.559,16
373.666,5
373.773,0
373.88,0
373.987,0
374.093,5
374.2,0
374.307,0
374.414,0
374.52,23
374.627,18
374.734,18
374.841,6
374.947,30
375.054,23
375.161,0
375.268,14
375.375,0
375.481,35
375.588,60
375.695,30
375.802,9
375.908,0
376.015,0
376.122,54
376.229,8
376.335,18
376.442,7
376.549,4
376.656,0
376.763,24
376.869,0
376.976,0
377.083,1
377.19,20
377.296,16
377.403,5
377.51,0
377.617,9
377.723,7
377.83,22
377.937,14
378.044,15
378.15,27
378.257,24
378.364,8
378.471,2
378.578,0
378.684,0
378.791,0
378.898,0
379.005,1
379.111,1
379.218,12
379.325,7
379.432,7
379.538,6
379.645,0
379.752,0
379.859,0
379.965,4
380.072,14
380.179,0
380.286,0
380.392,0
380.499,5
380.606,46
380.713,13
380.82,0
380.926,0
381.033,18
381.14,34
381.247,0
381.353,0
381.46,0
381.567,23
381.674,27
381.78,0
381.887,21
381.994,22
382.101,46
382.207,7
382.314,5
382.421,25
382.528,8
382.634,0
382.741,0
382.848,25
382.955,0
383.061,0
383.168,7
383.275,0
383.382,0
383.488,5
383.595,0
383.702,13
383.809,1
383.916,0
384.022,22
384.129,29
384.236,16
384.343,7
384.449,8
384.556,13
384.663,0
384.77,0
384.876,10
384.983,6
385.09,18
385.197,0
385.303,3
385.41,7
385.517,0
385.624,0
385.73,0
385.837,0
385.944,3
386.051,9
386.157,28
386.264,22
386.371,16
386.478,8
386.584,34
386.691,0
386.798,11
386.905,7
387.011,6
387.118,0
387.225,11
387.332,15
387.438,21
387.545,12
387.652,0
387.759,33
387.865,0
387.972,0
388.079,0
388.186,8
388.292,0
388.399,5
388.506,1
388.613,14
388.719,5
388.826,3
388.933,4
389.04,0
389.146,6
389.253,0
389.36,6
389.467,0
389.573,0
389.68,24
389.787,0
389.894,0
390,6
390.107,18
390.214,4
390.321,0
390.427,0
390.534,23
390.641,0
390.748,3
390.854,8
390.961,0
391.068,0
391.175,8
391.281,24
391.388,0
391.495,0
391.602,0
391.708,7
391.815,10
391.922,0
392.029,0
392.135,33
392.242,40
392.349,0
392.456,0
392.562,0
392.669,5
392.776,0
392.883,0
392.989,0
393.096,29
393.203,32
393.31,15
393.416,0
393.523,1
393.63,7
393.737,0
393.843,0
393.95,0
394.057,0
394.164,0
394.27,10
394.377,0
394.484,28
394.591,4
394.697,0
394.804,2
394.911,0
395.018,25
395.124,6
395.231,29
395.338,66
395.445,35
395.551,0
395.658,0
395.765,13
395.871,19
395.978,6
396.085,0
396.192,8
396.298,5
396.405,0
396.512,0
396.619,19
396.725,0
396.832,8
396.939,0
397.046,18
397.152,24
397.259,1
397.366,14
397.473,0
397.579,18
397.686,4
397.793,28
397.9,5
398.006,0
398.113,0
398.22,3
398.327,2
398.433,0
398.54,6
398.647,0
398.753,0
398.86,0
398.967,21
399.074,0
399.18,21
399.287,4
399.394,6
399.501,0
399.607,0
399.714,7
399.821,0
399.928,18
400.034,0
400.141,0
400.248,5
400.355,8
400.461,11
400.568,7
400.675,0
400.781,8
400.888,0
400.995,22
401.102,0
401.208,7
401.315,26
401.422,21
401.529,20
401.635,0
401.742,0
401.849,24
401.956,21
402.062,14
402.169,5
402.276,0
402.382,14
402.489,2
402.596,18
402.703,6
402.809,8
402.916,0
403.023,39
403.13,20
403.236,0
403.343,0
403.45,12
403.557,16
403.663,0
403.77,0
403.877,5
403.983,1
404.09,6
404.197,8
404.304,0
404.41,16
404.517,0
404.624,0
404.731,0
404.837,7
404.944,0
405.051,14
405.158,8
405.264,22
405.371,15
405.478,0
405.584,21
405.691,15
405.798,0
405.905,1
406.011,29
406.118,9
406.225,0
406.332,0
406.438,13
406.545,9
406.652,0
406.758,1
406.865,10
406.972,10
407.079,10
407.185,14
407.292,22
407.399,24
407.506,37
407.612,45
407.719,73
407.826,35
407.932,2
408.039,0
408.146,0
408.253,0
408.359,0
408.466,4
408.573,0
408.68,18
408.786,9
408.893,0
409,14
409.106,4
409.213,3
409.32,15
409.427,2
409.533,3
409.64,25
409.747,12
409.853,0
409.96,8
410.067,4
410.174,0
410.28,0
410.387,3
410.494,0
410.601,1
410.707,11
410.814,8
410.921,2
411.027,8
411.134,1
411.241,0
411.348,13
411.454,0
411.561,0
411.668,7
411.774,29
411.881,0
411.988,0
412.095,0
412.201,1
412.308,0
412.415,0
412.522,25
412.628,25
412.735,0
412.842,22
412.948,6
413.055,13
413.162,4
413.269,0
413.375,29
413.482,0
413.589,0
413.695,47
413.802,0
413.909,0
414.016,0
414.122,0
414.229,0
414.336,0
414.442,0
414.549,24
414.656,2
414.763,0
414.869,0
414.976,23
415.083,4
415.189,0
415.296,6
415.403,6
415.51,0
415.616,0
415.723,0
415.83,0
415.936,0
416.043,0
416.15,10
416.257,0
416.363,25
416.47,0
416.577,8
416.683,0
416.79,7
416.897,0
417.004,3
417.11,8
417.217,0
417.324,0
417.43,0
417.537,11
417.644,0
417.751,0
417.857,0
417.964,0
418.071,4
418.177,6
418.284,19
418.391,43
418.498,58
418.604,60
418.711,20
418.818,7
418.924,0
419.031,0
419.138,10
419.245,0
419.351,0
419.458,8
419.565,14
419.671,17
419.778,42
419.885,18
419.992,33
420.098,34
420.205,0
420.312,0
420.418,0
420.525,22
420.632,2
420.738,0
420.845,0
420.952,0
421.059,0
421.165,0
421.272,24
421.379,0
421.485,20
421.592,8
421.699,5
421.806,0
421.912,13
422.019,0
422.126,3
422.232,16
422.339,6
422.446,0
422.552,0
422.659,0
422.766,0
422.873,0
422.979,10
423.086,24
423.193,9
423.299,39
423.406,0
423.513,0
423.62,0
423.726,0
423.833,0
423.94,0
424.046,9
424.153,0
424.26,0
424.366,6
424.473,14
424.58,10
424.687,0
424.793,0
424.9,0
425.007,24
425.113,0
425.22,1
425.327,12
425.433,29
425.54,0
425.647,4
425.754,8
425.86,0
425.967,4
426.074,67
426.18,116
426.287,57
426.394,8
426.5,12
426.607,0
426.714,7
426.821,0
426.927,0
427.034,2
427.141,0
427.247,7
427.354,0
427.461,0
427.567,22
427.674,38
427.781,4
427.888,34
427.994,0
428.101,25
428.208,0
428.314,20
428.421,18
428.528,0
428.634,0
428.741,38
428.848,1
428.955,0
429.061,0
429.168,0
429.275,26
429.381,0
429.488,9
429.595,18
429.701,8
429.808,9
429.915,10
430.021,0
430.128,28
430.235,0
430.342,2
430.448,0
430.555,5
430.662,56
430.768,80
430.875,48
430.982,3
431.088,0
431.195,40
431.302,0
431.409,1
431.515,5
431.622,4
431.729,0
431.835,15
431.942,0
432.049,0
432.155,23
432.262,0
432.369,0
432.475,26
432.582,90
432.689,88
432.796,56
432.902,20
433.009,0
433.116,0
433.222,17
433.329,0
433.436,0
433.542,0
433.649,0
433.756,0
433.862,18
433.969,26
434.076,0
434.182,1
434.289,0
434.396,13
434.503,10
434.609,8
434.716,0
434.823,0
434.929,0
435.036,0
435.143,7
435.249,0
435.356,2
435.463,0
435.569,0
435.676,1
435.783,3
435.889,5
435.996,2
436.103,7
436.21,8
436.316,19
436.423,0
436.53,0
436.636,0
436.743,0
436.85,0
436.956,67
437.063,58
437.17,0
437.276,0
437.383,0
437.49,6
437.596,0
437.703,0
437.81,56
437.916,60
438.023,0
438.13,0
438.237,0
438.343,0
438.45,11
438.557,1
438.663,1
438.77,42
438.877,124
438.983,90
439.09,30
439.197,68
439.303,56
439.41,51
439.517,1
439.623,2
439.73,4
439.837,72
439.943,52
440.05,31
440.157,0
440.263,0
440.37,0
440.477,0
440.583,14
440.69,0
440.797,0
440.904,0
441.01,0
441.117,0
441.224,0
441.33,10
441.437,20
441.544,0
441.65,0
441.757,3
441.864,0
441.97,0
442.077,1
442.184,1
442.29,0
442.397,0
442.504,0
442.61,11
442.717,0
442.824,0
442.93,13
443.037,20
443.144,19
443.25,0
443.357,0
443.464,0
443.57,0
443.677,4
443.784,0
443.89,0
443.997,0
444.104,5
444.21,15
444.317,0
444.424,0
444.53,14
444.637,30
444.744,0
444.851,2
444.957,0
445.064,0
445.171,9
445.277,23
445.384,0
445.491,0
445.597,0
445.704,0
445.811,12
445.917,0
446.024,13
446.131,20
446.237,0
446.344,8
446.451,0
446.557,20
446.664,0
446.771,12
446.877,0
446.984,15
447.091,21
447.197,0
447.304,4
447.411,22
447.517,0
447.624,0
447.731,0
447.837,19
447.944,21
448.051,4
448.157,11
448.264,0
448.371,0
448.477,0
448.584,0
448.691,0
448.797,2
448.904,33
449.011,23
449.117,4
449.224,0
449.331,0
449.437,0
449.544,6
449.651,20
449.757,3
449.864,0
449.971,0
450.077,12
450.184,0
450.291,0
450.397,0
450.504,0
450.611,0
450.717,16
450.824,6
450.931,0
451.037,9
451.144,19
451.251,28
451.357,3
451.464,0
451.571,0
451.677,18
451.784,0
451.891,0
451.997,0
452.104,8
452.21,8
452.317,0
452.424,19
452.53,13
452.637,0
452.744,0
452.85,11
452.957,10
453.064,18
453.17,0
453.277,26
453.384,0
453.49,6
453.597,0
453.704,16
453.81,4
453.917,0
454.024,0
454.13,2
454.237,16
454.344,8
454.45,58
454.557,70
454.664,45
454.77,1
454.877,4
454.984,0
455.09,0
455.197,47
455.304,30
455.41,0
455.517,0
455.624,9
455.73,15
455.837,4
455.944,0
456.05,0
456.157,0
456.263,8
456.37,17
456.477,0
456.583,0
456.69,0
456.797,17
456.903,0
457.01,0
457.117,0
457.223,22
457.33,0
457.437,12
457.543,0
457.65,12
457.757,0
457.863,0
457.97,0
458.077,0
458.183,0
458.29,4
458.397,0
458.503,0
458.61,0
458.716,9
458.823,0
458.93,14
459.036,0
459.143,12
459.25,11
459.356,0
459.463,0
459.57,0
459.676,0
459.783,8
459.89,0
459.996,0
460.103,2
460.21,0
460.316,20
460.423,5
460.53,5
460.636,0
460.743,0
460.849,21
460.956,0
461.063,0
461.169,0
461.276,0
461.383,0
461.489,0
461.596,0
461.703,0
461.809,22
461.916,33
462.023,13
462.129,0
462.236,0
462.342,15
462.449,0
462.556,7
462.662,7
462.769,14
462.876,0
462.982,0
463.089,4
463.196,5
463.302,19
463.409,0
463.516,125
463.622,157
463.729,63
463.835,29
463.942,0
464.049,30
464.155,8
464.262,22
464.369,3
464.475,0
464.582,0
464.689,0
464.795,5
464.902,0
465.009,10
465.115,14
465.222,4
465.328,9
465.435,0
465.542,9
465.648,0
465.755,0
465.862,18
465.968,28
466.075,0
466.182,3
466.288,0
466.395,0
466.501,0
466.608,14
466.715,11
466.821,29
466.928,0
467.035,13
467.141,38
467.248,28
467.355,0
467.461,4
467.568,3
467.674,3
467.781,0
467.888,20
467.994,16
468.101,0
468.208,0
468.314,0
468.421,0
468.528,3
468.634,0
468.741,0
468.847,17
468.954,16
469.061,8
469.167,13
469.274,0
469.381,0
469.487,0
469.594,0
469.701,6
469.807,0
469.914,0
470.02,19
470.127,0
470.234,9
470.34,25
470.447,0
470.554,0
470.66,13
470.767,3
470.873,32
470.98,73
471.087,39
471.193,29
471.3,31
471.407,0
471.513,17
471.62,8
471.727,0
471.833,0
471.94,0
472.046,0
472.153,2
472.26,0
472.366,0
472.473,0
472.58,0
472.686,6
472.793,3
472.899,0
473.006,0
473.113,6
473.219,7
473.326,1
473.433,13
473.539,23
473.646,0
473.752,33
473.859,0
473.966,4
474.072,0
474.179,0
474.286,0
474.392,0
474.499,0
474.605,6
474.712,8
474.819,8
474.925,28
475.032,0
475.139,2
475.245,0
475.352,0
475.458,35
475.565,8
475.672,4
475.778,0
475.885,0
475.992,9
476.098,0
476.205,0
476.311,0
476.418,0
476.525,42
476.631,27
476.738,8
476.844,0
476.951,16
477.058,6
477.164,7
477.271,0
477.378,12
477.484,31
477.591,0
477.697,17
477.804,0
477.911,7
478.017,24
478.124,0
478.231,41
478.337,0
478.444,0
478.55,0
478.657,2
478.764,0
478.87,3
478.977,0
479.083,0
479.19,0
479.297,18
479.403,7
479.51,0
479.617,0
479.723,4
479.83,2
479.936,32
480.043,18
480.15,1
480.256,23
480.363,0
480.469,0
480.576,18
480.683,11
480.789,8
480.896,0
481.003,3
481.109,8
481.216,9
481.322,11
481.429,0
481.536,1
481.642,1
481.749,7
481.855,35
481.962,6
482.069,21
482.175,24
482.282,0
482.388,0
482.495,9
482.602,0
482.708,0
482.815,2
482.922,17
483.028,10
483.135,0
483.241,15
483.348,27
483.455,3
483.561,0
483.668,22
483.774,14
483.881,1
483.988,0
484.094,0
484.201,0
484.307,2
484.414,0
484.521,0
484.627,0
484.734,0
484.84,21
484.947,25
485.054,13
485.16,0
485.267,19
485.373,4
485.48,0
485.587,16
485.693,26
485.8,0
485.907,0
486.013,0
486.12,5
486.226,0
486.333,0
486.44,31
486.546,0
486.653,0
486.759,0
486.866,18
486.973,0
487.079,0
487.186,19
487.292,17
487.399,0
487.506,5
487.612,0
487.719,0
487.825,0
487.932,14
488.039,5
488.145,0
488.252,8
488.358,4
488.465,11
488.572,0
488.678,0
488.785,10
488.891,0
488.998,0
489.105,20
489.211,3
489.318,0
489.424,0
489.531,0
489.638,7
489.744,32
489.851,0
489.957,0
490.064,12
490.171,0
490.277,0
490.384,38
490.49,89
490.597,33
490.704,0
490.81,0
490.917,0
491.023,0
491.13,0
491.237,0
491.343,2
491.45,0
491.556,0
491.663,21
491.769,0
491.876,0
491.983,27
492.089,12
492.196,6
492.302,0
492.409,0
492.516,0
492.622,10
492.729,0
492.835,0
492.942,0
493.049,0
493.155,33
493.262,0
493.368,0
493.475,9
493.582,0
493.688,0
493.795,1
493.901,0
494.008,15
494.114,4
494.221,14
494.328,10
494.434,11
494.541,6
494.647,0
494.754,3
494.861,3
494.967,10
495.074,8
495.18,31
495.287,19
495.394,78
495.5,34
495.607,0
495.713,5
495.82,7
495.926,32
496.033,0
496.14,0
496.246,14
496.353,19
496.459,8
496.566,0
496.673,0
496.779,0
496.886,18
496.992,4
497.099,11
497.206,0
497.312,4
497.419,0
497.525,0
497.632,0
497.738,0
497.845,49
497.952,7
498.058,0
498.165,5
498.271,0
498.378,0
498.485,0
498.591,0
498.698,15
498.804,19
498.911,19
499.017,35
499.124,0
499.231,29
499.337,9
499.444,16
499.55,27
499.657,25
499.763,15
499.87,89
499.977,114
500.083,15
500.19,0
500.296,0
500.403,0
500.51,13
500.616,9
500.723,12
500.829,0
500.936,2
501.042,39
501.149,10
501.256,0
501.362,7
501.469,11
501.575,16
501.682,0
501.788,23
501.895,14
502.002,0
502.108,3
502.215,13
502.321,7
502.428,0
502.534,0
502.641,23
502.748,25
502.854,8
502.961,9
503.067,0
503.174,15
503.281,12
503.387,6
503.494,0
503.6,0
503.707,5
503.813,0
503.92,0
504.027,0
504.133,16
504.24,20
504.346,8
504.453,0
504.559,0
504.666,24
504.773,0
504.879,0
504.986,3
505.092,0
505.199,6
505.305,0
505.412,0
505.518,15
505.625,0
505.732,0
505.838,2
505.945,6
506.051,0
506.158,0
506.264,0
506.371,0
506.478,0
506.584,0
506.691,0
506.797,0
506.904,4
507.01,0
507.117,9
507.224,5
507.33,13
507.437,0
507.543,8
507.65,0
507.756,0
507.863,0
507.97,14
508.076,18
508.183,4
508.289,0
508.396,0
508.502,38
508.609,82
508.715,10
508.822,0
508.929,1
509.035,22
509.142,2
509.248,0
509.355,0
509.461,0
509.568,7
509.675,0
509.781,18
509.888,120
509.994,137
510.101,35
510.207,0
510.314,0
510.42,9
510.527,19
510.634,39
510.74,36
510.847,48
510.953,29
511.06,0
511.166,0
511.273,0
511.379,0
511.486,3
511.593,6
511.699,42
511.806,90
511.912,119
512.019,271
512.125,238
512.232,100
512.339,13
512.445,0
512.552,8
512.658,6
512.765,0
512.871,0
512.978,0
513.084,3
513.191,38
513.298,186
513.404,423
513.511,550
513.617,824
513.724,792
513.83,540
513.937,362
514.043,207
514.15,168
514.256,61
514.363,0
514.47,4
514.576,0
514.683,0
514.789,15
514.896,0
515.002,0
515.109,16
515.215,0
515.322,0
515.429,10
515.535,23
515.642,47
515.748,31
515.855,7
515.961,36
516.068,29
516.174,6
516.281,26
516.388,43
516.494,0
516.601,30
516.707,32
516.814,112
516.92,100
517.027,49
517.133,29
517.24,6
517.346,9
517.453,0
517.56,4
517.666,29
517.773,29
517.879,170
517.986,253
518.092,229
518.199,159
518.305,47
518.412,7
518.518,0
518.625,0
518.732,11
518.838,23
518.945,44
519.051,4
519.158,39
519.264,26
519.371,29
519.477,14
519.584,0
519.69,13
519.797,0
519.903,4
520.01,15
520.117,5
520.223,0
520.33,29
520.436,19
520.543,10
520.649,0
520.756,3
520.862,22
520.969,0
521.075,0
521.182,2
521.289,0
521.395,11
521.502,28
521.608,0
521.715,15
521.821,15
521.928,22
522.034,8
522.141,0
522.247,15
522.354,0
522.46,10
522.567,0
522.674,26
522.78,0
522.887,0
522.993,0
523.1,0
523.206,0
523.313,4
523.419,28
523.526,12
523.632,0
523.739,0
523.845,14
523.952,12
524.058,0
524.165,9
524.272,38
524.378,0
524.485,12
524.591,11
524.698,0
524.804,12
524.911,15
525.017,0
525.124,0
525.23,20
525.337,42
525.443,1
525.55,0
525.656,25
525.763,9
525.87,0
525.976,0
526.083,0
526.189,9
526.296,0
526.402,2
526.509,22
526.615,0
526.722,0
526.828,24
526.935,14
527.041,30
527.148,0
527.254,0
527.361,28
527.467,4
527.574,0
527.68,0
527.787,0
527.894,14
528,0
528.107,0
528.213,0
528.32,41
528.426,34
528.533,0
528.639,4
528.746,0
528.852,20
528.959,26
529.065,16
529.172,0
529.278,2
529.385,24
529.491,0
529.598,0
529.704,0
529.811,35
529.918,37
530.024,20
530.131,0
530.237,13
530.344,15
530.45,20
530.557,21
530.663,1
530.77,15
530.876,0
530.983,16
531.089,0
531.196,0
531.302,0
531.409,6
531.515,19
531.622,21
531.728,3
531.835,3
531.941,0
532.048,0
532.154,10
532.261,0
532.367,0
532.474,0
532.581,5
532.687,11
532.794,4
532.9,14
533.007,0
533.113,11
533.22,7
533.326,0
533.433,0
533.539,10
533.646,2
533.752,43
533.859,11
533.965,19
534.072,0
534.178,0
534.285,11
534.391,0
534.498,27
534.604,6
534.711,0
534.817,13
534.924,2
535.03,2
535.137,1
535.243,0
535.35,40
535.456,0
535.563,6
535.669,0
535.776,6
535.882,25
535.989,5
536.095,0
536.202,0
536.308,0
536.415,1
536.521,0
536.628,0
536.735,10
536.841,0
536.948,0
537.054,0
537.161,0
537.267,0
537.374,0
537.48,1
537.587,8
537.693,12
537.8,0
537.906,19
538.013,4
538.119,0
538.226,0
538.332,17
538.439,2
538.545,6
538.652,24
538.758,19
538.865,2
538.971,12
539.078,1
539.184,17
539.291,0
539.397,0
539.504,6
539.61,3
539.717,18
539.823,6
539.93,10
540.036,21
540.143,6
540.249,0
540.356,0
540.462,28
540.569,32
540.675,8
540.782,0
540.888,0
540.995,0
541.101,0
541.208,7
541.314,0
541.421,0
541.527,29
541.634,0
541.74,23
541.847,8
541.953,0
542.06,3
542.166,1
542.273,0
542.379,16
542.486,0
542.592,34
542.699,14
542.805,0
542.912,0
543.018,0
543.125,11
543.231,1
543.338,0
543.444,0
543.551,36
543.657,13
543.764,0
543.87,8
543.977,5
544.083,28
544.19,0
544.296,30
544.403,0
544.509,0
544.616,16
544.722,22
544.829,6
544.935,0
545.042,0
545.148,22
545.255,5
545.361,0
545.467,0
545.574,11
545.68,6
545.787,2
545.893,0
546,0
546.106,5
546.213,0
546.319,4
546.426,24
546.532,0
546.639,8
546.745,18
546.852,14
546.958,5
547.065,9
547.171,7
547.278,11
547.384,14
547.491,0
547.597,14
547.704,16
547.81,0
547.917,0
548.023,0
548.13,0
548.236,8
548.343,6
548.449,10
548.556,9
548.662,0
548.769,12
548.875,7
548.982,0
549.088,0
549.195,15
549.301,0
549.408,0
549.514,0
549.62,7
549.727,15
549.833,0
549.94,2
550.046,31
550.153,0
550.259,0
550.366,17
550.472,8
550.579,15
550.685,0
550.792,0
550.898,13
551.005,0
551.111,34
551.218,42
551.324,19
551.431,0
551.537,0
551.644,22
551.75,18
551.857,30
551.963,0
552.07,0
552.176,0
552.282,0
552.389,0
552.495,91
552.602,128
552.708,89
552.815,32
552.921,0
553.028,0
553.134,7
553.241,15
553.347,1
553.454,0
553.56,0
553.667,0
553.773,22
553.88,6
553.986,0
554.093,7
554.199,10
554.305,12
554.412,14
554.518,11
554.625,2
554.731,0
554.838,10
554.944,1
555.051,0
555.157,0
555.264,2
555.37,0
555.477,0
555.583,19
555.69,0
555.796,17
555.903,14
556.009,0
556.115,36
556.222,23
556.328,0
556.435,0
556.541,0
556.648,8
556.754,14
556.861,0
556.967,0
557.074,2
557.18,0
557.287,0
557.393,0
557.5,0
557.606,12
557.713,0
557.819,0
557.925,19
558.032,24
558.138,7
558.245,21
558.351,0
558.458,30
558.564,9
558.671,0
558.777,8
558.884,30
558.99,20
559.097,6
559.203,19
559.309,2
559.416,3
559.522,0
559.629,0
559.735,0
559.842,0
559.948,10
560.055,9
560.161,0
560.268,3
560.374,8
560.481,0
560.587,0
560.693,22
560.8,0
560.906,28
561.013,11
561.119,18
561.226,15
561.332,17
561.439,0
561.545,0
561.652,0
561.758,14
561.864,48
561.971,0
562.077,0
562.184,0
562.29,0
562.397,18
562.503,0
562.61,12
562.716,0
562.823,17
562.929,0
563.035,0
563.142,0
563.248,0
563.355,6
563.461,0
563.568,0
563.674,13
563.781,4
563.887,0
563.994,25
564.1,3
564.206,0
564.313,0
564.419,2
564.526,0
564.632,0
564.739,0
564.845,28
564.952,8
565.058,21
565.165,16
565.271,0
565.377,15
565.484,4
565.59,4
565.697,0
565.803,6
565.91,0
566.016,0
566.123,41
566.229,26
566.335,0
566.442,0
566.548,2
566.655,0
566.761,0
566.868,0
566.974,0
567.081,0
567.187,18
567.293,26
567.4,0
567.506,0
567.613,0
567.719,0
567.826,23
567.932,17
568.039,0
568.145,10
568.251,9
568.358,26
568.464,0
568.571,0
568.677,44
568.784,46
568.89,17
568.997,5
569.103,6
569.209,0
569.316,33
569.422,13
569.529,0
569.635,8
569.742,0
569.848,16
569.955,17
570.061,11
570.167,0
570.274,0
570.38,0
570.487,2
570.593,0
570.7,0
570.806,0
570.912,0
571.019,0
571.125,12
571.232,0
571.338,13
571.445,11
571.551,15
571.658,14
571.764,17
571.87,0
571.977,10
572.083,0
572.19,21
572.296,0
572.403,37
572.509,57
572.615,20
572.722,0
572.828,5
572.935,13
573.041,4
573.148,8
573.254,0
573.36,4
573.467,2
573.573,0
573.68,11
573.786,0
573.893,41
573.999,17
574.105,0
574.212,0
574.318,0
574.425,27
574.531,0
574.638,0
574.744,46
574.85,84
574.957,36
575.063,14
575.17,0
575.276,0
575.383,0
575.489,0
575.595,0
575.702,21
575.808,6
575.915,19
576.021,0
576.128,0
576.234,0
576.34,0
576.447,0
576.553,6
576.66,0
576.766,0
576.873,13
576.979,14
577.085,0
577.192,37
577.298,34
577.405,21
577.511,25
577.618,0
577.724,0
577.83,0
577.937,10
578.043,19
578.15,0
578.256,0
578.363,8
578.469,16
578.575,6
578.682,13
578.788,0
578.895,8
579.001,22
579.107,6
579.214,0
579.32,0
579.427,15
579.533,16
579.64,44
579.746,18
579.852,2
579.959,26
580.065,8
580.172,6
580.278,17
580.384,0
580.491,6
580.597,0
580.704,0
580.81,14
580.917,12
581.023,8
581.129,0
581.236,8
581.342,0
581.449,0
581.555,8
581.661,7
581.768,0
581.874,1
581.981,31
582.087,48
582.193,6
582.3,15
582.406,0
582.513,28
582.619,0
582.726,1
582.832,0
582.938,0
583.045,15
583.151,19
583.258,0
583.364,0
583.47,0
583.577,22
583.683,14
583.79,0
583.896,0
584.002,34
584.109,0
584.215,0
584.322,0
584.428,0
584.535,2
584.641,12
584.747,0
584.854,18
584.96,17
585.067,0
585.173,11
585.279,0
585.386,24
585.492,36
585.599,0
585.705,21
585.811,0
585.918,2
586.024,1
586.131,0
586.237,0
586.343,4
586.45,0
586.556,26
586.663,0
586.769,0
586.875,6
586.982,0
587.088,19
587.195,0
587.301,0
587.407,9
587.514,12
587.62,28
587.727,0
587.833,0
587.939,7
588.046,20
588.152,5
588.259,5
588.365,10
588.471,0
588.578,29
588.684,0
588.791,7
588.897,2
589.003,0
589.11,6
589.216,6
589.323,0
589.429,17
589.535,15
589.642,7
589.748,9
589.855,0
589.961,16
590.067,13
590.174,0
590.28,0
590.387,3
590.493,7
590.599,22
590.706,0
590.812,0
590.918,0
591.025,2
591.131,1
591.238,5
591.344,28
591.45,11
591.557,0
591.663,41
591.77,20
591.876,12
591.982,10
592.089,10
592.195,21
592.302,21
592.408,0
592.514,0
592.621,15
592.727,0
592.834,0
592.94,1
593.046,2
593.153,26
593.259,26
593.365,0
593.472,0
593.578,0
593.685,33
593.791,16
593.897,6
594.004,8
594.11,0
594.217,0
594.323,0
594.429,0
594.536,0
594.642,21
594.748,4
594.855,0
594.961,0
595.068,0
595.174,7
595.28,0
595.387,0
595.493,2
595.6,12
595.706,32
595.812,14
595.919,0
596.025,0
596.131,0
596.238,6
596.344,0
596.451,4
596.557,0
596.663,5
596.77,0
596.876,16
596.982,25
597.089,0
597.195,13
597.302,33
597.408,0
597.514,6
597.621,0
597.727,12
597.833,13
597.94,0
598.046,0
598.153,16
598.259,33
598.365,24
598.472,25
598.578,1
598.685,0
598.791,0
598.897,3
599.004,0
599.11,2
599.216,2
599.323,0
599.429,0
599.535,0
599.642,26
599.748,0
599.855,9
599.961,29
600.067,4
600.174,21
600.28,12
600.386,0
600.493,7
600.599,29
600.706,9
600.812,0
600.918,0
601.025,10
601.131,0
601.237,2
601.344,0
601.45,29
601.557,23
601.663,13
601.769,3
601.876,9
601.982,28
602.088,4
602.195,18
602.301,0
602.407,0
602.514,0
602.62,0
602.727,0
602.833,0
602.939,0
603.046,23
603.152,22
603.258,9
603.365,8
603.471,4
603.577,18
603.684,4
603.79,0
603.897,0
604.003,18
604.109,0
604.216,0
604.322,23
604.428,29
604.535,0
604.641,7
604.747,14
604.854,5
604.96,0
605.067,0
605.173,0
605.279,10
605.386,0
605.492,0
605.598,8
605.705,0
605.811,0
605.917,9
606.024,23
606.13,19
606.236,0
606.343,0
606.449,0
606.556,8
606.662,7
606.768,7
606.875,0
606.981,15
607.087,18
607.194,2
607.3,14
607.406,0
607.513,0
607.619,10
607.725,0
607.832,11
607.938,19
608.045,0
608.151,1
608.257,10
608.364,6
608.47,0
608.576,1
608.683,0
608.789,29
608.895,18
609.002,3
609.108,29
609.214,5
609.321,3
609.427,0
609.533,0
609.64,0
609.746,27
609.852,0
609.959,0
610.065,14
610.172,10
610.278,17
610.384,0
610.491,2
610.597,0
610.703,0
610.81,0
610.916,0
611.022,4
611.129,12
611.235,1
611.341,24
611.448,44
611.554,25
611.66,18
611.767,10
611.873,22
611.979,0
612.086,3
612.192,14
612.298,0
612.405,12
612.511,0
612.617,0
612.724,12
612.83,11
612.936,0
613.043,0
613.149,0
613.255,0
613.362,0
613.468,0
613.575,2
613.681,40
613.787,0
613.894,0
614,13
614.106,0
614.213,24
614.319,0
614.425,0
614.532,6
614.638,0
614.744,0
614.851,0
614.957,25
615.063,24
615.17,0
615.276,0
615.382,0
615.489,0
615.595,0
615.701,0
615.808,0
615.914,0
616.02,13
616.127,42
616.233,24
616.339,42
616.446,53
616.552,16
616.658,20
616.765,17
616.871,0
616.977,0
617.084,6
617.19,10
617.296,0
617.403,10
617.509,28
617.615,7
617.722,14
617.828,1
617.934,20
618.041,0
618.147,32
618.253,20
618.36,0
618.466,9
618.572,17
618.679,3
618.785,2
618.891,13
618.998,8
619.104,12
619.21,8
619.316,4
619.423,0
619.529,16
619.635,0
619.742,0
619.848,0
619.954,7
620.061,0
620.167,0
620.273,17
620.38,0
620.486,0
620.592,18
620.699,7
620.805,10
620.911,0
621.018,0
621.124,26
621.23,18
621.337,3
621.443,0
621.549,21
621.656,16
621.762,11
621.868,0
621.975,0
622.081,10
622.187,5
622.294,35
622.4,0
622.506,77
622.612,118
622.719,70
622.825,19
622.931,0
623.038,0
623.144,0
623.25,16
623.357,0
623.463,4
623.569,4
623.676,0
623.782,0
623.888,12
623.995,21
624.101,0
624.207,0
624.314,40
624.42,22
624.526,17
624.632,0
624.739,0
624.845,9
624.951,0
625.058,0
625.164,0
625.27,0
625.377,0
625.483,0
625.589,51
625.696,48
625.802,0
625.908,0
626.015,0
626.121,0
626.227,0
626.333,13
626.44,10
626.546,2
626.652,0
626.759,0
626.865,2
626.971,0
627.078,0
627.184,15
627.29,0
627.397,0
627.503,33
627.609,8
627.715,0
627.822,0
627.928,9
628.034,0
628.141,0
628.247,0
628.353,0
628.46,10
628.566,3
628.672,0
628.778,28
628.885,12
628.991,12
629.097,30
629.204,0
629.31,0
629.416,32
629.523,14
629.629,0
629.735,0
629.841,4
629.948,0
630.054,0
630.16,14
630.267,0
630.373,0
630.479,92
630.586,121
630.692,85
630.798,8
630.904,0
631.011,0
631.117,0
631.223,0
631.33,10
631.436,4
631.542,0
631.649,0
631.755,0
631.861,6
631.967,93
632.074,68
632.18,38
632.286,5
632.393,0
632.499,7
632.605,0
632.711,0
632.818,19
632.924,13
633.03,0
633.137,0
633.243,15
633.349,3
633.456,0
633.562,0
633.668,2
633.774,0
633.881,0
633.987,0
634.093,0
634.2,0
634.306,22
634.412,4
634.518,2
634.625,8
634.731,0
634.837,0
634.944,4
635.05,0
635.156,22
635.262,22
635.369,34
635.475,0
635.581,22
635.688,9
635.794,0
635.9,0
636.006,0
636.113,0
636.219,51
636.325,37
636.432,0
636.538,0
636.644,0
636.75,6
636.857,4
636.963,22
637.069,0
637.176,19
637.282,0
637.388,0
637.494,1
637.601,6
637.707,24
637.813,0
637.92,0
638.026,4
638.132,17
638.238,0
638.345,0
638.451,23
638.557,0
638.663,8
638.77,25
638.876,16
638.982,5
639.089,11
639.195,2
639.301,0
639.407,4
639.514,25
639.62,0
639.726,0
639.833,0
639.939,0
640.045,21
640.151,10
640.258,0
640.364,12
640.47,0
640.576,0
640.683,4
640.789,16
640.895,0
641.002,0
641.108,0
641.214,0
641.32,5
641.427,10
641.533,14
641.639,17
641.745,2
641.852,14
641.958,7
642.064,0
642.171,27
642.277,13
642.383,0
642.489,7
642.596,7
642.702,0
642.808,1
642.914,1
643.021,0
643.127,10
643.233,0
643.339,23
643.446,0
643.552,0
643.658,23
643.765,66
643.871,42
643.977,0
644.083,0
644.19,0
644.296,0
644.402,10
644.508,0
644.615,0
644.721,0
644.827,4
644.933,10
645.04,0
645.146,0
645.252,34
645.358,1
645.465,18
645.571,0
645.677,0
645.784,7
645.89,14
645.996,0
646.102,6
646.209,0
646.315,0
646.421,4
646.527,12
646.634,0
646.74,0
646.846,34
646.952,22
647.059,6
647.165,0
647.271,0
647.377,6
647.484,0
647.59,0
647.696,0
647.802,0
647.909,0
648.015,0
648.121,10
648.227,0
648.334,3
648.44,27
648.546,0
648.652,0
648.759,21
648.865,0
648.971,14
649.077,1
649.184,0
649.29,1
649.396,8
649.502,5
649.609,9
649.715,0
649.821,0
649.927,26
650.034,36
650.14,14
650.246,21
650.352,31
650.459,186
650.565,168
650.671,59
650.777,1
650.884,0
650.99,0
651.096,10
651.202,0
651.309,14
651.415,0
651.521,0
651.627,30
651.734,24
651.84,0
651.946,0
652.052,9
652.159,0
652.265,6
652.371,0
652.477,41
652.584,146
652.69,80
652.796,41
652.902,0
653.009,0
653.115,4
653.221,18
653.327,3
653.434,0
653.54,13
653.646,19
653.752,0
653.858,0
653.965,3
654.071,0
654.177,12
654.283,0
654.39,10
654.496,0
654.602,0
654.708,0
654.815,10
654.921,0
655.027,26
655.133,45
655.24,20
655.346,8
655.452,17
655.558,0
655.665,0
655.771,0
655.877,1
655.983,0
656.089,0
656.196,9
656.302,0
656.408,9
656.514,17
656.621,0
656.727,15
656.833,0
656.939,0
657.046,0
657.152,0
657.258,0
657.364,0
657.47,24
657.577,12
657.683,0
657.789,0
657.895,15
658.002,10
658.108,0
658.214,22
658.32,16
658.427,3
658.533,0
658.639,0
658.745,0
658.851,9
658.958,0
659.064,0
659.17,13
659.276,0
659.383,0
659.489,7
659.595,0
659.701,17
659.807,0
659.914,2
660.02,26
660.126,7
660.232,0
660.339,0
660.445,0
660.551,16
660.657,14
660.763,0
660.87,15
660.976,7
661.082,0
661.188,0
661.295,17
661.401,154
661.507,134
661.613,51
661.719,56
661.826,29
661.932,0
662.038,0
662.144,46
662.251,86
662.357,51
662.463,33
662.569,0
662.675,24
662.782,10
662.888,5
662.994,23
663.1,10
663.206,0
663.313,37
663.419,154
663.525,121
663.631,32
663.738,0
663.844,7
663.95,134
664.056,111
664.162,38
664.269,0
664.375,0
664.481,0
664.587,0
664.693,0
664.8,34
664.906,4
665.012,19
665.118,0
665.225,10
665.331,0
665.437,22
665.543,0
665.649,0
665.756,8
665.862,0
665.968,11
666.074,0
666.18,0
666.287,30
666.393,14
666.499,0
666.605,2
666.711,10
666.818,16
666.924,37
667.03,0
667.136,9
667.242,3
667.349,0
667.455,0
667.561,11
667.667,15
667.773,0
667.88,0
667.986,0
668.092,27
668.198,6
668.304,0
668.411,2
668.517,0
668.623,17
668.729,11
668.835,0
668.942,0
669.048,3
669.154,0
669.26,0
669.366,8
669.473,10
669.579,0
669.685,1
669.791,6
669.897,0
670.004,1
670.11,13
670.216,1
670.322,0
670.428,0
670.535,12
670.641,7
670.747,0
670.853,0
670.959,0
671.066,14
671.172,12
671.278,27
671.384,165
671.49,130
671.597,54
671.703,19
671.809,0
671.915,0
672.021,2
672.128,21
672.234,0
672.34,0
672.446,0
672.552,2
672.658,4
672.765,34
672.871,24
672.977,0
673.083,2
673.189,0
673.296,4
673.402,25
673.508,0
673.614,0
673.72,17
673.827,0
673.933,10
674.039,0
674.145,36
674.251,12
674.357,0
674.464,27
674.57,1
674.676,2
674.782,0
674.888,0
674.995,0
675.101,0
675.207,2
675.313,0
675.419,0
675.526,0
675.632,12
675.738,0
675.844,22
675.95,16
676.056,0
676.163,0
676.269,10
676.375,0
676.481,22
676.587,14
676.693,0
676.8,0
676.906,28
677.012,0
677.118,0
677.224,14
677.331,41
677.437,0
677.543,6
677.649,0
677.755,0
677.861,18
677.968,2
678.074,0
678.18,0
678.286,17
678.392,14
678.498,0
678.605,0
678.711,18
678.817,15
678.923,0
679.029,9
679.136,18
679.242,21
679.348,5
679.454,0
679.56,0
679.666,9
679.773,0
679.879,0
679.985,0
680.091,22
680.197,23
680.303,0
680.41,0
680.516,29
680.622,0
680.728,0
680.834,0
680.94,12
681.047,13
681.153,0
681.259,0
681.365,0
681.471,0
681.577,8
681.684,0
681.79,0
681.896,0
682.002,0
682.108,0
682.214,17
682.321,0
682.427,8
682.533,2
682.639,0
682.745,0
682.851,4
682.958,0
683.064,0
683.17,3
683.276,0
683.382,0
683.488,0
683.595,14
683.701,0
683.807,0
683.913,0
684.019,38
684.125,264
684.231,244
684.338,103
684.444,0
684.55,0
684.656,0
684.762,20
684.868,0
684.975,3
685.081,18
685.187,0
685.293,0
685.399,15
685.505,0
685.611,3
685.718,18
685.824,0
685.93,0
686.036,0
686.142,0
686.248,6
686.355,0
686.461,0
686.567,19
686.673,0
686.779,9
686.885,0
686.991,2
687.098,0
687.204,19
687.31,5
687.416,9
687.522,34
687.628,0
687.735,0
687.841,11
687.947,0
688.053,0
688.159,9
688.265,0
688.371,0
688.478,21
688.584,2
688.69,0
688.796,8
688.902,13
689.008,19
689.114,0
689.221,0
689.327,20
689.433,51
689.539,0
689.645,0
689.751,0
689.857,0
689.964,0
690.07,0
690.176,16
690.282,10
690.388,0
690.494,0
690.6,19
690.707,14
690.813,4
690.919,0
691.025,8
691.131,9
691.237,8
691.343,0
691.45,0
691.556,0
691.662,0
691.768,9
691.874,3
691.98,13
692.086,0
692.193,7
692.299,33
692.405,18
692.511,10
692.617,4
692.723,4
692.829,18
692.935,2
693.042,0
693.148,6
693.254,6
693.36,0
693.466,0
693.572,0
693.678,6
693.785,9
693.891,0
693.997,7
694.103,0
694.209,4
694.315,18
694.421,12
694.527,17
694.634,3
694.74,3
694.846,10
694.952,15
695.058,0
695.164,2
695.27,8
695.376,0
695.483,3
695.589,7
695.695,0
695.801,0
695.907,13
696.013,0
696.119,0
696.225,0
696.332,3
696.438,11
696.544,0
696.65,0
696.756,53
696.862,60
696.968,23
697.074,11
697.181,0
697.287,25
697.393,27
697.499,13
697.605,0
697.711,0
697.817,0
697.923,14
698.03,0
698.136,18
698.242,11
698.348,31
698.454,0
698.56,0
698.666,0
698.772,0
698.879,0
698.985,17
699.091,22
699.197,0
699.303,0
699.409,6
699.515,0
