39.5139,0
39.7161,17
39.918,51
40.1196,0
40.3209,0
40.5218,19
40.7224,0
40.9227,3
41.1227,34
41.3224,0
41.5217,0
41.7208,0
41.9195,2
42.1179,0
42.316,2
42.5138,5
42.7113,2
42.9084,16
43.1053,0
43.3019,8
43.4982,2
43.6941,0
43.8898,4
44.0852,0
44.2803,38
44.4751,4
44.6696,3
44.8638,0
45.0577,7
45.2514,32
45.4447,0
45.6378,3
45.8306,0
46.0231,20
46.2153,12
46.4072,2
46.5989,0
46.7903,5
46.9814,15
47.1722,4
47.3628,0
47.5531,0
47.7431,15
47.9329,18
48.1223,0
48.3116,32
48.5005,0
48.6892,3
48.8776,21
49.0658,16
49.2537,16
49.4414,9
49.6288,30
49.8159,10
50.0028,12
50.1894,11
50.3757,0
50.5619,28
50.7477,9
50.9333,0
51.1187,0
51.3038,0
51.4887,0
51.6733,0
51.8577,0
52.0418,0
52.2257,12
52.4094,10
52.5928,15
52.7759,25
52.9589,35
53.1416,25
53.324,2
53.5062,29
53.6882,3
53.87,0
54.0515,0
54.2328,9
54.4138,15
54.5947,0
54.7753,0
54.9556,30
55.1358,12
55.3157,0
55.4954,0
55.6748,12
55.8541,0
56.0331,11
56.2119,16
56.3905,5
56.5688,4
56.747,0
56.9249,0
57.1026,0
57.2801,0
57.4574,0
57.6344,23
57.8113,0
57.9879,0
58.1643,30
58.3406,0
58.5166,0
58.6923,26
58.8679,37
59.0433,1
59.2185,0
59.3934,3
59.5682,30
59.7427,1
59.9171,0
60.0912,0
60.2652,31
60.4389,7
60.6125,5
60.7858,8
60.9589,18
61.1319,5
61.3046,34
61.4772,20
61.6495,19
61.8217,0
61.9936,13
62.1654,0
62.337,24
62.5084,14
62.6795,0
62.8505,0
63.0213,24
63.192,8
63.3624,5
63.5326,0
63.7027,0
63.8725,20
64.0422,0
64.2117,22
64.381,3
64.5502,0
64.7191,11
64.8878,0
65.0564,14
65.2248,0
65.393,0
65.5611,14
65.7289,6
65.8966,0
66.0641,0
66.2314,14
66.3985,3
66.5655,0
66.7323,3
66.8989,13
67.0653,8
67.2316,16
67.3977,0
67.5636,13
67.7293,8
67.8949,0
68.0603,0
68.2255,14
68.3906,51
68.5554,9
68.7202,10
68.8847,21
69.0491,20
69.2133,7
69.3774,0
69.5412,0
69.705,19
69.8685,2
70.0319,0
70.1951,0
70.3582,0
70.5211,17
70.6838,42
70.8464,5
71.0088,10
71.171,29
71.3331,10
71.4951,0
71.6568,35
71.8185,6
71.9799,0
72.1412,0
72.3023,16
72.4633,20
72.6242,0
72.7848,0
72.9453,0
73.1057,44
73.2659,13
73.426,10
73.5859,43
73.7456,9
73.9052,0
74.0647,16
74.224,10
74.3831,26
74.5421,4
74.7009,0
74.8596,24
75.0182,0
75.1766,0
75.3348,48
75.4929,30
75.6509,0
75.8087,10
75.9664,0
76.1239,13
76.2813,0
76.4385,0
76.5956,6
76.7525,0
76.9093,0
77.066,0
77.2225,0
77.3788,0
77.5351,0
77.6911,0
77.8471,0
78.0029,23
78.1586,32
78.3141,0
78.4695,19
78.6247,7
78.7798,11
78.9348,3
79.0896,18
79.2443,28
79.3989,0
79.5533,15
79.7076,0
79.8618,0
80.0158,0
80.1697,11
80.3234,14
80.477,0
80.6305,8
80.7838,5
80.9371,0
81.0901,0
81.2431,13
81.3959,27
81.5486,5
81.7012,46
81.8536,9
82.0059,14
82.1581,21
82.3101,0
82.462,4
82.6138,9
82.7654,0
82.917,0
83.0684,11
83.2196,26
83.3708,18
83.5218,9
83.6727,2
83.8234,1
83.9741,0
84.1246,0
84.275,4
84.4253,11
84.5754,17
84.7254,0
84.8753,0
85.0251,2
85.1747,6
85.3243,0
85.4737,17
85.623,0
85.7721,6
85.9212,17
86.0701,1
86.2189,0
86.3676,3
86.5161,0
86.6646,24
86.8129,14
86.9611,12
87.1092,7
87.2572,0
87.405,0
87.5527,19
87.7004,5
87.8479,4
87.9952,5
88.1425,0
88.2897,8
88.4367,0
88.5836,0
88.7304,0
88.8771,0
89.0237,3
89.1701,0
89.3165,4
89.4627,36
89.6089,13
89.7549,0
89.9008,10
90.0465,5
90.1922,0
90.3378,0
90.4832,4
90.6286,27
90.7738,0
90.9189,0
91.0639,21
91.2088,4
91.3536,0
91.4983,4
91.6429,22
91.7873,5
91.9317,0
92.0759,0
92.2201,0
92.3641,0
92.508,11
92.6518,0
92.7955,0
92.9391,14
93.0826,0
93.226,21
93.3693,21
93.5125,0
93.6555,4
93.7985,0
93.9414,0
94.0841,0
94.2268,4
94.3693,4
94.5118,8
94.6541,21
94.7964,9
94.9385,0
95.0805,0
95.2225,0
95.3643,0
95.506,0
95.6476,0
95.7892,14
95.9306,0
96.0719,0
96.2131,0
96.3543,0
96.4953,14
96.6362,2
96.777,0
96.9177,0
97.0584,11
97.1989,33
97.3393,0
97.4796,0
97.6199,0
97.76,0
97.9,0
98.04,0
98.1798,0
98.3195,10
98.4592,19
98.5987,3
98.7382,0
98.8775,0
99.0168,0
99.1559,19
99.295,12
99.434,0
99.5729,0
99.7116,0
99.8503,0
99.9889,19
100.127,13
100.266,6
100.404,0
100.542,0
100.68,12
100.818,9
100.956,0
101.094,0
101.232,0
101.37,0
101.507,16
101.645,2
101.782,0
101.919,2
102.057,3
102.194,19
102.331,11
102.468,21
102.605,35
102.741,0
102.878,12
103.014,0
103.151,0
103.287,18
103.424,6
103.56,16
103.696,0
103.832,9
103.968,8
104.104,9
104.24,0
104.375,0
104.511,26
104.646,19
104.782,0
104.917,0
105.052,2
105.188,0
105.323,0
105.458,0
105.592,0
105.727,8
105.862,12
105.997,0
106.131,0
106.266,0
106.4,17
106.534,12
106.669,1
106.803,0
106.937,0
107.071,9
107.205,1
107.338,0
107.472,0
107.606,5
107.739,13
107.873,0
108.006,8
108.139,27
108.273,0
108.406,14
108.539,26
108.672,2
108.805,11
108.938,16
109.07,0
109.203,32
109.336,13
109.468,0
109.6,0
109.733,18
109.865,0
109.997,0
110.129,29
110.261,0
110.393,0
110.525,0
110.657,0
110.788,3
110.92,26
111.052,0
111.183,15
111.314,8
111.446,12
111.577,4
111.708,0
111.839,0
111.97,18
112.101,9
112.232,8
112.363,3
112.493,0
112.624,0
112.754,7
112.885,0
113.015,0
113.145,14
113.276,10
113.406,0
113.536,3
113.666,0
113.796,0
113.926,5
114.055,0
114.185,0
114.315,0
114.444,0
114.574,6
114.703,10
114.832,0
114.962,15
115.091,9
115.22,0
115.349,8
115.478,23
115.607,6
115.735,1
115.864,0
115.993,0
116.121,0
116.25,18
116.378,0
116.507,0
116.635,27
116.763,12
116.891,3
117.019,26
117.147,7
117.275,37
117.403,0
117.531,0
117.659,39
117.786,33
117.914,15
118.041,0
118.169,29
118.296,18
118.423,8
118.551,1
118.678,17
118.805,15
118.932,3
119.059,0
119.186,18
119.312,0
119.439,0
119.566,20
119.692,0
119.819,0
119.945,0
120.072,5
120.198,28
120.324,8
120.451,0
120.577,17
120.703,7
120.829,0
120.955,34
121.08,0
121.206,0
121.332,0
121.458,0
121.583,0
121.709,0
121.834,0
121.959,39
122.085,25
122.21,14
122.335,7
122.46,0
122.585,4
122.71,0
122.835,20
122.96,17
123.085,6
123.209,39
123.334,48
123.459,28
123.583,0
123.708,9
123.832,10
123.956,16
124.081,9
124.205,0
124.329,8
124.453,1
124.577,0
124.701,14
124.825,20
124.949,16
125.072,0
125.196,0
125.32,0
125.443,0
125.567,0
125.69,14
125.814,8
125.937,0
126.06,0
126.183,0
126.306,0
126.429,4
126.552,3
126.675,0
126.798,24
126.921,17
127.044,0
127.166,0
127.289,0
127.412,12
127.534,0
127.657,0
127.779,0
127.901,40
128.023,6
128.146,0
128.268,16
128.39,4
128.512,21
128.634,18
128.756,0
128.878,0
128.999,5
129.121,17
129.243,0
129.364,6
129.486,10
129.607,0
129.729,8
129.85,0
129.971,0
130.092,30
130.214,34
130.335,8
130.456,5
130.577,7
130.698,1
130.819,0
130.939,2
131.06,0
131.181,0
131.302,0
131.422,30
131.543,0
131.663,18
131.784,1
131.904,0
132.024,23
132.144,6
132.265,5
132.385,13
132.505,2
132.625,0
132.745,3
132.865,0
132.985,5
133.104,10
133.224,6
133.344,18
133.463,19
133.583,21
133.702,0
133.822,3
133.941,9
134.061,10
134.18,8
134.299,38
134.418,0
134.537,0
134.656,0
134.775,11
134.894,0
135.013,12
135.132,6
135.251,0
135.369,12
135.488,79
135.607,105
135.725,73
135.844,27
135.962,0
136.081,1
136.199,10
136.317,22
136.436,0
136.554,0
136.672,19
136.79,10
136.908,38
137.026,9
137.144,1
137.262,6
137.379,6
137.497,12
137.615,34
137.733,37
137.85,0
137.968,0
138.085,0
138.203,0
138.32,21
138.437,0
138.555,0
138.672,2
138.789,40
138.906,12
139.023,25
139.14,2
139.257,0
139.374,12
139.491,11
139.608,0
139.724,0
139.841,4
139.958,0
140.074,19
140.191,0
140.307,0
140.424,0
140.54,4
140.657,0
140.773,14
140.889,12
141.005,6
141.121,7
141.237,21
141.353,0
141.469,0
141.585,0
141.701,0
141.817,0
141.933,26
142.049,36
142.164,0
142.28,18
142.396,6
142.511,3
142.627,12
142.742,14
142.857,0
142.973,22
143.088,2
143.203,4
143.318,0
143.434,6
143.549,0
143.664,0
143.779,0
143.894,1
144.008,5
144.123,0
144.238,6
144.353,27
144.468,7
144.582,2
144.697,7
144.811,15
144.926,12
145.04,0
145.155,5
145.269,13
145.383,14
145.498,13
145.612,19
145.726,0
145.84,22
145.954,31
146.068,0
146.182,20
146.296,15
146.41,2
146.524,0
146.638,0
146.751,0
146.865,0
146.979,26
147.092,3
147.206,0
147.319,22
147.433,5
147.546,0
147.66,3
147.773,16
147.886,19
148,0
148.113,3
148.226,26
148.339,0
148.452,0
148.565,0
148.678,0
148.791,0
148.904,0
149.016,0
149.129,6
149.242,8
149.355,0
149.467,8
149.58,7
149.692,0
149.805,0
149.917,0
150.03,0
150.142,17
150.254,2
150.367,0
150.479,0
150.591,17
150.703,23
150.815,40
150.927,1
151.039,8
151.151,14
151.263,12
151.375,0
151.487,33
151.599,18
151.711,6
151.822,8
151.934,0
152.045,11
152.157,0
152.269,9
152.38,0
152.491,0
152.603,12
152.714,12
152.825,4
152.937,0
153.048,0
153.159,0
153.27,19
153.381,2
153.492,0
153.603,0
153.714,0
153.825,6
153.936,13
154.047,4
154.158,8
154.268,18
154.379,15
154.49,12
154.6,0
154.711,5
154.822,27
154.932,4
155.042,0
155.153,0
155.263,26
155.374,14
155.484,0
155.594,0
155.704,22
155.814,39
155.924,28
156.035,0
156.145,0
156.255,9
156.364,19
156.474,28
156.584,9
156.694,0
156.804,12
156.914,6
157.023,1
157.133,12
157.243,0
157.352,0
157.462,11
157.571,0
157.681,14
157.79,17
157.899,0
158.009,0
158.118,7
158.227,30
158.336,0
158.446,1
158.555,43
158.664,0
158.773,0
158.882,17
158.991,14
159.1,19
159.209,0
159.317,2
159.426,4
159.535,31
159.644,2
159.752,5
159.861,27
159.97,26
160.078,1
160.187,0
160.295,0
160.404,7
160.512,10
160.62,12
160.729,0
160.837,1
160.945,29
161.053,29
161.162,0
161.27,12
161.378,0
161.486,56
161.594,39
161.702,12
161.81,0
161.918,0
162.026,35
162.133,2
162.241,0
162.349,0
162.457,0
162.564,6
162.672,31
162.779,0
162.887,7
162.994,23
163.102,0
163.209,0
163.317,10
163.424,3
163.531,5
163.639,0
163.746,4
163.853,20
163.96,0
164.067,0
164.175,31
164.282,41
164.389,0
164.496,5
164.603,0
164.709,0
164.816,21
164.923,14
165.03,2
165.137,0
165.243,18
165.35,0
165.457,0
165.563,22
165.67,5
165.776,6
165.883,0
165.989,0
166.096,29
166.202,0
166.309,0
166.415,0
166.521,9
166.627,11
166.734,0
166.84,9
166.946,9
167.052,10
167.158,0
167.264,44
167.37,6
167.476,0
167.582,20
167.688,6
167.794,0
167.899,0
168.005,14
168.111,18
168.217,0
168.322,9
168.428,16
168.533,5
168.639,0
168.745,0
168.85,0
168.955,0
169.061,20
169.166,26
169.272,0
169.377,25
169.482,7
169.587,0
169.693,16
169.798,34
169.903,0
170.008,0
170.113,0
170.218,15
170.323,0
170.428,11
170.533,0
170.638,11
170.743,0
170.847,17
170.952,14
171.057,19
171.162,9
171.266,12
171.371,24
171.476,0
171.58,0
171.685,18
171.789,0
171.894,10
171.998,29
172.102,9
172.207,0
172.311,0
172.415,22
172.52,7
172.624,8
172.728,23
172.832,0
172.936,5
173.04,33
173.145,0
173.249,0
173.353,0
173.457,15
173.56,2
173.664,0
173.768,24
173.872,13
173.976,21
174.08,16
174.183,3
174.287,0
174.391,18
174.494,0
174.598,0
174.701,13
174.805,0
174.908,3
175.012,0
175.115,0
175.219,0
175.322,0
175.425,19
175.529,0
175.632,21
175.735,0
175.838,22
175.941,15
176.045,4
176.148,0
176.251,23
176.354,0
176.457,2
176.56,3
176.663,3
176.766,0
176.868,37
176.971,27
177.074,33
177.177,23
177.28,11
177.382,6
177.485,1
177.588,11
177.69,0
177.793,26
177.895,0
177.998,0
178.1,9
178.203,0
178.305,0
178.408,6
178.51,16
178.612,17
178.714,20
178.817,11
178.919,10
179.021,0
179.123,19
179.225,21
179.328,0
179.43,15
179.532,12
179.634,0
179.736,0
179.838,9
179.939,18
180.041,0
180.143,5
180.245,28
180.347,15
180.449,3
180.55,0
180.652,33
180.754,16
180.855,21
180.957,0
181.058,0
181.16,18
181.262,0
181.363,0
181.464,0
181.566,28
181.667,8
181.769,0
181.87,0
181.971,4
182.072,8
182.174,18
182.275,0
182.376,0
182.477,0
182.578,0
182.679,0
182.78,20
182.881,17
182.982,0
183.083,7
183.184,7
183.285,19
183.386,0
183.487,16
183.588,8
183.689,0
183.789,30
183.89,5
183.991,0
184.091,0
184.192,17
184.293,13
184.393,0
184.494,13
184.594,7
184.695,0
184.795,0
184.896,37
184.996,36
185.096,35
185.197,8
185.297,2
185.397,0
185.498,9
185.598,0
185.698,0
185.798,0
185.898,0
185.998,1
186.098,40
186.198,4
186.298,16
186.398,12
186.498,0
186.598,2
186.698,0
186.798,0
186.898,0
186.998,8
187.098,0
187.197,0
187.297,0
187.397,24
187.496,0
187.596,1
187.696,41
187.795,2
187.895,0
187.994,0
188.094,13
188.193,0
188.293,0
188.392,12
188.491,12
188.591,35
188.69,0
188.789,12
188.889,0
188.988,0
189.087,18
189.186,0
189.285,0
189.385,20
189.484,11
189.583,0
189.682,0
189.781,0
189.88,0
189.979,0
190.078,0
190.177,0
190.276,17
190.374,10
190.473,0
190.572,42
190.671,24
190.769,25
190.868,26
190.967,0
191.066,11
191.164,14
191.263,0
191.361,0
191.46,0
191.558,0
191.657,0
191.755,0
191.854,0
191.952,10
192.051,3
192.149,0
192.247,0
192.346,15
192.444,14
192.542,22
192.64,28
192.738,13
192.837,0
192.935,45
193.033,0
193.131,0
193.229,13
193.327,0
193.425,0
193.523,10
193.621,2
193.719,4
193.817,10
193.915,0
194.012,0
194.11,11
194.208,0
194.306,6
194.404,10
194.501,5
194.599,0
194.697,0
194.794,20
194.892,34
194.989,11
195.087,0
195.185,0
195.282,14
195.379,13
195.477,0
195.574,31
195.672,5
195.769,0
195.866,8
195.964,0
196.061,23
196.158,33
196.256,5
196.353,0
196.45,0
196.547,0
196.644,0
196.741,7
196.838,46
196.935,19
197.032,23
197.129,6
197.226,8
197.323,29
197.42,6
197.517,0
197.614,77
197.711,68
197.808,27
197.905,7
198.001,0
198.098,3
198.195,8
198.292,0
198.388,29
198.485,28
198.581,0
198.678,9
198.775,14
198.871,8
198.968,21
199.064,35
199.161,25
199.257,0
199.353,42
199.45,23
199.546,0
199.643,10
199.739,6
199.835,17
199.931,15
200.028,10
200.124,0
200.22,0
200.316,33
200.412,22
200.509,10
200.605,0
200.701,1
200.797,13
200.893,0
200.989,1
201.085,0
201.181,17
201.277,28
201.372,0
201.468,4
201.564,0
201.66,0
201.756,0
201.852,0
201.947,17
202.043,6
202.139,0
202.234,0
202.33,0
202.426,20
202.521,19
202.617,7
202.712,13
202.808,0
202.903,0
202.999,6
203.094,0
203.19,0
203.285,11
203.381,0
203.476,14
203.571,13
203.667,8
203.762,0
203.857,3
203.952,0
204.048,0
204.143,3
204.238,0
204.333,32
204.428,46
204.523,49
204.618,0
204.713,0
204.808,7
204.903,0
204.998,0
205.093,0
205.188,6
205.283,0
205.378,7
205.473,24
205.568,37
205.663,0
205.757,0
205.852,22
205.947,14
206.042,0
206.136,0
206.231,0
206.326,0
206.42,17
206.515,2
206.609,0
206.704,21
206.798,8
206.893,10
206.987,11
207.082,6
207.176,23
207.271,0
207.365,26
207.459,31
207.554,9
207.648,0
207.742,0
207.837,27
207.931,0
208.025,0
208.119,0
208.214,0
208.308,2
208.402,18
208.496,15
208.59,0
208.684,0
208.778,2
208.872,8
208.966,11
209.06,2
209.154,0
209.248,4
209.342,0
209.436,15
209.53,0
209.624,0
209.717,2
209.811,8
209.905,0
209.999,33
210.092,6
210.186,2
210.28,22
210.374,9
210.467,0
210.561,4
210.654,0
210.748,20
210.842,0
210.935,9
211.029,4
211.122,0
211.215,21
211.309,0
211.402,0
211.496,16
211.589,5
211.682,0
211.776,0
211.869,0
211.962,0
212.056,0
212.149,14
212.242,0
212.335,1
212.428,0
212.522,1
212.615,10
212.708,13
212.801,0
212.894,13
212.987,6
213.08,0
213.173,8
213.266,12
213.359,2
213.452,0
213.545,9
213.638,0
213.731,0
213.823,55
213.916,17
214.009,0
214.102,4
214.195,33
214.287,14
214.38,34
214.473,2
214.565,0
214.658,8
214.751,27
214.843,0
214.936,0
215.028,2
215.121,0
215.214,0
215.306,21
215.399,0
215.491,13
215.583,8
215.676,3
215.768,7
215.861,14
215.953,0
216.045,5
216.138,0
216.23,0
216.322,11
216.414,0
216.507,0
216.599,0
216.691,0
216.783,17
216.875,29
216.968,26
217.06,0
217.152,10
217.244,26
217.336,0
217.428,0
217.52,0
217.612,0
217.704,10
217.796,0
217.888,5
217.98,0
218.071,30
218.163,4
218.255,3
218.347,0
218.439,33
218.53,17
218.622,0
218.714,0
218.806,13
218.897,0
218.989,0
219.081,0
219.172,9
219.264,24
219.355,2
219.447,0
219.539,0
219.63,9
219.722,10
219.813,0
219.905,0
219.996,0
220.087,9
220.179,2
220.27,4
220.362,11
220.453,5
220.544,0
220.636,0
220.727,6
220.818,1
220.909,0
221.001,0
221.092,11
221.183,0
221.274,21
221.365,0
221.456,15
221.547,0
221.638,0
221.73,21
221.821,13
221.912,0
222.003,0
222.094,19
222.185,7
222.276,0
222.366,0
222.457,5
222.548,0
222.639,28
222.73,8
222.821,191
222.912,137
223.002,64
223.093,35
223.184,0
223.275,0
223.365,9
223.456,0
223.547,3
223.637,15
223.728,8
223.818,11
223.909,0
224,19
224.09,0
224.181,14
224.271,32
224.362,11
224.452,6
224.543,0
224.633,4
224.723,13
224.814,0
224.904,0
224.995,3
225.085,18
225.175,7
225.266,17
225.356,8
225.446,13
225.536,0
225.627,34
225.717,6
225.807,0
225.897,37
225.987,5
226.077,0
226.167,0
226.258,0
226.348,9
226.438,0
226.528,0
226.618,17
226.708,8
226.798,14
226.888,10
226.978,14
227.067,26
227.157,11
227.247,0
227.337,0
227.427,1
227.517,26
227.607,0
227.696,14
227.786,2
227.876,0
227.966,7
228.055,6
228.145,11
228.235,20
228.324,23
228.414,17
228.504,0
228.593,9
228.683,37
228.772,9
228.862,7
228.951,0
229.041,23
229.13,13
229.22,9
229.309,8
229.399,0
229.488,0
229.577,11
229.667,7
229.756,8
229.845,0
229.935,0
230.024,15
230.113,14
230.203,5
230.292,0
230.381,8
230.47,21
230.559,6
230.649,11
230.738,8
230.827,6
230.916,33
231.005,0
231.094,10
231.183,0
231.272,0
231.361,0
231.45,9
231.539,0
231.628,0
231.717,0
231.806,0
231.895,2
231.984,40
232.073,12
232.162,10
232.251,0
232.339,0
232.428,0
232.517,0
232.606,0
232.695,0
232.783,0
232.872,19
232.961,0
233.049,0
233.138,0
233.227,0
233.315,8
233.404,0
233.493,2
233.581,0
233.67,0
233.758,7
233.847,0
233.935,14
234.024,19
234.112,13
234.201,0
234.289,22
234.378,0
234.466,0
234.554,11
234.643,8
234.731,0
234.819,17
234.908,8
234.996,13
235.084,0
235.172,0
235.261,0
235.349,0
235.437,0
235.525,6
235.613,17
235.702,6
235.79,0
235.878,0
235.966,19
236.054,1
236.142,0
236.23,2
236.318,8
236.406,30
236.494,7
236.582,4
236.67,28
236.758,0
236.846,25
236.934,6
237.022,0
237.11,0
237.198,4
237.285,26
237.373,6
237.461,0
237.549,21
237.637,17
237.724,0
237.812,5
237.9,0
237.988,20
238.075,20
238.163,0
238.251,0
238.338,0
238.426,5
238.513,0
238.601,5
238.689,0
238.776,8
238.864,19
238.951,0
239.039,0
239.126,8
239.214,15
239.301,0
239.389,0
239.476,16
239.563,16
239.651,7
239.738,0
239.826,13
239.913,0
240,0
240.087,0
240.175,23
240.262,0
240.349,11
240.437,30
240.524,18
240.611,0
240.698,0
240.785,11
240.872,21
240.96,0
241.047,0
241.134,0
241.221,26
241.308,0
241.395,0
241.482,0
241.569,0
241.656,5
241.743,27
241.83,0
241.917,0
242.004,0
242.091,0
242.178,8
242.265,18
242.352,0
242.438,0
242.525,0
242.612,10
242.699,9
242.786,2
242.872,0
242.959,1
243.046,0
243.133,0
243.219,0
243.306,5
243.393,0
243.479,0
243.566,0
243.653,4
243.739,0
243.826,0
243.912,0
243.999,21
244.086,14
244.172,0
244.259,0
244.345,0
244.432,1
244.518,0
244.605,0
244.691,0
244.777,13
244.864,0
244.95,0
245.037,0
245.123,0
245.209,13
245.296,0
245.382,24
245.468,0
245.554,0
245.641,14
245.727,0
245.813,20
245.899,17
245.986,2
246.072,0
246.158,2
246.244,10
246.33,29
246.416,22
246.502,11
246.589,0
246.675,0
246.761,0
246.847,7
246.933,7
247.019,2
247.105,0
247.191,6
247.277,0
247.363,0
247.449,2
247.534,0
247.62,0
247.706,0
247.792,3
247.878,0
247.964,0
248.05,13
248.135,8
248.221,11
248.307,26
248.393,14
248.479,25
248.564,0
248.65,8
248.736,3
248.821,8
248.907,0
248.993,0
249.078,0
249.164,0
249.25,3
249.335,0
249.421,48
249.506,42
249.592,2
249.677,0
249.763,0
249.848,0
249.934,2
250.019,0
250.105,20
250.19,5
250.276,10
250.361,0
250.446,0
250.532,0
250.617,14
250.703,2
250.788,0
250.873,0
250.959,0
251.044,14
251.129,0
251.214,11
251.3,0
251.385,4
251.47,11
251.555,7
251.64,0
251.726,0
251.811,2
251.896,12
251.981,14
252.066,21
252.151,27
252.236,3
252.321,22
252.406,10
252.491,0
252.576,0
252.661,10
252.746,4
252.831,10
252.916,9
253.001,2
253.086,0
253.171,15
253.256,0
253.341,0
253.426,0
253.511,14
253.596,0
253.68,12
253.765,2
253.85,0
253.935,35
254.02,2
254.104,0
254.189,0
254.274,28
254.358,19
254.443,0
254.528,0
254.613,6
254.697,4
254.782,0
254.866,19
254.951,33
255.036,8
255.12,0
255.205,10
255.289,6
255.374,7
255.458,10
255.543,13
255.627,15
255.712,3
255.796,18
255.881,53
255.965,18
256.05,0
256.134,42
256.218,8
256.303,0
256.387,0
256.472,0
256.556,11
256.64,0
256.724,0
256.809,0
256.893,0
256.977,0
257.062,15
257.146,23
257.23,21
257.314,1
257.398,0
257.483,0
257.567,78
257.651,10
257.735,0
257.819,0
257.903,29
257.987,21
258.071,0
258.156,0
258.24,6
258.324,7
258.408,0
258.492,20
258.576,0
258.66,9
258.744,3
258.828,0
258.911,0
258.995,2
259.079,2
259.163,0
259.247,3
259.331,20
259.415,2
259.499,12
259.582,3
259.666,8
259.75,0
259.834,0
259.918,0
260.001,0
260.085,0
260.169,0
260.253,0
260.336,0
260.42,48
260.504,28
260.587,6
260.671,0
260.755,0
260.838,2
260.922,0
261.005,2
261.089,22
261.173,24
261.256,0
261.34,0
261.423,13
261.507,0
261.59,12
261.674,13
261.757,0
261.841,1
261.924,3
262.007,14
262.091,13
262.174,0
262.258,0
262.341,12
262.424,0
262.508,6
262.591,0
262.674,0
262.758,19
262.841,0
262.924,0
263.008,29
263.091,32
263.174,0
263.257,21
263.34,0
263.424,0
263.507,0
263.59,41
263.673,0
263.756,0
263.839,1
263.923,0
264.006,3
264.089,0
264.172,0
264.255,16
264.338,19
264.421,20
264.504,0
264.587,6
264.67,17
264.753,13
264.836,15
264.919,0
265.002,0
265.085,0
265.168,0
265.251,0
265.333,0
265.416,0
265.499,2
265.582,0
265.665,8
265.748,0
265.831,27
265.913,3
265.996,0
266.079,0
266.162,0
266.244,38
266.327,17
266.41,0
266.493,0
266.575,0
266.658,13
266.741,2
266.823,10
266.906,1
266.989,0
267.071,4
267.154,0
267.236,0
267.319,14
267.402,36
267.484,0
267.567,0
267.649,0
267.732,19
267.814,7
267.897,10
267.979,8
268.062,10
268.144,10
268.226,0
268.309,31
268.391,7
268.474,11
268.556,8
268.638,6
268.721,6
268.803,7
268.885,11
268.968,4
269.05,21
269.132,3
269.215,2
269.297,14
269.379,7
269.461,0
269.544,14
269.626,48
269.708,114
269.79,98
269.872,71
269.955,0
270.037,0
270.119,0
270.201,0
270.283,0
270.365,6
270.447,1
270.529,0
270.611,0
270.694,2
270.776,21
270.858,16
270.94,0
271.022,9
271.104,2
271.186,3
271.268,0
271.349,0
271.431,4
271.513,21
271.595,0
271.677,0
271.759,0
271.841,8
271.923,26
272.005,6
272.086,0
272.168,0
272.25,22
272.332,0
272.414,2
272.495,0
272.577,26
272.659,11
272.741,3
272.822,0
272.904,4
272.986,25
273.068,0
273.149,0
273.231,0
273.313,13
273.394,17
273.476,13
273.557,4
273.639,16
273.721,6
273.802,16
273.884,23
273.965,16
274.047,7
274.128,21
274.21,9
274.291,0
274.373,3
274.454,52
274.536,28
274.617,0
274.699,0
274.78,17
274.862,0
274.943,22
275.024,22
275.106,0
275.187,0
275.269,0
275.35,0
275.431,5
275.513,0
275.594,6
275.675,0
275.756,28
275.838,0
275.919,17
276,10
276.082,14
276.163,0
276.244,0
276.325,15
276.406,6
276.488,0
276.569,18
276.65,19
276.731,0
276.812,5
276.893,0
276.974,8
277.055,6
277.137,0
277.218,0
277.299,20
277.38,0
277.461,0
277.542,1
277.623,12
277.704,0
277.785,0
277.866,2
277.947,20
278.028,14
278.109,3
278.19,22
278.27,10
278.351,58
278.432,52
278.513,20
278.594,0
278.675,0
278.756,0
278.837,1
278.917,0
278.998,0
279.079,8
279.16,7
279.241,9
279.321,17
279.402,5
279.483,25
279.564,15
279.644,0
279.725,0
279.806,31
279.886,26
279.967,0
280.048,8
280.128,25
280.209,0
280.29,0
280.37,17
280.451,5
280.531,0
280.612,0
280.693,27
280.773,49
280.854,17
280.934,24
281.015,1
281.095,0
281.176,0
281.256,0
281.337,0
281.417,0
281.498,0
281.578,1
281.659,0
281.739,0
281.819,0
281.9,8
281.98,7
282.061,3
282.141,0
282.221,0
282.302,25
282.382,0
282.462,0
282.543,49
282.623,46
282.703,2
282.783,0
282.864,4
282.944,34
283.024,0
283.104,0
283.185,0
283.265,0
283.345,1
283.425,11
283.505,0
283.585,0
283.666,15
283.746,2
283.826,6
283.906,0
283.986,0
284.066,0
284.146,0
284.226,3
284.306,10
284.386,0
284.466,39
284.546,14
284.626,0
284.706,7
284.786,9
284.866,0
284.946,13
285.026,0
285.106,0
285.186,11
285.266,0
285.346,0
285.426,0
285.506,0
285.586,19
285.666,0
285.745,0
285.825,8
285.905,16
285.985,21
286.065,0
286.145,0
286.224,4
286.304,2
286.384,10
286.464,0
286.543,0
286.623,16
286.703,6
286.783,0
286.862,7
286.942,0
287.022,0
287.101,19
287.181,0
287.261,0
287.34,23
287.42,0
287.5,0
287.579,1
287.659,0
287.738,7
287.818,0
287.897,0
287.977,1
288.057,15
288.136,5
288.216,0
288.295,15
288.375,13
288.454,0
288.534,22
288.613,13
288.692,0
288.772,12
288.851,0
288.931,0
289.01,13
289.09,0
289.169,0
289.248,1
289.328,7
289.407,4
289.486,0
289.566,10
289.645,0
289.724,8
289.804,9
289.883,8
289.962,0
290.042,4
290.121,0
290.2,24
290.279,104
290.359,13
290.438,0
290.517,11
290.596,11
290.675,0
290.755,4
290.834,7
290.913,10
290.992,0
291.071,0
291.15,21
291.229,15
291.308,3
291.388,16
291.467,30
291.546,22
291.625,7
291.704,18
291.783,0
291.862,24
291.941,29
292.02,18
292.099,6
292.178,0
292.257,0
292.336,0
292.415,8
292.494,0
292.573,12
292.652,0
292.73,18
292.809,0
292.888,15
292.967,11
293.046,0
293.125,20
293.204,0
293.283,0
293.361,3
293.44,0
293.519,12
293.598,0
293.677,23
293.755,0
293.834,0
293.913,18
293.992,0
294.07,14
294.149,0
294.228,10
294.307,20
294.385,18
294.464,41
294.543,12
294.621,3
294.7,10
294.779,7
294.857,19
294.936,18
295.014,0
295.093,0
295.172,18
295.25,0
295.329,5
295.407,7
295.486,23
295.564,0
295.643,7
295.722,7
295.8,0
295.879,9
295.957,0
296.036,6
296.114,0
296.192,0
296.271,11
296.349,24
296.428,0
296.506,0
296.585,0
296.663,22
296.741,14
296.82,0
296.898,8
296.977,32
297.055,0
297.133,0
297.212,2
297.29,6
297.368,3
297.446,0
297.525,17
297.603,6
297.681,6
297.76,0
297.838,7
297.916,16
297.994,5
298.073,1
298.151,0
298.229,148
298.307,89
298.385,63
298.463,33
298.542,0
298.62,0
298.698,16
298.776,0
298.854,0
298.932,11
299.01,26
299.088,21
299.167,0
299.245,0
299.323,2
299.401,19
299.479,8
299.557,4
299.635,0
299.713,33
299.791,16
299.869,9
299.947,25
300.025,21
300.103,0
300.181,9
300.259,10
300.337,15
300.415,4
300.492,0
300.57,2
300.648,14
300.726,0
300.804,2
300.882,4
300.96,0
301.038,18
301.115,0
301.193,0
301.271,12
301.349,22
301.427,0
301.504,16
301.582,17
301.66,10
301.738,18
301.816,3
301.893,0
301.971,0
302.049,0
302.126,44
302.204,0
302.282,0
302.36,2
302.437,0
302.515,14
302.593,0
302.67,0
302.748,23
302.825,8
302.903,0
302.981,1
303.058,0
303.136,2
303.213,0
303.291,0
303.369,11
303.446,6
303.524,0
303.601,21
303.679,0
303.756,0
303.834,4
303.911,0
303.989,11
304.066,30
304.144,0
304.221,9
304.299,27
304.376,4
304.453,20
304.531,3
304.608,0
304.686,0
304.763,13
304.84,22
304.918,0
304.995,0
305.072,10
305.15,0
305.227,1
305.304,8
305.382,17
305.459,0
305.536,0
305.614,16
305.691,0
305.768,0
305.845,0
305.923,0
306,0
306.077,0
306.154,35
306.232,40
306.309,0
306.386,8
306.463,0
306.54,9
306.618,4
306.695,0
306.772,19
306.849,13
306.926,0
307.003,18
307.08,30
307.157,0
307.234,7
307.312,39
307.389,13
307.466,25
307.543,15
307.62,15
307.697,0
307.774,2
307.851,16
307.928,0
308.005,0
308.082,0
308.159,11
308.236,7
308.313,0
308.39,29
308.467,0
308.544,3
308.621,10
308.697,0
308.774,0
308.851,28
308.928,13
309.005,9
309.082,14
309.159,13
309.236,0
309.312,2
309.389,0
309.466,13
309.543,0
309.62,2
309.697,44
309.773,20
309.85,15
309.927,0
310.004,0
310.08,15
310.157,14
310.234,9
310.311,21
310.387,3
310.464,4
310.541,14
310.617,23
310.694,0
310.771,21
310.847,6
310.924,0
311.001,0
311.077,18
311.154,0
311.231,8
311.307,19
311.384,28
311.46,0
311.537,0
311.614,0
311.69,4
311.767,12
311.843,17
311.92,14
311.996,0
312.073,3
312.149,38
312.226,93
312.302,68
312.379,11
312.455,0
312.532,0
312.608,10
312.685,8
312.761,0
312.838,6
312.914,3
312.99,6
313.067,0
313.143,28
313.22,13
313.296,0
313.372,5
313.449,0
313.525,13
313.601,18
313.678,0
313.754,0
313.83,17
313.907,27
313.983,0
314.059,0
314.136,4
314.212,0
314.288,0
314.364,22
314.441,0
314.517,0
314.593,1
314.669,16
314.746,12
314.822,0
314.898,10
314.974,18
315.05,0
315.127,21
315.203,22
315.279,0
315.355,9
315.431,24
315.507,8
315.583,0
315.66,9
315.736,4
315.812,0
315.888,31
315.964,29
316.04,0
316.116,6
316.192,11
316.268,11
316.344,0
316.42,0
316.496,0
316.572,2
316.648,3
316.724,0
316.8,5
316.876,0
316.952,0
317.028,13
317.104,0
317.18,12
317.256,8
317.332,0
317.408,0
317.484,4
317.56,26
317.635,4
317.711,0
317.787,0
317.863,0
317.939,0
318.015,0
318.091,0
318.166,29
318.242,0
318.318,0
318.394,0
318.47,3
318.546,0
318.621,0
318.697,25
318.773,18
318.849,1
318.924,13
319,26
319.076,0
319.152,0
319.227,0
319.303,1
319.379,0
319.454,28
319.53,20
319.606,0
319.681,0
319.757,0
319.833,10
319.908,0
319.984,0
320.06,27
320.135,0
320.211,0
320.286,0
320.362,35
320.438,21
320.513,0
320.589,10
320.664,0
320.74,15
320.815,0
320.891,13
320.966,24
321.042,0
321.117,12
321.193,0
321.268,6
321.344,0
321.419,26
321.495,44
321.57,8
321.646,2
321.721,0
321.797,10
321.872,0
321.947,0
322.023,0
322.098,11
322.174,0
322.249,17
322.324,40
322.4,25
322.475,0
322.55,24
322.626,31
322.701,32
322.776,0
322.852,7
322.927,16
323.002,26
323.078,8
323.153,19
323.228,0
323.304,0
323.379,18
323.454,28
323.529,1
323.605,0
323.68,3
323.755,19
323.83,10
323.905,9
323.981,3
324.056,6
324.131,0
324.206,2
324.281,1
324.356,0
324.432,0
324.507,13
324.582,0
324.657,0
324.732,22
324.807,30
324.882,3
324.957,14
325.033,0
325.108,0
325.183,39
325.258,2
325.333,30
325.408,26
325.483,0
325.558,17
325.633,26
325.708,18
325.783,28
325.858,2
325.933,13
326.008,28
326.083,0
326.158,21
326.233,0
326.308,10
326.383,15
326.458,0
326.533,0
326.608,7
326.682,21
326.757,0
326.832,0
326.907,0
326.982,2
327.057,0
327.132,9
327.207,11
327.281,4
327.356,0
327.431,33
327.506,0
327.581,4
327.656,0
327.73,0
327.805,23
327.88,11
327.955,13
328.03,0
328.104,12
328.179,2
328.254,11
328.329,21
328.403,0
328.478,10
328.553,12
328.627,0
328.702,0
328.777,0
328.852,0
328.926,50
329.001,24
329.076,1
329.15,0
329.225,2
329.3,3
329.374,8
329.449,0
329.523,20
329.598,0
329.673,12
329.747,2
329.822,0
329.896,4
329.971,0
330.045,0
330.12,11
330.195,20
330.269,25
330.344,10
330.418,42
330.493,4
330.567,11
330.642,1
330.716,0
330.791,7
330.865,0
330.94,11
331.014,8
331.089,0
331.163,6
331.237,0
331.312,17
331.386,39
331.461,15
331.535,0
331.61,1
331.684,0
331.758,0
331.833,0
331.907,0
331.981,11
332.056,0
332.13,0
332.205,0
332.279,0
332.353,1
332.428,9
332.502,34
332.576,3
332.65,6
332.725,16
332.799,27
332.873,0
332.948,6
333.022,0
333.096,0
333.17,8
333.245,53
333.319,39
333.393,1
333.467,0
333.541,4
333.616,6
333.69,11
333.764,0
333.838,0
333.912,0
333.987,29
334.061,9
334.135,32
334.209,51
334.283,16
334.357,21
334.431,7
334.506,26
334.58,5
334.654,10
334.728,0
334.802,30
334.876,12
334.95,20
335.024,6
335.098,2
335.172,45
335.246,0
335.32,0
335.394,6
335.468,0
335.542,0
335.616,0
335.69,7
335.764,0
335.838,15
335.912,19
335.986,19
336.06,5
336.134,6
336.208,0
336.282,0
336.356,19
336.43,24
336.504,10
336.578,0
336.652,0
336.726,21
336.799,9
336.873,0
336.947,5
337.021,7
337.095,0
337.169,8
337.243,12
337.316,0
337.39,8
337.464,0
337.538,0
337.612,0
337.686,0
337.759,0
337.833,8
337.907,0
337.981,0
338.054,5
338.128,0
338.202,0
338.276,20
338.349,3
338.423,17
338.497,0
338.571,1
338.644,0
338.718,0
338.792,10
338.865,0
338.939,18
339.013,4
339.086,14
339.16,1
339.234,0
339.307,0
339.381,0
339.455,17
339.528,10
339.602,22
339.675,0
339.749,4
339.823,23
339.896,1
339.97,0
340.043,113
340.117,119
340.191,76
340.264,11
340.338,0
340.411,0
340.485,3
340.558,3
340.632,24
340.705,75
340.779,49
340.852,53
340.926,49
340.999,9
341.073,9
341.146,37
341.22,72
341.293,41
341.367,7
341.44,0
341.513,1
341.587,8
341.66,6
341.734,5
341.807,29
341.88,0
341.954,0
342.027,0
342.101,3
342.174,0
342.247,3
342.321,33
342.394,7
342.467,3
342.541,79
342.614,109
342.687,67
342.761,11
342.834,3
342.907,0
342.981,1
343.054,0
343.127,0
343.2,0
343.274,0
343.347,1
343.42,37
343.494,26
343.567,79
343.64,9
343.713,38
343.786,0
343.86,2
343.933,0
344.006,0
344.079,3
344.152,15
344.226,18
344.299,78
344.372,63
344.445,13
344.518,0
344.591,0
344.665,23
344.738,0
344.811,0
344.884,0
344.957,10
345.03,3
345.103,0
345.176,6
345.249,37
345.322,20
345.396,0
345.469,0
345.542,0
345.615,0
345.688,8
345.761,17
345.834,0
345.907,0
345.98,29
346.053,6
346.126,4
346.199,5
346.272,0
346.345,16
346.418,0
346.491,0
346.564,5
346.637,3
346.71,1
346.783,0
346.856,3
346.929,0
347.001,0
347.074,0
347.147,0
347.22,14
347.293,15
347.366,6
347.439,4
347.512,0
347.585,13
347.657,0
347.73,4
347.803,2
347.876,21
347.949,10
348.022,0
348.094,8
348.167,6
348.24,4
348.313,0
348.386,18
348.458,9
348.531,0
348.604,23
348.677,0
348.75,11
348.822,33
348.895,0
348.968,0
349.041,0
349.113,0
349.186,5
349.259,4
349.331,17
349.404,34
349.477,0
349.55,2
349.622,6
349.695,14
349.768,3
349.84,9
349.913,21
349.986,10
350.058,0
350.131,10
350.204,5
350.276,13
350.349,0
350.421,0
350.494,1
350.567,24
350.639,29
350.712,18
350.784,0
350.857,0
350.929,0
351.002,32
351.075,40
351.147,0
351.22,0
351.292,0
351.365,15
351.437,24
351.51,0
351.582,21
351.655,24
351.727,1
351.8,0
351.872,8
351.945,10
352.017,0
352.09,0
352.162,0
352.235,0
352.307,0
352.38,0
352.452,10
352.524,14
352.597,0
352.669,18
352.742,26
352.814,0
352.886,0
352.959,28
353.031,0
353.104,0
353.176,0
353.248,0
353.321,0
353.393,0
353.465,7
353.538,0
353.61,9
353.682,13
353.755,0
353.827,4
353.899,7
353.972,8
354.044,25
354.116,0
354.188,1
354.261,20
354.333,7
354.405,20
354.478,0
354.55,13
354.622,6
354.694,33
354.767,0
354.839,9
354.911,1
354.983,17
355.055,10
355.128,13
355.2,7
355.272,22
355.344,0
355.416,20
355.489,0
355.561,7
355.633,3
355.705,0
355.777,0
355.849,11
355.921,0
355.994,0
356.066,0
356.138,5
356.21,0
356.282,7
356.354,0
356.426,0
356.498,0
356.57,43
356.642,31
356.714,9
356.787,20
356.859,6
356.931,20
357.003,0
357.075,0
357.147,0
357.219,10
357.291,12
357.363,0
357.435,1
357.507,27
357.579,13
357.651,15
357.723,22
357.795,0
357.867,8
357.939,0
358.011,0
358.083,0
358.154,5
358.226,40
358.298,38
358.37,0
358.442,0
358.514,0
358.586,0
358.658,0
358.73,2
358.802,9
358.874,2
358.945,0
359.017,0
359.089,0
359.161,14
359.233,15
359.305,8
359.377,6
359.448,0
359.52,0
359.592,0
359.664,3
359.736,0
359.807,0
359.879,0
359.951,20
360.023,0
360.095,0
360.166,0
360.238,10
360.31,28
360.382,2
360.453,28
360.525,0
360.597,7
360.669,0
360.74,0
360.812,10
360.884,0
360.956,0
361.027,0
361.099,38
361.171,15
361.242,27
361.314,0
361.386,15
361.457,2
361.529,0
361.601,0
361.672,0
361.744,36
361.816,0
361.887,0
361.959,2
362.03,0
362.102,0
362.174,13
362.245,0
362.317,0
362.388,22
362.46,12
362.532,8
362.603,18
362.675,6
362.746,0
362.818,0
362.889,16
362.961,0
363.032,5
363.104,0
363.176,0
363.247,0
363.319,13
363.39,13
363.462,4
363.533,12
363.605,12
363.676,0
363.748,15
363.819,9
363.89,18
363.962,1
364.033,7
364.105,0
364.176,0
364.248,11
364.319,0
364.391,8
364.462,0
364.533,0
364.605,1
364.676,5
364.748,0
364.819,0
364.89,0
364.962,14
365.033,15
365.104,0
365.176,15
365.247,4
365.319,0
365.39,46
365.461,17
365.533,22
365.604,8
365.675,20
365.747,0
365.818,0
365.889,32
365.96,32
366.032,0
366.103,5
366.174,0
366.246,0
366.317,0
366.388,4
366.459,0
366.531,0
366.602,0
366.673,0
366.744,0
366.816,0
366.887,0
366.958,0
367.029,0
367.1,0
367.172,0
367.243,0
367.314,20
367.385,10
367.456,9
367.528,0
367.599,0
367.67,17
367.741,8
367.812,0
367.883,0
367.955,36
368.026,20
368.097,0
368.168,11
368.239,19
368.31,4
368.381,9
368.452,0
368.523,19
368.595,7
368.666,6
368.737,10
368.808,6
368.879,24
368.95,28
369.021,0
369.092,9
369.163,24
369.234,0
369.305,5
369.376,9
369.447,5
369.518,28
369.589,8
369.66,3
369.731,0
369.802,0
369.873,38
369.944,10
370.015,17
370.086,3
370.157,0
370.228,32
370.299,0
370.37,0
370.441,0
370.512,0
370.583,0
370.654,0
370.725,0
370.796,0
370.866,20
370.937,3
371.008,0
371.079,0
371.15,22
371.221,89
371.292,85
371.363,17
371.434,0
371.504,2
371.575,0
371.646,0
371.717,0
371.788,6
371.859,0
371.93,6
372,0
372.071,0
372.142,0
372.213,17
372.284,0
372.354,1
372.425,0
372.496,39
372.567,138
372.638,71
372.708,22
372.779,15
372.85,0
372.921,0
372.991,13
373.062,0
373.133,0
373.204,11
373.274,10
373.345,0
373.416,3
373.486,56
373.557,61
373.628,30
373.699,11
373.769,0
373.84,0
373.911,9
373.981,84
374.052,94
374.123,39
374.193,0
374.264,10
374.335,0
374.405,0
374.476,0
374.546,0
374.617,6
374.688,1
374.758,10
374.829,0
374.9,3
374.97,0
375.041,0
375.111,0
375.182,5
375.252,0
375.323,0
375.394,0
375.464,3
375.535,24
375.605,32
375.676,0
375.746,12
375.817,0
375.887,0
375.958,0
376.028,3
376.099,8
376.17,2
376.24,0
376.311,0
376.381,0
376.451,10
376.522,9
376.592,5
376.663,13
376.733,0
376.804,0
376.874,0
376.945,0
377.015,0
377.086,0
377.156,14
377.227,0
377.297,0
377.367,10
377.438,14
377.508,6
377.579,0
377.649,32
377.719,19
377.79,3
377.86,5
377.931,0
378.001,28
378.071,8
378.142,1
378.212,0
378.282,16
378.353,32
378.423,0
378.493,8
378.564,15
378.634,0
378.704,8
378.775,14
378.845,0
378.915,5
378.986,16
379.056,8
379.126,0
379.196,1
379.267,0
379.337,0
379.407,0
379.478,0
379.548,13
379.618,30
379.688,12
379.759,0
379.829,6
379.899,13
379.969,11
380.04,0
380.11,0
380.18,17
380.25,0
380.32,0
380.391,0
380.461,40
380.531,0
380.601,10
380.671,2
380.741,20
380.812,6
380.882,18
380.952,7
381.022,16
381.092,0
381.162,0
381.233,3
381.303,0
381.373,0
381.443,0
381.513,0
381.583,0
381.653,0
381.723,36
381.793,0
381.864,20
381.934,0
382.004,23
382.074,10
382.144,5
382.214,0
382.284,0
382.354,0
382.424,0
382.494,0
382.564,16
382.634,9
382.704,3
382.774,0
382.844,0
382.914,18
382.984,2
383.054,20
383.124,40
383.194,51
383.264,12
383.334,0
383.404,0
383.474,0
383.544,6
383.614,2
383.684,11
383.754,7
383.824,0
383.894,0
383.964,10
384.034,36
384.104,0
384.174,30
384.244,0
384.314,0
384.384,0
384.453,0
384.523,11
384.593,0
384.663,0
384.733,6
384.803,20
384.873,0
384.943,18
385.013,0
385.082,0
385.152,0
385.222,24
385.292,20
385.362,0
385.432,0
385.502,33
385.571,0
385.641,0
385.711,0
385.781,10
385.851,0
385.92,0
385.99,0
386.06,0
386.13,7
386.2,0
386.269,3
386.339,13
386.409,0
386.479,0
386.548,15
386.618,0
386.688,0
386.758,0
386.827,0
386.897,0
386.967,7
387.037,0
387.106,0
387.176,26
387.246,0
387.316,0
387.385,9
387.455,8
387.525,1
387.594,0
387.664,0
387.734,0
387.803,0
387.873,0
387.943,0
388.012,0
388.082,17
388.152,2
388.221,0
388.291,18
388.361,0
388.43,0
388.5,11
388.569,5
388.639,7
388.709,46
388.778,59
388.848,19
388.918,8
388.987,14
389.057,8
389.126,18
389.196,0
389.265,2
389.335,6
389.405,0
389.474,7
389.544,0
389.613,12
389.683,0
389.752,0
389.822,0
389.891,1
389.961,0
390.03,0
390.1,6
390.169,12
390.239,1
390.309,0
390.378,12
390.448,22
390.517,0
390.586,0
390.656,21
390.725,0
390.795,0
390.864,0
390.934,6
391.003,14
391.073,96
391.142,79
391.212,26
391.281,0
391.351,0
391.42,4
391.489,61
391.559,40
391.628,45
391.698,0
391.767,17
391.836,3
391.906,0
391.975,32
392.045,32
392.114,13
392.183,0
392.253,0
392.322,15
392.391,0
392.461,9
392.53,0
392.6,17
392.669,0
392.738,0
392.808,20
392.877,0
392.946,21
393.016,0
393.085,0
393.154,0
393.224,10
393.293,7
393.362,0
393.431,0
393.501,13
393.57,34
393.639,0
393.709,0
393.778,0
393.847,0
393.916,14
393.986,12
394.055,0
394.124,0
394.193,0
394.263,0
394.332,3
394.401,5
394.47,0
394.54,15
394.609,13
394.678,6
394.747,0
394.816,0
394.886,18
394.955,0
395.024,0
395.093,0
395.162,0
395.232,6
395.301,0
395.37,2
395.439,0
395.508,7
395.577,52
395.647,0
395.716,0
395.785,20
395.854,22
395.923,0
395.992,0
396.061,9
396.13,0
396.2,0
396.269,3
396.338,0
396.407,7
396.476,0
396.545,2
396.614,0
396.683,7
396.752,0
396.821,0
396.89,0
396.96,17
397.029,0
397.098,0
397.167,0
397.236,2
397.305,1
397.374,1
397.443,6
397.512,6
397.581,0
397.65,15
397.719,27
397.788,7
397.857,0
397.926,14
397.995,0
398.064,11
398.133,5
398.202,3
398.271,0
398.34,17
398.409,33
398.478,0
398.547,1
398.616,12
398.685,1
398.754,0
398.823,0
398.892,33
398.961,0
399.029,0
399.098,0
399.167,0
399.236,0
399.305,0
399.374,0
399.443,1
399.512,0
399.581,0
399.65,0
399.719,1
399.787,14
399.856,0
399.925,0
399.994,17
400.063,31
400.132,11
400.201,0
400.27,0
400.338,0
400.407,30
400.476,0
400.545,0
400.614,0
400.683,6
400.751,24
400.82,8
400.889,23
400.958,0
401.027,15
401.096,5
401.164,0
401.233,8
401.302,11
401.371,0
401.439,0
401.508,0
401.577,8
401.646,0
401.715,5
401.783,5
401.852,0
401.921,3
401.99,3
402.058,22
402.127,36
402.196,0
402.265,56
402.333,24
402.402,12
402.471,0
402.539,7
402.608,0
402.677,0
402.746,2
402.814,5
402.883,22
402.952,9
403.02,0
403.089,0
403.158,23
403.226,1
403.295,0
403.364,0
403.432,0
403.501,0
403.57,0
403.638,0
403.707,0
403.776,9
403.844,22
403.913,17
403.981,19
404.05,2
404.119,17
404.187,0
404.256,1
404.325,0
404.393,6
404.462,0
404.53,0
404.599,23
404.667,14
404.736,0
404.805,76
404.873,41
404.942,13
405.01,0
405.079,0
405.147,0
405.216,16
405.285,0
405.353,0
405.422,1
405.49,28
405.559,28
405.627,40
405.696,16
405.764,0
405.833,7
405.901,24
405.97,14
406.038,18
406.107,14
406.175,20
406.244,21
406.312,0
406.381,8
406.449,0
406.518,0
406.586,2
406.655,44
406.723,2
406.792,13
406.86,13
406.928,0
406.997,0
407.065,0
407.134,0
407.202,1
407.271,25
407.339,19
407.407,0
407.476,0
407.544,0
407.613,5
407.681,0
407.75,2
407.818,0
407.886,0
407.955,23
408.023,14
408.091,0
408.16,22
408.228,8
408.297,0
408.365,0
408.433,0
408.502,0
408.57,0
408.638,13
408.707,1
408.775,0
408.843,10
408.912,0
408.98,1
409.048,0
409.117,36
409.185,8
409.253,0
409.322,0
409.39,0
409.458,8
409.527,11
409.595,24
409.663,0
409.731,0
409.8,24
409.868,0
409.936,32
410.004,0
410.073,0
410.141,24
410.209,0
410.277,0
410.346,0
410.414,8
410.482,15
410.55,0
410.619,0
410.687,0
410.755,0
410.823,18
410.892,0
410.96,0
411.028,28
411.096,0
411.164,82
411.233,144
411.301,73
411.369,10
411.437,0
411.505,0
411.574,0
411.642,7
411.71,0
411.778,0
411.846,0
411.914,0
411.982,14
412.051,5
412.119,0
412.187,0
412.255,0
412.323,16
412.391,0
412.459,10
412.528,2
412.596,24
412.664,24
412.732,8
412.8,0
412.868,0
412.936,0
413.004,1
413.072,0
413.14,30
413.209,11
413.277,11
413.345,22
413.413,13
413.481,20
413.549,3
413.617,0
413.685,0
413.753,0
413.821,0
413.889,0
413.957,0
414.025,0
414.093,32
414.161,17
414.229,13
414.297,0
414.365,7
414.433,4
414.501,134
414.569,106
414.637,10
414.705,19
414.773,0
414.841,12
414.909,35
414.977,15
415.045,5
415.113,21
415.181,10
415.249,5
415.317,0
415.385,0
415.453,0
415.521,4
415.589,0
415.657,20
415.725,17
415.793,16
415.861,15
415.929,9
415.997,4
416.065,2
416.132,27
416.2,13
416.268,89
416.336,132
416.404,78
416.472,0
416.54,0
416.608,0
416.676,0
416.744,0
416.811,4
416.879,11
416.947,22
417.015,0
417.083,0
417.151,0
417.219,0
417.287,0
417.354,0
417.422,0
417.49,0
417.558,0
417.626,0
417.694,31
417.761,0
417.829,6
417.897,15
417.965,6
418.033,0
418.1,12
418.168,4
418.236,8
418.304,2
418.372,2
418.439,17
418.507,0
418.575,0
418.643,0
418.711,0
418.778,16
418.846,0
418.914,10
418.982,24
419.049,0
419.117,0
419.185,0
419.253,21
419.32,3
419.388,0
419.456,23
419.524,25
419.591,0
419.659,1
419.727,23
419.795,8
419.862,0
419.93,0
419.998,0
420.065,11
420.133,5
420.201,0
420.268,0
420.336,10
420.404,0
420.471,24
420.539,0
420.607,0
420.674,0
420.742,0
420.81,0
420.877,0
420.945,96
421.013,79
421.08,44
421.148,7
421.216,23
421.283,45
421.351,13
421.419,11
421.486,47
421.554,3
421.621,0
421.689,44
421.757,19
421.824,2
421.892,14
421.96,7
422.027,0
422.095,3
422.162,1
422.23,12
422.297,0
422.365,0
422.433,0
422.5,0
422.568,0
422.635,1
422.703,97
422.77,124
422.838,17
422.906,17
422.973,1
423.041,0
423.108,59
423.176,57
423.243,39
423.311,0
423.378,51
423.446,109
423.513,12
423.581,0
423.648,22
423.716,0
423.783,6
423.851,0
423.918,13
423.986,0
424.053,0
424.121,0
424.188,0
424.256,21
424.323,24
424.391,0
424.458,17
424.526,56
424.593,27
424.661,29
424.728,9
424.796,12
424.863,0
424.93,12
424.998,13
425.065,6
425.133,0
425.2,0
425.268,0
425.335,18
425.402,14
425.47,3
425.537,0
425.605,18
425.672,14
425.74,0
425.807,0
425.874,29
425.942,0
426.009,11
426.076,0
426.144,9
426.211,0
426.279,0
426.346,1
426.413,0
426.481,0
426.548,9
426.615,0
426.683,65
426.75,32
426.817,10
426.885,0
426.952,0
427.02,14
427.087,0
427.154,10
427.222,8
427.289,23
427.356,12
427.423,14
427.491,0
427.558,0
427.625,51
427.693,42
427.76,0
427.827,0
427.895,0
427.962,18
428.029,11
428.096,0
428.164,2
428.231,0
428.298,19
428.366,2
428.433,0
428.5,17
428.567,18
428.635,8
428.702,0
428.769,6
428.836,14
428.904,0
428.971,0
429.038,15
429.105,19
429.173,10
429.24,0
429.307,0
429.374,0
429.441,14
429.509,0
429.576,11
429.643,20
429.71,24
429.777,0
429.845,6
429.912,29
429.979,0
430.046,6
430.113,0
430.181,3
430.248,25
430.315,22
430.382,13
430.449,0
430.516,0
430.584,5
430.651,0
430.718,0
430.785,0
430.852,4
430.919,0
430.986,13
431.054,0
431.121,6
431.188,13
431.255,0
431.322,14
431.389,0
431.456,6
431.523,32
431.59,1
431.658,0
431.725,21
431.792,2
431.859,0
431.926,0
431.993,0
432.06,14
432.127,19
432.194,3
432.261,0
432.328,1
432.396,51
432.463,32
432.53,37
432.597,0
432.664,8
432.731,0
432.798,0
432.865,3
432.932,0
432.999,3
433.066,25
433.133,23
433.2,0
433.267,0
433.334,37
433.401,0
433.468,0
433.535,0
433.602,20
433.669,0
433.736,3
433.803,9
433.87,9
433.937,19
434.004,14
434.071,5
434.138,0
434.205,22
434.272,0
434.339,16
434.406,2
434.473,0
434.54,0
434.607,48
434.674,98
434.741,52
434.808,7
434.875,0
434.942,0
435.009,0
435.076,2
435.143,13
435.209,0
435.276,0
435.343,0
435.41,30
435.477,0
435.544,0
435.611,0
435.678,6
435.745,22
435.812,0
435.879,5
435.946,1
436.012,27
436.079,0
436.146,5
436.213,33
436.28,4
436.347,0
436.414,2
436.481,0
436.547,30
436.614,0
436.681,0
436.748,0
436.815,2
436.882,7
436.949,0
437.015,3
437.082,10
437.149,1
437.216,0
437.283,0
437.35,5
437.417,0
437.483,0
437.55,13
437.617,13
437.684,0
437.751,0
437.817,13
437.884,2
437.951,0
438.018,15
438.085,19
438.151,13
438.218,0
438.285,0
438.352,0
438.419,3
438.485,4
438.552,0
438.619,13
438.686,27
438.752,9
438.819,0
438.886,0
438.953,19
439.019,25
439.086,0
439.153,16
439.22,0
439.286,0
439.353,0
439.42,7
439.487,7
439.553,0
439.62,0
439.687,2
439.754,19
439.82,10
439.887,11
439.954,14
440.02,20
440.087,0
440.154,0
440.22,0
440.287,0
440.354,0
440.421,10
440.487,0
440.554,0
440.621,30
440.687,0
440.754,0
440.821,28
440.887,11
440.954,0
441.021,35
441.087,51
441.154,10
441.221,0
441.287,0
441.354,0
441.421,9
441.487,17
441.554,0
441.62,0
441.687,0
441.754,1
441.82,10
441.887,13
441.954,4
442.02,11
442.087,6
442.153,0
442.22,0
442.287,8
442.353,8
442.42,2
442.486,0
442.553,10
442.62,62
442.686,209
442.753,210
442.819,83
442.886,0
442.953,37
443.019,79
443.086,37
443.152,4
443.219,17
443.285,0
443.352,0
443.418,0
443.485,43
443.552,60
443.618,89
443.685,27
443.751,46
443.818,13
443.884,0
443.951,19
444.017,29
444.084,85
444.15,57
444.217,30
444.283,77
444.35,43
444.416,33
444.483,0
444.549,0
444.616,0
444.682,1
444.749,8
444.815,0
444.882,0
444.948,0
445.015,9
445.081,0
445.148,0
445.214,4
445.281,17
445.347,0
445.414,6
445.48,7
445.547,3
445.613,0
445.68,6
445.746,0
445.812,7
445.879,4
445.945,15
446.012,5
446.078,7
446.145,0
446.211,8
446.278,8
446.344,17
446.41,6
446.477,0
446.543,8
446.61,0
446.676,0
446.742,0
446.809,0
446.875,29
446.942,0
447.008,0
447.074,19
447.141,5
447.207,0
447.274,12
447.34,0
447.406,0
447.473,14
447.539,0
447.606,0
447.672,35
447.738,21
447.805,0
447.871,0
447.937,25
448.004,0
448.07,9
448.136,6
448.203,0
448.269,0
448.335,5
448.402,18
448.468,15
448.534,19
448.601,0
448.667,5
448.733,0
448.8,0
448.866,0
448.932,10
448.999,6
449.065,39
449.131,0
449.198,5
449.264,24
449.33,0
449.396,2
449.463,4
449.529,0
449.595,13
449.662,17
449.728,28
449.794,0
449.86,0
449.927,14
449.993,0
450.059,0
450.126,0
450.192,0
450.258,0
450.324,14
450.391,0
450.457,0
450.523,16
450.589,33
450.656,5
450.722,6
450.788,0
450.854,4
450.921,19
450.987,14
451.053,24
451.119,28
451.185,29
451.252,11
451.318,0
451.384,0
451.45,13
451.516,0
451.583,0
451.649,8
451.715,11
451.781,0
451.847,0
451.914,0
451.98,0
452.046,12
452.112,0
452.178,3
452.245,13
452.311,0
452.377,5
452.443,9
452.509,0
452.575,0
452.642,19
452.708,0
452.774,4
452.84,0
452.906,14
452.972,0
453.038,12
453.105,3
453.171,0
453.237,5
453.303,17
453.369,0
453.435,0
453.501,0
453.568,0
453.634,0
453.7,35
453.766,0
453.832,0
453.898,13
453.964,10
454.03,6
454.096,0
454.162,10
454.229,0
454.295,26
454.361,35
454.427,0
454.493,0
454.559,32
454.625,10
454.691,30
454.757,0
454.823,0
454.889,1
454.955,3
455.022,17
455.088,19
455.154,0
455.22,0
455.286,0
455.352,25
455.418,0
455.484,0
455.55,0
455.616,33
455.682,18
455.748,0
455.814,0
455.88,0
455.946,0
456.012,3
456.078,19
456.144,22
456.21,0
456.276,4
456.342,16
456.408,0
456.474,2
456.54,0
456.606,0
456.672,17
456.738,0
456.804,19
456.87,6
456.936,18
457.002,0
457.068,2
457.134,0
457.2,10
457.266,30
457.332,0
457.398,6
457.464,0
457.53,0
457.596,0
457.662,19
457.728,0
457.794,8
457.86,1
457.926,11
457.992,0
458.058,29
458.124,19
458.19,0
458.255,2
458.321,0
458.387,0
458.453,0
458.519,12
458.585,3
458.651,0
458.717,15
458.783,27
458.849,20
458.915,0
458.981,0
459.046,0
459.112,14
459.178,0
459.244,0
459.31,13
459.376,0
459.442,0
459.508,0
459.574,0
459.64,14
459.705,27
459.771,16
459.837,19
459.903,4
459.969,17
460.035,1
460.101,13
460.166,2
460.232,6
460.298,9
460.364,16
460.43,30
460.496,0
460.562,0
460.627,0
460.693,8
460.759,4
460.825,0
460.891,35
460.957,10
461.022,0
461.088,0
461.154,16
461.22,26
461.286,7
461.352,0
461.417,29
461.483,7
461.549,2
461.615,0
461.681,0
461.746,6
461.812,0
461.878,0
461.944,7
462.01,25
462.075,24
462.141,13
462.207,15
462.273,3
462.339,6
462.404,16
462.47,1
462.536,0
462.602,8
462.667,0
462.733,0
462.799,8
462.865,28
462.93,0
462.996,4
463.062,21
463.128,2
463.193,0
463.259,0
463.325,5
463.391,0
463.456,25
463.522,1
463.588,0
463.654,15
463.719,2
463.785,20
463.851,10
463.917,0
463.982,14
464.048,0
464.114,0
464.179,0
464.245,12
464.311,16
464.377,6
464.442,26
464.508,5
464.574,0
464.639,6
464.705,0
464.771,0
464.836,0
464.902,19
464.968,17
465.033,17
465.099,0
465.165,0
465.23,6
465.296,0
465.362,14
465.427,9
465.493,7
465.559,13
465.624,0
465.69,0
465.756,0
465.821,0
465.887,11
465.953,19
466.018,0
466.084,0
466.15,22
466.215,29
466.281,0
466.347,4
466.412,4
466.478,16
466.543,12
466.609,0
466.675,0
466.74,0
466.806,6
466.872,0
466.937,0
467.003,7
467.068,0
467.134,15
467.2,22
467.265,25
467.331,17
467.396,9
467.462,14
467.528,33
467.593,4
467.659,0
467.724,0
467.79,3
467.855,20
467.921,10
467.987,0
468.052,14
468.118,0
468.183,4
468.249,0
468.314,8
468.38,0
468.446,2
468.511,4
468.577,28
468.642,0
468.708,15
468.773,3
468.839,9
468.904,4
468.97,9
469.035,24
469.101,0
469.167,6
469.232,4
469.298,0
469.363,0
469.429,9
469.494,0
469.56,4
469.625,16
469.691,0
469.756,5
469.822,27
469.887,0
469.953,32
470.018,14
470.084,0
470.149,38
470.215,8
470.28,0
470.346,0
470.411,0
470.477,1
470.542,9
470.608,0
470.673,0
470.739,0
470.804,26
470.87,4
470.935,11
471.001,2
471.066,21
471.131,0
471.197,8
471.262,0
471.328,0
471.393,6
471.459,2
471.524,29
471.59,14
471.655,11
471.721,0
471.786,0
471.851,0
471.917,0
471.982,10
472.048,1
472.113,0
472.179,8
472.244,10
472.309,5
472.375,0
472.44,0
472.506,5
472.571,4
472.637,18
472.702,22
472.767,2
472.833,0
472.898,0
472.964,16
473.029,25
473.094,7
473.16,0
473.225,24
473.291,138
473.356,124
473.421,40
473.487,0
473.552,0
473.617,0
473.683,9
473.748,6
473.814,0
473.879,0
473.944,4
474.01,52
474.075,20
474.14,15
474.206,0
474.271,0
474.337,16
474.402,18
474.467,4
474.533,0
474.598,5
474.663,9
474.729,0
474.794,5
474.859,0
474.925,0
474.99,28
475.055,28
475.121,0
475.186,0
475.251,19
475.317,4
475.382,0
475.447,0
475.513,4
475.578,0
475.643,6
475.709,19
475.774,0
475.839,0
475.904,0
475.97,7
476.035,0
476.1,19
476.166,0
476.231,18
476.296,3
476.362,0
476.427,0
476.492,0
476.557,24
476.623,0
476.688,0
476.753,14
476.819,1
476.884,6
476.949,23
477.014,28
477.08,12
477.145,0
477.21,0
477.275,0
477.341,0
477.406,0
477.471,14
477.536,6
477.602,21
477.667,0
477.732,0
477.797,0
477.863,18
477.928,2
477.993,12
478.058,0
478.124,20
478.189,21
478.254,4
478.319,5
478.384,0
478.45,0
478.515,10
478.58,13
478.645,0
478.711,0
478.776,14
478.841,28
478.906,0
478.971,0
479.037,21
479.102,20
479.167,6
479.232,0
479.297,0
479.363,0
479.428,25
479.493,6
479.558,0
479.623,0
479.689,13
479.754,0
479.819,0
479.884,8
479.949,16
480.014,0
480.08,23
480.145,22
480.21,0
480.275,0
480.34,0
480.405,0
480.471,0
480.536,19
480.601,6
480.666,21
480.731,0
480.796,5
480.862,8
480.927,40
480.992,0
481.057,10
481.122,17
481.187,0
481.252,1
481.318,5
481.383,17
481.448,12
481.513,4
481.578,25
481.643,0
481.708,0
481.773,7
481.839,9
481.904,5
481.969,0
482.034,2
482.099,0
482.164,20
482.229,0
482.294,5
482.359,3
482.424,8
482.49,0
482.555,9
482.62,0
482.685,0
482.75,0
482.815,41
482.88,1
482.945,0
483.01,28
483.075,17
483.14,0
483.206,0
483.271,0
483.336,0
483.401,0
483.466,0
483.531,0
483.596,0
483.661,0
483.726,0
483.791,5
483.856,0
483.921,5
483.986,24
484.051,2
484.116,0
484.181,0
484.246,11
484.312,0
484.377,3
484.442,0
484.507,0
484.572,7
484.637,13
484.702,0
484.767,0
484.832,11
484.897,0
484.962,12
485.027,12
485.092,0
485.157,10
485.222,20
485.287,0
485.352,15
485.417,0
485.482,0
485.547,0
485.612,0
485.677,13
485.742,14
485.807,0
485.872,0
485.937,12
486.002,13
486.067,0
486.132,4
486.197,20
486.262,9
486.327,0
486.392,0
486.457,7
486.522,20
486.587,4
486.652,11
486.717,0
486.782,20
486.847,0
486.912,0
486.977,0
487.042,28
487.107,34
487.172,0
487.237,0
487.301,0
487.366,0
487.431,10
487.496,9
487.561,0
487.626,0
487.691,9
487.756,22
487.821,10
487.886,0
487.951,6
488.016,15
488.081,0
488.146,2
488.211,0
488.276,0
488.341,7
488.405,0
488.47,8
488.535,0
488.6,19
488.665,4
488.73,0
488.795,8
488.86,0
488.925,0
488.99,6
489.055,13
489.119,0
489.184,0
489.249,12
489.314,1
489.379,20
489.444,0
489.509,13
489.574,9
489.639,3
489.704,4
489.768,0
489.833,31
489.898,13
489.963,0
490.028,55
490.093,11
490.158,2
490.223,0
490.287,13
490.352,15
490.417,0
490.482,0
490.547,5
490.612,0
490.677,0
490.742,21
490.806,15
490.871,0
490.936,18
491.001,2
491.066,17
491.131,0
491.195,0
491.26,0
491.325,17
491.39,0
491.455,0
491.52,0
491.585,0
491.649,21
491.714,13
491.779,0
491.844,15
491.909,4
491.973,0
492.038,26
492.103,0
492.168,0
492.233,35
492.298,26
492.362,0
492.427,3
492.492,12
492.557,1
492.622,0
492.686,0
492.751,14
492.816,13
492.881,3
492.946,7
493.01,25
493.075,0
493.14,0
493.205,12
493.27,16
493.334,16
493.399,0
493.464,0
493.529,42
493.594,43
493.658,11
493.723,0
493.788,0
493.853,7
493.917,0
493.982,17
494.047,0
494.112,6
494.177,20
494.241,7
494.306,6
494.371,0
494.436,28
494.5,6
494.565,5
494.63,0
494.695,0
494.759,0
494.824,4
494.889,17
494.954,16
495.018,0
495.083,0
495.148,6
495.213,6
495.277,0
495.342,12
495.407,0
495.472,0
495.536,4
495.601,2
495.666,0
495.73,0
495.795,0
495.86,17
495.925,14
495.989,6
496.054,7
496.119,14
496.183,0
496.248,0
496.313,13
496.378,0
496.442,0
496.507,0
496.572,2
496.636,12
496.701,14
496.766,0
496.831,4
496.895,34
496.96,0
497.025,12
497.089,0
497.154,0
497.219,26
497.283,3
497.348,0
497.413,0
497.477,18
497.542,0
497.607,0
497.671,0
497.736,6
497.801,3
497.865,18
497.93,0
497.995,0
498.059,1
498.124,39
498.189,6
498.253,1
498.318,25
498.383,0
498.447,0
498.512,7
498.577,16
498.641,16
498.706,34
498.771,25
498.835,0
498.9,0
498.965,14
499.029,18
499.094,2
499.159,19
499.223,11
499.288,29
499.352,0
499.417,0
499.482,0
499.546,0
499.611,0
499.676,0
499.74,11
