59.6807,0
59.8815,25
60.0822,8
60.283,3
60.4837,14
60.6845,1
60.8852,0
61.086,0
61.2867,13
61.4875,3
61.6882,8
61.889,0
62.0897,33
62.2905,1
62.4912,17
62.692,19
62.8927,0
63.0935,17
63.2942,3
63.495,8
63.6957,17
63.8964,14
64.0972,4
64.2979,14
64.4987,12
64.6994,7
64.9001,2
65.1009,11
65.3016,0
65.5023,19
65.7031,2
65.9038,20
66.1045,2
66.3053,8
66.506,10
66.7067,22
66.9075,5
67.1082,7
67.3089,6
67.5097,0
67.7104,9
67.9111,14
68.1118,6
68.3126,5
68.5133,7
68.714,31
68.9147,0
69.1155,0
69.3162,5
69.5169,6
69.7176,24
69.9183,15
70.1191,33
70.3198,7
70.5205,0
70.7212,16
70.9219,4
71.1226,22
71.3234,14
71.5241,18
71.7248,15
71.9255,0
72.1262,3
72.3269,18
72.5276,3
72.7283,6
72.929,14
73.1298,3
73.3305,24
73.5312,5
73.7319,13
73.9326,5
74.1333,20
74.334,7
74.5347,1
74.7354,12
74.9361,7
75.1368,4
75.3375,25
75.5382,1
75.7389,21
75.9396,0
76.1403,8
76.341,6
76.5417,0
76.7424,24
76.9431,19
77.1438,8
77.3445,10
77.5451,4
77.7458,2
77.9465,0
78.1472,7
78.3479,1
78.5486,18
78.7493,12
78.95,0
79.1507,1
79.3513,8
79.552,4
79.7527,3
79.9534,7
80.1541,15
80.3548,11
80.5554,14
80.7561,1
80.9568,14
81.1575,7
81.3582,4
81.5588,4
81.7595,35
81.9602,0
82.1609,9
82.3615,7
82.5622,17
82.7629,10
82.9636,4
83.1642,0
83.3649,8
83.5656,9
83.7662,6
83.9669,11
84.1676,14
84.3682,2
84.5689,0
84.7696,17
84.9702,31
85.1709,7
85.3716,7
85.5722,0
85.7729,14
85.9736,0
86.1742,9
86.3749,0
86.5755,4
86.7762,0
86.9769,1
87.1775,0
87.3782,6
87.5788,17
87.7795,0
87.9801,1
88.1808,24
88.3814,0
88.5821,13
88.7827,4
88.9834,21
89.184,6
89.3847,21
89.5853,10
89.786,12
89.9866,5
90.1873,3
90.3879,3
90.5886,2
90.7892,0
90.9899,3
91.1905,11
91.3912,0
91.5918,23
91.7924,9
91.9931,10
92.1937,19
92.3944,15
92.595,4
92.7956,5
92.9963,18
93.1969,7
93.3975,16
93.5982,9
93.7988,9
93.9995,15
94.2001,5
94.4007,34
94.6014,3
94.802,16
95.0026,0
95.2032,0
95.4039,0
95.6045,0
95.8051,0
96.0058,6
96.2064,22
96.407,7
96.6076,7
96.8083,29
97.0089,0
97.2095,0
97.4101,18
97.6107,6
97.8114,20
98.012,13
98.2126,0
98.4132,15
98.6138,7
98.8145,13
99.0151,19
99.2157,7
99.4163,3
99.6169,0
99.8175,21
100.018,17
100.219,4
100.419,2
100.62,0
100.821,8
101.021,21
101.222,13
101.422,12
101.623,4
101.824,3
102.024,6
102.225,4
102.425,0
102.626,17
102.827,0
103.027,6
103.228,0
103.428,15
103.629,13
103.83,0
104.03,9
104.231,7
104.431,2
104.632,0
104.833,0
105.033,0
105.234,18
105.434,11
105.635,9
105.836,2
106.036,0
106.237,10
106.437,27
106.638,12
106.839,8
107.039,24
107.24,23
107.44,0
107.641,19
107.842,0
108.042,13
108.243,5
108.443,14
108.644,0
108.844,34
109.045,22
109.246,0
109.446,4
109.647,14
109.847,8
110.048,0
110.249,19
110.449,16
110.65,0
110.85,7
111.051,13
111.251,15
111.452,3
111.653,30
111.853,16
112.054,11
112.254,4
112.455,12
112.655,18
112.856,10
113.057,13
113.257,11
113.458,4
113.658,16
113.859,12
114.059,8
114.26,0
114.461,10
114.661,4
114.862,7
115.062,3
115.263,0
115.463,22
115.664,16
115.864,4
116.065,22
116.266,15
116.466,4
116.667,3
116.867,2
117.068,13
117.268,0
117.469,0
117.669,0
117.87,5
118.071,1
118.271,0
118.472,10
118.672,2
118.873,12
119.073,8
119.274,0
119.474,8
119.675,4
119.875,22
120.076,0
120.277,5
120.477,0
120.678,10
120.878,0
121.079,9
121.279,3
121.48,0
121.68,0
121.881,2
122.081,2
122.282,29
122.483,1
122.683,4
122.884,20
123.084,13
123.285,2
123.485,5
123.686,5
123.886,23
124.087,0
124.287,6
124.488,14
124.688,18
124.889,8
125.089,9
125.29,16
125.491,3
125.691,6
125.892,20
126.092,6
126.293,11
126.493,2
126.694,14
126.894,5
127.095,3
127.295,28
127.496,0
127.696,9
127.897,3
128.097,5
128.298,9
128.498,0
128.699,14
128.899,10
129.1,12
129.3,17
129.501,2
129.701,14
129.902,4
130.103,13
130.303,7
130.504,0
130.704,3
130.905,14
131.105,12
131.306,8
131.506,6
131.707,23
131.907,8
132.108,7
132.308,16
132.509,19
132.709,3
132.91,17
133.11,28
133.311,0
133.511,11
133.712,12
133.912,18
134.113,0
134.313,12
134.514,0
134.714,23
134.915,0
135.115,20
135.316,3
135.516,9
135.717,8
135.917,22
136.118,16
136.318,21
136.519,17
136.719,0
136.92,16
137.12,22
137.321,5
137.521,0
137.722,8
137.922,30
138.123,7
138.323,14
138.524,8
138.724,6
138.924,25
139.125,0
139.325,8
139.526,12
139.726,18
139.927,23
140.127,0
140.328,1
140.528,14
140.729,4
140.929,0
141.13,11
141.33,8
141.531,10
141.731,3
141.932,15
142.132,10
142.333,14
142.533,28
142.734,5
142.934,12
143.135,21
143.335,0
143.535,3
143.736,11
143.936,8
144.137,8
144.337,3
144.538,8
144.738,5
144.939,9
145.139,4
145.34,14
145.54,22
145.741,10
145.941,25
146.142,6
146.342,2
146.542,5
146.743,6
146.943,1
147.144,19
147.344,0
147.545,15
147.745,12
147.946,5
148.146,13
148.347,6
148.547,0
148.748,6
148.948,25
149.148,9
149.349,18
149.549,0
149.75,16
149.95,0
150.151,22
150.351,5
150.552,76
150.752,24
150.952,5
151.153,21
151.353,0
151.554,0
151.754,11
151.955,6
152.155,14
152.356,14
152.556,0
152.757,16
152.957,0
153.157,16
153.358,3
153.558,21
153.759,2
153.959,0
154.16,12
154.36,0
154.56,0
154.761,18
154.961,3
155.162,16
155.362,7
155.563,15
155.763,0
155.964,1
156.164,26
156.364,12
156.565,7
156.765,1
156.966,5
157.166,9
157.367,14
157.567,11
157.767,3
157.968,18
158.168,7
158.369,3
158.569,0
158.77,30
158.97,0
159.17,25
159.371,4
159.571,3
159.772,9
159.972,12
160.172,8
160.373,8
160.573,0
160.774,20
160.974,6
161.175,21
161.375,14
161.575,4
161.776,7
161.976,0
162.177,11
162.377,29
162.577,15
162.778,18
162.978,6
163.179,20
163.379,0
163.58,4
163.78,15
163.98,29
164.181,0
164.381,19
164.582,2
164.782,9
164.982,2
165.183,7
165.383,8
165.584,0
165.784,28
165.984,14
166.185,8
166.385,6
166.586,10
166.786,3
166.986,10
167.187,7
167.387,10
167.588,3
167.788,8
167.988,1
168.189,11
168.389,3
168.59,13
168.79,0
168.99,21
169.191,4
169.391,9
169.592,10
169.792,10
169.992,10
170.193,7
170.393,17
170.594,7
170.794,11
170.994,11
171.195,4
171.395,10
171.596,14
171.796,16
171.996,25
172.197,0
172.397,11
172.597,9
172.798,1
172.998,13
173.199,27
173.399,17
173.599,4
173.8,7
174,9
174.2,11
174.401,16
174.601,17
174.802,17
175.002,9
175.202,11
175.403,12
175.603,2
175.804,9
176.004,10
176.204,1
176.405,16
176.605,5
176.805,16
177.006,26
177.206,0
177.406,22
177.607,1
177.807,9
178.008,0
178.208,10
178.408,5
178.609,4
178.809,0
179.009,10
179.21,30
179.41,3
179.611,11
179.811,3
180.011,1
180.212,4
180.412,15
180.612,8
180.813,0
181.013,2
181.213,10
181.414,23
181.614,18
181.815,23
182.015,16
182.215,14
182.416,0
182.616,11
182.816,0
183.017,21
183.217,0
183.417,21
183.618,26
183.818,9
184.018,15
184.219,0
184.419,15
184.619,15
184.82,2
185.02,2
185.221,15
185.421,28
560.474,11
560.474,14
560.474,12
560.474,9
560.474,18
560.474,7
560.474,31
560.474,3
560.474,10
187.424,8
187.625,10
187.825,24
188.025,11
188.226,14
188.426,8
188.626,3
188.827,23
189.027,13
189.227,0
189.428,0
189.628,0
189.828,0
190.029,10
190.229,20
190.429,17
190.63,15
190.83,3
191.03,5
191.231,0
191.431,26
191.631,21
191.832,6
192.032,21
192.232,0
192.433,3
192.633,19
192.833,6
193.034,0
193.234,14
193.434,9
193.635,26
193.835,1
194.035,22
194.236,6
194.436,0
194.636,10
194.837,7
195.037,4
195.237,11
195.438,17
195.638,2
195.838,6
196.039,10
196.239,12
196.439,3
196.639,7
196.84,12
197.04,0
197.24,7
197.441,12
197.641,0
197.841,39
198.042,12
198.242,2
198.442,4
198.643,0
198.843,0
199.043,6
199.244,3
199.444,11
199.644,1
199.845,8
200.045,16
200.245,20
200.445,18
200.646,6
200.846,20
201.046,18
201.247,7
201.447,5
201.647,29
201.848,5
202.048,8
202.248,19
202.448,12
202.649,3
202.849,6
203.049,25
203.25,0
203.45,11
203.65,32
203.851,7
204.051,2
204.251,9
204.451,20
204.652,0
204.852,0
205.052,7
205.253,2
205.453,4
205.653,8
205.854,16
206.054,0
206.254,1
206.454,0
206.655,14
206.855,10
207.055,5
207.256,7
207.456,18
207.656,8
207.856,3
208.057,12
208.257,11
208.457,4
208.658,5
208.858,3
209.058,20
209.258,9
209.459,7
209.659,9
209.859,27
210.06,3
210.26,0
210.46,9
210.66,10
210.861,0
211.061,16
211.261,7
211.462,20
211.662,18
211.862,1
212.062,3
212.263,2
212.463,23
212.663,0
212.863,33
213.064,0
213.264,13
213.464,12
213.665,12
213.865,15
214.065,0
214.265,17
214.466,0
214.666,5
214.866,1
215.066,19
215.267,13
215.467,11
215.667,10
215.868,9
216.068,0
216.268,28
216.468,16
216.669,11
216.869,0
217.069,6
217.269,14
217.47,5
217.67,0
217.87,23
218.07,1
218.271,0
218.471,8
218.671,16
218.871,3
219.072,27
219.272,7
219.472,18
219.673,12
219.873,13
220.073,3
220.273,13
220.474,22
220.674,0
220.874,10
221.074,0
221.275,15
221.475,16
221.675,19
221.875,17
222.076,0
222.276,8
222.476,6
222.676,4
222.877,18
223.077,4
223.277,7
223.477,19
223.678,1
223.878,10
224.078,6
224.278,22
224.479,0
224.679,19
224.879,2
225.079,7
225.28,2
225.48,12
225.68,9
225.88,3
226.08,21
226.281,0
226.481,8
226.681,15
226.881,9
227.082,1
227.282,4
227.482,9
227.682,22
227.883,8
228.083,0
228.283,6
228.483,6
228.684,11
228.884,15
229.084,0
229.284,16
229.485,4
229.685,12
229.885,0
230.085,0
230.285,0
230.486,18
230.686,9
230.886,17
231.086,16
231.287,19
231.487,1
231.687,5
231.887,13
232.088,2
232.288,24
232.488,0
232.688,12
232.888,0
233.089,9
233.289,16
233.489,4
233.689,29
233.89,14
234.09,1
234.29,18
234.49,10
234.69,17
234.891,5
235.091,9
235.291,4
235.491,7
235.692,0
235.892,15
236.092,4
236.292,3
236.492,14
236.693,0
236.893,20
237.093,0
237.293,0
237.493,6
237.694,0
237.894,1
238.094,13
238.294,6
238.495,16
238.695,4
238.895,11
239.095,12
239.295,4
239.496,9
239.696,13
239.896,9
240.096,13
240.296,2
240.497,15
240.697,0
240.897,10
241.097,0
241.297,26
241.498,0
241.698,9
241.898,7
242.098,6
242.298,9
242.499,11
242.699,13
242.899,24
243.099,4
243.299,24
243.5,19
243.7,4
243.9,6
244.1,32
244.3,14
244.501,10
244.701,5
244.901,22
245.101,16
245.301,31
245.502,11
245.702,35
245.902,6
246.102,6
246.302,14
246.503,0
246.703,19
246.903,29
247.103,7
247.303,9
247.504,18
247.704,10
247.904,17
248.104,5
248.304,17
248.505,11
248.705,8
248.905,18
249.105,4
249.305,12
249.505,0
249.706,20
249.906,28
250.106,11
250.306,4
250.506,21
250.707,17
250.907,9
251.107,16
251.307,12
251.507,4
251.707,5
251.908,25
252.108,7
252.308,4
252.508,20
252.708,10
252.909,0
253.109,5
253.309,9
253.509,8
253.709,10
253.909,10
254.11,12
254.31,16
254.51,6
254.71,11
254.91,16
255.11,6
255.311,10
255.511,2
255.711,0
255.911,8
256.111,5
256.311,9
256.512,2
256.712,0
256.912,0
257.112,10
257.312,1
257.512,3
257.713,20
257.913,15
258.113,0
258.313,0
258.513,13
258.713,0
258.914,1
259.114,13
259.314,13
259.514,5
259.714,7
259.914,6
260.115,0
260.315,2
260.515,21
260.715,17
260.915,26
261.115,1
261.316,6
261.516,12
261.716,2
261.916,5
262.116,4
262.316,25
262.517,4
262.717,16
262.917,3
263.117,7
263.317,0
263.517,25
263.717,2
263.918,4
264.118,1
264.318,25
264.518,0
264.718,23
264.918,10
265.119,15
265.319,15
265.519,8
265.719,14
265.919,30
266.119,10
266.319,17
266.52,0
266.72,29
266.92,16
267.12,17
267.32,8
267.52,25
267.72,0
267.921,19
268.121,0
268.321,1
268.521,20
268.721,0
268.921,0
269.121,19
269.322,19
269.522,0
269.722,0
269.922,3
270.122,5
270.322,0
270.522,7
270.723,8
270.923,3
271.123,3
271.323,17
271.523,3
271.723,0
271.923,0
272.124,0
272.324,21
272.524,6
272.724,0
272.924,19
273.124,0
273.324,18
273.524,5
273.725,13
273.925,3
274.125,10
274.325,0
274.525,5
274.725,13
274.925,3
275.126,14
275.326,0
275.526,22
275.726,4
275.926,13
276.126,6
276.326,13
276.526,3
276.727,8
276.927,11
277.127,12
277.327,18
277.527,14
277.727,18
277.927,3
278.127,16
278.328,10
278.528,0
278.728,1
278.928,0
279.128,9
279.328,0
279.528,0
279.728,0
279.928,15
280.129,25
280.329,1
280.529,0
280.729,14
280.929,0
281.129,0
281.329,8
281.529,20
281.73,10
281.93,21
282.13,5
282.33,11
282.53,6
282.73,7
282.93,16
283.13,2
283.33,15
283.531,33
283.731,9
283.931,0
284.131,0
284.331,1
284.531,3
284.731,9
284.931,11
285.131,14
285.332,10
285.532,9
285.732,2
285.932,7
286.132,0
286.332,12
286.532,20
286.732,2
286.932,1
287.133,6
287.333,1
287.533,13
287.733,0
287.933,0
288.133,11
288.333,9
288.533,7
288.733,36
288.933,15
289.134,4
289.334,16
289.534,0
289.734,0
289.934,31
290.134,0
290.334,0
290.534,16
290.734,10
290.934,12
291.135,3
291.335,7
291.535,18
291.735,11
291.935,11
292.135,8
292.335,3
292.535,14
292.735,0
292.935,6
293.135,17
293.336,4
293.536,0
293.736,12
293.936,25
294.136,10
294.336,18
294.536,6
294.736,18
294.936,0
295.136,17
295.336,2
295.537,23
295.737,3
295.937,25
296.137,11
296.337,21
296.537,3
296.737,7
296.937,5
297.137,17
297.337,9
297.537,7
297.737,0
297.938,0
298.138,7
298.338,5
298.538,4
298.738,22
298.938,0
299.138,4
299.338,10
299.538,14
299.738,1
299.938,4
300.138,12
300.339,5
300.539,2
300.739,7
300.939,10
301.139,8
301.339,0
301.539,4
301.739,3
301.939,1
302.139,6
302.339,10
302.539,25
302.739,9
302.94,11
303.14,9
303.34,2
303.54,17
303.74,25
303.94,19
304.14,18
304.34,1
304.54,8
304.74,0
304.94,3
305.14,12
305.34,23
305.54,21
305.74,8
305.941,10
306.141,24
306.341,13
306.541,4
306.741,3
306.941,3
307.141,20
307.341,4
307.541,12
307.741,22
307.941,7
308.141,11
308.341,12
308.541,31
308.741,19
308.942,14
309.142,0
309.342,26
309.542,5
309.742,6
309.942,14
310.142,13
310.342,11
310.542,2
310.742,10
310.942,3
311.142,7
311.342,5
311.542,19
311.742,6
311.942,14
312.142,16
312.343,18
312.543,4
312.743,14
312.943,0
313.143,16
313.343,5
313.543,2
313.743,9
313.943,0
314.143,13
314.343,2
314.543,21
314.743,7
314.943,4
315.143,0
315.343,15
315.543,0
315.743,14
315.943,6
316.144,1
316.344,0
316.544,12
316.744,0
316.944,17
317.144,0
317.344,10
317.544,0
317.744,13
317.944,12
318.144,0
318.344,9
318.544,0
318.744,16
318.944,0
319.144,9
319.344,28
319.544,9
319.744,14
319.944,27
320.144,0
320.344,16
320.545,9
320.745,2
320.945,20
321.145,7
321.345,4
321.545,5
321.745,5
321.945,4
322.145,3
322.345,17
322.545,37
322.745,6
322.945,2
323.145,22
323.345,5
323.545,9
323.745,0
323.945,6
324.145,0
324.345,29
324.545,4
324.745,11
324.945,0
325.145,4
325.345,0
325.545,20
325.745,3
325.945,5
326.146,15
326.346,5
326.546,11
326.746,24
326.946,2
327.146,0
327.346,7
327.546,9
327.746,19
327.946,13
328.146,0
328.346,5
328.546,21
328.746,2
328.946,6
329.146,13
329.346,10
329.546,2
329.746,26
329.946,7
330.146,0
330.346,6
330.546,0
330.746,8
330.946,4
331.146,16
331.346,13
331.546,28
331.746,7
331.946,10
332.146,13
332.346,0
332.546,25
332.746,0
332.946,11
333.146,9
333.346,6
333.546,33
333.746,13
333.946,17
334.146,17
334.347,0
334.547,12
334.747,9
334.947,8
335.147,1
335.347,6
335.547,25
335.747,9
335.947,34
336.147,0
336.347,0
336.547,7
336.747,12
336.947,23
337.147,0
337.347,0
337.547,5
337.747,8
337.947,8
338.147,12
338.347,3
338.547,11
338.747,5
338.947,15
339.147,3
339.347,10
339.547,3
339.747,6
339.947,0
340.147,15
340.347,2
340.547,14
340.747,0
340.947,4
341.147,17
341.347,0
341.547,3
341.747,12
341.947,4
342.147,12
342.347,17
342.547,3
342.747,13
342.947,0
343.147,24
343.347,21
343.547,11
343.747,1
343.947,1
344.147,1
344.347,0
344.547,11
344.747,11
344.947,25
345.147,0
345.347,16
345.547,7
345.747,6
345.947,4
346.147,15
346.347,2
346.547,17
346.747,7
346.947,0
347.147,29
347.347,1
347.547,6
347.747,13
347.947,2
348.147,24
348.347,2
348.547,5
348.747,9
348.947,6
349.147,14
349.347,5
349.547,0
349.747,22
349.947,0
350.147,7
350.347,20
350.547,19
350.747,9
350.947,24
351.147,0
351.347,6
351.547,12
351.747,0
351.947,19
352.147,23
352.347,0
352.547,16
352.747,3
352.947,23
353.147,4
353.347,7
353.547,4
353.747,27
353.947,23
354.147,0
354.347,24
354.547,3
354.747,3
354.947,9
355.147,3
355.347,16
355.547,0
355.747,11
355.946,9
356.146,12
356.346,0
356.546,12
356.746,14
356.946,1
357.146,0
357.346,0
357.546,10
357.746,11
357.946,18
358.146,8
358.346,18
358.546,13
358.746,29
358.946,4
359.146,0
359.346,5
359.546,0
359.746,0
359.946,9
360.146,2
360.346,0
360.546,30
360.746,6
360.946,16
361.146,7
361.346,4
361.546,30
361.746,3
361.946,22
362.146,5
362.346,21
362.546,0
362.746,4
362.946,7
363.146,6
363.346,3
363.546,8
363.746,7
363.946,9
364.146,9
364.346,45
364.545,3
364.745,31
364.945,11
365.145,6
365.345,12
365.545,8
365.745,6
365.945,7
366.145,12
366.345,21
366.545,15
366.745,4
366.945,0
367.145,5
367.345,5
367.545,16
367.745,16
367.945,0
368.145,7
368.345,4
368.545,15
368.745,0
368.945,0
369.145,0
369.345,15
369.545,4
369.745,4
369.945,15
370.145,2
370.344,4
370.544,1
370.744,32
370.944,4
371.144,0
371.344,14
371.544,11
371.744,13
371.944,18
372.144,23
372.344,5
372.544,0
372.744,5
372.944,0
373.144,15
373.344,6
373.544,22
373.744,4
373.944,0
374.144,0
374.344,10
374.544,9
374.744,12
374.944,10
375.143,10
375.343,6
375.543,0
375.743,4
375.943,8
376.143,26
376.343,3
376.543,3
376.743,1
376.943,0
377.143,8
377.343,35
377.543,0
377.743,0
377.943,0
378.143,0
378.343,10
378.543,13
378.743,20
378.943,14
379.143,58
379.342,6
379.542,18
379.742,0
379.942,0
380.142,12
380.342,12
380.542,0
380.742,6
380.942,11
381.142,0
381.342,4
381.542,0
381.742,23
381.942,7
382.142,4
382.342,14
382.542,13
382.742,27
382.942,8
383.141,23
383.341,1
383.541,0
383.741,25
383.941,10
384.141,0
384.341,4
384.541,21
384.741,0
384.941,7
385.141,11
385.341,0
385.541,3
385.741,1
385.941,8
386.141,15
386.341,1
386.541,0
386.74,15
386.94,0
387.14,16
387.34,4
387.54,0
387.74,18
387.94,10
388.14,18
388.34,2
388.54,6
388.74,22
388.94,2
389.14,2
389.34,9
389.54,25
389.74,1
389.939,16
390.139,13
390.339,12
390.539,6
390.739,16
390.939,0
391.139,10
391.339,0
391.539,16
391.739,7
391.939,10
392.139,6
392.339,7
392.539,0
392.739,1
392.938,20
393.138,7
393.338,3
393.538,32
393.738,19
393.938,9
394.138,9
394.338,1
394.538,0
394.738,9
394.938,16
395.138,0
395.338,7
395.538,24
395.737,12
395.937,0
396.137,21
396.337,11
396.537,0
396.737,0
396.937,12
397.137,0
397.337,10
397.537,5
397.737,11
397.937,12
398.137,0
398.337,8
398.536,13
398.736,8
398.936,2
399.136,14
399.336,4
399.536,5
399.736,21
399.936,2
400.136,13
400.336,14
400.536,22
400.736,20
400.936,4
401.135,6
401.335,24
401.535,0
401.735,6
401.935,2
402.135,0
402.335,0
402.535,5
402.735,11
402.935,7
403.135,16
403.335,0
403.535,13
403.734,2
403.934,0
404.134,19
404.334,0
404.534,13
404.734,10
404.934,16
405.134,21
405.334,6
405.534,5
405.734,10
405.934,2
406.133,0
406.333,13
406.533,6
406.733,10
406.933,9
407.133,0
407.333,8
407.533,4
407.733,0
407.933,3
408.133,4
408.333,5
408.532,0
408.732,7
408.932,0
409.132,42
409.332,8
409.532,0
409.732,17
409.932,1
410.132,0
410.332,9
410.532,11
410.731,14
410.931,5
411.131,10
411.331,0
411.531,4
411.731,9
411.931,7
412.131,0
412.331,24
412.531,9
412.731,2
412.93,2
413.13,0
413.33,6
413.53,6
413.73,0
413.93,4
414.13,13
414.33,1
414.53,7
414.73,4
414.93,13
415.129,12
415.329,0
415.529,0
415.729,7
415.929,1
416.129,18
416.329,4
416.529,1
416.729,1
416.929,15
417.129,0
417.328,5
417.528,23
417.728,8
417.928,13
418.128,8
418.328,0
418.528,23
418.728,4
418.928,8
419.128,6
419.327,19
419.527,11
419.727,4
419.927,13
420.127,2
420.327,1
420.527,15
420.727,26
420.927,100
421.127,0
421.326,6
421.526,14
421.726,0
421.926,19
422.126,2
422.326,14
422.526,0
422.726,23
422.926,5
423.126,0
423.325,16
423.525,0
423.725,3
423.925,14
424.125,27
424.325,4
424.525,4
424.725,5
424.925,13
425.125,0
425.324,12
425.524,15
425.724,7
425.924,7
426.124,10
426.324,19
426.524,8
426.724,16
426.924,6
427.123,7
427.323,0
427.523,2
427.723,1
427.923,0
428.123,3
428.323,5
428.523,8
428.723,2
428.923,3
429.122,25
429.322,1
429.522,17
429.722,1
429.922,7
430.122,15
430.322,24
430.522,7
430.722,11
430.921,3
431.121,10
431.321,6
431.521,13
431.721,0
431.921,23
432.121,6
432.321,7
432.521,7
432.72,7
432.92,9
433.12,8
433.32,6
433.52,0
433.72,25
433.92,9
434.12,0
434.32,0
434.519,0
434.719,22
434.919,6
435.119,0
435.319,9
435.519,5
435.719,15
435.919,13
436.119,0
436.318,0
436.518,0
436.718,12
436.918,11
437.118,4
437.318,6
437.518,17
437.718,4
437.917,12
438.117,2
438.317,0
438.517,3
438.717,1
438.917,8
439.117,12
439.317,7
439.517,8
439.716,6
439.916,18
440.116,0
440.316,29
440.516,13
440.716,18
440.916,16
441.116,7
441.315,4
441.515,17
441.715,6
441.915,0
442.115,35
442.315,0
442.515,0
442.715,9
442.915,18
443.114,25
443.314,18
443.514,8
443.714,6
443.914,25
444.114,2
444.314,10
444.514,0
444.713,13
444.913,2
445.113,0
445.313,20
445.513,7
445.713,20
445.913,0
446.113,16
446.312,18
446.512,7
446.712,13
446.912,9
447.112,7
447.312,11
447.512,15
447.712,1
447.911,3
448.111,3
448.311,15
448.511,17
448.711,0
448.911,3
449.111,12
449.311,0
449.51,23
449.71,9
449.91,2
450.11,15
450.31,10
450.51,2
450.71,13
450.91,0
451.109,4
451.309,6
451.509,15
451.709,7
451.909,0
452.109,15
452.309,0
452.509,0
452.708,13
452.908,0
453.108,23
453.308,4
453.508,7
453.708,5
453.908,2
454.108,6
454.307,18
454.507,0
454.707,18
454.907,0
455.107,9
455.307,10
455.507,24
455.706,0
455.906,13
456.106,1
456.306,14
456.506,14
456.706,3
456.906,17
457.106,10
457.305,35
457.505,4
457.705,5
457.905,19
458.105,0
458.305,1
458.505,2
458.705,17
458.904,25
459.104,1
459.304,12
459.504,0
459.704,24
459.904,0
460.104,17
460.303,11
460.503,0
460.703,15
460.903,23
461.103,0
461.303,2
461.503,23
461.702,12
461.902,0
462.102,31
462.302,19
462.502,11
462.702,21
462.902,1
463.102,8
463.301,18
463.501,40
463.701,19
463.901,0
464.101,14
464.301,0
464.501,17
464.7,4
464.9,6
465.1,8
465.3,1
465.5,0
465.7,1
465.9,20
466.099,7
466.299,0
466.499,12
466.699,17
466.899,16
467.099,3
467.299,12
467.499,10
467.698,15
467.898,9
468.098,32
468.298,6
468.498,1
468.698,0
468.898,5
469.097,146
469.297,52
469.497,0
469.697,13
469.897,0
470.097,27
470.297,21
470.496,14
470.696,5
470.896,19
471.096,20
471.296,16
471.496,0
471.696,0
471.895,11
472.095,0
472.295,10
472.495,5
472.695,0
472.895,13
473.095,7
473.294,3
473.494,19
473.694,0
473.894,6
474.094,0
474.294,3
474.494,6
474.693,16
474.893,15
475.093,5
475.293,8
475.493,0
475.693,7
475.893,0
476.092,9
476.292,9
476.492,15
476.692,8
476.892,3
477.092,18
477.292,1
477.491,0
477.691,9
477.891,0
478.091,2
478.291,4
478.491,2
478.69,14
478.89,12
479.09,6
479.29,14
479.49,24
479.69,23
479.89,0
480.089,14
480.289,16
480.489,3
480.689,2
480.889,11
481.089,12
481.289,6
481.488,12
481.688,14
481.888,10
482.088,13
482.288,17
482.488,19
482.688,8
482.887,3
483.087,11
483.287,11
483.487,5
483.687,19
483.887,4
484.086,7
484.286,18
484.486,1
484.686,9
484.886,24
485.086,7
485.286,8
485.485,25
485.685,0
485.885,4
486.085,18
486.285,16
486.485,0
486.685,4
486.884,23
487.084,3
487.284,4
487.484,2
487.684,0
487.884,4
488.083,8
488.283,11
488.483,10
488.683,9
488.883,9
489.083,12
489.283,18
489.482,2
489.682,1
489.882,8
490.082,34
490.282,3
490.482,0
490.681,4
490.881,0
491.081,19
491.281,14
491.481,19
491.681,0
491.881,8
492.08,11
492.28,0
492.48,22
492.68,5
492.88,17
493.08,13
493.279,4
493.479,12
493.679,2
493.879,4
494.079,0
494.279,8
494.479,6
494.678,18
494.878,3
495.078,4
495.278,5
495.478,10
495.678,2
495.877,17
496.077,13
496.277,10
496.477,16
496.677,0
496.877,14
497.077,0
497.276,7
497.476,29
497.676,4
497.876,18
498.076,6
498.276,3
498.475,1
498.675,21
498.875,0
499.075,7
499.275,10
499.475,7
499.674,1
499.874,24
500.074,0
500.274,9
500.474,9
500.674,15
500.874,0
501.073,7
501.273,9
501.473,10
501.673,16
501.873,8
502.073,10
502.272,21
502.472,1
502.672,18
502.872,0
503.072,4
503.272,0
503.471,27
503.671,11
503.871,17
504.071,30
504.271,0
504.471,6
504.671,0
504.87,4
505.07,26
505.27,1
505.47,8
505.67,4
505.87,8
506.069,0
506.269,68
506.469,16
506.669,0
506.869,2
507.069,12
507.268,8
507.468,11
507.668,28
507.868,7
508.068,9
508.268,8
508.467,9
508.667,13
508.867,14
509.067,25
509.267,5
509.467,8
509.666,12
509.866,17
510.066,15
510.266,12
510.466,11
510.666,5
510.866,24
511.065,15
511.265,0
511.465,6
511.665,7
511.865,14
512.065,5
512.264,1
512.464,21
512.664,0
512.864,10
513.064,15
513.264,6
513.463,0
513.663,4
513.863,2
514.063,11
514.263,0
514.463,4
514.662,5
514.862,0
515.062,23
515.262,6
515.462,0
515.662,14
515.861,14
516.061,12
516.261,21
516.461,6
516.661,22
516.861,4
517.06,3
517.26,2
517.46,20
517.66,0
517.86,18
518.06,13
518.259,0
518.459,24
518.659,25
518.859,9
519.059,6
519.259,15
519.458,6
519.658,6
519.858,16
520.058,4
520.258,21
520.458,8
520.657,0
520.857,14
521.057,0
521.257,9
521.457,27
521.657,8
521.856,0
522.056,119
522.256,131
522.456,0
522.656,0
522.856,97
523.055,36
523.255,0
523.455,16
523.655,0
523.855,27
524.055,0
524.254,11
524.454,11
524.654,5
524.854,27
525.054,12
525.254,13
525.453,6
525.653,13
525.853,7
526.053,11
526.253,2
526.453,9
526.652,9
526.852,12
527.052,2
527.252,7
527.452,16
527.652,2
527.851,8
528.051,12
528.251,2
528.451,15
528.651,10
528.851,7
529.05,33
529.25,19
529.45,0
529.65,14
529.85,13
530.05,10
530.249,1
530.449,0
530.649,3
530.849,8
531.049,14
531.249,4
531.448,1
531.648,21
531.848,5
532.048,0
532.248,0
532.448,17
532.647,22
532.847,1
533.047,17
533.247,6
533.447,0
533.647,15
533.846,3
534.046,0
534.246,4
534.446,8
534.646,18
534.846,4
535.045,5
535.245,0
535.445,27
535.645,0
535.845,13
536.045,0
536.244,9
536.444,4
536.644,12
536.844,10
537.044,23
537.244,0
537.443,41
537.643,14
537.843,4
538.043,27
538.243,0
538.443,4
538.642,3
538.842,4
539.042,6
539.242,24
539.442,8
539.642,15
539.841,5
540.041,8
540.241,12
540.441,6
540.641,8
540.841,0
541.04,10
541.24,7
541.44,19
541.64,6
541.84,0
542.039,28
542.239,9
542.439,6
542.639,0
542.839,18
543.039,0
543.238,21
543.438,16
543.638,2
543.838,3
544.038,18
544.238,0
544.437,1
544.637,1
544.837,12
545.037,34
545.237,12
545.437,16
545.636,0
545.836,3
546.036,0
546.236,10
546.436,11
546.636,15
546.835,20
547.035,4
547.235,13
547.435,0
547.635,0
547.835,4
548.034,16
548.234,0
548.434,12
548.634,0
548.834,3
549.034,5
549.233,14
549.433,13
549.633,0
549.833,24
550.033,5
550.232,4
550.432,8
550.632,4
550.832,11
551.032,14
551.232,7
551.431,15
551.631,4
551.831,4
552.031,8
552.231,7
552.431,1
552.63,34
552.83,20
553.03,7
553.23,3
553.43,21
553.63,11
553.829,10
554.029,3
554.229,13
554.429,8
554.629,29
554.829,0
555.028,0
555.228,7
555.428,0
555.628,27
555.828,0
556.028,10
556.227,0
556.427,9
556.627,1
556.827,2
557.027,5
557.227,5
557.426,0
557.626,7
557.826,13
558.026,8
558.226,8
558.425,13
558.625,6
558.825,4
559.025,15
559.225,22
559.425,7
559.624,0
559.824,0
560.024,2
560.224,6
560.424,20
560.624,18
560.823,17
561.023,1
561.223,18
561.423,14
561.623,16
561.823,0
562.022,14
562.222,2
562.422,10
562.622,5
562.822,0
563.022,4
563.221,14
563.421,0
563.621,0
563.821,10
564.021,0
564.221,12
564.42,12
564.62,0
564.82,32
565.02,14
565.22,0
565.419,12
565.619,24
565.819,2
566.019,8
566.219,0
566.419,0
566.618,11
566.818,0
567.018,18
567.218,28
567.418,6
567.618,6
567.817,1
568.017,13
568.217,17
568.417,15
568.617,18
568.817,3
569.016,1
569.216,0
569.416,6
569.616,0
569.816,0
570.016,4
570.215,0
570.415,15
570.615,0
570.815,5
571.015,0
571.215,26
571.414,6
571.614,17
571.814,16
572.014,1
572.214,25
572.413,0
572.613,11
572.813,0
573.013,7
573.213,8
573.413,0
573.612,6
573.812,0
574.012,2
574.212,4
574.412,9
574.612,16
574.811,0
575.011,11
575.211,0
575.411,22
575.611,5
575.811,10
576.01,22
576.21,0
576.41,5
576.61,30
576.81,0
577.01,8
577.209,9
577.409,13
577.609,0
577.809,10
578.009,16
578.209,0
578.408,2
578.608,4
578.808,0
579.008,14
579.208,15
579.408,0
579.607,9
579.807,4
580.007,24
580.207,7
580.407,0
580.607,15
580.806,26
581.006,37
581.206,2
581.406,12
581.606,0
581.805,9
582.005,0
582.205,16
582.405,0
582.605,17
582.805,9
583.004,1
583.204,9
583.404,17
583.604,3
583.804,7
584.004,7
584.203,2
584.403,4
584.603,8
584.803,1
585.003,4
585.203,4
585.402,9
585.602,0
585.802,19
586.002,0
586.202,20
586.402,4
586.601,0
586.801,13
587.001,0
587.201,18
587.401,7
587.601,0
587.8,5
588,24
588.2,15
588.4,16
588.6,34
588.8,3
588.999,19
589.199,9
589.399,7
589.599,1
589.799,5
589.999,0
590.198,5
590.398,10
590.598,14
590.798,11
590.998,12
591.198,16
591.397,7
591.597,19
591.797,0
591.997,1
592.197,1
592.397,3
592.596,0
592.796,17
592.996,6
593.196,2
593.396,9
593.596,3
593.795,0
593.995,2
594.195,4
594.395,10
594.595,0
594.795,9
594.994,2
595.194,29
595.394,0
595.594,6
595.794,0
595.994,21
596.193,4
596.393,2
596.593,3
596.793,0
596.993,10
597.193,12
597.392,15
597.592,4
597.792,0
597.992,8
598.192,27
598.392,13
598.591,0
598.791,0
598.991,7
599.191,4
599.391,0
599.591,13
599.79,7
599.99,10
600.19,0
600.39,17
600.59,0
600.79,16
600.989,5
601.189,12
601.389,2
601.589,0
601.789,15
601.989,4
602.188,0
602.388,0
602.588,23
602.788,11
602.988,10
603.188,17
603.387,0
603.587,1
603.787,3
603.987,36
604.187,8
604.387,2
604.586,4
604.786,2
604.986,0
605.186,11
605.386,25
605.586,4
605.785,3
605.985,10
606.185,0
606.385,3
606.585,15
606.785,12
606.984,9
607.184,16
607.384,20
607.584,12
607.784,0
607.984,0
608.183,6
608.383,13
608.583,20
608.783,5
608.983,5
609.183,0
609.383,4
609.582,50
609.782,174
609.982,294
610.182,47
610.382,1
610.582,20
610.781,7
610.981,24
611.181,12
611.381,222
611.581,0
611.781,0
611.98,11
612.18,17
612.38,0
612.58,7
612.78,4
612.98,4
613.179,14
613.379,13
613.579,1
613.779,27
613.979,0
614.179,10
614.378,0
614.578,0
614.778,21
614.978,12
615.178,9
615.378,5
615.578,29
615.777,15
615.977,0
616.177,17
616.377,20
616.577,1
616.777,16
616.976,15
617.176,0
617.376,1
617.576,0
617.776,18
617.976,30
618.175,3
618.375,18
618.575,75
618.775,109
618.975,0
619.175,1
619.374,17
619.574,1
619.774,0
619.974,5
620.174,4
620.374,16
620.574,0
620.773,4
620.973,11
621.173,10
621.373,16
621.573,0
621.773,0
621.972,6
622.172,2
622.372,10
622.572,0
622.772,3
622.972,5
623.171,5
623.371,35
623.571,24
623.771,1
623.971,0
624.171,15
624.371,10
624.57,3
624.77,0
624.97,13
625.17,15
625.37,22
625.57,5
625.769,0
625.969,16
626.169,8
626.369,0
626.569,2
626.769,7
626.969,14
627.168,0
627.368,26
627.568,17
627.768,2
627.968,23
628.168,0
628.367,5
628.567,2
628.767,4
628.967,15
629.167,10
629.367,2
629.567,11
629.766,13
629.966,10
630.166,19
630.366,14
630.566,0
630.766,1
630.965,1
631.165,10
631.365,0
631.565,7
631.765,4
631.965,17
632.165,7
632.364,0
632.564,20
632.764,4
632.964,10
633.164,15
633.364,14
633.563,1
633.763,11
633.963,3
634.163,0
634.363,20
634.563,2
634.763,9
634.962,4
635.162,34
635.362,11
635.562,7
635.762,8
635.962,12
636.161,8
636.361,122
636.561,0
636.761,0
636.961,2
637.161,7
637.361,7
637.56,3
637.76,8
637.96,13
638.16,4
638.36,13
638.56,0
638.76,18
638.959,2
639.159,23
639.359,10
639.559,4
639.759,34
639.959,4
640.159,34
640.358,2
640.558,16
640.758,8
640.958,5
641.158,1
641.358,24
641.557,0
641.757,15
641.957,2
642.157,17
642.357,28
642.557,0
642.757,7
642.956,18
643.156,6
643.356,0
643.556,15
643.756,0
643.956,0
644.156,0
644.355,12
644.555,0
644.755,12
644.955,0
645.155,11
645.355,0
645.555,9
645.754,25
645.954,52
646.154,0
646.354,32
646.554,0
646.754,17
646.954,0
647.153,7
647.353,0
647.553,20
647.753,23
647.953,8
648.153,7
648.353,14
648.552,1
648.752,2
648.952,10
649.152,6
649.352,7
649.552,3
649.752,4
649.951,17
650.151,0
650.351,0
650.551,11
650.751,0
650.951,7
651.151,12
651.35,0
651.55,1
651.75,3
651.95,19
652.15,0
652.35,6
652.55,16
652.749,12
652.949,4
653.149,15
653.349,0
653.549,9
653.749,4
653.949,2
654.148,8
654.348,9
654.548,22
654.748,4
654.948,20
655.148,5
655.348,9
655.547,0
655.747,27
655.947,0
656.147,4
656.347,18
656.547,0
656.747,13
656.947,0
657.146,12
657.346,11
657.546,0
657.746,10
657.946,5
658.146,11
658.346,5
658.545,14
658.745,20
658.945,9
659.145,28
659.345,1
659.545,8
659.745,0
659.944,19
660.144,9
660.344,10
660.544,14
660.744,0
660.944,5
661.144,6
661.344,7
661.543,8
661.743,1
661.943,12
662.143,12
662.343,13
662.543,9
662.743,4
662.942,11
663.142,3
663.342,8
663.542,0
663.742,10
663.942,16
664.142,9
664.342,7
664.541,10
664.741,5
664.941,0
665.141,15
665.341,0
665.541,1
665.741,9
665.94,10
666.14,8
666.34,5
666.54,5
666.74,18
666.94,0
667.14,8
667.34,0
667.539,6
667.739,7
667.939,7
668.139,8
668.339,0
668.539,2
668.739,7
668.939,0
669.138,5
669.338,0
669.538,0
669.738,2
669.938,10
670.138,4
670.338,25
670.538,13
670.737,17
670.937,4
671.137,14
671.337,0
671.537,25
671.737,2
671.937,14
672.137,6
672.336,1
672.536,0
672.736,0
672.936,9
673.136,14
673.336,0
673.536,1
673.736,7
673.935,0
674.135,17
674.335,16
674.535,17
674.735,0
674.935,8
675.135,10
675.335,8
675.534,11
675.734,3
675.934,18
676.134,6
676.334,0
676.534,25
676.734,15
676.934,0
677.133,26
677.333,2
677.533,0
677.733,7
677.933,8
678.133,3
678.333,8
678.533,18
678.732,9
678.932,12
679.132,13
679.332,22
679.532,0
679.732,0
679.932,13
680.132,2
680.332,13
680.531,6
680.731,9
680.931,24
681.131,2
681.331,15
681.531,0
681.731,0
681.931,17
682.13,0
682.33,3
682.53,5
682.73,5
682.93,1
683.13,2
683.33,0
683.53,21
683.73,0
683.929,1
684.129,2
684.329,1
684.529,0
684.729,11
684.929,0
685.129,0
685.329,0
685.529,3
685.728,10
685.928,5
686.128,0
686.328,12
686.528,5
686.728,13
686.928,13
687.128,11
687.328,27
687.527,19
687.727,18
687.927,8
688.127,6
688.327,3
688.527,0
688.727,8
688.927,7
689.126,6
689.326,3
689.526,4
689.726,0
689.926,10
690.126,3
690.326,0
690.526,1
690.726,0
690.926,19
691.125,8
691.325,6
691.525,0
691.725,10
691.925,0
692.125,2
692.325,3
692.525,2
692.725,13
692.924,0
693.124,22
693.324,23
693.524,4
693.724,4
693.924,16
694.124,9
694.324,7
694.524,2
694.723,14
694.923,3
695.123,8
695.323,375
695.523,47
695.723,0
695.923,13
696.123,0
696.323,21
696.523,1
696.722,17
696.922,3
697.122,2
697.322,7
697.522,9
697.722,15
697.922,5
698.122,4
698.322,9
698.522,6
698.721,14
698.921,7
699.121,19
699.321,14
699.521,17
699.721,12
699.921,23
700.121,1
700.321,9
700.521,25
700.72,3
700.92,8
701.12,3
701.32,0
701.52,10
701.72,0
701.92,10
702.12,0
702.32,0
702.52,10
702.719,29
702.919,24
703.119,0
703.319,16
703.519,20
703.719,0
703.919,7
704.119,0
704.319,0
704.519,2
704.718,166
704.918,70
705.118,0
705.318,11
705.518,0
705.718,10
705.918,0
706.118,17
706.318,21
706.518,0
706.718,4
706.917,11
707.117,19
707.317,11
707.517,14
707.717,4
707.917,0
708.117,6
708.317,0
708.517,2
708.717,9
708.917,1
709.116,0
709.316,2
709.516,15
709.716,33
709.916,1
710.116,26
710.316,5
710.516,14
710.716,5
710.916,2
711.116,1
711.315,4
711.515,4
711.715,3
711.915,3
712.115,0
712.315,31
712.515,0
712.715,3
712.915,4
713.115,15
713.315,0
713.515,16
713.714,14
713.914,0
714.114,0
714.314,17
714.514,65
714.714,25
714.914,1
715.114,16
715.314,39
715.514,0
715.714,17
715.914,0
716.113,2
716.313,196
716.513,27
716.713,0
716.913,4
717.113,0
717.313,8
717.513,124
717.713,27
717.913,7
718.113,2
718.313,17
718.512,21
718.712,1
718.912,0
719.112,40
719.312,50
719.512,22
719.712,19
719.912,0
720.112,4
720.312,3
720.512,8
720.712,0
720.912,7
721.111,5
721.311,12
721.511,9
721.711,0
721.911,3
722.111,0
722.311,29
722.511,13
722.711,5
722.911,3
723.111,8
723.311,5
723.511,4
723.71,18
723.91,0
724.11,10
724.31,0
724.51,75
724.71,352
724.91,8
725.11,0
725.31,9
725.51,6
725.71,29
725.91,0
726.11,15
726.31,2
726.509,14
726.709,17
726.909,0
727.109,12
727.309,13
727.509,38
727.709,11
727.909,5
728.109,12
728.309,0
728.509,0
728.709,8
728.909,8
729.109,4
729.309,21
729.508,0
729.708,14
729.908,11
730.108,7
730.308,16
730.508,10
730.708,0
730.908,10
731.108,7
731.308,0
731.508,20
731.708,9
731.908,0
732.108,20
732.308,0
732.508,16
732.707,3
732.907,12
733.107,0
733.307,0
733.507,8
733.707,8
733.907,0
734.107,0
734.307,10
734.507,0
734.707,16
734.907,14
735.107,0
735.307,0
735.507,20
735.707,1
735.906,23
736.106,3
736.306,7
736.506,21
736.706,0
736.906,7
737.106,8
737.306,9
737.506,9
737.706,11
737.906,17
738.106,2
738.306,6
738.506,12
738.706,11
738.906,10
739.106,0
739.306,17
739.505,13
739.705,6
739.905,10
740.105,7
740.305,111
740.505,8
740.705,10
740.905,5
741.105,12
741.305,14
741.505,4
741.705,0
741.905,15
742.105,14
742.305,3
742.505,0
742.705,0
742.905,9
743.105,0
743.305,14
743.504,23
743.704,7
743.904,8
744.104,0
744.304,16
744.504,55
744.704,9
744.904,10
745.104,11
745.304,1
745.504,0
745.704,0
745.904,21
746.104,7
746.304,0
746.504,11
746.704,17
746.904,9
747.104,18
747.304,2
747.504,17
747.704,4
747.903,16
748.103,6
748.303,3
748.503,2
748.703,2
748.903,3
749.103,1
749.303,3
749.503,3
749.703,16
749.903,5
750.103,6
750.303,21
750.503,13
750.703,25
750.903,2
751.103,9
751.303,9
751.503,0
751.703,0
751.903,15
752.103,0
752.303,20
752.503,3
752.703,27
752.903,0
753.103,24
753.302,0
753.502,23
753.702,0
753.902,11
754.102,5
754.302,0
754.502,4
754.702,12
754.902,0
755.102,6
755.302,4
755.502,2
755.702,24
755.902,8
756.102,6
756.302,4
756.502,4
756.702,15
756.902,14
757.102,0
757.302,56
757.502,163
757.702,49
757.902,59
758.102,13
758.302,13
758.502,173
758.702,52
758.902,9
759.102,12
759.302,89
759.502,19
759.702,102
759.901,65
760.101,427
760.301,124
760.501,211
760.701,8
760.901,9
761.101,1
761.301,2
761.501,9
761.701,10
761.901,25
762.101,184
762.301,101
762.501,0
762.701,17
762.901,0
763.101,3
763.301,0
763.501,19
763.701,4
763.901,29
764.101,11
764.301,0
764.501,30
764.701,8
764.901,19
765.101,9
765.301,20
765.501,7
765.701,5
765.901,26
766.101,20
766.301,8
766.501,4
766.701,13
766.901,5
767.101,0
767.301,12
767.501,3
767.701,7
767.901,21
768.101,25
768.301,0
768.501,0
768.701,0
768.901,0
769.101,1
769.301,16
769.501,16
769.701,4
769.901,12
770.101,0
770.301,0
770.501,7
770.701,3
770.901,2
771.101,24
771.301,17
771.501,0
771.701,28
771.901,6
772.101,4
772.301,17
772.501,0
772.701,2
772.901,8
773.101,82
773.301,58
773.501,4
773.701,5
773.9,5
774.1,11
774.3,0
774.5,0
774.7,13
774.9,0
775.1,8
775.3,6
775.5,5
775.7,14
775.9,9
776.1,13
776.3,9
776.5,0
776.7,12
776.9,12
777.1,3
777.3,8
777.5,0
777.7,2
777.9,15
778.1,8
778.301,17
778.501,2
778.701,19
778.901,15
779.101,20
779.301,1
779.501,4
779.701,1
779.901,1
780.101,13
780.301,22
780.501,0
780.701,15
780.901,142
781.101,109
781.301,454
781.501,96
781.701,0
781.901,164
782.101,81
782.301,9
782.501,132
782.701,308
782.901,102
783.101,39
783.301,249
783.501,254
783.701,483
783.901,351
784.101,193
784.301,182
784.501,85
784.701,148
784.901,17
785.101,277
785.301,33
785.501,121
785.701,508
785.901,356
786.101,120
786.301,259
786.501,346
786.701,4
786.901,18
787.101,124
787.301,164
787.501,5
787.701,45
787.901,0
788.101,10
788.301,25
788.501,8
788.701,20
788.901,197
789.101,75
789.301,0
789.501,0
789.701,3
789.901,1
790.101,8
790.301,9
790.501,13
790.701,42
790.901,104
791.101,0
791.301,10
791.501,14
791.701,8
791.902,3
792.102,16
792.302,0
792.502,0
792.702,26
792.902,15
793.102,4
793.302,5
793.502,21
793.702,0
793.902,0
794.102,1
794.302,4
794.502,2
794.702,8
794.902,10
795.102,0
795.302,21
795.502,4
795.702,4
795.902,6
796.102,7
796.302,6
796.502,3
796.702,0
796.902,0
797.102,31
797.302,0
797.502,12
797.702,0
797.902,2
798.102,13
798.303,11
798.503,0
798.703,0
798.903,8
799.103,12
799.303,0
799.503,9
799.703,4
799.903,4
800.103,6
800.303,0
800.503,28
800.703,5
800.903,14
801.103,9
801.303,4
801.503,29
801.703,12
801.903,7
802.103,8
802.303,13
802.503,0
802.703,17
802.903,1
803.104,26
803.304,18
803.504,33
803.704,23
803.904,6
804.104,13
804.304,2
804.504,13
804.704,20
804.904,28
805.104,3
805.304,4
805.504,16
805.704,21
805.904,18
806.104,24
806.304,2
806.504,0
806.704,21
806.904,6
807.104,18
807.305,14
807.505,13
807.705,1
807.905,2
808.105,0
808.305,11
808.505,4
808.705,0
808.905,3
809.105,10
809.305,0
809.505,8
809.705,0
809.905,13
810.105,5
810.305,6
810.505,0
810.706,0
810.906,7
811.106,2
811.306,1
811.506,12
811.706,0
811.906,16
812.106,0
812.306,0
812.506,6
812.706,0
812.906,17
813.106,6
813.306,0
813.506,15
813.706,3
813.907,4
814.107,19
814.307,0
814.507,25
814.707,14
814.907,8
815.107,4
815.307,0
815.507,25
815.707,3
815.907,2
816.107,0
816.307,1
816.507,4
816.707,9
816.908,21
817.108,15
817.308,12
817.508,1
817.708,18
817.908,0
818.108,23
818.308,20
818.508,13
818.708,0
818.908,8
819.108,1
819.308,4
819.508,12
819.709,3
819.909,18
820.109,0
820.309,37
820.509,14
820.709,14
820.909,23
821.109,2
821.309,10
821.509,32
821.709,4
821.909,11
822.11,19
822.31,0
822.51,33
822.71,14
822.91,0
823.11,0
823.31,13
823.51,7
823.71,0
823.91,25
824.11,0
824.31,7
824.511,0
824.711,4
824.911,18
825.111,13
825.311,3
825.511,16
825.711,15
825.911,10
826.111,0
826.311,0
826.511,12
826.711,26
826.912,33
827.112,2
827.312,7
827.512,0
827.712,13
827.912,21
828.112,1
828.312,5
828.512,18
828.712,6
828.913,8
829.113,9
829.313,5
829.513,1
829.713,8
829.913,6
830.113,10
830.313,4
830.513,1
830.713,19
830.913,4
831.114,10
831.314,0
831.514,0
831.714,10
831.914,2
832.114,1
832.314,1
832.514,14
832.714,7
832.914,1
833.115,13
833.315,0
833.515,20
833.715,0
833.915,8
834.115,15
834.315,2
834.515,11
834.715,3
834.916,11
835.116,12
835.316,8
835.516,16
835.716,1
835.916,6
836.116,5
836.316,19
836.516,0
836.716,0
836.917,1
837.117,7
837.317,6
837.517,27
837.717,0
837.917,11
838.117,22
838.317,2
838.517,4
838.718,13
838.918,0
839.118,12
839.318,9
839.518,0
839.718,9
839.918,0
840.118,4
840.319,12
840.519,11
840.719,2
840.919,7
841.119,0
841.319,15
841.519,7
841.719,21
841.919,0
842.12,1
842.32,6
842.52,26
842.72,1
842.92,23
843.12,8
843.32,13
843.52,25
843.721,7
843.921,0
844.121,8
844.321,19
844.521,3
844.721,0
844.921,15
845.121,13
845.322,1
845.522,2
845.722,17
845.922,2
846.122,0
846.322,14
846.522,0
846.723,7
846.923,5
847.123,9
847.323,10
847.523,69
847.723,23
847.923,0
848.123,2
848.324,0
848.524,9
848.724,13
848.924,0
849.124,7
849.324,19
849.524,12
849.725,13
849.925,12
850.125,20
850.325,13
850.525,17
850.725,17
850.925,0
851.125,11
851.326,4
851.526,4
851.726,19
851.926,2
852.126,4
852.326,7
852.526,21
852.727,2
852.927,4
853.127,13
853.327,10
853.527,16
853.727,12
853.928,17
854.128,0
854.328,8
854.528,4
854.728,11
854.928,13
855.128,9
855.329,0
855.529,0
855.729,0
855.929,1
856.129,10
856.329,1
856.529,17
856.73,22
856.93,0
857.13,4
857.33,5
857.53,8
857.73,14
857.931,19
858.131,4
858.331,26
858.531,1
858.731,14
858.931,14
859.131,0
859.332,4
859.532,2
859.732,0
859.932,7
860.132,11
860.332,9
860.533,0
860.733,18
860.933,8
861.133,13
861.333,8
861.533,0
861.734,8
861.934,9
862.134,13
862.334,17
862.534,12
862.734,7
862.935,9
863.135,4
863.335,0
863.535,0
863.735,31
863.935,13
864.136,0
864.336,5
864.536,3
864.736,0
864.936,1
865.136,10
865.337,3
865.537,24
865.737,7
865.937,0
866.137,1
866.337,0
866.538,6
866.738,0
866.938,17
867.138,0
867.338,0
867.538,0
867.739,8
867.939,8
868.139,1
868.339,0
868.539,11
868.74,0
868.94,14
869.14,16
869.34,16
869.54,3
869.74,32
869.941,8
870.141,14
870.341,5
870.541,13
870.741,9
870.942,8
871.142,16
871.342,2
871.542,15
871.742,14
871.942,1
872.143,16
872.343,5
872.543,0
872.743,20
872.943,0
873.144,26
873.344,13
873.544,6
873.744,12
873.944,10
874.145,15
874.345,8
874.545,2
874.745,16
874.945,0
875.146,28
875.346,0
875.546,16
875.746,1
875.946,2
876.146,3
876.347,7
876.547,7
876.747,0
876.947,9
877.147,10
877.348,17
877.548,3
877.748,5
877.948,3
878.148,16
878.349,4
878.549,7
878.749,8
878.949,243
879.149,0
879.35,1
879.55,8
879.75,16
879.95,20
880.151,9
880.351,0
880.551,0
880.751,8
880.951,19
881.152,11
881.352,0
881.552,2
881.752,7
881.952,2
882.153,5
882.353,9
882.553,0
882.753,18
882.953,1
883.154,7
883.354,15
883.554,10
883.754,3
883.955,16
884.155,15
884.355,24
884.555,4
884.755,15
884.956,19
885.156,1
885.356,12
885.556,2
885.756,21
885.957,19
886.157,9
886.357,1
886.557,12
886.758,7
886.958,17
887.158,13
887.358,9
887.558,26
887.759,0
887.959,28
888.159,14
888.359,21
888.56,22
888.76,4
888.96,15
889.16,0
889.36,15
889.561,4
889.761,19
889.961,13
890.161,0
890.362,10
890.562,3
890.762,21
890.962,3
891.163,12
891.363,11
891.563,0
891.763,0
891.963,13
892.164,4
892.364,0
892.564,6
892.764,12
892.965,8
893.165,22
893.365,11
893.565,0
893.766,19
893.966,32
894.166,12
894.366,25
894.567,0
894.767,0
894.967,6
895.167,0
895.368,8
895.568,9
895.768,10
895.968,0
896.169,10
896.369,17
896.569,2
896.769,9
896.97,1
897.17,7
897.37,2
897.57,12
897.77,9
897.971,2
898.171,0
898.371,22
898.571,7
898.772,12
898.972,9
899.172,18
899.373,0
899.573,7
899.773,13
899.973,7
900.174,0
900.374,11
900.574,15
900.774,23
900.975,0
901.175,1
901.375,8
901.575,8
901.776,5
901.976,14
902.176,5
902.376,0
902.577,4
902.777,5
902.977,0
903.177,0
903.378,4
903.578,7
903.778,13
903.978,9
904.179,10
904.379,0
904.579,9
904.78,18
904.98,6
905.18,0
905.38,6
905.581,30
905.781,0
905.981,11
906.181,8
906.382,0
906.582,9
906.782,5
906.982,10
907.183,32
907.383,11
907.583,8
907.784,22
907.984,5
908.184,11
908.384,19
908.585,19
908.785,10
908.985,4
909.185,9
909.386,1
909.586,0
909.786,4
909.987,0
910.187,15
910.387,10
910.587,7
910.788,15
910.988,0
911.188,3
911.389,0
911.589,5
911.789,0
911.989,7
912.19,5
912.39,4
912.59,10
912.791,5
912.991,8
913.191,0
913.391,11
913.592,27
913.792,8
913.992,7
914.193,1
914.393,2
914.593,19
914.793,10
914.994,6
915.194,14
915.394,22
915.595,12
915.795,3
915.995,22
916.196,0
916.396,25
916.596,15
916.796,4
916.997,22
917.197,0
917.397,19
917.598,40
917.798,0
917.998,10
918.199,24
918.399,2
918.599,17
918.799,17
919,0
919.2,13
919.4,22
919.601,10
919.801,2
920.001,25
920.202,0
920.402,10
920.602,10
920.802,13
921.003,16
921.203,12
921.403,0
921.604,2
921.804,0
922.004,7
922.205,6
922.405,7
922.605,3
922.806,0
923.006,12
923.206,0
923.407,10
923.607,11
923.807,4
924.007,1
924.208,5
924.408,4
924.608,0
924.809,1
925.009,18
925.209,0
925.41,3
925.61,2
925.81,7
926.011,5
926.211,1
926.411,0
926.612,11
926.812,0
927.012,3
927.213,14
927.413,0
927.613,0
927.814,26
928.014,5
928.214,0
928.415,3
928.615,13
928.815,9
929.016,2
929.216,5
929.416,25
929.617,4
929.817,7
930.017,0
930.218,0
930.418,15
930.618,0
930.819,6
931.019,15
931.219,1
931.42,10
931.62,8
931.82,5
932.021,0
932.221,0
932.421,18
932.622,7
932.822,0
933.022,31
933.223,2
933.423,4
933.623,2
933.824,22
934.024,14
934.224,8
934.425,2
934.625,4
934.825,17
935.026,9
935.226,7
935.426,16
935.627,0
935.827,21
936.027,5
936.228,33
936.428,3
936.629,2
936.829,19
937.029,15
937.23,4
937.43,17
937.63,9
937.831,10
938.031,18
938.231,16
938.432,0
938.632,0
938.832,8
939.033,15
939.233,15
939.433,8
939.634,6
939.834,16
940.035,10
940.235,2
940.435,29
940.636,50
940.836,48
941.036,0
941.237,2
941.437,21
941.637,6
941.838,7
942.038,8
942.239,14
942.439,17
942.639,15
942.84,19
943.04,12
943.24,18
943.441,15
943.641,0
943.842,10
944.042,16
944.242,0
944.443,6
944.643,5
944.843,4
945.044,10
945.244,3
945.444,1
945.645,0
945.845,6
946.046,8
946.246,0
946.446,11
946.647,3
946.847,12
947.048,0
947.248,12
947.448,0
947.649,9
947.849,2
948.049,28
948.25,5
948.45,1
948.651,15
948.851,14
949.051,2
949.252,15
949.452,0
949.653,3
949.853,12
950.053,4
950.254,23
950.454,12
950.654,14
950.855,0
951.055,0
951.256,17
951.456,12
951.656,14
951.857,0
952.057,9
952.258,8
952.458,12
952.658,8
952.859,10
953.059,5
953.26,2
953.46,20
953.66,0
953.861,24
954.061,16
954.262,18
954.462,23
954.662,5
954.863,21
955.063,10
955.264,3
955.464,3
955.664,0
955.865,5
956.065,18
956.266,9
956.466,0
956.666,0
956.867,20
957.067,11
957.268,0
957.468,21
957.669,14
957.869,1
958.069,0
958.27,20
958.47,0
958.671,28
958.871,0
959.071,33
959.272,4
959.472,6
959.673,7
959.873,0
960.073,12
960.274,10
960.474,18
960.675,2
960.875,5
961.076,15
961.276,0
961.476,1
961.677,2
961.877,15
962.078,8
962.278,11
962.479,0
962.679,1
962.879,0
963.08,9
963.28,19
963.481,214
963.681,24
963.882,0
964.082,0
964.282,0
964.483,3
964.683,2
964.884,8
965.084,13
965.285,0
965.485,12
965.685,23
965.886,13
966.086,15
966.287,13
966.487,14
966.688,2
966.888,33
967.089,87
967.289,1
967.489,122
967.69,18
967.89,0
968.091,14
968.291,12
968.492,1
968.692,13
968.892,11
969.093,1
969.293,1
969.494,6
969.694,6
969.895,13
970.095,1
970.296,1
970.496,0
970.697,17
970.897,0
971.097,5
971.298,10
971.498,8
971.699,9
971.899,0
972.1,13
972.3,0
972.501,0
972.701,4
972.902,1
973.102,28
973.302,0
973.503,16
973.703,20
973.904,0
974.104,4
974.305,8
974.505,0
974.706,2
974.906,10
975.107,7
975.307,9
975.508,0
975.708,14
975.908,2
976.109,21
976.309,17
976.51,2
976.71,11
976.911,5
977.111,34
977.312,23
977.512,11
977.713,17
977.913,0
978.114,8
978.314,13
978.515,3
978.715,6
978.916,3
979.116,0
979.316,2
979.517,18
979.717,23
979.918,8
980.118,15
980.319,9
980.519,19
980.72,5
980.92,4
981.121,0
981.321,7
981.522,9
981.722,0
981.923,20
982.123,7
982.324,0
982.524,11
982.725,6
982.925,8
983.126,18
983.326,18
983.527,24
983.727,2
983.928,16
984.128,7
984.329,4
984.529,13
984.73,4
984.93,23
985.131,19
985.331,3
985.532,8
985.732,23
985.933,20
986.133,4
986.334,20
986.534,12
986.735,3
986.935,4
987.136,33
987.336,11
987.537,2
987.737,3
987.938,6
988.138,2
988.339,23
988.539,8
988.74,4
988.94,19
989.141,17
989.341,3
989.542,0
989.742,20
989.943,6
990.143,22
990.344,10
990.544,6
990.745,0
990.945,0
991.146,0
991.346,0
991.547,0
991.747,0
991.948,0
992.148,0
992.349,0
992.549,0
992.75,0
992.95,0
993.151,0
993.351,0
993.552,0
993.752,0
993.953,0
994.153,0
994.354,0
994.555,0
994.755,0
994.956,0
995.156,0
995.357,0
995.557,0
995.758,0
995.958,0
996.159,0
996.359,0
996.56,0
996.76,0
996.961,0
997.161,0
997.362,0
997.562,0
997.763,0
997.964,0
998.164,0
998.365,0
998.565,0
998.766,0
998.966,0
999.167,0
999.367,0
999.568,0
999.768,0
