39.5139,0
39.7161,0
39.918,37
40.1196,10
40.3209,0
40.5218,0
40.7224,0
40.9227,16
41.1227,29
41.3224,29
41.5217,18
41.7208,6
41.9195,11
42.1179,10
42.316,0
42.5138,13
42.7113,0
42.9084,11
43.1053,12
43.3019,0
43.4982,10
43.6941,12
43.8898,0
44.0852,0
44.2803,8
44.4751,16
44.6696,1
44.8638,8
45.0577,0
45.2514,11
45.4447,0
45.6378,23
45.8306,19
46.0231,6
46.2153,8
46.4072,0
46.5989,0
46.7903,8
46.9814,26
47.1722,0
47.3628,0
47.5531,11
47.7431,16
47.9329,0
48.1223,1
48.3116,6
48.5005,0
48.6892,7
48.8776,0
49.0658,8
49.2537,0
49.4414,10
49.6288,0
49.8159,35
50.0028,32
50.1894,7
50.3757,33
50.5619,9
50.7477,15
50.9333,4
51.1187,0
51.3038,0
51.4887,3
51.6733,0
51.8577,0
52.0418,0
52.2257,18
52.4094,0
52.5928,24
52.7759,20
52.9589,4
53.1416,0
53.324,7
53.5062,6
53.6882,17
53.87,19
54.0515,0
54.2328,0
54.4138,50
54.5947,4
54.7753,35
54.9556,0
55.1358,0
55.3157,13
55.4954,0
55.6748,17
55.8541,8
56.0331,30
56.2119,0
56.3905,4
56.5688,25
56.747,4
56.9249,0
57.1026,0
57.2801,2
57.4574,37
57.6344,0
57.8113,20
57.9879,10
58.1643,34
58.3406,0
58.5166,0
58.6923,25
58.8679,37
59.0433,0
59.2185,0
59.3934,0
59.5682,0
59.7427,0
59.9171,0
60.0912,0
60.2652,0
60.4389,3
60.6125,13
60.7858,0
60.9589,1
61.1319,6
61.3046,17
61.4772,0
61.6495,9
61.8217,3
61.9936,0
62.1654,0
62.337,0
62.5084,8
62.6795,0
62.8505,0
63.0213,13
63.192,14
63.3624,17
63.5326,23
63.7027,0
63.8725,29
64.0422,17
64.2117,14
64.381,0
64.5502,0
64.7191,0
64.8878,0
65.0564,0
65.2248,13
65.393,0
65.5611,4
65.7289,11
65.8966,17
66.0641,0
66.2314,13
66.3985,12
66.5655,20
66.7323,0
66.8989,20
67.0653,8
67.2316,14
67.3977,2
67.5636,14
67.7293,6
67.8949,3
68.0603,2
68.2255,9
68.3906,17
68.5554,15
68.7202,14
68.8847,14
69.0491,0
69.2133,8
69.3774,0
69.5412,5
69.705,1
69.8685,13
70.0319,0
70.1951,9
70.3582,29
70.5211,0
70.6838,0
70.8464,17
71.0088,12
71.171,0
71.3331,21
71.4951,30
71.6568,1
71.8185,10
71.9799,6
72.1412,0
72.3023,0
72.4633,7
72.6242,1
72.7848,10
72.9453,0
73.1057,15
73.2659,22
73.426,0
73.5859,0
73.7456,0
73.9052,34
74.0647,17
74.224,0
74.3831,12
74.5421,0
74.7009,0
74.8596,0
75.0182,0
75.1766,0
75.3348,14
75.4929,44
75.6509,28
75.8087,22
75.9664,0
76.1239,0
76.2813,0
76.4385,25
76.5956,15
76.7525,0
76.9093,13
77.066,12
77.2225,28
77.3788,28
77.5351,0
77.6911,0
77.8471,0
78.0029,0
78.1586,3
78.3141,0
78.4695,2
78.6247,26
78.7798,36
78.9348,0
79.0896,7
79.2443,0
79.3989,9
79.5533,13
79.7076,0
79.8618,2
80.0158,2
80.1697,0
80.3234,5
80.477,0
80.6305,23
80.7838,0
80.9371,17
81.0901,0
81.2431,0
81.3959,18
81.5486,7
81.7012,0
81.8536,39
82.0059,94
82.1581,53
82.3101,0
82.462,11
82.6138,35
82.7654,26
82.917,16
83.0684,0
83.2196,16
83.3708,0
83.5218,0
83.6727,6
83.8234,0
83.9741,21
84.1246,9
84.275,0
84.4253,0
84.5754,0
84.7254,0
84.8753,2
85.0251,5
85.1747,0
85.3243,9
85.4737,0
85.623,5
85.7721,5
85.9212,23
86.0701,0
86.2189,0
86.3676,14
86.5161,8
86.6646,0
86.8129,0
86.9611,27
87.1092,0
87.2572,1
87.405,18
87.5527,6
87.7004,27
87.8479,0
87.9952,22
88.1425,0
88.2897,0
88.4367,1
88.5836,24
88.7304,22
88.8771,0
89.0237,0
89.1701,7
89.3165,0
89.4627,0
89.6089,11
89.7549,13
89.9008,16
90.0465,74
90.1922,0
90.3378,0
90.4832,7
90.6286,20
90.7738,0
90.9189,0
91.0639,0
91.2088,0
91.3536,0
91.4983,12
91.6429,0
91.7873,7
91.9317,9
92.0759,0
92.2201,3
92.3641,12
92.508,0
92.6518,6
92.7955,0
92.9391,0
93.0826,0
93.226,8
93.3693,0
93.5125,0
93.6555,0
93.7985,7
93.9414,0
94.0841,0
94.2268,10
94.3693,2
94.5118,8
94.6541,20
94.7964,0
94.9385,0
95.0805,0
95.2225,15
95.3643,0
95.506,0
95.6476,17
95.7892,1
95.9306,0
96.0719,0
96.2131,10
96.3543,19
96.4953,19
96.6362,0
96.777,0
96.9177,6
97.0584,0
97.1989,3
97.3393,25
97.4796,14
97.6199,0
97.76,0
97.9,9
98.04,0
98.1798,16
98.3195,36
98.4592,0
98.5987,0
98.7382,0
98.8775,14
99.0168,3
99.1559,5
99.295,25
99.434,18
99.5729,4
99.7116,0
99.8503,4
99.9889,7
100.127,0
100.266,0
100.404,4
100.542,6
100.68,0
100.818,9
100.956,3
101.094,22
101.232,5
101.37,20
101.507,26
101.645,67
101.782,26
101.919,0
102.057,0
102.194,0
102.331,16
102.468,10
102.605,0
102.741,13
102.878,19
103.014,0
103.151,21
103.287,10
103.424,2
103.56,4
103.696,25
103.832,3
103.968,2
104.104,0
104.24,0
104.375,0
104.511,15
104.646,16
104.782,13
104.917,0
105.052,1
105.188,16
105.323,7
105.458,0
105.592,0
105.727,0
105.862,1
105.997,0
106.131,0
106.266,14
106.4,24
106.534,0
106.669,14
106.803,19
106.937,7
107.071,4
107.205,0
107.338,28
107.472,3
107.606,0
107.739,7
107.873,0
108.006,0
108.139,4
108.273,0
108.406,0
108.539,12
108.672,0
108.805,0
108.938,0
109.07,22
109.203,10
109.336,28
109.468,0
109.6,0
109.733,51
109.865,7
109.997,10
110.129,0
110.261,0
110.393,10
110.525,22
110.657,0
110.788,0
110.92,6
111.052,6
111.183,1
111.314,0
111.446,6
111.577,0
111.708,0
111.839,14
111.97,29
112.101,0
112.232,0
112.363,2
112.493,19
112.624,0
112.754,17
112.885,4
113.015,20
113.145,26
113.276,2
113.406,1
113.536,1
113.666,3
113.796,0
113.926,21
114.055,0
114.185,0
114.315,15
114.444,0
114.574,0
114.703,0
114.832,8
114.962,12
115.091,0
115.22,7
115.349,27
115.478,10
115.607,0
115.735,0
115.864,3
115.993,0
116.121,0
116.25,0
116.378,3
116.507,0
116.635,3
116.763,22
116.891,0
117.019,0
117.147,11
117.275,19
117.403,0
117.531,0
117.659,27
117.786,25
117.914,7
118.041,10
118.169,0
118.296,0
118.423,32
118.551,19
118.678,11
118.805,13
118.932,0
119.059,6
119.186,2
119.312,2
119.439,12
119.566,0
119.692,0
119.819,0
119.945,0
120.072,23
120.198,0
120.324,0
120.451,14
120.577,29
120.703,0
120.829,0
120.955,29
121.08,8
121.206,0
121.332,17
121.458,0
121.583,22
121.709,0
121.834,0
121.959,21
122.085,0
122.21,8
122.335,0
122.46,24
122.585,17
122.71,0
122.835,12
122.96,6
123.085,29
123.209,7
123.334,4
123.459,0
123.583,17
123.708,15
123.832,0
123.956,0
124.081,0
124.205,22
124.329,16
124.453,13
124.577,0
124.701,4
124.825,0
124.949,3
125.072,3
125.196,31
125.32,29
125.443,0
125.567,0
125.69,0
125.814,6
125.937,0
126.06,0
126.183,0
126.306,0
126.429,6
126.552,0
126.675,0
126.798,12
126.921,34
127.044,29
127.166,0
127.289,9
127.412,13
127.534,15
127.657,0
127.779,0
127.901,34
128.023,0
128.146,2
128.268,0
128.39,26
128.512,0
128.634,22
128.756,8
128.878,0
128.999,0
129.121,19
129.243,1
129.364,5
129.486,0
129.607,0
129.729,0
129.85,0
129.971,0
130.092,44
130.214,28
130.335,0
130.456,0
130.577,27
130.698,12
130.819,3
130.939,0
131.06,0
131.181,0
131.302,10
131.422,6
131.543,0
131.663,5
131.784,24
131.904,0
132.024,4
132.144,6
132.265,0
132.385,9
132.505,40
132.625,0
132.745,6
132.865,2
132.985,0
133.104,13
133.224,19
133.344,0
133.463,0
133.583,11
133.702,10
133.822,0
133.941,0
134.061,49
134.18,15
134.299,3
134.418,23
134.537,55
134.656,125
134.775,104
134.894,14
135.013,0
135.132,0
135.251,0
135.369,6
135.488,0
135.607,8
135.725,0
135.844,16
135.962,25
136.081,17
136.199,30
136.317,9
136.436,0
136.554,0
136.672,0
136.79,0
136.908,6
137.026,13
137.144,0
137.262,0
137.379,14
137.497,2
137.615,6
137.733,20
137.85,0
137.968,0
138.085,20
138.203,9
138.32,0
138.437,0
138.555,34
138.672,0
138.789,8
138.906,18
139.023,0
139.14,0
139.257,32
139.374,4
139.491,0
139.608,0
139.724,9
139.841,0
139.958,5
140.074,0
140.191,13
140.307,19
140.424,11
140.54,4
140.657,20
140.773,0
140.889,8
141.005,0
141.121,19
141.237,10
141.353,0
141.469,26
141.585,14
141.701,0
141.817,0
141.933,48
142.049,0
142.164,0
142.28,16
142.396,0
142.511,16
142.627,0
142.742,0
142.857,24
142.973,22
143.088,2
143.203,0
143.318,13
143.434,0
143.549,0
143.664,21
143.779,16
143.894,0
144.008,0
144.123,3
144.238,14
144.353,12
144.468,0
144.582,10
144.697,20
144.811,10
144.926,0
145.04,0
145.155,0
145.269,0
145.383,5
145.498,0
145.612,0
145.726,1
145.84,25
145.954,0
146.068,0
146.182,0
146.296,0
146.41,47
146.524,0
146.638,0
146.751,0
146.865,16
146.979,35
147.092,0
147.206,0
147.319,1
147.433,12
147.546,0
147.66,0
147.773,0
147.886,11
148,10
148.113,10
148.226,32
148.339,8
148.452,7
148.565,0
148.678,6
148.791,18
148.904,0
149.016,10
149.129,23
149.242,0
149.355,10
149.467,0
149.58,0
149.692,0
149.805,24
149.917,4
150.03,0
150.142,7
150.254,0
150.367,0
150.479,10
150.591,54
150.703,39
150.815,0
150.927,0
151.039,0
151.151,18
151.263,6
151.375,1
151.487,0
151.599,25
151.711,19
151.822,0
151.934,0
152.045,0
152.157,0
152.269,0
152.38,0
152.491,0
152.603,20
152.714,0
152.825,26
152.937,5
153.048,0
153.159,0
153.27,33
153.381,13
153.492,1
153.603,0
153.714,0
153.825,7
153.936,15
154.047,0
154.158,0
154.268,29
154.379,10
154.49,0
154.6,0
154.711,28
154.822,14
154.932,0
155.042,0
155.153,12
155.263,6
155.374,0
155.484,12
155.594,15
155.704,0
155.814,3
155.924,21
156.035,1
156.145,14
156.255,0
156.364,0
156.474,19
156.584,0
156.694,2
156.804,12
156.914,0
157.023,23
157.133,12
157.243,6
157.352,0
157.462,10
157.571,6
157.681,0
157.79,15
157.899,0
158.009,1
158.118,2
158.227,0
158.336,24
158.446,0
158.555,0
158.664,4
158.773,0
158.882,0
158.991,1
159.1,14
159.209,0
159.317,0
159.426,30
159.535,0
159.644,0
159.752,7
159.861,0
159.97,0
160.078,0
160.187,7
160.295,11
160.404,24
160.512,0
160.62,0
160.729,24
160.837,29
160.945,33
161.053,0
161.162,21
161.27,2
161.378,6
161.486,0
161.594,10
161.702,21
161.81,19
161.918,12
162.026,18
162.133,6
162.241,0
162.349,0
162.457,0
162.564,8
162.672,19
162.779,0
162.887,0
162.994,0
163.102,14
163.209,0
163.317,15
163.424,6
163.531,0
163.639,7
163.746,0
163.853,4
163.96,0
164.067,0
164.175,38
164.282,26
164.389,0
164.496,0
164.603,0
164.709,10
164.816,7
164.923,0
165.03,12
165.137,19
165.243,0
165.35,0
165.457,0
165.563,28
165.67,9
165.776,32
165.883,9
165.989,8
166.096,0
166.202,10
166.309,0
166.415,0
166.521,0
166.627,5
166.734,3
166.84,0
166.946,0
167.052,17
167.158,0
167.264,0
167.37,0
167.476,0
167.582,32
167.688,2
167.794,0
167.899,0
168.005,27
168.111,11
168.217,1
168.322,6
168.428,6
168.533,14
168.639,0
168.745,6
168.85,0
168.955,0
169.061,19
169.166,26
169.272,0
169.377,8
169.482,4
169.587,23
169.693,5
169.798,0
169.903,16
170.008,3
170.113,19
170.218,1
170.323,0
170.428,0
170.533,18
170.638,32
170.743,0
170.847,0
170.952,0
171.057,0
171.162,0
171.266,11
171.371,0
171.476,0
171.58,18
171.685,7
171.789,0
171.894,0
171.998,1
172.102,0
172.207,0
172.311,0
172.415,13
172.52,0
172.624,0
172.728,0
172.832,3
172.936,24
173.04,0
173.145,0
173.249,0
173.353,5
173.457,1
173.56,0
173.664,0
173.768,0
173.872,0
173.976,0
174.08,10
174.183,8
174.287,27
174.391,0
174.494,0
174.598,0
174.701,43
174.805,20
174.908,0
175.012,0
175.115,0
175.219,7
175.322,5
175.425,18
175.529,13
175.632,0
175.735,19
175.838,19
175.941,0
176.045,0
176.148,4
176.251,14
176.354,0
176.457,0
176.56,0
176.663,0
176.766,0
176.868,26
176.971,17
177.074,1
177.177,0
177.28,22
177.382,13
177.485,0
177.588,12
177.69,11
177.793,3
177.895,0
177.998,0
178.1,10
178.203,0
178.305,0
178.408,7
178.51,0
178.612,10
178.714,16
178.817,30
178.919,0
179.021,0
179.123,17
179.225,1
179.328,0
179.43,0
179.532,0
179.634,6
179.736,11
179.838,0
179.939,0
180.041,21
180.143,12
180.245,0
180.347,50
180.449,51
180.55,12
180.652,0
180.754,0
180.855,12
180.957,0
181.058,14
181.16,15
181.262,2
181.363,10
181.464,11
181.566,0
181.667,0
181.769,0
181.87,14
181.971,6
182.072,0
182.174,5
182.275,1
182.376,0
182.477,3
182.578,3
182.679,0
182.78,0
182.881,15
182.982,0
183.083,0
183.184,0
183.285,10
183.386,0
183.487,8
183.588,5
183.689,12
183.789,0
183.89,0
183.991,0
184.091,9
184.192,5
184.293,0
184.393,0
184.494,11
184.594,8
184.695,0
184.795,0
184.896,41
184.996,48
185.096,0
185.197,0
185.297,0
185.397,8
185.498,10
185.598,0
185.698,0
185.798,8
185.898,22
185.998,0
186.098,9
186.198,0
186.298,16
186.398,2
186.498,0
186.598,19
186.698,17
186.798,68
186.898,113
186.998,74
187.098,0
187.197,0
187.297,0
187.397,0
187.496,0
187.596,0
187.696,0
187.795,17
187.895,17
187.994,0
188.094,0
188.193,0
188.293,41
188.392,0
188.491,0
188.591,14
188.69,24
188.789,32
188.889,44
188.988,88
189.087,46
189.186,11
189.285,0
189.385,0
189.484,8
189.583,0
189.682,0
189.781,2
189.88,0
189.979,0
190.078,18
190.177,26
190.276,0
190.374,0
190.473,10
190.572,8
190.671,0
190.769,0
190.868,28
190.967,4
191.066,18
191.164,0
191.263,21
191.361,18
191.46,24
191.558,0
191.657,14
191.755,11
191.854,0
191.952,0
192.051,5
192.149,0
192.247,0
192.346,0
192.444,0
192.542,13
192.64,3
192.738,0
192.837,15
192.935,19
193.033,13
193.131,13
193.229,3
193.327,1
193.425,11
193.523,27
193.621,24
193.719,0
193.817,0
193.915,13
194.012,0
194.11,0
194.208,22
194.306,23
194.404,0
194.501,0
194.599,0
194.697,0
194.794,28
194.892,39
194.989,0
195.087,0
195.185,0
195.282,15
195.379,1
195.477,24
195.574,15
195.672,0
195.769,19
195.866,26
195.964,18
196.061,16
196.158,0
196.256,0
196.353,1
196.45,13
196.547,16
196.644,21
196.741,0
196.838,0
196.935,0
197.032,14
197.129,1
197.226,0
197.323,0
197.42,22
197.517,18
197.614,7
197.711,0
197.808,17
197.905,20
198.001,0
198.098,0
198.195,12
198.292,0
198.388,4
198.485,0
198.581,3
198.678,3
198.775,8
198.871,12
198.968,0
199.064,0
199.161,22
199.257,13
199.353,14
199.45,0
199.546,0
199.643,3
199.739,17
199.835,0
199.931,0
200.028,26
200.124,1
200.22,7
200.316,12
200.412,9
200.509,0
200.605,20
200.701,17
200.797,0
200.893,0
200.989,16
201.085,0
201.181,0
201.277,9
201.372,6
201.468,26
201.564,0
201.66,0
201.756,0
201.852,30
201.947,12
202.043,0
202.139,0
202.234,22
202.33,1
202.426,0
202.521,5
202.617,0
202.712,29
202.808,13
202.903,0
202.999,0
203.094,2
203.19,32
203.285,14
203.381,10
203.476,0
203.571,0
203.667,54
203.762,216
203.857,151
203.952,54
204.048,0
204.143,6
204.238,23
204.333,0
204.428,0
204.523,42
204.618,0
204.713,0
204.808,0
204.903,0
204.998,0
205.093,20
205.188,0
205.283,11
205.378,26
205.473,0
205.568,0
205.663,9
205.757,41
205.852,0
205.947,0
206.042,29
206.136,4
206.231,0
206.326,0
206.42,15
206.515,0
206.609,1
206.704,0
206.798,0
206.893,0
206.987,0
207.082,10
207.176,14
207.271,11
207.365,0
207.459,17
207.554,0
207.648,0
207.742,11
207.837,12
207.931,0
208.025,30
208.119,21
208.214,0
208.308,0
208.402,11
208.496,9
208.59,13
208.684,66
208.778,33
208.872,16
208.966,20
209.06,8
209.154,0
209.248,22
209.342,8
209.436,0
209.53,12
209.624,20
209.717,0
209.811,0
209.905,11
209.999,15
210.092,15
210.186,0
210.28,8
210.374,15
210.467,11
210.561,4
210.654,0
210.748,0
210.842,0
210.935,4
211.029,0
211.122,5
211.215,0
211.309,9
211.402,14
211.496,1
211.589,24
211.682,0
211.776,23
211.869,0
211.962,0
212.056,14
212.149,6
212.242,0
212.335,22
212.428,0
212.522,0
212.615,3
212.708,0
212.801,0
212.894,0
212.987,11
213.08,20
213.173,0
213.266,0
213.359,0
213.452,0
213.545,0
213.638,0
213.731,20
213.823,26
213.916,0
214.009,0
214.102,0
214.195,26
214.287,36
214.38,24
214.473,15
214.565,0
214.658,13
214.751,4
214.843,2
214.936,2
215.028,8
215.121,0
215.214,0
215.306,13
215.399,26
215.491,0
215.583,20
215.676,20
215.768,8
215.861,13
215.953,8
216.045,0
216.138,0
216.23,0
216.322,22
216.414,15
216.507,37
216.599,24
216.691,13
216.783,0
216.875,0
216.968,0
217.06,22
217.152,7
217.244,0
217.336,2
217.428,13
217.52,5
217.612,0
217.704,9
217.796,16
217.888,2
217.98,0
218.071,9
218.163,0
218.255,21
218.347,19
218.439,0
218.53,12
218.622,24
218.714,13
218.806,0
218.897,3
218.989,0
219.081,2
219.172,0
219.264,0
219.355,2
219.447,20
219.539,4
219.63,10
219.722,0
219.813,8
219.905,14
219.996,0
220.087,2
220.179,9
220.27,8
220.362,4
220.453,3
220.544,5
220.636,6
220.727,0
220.818,11
220.909,13
221.001,1
221.092,21
221.183,0
221.274,13
221.365,0
221.456,12
221.547,12
221.638,15
221.73,0
221.821,0
221.912,13
222.003,18
222.094,5
222.185,6
222.276,0
222.366,0
222.457,0
222.548,67
222.639,220
222.73,166
222.821,0
222.912,0
223.002,84
223.093,61
223.184,9
223.275,0
223.365,0
223.456,12
223.547,15
223.637,0
223.728,0
223.818,22
223.909,20
224,9
224.09,0
224.181,14
224.271,9
224.362,0
224.452,0
224.543,0
224.633,15
224.723,2
224.814,9
224.904,7
224.995,26
225.085,16
225.175,0
225.266,0
225.356,2
225.446,6
225.536,19
225.627,47
225.717,0
225.807,28
225.897,23
225.987,19
226.077,69
226.167,146
226.258,76
226.348,21
226.438,0
226.528,0
226.618,0
226.708,13
226.798,0
226.888,0
226.978,4
227.067,172
227.157,185
227.247,103
227.337,32
227.427,0
227.517,0
227.607,1
227.696,12
227.786,0
227.876,0
227.966,17
228.055,28
228.145,0
228.235,0
228.324,27
228.414,8
228.504,6
228.593,1
228.683,45
228.772,2
228.862,3
228.951,0
229.041,5
229.13,11
229.22,0
229.309,0
229.399,26
229.488,6
229.577,25
229.667,0
229.756,0
229.845,53
229.935,0
230.024,1
230.113,8
230.203,11
230.292,21
230.381,0
230.47,0
230.559,11
230.649,0
230.738,0
230.827,0
230.916,14
231.005,0
231.094,0
231.183,16
231.272,4
231.361,0
231.45,4
231.539,0
231.628,0
231.717,18
231.806,0
231.895,1
231.984,32
232.073,30
232.162,20
232.251,0
232.339,0
232.428,0
232.517,12
232.606,23
232.695,0
232.783,20
232.872,4
232.961,9
233.049,32
233.138,12
233.227,13
233.315,0
233.404,32
233.493,28
233.581,16
233.67,14
233.758,0
233.847,5
233.935,14
234.024,11
234.112,0
234.201,39
234.289,0
234.378,9
234.466,0
234.554,17
234.643,4
234.731,0
234.819,0
234.908,17
234.996,0
235.084,23
235.172,0
235.261,0
235.349,8
235.437,45
235.525,16
235.613,0
235.702,20
235.79,17
235.878,3
235.966,0
236.054,14
236.142,13
236.23,0
236.318,0
236.406,10
236.494,43
236.582,11
236.67,17
236.758,27
236.846,0
236.934,36
237.022,4
237.11,1
237.198,6
237.285,0
237.373,0
237.461,8
237.549,0
237.637,0
237.724,0
237.812,2
237.9,24
237.988,28
238.075,13
238.163,1
238.251,2
238.338,0
238.426,0
238.513,0
238.601,4
238.689,0
238.776,0
238.864,7
238.951,0
239.039,0
239.126,0
239.214,6
239.301,17
239.389,13
239.476,0
239.563,8
239.651,0
239.738,21
239.826,0
239.913,0
240,0
240.087,0
240.175,0
240.262,0
240.349,10
240.437,0
240.524,9
240.611,0
240.698,0
240.785,35
240.872,4
240.96,20
241.047,0
241.134,0
241.221,5
241.308,20
241.395,105
241.482,151
241.569,159
241.656,106
241.743,10
241.83,15
241.917,0
242.004,0
242.091,0
242.178,13
242.265,7
242.352,0
242.438,20
242.525,24
242.612,2
242.699,0
242.786,0
242.872,15
242.959,34
243.046,0
243.133,9
243.219,1
243.306,2
243.393,0
243.479,7
243.566,4
243.653,17
243.739,0
243.826,0
243.912,13
243.999,0
244.086,0
244.172,26
244.259,0
244.345,0
244.432,1
244.518,13
244.605,2
244.691,0
244.777,0
244.864,21
244.95,25
245.037,10
245.123,0
245.209,5
245.296,0
245.382,0
245.468,0
245.554,1
245.641,0
245.727,0
245.813,5
245.899,19
245.986,11
246.072,0
246.158,0
246.244,28
246.33,0
246.416,0
246.502,6
246.589,3
246.675,0
246.761,0
246.847,17
246.933,22
247.019,18
247.105,0
247.191,27
247.277,32
247.363,0
247.449,0
247.534,0
247.62,0
247.706,0
247.792,7
247.878,0
247.964,14
248.05,8
248.135,0
248.221,0
248.307,0
248.393,0
248.479,22
248.564,0
248.65,0
248.736,0
248.821,0
248.907,0
248.993,20
249.078,25
249.164,14
249.25,0
249.335,0
249.421,30
249.506,30
249.592,0
249.677,20
249.763,0
249.848,0
249.934,24
250.019,10
250.105,0
250.19,6
250.276,12
250.361,28
250.446,19
250.532,12
250.617,1
250.703,16
250.788,14
250.873,22
250.959,29
251.044,0
251.129,0
251.214,32
251.3,17
251.385,0
251.47,0
251.555,25
251.64,0
251.726,0
251.811,0
251.896,14
251.981,86
252.066,136
252.151,44
252.236,36
252.321,8
252.406,0
252.491,0
252.576,0
252.661,0
252.746,0
252.831,0
252.916,0
253.001,0
253.086,14
253.171,0
253.256,12
253.341,11
253.426,0
253.511,17
253.596,20
253.68,0
253.765,29
253.85,0
253.935,11
254.02,0
254.104,0
254.189,11
254.274,8
254.358,0
254.443,13
254.528,17
254.613,25
254.697,0
254.782,0
254.866,19
254.951,2
255.036,4
255.12,15
255.205,2
255.289,5
255.374,0
255.458,13
255.543,15
255.627,0
255.712,0
255.796,29
255.881,32
255.965,8
256.05,3
256.134,0
256.218,0
256.303,2
256.387,13
256.472,2
256.556,0
256.64,0
256.724,0
256.809,16
256.893,0
256.977,0
257.062,15
257.146,21
257.23,18
257.314,34
257.398,86
257.483,42
257.567,24
257.651,0
257.735,0
257.819,0
257.903,18
257.987,15
258.071,0
258.156,0
258.24,0
258.324,1
258.408,0
258.492,18
258.576,24
258.66,0
258.744,63
258.828,55
258.911,36
258.995,15
259.079,10
259.163,6
259.247,0
259.331,10
259.415,9
259.499,0
259.582,0
259.666,13
259.75,0
259.834,3
259.918,22
260.001,22
260.085,9
260.169,0
260.253,19
260.336,0
260.42,0
260.504,21
260.587,18
260.671,20
260.755,0
260.838,0
260.922,8
261.005,40
261.089,17
261.173,0
261.256,0
261.34,0
261.423,8
261.507,44
261.59,52
261.674,27
261.757,0
261.841,0
261.924,6
262.007,0
262.091,0
262.174,0
262.258,4
262.341,6
262.424,18
262.508,35
262.591,85
262.674,128
262.758,112
262.841,58
262.924,0
263.008,0
263.091,0
263.174,42
263.257,20
263.34,0
263.424,0
263.507,0
263.59,20
263.673,0
263.756,2
263.839,0
263.923,0
264.006,12
264.089,4
264.172,6
264.255,5
264.338,12
264.421,0
264.504,4
264.587,20
264.67,0
264.753,2
264.836,39
264.919,22
265.002,29
265.085,29
265.168,9
265.251,23
265.333,5
265.416,0
265.499,10
265.582,0
265.665,9
265.748,21
265.831,0
265.913,0
265.996,5
266.079,0
266.162,0
266.244,46
266.327,28
266.41,0
266.493,0
266.575,0
266.658,0
266.741,17
266.823,0
266.906,0
266.989,2
267.071,0
267.154,1
267.236,0
267.319,0
267.402,7
267.484,22
267.567,6
267.649,0
267.732,0
267.814,2
267.897,4
267.979,9
268.062,5
268.144,13
268.226,0
268.309,0
268.391,12
268.474,25
268.556,0
268.638,0
268.721,0
268.803,19
268.885,0
268.968,2
269.05,0
269.132,18
269.215,15
269.297,6
269.379,0
269.461,0
269.544,23
269.626,1
269.708,0
269.79,0
269.872,23
269.955,3
270.037,3
270.119,0
270.201,0
270.283,19
270.365,0
270.447,4
270.529,0
270.611,0
270.694,0
270.776,20
270.858,22
270.94,14
271.022,0
271.104,0
271.186,60
271.268,194
271.349,276
271.431,158
271.513,189
271.595,93
271.677,24
271.759,11
271.841,1
271.923,0
272.005,3
272.086,5
272.168,3
272.25,0
272.332,11
272.414,24
272.495,9
272.577,8
272.659,0
272.741,3
272.822,10
272.904,10
272.986,0
273.068,22
273.149,0
273.231,0
273.313,23
273.394,0
273.476,6
273.557,74
273.639,67
273.721,32
273.802,21
273.884,0
273.965,0
274.047,31
274.128,0
274.21,0
274.291,0
274.373,0
274.454,40
274.536,33
274.617,0
274.699,0
274.78,0
274.862,26
274.943,24
275.024,0
275.106,5
275.187,56
275.269,27
275.35,13
275.431,25
275.513,0
275.594,0
275.675,0
275.756,0
275.838,0
275.919,0
276,42
276.082,0
276.163,11
276.244,12
276.325,0
276.406,0
276.488,28
276.569,10
276.65,0
276.731,0
276.812,3
276.893,0
276.974,8
277.055,13
277.137,0
277.218,23
277.299,24
277.38,6
277.461,11
277.542,17
277.623,70
277.704,55
277.785,26
277.866,0
277.947,7
278.028,13
278.109,0
278.19,3
278.27,2
278.351,0
278.432,11
278.513,0
278.594,5
278.675,8
278.756,0
278.837,0
278.917,15
278.998,0
279.079,0
279.16,7
279.241,0
279.321,0
279.402,11
279.483,0
279.564,0
279.644,0
279.725,36
279.806,8
279.886,0
279.967,10
280.048,0
280.128,6
280.209,0
280.29,0
280.37,24
280.451,0
280.531,0
280.612,2
280.693,25
280.773,0
280.854,2
280.934,2
281.015,0
281.095,0
281.176,9
281.256,20
281.337,24
281.417,22
281.498,14
281.578,20
281.659,7
281.739,0
281.819,40
281.9,80
281.98,49
282.061,23
282.141,0
282.221,0
282.302,0
282.382,0
282.462,0
282.543,44
282.623,40
282.703,11
282.783,0
282.864,2
282.944,0
283.024,8
283.104,0
283.185,2
283.265,0
283.345,2
283.425,0
283.505,8
283.585,21
283.666,10
283.746,4
283.826,0
283.906,18
283.986,0
284.066,2
284.146,14
284.226,0
284.306,0
284.386,0
284.466,11
284.546,15
284.626,17
284.706,0
284.786,22
284.866,0
284.946,1
285.026,33
285.106,0
285.186,0
285.266,0
285.346,0
285.426,7
285.506,11
285.586,0
285.666,0
285.745,4
285.825,15
285.905,15
285.985,0
286.065,15
286.145,20
286.224,26
286.304,21
286.384,0
286.464,0
286.543,0
286.623,0
286.703,8
286.783,18
286.862,13
286.942,0
287.022,14
287.101,15
287.181,11
287.261,5
287.34,11
287.42,30
287.5,0
287.579,21
287.659,0
287.738,32
287.818,0
287.897,0
287.977,13
288.057,22
288.136,14
288.216,0
288.295,1
288.375,0
288.454,2
288.534,0
288.613,3
288.692,0
288.772,13
288.851,30
288.931,27
289.01,0
289.09,9
289.169,16
289.248,13
289.328,0
289.407,0
289.486,0
289.566,19
289.645,0
289.724,1
289.804,10
289.883,0
289.962,17
290.042,0
290.121,0
290.2,25
290.279,0
290.359,69
290.438,27
290.517,36
290.596,22
290.675,2
290.755,0
290.834,16
290.913,0
290.992,11
291.071,0
291.15,16
291.229,13
291.308,2
291.388,0
291.467,22
291.546,1
291.625,0
291.704,6
291.783,15
291.862,30
291.941,18
292.02,1
292.099,0
292.178,0
292.257,21
292.336,12
292.415,8
292.494,0
292.573,0
292.652,28
292.73,20
292.809,13
292.888,0
292.967,0
293.046,46
293.125,15
293.204,0
293.283,6
293.361,14
293.44,1
293.519,0
293.598,38
293.677,0
293.755,6
293.834,0
293.913,0
293.992,3
294.07,0
294.149,3
294.228,0
294.307,20
294.385,0
294.464,20
294.543,9
294.621,0
294.7,18
294.779,3
294.857,0
294.936,28
295.014,25
295.093,0
295.172,0
295.25,22
295.329,0
295.407,3
295.486,9
295.564,20
295.643,26
295.722,21
295.8,13
295.879,0
295.957,6
296.036,29
296.114,0
296.192,17
296.271,16
296.349,0
296.428,92
296.506,122
296.585,48
296.663,17
296.741,0
296.82,0
296.898,0
296.977,0
297.055,0
297.133,5
297.212,18
297.29,0
297.368,0
297.446,0
297.525,17
297.603,0
297.681,0
297.76,0
297.838,18
297.916,0
297.994,9
298.073,3
298.151,0
298.229,0
298.307,0
298.385,18
298.463,20
298.542,0
298.62,0
298.698,22
298.776,0
298.854,0
298.932,5
299.01,0
299.088,0
299.167,0
299.245,16
299.323,24
299.401,12
299.479,2
299.557,0
299.635,0
299.713,29
299.791,46
299.869,0
299.947,0
300.025,24
300.103,4
300.181,0
300.259,0
300.337,15
300.415,2
300.492,9
300.57,14
300.648,29
300.726,10
300.804,3
300.882,0
300.96,33
301.038,25
301.115,64
301.193,62
301.271,1
301.349,0
301.427,0
301.504,36
301.582,0
301.66,0
301.738,13
301.816,0
301.893,6
301.971,7
302.049,0
302.126,17
302.204,30
302.282,4
302.36,19
302.437,15
302.515,5
302.593,2
302.67,0
302.748,0
302.825,21
302.903,2
302.981,0
303.058,11
303.136,14
303.213,25
303.291,6
303.369,0
303.446,10
303.524,8
303.601,0
303.679,21
303.756,13
303.834,0
303.911,16
303.989,1
304.066,11
304.144,5
304.221,0
304.299,32
304.376,6
304.453,12
304.531,8
304.608,0
304.686,0
304.763,13
304.84,18
304.918,9
304.995,2
305.072,32
305.15,5
305.227,2
305.304,0
305.382,4
305.459,0
305.536,0
305.614,0
305.691,0
305.768,14
305.845,23
305.923,31
306,0
306.077,0
306.154,33
306.232,35
306.309,0
306.386,0
306.463,9
306.54,34
306.618,0
306.695,4
306.772,0
306.849,2
306.926,5
307.003,0
307.08,0
307.157,0
307.234,25
307.312,0
307.389,0
307.466,0
307.543,6
307.62,30
307.697,0
307.774,7
307.851,4
307.928,25
308.005,0
308.082,0
308.159,0
308.236,0
308.313,13
308.39,0
308.467,11
308.544,0
308.621,0
308.697,14
308.774,37
308.851,0
308.928,0
309.005,13
309.082,2
309.159,0
309.236,0
309.312,8
309.389,9
309.466,0
309.543,9
309.62,37
309.697,15
309.773,1
309.85,5
309.927,15
310.004,19
310.08,14
310.157,16
310.234,0
310.311,4
310.387,0
310.464,8
310.541,32
310.617,1
310.694,1
310.771,0
310.847,12
310.924,6
311.001,3
311.077,11
311.154,24
311.231,0
311.307,2
311.384,23
311.46,0
311.537,0
311.614,20
311.69,0
311.767,0
311.843,6
311.92,19
311.996,0
312.073,2
312.149,31
312.226,6
312.302,0
312.379,3
312.455,18
312.532,22
312.608,0
312.685,4
312.761,0
312.838,0
312.914,1
312.99,2
313.067,2
313.143,0
313.22,25
313.296,0
313.372,23
313.449,0
313.525,0
313.601,27
313.678,0
313.754,0
313.83,19
313.907,11
313.983,6
314.059,3
314.136,12
314.212,12
314.288,5
314.364,6
314.441,24
314.517,0
314.593,21
314.669,0
314.746,0
314.822,25
314.898,2
314.974,0
315.05,2
315.127,24
315.203,4
315.279,0
315.355,25
315.431,29
315.507,21
315.583,12
315.66,0
315.736,9
315.812,20
315.888,19
315.964,11
316.04,7
316.116,0
316.192,18
316.268,1
316.344,0
316.42,0
316.496,0
316.572,0
316.648,12
316.724,2
316.8,7
316.876,5
316.952,0
317.028,0
317.104,10
317.18,0
317.256,0
317.332,28
317.408,0
317.484,0
317.56,11
317.635,17
317.711,0
317.787,0
317.863,18
317.939,4
318.015,4
318.091,6
318.166,9
318.242,3
318.318,6
318.394,11
318.47,12
318.546,0
318.621,8
318.697,22
318.773,0
318.849,0
318.924,14
319,43
319.076,0
319.152,4
319.227,32
319.303,3
319.379,11
319.454,0
319.53,1
319.606,3
319.681,0
319.757,37
319.833,1
319.908,0
319.984,7
320.06,9
320.135,25
320.211,0
320.286,0
320.362,8
320.438,7
320.513,0
320.589,0
320.664,20
320.74,0
320.815,0
320.891,4
320.966,0
321.042,0
321.117,0
321.193,7
321.268,0
321.344,0
321.419,39
321.495,38
321.57,0
321.646,0
321.721,0
321.797,0
321.872,0
321.947,26
322.023,20
322.098,27
322.174,14
322.249,23
322.324,0
322.4,6
322.475,0
322.55,0
322.626,10
322.701,0
322.776,2
322.852,14
322.927,0
323.002,4
323.078,16
323.153,0
323.228,1
323.304,0
323.379,6
323.454,0
323.529,0
323.605,7
323.68,13
323.755,0
323.83,0
323.905,20
323.981,8
324.056,11
324.131,0
324.206,0
324.281,0
324.356,0
324.432,0
324.507,0
324.582,0
324.657,40
324.732,1
324.807,8
324.882,21
324.957,16
325.033,8
325.108,0
325.183,1
325.258,0
325.333,21
325.408,9
325.483,0
325.558,0
325.633,19
325.708,32
325.783,0
325.858,13
325.933,3
326.008,0
326.083,4
326.158,24
326.233,14
326.308,0
326.383,20
326.458,1
326.533,12
326.608,0
326.682,0
326.757,0
326.832,10
326.907,2
326.982,0
327.057,0
327.132,0
327.207,5
327.281,11
327.356,18
327.431,0
327.506,0
327.581,25
327.656,0
327.73,1
327.805,4
327.88,0
327.955,0
328.03,0
328.104,13
328.179,0
328.254,9
328.329,8
328.403,12
328.478,15
328.553,0
328.627,18
328.702,0
328.777,0
328.852,0
328.926,28
329.001,24
329.076,3
329.15,7
329.225,0
329.3,0
329.374,0
329.449,6
329.523,0
329.598,23
329.673,0
329.747,0
329.822,0
329.896,0
329.971,3
330.045,4
330.12,0
330.195,0
330.269,18
330.344,12
330.418,0
330.493,0
330.567,29
330.642,15
330.716,0
330.791,0
330.865,0
330.94,4
331.014,9
331.089,11
331.163,0
331.237,0
331.312,0
331.386,0
331.461,6
331.535,22
331.61,13
331.684,16
331.758,0
331.833,21
331.907,0
331.981,0
332.056,10
332.13,5
332.205,25
332.279,0
332.353,0
332.428,0
332.502,10
332.576,12
332.65,0
332.725,3
332.799,5
332.873,0
332.948,15
333.022,3
333.096,0
333.17,55
333.245,155
333.319,92
333.393,21
333.467,0
333.541,0
333.616,0
333.69,13
333.764,10
333.838,0
333.912,0
333.987,7
334.061,97
334.135,69
334.209,32
334.283,0
334.357,0
334.431,12
334.506,24
334.58,0
334.654,1
334.728,14
334.802,0
334.876,4
334.95,22
335.024,4
335.098,1
335.172,9
335.246,32
335.32,87
335.394,55
335.468,38
335.542,0
335.616,0
335.69,0
335.764,0
335.838,9
335.912,0
335.986,0
336.06,4
336.134,21
336.208,0
336.282,0
336.356,9
336.43,2
336.504,0
336.578,0
336.652,1
336.726,0
336.799,0
336.873,9
336.947,0
337.021,0
337.095,0
337.169,0
337.243,0
337.316,2
337.39,4
337.464,0
337.538,0
337.612,62
337.686,67
337.759,20
337.833,8
337.907,0
337.981,29
338.054,8
338.128,2
338.202,3
338.276,15
338.349,0
338.423,3
338.497,35
338.571,17
338.644,18
338.718,18
338.792,11
338.865,0
338.939,0
339.013,18
339.086,29
339.16,0
339.234,0
339.307,0
339.381,5
339.455,11
339.528,29
339.602,22
339.675,29
339.749,26
339.823,26
339.896,57
339.97,11
340.043,0
340.117,20
340.191,29
340.264,40
340.338,16
340.411,7
340.485,22
340.558,27
340.632,7
340.705,8
340.779,19
340.852,231
340.926,196
340.999,48
341.073,0
341.146,3
341.22,6
341.293,3
341.367,0
341.44,0
341.513,19
341.587,11
341.66,21
341.734,24
341.807,54
341.88,62
341.954,69
342.027,86
342.101,112
342.174,45
342.247,97
342.321,111
342.394,94
342.467,9
342.541,31
342.614,74
342.687,124
342.761,195
342.834,122
342.907,27
342.981,46
343.054,32
343.127,10
343.2,89
343.274,40
343.347,10
343.42,0
343.494,0
343.567,0
343.64,0
343.713,48
343.786,36
343.86,163
343.933,164
344.006,129
344.079,24
344.152,0
344.226,3
344.299,26
344.372,0
344.445,0
344.518,98
344.591,169
344.665,82
344.738,42
344.811,24
344.884,2
344.957,9
345.03,0
345.103,3
345.176,0
345.249,4
345.322,0
345.396,0
345.469,0
345.542,33
345.615,0
345.688,9
345.761,13
345.834,0
345.907,0
345.98,2
346.053,17
346.126,30
346.199,0
346.272,0
346.345,0
346.418,0
346.491,0
346.564,0
346.637,0
346.71,15
346.783,1
346.856,0
346.929,20
347.001,4
347.074,0
347.147,20
347.22,3
347.293,0
347.366,0
347.439,0
347.512,10
347.585,4
347.657,0
347.73,0
347.803,7
347.876,0
347.949,2
348.022,0
348.094,0
348.167,9
348.24,3
348.313,16
348.386,28
348.458,19
348.531,0
348.604,3
348.677,30
348.75,10
348.822,0
348.895,0
348.968,9
349.041,0
349.113,21
349.186,13
349.259,0
349.331,1
349.404,0
349.477,35
349.55,0
349.622,0
349.695,8
349.768,12
349.84,0
349.913,0
349.986,4
350.058,7
350.131,0
350.204,0
350.276,7
350.349,11
350.421,0
350.494,8
350.567,8
350.639,5
350.712,5
350.784,13
350.857,0
350.929,0
351.002,28
351.075,40
351.147,2
351.22,0
351.292,0
351.365,0
351.437,0
351.51,0
351.582,0
351.655,0
351.727,0
351.8,5
351.872,8
351.945,0
352.017,0
352.09,21
352.162,26
352.235,0
352.307,0
352.38,0
352.452,28
352.524,0
352.597,17
352.669,2
352.742,0
352.814,9
352.886,8
352.959,64
353.031,121
353.104,54
353.176,25
353.248,0
353.321,0
353.393,15
353.465,0
353.538,0
353.61,0
353.682,0
353.755,13
353.827,8
353.899,0
353.972,19
354.044,0
354.116,0
354.188,18
354.261,1
354.333,0
354.405,0
354.478,0
354.55,0
354.622,0
354.694,0
354.767,0
354.839,4
354.911,0
354.983,0
355.055,13
355.128,3
355.2,0
355.272,9
355.344,26
355.416,0
355.489,2
355.561,0
355.633,14
355.705,16
355.777,0
355.849,0
355.921,16
355.994,35
356.066,26
356.138,0
356.21,0
356.282,23
356.354,0
356.426,6
356.498,16
356.57,7
356.642,12
356.714,6
356.787,22
356.859,0
356.931,18
357.003,0
357.075,8
357.147,4
357.219,18
357.291,3
357.363,0
357.435,17
357.507,45
357.579,10
357.651,17
357.723,10
357.795,12
357.867,0
357.939,16
358.011,13
358.083,0
358.154,0
358.226,49
358.298,21
358.37,0
358.442,0
358.514,13
358.586,13
358.658,4
358.73,10
358.802,19
358.874,0
358.945,0
359.017,0
359.089,6
359.161,0
359.233,0
359.305,9
359.377,20
359.448,23
359.52,0
359.592,3
359.664,10
359.736,14
359.807,96
359.879,97
359.951,59
360.023,0
360.095,0
360.166,11
360.238,0
360.31,0
360.382,10
360.453,8
360.525,0
360.597,16
360.669,0
360.74,15
360.812,0
360.884,0
360.956,16
361.027,0
361.099,26
361.171,43
361.242,0
361.314,4
361.386,0
361.457,2
361.529,0
361.601,21
361.672,6
361.744,2
361.816,8
361.887,12
361.959,2
362.03,13
362.102,0
362.174,0
362.245,0
362.317,0
362.388,11
362.46,0
362.532,0
362.603,0
362.675,2
362.746,0
362.818,0
362.889,0
362.961,8
363.032,12
363.104,0
363.176,0
363.247,41
363.319,0
363.39,8
363.462,0
363.533,0
363.605,3
363.676,2
363.748,12
363.819,0
363.89,13
363.962,11
364.033,0
364.105,5
364.176,15
364.248,0
364.319,0
364.391,6
364.462,11
364.533,17
364.605,15
364.676,0
364.748,0
364.819,1
364.89,43
364.962,0
365.033,0
365.104,32
365.176,15
365.247,0
365.319,0
365.39,17
365.461,19
365.533,0
365.604,7
365.675,0
365.747,1
365.818,0
365.889,22
365.96,3
366.032,0
366.103,11
366.174,0
366.246,0
366.317,1
366.388,24
366.459,0
366.531,0
366.602,18
366.673,0
366.744,0
366.816,0
366.887,25
366.958,18
367.029,2
367.1,10
367.172,42
367.243,28
367.314,0
367.385,32
367.456,6
367.528,0
367.599,0
367.67,0
367.741,0
367.812,22
367.883,25
367.955,0
368.026,0
368.097,4
368.168,30
368.239,0
368.31,13
368.381,11
368.452,0
368.523,0
368.595,0
368.666,16
368.737,0
368.808,11
368.879,8
368.95,1
369.021,14
369.092,8
369.163,0
369.234,21
369.305,50
369.376,190
369.447,180
369.518,68
369.589,17
369.66,0
369.731,0
369.802,0
369.873,0
369.944,0
370.015,13
370.086,17
370.157,0
370.228,0
370.299,7
370.37,12
370.441,16
370.512,16
370.583,0
370.654,24
370.725,10
370.796,0
370.866,5
370.937,0
371.008,0
371.079,0
371.15,12
371.221,15
371.292,7
371.363,8
371.434,7
371.504,33
371.575,0
371.646,14
371.717,24
371.788,0
371.859,0
371.93,0
372,0
372.071,6
372.142,12
372.213,0
372.284,0
372.354,0
372.425,0
372.496,123
372.567,113
372.638,64
372.708,15
372.779,0
372.85,0
372.921,0
372.991,0
373.062,0
373.133,2
373.204,0
373.274,17
373.345,0
373.416,13
373.486,6
373.557,0
373.628,14
373.699,14
373.769,5
373.84,0
373.911,8
373.981,16
374.052,0
374.123,0
374.193,0
374.264,10
374.335,3
374.405,19
374.476,0
374.546,0
374.617,3
374.688,38
374.758,12
374.829,0
374.9,0
374.97,4
375.041,41
375.111,10
375.182,0
375.252,33
375.323,2
375.394,2
375.464,67
375.535,65
375.605,57
375.676,12
375.746,0
375.817,0
375.887,6
375.958,0
376.028,5
376.099,17
376.17,0
376.24,17
376.311,0
376.381,0
376.451,17
376.522,0
376.592,0
376.663,2
376.733,14
376.804,5
376.874,5
376.945,0
377.015,0
377.086,1
377.156,2
377.227,9
377.297,6
377.367,24
377.438,33
377.508,2
377.579,0
377.649,0
377.719,0
377.79,20
377.86,26
377.931,2
378.001,12
378.071,17
378.142,0
378.212,5
378.282,0
378.353,4
378.423,24
378.493,22
378.564,0
378.634,22
378.704,0
378.775,6
378.845,24
378.915,14
378.986,9
379.056,0
379.126,14
379.196,0
379.267,37
379.337,1
379.407,0
379.478,0
379.548,40
379.618,29
379.688,0
379.759,0
379.829,0
379.899,24
379.969,18
380.04,12
380.11,11
380.18,0
380.25,25
380.32,14
380.391,0
380.461,19
380.531,0
380.601,0
380.671,25
380.741,0
380.812,9
380.882,9
380.952,0
381.022,0
381.092,9
381.162,24
381.233,0
381.303,15
381.373,5
381.443,6
381.513,0
381.583,1
381.653,54
381.723,136
381.793,88
381.864,41
381.934,0
382.004,0
382.074,15
382.144,4
382.214,2
382.284,25
382.354,0
382.424,0
382.494,0
382.564,10
382.634,0
382.704,0
382.774,20
382.844,0
382.914,12
382.984,2
383.054,0
383.124,0
383.194,0
383.264,0
383.334,17
383.404,2
383.474,20
383.544,2
383.614,0
383.684,6
383.754,2
383.824,3
383.894,10
383.964,0
384.034,12
384.104,20
384.174,0
384.244,0
384.314,0
384.384,34
384.453,7
384.523,5
384.593,7
384.663,14
384.733,34
384.803,2
384.873,16
384.943,0
385.013,4
385.082,0
385.152,0
385.222,0
385.292,13
385.362,0
385.432,20
385.502,0
385.571,6
385.641,25
385.711,0
385.781,0
385.851,0
385.92,6
385.99,0
386.06,0
386.13,16
386.2,1
386.269,0
386.339,0
386.409,0
386.479,0
386.548,28
386.618,15
386.688,17
386.758,0
386.827,0
386.897,0
386.967,13
387.037,0
387.106,0
387.176,0
387.246,12
387.316,7
387.385,13
387.455,0
387.525,2
387.594,20
387.664,9
387.734,12
387.803,10
387.873,0
387.943,0
388.012,52
388.082,0
388.152,0
388.221,0
388.291,5
388.361,12
388.43,22
388.5,5
388.569,8
388.639,6
388.709,20
388.778,0
388.848,24
388.918,1
388.987,11
389.057,0
389.126,0
389.196,0
389.265,0
389.335,0
389.405,3
389.474,12
389.544,26
389.613,1
389.683,28
389.752,12
389.822,0
389.891,0
389.961,24
390.03,19
390.1,7
390.169,7
390.239,8
390.309,28
390.378,18
390.448,0
390.517,24
390.586,12
390.656,39
390.725,10
390.795,0
390.864,14
390.934,25
391.003,0
391.073,71
391.142,72
391.212,24
391.281,23
391.351,6
391.42,0
391.489,0
391.559,14
391.628,7
391.698,4
391.767,0
391.836,21
391.906,16
391.975,10
392.045,14
392.114,16
392.183,0
392.253,0
392.322,0
392.391,0
392.461,7
392.53,0
392.6,26
392.669,4
392.738,36
392.808,11
392.877,10
392.946,0
393.016,0
393.085,0
393.154,0
393.224,3
393.293,4
393.362,0
393.431,1
393.501,69
393.57,67
393.639,23
393.709,0
393.778,0
393.847,40
393.916,66
393.986,8
394.055,18
394.124,0
394.193,0
394.263,0
394.332,0
394.401,5
394.47,0
394.54,18
394.609,11
394.678,7
394.747,2
394.816,7
394.886,15
394.955,4
395.024,19
395.093,40
395.162,27
395.232,16
395.301,0
395.37,0
395.439,14
395.508,15
395.577,19
395.647,16
395.716,10
395.785,8
395.854,0
395.923,0
395.992,24
396.061,0
396.13,33
396.2,53
396.269,19
396.338,0
396.407,0
396.476,12
396.545,6
396.614,22
396.683,0
396.752,0
396.821,36
396.89,6
396.96,2
397.029,0
397.098,0
397.167,14
397.236,4
397.305,0
397.374,0
397.443,2
397.512,19
397.581,14
397.65,0
397.719,29
397.788,26
397.857,8
397.926,0
397.995,15
398.064,10
398.133,6
398.202,0
398.271,0
398.34,11
398.409,0
398.478,0
398.547,16
398.616,20
398.685,14
398.754,0
398.823,0
398.892,23
398.961,0
399.029,0
399.098,30
399.167,8
399.236,0
399.305,0
399.374,38
399.443,0
399.512,0
399.581,26
399.65,6
399.719,13
399.787,16
399.856,17
399.925,0
399.994,0
400.063,0
400.132,20
400.201,44
400.27,0
400.338,0
400.407,37
400.476,27
400.545,0
400.614,0
400.683,6
400.751,0
400.82,0
400.889,0
400.958,1
401.027,0
401.096,0
401.164,1
401.233,0
401.302,38
401.371,0
401.439,11
401.508,0
401.577,7
401.646,11
401.715,0
401.783,0
401.852,23
401.921,0
401.99,11
402.058,12
402.127,18
402.196,0
402.265,2
402.333,8
402.402,0
402.471,0
402.539,0
402.608,7
402.677,3
402.746,11
402.814,0
402.883,18
402.952,0
403.02,18
403.089,30
403.158,0
403.226,0
403.295,17
403.364,19
403.432,0
403.501,6
403.57,0
403.638,16
403.707,0
403.776,7
403.844,0
403.913,0
403.981,0
404.05,15
404.119,6
404.187,3
404.256,0
404.325,11
404.393,0
404.462,0
404.53,6
404.599,23
404.667,0
404.736,16
404.805,8
404.873,20
404.942,25
405.01,5
405.079,31
405.147,2
405.216,1
405.285,3
405.353,26
405.422,10
405.49,2
405.559,27
405.627,0
405.696,0
405.764,10
405.833,0
405.901,0
405.97,4
406.038,1
406.107,24
406.175,0
406.244,18
406.312,32
406.381,6
406.449,0
406.518,0
406.586,0
406.655,0
406.723,36
406.792,13
406.86,0
406.928,2
406.997,0
407.065,4
407.134,0
407.202,0
407.271,47
407.339,33
407.407,8
407.476,0
407.544,9
407.613,2
407.681,0
407.75,34
407.818,4
407.886,0
407.955,0
408.023,24
408.091,23
408.16,4
408.228,0
408.297,2
408.365,30
408.433,27
408.502,0
408.57,56
408.638,32
408.707,10
408.775,0
408.843,4
408.912,23
408.98,5
409.048,0
409.117,0
409.185,0
409.253,1
409.322,15
409.39,0
409.458,21
409.527,8
409.595,3
409.663,13
409.731,0
409.8,0
409.868,4
409.936,0
410.004,23
410.073,0
410.141,0
410.209,0
410.277,11
410.346,26
410.414,0
410.482,30
410.55,34
410.619,3
410.687,30
410.755,0
410.823,0
410.892,20
410.96,0
411.028,0
411.096,44
411.164,66
411.233,49
411.301,0
411.369,0
411.437,0
411.505,33
411.574,7
411.642,8
411.71,11
411.778,17
411.846,0
411.914,0
411.982,14
412.051,22
412.119,2
412.187,26
412.255,0
412.323,1
412.391,15
412.459,0
412.528,0
412.596,12
412.664,0
412.732,0
412.8,40
412.868,62
412.936,36
413.004,15
413.072,13
413.14,0
413.209,0
413.277,32
413.345,0
413.413,15
413.481,15
413.549,6
413.617,0
413.685,0
413.753,17
413.821,21
413.889,0
413.957,0
414.025,0
414.093,41
414.161,6
414.229,0
414.297,5
414.365,16
414.433,22
414.501,22
414.569,17
414.637,19
414.705,12
414.773,8
414.841,23
414.909,0
414.977,2
415.045,0
415.113,0
415.181,35
415.249,46
415.317,74
415.385,49
415.453,18
415.521,0
415.589,0
415.657,24
415.725,0
415.793,5
415.861,0
415.929,16
415.997,1
416.065,0
416.132,0
416.2,0
416.268,29
416.336,2
416.404,1
416.472,18
416.54,46
416.608,0
416.676,19
416.744,5
416.811,0
416.879,6
416.947,7
417.015,21
417.083,0
417.151,0
417.219,7
417.287,0
417.354,0
417.422,0
417.49,0
417.558,14
417.626,15
417.694,0
417.761,12
417.829,0
417.897,8
417.965,19
418.033,18
418.1,19
418.168,3
418.236,6
418.304,0
418.372,7
418.439,19
418.507,18
418.575,35
418.643,1
418.711,0
418.778,18
418.846,0
418.914,9
418.982,9
419.049,0
419.117,0
419.185,0
419.253,0
419.32,11
419.388,0
419.456,0
419.524,0
419.591,6
419.659,0
419.727,0
419.795,0
419.862,18
419.93,5
419.998,5
420.065,0
420.133,5
420.201,28
420.268,2
420.336,0
420.404,0
420.471,8
420.539,0
420.607,0
420.674,0
420.742,0
420.81,0
420.877,19
420.945,45
421.013,0
421.08,0
421.148,19
421.216,0
421.283,0
421.351,0
421.419,13
421.486,0
421.554,3
421.621,5
421.689,24
421.757,29
421.824,10
421.892,20
421.96,2
422.027,0
422.095,0
422.162,1
422.23,6
422.297,10
422.365,0
422.433,6
422.5,0
422.568,0
422.635,32
422.703,118
422.77,90
422.838,33
422.906,4
422.973,0
423.041,0
423.108,4
423.176,0
423.243,0
423.311,2
423.378,0
423.446,0
423.513,2
423.581,0
423.648,0
423.716,15
423.783,0
423.851,7
423.918,94
423.986,35
424.053,3
424.121,37
424.188,45
424.256,9
424.323,40
424.391,27
424.458,26
424.526,5
424.593,37
424.661,34
424.728,8
424.796,0
424.863,10
424.93,19
424.998,0
425.065,0
425.133,16
425.2,0
425.268,0
425.335,0
425.402,0
425.47,0
425.537,0
425.605,1
425.672,0
425.74,6
425.807,7
425.874,66
425.942,32
426.009,16
426.076,0
426.144,0
426.211,9
426.279,15
426.346,7
426.413,11
426.481,1
426.548,0
426.615,0
426.683,0
426.75,19
426.817,0
426.885,20
426.952,0
427.02,5
427.087,5
427.154,26
427.222,2
427.289,0
427.356,12
427.423,0
427.491,6
427.558,0
427.625,47
427.693,21
427.76,0
427.827,0
427.895,0
427.962,1
428.029,0
428.096,15
428.164,0
428.231,1
428.298,12
428.366,0
428.433,0
428.5,0
428.567,10
428.635,0
428.702,0
428.769,23
428.836,2
428.904,0
428.971,0
429.038,24
429.105,0
429.173,0
429.24,6
429.307,1
429.374,15
429.441,8
429.509,0
429.576,0
429.643,0
429.71,0
429.777,29
429.845,8
429.912,0
429.979,2
430.046,20
430.113,0
430.181,12
430.248,130
430.315,94
430.382,19
430.449,0
430.516,0
430.584,2
430.651,0
430.718,0
430.785,22
430.852,12
430.919,0
430.986,7
431.054,0
431.121,0
431.188,0
431.255,0
431.322,9
431.389,0
431.456,21
431.523,6
431.59,0
431.658,4
431.725,5
431.792,0
431.859,6
431.926,0
431.993,0
432.06,0
432.127,13
432.194,13
432.261,7
432.328,0
432.396,20
432.463,0
432.53,0
432.597,0
432.664,0
432.731,3
432.798,0
432.865,0
432.932,0
432.999,4
433.066,9
433.133,4
433.2,3
433.267,17
433.334,12
433.401,6
433.468,0
433.535,0
433.602,0
433.669,12
433.736,11
433.803,0
433.87,0
433.937,20
434.004,4
434.071,23
434.138,11
434.205,0
434.272,0
434.339,34
434.406,30
434.473,2
434.54,0
434.607,0
434.674,16
434.741,13
434.808,8
434.875,0
434.942,8
435.009,7
435.076,4
435.143,0
435.209,25
435.276,5
435.343,26
435.41,11
435.477,6
435.544,0
435.611,0
435.678,0
435.745,0
435.812,24
435.879,0
435.946,19
436.012,6
436.079,9
436.146,11
436.213,0
436.28,16
436.347,14
436.414,0
436.481,4
436.547,0
436.614,0
436.681,0
436.748,17
436.815,0
436.882,0
436.949,21
437.015,6
437.082,0
437.149,11
437.216,14
437.283,3
437.35,12
437.417,3
437.483,15
437.55,12
437.617,0
437.684,6
437.751,30
437.817,13
437.884,0
437.951,3
438.018,0
438.085,12
438.151,0
438.218,3
438.285,12
438.352,23
438.419,14
438.485,0
438.552,2
438.619,18
438.686,0
438.752,4
438.819,0
438.886,0
438.953,1
439.019,0
439.086,0
439.153,0
439.22,124
439.286,164
439.353,100
439.42,60
439.487,0
439.553,16
439.62,0
439.687,0
439.754,0
439.82,0
439.887,4
439.954,0
440.02,21
440.087,12
440.154,0
440.22,3
440.287,7
440.354,0
440.421,16
440.487,26
440.554,0
440.621,0
440.687,11
440.754,0
440.821,6
440.887,0
440.954,0
441.021,0
441.087,39
441.154,32
441.221,0
441.287,11
441.354,19
441.421,5
441.487,4
441.554,0
441.62,105
441.687,114
441.754,60
441.82,0
441.887,0
441.954,0
442.02,3
442.087,22
442.153,0
442.22,0
442.287,25
442.353,0
442.42,0
442.486,0
442.553,55
442.62,69
442.686,37
442.753,42
442.819,32
442.886,24
442.953,0
443.019,8
443.086,37
443.152,15
443.219,14
443.285,0
443.352,0
443.418,16
443.485,0
443.552,0
443.618,19
443.685,29
443.751,0
443.818,0
443.884,2
443.951,0
444.017,29
444.084,0
444.15,17
444.217,23
444.283,4
444.35,50
444.416,56
444.483,4
444.549,0
444.616,8
444.682,0
444.749,9
444.815,52
444.882,10
444.948,21
445.015,58
445.081,49
445.148,48
445.214,29
445.281,10
445.347,15
445.414,0
445.48,0
445.547,14
445.613,0
445.68,0
445.746,22
445.812,0
445.879,0
445.945,13
446.012,10
446.078,0
446.145,13
446.211,0
446.278,0
446.344,2
446.41,0
446.477,0
446.543,11
446.61,2
446.676,1
446.742,21
446.809,0
446.875,3
446.942,0
447.008,0
447.074,6
447.141,21
447.207,0
447.274,0
447.34,14
447.406,2
447.473,0
447.539,0
447.606,0
447.672,24
447.738,25
447.805,29
447.871,0
447.937,0
448.004,0
448.07,11
448.136,16
448.203,0
448.269,28
448.335,13
448.402,0
448.468,10
448.534,0
448.601,0
448.667,5
448.733,0
448.8,8
448.866,26
448.932,2
448.999,0
449.065,0
449.131,23
449.198,14
449.264,21
449.33,12
449.396,25
449.463,15
449.529,0
449.595,0
449.662,23
449.728,2
449.794,9
449.86,0
449.927,5
449.993,39
450.059,14
450.126,17
450.192,0
450.258,30
450.324,15
450.391,0
450.457,6
450.523,0
450.589,8
450.656,15
450.722,0
450.788,0
450.854,0
450.921,8
450.987,2
451.053,0
451.119,0
451.185,7
451.252,11
451.318,0
451.384,0
451.45,0
451.516,21
451.583,0
451.649,0
451.715,0
451.781,0
451.847,15
451.914,0
451.98,2
452.046,0
452.112,6
452.178,2
452.245,12
452.311,5
452.377,0
452.443,14
452.509,6
452.575,1
452.642,4
452.708,0
452.774,17
452.84,6
452.906,0
452.972,0
453.038,4
453.105,0
453.171,15
453.237,0
453.303,0
453.369,16
453.435,8
453.501,17
453.568,0
453.634,4
453.7,31
453.766,0
453.832,7
453.898,0
453.964,0
454.03,3
454.096,0
454.162,0
454.229,0
454.295,34
454.361,26
454.427,0
454.493,1
454.559,7
454.625,8
454.691,8
454.757,11
454.823,0
454.889,28
454.955,0
455.022,0
455.088,3
455.154,20
455.22,3
455.286,0
455.352,0
455.418,12
455.484,6
455.55,0
455.616,0
455.682,2
455.748,0
455.814,1
455.88,0
455.946,0
456.012,0
456.078,0
456.144,0
456.21,16
456.276,1
456.342,0
456.408,2
456.474,0
456.54,7
456.606,0
456.672,21
456.738,19
456.804,0
456.87,9
456.936,8
457.002,3
457.068,9
457.134,0
457.2,5
457.266,18
457.332,0
457.398,16
457.464,18
457.53,1
457.596,29
457.662,2
457.728,0
457.794,0
457.86,0
457.926,0
457.992,11
458.058,0
458.124,0
458.19,14
458.255,14
458.321,0
458.387,7
458.453,0
458.519,2
458.585,6
458.651,0
458.717,0
458.783,10
458.849,5
458.915,4
458.981,0
459.046,0
459.112,10
459.178,4
459.244,12
459.31,0
459.376,0
459.442,0
459.508,8
459.574,0
459.64,0
459.705,0
459.771,7
459.837,0
459.903,1
459.969,8
460.035,15
460.101,0
460.166,0
460.232,0
460.298,41
460.364,15
460.43,0
460.496,0
460.562,8
460.627,26
460.693,0
460.759,0
460.825,0
460.891,66
460.957,31
461.022,46
461.088,203
461.154,155
461.22,34
461.286,0
461.352,0
461.417,0
461.483,0
461.549,0
461.615,2
461.681,22
461.746,2
461.812,2
461.878,0
461.944,0
462.01,11
462.075,0
462.141,9
462.207,6
462.273,24
462.339,7
462.404,11
462.47,11
462.536,0
462.602,1
462.667,19
462.733,0
462.799,1
462.865,8
462.93,15
462.996,0
463.062,0
463.128,5
463.193,13
463.259,20
463.325,2
463.391,0
463.456,2
463.522,24
463.588,20
463.654,0
463.719,0
463.785,10
463.851,0
463.917,0
463.982,0
464.048,17
464.114,0
464.179,0
464.245,4
464.311,0
464.377,6
464.442,1
464.508,14
464.574,0
464.639,0
464.705,0
464.771,0
464.836,34
464.902,8
464.968,0
465.033,39
465.099,0
465.165,0
465.23,0
465.296,0
465.362,0
465.427,5
465.493,0
465.559,17
465.624,18
465.69,4
465.756,9
465.821,0
465.887,2
465.953,0
466.018,7
466.084,7
466.15,0
466.215,26
466.281,2
466.347,0
466.412,22
466.478,0
466.543,12
466.609,2
466.675,0
466.74,0
466.806,13
466.872,37
466.937,0
467.003,21
467.068,0
467.134,0
467.2,0
467.265,0
467.331,0
467.396,0
467.462,41
467.528,48
467.593,0
467.659,0
467.724,0
467.79,6
467.855,0
467.921,8
467.987,24
468.052,1
468.118,6
468.183,0
468.249,0
468.314,15
468.38,4
468.446,0
468.511,0
468.577,0
468.642,20
468.708,8
468.773,12
468.839,0
468.904,0
468.97,21
469.035,18
469.101,0
469.167,0
469.232,12
469.298,1
469.363,0
469.429,0
469.494,0
469.56,8
469.625,2
469.691,0
469.756,8
469.822,11
469.887,0
469.953,0
470.018,0
470.084,15
470.149,0
470.215,0
470.28,5
470.346,0
470.411,16
470.477,0
470.542,16
470.608,14
470.673,3
470.739,0
470.804,18
470.87,21
470.935,2
471.001,0
471.066,0
471.131,0
471.197,0
471.262,0
471.328,0
471.393,0
471.459,0
471.524,7
471.59,0
471.655,0
471.721,0
471.786,0
471.851,0
471.917,0
471.982,0
472.048,0
472.113,0
472.179,5
472.244,0
472.309,5
472.375,22
472.44,26
472.506,0
472.571,15
472.637,0
472.702,0
472.767,15
472.833,0
472.898,0
472.964,14
473.029,0
473.094,0
473.16,0
473.225,0
473.291,22
473.356,0
473.421,0
473.487,0
473.552,1
473.617,0
473.683,2
473.748,0
473.814,0
473.879,0
473.944,0
474.01,44
474.075,31
474.14,0
474.206,0
474.271,19
474.337,4
474.402,0
474.467,0
474.533,15
474.598,2
474.663,8
474.729,2
474.794,0
474.859,8
474.925,0
474.99,0
475.055,0
475.121,0
475.186,8
475.251,3
475.317,0
475.382,10
475.447,29
475.513,0
475.578,0
475.643,48
475.709,0
475.774,0
475.839,0
475.904,3
475.97,0
476.035,6
476.1,11
476.166,0
476.231,23
476.296,0
476.362,6
476.427,8
476.492,17
476.557,21
476.623,1
476.688,0
476.753,0
476.819,14
476.884,0
476.949,0
477.014,0
477.08,4
477.145,8
477.21,2
477.275,12
477.341,14
477.406,0
477.471,0
477.536,0
477.602,16
477.667,0
477.732,0
477.797,2
477.863,0
477.928,0
477.993,0
478.058,10
478.124,7
478.189,22
478.254,12
478.319,22
478.384,0
478.45,16
478.515,0
478.58,0
478.645,0
478.711,3
478.776,0
478.841,0
478.906,0
478.971,0
479.037,8
479.102,0
479.167,0
479.232,22
479.297,0
479.363,0
479.428,7
479.493,13
479.558,0
479.623,13
479.689,9
479.754,0
479.819,1
479.884,9
479.949,7
480.014,23
480.08,0
480.145,0
480.21,0
480.275,0
480.34,30
480.405,0
480.471,0
480.536,68
480.601,12
480.666,0
480.731,0
480.796,9
480.862,0
480.927,0
480.992,5
481.057,11
481.122,4
481.187,13
481.252,17
481.318,0
481.383,2
481.448,13
481.513,0
481.578,0
481.643,11
481.708,0
481.773,1
481.839,19
481.904,14
481.969,0
482.034,17
482.099,3
482.164,22
482.229,0
482.294,0
482.359,0
482.424,0
482.49,18
482.555,0
482.62,19
482.685,12
482.75,8
482.815,0
482.88,4
482.945,10
483.01,0
483.075,16
483.14,13
483.206,0
483.271,25
483.336,23
483.401,18
483.466,1
483.531,22
483.596,4
483.661,0
483.726,29
483.791,0
483.856,0
483.921,0
483.986,26
484.051,25
484.116,13
484.181,9
484.246,17
484.312,0
484.377,11
484.442,0
484.507,0
484.572,0
484.637,0
484.702,0
484.767,0
484.832,0
484.897,4
484.962,0
485.027,1
485.092,4
485.157,5
485.222,0
485.287,12
485.352,0
485.417,12
485.482,17
485.547,9
485.612,0
485.677,0
485.742,0
485.807,0
485.872,5
485.937,0
486.002,0
486.067,9
486.132,7
486.197,0
486.262,0
486.327,22
486.392,20
486.457,0
486.522,0
486.587,0
486.652,0
486.717,0
486.782,0
486.847,11
486.912,0
486.977,0
487.042,55
487.107,27
487.172,0
487.237,4
487.301,0
487.366,0
487.431,0
487.496,0
487.561,8
487.626,21
487.691,0
487.756,0
487.821,29
487.886,15
487.951,0
488.016,6
488.081,20
488.146,21
488.211,13
488.276,23
488.341,24
488.405,0
488.47,0
488.535,0
488.6,8
488.665,0
488.73,0
488.795,21
488.86,0
488.925,12
488.99,0
489.055,0
489.119,12
489.184,0
489.249,13
489.314,8
489.379,9
489.444,24
489.509,11
489.574,12
489.639,34
489.704,5
489.768,6
489.833,4
489.898,16
489.963,28
490.028,7
490.093,3
490.158,0
490.223,0
490.287,0
490.352,32
490.417,9
490.482,15
490.547,0
490.612,0
490.677,0
490.742,37
490.806,16
490.871,0
490.936,0
491.001,0
491.066,0
491.131,0
491.195,0
491.26,12
491.325,17
491.39,18
491.455,5
491.52,3
491.585,26
491.649,0
491.714,0
491.779,0
491.844,6
491.909,0
491.973,0
492.038,0
492.103,6
492.168,4
492.233,0
492.298,0
492.362,0
492.427,12
492.492,0
492.557,0
492.622,22
492.686,2
492.751,0
492.816,0
492.881,0
492.946,0
493.01,0
493.075,4
493.14,19
493.205,7
493.27,23
493.334,0
493.399,0
493.464,0
493.529,28
493.594,2
493.658,0
493.723,0
493.788,0
493.853,0
493.917,0
493.982,0
494.047,0
494.112,0
494.177,0
494.241,6
494.306,2
494.371,0
494.436,11
494.5,0
494.565,6
494.63,0
494.695,6
494.759,0
494.824,0
494.889,13
494.954,0
495.018,0
495.083,0
495.148,20
495.213,2
495.277,6
495.342,5
495.407,2
495.472,11
495.536,0
495.601,17
495.666,46
495.73,9
495.795,0
495.86,26
495.925,38
495.989,0
496.054,0
496.119,0
496.183,25
496.248,0
496.313,16
496.378,9
496.442,36
496.507,0
496.572,0
496.636,14
496.701,0
496.766,0
496.831,8
496.895,0
496.96,4
497.025,14
497.089,7
497.154,0
497.219,0
497.283,0
497.348,14
497.413,3
497.477,0
497.542,0
497.607,0
497.671,0
497.736,0
497.801,0
497.865,0
497.93,8
497.995,0
498.059,16
498.124,4
498.189,19
498.253,0
498.318,0
498.383,4
498.447,4
498.512,12
498.577,20
498.641,3
498.706,11
498.771,0
498.835,0
498.9,23
498.965,10
499.029,9
499.094,17
499.159,14
499.223,0
499.288,20
499.352,7
499.417,7
499.482,0
499.546,0
499.611,23
499.676,11
499.74,0
